(0, (0, 0, 0), (0, 0)): [15195, 2837, 1388, 649, 317, 99, 63, 23, 11, 7, 1]
(0, (0, 0, 0), (0, 1)): [890, 167, 72, 36, 20, 2, 2, 2]
(0, (0, 0, 0), (0, 2)): [294, 58, 21, 9, 6, 0, 1, 1]
(0, (0, 0, 0), (1, 0)): [823, 164, 111, 47, 28, 9, 5, 2, 0, 1]
(0, (0, 0, 0), (1, 1)): [773, 140, 85, 43, 21, 7, 4, 1]
(0, (0, 0, 0), (1, 2)): [428, 81, 44, 18, 9, 2, 3, 1]
(0, (0, 0, 0), (2, 0)): [276, 63, 41, 17, 11, 2, 1, 2]
(0, (0, 0, 0), (2, 1)): [437, 87, 52, 31, 14, 5, 2, 1]
(0, (0, 0, 0), (2, 2)): [354, 76, 40, 21, 15, 3, 1, 1]
(0, (0, 0, 0), (3, 0)): [100, 27, 14, 5, 5, 2]
(0, (0, 0, 0), (3, 1)): [179, 33, 27, 18, 5, 4]
(0, (0, 0, 0), (3, 2)): [241, 52, 31, 18, 8, 2]
(0, (0, 0, 1), (0, 0)): [61, 169, 54, 25, 19, 5, 4, 2]
(0, (0, 0, 1), (0, 1)): [3, 5, 5, 1, 2, 0, 1]
(0, (0, 0, 1), (0, 2)): [1, 2, 0, 0, 1]
(0, (0, 0, 1), (1, 0)): [3, 11, 1, 1, 1]
(0, (0, 0, 1), (1, 1)): [1, 5, 3, 1, 1, 0, 1]
(0, (0, 0, 1), (1, 2)): [1, 0, 1, 0, 1, 0, 1]
(0, (0, 0, 1), (2, 0)): [3, 5]
(0, (0, 0, 1), (2, 1)): [3, 4, 2, 1, 1]
(0, (0, 0, 1), (2, 2)): [3, 1, 1, 0, 1]
(0, (0, 0, 1), (3, 0)): [1, 3]
(0, (0, 0, 1), (3, 1)): [1, 1, 1, 0, 1]
(0, (0, 0, 1), (3, 2)): [1, 2, 0, 0, 1]
(0, (0, 1, 0), (0, 0)): [473, 444, 157, 96, 47, 18, 11, 3, 2, 2]
(0, (0, 1, 0), (0, 1)): [23, 12, 14, 3, 4, 1, 0, 1]
(0, (0, 1, 0), (0, 2)): [8, 2, 4, 0, 1, 1]
(0, (0, 1, 0), (1, 0)): [22, 30, 11, 5, 4, 1, 1]
(0, (0, 1, 0), (1, 1)): [19, 19, 9, 4, 4, 1, 0, 1]
(0, (0, 1, 0), (1, 2)): [14, 10, 4, 1, 3, 1]
(0, (0, 1, 0), (2, 0)): [7, 11, 8, 3, 2]
(0, (0, 1, 0), (2, 1)): [7, 7, 10, 2, 2, 1, 0, 1]
(0, (0, 1, 0), (2, 2)): [10, 5, 7, 3, 1, 1]
(0, (0, 1, 0), (3, 0)): [5, 6, 4, 2, 1]
(0, (0, 1, 0), (3, 1)): [6, 6, 4, 0, 2, 1, 0, 1]
(0, (0, 1, 0), (3, 2)): [7, 3, 4, 2, 3, 1]
(0, (0, 1, 1), (0, 0)): [41, 64, 89, 45, 17, 4, 5, 1, 1]
(0, (0, 1, 1), (0, 1)): [0, 1, 1, 2, 2]
(0, (0, 1, 1), (0, 2)): [0, 1, 0, 1, 2]
(0, (0, 1, 1), (1, 0)): [3, 4, 6, 11, 2]
(0, (0, 1, 1), (1, 1)): [0, 1, 1, 2]
(0, (0, 1, 1), (1, 2)): [0, 1, 1, 2, 2]
(0, (0, 1, 1), (2, 0)): [3, 2, 4, 8, 2]
(0, (0, 1, 1), (2, 1)): [0, 2, 2, 2]
(0, (0, 1, 1), (2, 2)): [0, 0, 2, 0, 1]
(0, (0, 1, 1), (3, 0)): [2, 0, 2, 7, 2]
(0, (0, 1, 1), (3, 1)): [1, 2, 0, 2, 1]
(0, (0, 1, 1), (3, 2)): [0, 1, 1]
(0, (1, 0, 0), (0, 0)): [3325, 994, 693, 337, 182, 65, 36, 13, 8, 2, 1]
(0, (1, 0, 0), (0, 1)): [188, 48, 46, 17, 12, 3, 2, 1]
(0, (1, 0, 0), (0, 2)): [74, 8, 16, 3, 3, 1]
(0, (1, 0, 0), (1, 0)): [174, 66, 32, 25, 13, 6, 5, 0, 0, 2]
(0, (1, 0, 0), (1, 1)): [140, 48, 35, 18, 9, 3, 3, 1, 0, 1]
(0, (1, 0, 0), (1, 2)): [84, 17, 29, 3, 3, 2, 1, 1]
(0, (1, 0, 0), (2, 0)): [49, 22, 9, 7, 7, 4, 1, 0, 0, 1]
(0, (1, 0, 0), (2, 1)): [65, 24, 12, 13, 7, 2, 1, 0, 0, 1]
(0, (1, 0, 0), (2, 2)): [60, 16, 14, 9, 4, 1, 1, 1]
(0, (1, 0, 0), (3, 0)): [17, 5, 2, 3, 3, 2, 0, 0, 0, 1]
(0, (1, 0, 0), (3, 1)): [25, 11, 4, 4, 6, 1, 1, 0, 0, 1]
(0, (1, 0, 0), (3, 2)): [34, 9, 7, 4, 4, 2, 1]
(0, (1, 0, 1), (0, 0)): [56, 232, 88, 62, 32, 8, 6, 1, 0, 1]
(0, (1, 0, 1), (0, 1)): [4, 10, 6, 1, 3]
(0, (1, 0, 1), (0, 2)): [1, 3, 1, 1, 1]
(0, (1, 0, 1), (1, 0)): [2, 18, 9, 2, 2, 1]
(0, (1, 0, 1), (1, 1)): [3, 11, 6, 1, 2, 1]
(0, (1, 0, 1), (1, 2)): [2, 4, 2, 1, 1]
(0, (1, 0, 1), (2, 0)): [1, 6, 4, 0, 2]
(0, (1, 0, 1), (2, 1)): [3, 9, 4, 0, 2, 1]
(0, (1, 0, 1), (2, 2)): [3, 2, 1, 0, 0, 1]
(0, (1, 0, 1), (3, 0)): [0, 3, 1]
(0, (1, 0, 1), (3, 1)): [0, 2, 3, 0, 2]
(0, (1, 0, 1), (3, 2)): [1, 0, 2]
(0, (1, 1, 0), (0, 0)): [470, 305, 210, 150, 95, 47, 14, 11, 7, 4, 1]
(0, (1, 1, 0), (0, 1)): [31, 20, 9, 9, 8, 2, 2, 1]
(0, (1, 1, 0), (0, 2)): [9, 6, 4, 2, 7, 1, 1, 1]
(0, (1, 1, 0), (1, 0)): [27, 19, 13, 12, 7, 2, 0, 0, 0, 1]
(0, (1, 1, 0), (1, 1)): [27, 9, 10, 10, 4, 1, 1, 0, 0, 1]
(0, (1, 1, 0), (1, 2)): [15, 4, 6, 3, 6, 0, 0, 1, 0, 1]
(0, (1, 1, 0), (2, 0)): [5, 9, 3, 3, 1, 1]
(0, (1, 1, 0), (2, 1)): [10, 8, 6, 4, 2, 1]
(0, (1, 1, 0), (2, 2)): [10, 7, 7, 3, 1, 1, 0, 0, 0, 1]
(0, (1, 1, 0), (3, 0)): [1, 5, 2, 1, 0, 1]
(0, (1, 1, 0), (3, 1)): [5, 6, 2, 2, 0, 1]
(0, (1, 1, 0), (3, 2)): [10, 4, 3, 4]
(0, (1, 1, 1), (0, 0)): [47, 102, 77, 70, 50, 15, 4, 6, 2, 1]
(0, (1, 1, 1), (0, 1)): [7, 5, 7, 5, 0, 1, 0, 0, 0, 1]
(0, (1, 1, 1), (0, 2)): [1, 2, 1, 1]
(0, (1, 1, 1), (1, 0)): [4, 8, 8, 10, 6, 2, 1, 1]
(0, (1, 1, 1), (1, 1)): [5, 5, 6, 6, 2]
(0, (1, 1, 1), (1, 2)): [2, 2, 2, 3, 1]
(0, (1, 1, 1), (2, 0)): [1, 2, 2, 7, 3, 1]
(0, (1, 1, 1), (2, 1)): [3, 2, 5, 2, 1]
(0, (1, 1, 1), (2, 2)): [2, 2, 2, 2]
(0, (1, 1, 1), (3, 0)): [0, 1, 0, 5, 2]
(0, (1, 1, 1), (3, 1)): [1, 0, 1, 6, 3]
(0, (1, 1, 1), (3, 2)): [1, 0, 2, 5, 3]
(1, (0, 0, 0), (0, 0)): [12211, 1270, 541, 229, 96, 21, 18, 5, 0, 1]
(1, (0, 0, 0), (0, 1)): [653, 53, 29, 7, 7, 1]
(1, (0, 0, 0), (0, 2)): [203, 13, 9, 4]
(1, (0, 0, 0), (1, 0)): [725, 102, 36, 12, 8, 4, 1]
(1, (0, 0, 0), (1, 1)): [607, 70, 21, 7, 6, 4, 1]
(1, (0, 0, 0), (1, 2)): [331, 24, 6, 4, 3, 1]
(1, (0, 0, 0), (2, 0)): [246, 41, 18, 5, 4, 1]
(1, (0, 0, 0), (2, 1)): [349, 48, 25, 5, 4, 1, 1]
(1, (0, 0, 0), (2, 2)): [273, 29, 9, 2, 2, 1, 1]
(1, (0, 0, 0), (3, 0)): [77, 16, 7, 4, 2]
(1, (0, 0, 0), (3, 1)): [155, 34, 11, 7, 3]
(1, (0, 0, 0), (3, 2)): [172, 30, 13, 6, 2, 1]
(1, (0, 0, 1), (0, 0)): [307, 387, 67, 43, 21, 3, 5, 0, 2]
(1, (0, 0, 1), (0, 1)): [12, 16, 3, 2]
(1, (0, 0, 1), (0, 2)): [3, 3, 2]
(1, (0, 0, 1), (1, 0)): [27, 29, 3, 2, 3, 0, 1, 0, 1]
(1, (0, 0, 1), (1, 1)): [18, 22, 1, 2, 1]
(1, (0, 0, 1), (1, 2)): [7, 7, 1]
(1, (0, 0, 1), (2, 0)): [10, 9, 2, 2, 2, 0, 1, 0, 1]
(1, (0, 0, 1), (2, 1)): [11, 11, 2, 3, 1]
(1, (0, 0, 1), (2, 2)): [9, 3, 1, 0, 1]
(1, (0, 0, 1), (3, 0)): [4, 3, 1, 1, 2, 0, 1, 0, 1]
(1, (0, 0, 1), (3, 1)): [7, 8, 1, 3]
(1, (0, 0, 1), (3, 2)): [7, 3, 1, 1, 1]
(1, (0, 1, 0), (0, 0)): [1554, 658, 247, 116, 50, 12, 11, 5, 1]
(1, (0, 1, 0), (0, 1)): [76, 43, 17, 8, 1, 2, 1]
(1, (0, 1, 0), (0, 2)): [22, 12, 3, 1, 0, 1]
(1, (0, 1, 0), (1, 0)): [91, 63, 12, 12, 9, 1, 1, 1]
(1, (0, 1, 0), (1, 1)): [69, 44, 11, 6, 3, 1, 2]
(1, (0, 1, 0), (1, 2)): [35, 24, 4, 3, 0, 1]
(1, (0, 1, 0), (2, 0)): [47, 25, 11, 10, 4, 1, 0, 1]
(1, (0, 1, 0), (2, 1)): [40, 25, 7, 3, 5, 0, 2]
(1, (0, 1, 0), (2, 2)): [27, 21, 3, 1, 2]
(1, (0, 1, 0), (3, 0)): [27, 14, 7, 8, 2, 0, 0, 1]
(1, (0, 1, 0), (3, 1)): [24, 10, 6, 6, 1, 0, 1]
(1, (0, 1, 0), (3, 2)): [15, 10, 2, 3, 3]
(1, (0, 1, 1), (0, 0)): [240, 188, 164, 68, 55, 22, 8, 1, 1]
(1, (0, 1, 1), (0, 1)): [16, 10, 11, 3, 4]
(1, (0, 1, 1), (0, 2)): [5, 0, 2, 2]
(1, (0, 1, 1), (1, 0)): [22, 18, 15, 5, 10, 2]
(1, (0, 1, 1), (1, 1)): [11, 7, 7, 1, 5]
(1, (0, 1, 1), (1, 2)): [8, 1, 3, 1]
(1, (0, 1, 1), (2, 0)): [18, 14, 9, 4, 8, 2]
(1, (0, 1, 1), (2, 1)): [4, 4, 5, 0, 2]
(1, (0, 1, 1), (2, 2)): [6, 2, 4]
(1, (0, 1, 1), (3, 0)): [18, 12, 8, 3, 8, 2]
(1, (0, 1, 1), (3, 1)): [2, 1, 1, 0, 2]
(1, (0, 1, 1), (3, 2)): [1, 1, 2]
(1, (1, 0, 0), (0, 0)): [4794, 803, 543, 245, 101, 29, 19, 7, 1, 1]
(1, (1, 0, 0), (0, 1)): [263, 39, 27, 11, 6, 2, 3]
(1, (1, 0, 0), (0, 2)): [72, 9, 5, 3, 2, 0, 1]
(1, (1, 0, 0), (1, 0)): [247, 48, 43, 15, 7, 0, 0, 1]
(1, (1, 0, 0), (1, 1)): [215, 44, 29, 8, 6, 2, 1]
(1, (1, 0, 0), (1, 2)): [109, 17, 13, 3, 2, 1]
(1, (1, 0, 0), (2, 0)): [92, 12, 13, 7, 2]
(1, (1, 0, 0), (2, 1)): [125, 22, 12, 6, 4]
(1, (1, 0, 0), (2, 2)): [100, 15, 11, 4, 2]
(1, (1, 0, 0), (3, 0)): [22, 4, 4, 2, 1]
(1, (1, 0, 0), (3, 1)): [43, 10, 6, 5, 3]
(1, (1, 0, 0), (3, 2)): [44, 11, 7, 4, 2]
(1, (1, 0, 1), (0, 0)): [335, 433, 123, 75, 43, 13, 12, 2, 2]
(1, (1, 0, 1), (0, 1)): [24, 25, 6, 3, 3, 1, 1, 0, 2]
(1, (1, 0, 1), (0, 2)): [13, 10, 0, 1, 0, 0, 1]
(1, (1, 0, 1), (1, 0)): [25, 28, 7, 4, 4, 1]
(1, (1, 0, 1), (1, 1)): [16, 14, 4, 2, 4, 0, 0, 0, 1]
(1, (1, 0, 1), (1, 2)): [15, 9, 3, 1, 3, 0, 1]
(1, (1, 0, 1), (2, 0)): [11, 10, 4, 1, 2, 1]
(1, (1, 0, 1), (2, 1)): [8, 9, 1, 0, 1, 0, 0, 0, 1]
(1, (1, 0, 1), (2, 2)): [6, 7, 3, 0, 1, 0, 0, 0, 1]
(1, (1, 0, 1), (3, 0)): [5, 3, 2, 1, 1, 1]
(1, (1, 0, 1), (3, 1)): [4, 5, 1, 1, 1, 1]
(1, (1, 0, 1), (3, 2)): [4, 5, 3, 0, 1, 0, 0, 0, 1]
(1, (1, 1, 0), (0, 0)): [1431, 457, 303, 214, 84, 33, 13, 12, 1, 1]
(1, (1, 1, 0), (0, 1)): [74, 15, 22, 7, 4, 1, 1, 1]
(1, (1, 1, 0), (0, 2)): [26, 7, 9, 3, 1]
(1, (1, 1, 0), (1, 0)): [74, 32, 21, 21, 6, 2, 0, 1]
(1, (1, 1, 0), (1, 1)): [51, 12, 19, 9, 5, 0, 1, 1]
(1, (1, 1, 0), (1, 2)): [31, 3, 9, 3, 3, 0, 1]
(1, (1, 1, 0), (2, 0)): [31, 13, 6, 10, 2, 1]
(1, (1, 1, 0), (2, 1)): [40, 17, 15, 9, 1, 0, 0, 1]
(1, (1, 1, 0), (2, 2)): [20, 8, 9, 4, 2]
(1, (1, 1, 0), (3, 0)): [7, 0, 1, 3, 1]
(1, (1, 1, 0), (3, 1)): [19, 8, 5, 6, 0, 0, 0, 1]
(1, (1, 1, 0), (3, 2)): [16, 3, 7, 5, 0, 0, 0, 1]
(1, (1, 1, 1), (0, 0)): [315, 248, 164, 102, 78, 30, 12, 7, 2, 1]
(1, (1, 1, 1), (0, 1)): [20, 12, 11, 9, 7, 2, 1]
(1, (1, 1, 1), (0, 2)): [10, 3, 5, 3, 3, 1, 1]
(1, (1, 1, 1), (1, 0)): [27, 18, 17, 4, 9, 0, 0, 1]
(1, (1, 1, 1), (1, 1)): [17, 10, 9, 5, 5, 1]
(1, (1, 1, 1), (1, 2)): [12, 1, 7, 5, 4, 2, 1]
(1, (1, 1, 1), (2, 0)): [12, 6, 9, 3, 4, 0, 0, 1]
(1, (1, 1, 1), (2, 1)): [14, 8, 6, 1, 5, 0, 0, 1]
(1, (1, 1, 1), (2, 2)): [16, 3, 5, 3, 4, 1, 1]
(1, (1, 1, 1), (3, 0)): [3, 1, 2, 2, 2]
(1, (1, 1, 1), (3, 1)): [6, 2, 1, 0, 1, 0, 0, 1]
(1, (1, 1, 1), (3, 2)): [11, 1, 3, 2, 0, 0, 1]
(2, (0, 0, 0), (0, 0)): [10407, 466, 168, 58, 20, 6, 4]
(2, (0, 0, 0), (0, 1)): [594, 23, 10, 3, 2, 2]
(2, (0, 0, 0), (0, 2)): [195, 5, 2, 1]
(2, (0, 0, 0), (1, 0)): [626, 40, 9, 3, 2, 1, 1]
(2, (0, 0, 0), (1, 1)): [532, 20, 8, 1, 3, 3, 1]
(2, (0, 0, 0), (1, 2)): [297, 12, 6, 1, 0, 1, 1]
(2, (0, 0, 0), (2, 0)): [230, 18, 6, 1]
(2, (0, 0, 0), (2, 1)): [319, 13, 2, 0, 2, 2]
(2, (0, 0, 0), (2, 2)): [246, 8, 1, 1, 1, 2]
(2, (0, 0, 0), (3, 0)): [86, 10, 6, 1]
(2, (0, 0, 0), (3, 1)): [154, 11, 2, 1, 1, 1]
(2, (0, 0, 0), (3, 2)): [154, 9, 2, 1, 0, 2]
(2, (0, 0, 1), (0, 0)): [817, 273, 41, 19, 9, 0, 0, 1]
(2, (0, 0, 1), (0, 1)): [45, 16, 1, 0, 1]
(2, (0, 0, 1), (0, 2)): [15, 1]
(2, (0, 0, 1), (1, 0)): [65, 28, 5, 2]
(2, (0, 0, 1), (1, 1)): [43, 16, 4, 1, 1]
(2, (0, 0, 1), (1, 2)): [21, 4, 1, 0, 1]
(2, (0, 0, 1), (2, 0)): [31, 13, 1, 1]
(2, (0, 0, 1), (2, 1)): [25, 8, 2, 1]
(2, (0, 0, 1), (2, 2)): [23, 4, 2, 0, 1]
(2, (0, 0, 1), (3, 0)): [20, 9, 1, 1]
(2, (0, 0, 1), (3, 1)): [11, 7, 0, 1]
(2, (0, 0, 1), (3, 2)): [12, 7, 2]
(2, (0, 1, 0), (0, 0)): [2436, 529, 135, 69, 17, 8, 2]
(2, (0, 1, 0), (0, 1)): [123, 32, 3, 0, 4]
(2, (0, 1, 0), (0, 2)): [33, 7, 1, 0, 2]
(2, (0, 1, 0), (1, 0)): [194, 39, 13, 5, 0, 2]
(2, (0, 1, 0), (1, 1)): [126, 23, 6, 1, 2, 2]
(2, (0, 1, 0), (1, 2)): [63, 12, 2, 1, 1]
(2, (0, 1, 0), (2, 0)): [106, 24, 5, 4]
(2, (0, 1, 0), (2, 1)): [81, 12, 1, 0, 1, 1]
(2, (0, 1, 0), (2, 2)): [62, 8, 1, 1, 1]
(2, (0, 1, 0), (3, 0)): [69, 15, 5, 3]
(2, (0, 1, 0), (3, 1)): [45, 10, 2, 1, 1]
(2, (0, 1, 0), (3, 2)): [42, 10, 0, 1, 1]
(2, (0, 1, 1), (0, 0)): [560, 35, 121, 27, 17, 2, 2, 1]
(2, (0, 1, 1), (0, 1)): [21, 1, 4, 0, 0, 0, 0, 1]
(2, (0, 1, 1), (0, 2)): [8]
(2, (0, 1, 1), (1, 0)): [54, 3, 10, 2, 4]
(2, (0, 1, 1), (1, 1)): [25, 1, 4, 1, 2, 0, 0, 1]
(2, (0, 1, 1), (1, 2)): [15]
(2, (0, 1, 1), (2, 0)): [30, 3, 7, 1, 2]
(2, (0, 1, 1), (2, 1)): [14, 2, 3, 1, 1]
(2, (0, 1, 1), (2, 2)): [11, 0, 1]
(2, (0, 1, 1), (3, 0)): [23, 2, 4, 1, 2]
(2, (0, 1, 1), (3, 1)): [9, 2, 1, 1]
(2, (0, 1, 1), (3, 2)): [9, 1, 1]
(2, (1, 0, 0), (0, 0)): [5745, 386, 298, 95, 26, 6, 6]
(2, (1, 0, 0), (0, 1)): [304, 21, 13, 3, 2, 1, 1]
(2, (1, 0, 0), (0, 2)): [109, 4, 2, 1, 1, 1, 1]
(2, (1, 0, 0), (1, 0)): [349, 24, 19, 9, 5, 1, 1]
(2, (1, 0, 0), (1, 1)): [229, 19, 10, 4, 3]
(2, (1, 0, 0), (1, 2)): [140, 7, 4, 2, 1, 1]
(2, (1, 0, 0), (2, 0)): [129, 13, 11, 4, 3, 0, 1]
(2, (1, 0, 0), (2, 1)): [127, 14, 6, 2, 3]
(2, (1, 0, 0), (2, 2)): [104, 3, 3, 1, 2, 1]
(2, (1, 0, 0), (3, 0)): [42, 5, 4, 2, 1, 0, 1]
(2, (1, 0, 0), (3, 1)): [55, 11, 6, 2, 2, 0, 1]
(2, (1, 0, 0), (3, 2)): [60, 7, 3, 1, 1, 1]
(2, (1, 0, 1), (0, 0)): [885, 216, 73, 59, 21, 1, 2]
(2, (1, 0, 1), (0, 1)): [59, 16, 1, 3, 3]
(2, (1, 0, 1), (0, 2)): [21, 3, 0, 0, 1]
(2, (1, 0, 1), (1, 0)): [70, 11, 3, 5, 5]
(2, (1, 0, 1), (1, 1)): [50, 15, 1, 4, 3]
(2, (1, 0, 1), (1, 2)): [30, 5, 0, 0, 1]
(2, (1, 0, 1), (2, 0)): [19, 1, 2, 4]
(2, (1, 0, 1), (2, 1)): [27, 6, 1, 3, 2]
(2, (1, 0, 1), (2, 2)): [17, 2, 0, 1, 2]
(2, (1, 0, 1), (3, 0)): [7, 0, 1, 3]
(2, (1, 0, 1), (3, 1)): [11, 3, 1, 3, 1]
(2, (1, 0, 1), (3, 2)): [10, 3, 0, 0, 2]
(2, (1, 1, 0), (0, 0)): [2663, 442, 234, 143, 36, 13, 9, 2]
(2, (1, 1, 0), (0, 1)): [140, 26, 10, 6, 1, 2]
(2, (1, 1, 0), (0, 2)): [52, 10, 3, 2]
(2, (1, 1, 0), (1, 0)): [146, 19, 15, 12, 3, 2, 2]
(2, (1, 1, 0), (1, 1)): [117, 15, 8, 6, 1, 3]
(2, (1, 1, 0), (1, 2)): [65, 11, 6, 5, 0, 1]
(2, (1, 1, 0), (2, 0)): [54, 7, 7, 4, 1, 1, 1]
(2, (1, 1, 0), (2, 1)): [73, 6, 4, 4, 1, 2]
(2, (1, 1, 0), (2, 2)): [53, 10, 4, 5, 0, 1]
(2, (1, 1, 0), (3, 0)): [22, 2, 2, 0, 0, 1, 1]
(2, (1, 1, 0), (3, 1)): [33, 1, 2, 2, 1, 3, 1]
(2, (1, 1, 0), (3, 2)): [45, 5, 4, 4, 0, 0, 1]
(2, (1, 1, 1), (0, 0)): [742, 112, 139, 55, 41, 18, 9, 1]
(2, (1, 1, 1), (0, 1)): [61, 5, 6, 5, 5]
(2, (1, 1, 1), (0, 2)): [27, 0, 0, 1, 2]
(2, (1, 1, 1), (1, 0)): [47, 12, 10, 5, 3, 1, 1]
(2, (1, 1, 1), (1, 1)): [48, 6, 8, 3, 3, 1]
(2, (1, 1, 1), (1, 2)): [32, 3, 1, 1, 3]
(2, (1, 1, 1), (2, 0)): [12, 11, 4, 2, 2, 0, 1]
(2, (1, 1, 1), (2, 1)): [20, 4, 4, 4, 2, 1, 1]
(2, (1, 1, 1), (2, 2)): [23, 5, 2, 0, 2, 0, 1]
(2, (1, 1, 1), (3, 0)): [4, 10, 1]
(2, (1, 1, 1), (3, 1)): [9, 7, 1, 3, 1]
(2, (1, 1, 1), (3, 2)): [13, 6, 2, 2, 2, 0, 1]
