(0, (0, 0, 0)): [14794, 3185, 1530, 659, 309, 145, 67, 21, 6, 5, 1, 2]
(0, (0, 0, 1)): [68, 242, 61, 27, 15, 7, 5, 1]
(0, (0, 1, 0)): [515, 525, 210, 91, 42, 19, 7, 3, 0, 1]
(0, (0, 1, 1)): [36, 79, 99, 51, 27, 12, 3, 0, 0, 2]
(0, (1, 0, 0)): [3318, 1242, 775, 361, 181, 87, 41, 11, 2, 2, 1, 2]
(0, (1, 0, 1)): [77, 281, 117, 103, 39, 26, 6, 2, 1]
(0, (1, 1, 0)): [429, 304, 237, 148, 95, 44, 23, 7, 2, 2, 1, 1]
(0, (1, 1, 1)): [45, 70, 67, 56, 37, 22, 11, 2, 2, 1, 0, 1]
(1, (0, 0, 0)): [11653, 1325, 567, 228, 88, 41, 19, 7, 3, 1]
(1, (0, 0, 1)): [376, 628, 114, 45, 12, 5, 3, 1]
(1, (0, 1, 0)): [1685, 818, 290, 118, 46, 26, 14, 4, 1]
(1, (0, 1, 1)): [315, 287, 289, 98, 51, 17, 6, 1, 3, 0, 1]
(1, (1, 0, 0)): [4856, 923, 629, 243, 100, 44, 17, 6, 3, 1, 0, 1]
(1, (1, 0, 1)): [429, 515, 166, 101, 43, 15, 8, 4, 1]
(1, (1, 1, 0)): [1283, 409, 293, 191, 84, 48, 18, 5, 1, 2, 1, 1]
(1, (1, 1, 1)): [257, 205, 129, 102, 70, 38, 13, 2, 2, 2, 2]
(2, (0, 0, 0)): [10072, 480, 150, 52, 16, 7, 5]
(2, (0, 0, 1)): [1232, 371, 84, 31, 9, 3, 0, 1]
(2, (0, 1, 0)): [2653, 637, 172, 53, 22, 12, 2, 1]
(2, (0, 1, 1)): [719, 65, 158, 55, 15, 4, 2, 1]
(2, (1, 0, 0)): [6033, 492, 273, 88, 24, 11, 7]
(2, (1, 0, 1)): [1130, 293, 135, 61, 24, 6, 2, 1]
(2, (1, 1, 0)): [2064, 317, 183, 95, 33, 15, 8, 1]
(2, (1, 1, 1)): [647, 90, 103, 54, 43, 15, 5, 1, 1]
