(0, (0, 0, 0)): [1190238, 235902, 109003, 49582, 22117, 9439, 3901, 1644, 654, 298, 130, 56, 28, 9, 3, 1, 0, 1]
(0, (0, 0, 1)): [5245, 15394, 4188, 1997, 950, 407, 179, 90, 35, 20, 7, 1, 3, 2]
(0, (0, 1, 0)): [40542, 37624, 14568, 6938, 3384, 1441, 609, 253, 105, 61, 21, 5, 3, 2, 1]
(0, (0, 1, 1)): [3579, 5901, 7233, 3348, 1769, 807, 350, 170, 79, 35, 10, 6, 1, 2, 1, 0, 0, 1]
(0, (1, 0, 0)): [258195, 86054, 54138, 26706, 12700, 5674, 2397, 1039, 430, 194, 88, 36, 19, 4, 2, 1, 0, 1]
(0, (1, 0, 1)): [6145, 18233, 7574, 5129, 2755, 1240, 609, 250, 114, 49, 24, 12, 5, 1, 1, 0, 0, 1]
(0, (1, 1, 0)): [35011, 22447, 17229, 12097, 6418, 3042, 1300, 624, 245, 114, 52, 22, 9, 1]
(0, (1, 1, 1)): [3527, 6514, 5434, 4149, 3245, 1614, 756, 381, 163, 72, 36, 14, 4, 1, 1]
(1, (0, 0, 0)): [958425, 103027, 42302, 16689, 6527, 2499, 952, 372, 141, 55, 24, 13, 6, 2, 0, 1]
(1, (0, 0, 1)): [27151, 38893, 7595, 3210, 1359, 547, 221, 88, 40, 14, 6, 4, 4, 1]
(1, (0, 1, 0)): [130321, 59060, 20945, 8826, 3569, 1402, 486, 229, 65, 32, 19, 7, 8, 2, 1]
(1, (0, 1, 1)): [21603, 17395, 16249, 6401, 3233, 1277, 499, 204, 94, 30, 9, 6, 1, 2, 0, 1]
(1, (1, 0, 0)): [372084, 66286, 41724, 17769, 7211, 2867, 1110, 412, 185, 72, 29, 19, 4, 2, 0, 2]
(1, (1, 0, 1)): [29541, 35008, 11464, 7431, 3180, 1301, 499, 206, 71, 45, 13, 5, 0, 1]
(1, (1, 1, 0)): [100836, 31339, 21220, 14825, 6283, 2613, 1027, 415, 168, 63, 25, 13, 8, 4, 1]
(1, (1, 1, 1)): [20862, 16448, 10649, 7094, 5039, 2167, 877, 337, 133, 48, 18, 14, 6, 2, 1, 1]
(2, (0, 0, 0)): [828845, 36761, 12331, 3938, 1320, 431, 153, 46, 9, 4, 5, 0, 1]
(2, (0, 0, 1)): [78103, 24842, 4701, 1615, 576, 196, 58, 17, 3, 2, 0, 1]
(2, (0, 1, 0)): [207269, 45118, 11748, 4108, 1327, 439, 140, 39, 8, 6, 5, 0, 1]
(2, (0, 1, 1)): [48350, 4259, 10861, 2890, 1126, 359, 124, 43, 17, 4, 3, 1, 0, 1]
(2, (1, 0, 0)): [452259, 32843, 20573, 6566, 2098, 676, 269, 74, 17, 10, 6, 0, 1]
(2, (1, 0, 1)): [75325, 18734, 7444, 4300, 1384, 463, 165, 53, 20, 7, 0, 2, 1]
(2, (1, 1, 0)): [173219, 26719, 13562, 8937, 2836, 952, 303, 102, 38, 18, 7, 1, 2, 1]
(2, (1, 1, 1)): [50482, 7412, 8462, 4269, 3008, 957, 318, 115, 40, 8, 6, 0, 1, 1]
