(0, (0, 0, 0), (0, 0)): [1081344, 214319, 99239, 45230, 20226, 8682, 3598, 1512, 608, 275, 122, 54, 26, 8, 3, 1, 0, 1]
(0, (0, 0, 0), (0, 1)): [20970, 3800, 1787, 795, 340, 150, 53, 32, 7, 5, 2, 0, 2, 1, 0, 1]
(0, (0, 0, 0), (0, 2)): [7716, 1215, 567, 253, 107, 39, 18, 13, 2, 1, 0, 0, 1]
(0, (0, 0, 0), (1, 0)): [19217, 4082, 2046, 939, 462, 191, 89, 34, 11, 6, 3]
(0, (0, 0, 0), (1, 1)): [17626, 3368, 1657, 768, 341, 142, 50, 25, 6, 4, 4, 0, 1, 1, 0, 1]
(0, (0, 0, 0), (1, 2)): [11451, 1930, 882, 393, 188, 81, 22, 13, 5, 2, 0, 0, 2]
(0, (0, 0, 0), (2, 0)): [6347, 1501, 786, 400, 192, 90, 42, 16, 4, 2, 1]
(0, (0, 0, 0), (2, 1)): [9402, 1954, 1039, 493, 226, 95, 42, 22, 3, 1, 1, 0, 0, 1]
(0, (0, 0, 0), (2, 2)): [9032, 1651, 816, 386, 178, 83, 22, 12, 3, 3, 1, 0, 2]
(0, (0, 0, 0), (3, 0)): [2075, 523, 319, 182, 84, 47, 19, 7, 3, 0, 1]
(0, (0, 0, 0), (3, 1)): [3801, 918, 563, 293, 118, 56, 25, 15, 4]
(0, (0, 0, 0), (3, 2)): [5154, 1079, 660, 311, 142, 60, 17, 12, 5, 2, 0, 0, 2]
(0, (0, 0, 1), (0, 0)): [4751, 14121, 3830, 1837, 884, 375, 167, 85, 33, 19, 6, 1, 3, 1]
(0, (0, 0, 1), (0, 1)): [80, 213, 65, 23, 17, 7, 5, 1, 0, 1, 0, 0, 0, 1]
(0, (0, 0, 1), (0, 2)): [34, 86, 19, 7, 6, 1]
(0, (0, 0, 1), (1, 0)): [77, 203, 56, 37, 21, 10, 2, 2, 1]
(0, (0, 0, 1), (1, 1)): [68, 153, 53, 21, 20, 7, 5, 1, 0, 1, 0, 0, 0, 1]
(0, (0, 0, 1), (1, 2)): [48, 108, 31, 12, 9, 0, 3, 1, 0, 1]
(0, (0, 0, 1), (2, 0)): [33, 87, 24, 18, 6, 7, 1, 1, 1]
(0, (0, 0, 1), (3, 0)): [8, 38, 10, 6, 2, 4, 1, 1, 1]
(0, (0, 1, 0), (0, 0)): [36216, 33806, 13081, 6185, 3033, 1313, 546, 228, 97, 56, 20, 5, 3, 2, 1]
(0, (0, 1, 0), (0, 1)): [672, 538, 197, 95, 37, 21, 12, 5, 1]
(0, (0, 1, 0), (0, 2)): [265, 161, 70, 28, 8, 9, 4, 0, 1]
(0, (0, 1, 0), (1, 0)): [615, 547, 233, 123, 60, 28, 12, 3, 1]
(0, (0, 1, 0), (1, 1)): [534, 453, 182, 90, 34, 15, 10, 6]
(0, (0, 1, 0), (1, 2)): [358, 271, 103, 54, 20, 10, 5, 2, 1]
(0, (0, 1, 0), (2, 0)): [212, 192, 79, 49, 26, 17, 5, 0, 1]
(0, (0, 1, 0), (2, 1)): [268, 233, 101, 55, 15, 17, 7, 4]
(0, (0, 1, 0), (2, 2)): [279, 201, 90, 48, 15, 7, 7, 1, 1]
(0, (0, 1, 0), (3, 1)): [108, 100, 53, 31, 17, 9, 3, 1]
(0, (0, 1, 0), (3, 2)): [168, 124, 67, 36, 18, 6, 7]
(0, (0, 1, 1), (0, 0)): [3230, 5343, 6588, 3042, 1632, 738, 325, 155, 76, 33, 10, 6, 1, 2, 1, 0, 0, 1]
(0, (0, 1, 1), (0, 1)): [53, 67, 100, 44, 27, 9, 8, 3, 2]
(0, (0, 1, 1), (1, 0)): [67, 114, 134, 74, 43, 18, 8, 6, 4, 0, 0, 1]
(0, (0, 1, 1), (1, 1)): [42, 68, 90, 47, 25, 6, 5, 2, 2]
(0, (0, 1, 1), (1, 2)): [30, 35, 50, 22, 19, 5, 3, 2, 1]
(0, (0, 1, 1), (2, 0)): [39, 63, 64, 38, 23, 13, 4, 5, 3, 0, 0, 1]
(0, (0, 1, 1), (2, 1)): [29, 44, 59, 30, 15, 5, 2, 5, 3]
(0, (0, 1, 1), (2, 2)): [35, 36, 45, 19, 12, 5, 2, 2, 2]
(0, (0, 1, 1), (3, 0)): [25, 39, 33, 26, 17, 12, 2, 1, 0, 0, 0, 1]
(0, (0, 1, 1), (3, 1)): [11, 24, 23, 16, 10, 1, 0, 2, 2]
(0, (0, 1, 1), (3, 2)): [17, 20, 35, 15, 9, 3, 2, 4, 3]
(0, (1, 0, 0), (0, 0)): [235133, 78193, 49387, 24397, 11642, 5227, 2210, 963, 399, 176, 83, 35, 16, 4, 2, 1, 0, 1]
(0, (1, 0, 0), (0, 1)): [4427, 1178, 843, 416, 213, 93, 31, 14, 8, 1]
(0, (1, 0, 0), (0, 2)): [1698, 356, 274, 115, 61, 21, 13, 2, 5, 1]
(0, (1, 0, 0), (1, 0)): [3803, 1230, 902, 438, 212, 87, 47, 20, 8, 6, 2, 1]
(0, (1, 0, 0), (1, 1)): [3264, 945, 711, 340, 169, 66, 26, 15, 6, 4, 0, 1]
(0, (1, 0, 0), (1, 2)): [2118, 503, 393, 164, 85, 28, 18, 8, 3, 2]
(0, (1, 0, 0), (2, 0)): [1198, 407, 289, 164, 86, 38, 15, 10, 4, 2, 2]
(0, (1, 0, 0), (2, 1)): [1581, 486, 367, 197, 98, 43, 15, 7, 5, 3, 0, 1]
(0, (1, 0, 0), (2, 2)): [1478, 393, 300, 138, 76, 23, 15, 7, 3, 3]
(0, (1, 0, 0), (3, 0)): [352, 136, 109, 72, 44, 15, 4, 5, 0, 1, 1]
(0, (1, 0, 0), (3, 1)): [592, 207, 162, 104, 64, 22, 5, 3, 4, 1, 1, 1]
(0, (1, 0, 0), (3, 2)): [749, 240, 179, 91, 65, 20, 7, 5, 3, 3]
(0, (1, 0, 1), (0, 0)): [5534, 16632, 6871, 4663, 2520, 1145, 561, 230, 107, 47, 23, 12, 5, 1, 1, 0, 0, 1]
(0, (1, 0, 1), (0, 1)): [94, 266, 110, 77, 34, 17, 13, 4, 1, 0, 0, 0, 1]
(0, (1, 0, 1), (0, 2)): [35, 102, 26, 26, 13, 8, 5, 2, 1]
(0, (1, 0, 1), (1, 0)): [91, 286, 106, 84, 44, 25, 2, 4, 4, 1, 1]
(0, (1, 0, 1), (1, 1)): [81, 214, 78, 56, 29, 14, 6, 1, 2, 0, 1]
(0, (1, 0, 1), (1, 2)): [64, 124, 37, 29, 14, 10, 3, 2, 2]
(0, (1, 0, 1), (2, 1)): [28, 126, 46, 36, 19, 9, 1, 0, 2, 0, 1]
(0, (1, 0, 1), (3, 1)): [14, 46, 18, 17, 11, 6]
(0, (1, 0, 1), (3, 2)): [18, 52, 28, 12, 10, 5, 1, 0, 1, 0, 1]
(0, (1, 1, 0), (0, 0)): [31940, 20353, 15763, 11089, 5888, 2789, 1206, 590, 226, 103, 51, 21, 7, 1]
(0, (1, 1, 0), (0, 1)): [638, 344, 238, 184, 101, 42, 15, 12, 2, 0, 1, 1]
(0, (1, 1, 0), (0, 2)): [247, 123, 78, 55, 36, 13, 6, 6]
(0, (1, 1, 0), (1, 0)): [501, 314, 245, 181, 91, 57, 21, 13, 3, 3]
(0, (1, 1, 0), (1, 1)): [438, 231, 189, 140, 62, 38, 13, 10, 3, 1, 1]
(0, (1, 1, 0), (1, 2)): [303, 138, 102, 73, 39, 18, 4, 10, 1, 1]
(0, (1, 1, 0), (2, 0)): [141, 100, 76, 66, 35, 23, 7, 6, 2, 1]
(0, (1, 1, 0), (2, 2)): [200, 108, 77, 58, 26, 16, 3, 7, 2, 2]
(0, (1, 1, 0), (3, 2)): [111, 61, 45, 41, 17, 12, 2, 5, 2]
(0, (1, 1, 1), (0, 0)): [3245, 5940, 4949, 3807, 2986, 1495, 710, 364, 152, 69, 36, 13, 3, 1, 1]
(0, (1, 1, 1), (0, 1)): [78, 102, 92, 60, 43, 24, 8, 5, 6, 2, 1, 1]
(0, (1, 1, 1), (0, 2)): [35, 43, 31, 19, 21, 6, 2, 1, 3, 0, 0, 1]
(0, (1, 1, 1), (1, 0)): [52, 111, 111, 80, 67, 36, 11, 10, 3, 0, 1, 1]
(0, (1, 1, 1), (1, 1)): [56, 85, 94, 62, 34, 24, 9, 7, 2, 1, 1]
(0, (1, 1, 1), (1, 2)): [45, 57, 49, 25, 17, 11, 3, 2, 4, 0, 0, 1]
(0, (1, 1, 1), (2, 1)): [28, 42, 39, 35, 28, 14, 3, 4, 2]
(0, (1, 1, 1), (2, 2)): [27, 38, 37, 30, 15, 10, 3, 3, 1, 0, 0, 1]
(0, (1, 1, 1), (3, 2)): [9, 14, 21, 24, 11, 7, 3, 0, 2, 0, 0, 1]
(1, (0, 0, 0), (0, 0)): [869343, 93464, 38383, 15201, 5964, 2280, 877, 342, 128, 50, 23, 13, 6, 2, 0, 1]
(1, (0, 0, 0), (0, 1)): [16955, 1708, 720, 268, 111, 29, 12, 9, 1, 0, 0, 0, 0, 1]
(1, (0, 0, 0), (0, 2)): [6228, 499, 204, 74, 32, 9, 1, 2]
(1, (0, 0, 0), (1, 0)): [16123, 1999, 866, 327, 140, 52, 21, 7, 0, 1, 0, 0, 0, 0, 0, 1]
(1, (0, 0, 0), (1, 1)): [14532, 1601, 655, 243, 104, 40, 18, 6, 1, 1, 0, 0, 0, 1]
(1, (0, 0, 0), (1, 2)): [9190, 813, 323, 136, 60, 28, 8, 2]
(1, (0, 0, 0), (2, 0)): [5528, 768, 384, 137, 56, 22, 8, 4, 0, 0, 0, 0, 0, 0, 0, 1]
(1, (0, 0, 0), (2, 1)): [8025, 985, 426, 160, 71, 21, 10, 6, 0, 1]
(1, (0, 0, 0), (2, 2)): [7619, 756, 333, 128, 61, 32, 11, 4]
(1, (0, 0, 0), (3, 0)): [1754, 274, 182, 61, 27, 8, 5, 0, 0, 0, 0, 0, 0, 0, 0, 1]
(1, (0, 0, 0), (3, 1)): [3366, 513, 267, 97, 47, 7, 4, 3]
(1, (0, 0, 0), (3, 2)): [4365, 540, 275, 95, 52, 19, 11, 3]
(1, (0, 0, 1), (0, 0)): [24629, 35635, 6960, 2936, 1253, 515, 196, 84, 37, 13, 6, 4, 4, 1]
(1, (0, 0, 1), (0, 1)): [421, 457, 98, 33, 17, 7, 6]
(1, (0, 0, 1), (0, 2)): [175, 149, 29, 8, 2, 1, 4]
(1, (0, 0, 1), (1, 0)): [422, 587, 121, 61, 28, 12, 6, 3, 1]
(1, (0, 0, 1), (1, 1)): [370, 422, 86, 39, 21, 6, 2, 2]
(1, (0, 0, 1), (2, 0)): [185, 239, 51, 27, 14, 7, 5, 1, 1]
(1, (0, 0, 1), (2, 1)): [174, 254, 45, 24, 12, 7, 5, 2]
(1, (0, 0, 1), (3, 1)): [94, 124, 18, 14, 7, 3, 3, 2]
(1, (0, 0, 1), (3, 2)): [116, 124, 25, 13, 5, 2, 3]
(1, (0, 1, 0), (0, 0)): [117461, 53639, 19033, 7992, 3241, 1285, 437, 206, 58, 30, 18, 7, 7, 2, 1]
(1, (0, 1, 0), (0, 1)): [1928, 750, 275, 115, 35, 15, 7, 3, 1]
(1, (0, 1, 0), (0, 2)): [764, 258, 84, 24, 10, 6, 3]
(1, (0, 1, 0), (1, 0)): [2271, 1017, 370, 206, 99, 27, 12, 4, 0, 0, 1, 0, 0, 1]
(1, (0, 1, 0), (1, 1)): [1686, 646, 256, 119, 45, 16, 7, 4, 1, 0, 0, 0, 0, 1]
(1, (0, 1, 0), (1, 2)): [1121, 380, 147, 46, 17, 8, 5, 2]
(1, (0, 1, 0), (2, 0)): [984, 434, 165, 108, 49, 15, 8, 3, 0, 0, 1]
(1, (0, 1, 0), (2, 1)): [898, 376, 137, 84, 37, 11, 6, 3, 0, 0, 1, 0, 0, 1]
(1, (0, 1, 0), (2, 2)): [882, 331, 124, 45, 26, 6, 3, 1]
(1, (0, 1, 0), (3, 0)): [521, 208, 70, 74, 35, 8, 5, 2]
(1, (0, 1, 0), (3, 1)): [443, 177, 67, 52, 25, 7, 3, 1, 0, 0, 0, 0, 0, 1]
(1, (0, 1, 0), (3, 2)): [503, 183, 83, 46, 25, 2, 4, 1, 0, 0, 0, 0, 0, 1]
(1, (0, 1, 1), (0, 0)): [19729, 15838, 14979, 5925, 2975, 1175, 468, 187, 86, 24, 9, 6, 1, 2, 0, 1]
(1, (0, 1, 1), (0, 1)): [274, 181, 165, 59, 30, 14, 6, 3]
(1, (0, 1, 1), (0, 2)): [137, 59, 55, 19, 9, 3, 2]
(1, (0, 1, 1), (1, 0)): [483, 353, 278, 135, 92, 34, 13, 8, 3, 1]
(1, (0, 1, 1), (1, 1)): [231, 158, 154, 58, 29, 8, 6, 3]
(1, (0, 1, 1), (1, 2)): [181, 84, 85, 40, 12, 5, 3]
(1, (0, 1, 1), (2, 0)): [315, 231, 154, 90, 71, 29, 10, 7, 3, 1]
(1, (0, 1, 1), (2, 1)): [136, 106, 82, 36, 18, 8, 6, 2]
(1, (0, 1, 1), (2, 2)): [133, 82, 76, 35, 19, 3, 1, 2]
(1, (0, 1, 1), (3, 0)): [255, 182, 118, 67, 62, 25, 7, 7, 3, 1]
(1, (0, 1, 1), (3, 1)): [68, 48, 34, 18, 6, 7, 5]
(1, (0, 1, 1), (3, 2)): [80, 58, 41, 16, 10, 3, 1, 1]
(1, (1, 0, 0), (0, 0)): [339370, 60506, 38046, 16316, 6616, 2629, 1025, 383, 167, 68, 26, 19, 4, 2, 0, 2]
(1, (1, 0, 0), (0, 1)): [6374, 882, 662, 277, 110, 42, 17, 3, 1, 2]
(1, (1, 0, 0), (0, 2)): [2305, 269, 236, 75, 32, 13, 6, 1, 0, 2]
(1, (1, 0, 0), (1, 0)): [5995, 1068, 763, 356, 149, 49, 24, 9, 1, 2, 0, 0, 1, 0, 0, 1]
(1, (1, 0, 0), (1, 1)): [5069, 764, 565, 237, 96, 35, 14, 6, 1, 0, 0, 0, 0, 0, 0, 1]
(1, (1, 0, 0), (1, 2)): [3167, 398, 328, 111, 49, 18, 5, 4, 0, 1]
(1, (1, 0, 0), (2, 0)): [1958, 383, 288, 162, 62, 24, 10, 0, 1, 2, 0, 0, 1]
(1, (1, 0, 0), (2, 1)): [2568, 436, 342, 161, 65, 20, 10, 2, 2, 0, 0, 0, 0, 0, 0, 1]
(1, (1, 0, 0), (2, 2)): [2375, 330, 289, 110, 46, 13, 5, 3, 1, 1]
(1, (1, 0, 0), (3, 0)): [597, 131, 94, 72, 27, 10, 4, 0, 0, 2, 0, 0, 1]
(1, (1, 0, 0), (3, 1)): [987, 236, 155, 94, 32, 12, 6, 1, 0, 1, 0, 0, 0, 0, 0, 1]
(1, (1, 0, 0), (3, 2)): [1216, 237, 170, 90, 31, 14, 5, 1, 1, 1, 0, 0, 0, 0, 0, 1]
(1, (1, 0, 1), (0, 0)): [26803, 31958, 10468, 6801, 2934, 1199, 456, 188, 64, 44, 13, 4, 0, 1]
(1, (1, 0, 1), (0, 1)): [513, 465, 131, 106, 52, 18, 10, 5, 3, 2]
(1, (1, 0, 1), (0, 2)): [234, 141, 44, 35, 8, 7, 4, 3, 0, 1]
(1, (1, 0, 1), (1, 0)): [491, 555, 174, 126, 67, 22, 7, 2, 0, 2]
(1, (1, 0, 1), (1, 1)): [389, 377, 111, 92, 49, 6, 8, 2, 2]
(1, (1, 0, 1), (1, 2)): [294, 198, 62, 53, 20, 6, 6, 3, 0, 1]
(1, (1, 0, 1), (2, 0)): [190, 194, 61, 38, 30, 13, 1, 1, 0, 1]
(1, (1, 0, 1), (2, 1)): [185, 202, 60, 49, 29, 7, 5, 1, 2]
(1, (1, 0, 1), (2, 2)): [192, 150, 52, 31, 20, 5, 5, 1, 1]
(1, (1, 0, 1), (3, 0)): [77, 78, 21, 14, 14, 6, 0, 0, 0, 1]
(1, (1, 0, 1), (3, 1)): [81, 94, 21, 24, 20, 6, 0, 1]
(1, (1, 1, 0), (0, 0)): [91570, 28430, 19441, 13529, 5763, 2408, 937, 386, 154, 60, 22, 12, 6, 4, 1]
(1, (1, 1, 0), (0, 1)): [1748, 464, 285, 226, 92, 33, 18, 5, 2]
(1, (1, 1, 0), (0, 2)): [703, 178, 96, 78, 28, 8, 4, 0, 1]
(1, (1, 1, 0), (1, 0)): [1588, 526, 376, 290, 126, 45, 19, 8, 1, 2, 0, 0, 2, 1]
(1, (1, 1, 0), (1, 1)): [1335, 373, 260, 193, 82, 30, 18, 7, 0, 2]
(1, (1, 1, 0), (1, 2)): [967, 232, 146, 113, 44, 14, 8, 1]
(1, (1, 1, 0), (2, 0)): [522, 189, 130, 112, 49, 19, 4, 2, 1, 0, 0, 0, 2, 1]
(1, (1, 1, 0), (2, 1)): [648, 231, 154, 113, 44, 19, 9, 3, 0, 1, 0, 0, 1]
(1, (1, 1, 0), (2, 2)): [698, 187, 108, 83, 39, 12, 4, 1]
(1, (1, 1, 0), (3, 2)): [358, 110, 78, 50, 33, 14, 8, 4, 0, 1, 0, 0, 1]
(1, (1, 1, 1), (0, 0)): [18966, 14922, 9678, 6481, 4639, 1986, 808, 318, 123, 44, 17, 14, 6, 2, 1, 1]
(1, (1, 1, 1), (0, 1)): [418, 261, 172, 107, 91, 34, 14, 6, 3]
(1, (1, 1, 1), (0, 2)): [212, 92, 61, 33, 35, 12, 7]
(1, (1, 1, 1), (1, 0)): [367, 268, 181, 114, 101, 41, 17, 6, 2, 2, 0, 1, 1]
(1, (1, 1, 1), (1, 1)): [302, 193, 138, 96, 81, 32, 7, 6, 1]
(1, (1, 1, 1), (1, 2)): [239, 99, 85, 57, 40, 24, 8, 2]
(1, (1, 1, 1), (2, 1)): [149, 126, 84, 55, 47, 14, 8, 4, 1, 1, 0, 1]
(1, (1, 1, 1), (2, 2)): [158, 88, 69, 59, 40, 17, 7, 2]
(2, (0, 0, 0), (0, 0)): [751362, 33278, 11209, 3567, 1211, 391, 142, 43, 9, 3, 5, 0, 1]
(2, (0, 0, 0), (0, 1)): [14693, 615, 216, 55, 31, 7, 6, 1]
(2, (0, 0, 0), (0, 2)): [5265, 161, 47, 16, 8, 1, 1, 1]
(2, (0, 0, 0), (1, 0)): [14691, 850, 280, 86, 35, 10, 3, 0, 0, 0, 0, 0, 1]
(2, (0, 0, 0), (1, 1)): [12971, 642, 224, 50, 30, 6, 6]
(2, (0, 0, 0), (1, 2)): [8088, 283, 97, 26, 14, 3, 3]
(2, (0, 0, 0), (2, 0)): [5327, 319, 128, 51, 17, 6, 1, 0, 0, 0, 0, 0, 1]
(2, (0, 0, 0), (2, 1)): [7486, 393, 141, 48, 10, 5, 3]
(2, (0, 0, 0), (2, 2)): [6778, 290, 108, 32, 13, 5, 1]
(2, (0, 0, 0), (3, 0)): [1816, 126, 73, 26, 13, 3, 1, 0, 0, 0, 0, 0, 1]
(2, (0, 0, 0), (3, 1)): [3391, 198, 94, 33, 12, 5, 2]
(2, (0, 0, 0), (3, 2)): [4282, 227, 104, 29, 9, 5]
(2, (0, 0, 1), (0, 0)): [71038, 22806, 4295, 1469, 526, 176, 52, 15, 3, 2, 0, 1]
(2, (0, 0, 1), (0, 1)): [1186, 331, 73, 22, 10, 3, 1]
(2, (0, 0, 1), (0, 2)): [460, 89, 25, 4, 1, 1]
(2, (0, 0, 1), (1, 0)): [1364, 411, 87, 38, 11, 4, 0, 2]
(2, (0, 0, 1), (1, 1)): [1097, 269, 61, 19, 9, 1, 1, 1]
(2, (0, 0, 1), (1, 2)): [730, 137, 30, 9, 2, 1, 1]
(2, (0, 0, 1), (2, 0)): [580, 176, 40, 25, 7, 4, 0, 1]
(2, (0, 0, 1), (2, 1)): [638, 153, 44, 16, 9, 1, 0, 2]
(2, (0, 0, 1), (2, 2)): [602, 113, 38, 6, 3, 2, 1]
(2, (0, 0, 1), (3, 1)): [319, 82, 19, 14, 6, 0, 0, 1]
(2, (0, 0, 1), (3, 2)): [366, 82, 27, 9, 2, 1]
(2, (0, 1, 0), (0, 0)): [187821, 41275, 10701, 3719, 1199, 403, 129, 35, 8, 4, 4, 0, 1]
(2, (0, 1, 0), (0, 1)): [3064, 550, 149, 53, 17, 1, 1]
(2, (0, 1, 0), (0, 2)): [1148, 156, 36, 11, 6]
(2, (0, 1, 0), (1, 0)): [3995, 690, 285, 121, 29, 16, 5, 1, 0, 0, 0, 0, 1]
(2, (0, 1, 0), (1, 1)): [2844, 486, 175, 59, 15, 4, 3, 1]
(2, (0, 1, 0), (1, 2)): [1775, 245, 67, 34, 6]
(2, (0, 1, 0), (2, 0)): [1869, 309, 142, 82, 21, 11, 3, 0, 0, 0, 0, 0, 1]
(2, (0, 1, 0), (2, 1)): [1704, 311, 107, 44, 11, 8, 3, 1, 0, 0, 0, 0, 1]
(2, (0, 1, 0), (2, 2)): [1557, 229, 66, 37, 8, 4, 0, 1]
(2, (0, 1, 0), (3, 0)): [1054, 143, 82, 54, 15, 4, 2]
(2, (0, 1, 0), (3, 1)): [810, 142, 70, 27, 11, 4, 3, 0, 0, 0, 0, 0, 1]
(2, (0, 1, 0), (3, 2)): [1006, 157, 62, 32, 7, 5, 1, 0, 0, 0, 0, 0, 1]
(2, (0, 1, 1), (0, 0)): [44232, 3914, 9984, 2662, 1036, 336, 116, 40, 15, 4, 3, 1, 0, 1]
(2, (0, 1, 1), (0, 1)): [661, 56, 119, 26, 7, 3, 1, 3]
(2, (0, 1, 1), (0, 2)): [283, 21, 39, 10, 4, 1, 1]
(2, (0, 1, 1), (1, 0)): [924, 95, 183, 68, 30, 7, 4, 0, 0, 0, 1]
(2, (0, 1, 1), (1, 1)): [595, 48, 111, 30, 6, 3, 1, 2]
(2, (0, 1, 1), (1, 2)): [403, 27, 61, 11, 4, 1, 2, 1]
(2, (0, 1, 1), (2, 0)): [470, 58, 92, 41, 23, 6, 1, 0, 0, 0, 1]
(2, (0, 1, 1), (2, 1)): [324, 30, 77, 19, 6, 4]
(2, (0, 1, 1), (2, 2)): [340, 28, 62, 15, 3, 4, 1, 1]
(2, (0, 1, 1), (3, 0)): [330, 43, 53, 27, 20, 5, 1, 0, 0, 0, 1]
(2, (0, 1, 1), (3, 1)): [169, 15, 35, 13, 4, 1]
(2, (0, 1, 1), (3, 2)): [229, 23, 46, 13, 4, 4, 0, 1]
(2, (1, 0, 0), (0, 0)): [413289, 30012, 18752, 5993, 1925, 615, 250, 68, 17, 8, 6, 0, 1]
(2, (1, 0, 0), (0, 1)): [7268, 391, 315, 86, 34, 8, 6, 1]
(2, (1, 0, 0), (0, 2)): [2608, 112, 81, 15, 12, 2, 1]
(2, (1, 0, 0), (1, 0)): [7483, 596, 439, 168, 44, 14, 7, 1, 0, 0, 0, 0, 1]
(2, (1, 0, 0), (1, 1)): [6019, 370, 305, 96, 26, 3, 4]
(2, (1, 0, 0), (1, 2)): [3731, 185, 128, 47, 13, 2]
(2, (1, 0, 0), (2, 0)): [2515, 235, 150, 81, 19, 6, 4, 0, 0, 0, 0, 0, 1]
(2, (1, 0, 0), (2, 1)): [3049, 195, 172, 58, 22, 6, 2, 0, 0, 0, 0, 0, 1]
(2, (1, 0, 0), (2, 2)): [2816, 168, 130, 39, 16, 5, 1]
(2, (1, 0, 0), (3, 0)): [822, 110, 44, 47, 6, 2, 3]
(2, (1, 0, 0), (3, 1)): [1303, 131, 79, 44, 9, 3, 2, 0, 0, 0, 0, 0, 1]
(2, (1, 0, 0), (3, 2)): [1559, 134, 87, 36, 10, 7, 1, 0, 0, 0, 0, 0, 1]
(2, (1, 0, 1), (0, 0)): [68271, 17096, 6872, 3933, 1278, 428, 155, 48, 19, 6, 0, 2, 1]
(2, (1, 0, 1), (0, 1)): [1268, 269, 104, 75, 24, 2, 2, 2, 0, 0, 0, 1]
(2, (1, 0, 1), (0, 2)): [499, 81, 31, 17, 10, 0, 0, 1]
(2, (1, 0, 1), (1, 0)): [1170, 255, 125, 97, 36, 15, 5]
(2, (1, 0, 1), (1, 1)): [951, 200, 80, 69, 19, 8, 5, 1, 0, 0, 0, 1]
(2, (1, 0, 1), (1, 2)): [650, 101, 37, 27, 11, 4, 1, 2, 0, 0, 0, 1]
(2, (1, 0, 1), (2, 0)): [426, 90, 62, 32, 15, 5, 2]
(2, (1, 0, 1), (2, 1)): [523, 117, 41, 37, 16, 5, 1]
(2, (1, 0, 1), (2, 2)): [456, 79, 31, 23, 10, 3, 1, 2, 0, 0, 0, 1]
(2, (1, 0, 1), (3, 0)): [156, 27, 30, 14, 8, 2, 2]
(2, (1, 0, 1), (3, 1)): [243, 47, 27, 20, 7, 2, 3]
(2, (1, 0, 1), (3, 2)): [269, 55, 31, 13, 8, 3, 2, 2]
(2, (1, 1, 0), (0, 0)): [157322, 24310, 12426, 8135, 2548, 863, 274, 91, 37, 15, 7, 1, 2, 1]
(2, (1, 1, 0), (0, 1)): [3001, 409, 190, 130, 38, 7, 4, 2, 0, 0, 0, 0, 1]
(2, (1, 1, 0), (0, 2)): [1194, 124, 56, 28, 9, 1, 1]
(2, (1, 1, 0), (1, 0)): [2861, 430, 244, 200, 62, 19, 7, 2, 1, 1]
(2, (1, 1, 0), (1, 1)): [2402, 323, 157, 132, 31, 7, 3, 2, 1, 1, 0, 0, 1]
(2, (1, 1, 0), (1, 2)): [1653, 184, 86, 51, 13, 3, 2, 1]
(2, (1, 1, 0), (2, 0)): [1013, 169, 108, 83, 33, 12, 3, 1]
(2, (1, 1, 0), (2, 1)): [1292, 159, 106, 84, 25, 11, 3, 1, 1, 1, 0, 0, 1]
(2, (1, 1, 0), (2, 2)): [1232, 149, 76, 67, 15, 4, 4, 1, 1]
(2, (1, 1, 0), (3, 0)): [366, 66, 47, 33, 15, 5, 1]
(2, (1, 1, 0), (3, 1)): [565, 88, 63, 47, 14, 8, 2, 1, 0, 0, 0, 0, 1]
(2, (1, 1, 0), (3, 2)): [697, 90, 60, 48, 16, 3, 3, 1, 1]
(2, (1, 1, 1), (0, 0)): [46028, 6795, 7685, 3892, 2720, 888, 296, 104, 39, 7, 6, 0, 1, 1]
(2, (1, 1, 1), (0, 1)): [1021, 105, 144, 68, 52, 9, 5, 2, 1, 0, 0, 0, 1]
(2, (1, 1, 1), (0, 2)): [470, 29, 33, 19, 15, 2, 1, 0, 1]
(2, (1, 1, 1), (1, 0)): [788, 222, 145, 94, 57, 25, 7, 1, 1, 0, 1]
(2, (1, 1, 1), (1, 1)): [754, 114, 127, 64, 43, 7, 3, 0, 0, 0, 1, 0, 1]
(2, (1, 1, 1), (1, 2)): [569, 50, 51, 28, 17, 4, 2, 0, 0, 0, 1]
(2, (1, 1, 1), (2, 0)): [216, 148, 39, 41, 29, 16, 4, 1]
(2, (1, 1, 1), (2, 1)): [326, 103, 71, 36, 33, 10, 4, 0, 0, 0, 0, 0, 1]
(2, (1, 1, 1), (2, 2)): [370, 66, 49, 33, 20, 5, 2, 0, 0, 0, 1]
(2, (1, 1, 1), (3, 0)): [48, 99, 15, 23, 10, 8, 1]
(2, (1, 1, 1), (3, 1)): [105, 104, 26, 25, 22, 8, 4]
(2, (1, 1, 1), (3, 2)): [174, 89, 32, 36, 19, 8, 4, 0, 0, 0, 1]
