(0, (0, 0, 0), (0, 0)): [278884, 55397, 25186, 11412, 5120, 2175, 922, 372, 137, 61, 35, 6, 6, 3, 2]
(0, (0, 0, 0), (0, 1)): [841, 163, 58, 28, 12, 3, 2, 1, 0, 1]
(0, (0, 0, 0), (0, 2)): [336, 64, 21, 7, 3, 2, 1, 1]
(0, (0, 0, 0), (1, 0)): [800, 173, 64, 36, 15, 10, 3, 1, 0, 1]
(0, (0, 0, 0), (1, 1)): [669, 148, 44, 29, 10, 1, 1, 1]
(0, (0, 0, 0), (1, 2)): [426, 90, 20, 12, 3, 2, 1, 1]
(0, (0, 0, 0), (2, 0)): [309, 64, 33, 20, 10, 8, 1, 0, 0, 1]
(0, (0, 0, 0), (2, 1)): [370, 79, 25, 17, 6, 2]
(0, (0, 0, 0), (2, 2)): [354, 73, 12, 9, 6, 2, 1]
(0, (0, 0, 0), (3, 0)): [146, 31, 25, 13, 7, 7, 1]
(0, (0, 0, 0), (3, 1)): [167, 39, 23, 10, 2, 1, 1]
(0, (0, 0, 0), (3, 2)): [216, 46, 22, 9, 6, 2, 2]
(0, (0, 0, 1), (0, 0)): [1547, 4728, 1339, 613, 297, 112, 63, 34, 5, 3, 2, 0, 2]
(0, (0, 1, 0), (0, 0)): [9065, 9207, 3398, 1563, 782, 334, 133, 48, 27, 14, 6]
(0, (0, 1, 0), (0, 1)): [24, 31, 3, 2, 0, 1]
(0, (0, 1, 0), (0, 2)): [6, 9, 1, 2, 0, 1]
(0, (0, 1, 0), (1, 0)): [33, 24, 4, 6, 3]
(0, (0, 1, 0), (1, 1)): [21, 17, 2]
(0, (0, 1, 0), (1, 2)): [11, 12, 3, 2]
(0, (0, 1, 0), (2, 0)): [11, 13, 1, 5, 2]
(0, (0, 1, 0), (2, 1)): [6, 9, 0, 4]
(0, (0, 1, 0), (2, 2)): [9, 10, 2, 3]
(0, (0, 1, 0), (3, 2)): [4, 6, 2, 2, 1]
(0, (0, 1, 1), (0, 0)): [778, 1443, 1888, 840, 434, 197, 89, 35, 17, 8, 2, 1, 0, 1, 1]
(0, (0, 1, 1), (1, 0)): [2, 5, 5, 4, 1, 1, 2]
(0, (0, 1, 1), (1, 1)): [2, 2, 4, 2, 2, 0, 0, 0, 1]
(0, (0, 1, 1), (1, 2)): [0, 0, 3, 2, 3]
(0, (0, 1, 1), (2, 2)): [1, 0, 1, 2, 2]
(0, (1, 0, 0), (0, 0)): [63330, 22673, 13254, 6568, 3031, 1343, 583, 238, 89, 39, 26, 5, 5, 3, 2]
(0, (1, 0, 0), (0, 1)): [173, 37, 35, 15, 7, 3, 2, 1, 1]
(0, (1, 0, 0), (0, 2)): [60, 12, 16, 2, 2, 2, 1, 1]
(0, (1, 0, 0), (1, 0)): [133, 56, 36, 15, 4, 2, 0, 0, 2]
(0, (1, 0, 0), (1, 1)): [110, 30, 27, 11, 4, 2]
(0, (1, 0, 0), (1, 2)): [56, 14, 21, 0, 3, 2]
(0, (1, 0, 0), (2, 0)): [46, 24, 9, 8, 3, 0, 0, 0, 2]
(0, (1, 0, 0), (2, 1)): [53, 23, 8, 10, 1, 0, 0, 0, 2]
(0, (1, 0, 0), (2, 2)): [53, 13, 9, 4, 1, 1, 0, 0, 1]
(0, (1, 0, 0), (3, 0)): [21, 7, 3, 5, 2]
(0, (1, 0, 0), (3, 1)): [18, 8, 1, 6, 1, 0, 0, 0, 1]
(0, (1, 0, 1), (0, 0)): [1491, 4131, 1960, 1277, 697, 318, 158, 61, 27, 12, 6, 3, 1, 0, 1]
(0, (1, 0, 1), (0, 1)): [4, 12, 0, 5, 0, 0, 3]
(0, (1, 0, 1), (0, 2)): [2, 6, 0, 2, 0, 0, 2]
(0, (1, 0, 1), (1, 0)): [8, 18, 5, 2, 2, 3]
(0, (1, 0, 1), (1, 1)): [4, 11, 1, 1, 1, 0, 1]
(0, (1, 0, 1), (2, 0)): [3, 9, 2, 1, 0, 3]
(0, (1, 0, 1), (2, 1)): [1, 9, 1, 1, 1]
(0, (1, 0, 1), (2, 2)): [2, 5, 2, 0, 1]
(0, (1, 0, 1), (3, 2)): [1, 5, 1]
(0, (1, 1, 0), (0, 0)): [8137, 5403, 4490, 2932, 1584, 725, 326, 147, 50, 30, 21, 2, 2, 1]
(0, (1, 1, 0), (0, 1)): [30, 14, 12, 9, 2, 2]
(0, (1, 1, 0), (1, 0)): [18, 14, 8, 13, 4, 4, 3, 1]
(0, (1, 1, 0), (2, 0)): [10, 2, 6, 5, 3, 0, 2, 1]
(0, (1, 1, 1), (0, 0)): [914, 1530, 1307, 1146, 881, 438, 196, 97, 42, 26, 12, 2, 1, 1, 1]
(1, (0, 0, 0), (0, 0)): [219402, 22811, 9142, 3529, 1421, 581, 207, 85, 20, 11, 4, 1]
(1, (0, 0, 0), (0, 1)): [665, 80, 18, 8, 5]
(1, (0, 0, 0), (0, 2)): [270, 24, 8, 5, 1]
(1, (0, 0, 0), (1, 0)): [626, 67, 29, 7, 2, 2, 0, 1]
(1, (0, 0, 0), (1, 1)): [525, 60, 17, 7, 3, 1]
(1, (0, 0, 0), (1, 2)): [318, 37, 4, 7, 1, 1]
(1, (0, 0, 0), (2, 0)): [215, 27, 16, 2, 1]
(1, (0, 0, 0), (2, 1)): [276, 31, 18, 4, 2]
(1, (0, 0, 0), (2, 2)): [257, 23, 10, 7, 1, 1]
(1, (0, 0, 0), (3, 0)): [93, 9, 5, 0, 1]
(1, (0, 0, 0), (3, 1)): [122, 21, 10, 0, 1]
(1, (0, 0, 0), (3, 2)): [152, 19, 13, 4, 0, 1]
(1, (0, 0, 1), (0, 0)): [8133, 12513, 2398, 975, 425, 158, 65, 33, 11, 2, 0, 2, 1]
(1, (0, 0, 1), (0, 1)): [21, 32, 3, 1, 1]
(1, (0, 0, 1), (1, 0)): [22, 24, 8, 3, 3]
(1, (0, 0, 1), (1, 1)): [20, 18, 5, 2, 2]
(1, (0, 0, 1), (2, 0)): [9, 9, 5, 2, 2]
(1, (0, 0, 1), (2, 1)): [7, 10, 1, 1, 2]
(1, (0, 0, 1), (3, 1)): [6, 4, 0, 0, 2]
(1, (0, 1, 0), (0, 0)): [34550, 16896, 5576, 2255, 870, 375, 138, 50, 13, 5, 1, 2, 2]
(1, (0, 1, 0), (0, 1)): [111, 41, 9, 4, 1, 1, 1]
(1, (0, 1, 0), (1, 0)): [123, 55, 18, 10, 5, 2]
(1, (0, 1, 0), (1, 1)): [103, 37, 7, 8, 3, 1]
(1, (0, 1, 0), (1, 2)): [71, 21, 6, 1, 1]
(1, (0, 1, 0), (2, 0)): [52, 16, 10, 4, 2, 1]
(1, (0, 1, 0), (2, 1)): [45, 20, 4, 8, 2, 2]
(1, (0, 1, 0), (2, 2)): [49, 13, 8, 5, 2, 1]
(1, (0, 1, 0), (3, 2)): [36, 2, 6, 6, 0, 1]
(1, (0, 1, 1), (0, 0)): [5729, 4874, 5193, 1956, 824, 332, 122, 40, 17, 8, 5, 2, 0, 1]
(1, (0, 1, 1), (1, 0)): [19, 5, 12, 6, 4, 1, 1]
(1, (0, 1, 1), (2, 0)): [9, 5, 3, 3, 2, 1]
(1, (0, 1, 1), (3, 0)): [7, 4, 1, 1, 2, 1]
(1, (0, 1, 1), (3, 1)): [5, 2, 3, 1]
(1, (1, 0, 0), (0, 0)): [89840, 17179, 9672, 4136, 1633, 694, 225, 97, 29, 14, 7, 4, 1, 2]
(1, (1, 0, 0), (0, 1)): [283, 38, 27, 12, 4, 3, 1]
(1, (1, 0, 0), (0, 2)): [116, 18, 12, 4]
(1, (1, 0, 0), (1, 0)): [264, 50, 52, 20, 3, 3, 0, 1]
(1, (1, 0, 0), (1, 1)): [209, 30, 26, 11, 1, 3, 0, 1]
(1, (1, 0, 0), (1, 2)): [144, 17, 15, 5, 1]
(1, (1, 0, 0), (2, 0)): [88, 21, 25, 10, 3, 1]
(1, (1, 0, 0), (2, 1)): [100, 16, 19, 8, 0, 3, 0, 1]
(1, (1, 0, 0), (2, 2)): [98, 14, 16, 6, 0, 1]
(1, (1, 0, 0), (3, 0)): [31, 13, 9, 6, 3]
(1, (1, 0, 0), (3, 1)): [35, 9, 10, 6, 0, 1, 0, 1]
(1, (1, 0, 0), (3, 2)): [50, 10, 11, 8, 0, 1]
(1, (1, 0, 1), (0, 0)): [7048, 8776, 3213, 1866, 808, 333, 109, 51, 16, 12, 5, 1]
(1, (1, 0, 1), (0, 1)): [21, 16, 8, 4, 2, 1]
(1, (1, 0, 1), (0, 2)): [18, 4, 4, 3, 0, 1]
(1, (1, 0, 1), (1, 0)): [14, 20, 1, 9, 2, 3]
(1, (1, 0, 1), (1, 1)): [5, 17, 2, 6, 1]
(1, (1, 0, 1), (1, 2)): [8, 6, 4, 5, 1]
(1, (1, 0, 1), (2, 0)): [8, 6, 0, 3, 2, 2]
(1, (1, 0, 1), (2, 1)): [2, 10, 0, 4, 0, 1]
(1, (1, 0, 1), (3, 1)): [2, 3, 0, 2, 1]
(1, (1, 0, 1), (3, 2)): [1, 7, 2, 2, 1, 1]
(1, (1, 1, 0), (0, 0)): [22465, 7114, 5060, 3307, 1398, 598, 208, 87, 33, 13, 5, 3, 0, 3]
(1, (1, 1, 0), (0, 1)): [66, 18, 11, 13, 4, 2]
(1, (1, 1, 0), (0, 2)): [24, 9, 3, 5, 2]
(1, (1, 1, 0), (1, 0)): [49, 16, 17, 18, 6, 1]
(1, (1, 1, 0), (1, 1)): [58, 12, 6, 11, 2]
(1, (1, 1, 0), (2, 1)): [26, 12, 3, 7, 2]
(1, (1, 1, 0), (2, 2)): [29, 5, 3, 4, 2]
(1, (1, 1, 0), (3, 2)): [12, 7, 1, 2, 3]
(1, (1, 1, 1), (0, 0)): [4332, 3543, 2308, 1746, 1126, 499, 191, 88, 25, 9, 4, 0, 0, 1]
(1, (1, 1, 1), (0, 1)): [14, 13, 9, 5, 0, 1]
(1, (1, 1, 1), (1, 0)): [10, 10, 13, 5, 8, 3, 1, 1]
(1, (1, 1, 1), (2, 0)): [2, 4, 8, 2, 4, 2, 1, 1]
(1, (1, 1, 1), (2, 1)): [3, 5, 6, 2, 3, 1, 1]
(2, (0, 0, 0), (0, 0)): [188742, 7597, 2396, 759, 261, 87, 32, 12, 1, 1, 1]
(2, (0, 0, 0), (0, 1)): [585, 32, 5, 2]
(2, (0, 0, 0), (0, 2)): [214, 8, 3, 1]
(2, (0, 0, 0), (1, 0)): [685, 46, 12, 4, 2]
(2, (0, 0, 0), (1, 1)): [543, 28, 5, 1]
(2, (0, 0, 0), (1, 2)): [300, 8, 6, 1]
(2, (0, 0, 0), (2, 0)): [274, 17, 6, 3, 1]
(2, (0, 0, 0), (2, 1)): [359, 20, 3, 1]
(2, (0, 0, 0), (2, 2)): [290, 13, 6, 2]
(2, (0, 0, 0), (3, 0)): [102, 9, 5, 2, 1]
(2, (0, 0, 0), (3, 1)): [165, 11, 2]
(2, (0, 0, 0), (3, 2)): [213, 14, 6, 1]
(2, (0, 0, 1), (0, 0)): [24055, 8422, 1383, 440, 145, 51, 20, 4]
(2, (0, 0, 1), (0, 1)): [62, 20, 4]
(2, (0, 0, 1), (0, 2)): [29, 9, 3]
(2, (0, 0, 1), (1, 0)): [60, 25, 4]
(2, (0, 0, 1), (1, 1)): [44, 11, 2]
(2, (0, 0, 1), (1, 2)): [35, 11, 2]
(2, (0, 0, 1), (2, 1)): [26, 7, 2]
(2, (0, 0, 1), (2, 2)): [25, 6, 3]
(2, (0, 0, 1), (3, 2)): [21, 3, 3]
(2, (0, 1, 0), (0, 0)): [55987, 12821, 3045, 971, 298, 107, 39, 13, 1, 1]
(2, (0, 1, 0), (0, 1)): [137, 26, 3, 1, 4]
(2, (0, 1, 0), (0, 2)): [56, 6, 0, 0, 2]
(2, (0, 1, 0), (1, 0)): [183, 32, 13, 2, 1, 1]
(2, (0, 1, 0), (1, 1)): [130, 26, 4, 0, 2]
(2, (0, 1, 0), (1, 2)): [83, 13, 1, 0, 4]
(2, (0, 1, 0), (2, 0)): [89, 16, 9, 2, 1, 1]
(2, (0, 1, 0), (2, 2)): [77, 9, 3, 0, 3]
(2, (0, 1, 0), (3, 2)): [61, 8, 4, 0, 1, 1]
(2, (0, 1, 1), (0, 0)): [14425, 1324, 3434, 876, 300, 96, 27, 7, 3, 1, 1]
(2, (0, 1, 1), (1, 0)): [52, 3, 16, 5, 2]
(2, (0, 1, 1), (1, 1)): [33, 4, 11, 2]
(2, (0, 1, 1), (2, 0)): [29, 2, 7, 3, 1]
(2, (0, 1, 1), (2, 1)): [15, 2, 5]
(2, (0, 1, 1), (3, 0)): [24, 0, 5, 2, 1]
(2, (0, 1, 1), (3, 1)): [8, 1, 4]
(2, (0, 1, 1), (3, 2)): [15, 0, 6]
(2, (1, 0, 0), (0, 0)): [109494, 8536, 4147, 1361, 426, 144, 54, 18, 3, 0, 1]
(2, (1, 0, 0), (0, 1)): [279, 7, 9, 2, 0, 1]
(2, (1, 0, 0), (0, 2)): [83, 2, 2, 0, 0, 1]
(2, (1, 0, 0), (1, 0)): [304, 16, 14, 5, 1]
(2, (1, 0, 0), (1, 1)): [230, 7, 11, 3, 1]
(2, (1, 0, 0), (1, 2)): [110, 2, 6, 2]
(2, (1, 0, 0), (2, 0)): [109, 9, 5, 3]
(2, (1, 0, 0), (2, 1)): [109, 5, 4, 0, 1]
(2, (1, 0, 0), (2, 2)): [83, 4, 8, 1]
(2, (1, 0, 0), (3, 0)): [41, 5, 1, 3]
(2, (1, 0, 0), (3, 1)): [45, 2, 1]
(2, (1, 0, 0), (3, 2)): [40, 4, 1, 1]
(2, (1, 0, 1), (0, 0)): [18157, 5140, 2235, 978, 327, 112, 37, 11, 4, 0, 0, 1]
(2, (1, 0, 1), (0, 1)): [36, 9, 5, 6, 1, 1]
(2, (1, 0, 1), (0, 2)): [16, 3, 2, 4]
(2, (1, 0, 1), (1, 0)): [46, 4, 6, 7]
(2, (1, 0, 1), (1, 1)): [18, 4, 2, 2, 1]
(2, (1, 0, 1), (1, 2)): [10, 4, 1, 3]
(2, (1, 0, 1), (2, 1)): [10, 2, 1, 2, 1]
(2, (1, 0, 1), (2, 2)): [10, 1, 1, 2]
(2, (1, 1, 0), (0, 0)): [35140, 5365, 2994, 1708, 499, 183, 53, 16, 7, 2, 2, 0, 0, 1]
(2, (1, 1, 0), (0, 1)): [101, 14, 4, 2, 2]
(2, (1, 1, 0), (0, 2)): [43, 5, 1, 1]
(2, (1, 1, 0), (1, 0)): [90, 9, 9, 9, 0, 2, 0, 1]
(2, (1, 1, 0), (1, 1)): [60, 8, 3, 3, 1]
(2, (1, 1, 0), (1, 2)): [43, 4, 0, 1]
(2, (1, 1, 0), (2, 0)): [45, 5, 5, 5, 0, 1, 0, 1]
(2, (1, 1, 0), (2, 1)): [38, 5, 2, 2, 1]
(2, (1, 1, 0), (2, 2)): [34, 4, 1, 1, 1]
(2, (1, 1, 1), (0, 0)): [10483, 1619, 1748, 980, 601, 185, 66, 20, 9, 2, 2, 0, 0, 1]
(2, (1, 1, 1), (1, 0)): [32, 9, 3, 8, 0, 1]
