(0, (0, 0, 0)): [26982, 5099, 2307, 1055, 464, 192, 80, 35, 8, 7, 1]
(0, (0, 0, 1)): [112, 287, 82, 29, 17, 7, 3]
(0, (0, 1, 0)): [1053, 854, 348, 174, 78, 37, 19, 7, 1, 2]
(0, (0, 1, 1)): [82, 130, 148, 78, 26, 22, 9, 3]
(0, (1, 0, 0)): [5750, 1897, 1121, 572, 263, 122, 54, 21, 4, 5, 1]
(0, (1, 0, 1)): [149, 414, 173, 116, 56, 25, 9, 6, 2, 1]
(0, (1, 1, 0)): [781, 521, 367, 266, 131, 70, 30, 7, 1, 4]
(0, (1, 1, 1)): [70, 152, 117, 94, 72, 44, 8, 3, 2, 2]
(1, (0, 0, 0)): [21965, 2263, 924, 369, 136, 48, 15, 8, 3, 2]
(1, (0, 0, 1)): [609, 714, 147, 58, 23, 12, 10, 1]
(1, (0, 1, 0)): [3062, 1242, 432, 180, 80, 27, 11, 5, 2, 1]
(1, (0, 1, 1)): [419, 350, 292, 125, 59, 24, 10, 3, 2, 2]
(1, (1, 0, 0)): [8241, 1384, 864, 353, 150, 56, 17, 9, 4, 2]
(1, (1, 0, 1)): [663, 719, 258, 166, 59, 26, 15, 7, 1]
(1, (1, 1, 0)): [2409, 728, 442, 296, 140, 51, 24, 5, 3, 1]
(1, (1, 1, 1)): [487, 408, 268, 158, 107, 47, 17, 3, 2, 2]
(2, (0, 0, 0)): [18895, 825, 271, 99, 25, 12, 1, 1]
(2, (0, 0, 1)): [1607, 447, 86, 39, 12, 5, 1, 1]
(2, (0, 1, 0)): [4680, 910, 243, 97, 35, 11, 1, 1]
(2, (0, 1, 1)): [959, 77, 211, 55, 26, 5, 3]
(2, (1, 0, 0)): [9611, 687, 448, 153, 42, 17, 2, 2]
(2, (1, 0, 1)): [1715, 396, 122, 77, 30, 11, 2, 3]
(2, (1, 1, 0)): [4102, 593, 298, 203, 59, 26, 10, 3]
(2, (1, 1, 1)): [1098, 150, 200, 102, 79, 19, 3, 1, 0, 1]
