(0, (0, 0, 0), (0, 0)): [752196, 151867, 71366, 32746, 14884, 6504, 2711, 1144, 478, 221, 100, 43, 22, 6, 3, 1, 0, 1]
(0, (0, 0, 0), (0, 1)): [13258, 2475, 1208, 510, 236, 105, 35, 23, 5, 5, 2, 0, 2, 1, 0, 1]
(0, (0, 0, 0), (0, 2)): [4698, 786, 381, 163, 72, 21, 13, 10, 1, 1, 0, 0, 1]
(0, (0, 0, 0), (1, 0)): [12284, 2675, 1374, 621, 320, 129, 62, 22, 5, 4, 2]
(0, (0, 0, 0), (1, 1)): [11322, 2219, 1140, 506, 240, 102, 33, 20, 5, 3, 3, 0, 1, 1, 0, 1]
(0, (0, 0, 0), (1, 2)): [7010, 1243, 595, 240, 121, 49, 17, 10, 4, 1, 0, 0, 2]
(0, (0, 0, 0), (2, 0)): [4060, 998, 520, 262, 141, 59, 31, 10, 1, 1, 1]
(0, (0, 0, 0), (2, 1)): [6171, 1299, 703, 337, 165, 72, 30, 16, 1, 0, 1, 0, 0, 1]
(0, (0, 0, 0), (2, 2)): [5679, 1067, 544, 232, 119, 51, 17, 10, 1, 1, 1, 0, 2]
(0, (0, 0, 0), (3, 0)): [1358, 347, 229, 127, 60, 32, 13, 3, 1, 0, 1]
(0, (0, 0, 0), (3, 1)): [2518, 613, 399, 208, 91, 42, 17, 8, 2]
(0, (0, 0, 0), (3, 2)): [3379, 716, 462, 211, 104, 40, 15, 7, 2, 1, 0, 0, 2]
(0, (0, 0, 1), (0, 0)): [3372, 10642, 2992, 1384, 669, 305, 137, 78, 30, 16, 6, 1, 3, 1]
(0, (0, 0, 1), (0, 1)): [51, 120, 45, 15, 7, 4, 4, 1, 0, 0, 0, 0, 0, 1]
(0, (0, 0, 1), (0, 2)): [21, 49, 13, 5, 3]
(0, (0, 0, 1), (1, 0)): [53, 125, 34, 25, 13, 7, 1, 2, 1]
(0, (0, 0, 1), (1, 1)): [45, 80, 33, 13, 9, 4, 3, 1, 0, 0, 0, 0, 0, 1]
(0, (0, 0, 1), (1, 2)): [30, 60, 19, 8, 4, 0, 1, 1]
(0, (0, 0, 1), (2, 0)): [25, 59, 16, 13, 4, 5, 1, 1, 1]
(0, (0, 0, 1), (2, 1)): [27, 50, 18, 12, 8, 3, 1]
(0, (0, 0, 1), (2, 2)): [27, 40, 17, 7, 4, 1, 1]
(0, (0, 0, 1), (3, 0)): [5, 24, 7, 6, 1, 2, 1, 1, 1]
(0, (0, 0, 1), (3, 1)): [12, 23, 7, 7, 4, 3, 0, 1]
(0, (0, 0, 1), (3, 2)): [17, 25, 5, 5, 2, 3, 1, 1]
(0, (0, 1, 0), (0, 0)): [24607, 24160, 9383, 4456, 2224, 987, 412, 172, 76, 44, 17, 5, 2, 0, 1]
(0, (0, 1, 0), (0, 1)): [418, 330, 128, 53, 22, 16, 6, 3]
(0, (0, 1, 0), (0, 2)): [154, 100, 43, 15, 4, 7, 1]
(0, (0, 1, 0), (1, 0)): [388, 349, 139, 87, 42, 21, 8, 0, 1]
(0, (0, 1, 0), (1, 1)): [336, 264, 108, 55, 23, 12, 7, 2]
(0, (0, 1, 0), (1, 2)): [209, 162, 65, 31, 12, 10, 2]
(0, (0, 1, 0), (2, 0)): [131, 129, 51, 37, 18, 12, 3, 0, 1]
(0, (0, 1, 0), (2, 1)): [153, 146, 56, 39, 11, 13, 6, 2]
(0, (0, 1, 0), (2, 2)): [164, 121, 57, 30, 8, 6, 4, 1]
(0, (0, 1, 0), (3, 0)): [54, 48, 22, 20, 14, 3, 1, 0, 1]
(0, (0, 1, 0), (3, 1)): [59, 65, 29, 23, 15, 6, 3, 1]
(0, (0, 1, 0), (3, 2)): [91, 72, 42, 20, 11, 4, 5]
(0, (0, 1, 1), (0, 0)): [2206, 3844, 4908, 2213, 1200, 553, 242, 110, 57, 23, 8, 5, 0, 2, 1, 0, 0, 1]
(0, (0, 1, 1), (0, 1)): [26, 40, 67, 33, 17, 4, 3, 1, 1]
(0, (0, 1, 1), (0, 2)): [12, 16, 25, 12, 8, 2, 1, 1]
(0, (0, 1, 1), (1, 0)): [45, 67, 100, 45, 32, 11, 7, 4, 3, 0, 0, 1]
(0, (0, 1, 1), (1, 1)): [24, 40, 59, 30, 18, 3, 3, 1, 2]
(0, (0, 1, 1), (1, 2)): [15, 19, 33, 17, 12, 3, 2, 1, 1]
(0, (0, 1, 1), (2, 0)): [28, 39, 51, 24, 16, 7, 3, 3, 2, 0, 0, 1]
(0, (0, 1, 1), (2, 1)): [20, 29, 44, 20, 9, 3, 2, 2, 2]
(0, (0, 1, 1), (2, 2)): [23, 22, 31, 16, 8, 3, 1, 2, 1]
(0, (0, 1, 1), (3, 0)): [16, 23, 25, 19, 13, 6, 1, 1, 0, 0, 0, 1]
(0, (0, 1, 1), (3, 1)): [9, 15, 17, 10, 8, 1, 0, 0, 2]
(0, (0, 1, 1), (3, 2)): [13, 11, 26, 12, 6, 3, 1, 2, 2]
(0, (1, 0, 0), (0, 0)): [167012, 57217, 36006, 17905, 8671, 3937, 1683, 728, 315, 144, 68, 27, 14, 4, 2, 1, 0, 1]
(0, (1, 0, 0), (0, 1)): [2777, 743, 567, 266, 146, 64, 21, 9, 4, 1]
(0, (1, 0, 0), (0, 2)): [1015, 218, 187, 72, 44, 16, 9, 1, 2, 1]
(0, (1, 0, 0), (1, 0)): [2431, 815, 603, 287, 150, 51, 34, 13, 5, 5, 2]
(0, (1, 0, 0), (1, 1)): [2119, 612, 465, 224, 105, 36, 21, 9, 3, 3]
(0, (1, 0, 0), (1, 2)): [1284, 325, 268, 101, 59, 21, 13, 3, 2, 1]
(0, (1, 0, 0), (2, 0)): [774, 285, 200, 111, 64, 25, 8, 8, 3, 2, 2]
(0, (1, 0, 0), (2, 1)): [1036, 316, 239, 137, 64, 25, 10, 5, 4, 3]
(0, (1, 0, 0), (2, 2)): [941, 259, 202, 92, 49, 16, 9, 3, 3, 2]
(0, (1, 0, 0), (3, 0)): [238, 99, 75, 47, 33, 10, 1, 5, 0, 1, 1]
(0, (1, 0, 0), (3, 1)): [383, 138, 106, 65, 43, 12, 3, 2, 3, 1, 1]
(0, (1, 0, 0), (3, 2)): [475, 172, 118, 62, 45, 14, 4, 1, 3, 2]
(0, (1, 0, 1), (0, 0)): [3748, 12074, 5094, 3418, 1851, 868, 425, 182, 84, 34, 16, 10, 4, 0, 1, 0, 0, 1]
(0, (1, 0, 1), (0, 1)): [60, 168, 67, 49, 20, 9, 9, 2, 1, 0, 0, 0, 1]
(0, (1, 0, 1), (0, 2)): [26, 63, 14, 15, 7, 6, 5, 1, 1]
(0, (1, 0, 1), (1, 0)): [58, 194, 79, 56, 28, 20, 2, 4, 3, 1, 1]
(0, (1, 0, 1), (1, 1)): [52, 143, 51, 42, 16, 10, 5, 1, 2, 0, 1]
(0, (1, 0, 1), (1, 2)): [41, 70, 25, 17, 9, 6, 3, 2, 2]
(0, (1, 0, 1), (2, 0)): [21, 71, 34, 20, 12, 11, 0, 3, 0, 1]
(0, (1, 0, 1), (2, 1)): [19, 94, 33, 25, 11, 8, 1, 0, 1, 0, 1]
(0, (1, 0, 1), (2, 2)): [32, 68, 27, 12, 7, 3, 2, 2, 1, 0, 1]
(0, (1, 0, 1), (3, 0)): [11, 19, 15, 12, 6, 7, 0, 3]
(0, (1, 0, 1), (3, 1)): [9, 35, 11, 12, 9, 5]
(0, (1, 0, 1), (3, 2)): [8, 38, 20, 9, 6, 2, 1, 0, 1, 0, 1]
(0, (1, 1, 0), (0, 0)): [22764, 14896, 11870, 8172, 4479, 2109, 924, 451, 183, 85, 43, 15, 7, 1]
(0, (1, 1, 0), (0, 1)): [432, 229, 151, 123, 61, 29, 10, 8, 1, 0, 1]
(0, (1, 1, 0), (0, 2)): [163, 87, 50, 37, 25, 9, 4, 5]
(0, (1, 1, 0), (1, 0)): [343, 213, 179, 122, 71, 41, 15, 9, 2, 3]
(0, (1, 1, 0), (1, 1)): [294, 159, 123, 87, 39, 25, 7, 5, 2, 1, 1]
(0, (1, 1, 0), (1, 2)): [201, 89, 71, 51, 22, 11, 3, 6, 1, 1]
(0, (1, 1, 0), (2, 0)): [94, 62, 61, 48, 29, 16, 5, 6, 1, 1]
(0, (1, 1, 0), (2, 1)): [137, 83, 63, 48, 31, 16, 5, 4, 0, 1]
(0, (1, 1, 0), (2, 2)): [129, 72, 59, 36, 16, 10, 1, 4, 1, 2]
(0, (1, 1, 0), (3, 0)): [23, 22, 25, 16, 11, 5, 2, 3, 1]
(0, (1, 1, 0), (3, 1)): [51, 30, 35, 29, 15, 9, 5, 2, 1]
(0, (1, 1, 0), (3, 2)): [72, 38, 38, 28, 12, 7, 1, 3, 1]
(0, (1, 1, 1), (0, 0)): [2391, 4332, 3662, 2908, 2282, 1129, 531, 279, 121, 54, 31, 11, 2, 1, 1]
(0, (1, 1, 1), (0, 1)): [55, 66, 65, 43, 28, 13, 4, 5, 4, 2, 1, 1]
(0, (1, 1, 1), (0, 2)): [27, 29, 19, 15, 14, 2, 1, 1, 2, 0, 0, 1]
(0, (1, 1, 1), (1, 0)): [35, 78, 81, 53, 51, 25, 9, 7, 2, 0, 1]
(0, (1, 1, 1), (1, 1)): [33, 56, 69, 39, 25, 12, 6, 7, 2, 1, 1]
(0, (1, 1, 1), (1, 2)): [32, 35, 34, 15, 11, 7, 3, 2, 3, 0, 0, 1]
(0, (1, 1, 1), (2, 0)): [11, 33, 20, 25, 25, 9, 1, 2, 1, 0, 1]
(0, (1, 1, 1), (2, 1)): [17, 28, 30, 21, 24, 7, 0, 4, 2]
(0, (1, 1, 1), (2, 2)): [18, 27, 28, 19, 11, 6, 2, 3, 1, 0, 0, 1]
(0, (1, 1, 1), (3, 0)): [2, 9, 9, 12, 8, 2, 0, 0, 0, 0, 1]
(0, (1, 1, 1), (3, 1)): [5, 15, 11, 19, 7, 2, 0, 0, 1, 0, 1]
(0, (1, 1, 1), (3, 2)): [6, 9, 16, 18, 7, 3, 1, 0, 2, 0, 0, 1]
(1, (0, 0, 0), (0, 0)): [599189, 65304, 27133, 10807, 4311, 1687, 633, 255, 95, 39, 17, 10, 5, 2, 0, 1]
(1, (0, 0, 0), (0, 1)): [10656, 1099, 471, 170, 77, 14, 7, 7, 1, 0, 0, 0, 0, 1]
(1, (0, 0, 0), (0, 2)): [3785, 321, 131, 52, 19, 2, 1, 2]
(1, (0, 0, 0), (1, 0)): [10271, 1297, 582, 206, 100, 35, 17, 7, 0, 1, 0, 0, 0, 0, 0, 1]
(1, (0, 0, 0), (1, 1)): [9266, 1039, 439, 154, 73, 25, 13, 4, 1, 1, 0, 0, 0, 1]
(1, (0, 0, 0), (1, 2)): [5662, 518, 212, 92, 36, 11, 5, 2]
(1, (0, 0, 0), (2, 0)): [3529, 498, 267, 85, 41, 17, 6, 4, 0, 0, 0, 0, 0, 0, 0, 1]
(1, (0, 0, 0), (2, 1)): [5111, 640, 294, 99, 53, 16, 7, 4, 0, 1]
(1, (0, 0, 0), (2, 2)): [4696, 474, 208, 82, 32, 16, 7, 3]
(1, (0, 0, 0), (3, 0)): [1135, 188, 124, 38, 21, 7, 4, 0, 0, 0, 0, 0, 0, 0, 0, 1]
(1, (0, 0, 0), (3, 1)): [2132, 355, 186, 65, 39, 6, 2, 2]
(1, (0, 0, 0), (3, 2)): [2747, 354, 191, 66, 33, 14, 6, 3]
(1, (0, 0, 1), (0, 0)): [17833, 27218, 5322, 2235, 957, 397, 165, 75, 34, 12, 6, 4, 3, 1]
(1, (0, 0, 1), (0, 1)): [268, 296, 60, 21, 10, 5, 4]
(1, (0, 0, 1), (0, 2)): [106, 97, 13, 6, 2, 0, 2]
(1, (0, 0, 1), (1, 0)): [278, 373, 75, 41, 18, 9, 4, 2, 1]
(1, (0, 0, 1), (1, 1)): [238, 274, 49, 23, 10, 6, 2, 2]
(1, (0, 0, 1), (1, 2)): [174, 140, 19, 11, 5, 1, 1]
(1, (0, 0, 1), (2, 0)): [121, 155, 36, 23, 10, 6, 4, 0, 1]
(1, (0, 0, 1), (2, 1)): [117, 164, 28, 16, 7, 6, 4, 2]
(1, (0, 0, 1), (2, 2)): [123, 129, 18, 10, 3, 1]
(1, (0, 0, 1), (3, 0)): [52, 66, 19, 16, 7, 3, 2, 0, 1]
(1, (0, 0, 1), (3, 1)): [67, 81, 11, 14, 5, 2, 2, 2]
(1, (0, 0, 1), (3, 2)): [79, 79, 15, 9, 3, 1, 1]
(1, (0, 1, 0), (0, 0)): [83858, 40004, 13966, 5900, 2401, 993, 346, 156, 45, 27, 12, 7, 5, 1, 1]
(1, (0, 1, 0), (0, 1)): [1156, 470, 170, 69, 26, 10, 6, 2, 1]
(1, (0, 1, 0), (0, 2)): [436, 162, 49, 15, 5, 4, 2]
(1, (0, 1, 0), (1, 0)): [1474, 658, 239, 145, 73, 23, 4, 3, 0, 0, 1, 0, 0, 1]
(1, (0, 1, 0), (1, 1)): [1056, 418, 157, 76, 32, 12, 5, 3, 1, 0, 0, 0, 0, 1]
(1, (0, 1, 0), (1, 2)): [658, 242, 82, 29, 10, 6, 3, 1]
(1, (0, 1, 0), (2, 0)): [636, 266, 110, 84, 39, 14, 2, 2, 0, 0, 1]
(1, (0, 1, 0), (2, 1)): [571, 235, 85, 58, 29, 11, 4, 3, 0, 0, 1, 0, 0, 1]
(1, (0, 1, 0), (2, 2)): [515, 211, 74, 33, 19, 5, 1, 1]
(1, (0, 1, 0), (3, 0)): [325, 130, 48, 60, 28, 7, 0, 1]
(1, (0, 1, 0), (3, 1)): [284, 104, 43, 41, 19, 6, 1, 1, 0, 0, 0, 0, 0, 1]
(1, (0, 1, 0), (3, 2)): [294, 111, 51, 38, 19, 1, 0, 1, 0, 0, 0, 0, 0, 1]
(1, (0, 1, 1), (0, 0)): [14201, 12030, 11678, 4592, 2273, 922, 365, 147, 76, 21, 9, 4, 1, 2, 0, 1]
(1, (0, 1, 1), (0, 1)): [172, 125, 100, 31, 22, 11, 5, 2]
(1, (0, 1, 1), (0, 2)): [87, 35, 36, 10, 7, 2, 1]
(1, (0, 1, 1), (1, 0)): [311, 215, 177, 97, 63, 20, 10, 7, 3, 1]
(1, (0, 1, 1), (1, 1)): [139, 106, 92, 36, 19, 6, 6, 2]
(1, (0, 1, 1), (1, 2)): [103, 51, 49, 23, 7, 3, 2]
(1, (0, 1, 1), (2, 0)): [207, 145, 99, 64, 51, 18, 8, 6, 3, 1]
(1, (0, 1, 1), (2, 1)): [89, 71, 49, 23, 9, 7, 5, 1]
(1, (0, 1, 1), (2, 2)): [82, 53, 42, 20, 11, 1, 0, 1]
(1, (0, 1, 1), (3, 0)): [170, 119, 78, 50, 46, 15, 7, 6, 3, 1]
(1, (0, 1, 1), (3, 1)): [41, 34, 18, 11, 3, 5, 5]
(1, (0, 1, 1), (3, 2)): [48, 41, 25, 7, 7, 3, 1]
(1, (1, 0, 0), (0, 0)): [241211, 44596, 27510, 11957, 4870, 2000, 761, 292, 129, 57, 23, 15, 3, 2, 0, 2]
(1, (1, 0, 0), (0, 1)): [3957, 555, 446, 183, 77, 25, 14, 2, 0, 2]
(1, (1, 0, 0), (0, 2)): [1383, 181, 158, 47, 25, 8, 5, 0, 0, 2]
(1, (1, 0, 0), (1, 0)): [3878, 676, 516, 245, 100, 35, 16, 8, 1, 2, 0, 0, 1, 0, 0, 1]
(1, (1, 0, 0), (1, 1)): [3224, 471, 374, 156, 61, 23, 9, 6, 0, 0, 0, 0, 0, 0, 0, 1]
(1, (1, 0, 0), (1, 2)): [1943, 245, 213, 70, 36, 11, 5, 3, 0, 1]
(1, (1, 0, 0), (2, 0)): [1266, 248, 196, 112, 46, 19, 8, 0, 1, 2, 0, 0, 1]
(1, (1, 0, 0), (2, 1)): [1668, 280, 226, 109, 41, 17, 6, 2, 1, 0, 0, 0, 0, 0, 0, 1]
(1, (1, 0, 0), (2, 2)): [1458, 210, 182, 83, 35, 11, 4, 2, 0, 1]
(1, (1, 0, 0), (3, 0)): [400, 95, 68, 46, 23, 7, 4, 0, 0, 2, 0, 0, 1]
(1, (1, 0, 0), (3, 1)): [641, 156, 105, 67, 21, 11, 5, 1, 0, 1, 0, 0, 0, 0, 0, 1]
(1, (1, 0, 0), (3, 2)): [748, 149, 101, 62, 25, 12, 5, 1, 0, 1, 0, 0, 0, 0, 0, 1]
(1, (1, 0, 1), (0, 0)): [18663, 23677, 7892, 5050, 2166, 913, 336, 144, 57, 39, 13, 3, 0, 1]
(1, (1, 0, 1), (0, 1)): [335, 280, 86, 69, 34, 12, 9, 2, 3, 2]
(1, (1, 0, 1), (0, 2)): [153, 82, 27, 24, 6, 5, 4, 1, 0, 1]
(1, (1, 0, 1), (1, 0)): [307, 371, 101, 80, 40, 15, 4, 1, 0, 2]
(1, (1, 0, 1), (1, 1)): [239, 236, 67, 64, 34, 5, 6, 1, 2]
(1, (1, 0, 1), (1, 2)): [181, 126, 40, 41, 15, 4, 4, 2, 0, 1]
(1, (1, 0, 1), (2, 0)): [121, 130, 34, 22, 18, 9, 1, 0, 0, 1]
(1, (1, 0, 1), (2, 1)): [121, 129, 36, 32, 18, 7, 5, 0, 2]
(1, (1, 0, 1), (2, 2)): [113, 97, 33, 17, 11, 4, 4, 0, 1]
(1, (1, 0, 1), (3, 0)): [45, 55, 14, 7, 8, 4, 0, 0, 0, 1]
(1, (1, 0, 1), (3, 1)): [51, 60, 14, 18, 14, 6]
(1, (1, 0, 1), (3, 2)): [58, 60, 21, 14, 12, 7, 3, 0, 1]
(1, (1, 1, 0), (0, 0)): [65051, 20558, 14568, 9855, 4309, 1853, 723, 291, 114, 53, 19, 9, 5, 4, 1]
(1, (1, 1, 0), (0, 1)): [1081, 290, 197, 148, 68, 24, 15, 4]
(1, (1, 1, 0), (0, 2)): [426, 114, 68, 52, 22, 6, 2]
(1, (1, 1, 0), (1, 0)): [1014, 349, 242, 195, 85, 27, 7, 6, 1, 2, 0, 0, 2, 1]
(1, (1, 1, 0), (1, 1)): [844, 235, 171, 129, 57, 18, 11, 5, 0, 2]
(1, (1, 1, 0), (1, 2)): [594, 141, 96, 78, 32, 9, 6, 1]
(1, (1, 1, 0), (2, 0)): [343, 123, 87, 73, 32, 13, 1, 1, 1, 0, 0, 0, 2, 1]
(1, (1, 1, 0), (2, 1)): [421, 152, 96, 79, 30, 13, 4, 2, 0, 1, 0, 0, 1]
(1, (1, 1, 0), (2, 2)): [438, 116, 71, 52, 32, 8, 3, 1]
(1, (1, 1, 0), (3, 0)): [95, 39, 32, 25, 18, 8, 1, 1, 1, 0, 0, 0, 1]
(1, (1, 1, 0), (3, 1)): [172, 73, 50, 38, 21, 6, 4, 2, 0, 1, 0, 0, 1]
(1, (1, 1, 0), (3, 2)): [240, 74, 49, 36, 25, 6, 5, 3, 0, 1, 0, 0, 1]
(1, (1, 1, 1), (0, 0)): [13430, 10924, 7122, 4894, 3491, 1524, 631, 247, 104, 39, 15, 10, 5, 2, 1, 1]
(1, (1, 1, 1), (0, 1)): [272, 179, 116, 71, 65, 20, 10, 5, 3]
(1, (1, 1, 1), (0, 2)): [136, 65, 44, 21, 23, 7, 5]
(1, (1, 1, 1), (1, 0)): [239, 184, 132, 85, 65, 30, 14, 4, 2, 2, 0, 1, 1]
(1, (1, 1, 1), (1, 1)): [192, 121, 90, 69, 59, 20, 6, 4, 1]
(1, (1, 1, 1), (1, 2)): [155, 63, 54, 37, 28, 16, 6, 1]
(1, (1, 1, 1), (2, 0)): [72, 75, 60, 35, 23, 14, 7, 2, 1, 1, 0, 1, 1]
(1, (1, 1, 1), (2, 1)): [93, 81, 64, 42, 36, 7, 6, 3, 1, 1, 0, 1]
(1, (1, 1, 1), (2, 2)): [104, 56, 51, 42, 32, 10, 6, 2]
(1, (1, 1, 1), (3, 0)): [17, 28, 17, 16, 7, 9, 3, 0, 1, 0, 0, 0, 1]
(1, (1, 1, 1), (3, 1)): [33, 41, 18, 23, 12, 7, 3, 2, 0, 0, 0, 0, 1]
(1, (1, 1, 1), (3, 2)): [66, 38, 27, 28, 20, 9, 2, 1]
(2, (0, 0, 0), (0, 0)): [515712, 22692, 7775, 2448, 875, 296, 105, 37, 8, 2, 3, 0, 1]
(2, (0, 0, 0), (0, 1)): [9317, 404, 142, 35, 22, 4, 4, 1]
(2, (0, 0, 0), (0, 2)): [3167, 99, 32, 11, 3, 1, 0, 1]
(2, (0, 0, 0), (1, 0)): [9497, 538, 186, 56, 26, 8, 3, 0, 0, 0, 0, 0, 1]
(2, (0, 0, 0), (1, 1)): [8443, 403, 148, 30, 24, 4, 6]
(2, (0, 0, 0), (1, 2)): [5018, 179, 62, 16, 10, 3, 2]
(2, (0, 0, 0), (2, 0)): [3420, 207, 91, 34, 12, 5, 1, 0, 0, 0, 0, 0, 1]
(2, (0, 0, 0), (2, 1)): [4883, 243, 97, 32, 10, 3, 3]
(2, (0, 0, 0), (2, 2)): [4233, 189, 66, 23, 12, 4, 1]
(2, (0, 0, 0), (3, 0)): [1181, 85, 54, 17, 9, 2, 1, 0, 0, 0, 0, 0, 1]
(2, (0, 0, 0), (3, 1)): [2219, 129, 72, 19, 10, 3, 2]
(2, (0, 0, 0), (3, 2)): [2738, 151, 70, 18, 7, 3]
(2, (0, 0, 1), (0, 0)): [52569, 17560, 3201, 1090, 385, 144, 47, 13, 1, 2, 0, 1]
(2, (0, 0, 1), (0, 1)): [755, 215, 50, 15, 8, 3, 1]
(2, (0, 0, 1), (0, 2)): [287, 54, 17, 2, 1, 1]
(2, (0, 0, 1), (1, 0)): [846, 241, 64, 20, 6, 2, 0, 1]
(2, (0, 0, 1), (1, 1)): [686, 168, 45, 12, 8, 1, 1]
(2, (0, 0, 1), (1, 2)): [446, 86, 22, 7, 2, 1, 1]
(2, (0, 0, 1), (2, 0)): [354, 103, 30, 15, 4, 2, 0, 1]
(2, (0, 0, 1), (2, 1)): [397, 99, 33, 11, 7, 0, 0, 1]
(2, (0, 0, 1), (2, 2)): [363, 70, 25, 4, 3, 1, 1]
(2, (0, 0, 1), (3, 0)): [181, 41, 17, 9, 1, 2]
(2, (0, 0, 1), (3, 1)): [210, 49, 17, 8, 5]
(2, (0, 0, 1), (3, 2)): [233, 56, 18, 5, 2, 1]
(2, (0, 1, 0), (0, 0)): [135532, 30954, 7751, 2681, 857, 296, 101, 24, 6, 1, 2, 0, 1]
(2, (0, 1, 0), (0, 1)): [1896, 346, 89, 35, 14, 1, 1]
(2, (0, 1, 0), (0, 2)): [697, 96, 23, 8, 5]
(2, (0, 1, 0), (1, 0)): [2544, 430, 195, 72, 17, 9, 5, 1, 0, 0, 0, 0, 1]
(2, (0, 1, 0), (1, 1)): [1762, 315, 113, 36, 12, 4, 3, 1]
(2, (0, 1, 0), (1, 2)): [1039, 150, 42, 22, 6]
(2, (0, 1, 0), (2, 0)): [1202, 181, 97, 50, 12, 4, 3, 0, 0, 0, 0, 0, 1]
(2, (0, 1, 0), (2, 1)): [1115, 192, 74, 25, 7, 3, 3, 1, 0, 0, 0, 0, 1]
(2, (0, 1, 0), (2, 2)): [957, 133, 47, 27, 7, 1, 0, 1]
(2, (0, 1, 0), (3, 0)): [655, 85, 54, 33, 8, 2, 2]
(2, (0, 1, 0), (3, 1)): [543, 96, 42, 16, 8, 2, 3, 0, 0, 0, 0, 0, 1]
(2, (0, 1, 0), (3, 2)): [646, 95, 42, 20, 5, 2, 1, 0, 0, 0, 0, 0, 1]
(2, (0, 1, 1), (0, 0)): [32739, 2958, 7728, 2019, 774, 260, 90, 33, 11, 4, 2, 1, 0, 1]
(2, (0, 1, 1), (0, 1)): [412, 36, 74, 20, 4, 3, 1, 3]
(2, (0, 1, 1), (0, 2)): [168, 11, 29, 7, 2, 1, 1]
(2, (0, 1, 1), (1, 0)): [580, 65, 113, 44, 23, 3, 3, 0, 0, 0, 1]
(2, (0, 1, 1), (1, 1)): [363, 32, 58, 19, 5, 2, 1, 2]
(2, (0, 1, 1), (1, 2)): [239, 16, 39, 9, 2, 1, 2, 1]
(2, (0, 1, 1), (2, 0)): [307, 41, 59, 28, 18, 3, 1, 0, 0, 0, 1]
(2, (0, 1, 1), (2, 1)): [195, 23, 42, 11, 3, 2]
(2, (0, 1, 1), (2, 2)): [196, 21, 39, 11, 0, 2, 1, 1]
(2, (0, 1, 1), (3, 0)): [215, 29, 35, 18, 17, 3, 1, 0, 0, 0, 1]
(2, (0, 1, 1), (3, 1)): [105, 11, 23, 6, 4, 1]
(2, (0, 1, 1), (3, 2)): [135, 18, 31, 6, 2, 3, 0, 1]
(2, (1, 0, 0), (0, 0)): [295055, 22325, 13274, 4255, 1426, 450, 177, 56, 13, 7, 4, 0, 1]
(2, (1, 0, 0), (0, 1)): [4555, 233, 207, 63, 26, 7, 4, 1]
(2, (1, 0, 0), (0, 2)): [1578, 69, 52, 12, 8, 2, 1]
(2, (1, 0, 0), (1, 0)): [4890, 392, 305, 106, 37, 6, 5, 1, 0, 0, 0, 0, 1]
(2, (1, 0, 0), (1, 1)): [3789, 225, 212, 67, 21, 2, 1]
(2, (1, 0, 0), (1, 2)): [2267, 111, 87, 37, 10, 2]
(2, (1, 0, 0), (2, 0)): [1709, 160, 111, 53, 19, 3, 3, 0, 0, 0, 0, 0, 1]
(2, (1, 0, 0), (2, 1)): [1980, 134, 118, 36, 21, 3, 1, 0, 0, 0, 0, 0, 1]
(2, (1, 0, 0), (2, 2)): [1740, 100, 89, 32, 13, 4, 1]
(2, (1, 0, 0), (3, 0)): [563, 76, 35, 29, 6, 1, 2]
(2, (1, 0, 0), (3, 1)): [865, 89, 61, 30, 9, 1, 2, 0, 0, 0, 0, 0, 1]
(2, (1, 0, 0), (3, 2)): [978, 89, 56, 25, 10, 5, 1, 0, 0, 0, 0, 0, 1]
(2, (1, 0, 1), (0, 0)): [47976, 12628, 5259, 2855, 918, 316, 110, 35, 13, 3, 0, 2, 1]
(2, (1, 0, 1), (0, 1)): [799, 156, 74, 54, 18, 2, 1, 1, 0, 0, 0, 1]
(2, (1, 0, 1), (0, 2)): [309, 42, 23, 13, 7]
(2, (1, 0, 1), (1, 0)): [738, 170, 82, 60, 27, 8, 3]
(2, (1, 0, 1), (1, 1)): [603, 131, 50, 44, 16, 2, 3, 1, 0, 0, 0, 1]
(2, (1, 0, 1), (1, 2)): [392, 56, 25, 17, 6, 1, 1, 1, 0, 0, 0, 1]
(2, (1, 0, 1), (2, 0)): [258, 57, 43, 23, 10, 4, 1]
(2, (1, 0, 1), (2, 1)): [337, 79, 24, 25, 13, 2]
(2, (1, 0, 1), (2, 2)): [284, 45, 19, 10, 7, 2, 1, 1, 0, 0, 0, 1]
(2, (1, 0, 1), (3, 0)): [92, 17, 19, 12, 6, 1, 1]
(2, (1, 0, 1), (3, 1)): [152, 30, 17, 18, 7, 0, 1]
(2, (1, 0, 1), (3, 2)): [174, 35, 17, 7, 7, 2, 1, 1]
(2, (1, 1, 0), (0, 0)): [111208, 17564, 9189, 5736, 1830, 634, 193, 67, 26, 11, 5, 0, 2, 1]
(2, (1, 1, 0), (0, 1)): [1874, 264, 130, 83, 30, 6, 4, 1, 0, 0, 0, 0, 1]
(2, (1, 1, 0), (0, 2)): [694, 81, 36, 17, 8, 1, 1]
(2, (1, 1, 0), (1, 0)): [1880, 273, 160, 133, 37, 14, 6, 2, 1, 1]
(2, (1, 1, 0), (1, 1)): [1565, 203, 104, 85, 21, 5, 2, 2, 1, 1, 0, 0, 1]
(2, (1, 1, 0), (1, 2)): [1007, 112, 66, 32, 9, 3, 2, 1]
(2, (1, 1, 0), (2, 0)): [670, 104, 81, 58, 19, 9, 3, 1]
(2, (1, 1, 0), (2, 1)): [859, 105, 68, 54, 18, 8, 2, 1, 1, 1, 0, 0, 1]
(2, (1, 1, 0), (2, 2)): [764, 96, 51, 41, 11, 4, 3, 1, 1]
(2, (1, 1, 0), (3, 0)): [253, 44, 36, 25, 9, 3, 1]
(2, (1, 1, 0), (3, 1)): [379, 55, 41, 34, 7, 6, 2, 1, 0, 0, 0, 0, 1]
(2, (1, 1, 0), (3, 2)): [445, 57, 39, 33, 10, 3, 2, 1, 1]
(2, (1, 1, 1), (0, 0)): [32661, 4943, 5576, 2914, 1966, 663, 211, 75, 31, 7, 5, 0, 1, 1]
(2, (1, 1, 1), (0, 1)): [635, 62, 81, 46, 34, 6, 5, 2, 1, 0, 0, 0, 1]
(2, (1, 1, 1), (0, 2)): [278, 15, 19, 9, 9, 1, 1, 0, 1]
(2, (1, 1, 1), (1, 0)): [541, 150, 97, 69, 38, 15, 6, 1, 1, 0, 1]
(2, (1, 1, 1), (1, 1)): [493, 66, 80, 44, 29, 4, 3, 0, 0, 0, 1, 0, 1]
(2, (1, 1, 1), (1, 2)): [351, 25, 32, 14, 14, 2, 2, 0, 0, 0, 1]
(2, (1, 1, 1), (2, 0)): [151, 110, 26, 32, 18, 10, 4, 1]
(2, (1, 1, 1), (2, 1)): [226, 64, 42, 25, 23, 5, 4, 0, 0, 0, 0, 0, 1]
(2, (1, 1, 1), (2, 2)): [246, 38, 31, 15, 12, 3, 2, 0, 0, 0, 1]
(2, (1, 1, 1), (3, 0)): [33, 81, 11, 18, 4, 6, 1]
(2, (1, 1, 1), (3, 1)): [75, 76, 16, 20, 14, 5, 4]
(2, (1, 1, 1), (3, 2)): [118, 59, 20, 23, 14, 7, 4, 0, 0, 0, 1]
