(0, (0, 0, 0)): [384280, 78132, 36461, 16707, 7576, 3285, 1420, 588, 239, 109, 52, 18, 11, 3, 2]
(0, (0, 0, 1)): [1960, 6343, 1801, 860, 406, 164, 87, 47, 12, 6, 4, 1, 3]
(0, (0, 1, 0)): [12627, 13013, 4934, 2319, 1190, 516, 217, 87, 41, 23, 9, 2]
(0, (0, 1, 1)): [1122, 2036, 2711, 1229, 631, 301, 132, 62, 29, 13, 6, 1, 0, 1, 1]
(0, (1, 0, 0)): [86387, 30974, 18787, 9396, 4448, 2018, 871, 371, 151, 74, 38, 12, 7, 3, 2]
(0, (1, 0, 1)): [2075, 6121, 2814, 1851, 1051, 482, 255, 99, 46, 24, 9, 6, 2, 0, 1]
(0, (1, 1, 0)): [11222, 7523, 6278, 4180, 2249, 1062, 472, 220, 85, 45, 28, 5, 2, 1]
(0, (1, 1, 1)): [1185, 2123, 1841, 1533, 1194, 591, 290, 136, 65, 37, 15, 4, 1, 1, 1]
(1, (0, 0, 0)): [303427, 32714, 13525, 5262, 2113, 853, 340, 137, 47, 16, 6, 4, 2]
(1, (0, 0, 1)): [10550, 16621, 3265, 1375, 585, 225, 94, 49, 17, 7, 5, 3, 2]
(1, (0, 1, 0)): [46001, 22914, 7699, 3179, 1286, 556, 199, 79, 25, 15, 2, 3, 3]
(1, (0, 1, 1)): [7804, 6729, 7031, 2676, 1190, 486, 200, 76, 36, 13, 7, 3, 0, 1]
(1, (1, 0, 0)): [124788, 23965, 14092, 6108, 2470, 1035, 383, 148, 63, 28, 9, 9, 2, 2]
(1, (1, 0, 1)): [10020, 12846, 4563, 2821, 1181, 511, 187, 76, 29, 21, 7, 2]
(1, (1, 1, 0)): [31585, 10060, 7335, 4816, 2130, 914, 339, 134, 50, 23, 5, 6, 1, 3]
(1, (1, 1, 1)): [6120, 5086, 3312, 2446, 1647, 746, 303, 129, 48, 18, 6, 3, 1, 1]
(2, (0, 0, 0)): [260746, 10984, 3674, 1132, 399, 143, 53, 21, 3, 1, 1]
(2, (0, 0, 1)): [31865, 11015, 1932, 619, 219, 82, 29, 9, 0, 1]
(2, (0, 1, 0)): [75064, 17576, 4232, 1403, 444, 162, 57, 17, 4, 1]
(2, (0, 1, 1)): [19095, 1757, 4657, 1218, 425, 155, 46, 15, 8, 1, 1]
(2, (1, 0, 0)): [153182, 12006, 6353, 2082, 687, 233, 94, 29, 7, 1, 1]
(2, (1, 0, 1)): [26367, 7220, 3175, 1531, 508, 194, 57, 24, 7, 1, 0, 1]
(2, (1, 1, 0)): [50647, 7864, 4395, 2581, 803, 299, 85, 21, 12, 5, 2, 0, 0, 1]
(2, (1, 1, 1)): [15133, 2311, 2610, 1429, 946, 315, 104, 38, 17, 3, 2, 0, 0, 1]
