(0, (0, 0, 0), (0, 0)): [1663320, 333740, 152717, 69219, 30738, 13024, 5355, 2207, 889, 391, 169, 72, 32, 13, 4, 1, 0, 1]
(0, (0, 0, 0), (0, 1)): [110543, 20649, 9240, 4143, 1715, 742, 295, 112, 47, 22, 10, 1, 2, 2, 0, 1]
(0, (0, 0, 0), (0, 2)): [41234, 6812, 2972, 1285, 548, 230, 96, 39, 18, 7, 2, 0, 1]
(0, (0, 0, 0), (1, 0)): [101895, 22317, 10390, 4810, 2242, 878, 388, 155, 63, 20, 10, 3, 0, 2, 1]
(0, (0, 0, 0), (1, 1)): [95418, 18873, 8703, 3950, 1684, 706, 300, 103, 44, 13, 13, 2, 1, 2, 0, 1]
(0, (0, 0, 0), (1, 2)): [63624, 11040, 4911, 2117, 958, 404, 157, 60, 28, 10, 3, 1, 2]
(0, (0, 0, 0), (2, 0)): [33098, 8055, 3923, 1897, 918, 336, 155, 73, 26, 10, 5, 2, 0, 1, 1]
(0, (0, 0, 0), (2, 1)): [50010, 10794, 5260, 2457, 1109, 434, 202, 91, 30, 7, 8, 2, 0, 1]
(0, (0, 0, 0), (2, 2)): [50487, 9475, 4445, 2027, 895, 355, 138, 52, 31, 10, 2, 1, 2]
(0, (0, 0, 0), (3, 0)): [10003, 2857, 1544, 805, 379, 147, 69, 24, 11, 5, 2, 0, 0, 1, 1]
(0, (0, 0, 0), (3, 1)): [19315, 5050, 2613, 1292, 601, 232, 114, 51, 19, 5, 3, 2, 0, 1, 1]
(0, (0, 0, 0), (3, 2)): [26857, 5975, 3157, 1424, 684, 280, 110, 45, 22, 9, 2, 2, 2, 0, 1]
(0, (0, 0, 1), (0, 0)): [6856, 20652, 5651, 2673, 1282, 533, 243, 110, 40, 23, 11, 3, 3, 2]
(0, (0, 0, 1), (0, 1)): [338, 1013, 286, 122, 62, 22, 10, 6, 2, 1, 1, 0, 0, 1]
(0, (0, 0, 1), (0, 2)): [142, 391, 99, 44, 23, 8, 1, 1, 2]
(0, (0, 0, 1), (1, 0)): [361, 1193, 343, 179, 84, 35, 15, 8, 1, 1, 2]
(0, (0, 0, 1), (1, 1)): [320, 932, 263, 117, 62, 25, 14, 6, 0, 1, 2, 0, 0, 1]
(0, (0, 0, 1), (1, 2)): [239, 613, 161, 65, 32, 14, 4, 5, 2, 1, 1]
(0, (0, 0, 1), (2, 0)): [139, 472, 140, 85, 32, 16, 3, 4, 1, 1]
(0, (0, 0, 1), (2, 1)): [183, 540, 175, 92, 47, 15, 8, 3, 0, 1, 1]
(0, (0, 0, 1), (2, 2)): [210, 548, 154, 67, 42, 13, 4, 0, 1, 1, 1]
(0, (0, 0, 1), (3, 0)): [37, 162, 47, 34, 12, 8, 3, 1, 1]
(0, (0, 0, 1), (3, 1)): [77, 240, 76, 56, 22, 9, 3, 3]
(0, (0, 0, 1), (3, 2)): [120, 320, 88, 55, 34, 9, 1, 1, 1, 1, 1]
(0, (0, 1, 0), (0, 0)): [59492, 55664, 21613, 10405, 4950, 2130, 900, 375, 155, 86, 30, 7, 3, 3, 2]
(0, (0, 1, 0), (0, 1)): [4001, 3627, 1376, 613, 281, 132, 67, 24, 9, 5]
(0, (0, 1, 0), (0, 2)): [1597, 1207, 456, 184, 91, 45, 31, 8, 4, 1]
(0, (0, 1, 0), (1, 0)): [3956, 3871, 1603, 802, 352, 164, 55, 29, 10, 3, 2, 1, 0, 1, 1]
(0, (0, 1, 0), (1, 1)): [3493, 3185, 1286, 605, 254, 116, 48, 24, 2, 3]
(0, (0, 1, 0), (1, 2)): [2392, 1893, 753, 345, 148, 69, 32, 17, 1, 2]
(0, (0, 1, 0), (2, 0)): [1463, 1411, 585, 324, 131, 76, 21, 12, 6, 2, 1, 1, 0, 1]
(0, (0, 1, 0), (2, 1)): [1919, 1772, 754, 351, 148, 82, 30, 14, 2, 3, 1, 0, 0, 1]
(0, (0, 1, 0), (2, 2)): [2054, 1561, 706, 301, 128, 59, 31, 11, 3, 1, 1]
(0, (0, 1, 0), (3, 0)): [509, 408, 195, 140, 59, 35, 13, 8, 5, 0, 0, 1]
(0, (0, 1, 0), (3, 1)): [827, 710, 333, 210, 85, 47, 15, 10, 0, 1, 0, 1, 0, 1]
(0, (0, 1, 0), (3, 2)): [1183, 918, 453, 216, 99, 41, 27, 6, 2, 2, 1]
(0, (0, 1, 1), (0, 0)): [4910, 8398, 10055, 4641, 2427, 1158, 485, 218, 111, 47, 11, 8, 2, 2, 1, 0, 0, 1]
(0, (0, 1, 1), (0, 1)): [323, 464, 579, 253, 135, 69, 32, 10, 3, 2, 1, 1]
(0, (0, 1, 1), (0, 2)): [156, 168, 208, 92, 44, 24, 14, 4, 1, 1, 0, 1]
(0, (0, 1, 1), (1, 0)): [319, 647, 728, 358, 178, 92, 32, 15, 13, 2, 0, 2]
(0, (0, 1, 1), (1, 1)): [268, 473, 541, 252, 131, 57, 23, 11, 4, 1, 1]
(0, (0, 1, 1), (1, 2)): [207, 277, 309, 137, 83, 39, 17, 4, 2, 1, 0, 1]
(0, (0, 1, 1), (2, 0)): [141, 292, 296, 164, 90, 59, 14, 7, 7, 2, 0, 1]
(0, (0, 1, 1), (2, 1)): [139, 279, 325, 158, 67, 33, 11, 11, 7, 2]
(0, (0, 1, 1), (2, 2)): [168, 253, 263, 129, 61, 34, 13, 7, 4, 1, 0, 1]
(0, (0, 1, 1), (3, 0)): [80, 138, 129, 77, 61, 37, 7, 2, 2, 1, 0, 1]
(0, (0, 1, 1), (3, 1)): [56, 121, 131, 69, 49, 16, 6, 4, 4, 1]
(0, (0, 1, 1), (3, 2)): [90, 144, 163, 84, 47, 26, 8, 7, 7]
(0, (1, 0, 0), (0, 0)): [354447, 119199, 74871, 36928, 17493, 7783, 3228, 1379, 576, 258, 118, 45, 22, 7, 3, 1, 0, 1]
(0, (1, 0, 0), (0, 1)): [21531, 6585, 4169, 1988, 944, 421, 157, 78, 32, 6, 2, 1]
(0, (1, 0, 0), (0, 2)): [7827, 2117, 1370, 605, 300, 118, 59, 16, 11, 2, 1]
(0, (1, 0, 0), (1, 0)): [19642, 7134, 4724, 2388, 1160, 510, 221, 85, 37, 22, 12, 2, 0, 3, 1]
(0, (1, 0, 0), (1, 1)): [16525, 5355, 3477, 1715, 791, 380, 141, 63, 25, 10, 6, 1]
(0, (1, 0, 0), (1, 2)): [10386, 2972, 1931, 921, 448, 185, 86, 33, 14, 6]
(0, (1, 0, 0), (2, 0)): [6076, 2388, 1630, 913, 463, 194, 91, 37, 14, 10, 7, 0, 0, 3]
(0, (1, 0, 0), (2, 1)): [8057, 2776, 1868, 986, 461, 219, 80, 34, 15, 9, 5, 1, 0, 3]
(0, (1, 0, 0), (2, 2)): [7455, 2307, 1534, 717, 363, 145, 71, 30, 15, 8, 2, 0, 0, 2]
(0, (1, 0, 0), (3, 0)): [1587, 743, 553, 365, 194, 81, 41, 17, 6, 4, 3]
(0, (1, 0, 0), (3, 1)): [2837, 1163, 811, 526, 260, 112, 37, 17, 9, 6, 4, 1, 0, 1]
(0, (1, 0, 0), (3, 2)): [3528, 1291, 882, 483, 250, 99, 41, 22, 11, 6, 2, 0, 0, 1]
(0, (1, 0, 1), (0, 0)): [8430, 25655, 10500, 7209, 3780, 1727, 817, 328, 162, 62, 35, 15, 5, 1, 2, 0, 0, 1]
(0, (1, 0, 1), (0, 1)): [506, 1508, 590, 408, 205, 96, 45, 12, 9, 2, 1, 0, 1]
(0, (1, 0, 1), (0, 2)): [225, 536, 206, 136, 62, 35, 15, 5, 4, 1]
(0, (1, 0, 1), (1, 0)): [460, 1627, 645, 454, 237, 123, 41, 17, 11, 3, 4, 0, 0, 0, 1]
(0, (1, 0, 1), (1, 1)): [403, 1179, 475, 330, 174, 66, 30, 12, 8, 0, 3]
(0, (1, 0, 1), (1, 2)): [320, 686, 276, 178, 102, 33, 16, 5, 4, 1]
(0, (1, 0, 1), (2, 0)): [164, 567, 225, 159, 95, 62, 17, 6, 2, 2, 1]
(0, (1, 0, 1), (2, 1)): [184, 622, 262, 175, 90, 53, 19, 6, 8, 0, 2]
(0, (1, 0, 1), (2, 2)): [237, 543, 216, 138, 78, 32, 17, 8, 3, 1, 2]
(0, (1, 0, 1), (3, 0)): [55, 177, 77, 46, 36, 25, 5, 4, 0, 1, 1]
(0, (1, 0, 1), (3, 1)): [62, 211, 92, 77, 60, 29, 5, 2, 2, 1]
(0, (1, 0, 1), (3, 2)): [108, 241, 128, 83, 63, 29, 8, 5, 5, 2, 2]
(0, (1, 1, 0), (0, 0)): [48778, 31119, 23383, 16603, 8810, 4109, 1744, 822, 335, 157, 73, 24, 11, 4]
(0, (1, 1, 0), (0, 1)): [3234, 1803, 1255, 899, 529, 220, 96, 44, 12, 8, 4, 1]
(0, (1, 1, 0), (0, 2)): [1309, 619, 418, 283, 169, 71, 35, 16, 4, 3, 1]
(0, (1, 1, 0), (1, 0)): [2625, 1719, 1322, 985, 499, 249, 114, 50, 23, 6, 3, 0, 1, 2]
(0, (1, 1, 0), (1, 1)): [2326, 1335, 1001, 767, 400, 193, 75, 32, 12, 5, 5, 0, 1, 1]
(0, (1, 1, 0), (1, 2)): [1658, 818, 578, 449, 231, 87, 40, 23, 3, 5, 2, 0, 0, 1]
(0, (1, 1, 0), (2, 0)): [772, 552, 461, 322, 179, 87, 51, 21, 12, 2, 0, 0, 0, 1]
(0, (1, 1, 0), (2, 1)): [1050, 684, 525, 396, 214, 108, 49, 17, 11, 3, 3, 0, 1]
(0, (1, 1, 0), (2, 2)): [1114, 610, 457, 348, 181, 81, 38, 19, 4, 4, 3]
(0, (1, 1, 0), (3, 0)): [192, 175, 176, 109, 69, 34, 17, 10, 6, 1, 0, 0, 0, 1]
(0, (1, 1, 0), (3, 1)): [381, 283, 234, 177, 107, 58, 30, 10, 8, 1, 1, 0, 1]
(0, (1, 1, 0), (3, 2)): [525, 314, 269, 229, 125, 54, 26, 16, 6, 0, 2]
(0, (1, 1, 1), (0, 0)): [4704, 8961, 7353, 5512, 4379, 2174, 1002, 487, 221, 95, 46, 15, 6, 2, 1]
(0, (1, 1, 1), (0, 1)): [320, 553, 466, 292, 261, 120, 54, 25, 19, 5, 1, 1, 2, 1]
(0, (1, 1, 1), (0, 2)): [154, 233, 168, 100, 92, 47, 15, 7, 7, 1, 0, 1, 1]
(0, (1, 1, 1), (1, 0)): [230, 527, 451, 342, 270, 151, 59, 22, 10, 3, 3, 1]
(0, (1, 1, 1), (1, 1)): [224, 445, 375, 251, 210, 104, 49, 21, 8, 6, 3, 0, 1, 1]
(0, (1, 1, 1), (1, 2)): [194, 318, 233, 151, 125, 55, 16, 12, 7, 1, 0, 1, 0, 1]
(0, (1, 1, 1), (2, 0)): [65, 163, 150, 124, 110, 63, 17, 11, 5, 0, 1]
(0, (1, 1, 1), (2, 1)): [104, 192, 184, 148, 103, 63, 26, 13, 8, 2, 1, 0, 1]
(0, (1, 1, 1), (2, 2)): [111, 227, 175, 124, 88, 53, 15, 10, 3, 2, 0, 1, 1]
(0, (1, 1, 1), (3, 0)): [14, 54, 45, 44, 36, 25, 9, 5, 2, 0, 1]
(0, (1, 1, 1), (3, 1)): [32, 84, 76, 70, 47, 27, 15, 3, 2, 0, 1]
(0, (1, 1, 1), (3, 2)): [46, 100, 97, 81, 61, 35, 16, 6, 4, 0, 0, 1, 1]
(1, (0, 0, 0), (0, 0)): [1350185, 146974, 59910, 23599, 9127, 3435, 1331, 491, 182, 72, 29, 16, 7, 3, 0, 1]
(1, (0, 0, 0), (0, 1)): [91137, 9123, 3619, 1423, 557, 181, 57, 32, 7, 0, 0, 1, 0, 1]
(1, (0, 0, 0), (0, 2)): [34035, 2850, 1101, 428, 170, 59, 14, 7]
(1, (0, 0, 0), (1, 0)): [87205, 10591, 4397, 1745, 677, 232, 101, 35, 11, 6, 2, 0, 0, 0, 0, 1]
(1, (0, 0, 0), (1, 1)): [80557, 8610, 3492, 1381, 533, 180, 76, 32, 10, 1, 0, 1, 0, 1]
(1, (0, 0, 0), (1, 2)): [53050, 4717, 1887, 745, 304, 116, 33, 10, 2]
(1, (0, 0, 0), (2, 0)): [29285, 4101, 1833, 713, 284, 98, 46, 15, 3, 4, 2, 0, 0, 0, 0, 1]
(1, (0, 0, 0), (2, 1)): [43079, 5237, 2269, 868, 337, 119, 40, 20, 3, 3, 1]
(1, (0, 0, 0), (2, 2)): [43074, 4278, 1800, 721, 299, 111, 37, 15, 4, 0, 1]
(1, (0, 0, 0), (3, 0)): [8830, 1399, 781, 294, 120, 43, 26, 6, 3, 2, 1, 0, 0, 0, 0, 1]
(1, (0, 0, 0), (3, 1)): [17333, 2612, 1266, 504, 201, 69, 29, 9, 1, 3]
(1, (0, 0, 0), (3, 2)): [23618, 2965, 1381, 558, 244, 72, 30, 8, 3, 1, 1]
(1, (0, 0, 1), (0, 0)): [37835, 54540, 10734, 4539, 1886, 772, 290, 115, 53, 21, 11, 5, 4, 1]
(1, (0, 0, 1), (0, 1)): [2358, 2831, 585, 203, 91, 35, 13, 4, 1, 0, 1]
(1, (0, 0, 1), (0, 2)): [1010, 908, 187, 54, 32, 9, 5, 1, 1]
(1, (0, 0, 1), (1, 0)): [2548, 3884, 787, 376, 137, 72, 21, 6, 6, 2]
(1, (0, 0, 1), (1, 1)): [2204, 2828, 569, 230, 87, 43, 8, 4, 1, 1, 1]
(1, (0, 0, 1), (1, 2)): [1594, 1571, 291, 110, 46, 20, 3, 1, 1]
(1, (0, 0, 1), (2, 0)): [1054, 1566, 359, 180, 73, 34, 14, 2, 5, 1]
(1, (0, 0, 1), (2, 1)): [1247, 1674, 362, 161, 69, 31, 12, 3, 2, 0, 1]
(1, (0, 0, 1), (2, 2)): [1343, 1402, 270, 125, 45, 25, 4, 2, 1, 0, 1]
(1, (0, 0, 1), (3, 0)): [504, 654, 170, 99, 38, 17, 5, 2, 1]
(1, (0, 0, 1), (3, 1)): [529, 726, 182, 92, 34, 13, 8, 3, 1]
(1, (0, 0, 1), (3, 2)): [777, 861, 201, 100, 41, 17, 6, 2, 1, 0, 1]
(1, (0, 1, 0), (0, 0)): [184822, 82072, 29423, 12601, 5034, 1985, 676, 313, 98, 42, 24, 9, 9, 2, 1]
(1, (0, 1, 0), (0, 1)): [11492, 4596, 1564, 664, 247, 98, 32, 19, 6, 2, 2]
(1, (0, 1, 0), (0, 2)): [4395, 1585, 505, 204, 72, 28, 10, 5, 2]
(1, (0, 1, 0), (1, 0)): [13136, 5737, 2151, 1058, 439, 161, 53, 24, 12, 2, 2, 0, 0, 1]
(1, (0, 1, 0), (1, 1)): [10616, 4233, 1476, 722, 270, 108, 33, 16, 7, 1, 1, 0, 0, 1]
(1, (0, 1, 0), (1, 2)): [6977, 2495, 868, 361, 118, 45, 13, 12, 4, 1]
(1, (0, 1, 0), (2, 0)): [5644, 2402, 974, 543, 230, 86, 32, 17, 6, 1, 2]
(1, (0, 1, 0), (2, 1)): [6038, 2530, 902, 489, 209, 79, 30, 10, 3, 0, 1, 0, 0, 1]
(1, (0, 1, 0), (2, 2)): [5946, 2168, 775, 340, 135, 48, 12, 6, 6]
(1, (0, 1, 0), (3, 0)): [2670, 1048, 450, 330, 137, 46, 16, 12, 6, 1, 1]
(1, (0, 1, 0), (3, 1)): [2855, 1126, 456, 304, 148, 53, 22, 7, 5, 1, 1, 0, 0, 1]
(1, (0, 1, 0), (3, 2)): [3577, 1318, 545, 302, 143, 36, 14, 6, 3, 1, 1, 0, 0, 1]
(1, (0, 1, 1), (0, 0)): [29298, 24164, 21722, 8633, 4409, 1719, 682, 263, 122, 42, 12, 7, 2, 2, 0, 1]
(1, (0, 1, 1), (0, 1)): [1548, 1167, 1002, 391, 173, 61, 39, 12, 2, 1]
(1, (0, 1, 1), (0, 2)): [713, 376, 350, 133, 68, 17, 14, 4, 1, 1]
(1, (0, 1, 1), (1, 0)): [2219, 1989, 1524, 628, 423, 142, 59, 23, 8, 3]
(1, (0, 1, 1), (1, 1)): [1363, 1071, 909, 361, 169, 53, 28, 14, 1, 1]
(1, (0, 1, 1), (1, 2)): [1063, 608, 573, 206, 104, 30, 16, 5, 1, 1]
(1, (0, 1, 1), (2, 0)): [1318, 1138, 845, 373, 301, 108, 44, 14, 7, 2]
(1, (0, 1, 1), (2, 1)): [733, 630, 515, 216, 115, 37, 20, 7, 0, 2]
(1, (0, 1, 1), (2, 2)): [851, 530, 481, 190, 96, 24, 9, 5, 1, 1]
(1, (0, 1, 1), (3, 0)): [991, 827, 545, 276, 247, 91, 38, 12, 7, 1]
(1, (0, 1, 1), (3, 1)): [323, 286, 234, 94, 63, 27, 13, 3, 0, 1]
(1, (0, 1, 1), (3, 2)): [482, 329, 266, 120, 65, 21, 7, 5, 1, 1]
(1, (1, 0, 0), (0, 0)): [511719, 91534, 57991, 24538, 9908, 3887, 1535, 545, 230, 96, 35, 23, 5, 3, 0, 2]
(1, (1, 0, 0), (0, 1)): [31057, 4942, 3152, 1348, 499, 186, 92, 25, 5, 5, 2]
(1, (1, 0, 0), (0, 2)): [11188, 1534, 1006, 406, 139, 60, 32, 10, 2, 3]
(1, (1, 0, 0), (1, 0)): [30924, 6081, 3998, 1713, 690, 255, 105, 39, 11, 6, 1, 0, 1, 0, 0, 1]
(1, (1, 0, 0), (1, 1)): [25388, 4350, 2848, 1228, 465, 161, 76, 21, 6, 2, 3, 0, 0, 0, 0, 1]
(1, (1, 0, 0), (1, 2)): [15909, 2349, 1587, 611, 225, 85, 35, 15, 2, 2, 2]
(1, (1, 0, 0), (2, 0)): [9986, 2153, 1459, 683, 280, 118, 43, 14, 6, 3, 0, 0, 1]
(1, (1, 0, 0), (2, 1)): [12780, 2434, 1634, 774, 270, 108, 55, 10, 6, 0, 1, 0, 0, 0, 0, 1]
(1, (1, 0, 0), (2, 2)): [11878, 1943, 1310, 576, 201, 81, 38, 9, 2, 1, 2]
(1, (1, 0, 0), (3, 0)): [2794, 741, 429, 268, 121, 49, 11, 4, 1, 3, 0, 0, 1]
(1, (1, 0, 0), (3, 1)): [4761, 1151, 697, 390, 149, 53, 21, 8, 2, 2, 1, 0, 0, 0, 0, 1]
(1, (1, 0, 0), (3, 2)): [5814, 1226, 753, 409, 142, 57, 27, 5, 3, 2, 3, 0, 0, 0, 0, 1]
(1, (1, 0, 1), (0, 0)): [41280, 48171, 15553, 10296, 4413, 1778, 704, 276, 91, 59, 16, 6, 0, 1]
(1, (1, 0, 1), (0, 1)): [2808, 2578, 828, 540, 238, 92, 40, 12, 5, 6]
(1, (1, 0, 1), (0, 2)): [1197, 800, 279, 175, 69, 29, 16, 8, 2, 3]
(1, (1, 0, 1), (1, 0)): [2529, 2981, 996, 669, 314, 105, 37, 15, 5, 5]
(1, (1, 0, 1), (1, 1)): [2193, 2080, 673, 496, 191, 63, 32, 7, 4, 3]
(1, (1, 0, 1), (1, 2)): [1577, 1166, 404, 268, 93, 41, 16, 11, 2, 3]
(1, (1, 0, 1), (2, 0)): [878, 1019, 359, 236, 140, 51, 14, 7, 2, 2]
(1, (1, 0, 1), (2, 1)): [1069, 1052, 346, 276, 129, 35, 16, 5, 5, 1]
(1, (1, 0, 1), (2, 2)): [1100, 890, 321, 202, 100, 24, 15, 5, 5, 2]
(1, (1, 0, 1), (3, 0)): [295, 363, 139, 79, 67, 27, 7, 1, 0, 1]
(1, (1, 0, 1), (3, 1)): [395, 438, 172, 121, 66, 27, 4, 4, 0, 1]
(1, (1, 0, 1), (3, 2)): [556, 472, 191, 139, 75, 25, 10, 6, 3, 2]
(1, (1, 1, 0), (0, 0)): [140417, 43294, 28891, 20444, 8546, 3502, 1365, 552, 225, 84, 30, 16, 9, 5, 1]
(1, (1, 1, 0), (0, 1)): [9360, 2521, 1514, 1140, 471, 186, 71, 27, 11, 4, 1, 1]
(1, (1, 1, 0), (0, 2)): [3757, 866, 498, 380, 156, 57, 25, 7, 5]
(1, (1, 1, 0), (1, 0)): [8157, 2779, 1864, 1346, 576, 229, 98, 37, 11, 4, 2, 0, 2, 1]
(1, (1, 1, 0), (1, 1)): [7198, 2171, 1409, 1021, 427, 161, 65, 27, 4, 6, 2]
(1, (1, 1, 0), (1, 2)): [5104, 1263, 790, 588, 245, 71, 32, 15, 1, 1, 1]
(1, (1, 1, 0), (2, 0)): [2599, 972, 631, 490, 227, 104, 42, 16, 7, 1, 1, 0, 2, 1]
(1, (1, 1, 0), (2, 1)): [3524, 1227, 786, 561, 235, 118, 49, 14, 8, 1, 2, 0, 1]
(1, (1, 1, 0), (2, 2)): [3742, 1052, 649, 471, 210, 81, 27, 7, 2, 1, 1]
(1, (1, 1, 0), (3, 0)): [656, 356, 217, 142, 96, 43, 16, 8, 3, 1, 0, 0, 1]
(1, (1, 1, 0), (3, 1)): [1314, 572, 375, 253, 137, 56, 28, 11, 6, 2, 1, 0, 1]
(1, (1, 1, 0), (3, 2)): [1780, 653, 419, 272, 157, 61, 26, 9, 4, 3, 0, 0, 1]
(1, (1, 1, 1), (0, 0)): [28517, 22888, 14524, 9501, 6944, 2930, 1181, 442, 191, 68, 21, 15, 8, 3, 1, 1]
(1, (1, 1, 1), (0, 1)): [1964, 1392, 883, 533, 410, 159, 60, 24, 12, 1]
(1, (1, 1, 1), (0, 2)): [916, 471, 306, 192, 130, 55, 24, 5, 3, 1]
(1, (1, 1, 1), (1, 0)): [1582, 1431, 862, 532, 442, 188, 89, 24, 13, 5, 1, 1, 1]
(1, (1, 1, 1), (1, 1)): [1458, 1163, 726, 427, 340, 137, 53, 22, 10, 0, 1]
(1, (1, 1, 1), (1, 2)): [1119, 664, 437, 265, 180, 88, 35, 11, 6]
(1, (1, 1, 1), (2, 0)): [411, 450, 300, 189, 164, 78, 37, 10, 2, 3, 0, 1, 1]
(1, (1, 1, 1), (2, 1)): [648, 612, 368, 234, 170, 78, 37, 9, 3, 1, 1, 1]
(1, (1, 1, 1), (2, 2)): [785, 519, 346, 216, 161, 71, 29, 8, 4]
(1, (1, 1, 1), (3, 0)): [72, 144, 92, 73, 52, 35, 10, 4, 1, 1, 0, 0, 1]
(1, (1, 1, 1), (3, 1)): [152, 264, 164, 109, 85, 41, 14, 5, 0, 1, 0, 0, 1]
(1, (1, 1, 1), (3, 2)): [310, 295, 184, 125, 99, 50, 16, 8, 1]
(2, (0, 0, 0), (0, 0)): [1173573, 52980, 17653, 5601, 1865, 591, 205, 69, 12, 7, 5, 0, 1]
(2, (0, 0, 0), (0, 1)): [78579, 3134, 1019, 299, 119, 27, 12, 5, 1]
(2, (0, 0, 0), (0, 2)): [29043, 814, 254, 91, 38, 5, 1, 3]
(2, (0, 0, 0), (1, 0)): [78873, 4268, 1433, 459, 168, 38, 18, 7, 1, 0, 0, 0, 1]
(2, (0, 0, 0), (1, 1)): [71031, 3244, 1078, 296, 121, 29, 15, 2, 1]
(2, (0, 0, 0), (1, 2)): [45947, 1450, 493, 154, 62, 12, 5, 2]
(2, (0, 0, 0), (2, 0)): [28059, 1689, 694, 220, 83, 16, 9, 5, 0, 0, 0, 0, 1]
(2, (0, 0, 0), (2, 1)): [39774, 2128, 790, 226, 82, 17, 9, 4]
(2, (0, 0, 0), (2, 2)): [38832, 1524, 557, 166, 65, 12, 3, 3]
(2, (0, 0, 0), (3, 0)): [8989, 591, 333, 95, 39, 8, 5, 2, 0, 0, 0, 0, 1]
(2, (0, 0, 0), (3, 1)): [16986, 1069, 505, 154, 51, 14, 5, 2]
(2, (0, 0, 0), (3, 2)): [22836, 1172, 520, 150, 54, 11, 2, 2]
(2, (0, 0, 1), (0, 0)): [110969, 34116, 6762, 2273, 805, 273, 80, 27, 5, 2, 0, 1]
(2, (0, 0, 1), (0, 1)): [7047, 1793, 367, 118, 42, 13, 8, 2, 1]
(2, (0, 0, 1), (0, 2)): [2760, 546, 110, 30, 10, 3, 2]
(2, (0, 0, 1), (1, 0)): [8412, 2354, 563, 209, 68, 31, 5, 4]
(2, (0, 0, 1), (1, 1)): [6684, 1689, 353, 136, 48, 20, 6, 3, 1]
(2, (0, 0, 1), (1, 2)): [4542, 879, 178, 59, 23, 9, 4, 1]
(2, (0, 0, 1), (2, 0)): [3649, 988, 271, 122, 33, 18, 2, 2]
(2, (0, 0, 1), (2, 1)): [3964, 1084, 268, 114, 40, 14, 4, 3]
(2, (0, 0, 1), (2, 2)): [4046, 833, 205, 71, 25, 13, 3, 1]
(2, (0, 0, 1), (3, 0)): [1773, 393, 136, 75, 12, 11, 1, 1]
(2, (0, 0, 1), (3, 1)): [1918, 528, 138, 76, 27, 10, 5, 2]
(2, (0, 0, 1), (3, 2)): [2596, 576, 159, 78, 19, 11, 5]
(2, (0, 1, 0), (0, 0)): [293081, 62163, 16636, 5816, 1900, 633, 192, 60, 16, 9, 6, 0, 1]
(2, (0, 1, 0), (0, 1)): [18029, 3198, 814, 233, 96, 19, 9, 3, 2, 1, 1]
(2, (0, 1, 0), (0, 2)): [6966, 942, 230, 60, 26, 3, 3, 0, 0, 1]
(2, (0, 1, 0), (1, 0)): [22144, 4314, 1456, 612, 177, 58, 18, 8, 0, 0, 0, 0, 1]
(2, (0, 1, 0), (1, 1)): [17048, 3109, 899, 292, 109, 25, 13, 4, 2, 0, 1]
(2, (0, 1, 0), (1, 2)): [11199, 1608, 394, 144, 42, 11, 3, 2, 0, 1]
(2, (0, 1, 0), (2, 0)): [10245, 1889, 729, 390, 112, 35, 8, 6, 0, 0, 0, 0, 1]
(2, (0, 1, 0), (2, 1)): [10211, 1952, 640, 234, 80, 18, 9, 2, 2, 0, 1, 0, 1]
(2, (0, 1, 0), (2, 2)): [9972, 1558, 424, 169, 59, 14, 4, 4, 0, 1]
(2, (0, 1, 0), (3, 0)): [5406, 859, 383, 273, 79, 23, 7, 6]
(2, (0, 1, 0), (3, 1)): [4744, 897, 367, 178, 63, 15, 8, 1, 2, 0, 1, 0, 1]
(2, (0, 1, 0), (3, 2)): [6286, 999, 378, 185, 55, 16, 6, 2, 0, 0, 0, 0, 1]
(2, (0, 1, 1), (0, 0)): [67049, 5825, 14642, 3941, 1555, 503, 169, 53, 19, 5, 3, 1, 0, 1]
(2, (0, 1, 1), (0, 1)): [4113, 272, 697, 166, 59, 26, 5, 5]
(2, (0, 1, 1), (0, 2)): [1740, 107, 218, 59, 28, 6, 1, 1]
(2, (0, 1, 1), (1, 0)): [5119, 534, 1009, 330, 157, 51, 19, 2, 1, 0, 1]
(2, (0, 1, 1), (1, 1)): [3725, 273, 670, 174, 50, 27, 6, 4, 1]
(2, (0, 1, 1), (1, 2)): [2708, 158, 367, 95, 40, 10, 3, 2]
(2, (0, 1, 1), (2, 0)): [2575, 295, 470, 191, 112, 37, 13, 1, 0, 0, 1]
(2, (0, 1, 1), (2, 1)): [2168, 177, 429, 111, 44, 20, 5, 1]
(2, (0, 1, 1), (2, 2)): [2366, 168, 328, 87, 34, 20, 4, 2]
(2, (0, 1, 1), (3, 0)): [1605, 213, 256, 123, 82, 28, 11, 1, 0, 0, 1]
(2, (0, 1, 1), (3, 1)): [1064, 89, 213, 72, 23, 7, 5]
(2, (0, 1, 1), (3, 2)): [1515, 124, 249, 72, 33, 17, 4, 2]
(2, (1, 0, 0), (0, 0)): [620439, 45151, 28878, 9170, 2946, 941, 365, 105, 20, 13, 6, 0, 1]
(2, (1, 0, 0), (0, 1)): [37251, 2269, 1457, 463, 165, 47, 23, 6, 1]
(2, (1, 0, 0), (0, 2)): [13392, 642, 352, 111, 50, 10, 8]
(2, (1, 0, 0), (1, 0)): [38252, 3200, 2125, 765, 221, 64, 29, 10, 1, 1, 0, 0, 1]
(2, (1, 0, 0), (1, 1)): [31499, 2043, 1381, 493, 141, 40, 17, 6, 1]
(2, (1, 0, 0), (1, 2)): [19535, 995, 604, 214, 67, 18, 6, 2]
(2, (1, 0, 0), (2, 0)): [12902, 1292, 795, 346, 98, 29, 16, 7, 1, 1, 0, 0, 1]
(2, (1, 0, 0), (2, 1)): [16440, 1252, 800, 318, 101, 25, 13, 5, 0, 0, 0, 0, 1]
(2, (1, 0, 0), (2, 2)): [15157, 943, 565, 211, 80, 19, 8, 3]
(2, (1, 0, 0), (3, 0)): [3842, 501, 276, 173, 44, 14, 8, 2, 0, 1]
(2, (1, 0, 0), (3, 1)): [6658, 676, 395, 224, 46, 18, 8, 2, 0, 1, 0, 0, 1]
(2, (1, 0, 0), (3, 2)): [7920, 700, 382, 204, 58, 23, 7, 4, 0, 1, 0, 0, 1]
(2, (1, 0, 1), (0, 0)): [106686, 25800, 10228, 6063, 1961, 653, 218, 72, 24, 8, 0, 3, 1]
(2, (1, 0, 1), (0, 1)): [7203, 1420, 539, 342, 96, 31, 7, 3, 1, 1, 0, 1]
(2, (1, 0, 1), (0, 2)): [2862, 428, 156, 93, 35, 7, 1, 1, 1]
(2, (1, 0, 1), (1, 0)): [7142, 1597, 749, 482, 157, 53, 19, 4]
(2, (1, 0, 1), (1, 1)): [5955, 1218, 516, 320, 109, 38, 13, 2, 0, 1, 0, 1]
(2, (1, 0, 1), (1, 2)): [3945, 649, 258, 154, 53, 17, 7, 2, 1, 0, 0, 1]
(2, (1, 0, 1), (2, 0)): [2576, 550, 306, 195, 62, 21, 7, 3]
(2, (1, 0, 1), (2, 1)): [3281, 647, 337, 173, 68, 26, 3, 1, 0, 1]
(2, (1, 0, 1), (2, 2)): [3025, 497, 250, 123, 45, 16, 4, 2, 1, 0, 0, 1]
(2, (1, 0, 1), (3, 0)): [875, 170, 120, 79, 31, 7, 6]
(2, (1, 0, 1), (3, 1)): [1396, 247, 149, 95, 49, 13, 5, 0, 0, 1]
(2, (1, 0, 1), (3, 2)): [1643, 263, 186, 91, 37, 15, 5, 2, 1]
(2, (1, 1, 0), (0, 0)): [240406, 36749, 18467, 12461, 3972, 1279, 433, 146, 48, 22, 8, 1, 2, 1]
(2, (1, 1, 0), (0, 1)): [15554, 2107, 951, 666, 193, 50, 20, 16, 2, 2, 0, 0, 1]
(2, (1, 1, 0), (0, 2)): [6332, 606, 269, 172, 55, 15, 4, 6, 2]
(2, (1, 1, 0), (1, 0)): [15062, 2338, 1271, 925, 321, 81, 42, 6, 3, 1, 1]
(2, (1, 1, 0), (1, 1)): [13101, 1814, 905, 639, 178, 44, 24, 10, 2, 3, 0, 0, 1]
(2, (1, 1, 0), (1, 2)): [9121, 937, 462, 308, 92, 25, 9, 8, 2]
(2, (1, 1, 0), (2, 0)): [5077, 827, 512, 363, 165, 48, 21, 2]
(2, (1, 1, 0), (2, 1)): [6910, 983, 596, 394, 130, 28, 22, 5, 1, 1, 0, 0, 1]
(2, (1, 1, 0), (2, 2)): [7105, 800, 436, 319, 106, 22, 17, 8, 3]
(2, (1, 1, 0), (3, 0)): [1632, 283, 205, 117, 85, 27, 7]
(2, (1, 1, 0), (3, 1)): [2878, 447, 335, 185, 87, 27, 14, 2, 0, 0, 0, 0, 1]
(2, (1, 1, 0), (3, 2)): [3897, 469, 351, 217, 109, 19, 14, 4, 2]
(2, (1, 1, 1), (0, 0)): [69525, 10121, 11683, 5780, 4166, 1315, 443, 145, 49, 10, 7, 1, 1, 1]
(2, (1, 1, 1), (0, 1)): [5004, 532, 684, 329, 241, 53, 21, 4, 2, 0, 0, 0, 1]
(2, (1, 1, 1), (0, 2)): [2189, 176, 202, 94, 67, 12, 7, 2, 1]
(2, (1, 1, 1), (1, 0)): [3945, 902, 741, 432, 292, 107, 35, 7, 3, 0, 1]
(2, (1, 1, 1), (1, 1)): [3874, 538, 599, 326, 226, 64, 18, 5, 1, 0, 1, 0, 1]
(2, (1, 1, 1), (1, 2)): [2975, 281, 302, 148, 114, 28, 8, 4, 0, 0, 1]
(2, (1, 1, 1), (2, 0)): [1109, 538, 247, 177, 120, 48, 15, 2, 2]
(2, (1, 1, 1), (2, 1)): [1760, 449, 337, 193, 139, 51, 19, 0, 0, 0, 0, 0, 1]
(2, (1, 1, 1), (2, 2)): [2030, 309, 265, 149, 108, 35, 14, 3, 0, 0, 1]
(2, (1, 1, 1), (3, 0)): [187, 349, 70, 88, 41, 26, 5, 0, 1]
(2, (1, 1, 1), (3, 1)): [507, 404, 125, 124, 77, 34, 10]
(2, (1, 1, 1), (3, 2)): [850, 351, 153, 142, 87, 31, 16, 1, 0, 0, 1]
