(0, (0, 0, 0)): [1582942, 316502, 144992, 65659, 29126, 12359, 5079, 2105, 843, 376, 162, 67, 32, 11, 4, 1, 0, 1]
(0, (0, 0, 1)): [6628, 19820, 5407, 2556, 1222, 507, 232, 106, 38, 23, 11, 3, 3, 2]
(0, (0, 1, 0)): [56276, 52458, 20387, 9769, 4671, 2010, 845, 359, 146, 81, 27, 6, 3, 3, 2]
(0, (0, 1, 1)): [4676, 7977, 9559, 4403, 2324, 1078, 461, 207, 104, 46, 11, 6, 2, 2, 1, 0, 0, 1]
(0, (1, 0, 0)): [337992, 113534, 71259, 35065, 16605, 7399, 3073, 1323, 550, 249, 112, 42, 22, 5, 3, 1, 0, 1]
(0, (1, 0, 1)): [8078, 24389, 9997, 6830, 3586, 1645, 773, 317, 155, 61, 33, 15, 5, 1, 2, 0, 0, 1]
(0, (1, 1, 0)): [46396, 29557, 22246, 15733, 8363, 3919, 1659, 789, 316, 151, 69, 24, 10, 3]
(0, (1, 1, 1)): [4513, 8506, 6991, 5253, 4152, 2071, 954, 468, 207, 93, 44, 15, 5, 2, 1]
(1, (0, 0, 0)): [1283722, 139208, 56800, 22363, 8631, 3256, 1258, 466, 172, 67, 28, 15, 7, 3, 0, 1]
(1, (0, 0, 1)): [36015, 51783, 10199, 4297, 1793, 719, 281, 111, 47, 18, 10, 5, 4, 1]
(1, (0, 1, 0)): [175592, 78086, 27917, 11969, 4767, 1885, 641, 295, 91, 41, 23, 9, 9, 2, 1]
(1, (0, 1, 1)): [28000, 22971, 20767, 8206, 4198, 1642, 646, 250, 120, 41, 12, 7, 2, 2, 0, 1]
(1, (1, 0, 0)): [487655, 87093, 55138, 23320, 9406, 3710, 1461, 520, 219, 92, 33, 22, 5, 3, 0, 2]
(1, (1, 0, 1)): [39195, 45789, 14830, 9795, 4202, 1699, 672, 259, 87, 58, 16, 6, 0, 1]
(1, (1, 1, 0)): [133465, 41160, 27501, 19463, 8121, 3342, 1303, 535, 214, 81, 26, 15, 9, 5, 1]
(1, (1, 1, 1)): [27141, 21664, 13801, 9048, 6566, 2779, 1130, 425, 183, 66, 20, 15, 8, 3, 1, 1]
(2, (0, 0, 0)): [1115015, 50097, 16726, 5309, 1751, 560, 193, 63, 11, 6, 5, 0, 1]
(2, (0, 0, 1)): [105154, 32556, 6406, 2144, 762, 254, 73, 25, 5, 2, 0, 1]
(2, (0, 1, 0)): [278228, 59235, 15791, 5516, 1788, 602, 184, 56, 14, 8, 6, 0, 1]
(2, (0, 1, 1)): [63593, 5528, 13965, 3728, 1469, 472, 160, 50, 18, 4, 3, 1, 0, 1]
(2, (1, 0, 0)): [591646, 43005, 27466, 8706, 2787, 895, 343, 97, 19, 11, 6, 0, 1]
(2, (1, 0, 1)): [100991, 24548, 9713, 5709, 1866, 613, 202, 69, 23, 8, 0, 3, 1]
(2, (1, 1, 0)): [228787, 34991, 17569, 11839, 3758, 1226, 407, 134, 46, 20, 8, 1, 2, 1]
(2, (1, 1, 1)): [66018, 9622, 11118, 5470, 3950, 1246, 418, 141, 47, 10, 7, 1, 1, 1]
