(0, (0, 0, 0), (0, 0)): [685347, 138341, 65025, 29997, 13650, 5956, 2506, 1073, 448, 211, 97, 39, 22, 5, 3, 1, 0, 1]
(0, (0, 0, 0), (0, 1)): [9306, 1782, 871, 359, 184, 73, 26, 16, 3, 5, 2, 0, 2, 1, 0, 1]
(0, (0, 0, 0), (0, 2)): [3231, 566, 275, 109, 57, 13, 9, 10, 0, 1, 0, 0, 1]
(0, (0, 0, 0), (1, 0)): [8708, 1914, 1022, 456, 234, 96, 49, 16, 4, 3, 2]
(0, (0, 0, 0), (1, 1)): [7934, 1583, 846, 375, 182, 75, 26, 13, 5, 3, 3, 0, 1, 1, 0, 1]
(0, (0, 0, 0), (1, 2)): [4846, 871, 433, 162, 91, 30, 14, 9, 3, 1, 0, 0, 2]
(0, (0, 0, 0), (2, 0)): [2935, 719, 390, 193, 106, 44, 25, 7, 1, 1, 1]
(0, (0, 0, 0), (2, 1)): [4361, 931, 503, 260, 120, 55, 24, 11, 1, 0, 1, 0, 0, 1]
(0, (0, 0, 0), (2, 2)): [3954, 770, 376, 167, 93, 35, 13, 9, 1, 1, 1, 0, 2]
(0, (0, 0, 0), (3, 0)): [993, 256, 176, 90, 47, 25, 11, 2, 1, 0, 1]
(0, (0, 0, 0), (3, 1)): [1788, 431, 291, 151, 63, 30, 16, 5, 2]
(0, (0, 0, 0), (3, 2)): [2422, 497, 331, 155, 75, 29, 13, 7, 2, 1, 0, 0, 2]
(0, (0, 0, 1), (0, 0)): [3131, 9970, 2826, 1307, 644, 275, 131, 74, 28, 14, 6, 1, 3, 1]
(0, (0, 0, 1), (0, 1)): [35, 84, 35, 9, 7, 3, 4, 0, 0, 0, 0, 0, 0, 1]
(0, (0, 0, 1), (0, 2)): [15, 32, 11, 2, 3]
(0, (0, 0, 1), (1, 0)): [41, 88, 28, 19, 11, 6, 1, 1, 1]
(0, (0, 0, 1), (1, 1)): [29, 61, 26, 10, 8, 4, 3, 0, 0, 0, 0, 0, 0, 1]
(0, (0, 0, 1), (1, 2)): [20, 41, 16, 5, 4, 0, 1]
(0, (0, 0, 1), (2, 0)): [22, 38, 14, 9, 4, 4, 1, 1, 1]
(0, (0, 0, 1), (2, 1)): [23, 32, 15, 8, 7, 3, 1]
(0, (0, 0, 1), (2, 2)): [21, 24, 12, 4, 4, 1, 1]
(0, (0, 0, 1), (3, 0)): [4, 20, 6, 5, 1, 2, 1, 1, 1]
(0, (0, 0, 1), (3, 1)): [8, 14, 6, 5, 3, 3, 0, 1]
(0, (0, 0, 1), (3, 2)): [13, 16, 4, 4, 2, 3, 1, 1]
(0, (0, 1, 0), (0, 0)): [22461, 22330, 8610, 4078, 2055, 918, 384, 163, 72, 43, 17, 5, 2, 0, 1]
(0, (0, 1, 0), (0, 1)): [290, 245, 102, 44, 16, 12, 4, 2]
(0, (0, 1, 0), (0, 2)): [103, 71, 34, 14, 2, 6, 1]
(0, (0, 1, 0), (1, 0)): [280, 266, 98, 60, 34, 16, 7, 0, 1]
(0, (0, 1, 0), (1, 1)): [246, 195, 79, 43, 18, 9, 5, 2]
(0, (0, 1, 0), (1, 2)): [150, 116, 45, 27, 9, 8, 2]
(0, (0, 1, 0), (2, 0)): [89, 102, 40, 26, 15, 10, 3, 0, 1]
(0, (0, 1, 0), (2, 1)): [105, 103, 42, 30, 7, 12, 5, 2]
(0, (0, 1, 0), (2, 2)): [109, 83, 42, 23, 4, 6, 4, 1]
(0, (0, 1, 0), (3, 0)): [40, 39, 18, 14, 11, 2, 1, 0, 1]
(0, (0, 1, 0), (3, 1)): [47, 51, 23, 18, 12, 5, 2, 1]
(0, (0, 1, 0), (3, 2)): [63, 55, 33, 16, 9, 4, 4]
(0, (0, 1, 1), (0, 0)): [1998, 3546, 4576, 2039, 1108, 513, 228, 106, 55, 21, 7, 5, 0, 1, 1, 0, 0, 1]
(0, (0, 1, 1), (0, 1)): [21, 30, 51, 23, 13, 3, 3, 1, 1]
(0, (0, 1, 1), (0, 2)): [9, 10, 21, 8, 7, 1, 1, 1]
(0, (0, 1, 1), (1, 0)): [32, 49, 71, 37, 23, 9, 7, 3, 2, 0, 0, 1]
(0, (0, 1, 1), (1, 1)): [17, 27, 37, 20, 13, 3, 3, 0, 1]
(0, (0, 1, 1), (1, 2)): [8, 9, 20, 13, 9, 2, 2, 1]
(0, (0, 1, 1), (2, 0)): [21, 32, 37, 23, 11, 6, 3, 3, 2, 0, 0, 1]
(0, (0, 1, 1), (2, 1)): [16, 21, 28, 15, 8, 3, 2, 2, 2]
(0, (0, 1, 1), (2, 2)): [16, 11, 21, 12, 6, 2, 1, 2]
(0, (0, 1, 1), (3, 0)): [12, 20, 20, 18, 9, 5, 1, 1, 0, 0, 0, 1]
(0, (0, 1, 1), (3, 1)): [7, 13, 13, 10, 6, 1, 0, 0, 2]
(0, (0, 1, 1), (3, 2)): [10, 7, 20, 9, 5, 2, 1, 2, 1]
(0, (1, 0, 0), (0, 0)): [152807, 52849, 32990, 16515, 7962, 3611, 1556, 684, 294, 138, 67, 24, 14, 3, 2, 1, 0, 1]
(0, (1, 0, 0), (0, 1)): [1936, 531, 419, 193, 107, 45, 16, 8, 3, 1]
(0, (1, 0, 0), (0, 2)): [693, 145, 136, 51, 31, 10, 7, 1, 1, 1]
(0, (1, 0, 0), (1, 0)): [1741, 605, 426, 210, 117, 37, 29, 10, 3, 4, 2]
(0, (1, 0, 0), (1, 1)): [1501, 453, 316, 164, 80, 28, 16, 8, 2, 2]
(0, (1, 0, 0), (1, 2)): [888, 222, 182, 69, 41, 18, 10, 2, 1]
(0, (1, 0, 0), (2, 0)): [545, 213, 142, 82, 52, 19, 8, 7, 2, 2, 2]
(0, (1, 0, 0), (2, 1)): [755, 232, 163, 103, 55, 17, 7, 4, 3, 3]
(0, (1, 0, 0), (2, 2)): [651, 180, 140, 64, 38, 10, 6, 3, 2, 2]
(0, (1, 0, 0), (3, 0)): [169, 71, 55, 36, 26, 8, 1, 5, 0, 1, 1]
(0, (1, 0, 0), (3, 1)): [292, 100, 70, 50, 36, 10, 3, 2, 2, 1, 1]
(0, (1, 0, 0), (3, 2)): [346, 117, 74, 42, 36, 10, 3, 1, 1, 2]
(0, (1, 0, 1), (0, 0)): [3459, 11102, 4722, 3179, 1724, 806, 402, 173, 81, 33, 16, 10, 4, 0, 1, 0, 0, 1]
(0, (1, 0, 1), (0, 1)): [40, 121, 52, 40, 14, 7, 7, 2, 1, 0, 0, 0, 1]
(0, (1, 0, 1), (0, 2)): [18, 48, 11, 13, 5, 4, 4, 1, 1]
(0, (1, 0, 1), (1, 0)): [41, 146, 62, 42, 21, 14, 1, 2, 2, 1, 1]
(0, (1, 0, 1), (1, 1)): [33, 102, 39, 31, 12, 8, 3, 1, 2, 0, 1]
(0, (1, 0, 1), (1, 2)): [21, 51, 16, 13, 8, 4, 1, 2, 2]
(0, (1, 0, 1), (2, 0)): [14, 56, 28, 16, 8, 7, 0, 1, 0, 1]
(0, (1, 0, 1), (2, 1)): [15, 71, 26, 20, 7, 5, 0, 0, 1, 0, 1]
(0, (1, 0, 1), (2, 2)): [19, 51, 21, 10, 5, 3, 0, 2, 1, 0, 1]
(0, (1, 0, 1), (3, 0)): [7, 15, 13, 9, 5, 5, 0, 1]
(0, (1, 0, 1), (3, 1)): [7, 21, 10, 7, 7, 4]
(0, (1, 0, 1), (3, 2)): [6, 27, 18, 7, 6, 1, 0, 0, 1, 0, 1]
(0, (1, 1, 0), (0, 0)): [20693, 13687, 11029, 7559, 4124, 1935, 863, 426, 170, 82, 43, 14, 7, 1]
(0, (1, 1, 0), (0, 1)): [307, 164, 110, 89, 53, 24, 8, 6, 0, 0, 1]
(0, (1, 1, 0), (0, 2)): [100, 54, 39, 28, 22, 6, 3, 4]
(0, (1, 1, 0), (1, 0)): [244, 164, 131, 93, 56, 32, 11, 8, 2, 3]
(0, (1, 1, 0), (1, 1)): [211, 118, 93, 67, 34, 21, 4, 3, 1, 1, 1]
(0, (1, 1, 0), (1, 2)): [130, 65, 54, 39, 19, 8, 3, 3, 0, 1]
(0, (1, 1, 0), (2, 0)): [62, 48, 45, 35, 24, 14, 5, 6, 1, 1]
(0, (1, 1, 0), (2, 1)): [98, 59, 50, 32, 25, 12, 3, 4, 0, 1]
(0, (1, 1, 0), (2, 2)): [81, 54, 46, 30, 13, 8, 1, 3, 0, 2]
(0, (1, 1, 0), (3, 0)): [17, 17, 19, 13, 10, 4, 2, 3, 1]
(0, (1, 1, 0), (3, 1)): [35, 24, 26, 19, 11, 7, 4, 2, 1]
(0, (1, 1, 0), (3, 2)): [52, 31, 31, 19, 10, 5, 1, 3, 1]
(0, (1, 1, 1), (0, 0)): [2170, 3962, 3382, 2724, 2113, 1041, 497, 261, 115, 49, 31, 11, 2, 1, 1]
(0, (1, 1, 1), (0, 1)): [38, 46, 48, 35, 21, 8, 3, 2, 3, 2, 1, 1]
(0, (1, 1, 1), (0, 2)): [19, 18, 13, 12, 11, 1, 0, 1, 1, 0, 0, 1]
(0, (1, 1, 1), (1, 0)): [25, 62, 66, 43, 39, 20, 7, 6, 2, 0, 1]
(0, (1, 1, 1), (1, 1)): [22, 40, 50, 32, 19, 8, 5, 4, 2, 1, 1]
(0, (1, 1, 1), (1, 2)): [22, 22, 23, 12, 9, 3, 2, 1, 2, 0, 0, 1]
(0, (1, 1, 1), (2, 0)): [8, 28, 16, 21, 20, 5, 1, 2, 1, 0, 1]
(0, (1, 1, 1), (2, 1)): [12, 23, 23, 17, 18, 5, 0, 4, 2]
(0, (1, 1, 1), (2, 2)): [12, 24, 17, 16, 9, 3, 2, 3, 1, 0, 0, 1]
(0, (1, 1, 1), (3, 0)): [1, 7, 7, 10, 6, 1, 0, 0, 0, 0, 1]
(0, (1, 1, 1), (3, 1)): [3, 9, 7, 15, 7, 0, 0, 0, 1, 0, 1]
(0, (1, 1, 1), (3, 2)): [5, 6, 9, 14, 6, 1, 1, 0, 2, 0, 0, 1]
(1, (0, 0, 0), (0, 0)): [544488, 59032, 24562, 9815, 3923, 1552, 588, 239, 90, 37, 15, 10, 5, 2, 0, 1]
(1, (0, 0, 0), (0, 1)): [7460, 780, 333, 123, 59, 10, 5, 5, 1, 0, 0, 0, 0, 1]
(1, (0, 0, 0), (0, 2)): [2595, 219, 97, 39, 13, 2, 0, 2]
(1, (0, 0, 0), (1, 0)): [7273, 929, 427, 150, 71, 26, 13, 4, 0, 1, 0, 0, 0, 0, 0, 1]
(1, (0, 0, 0), (1, 1)): [6462, 750, 317, 107, 54, 16, 10, 2, 1, 1, 0, 0, 0, 1]
(1, (0, 0, 0), (1, 2)): [3891, 381, 151, 64, 24, 8, 4, 2]
(1, (0, 0, 0), (2, 0)): [2516, 363, 198, 59, 30, 13, 5, 2, 0, 0, 0, 0, 0, 0, 0, 1]
(1, (0, 0, 0), (2, 1)): [3569, 454, 218, 68, 43, 12, 5, 1, 0, 1]
(1, (0, 0, 0), (2, 2)): [3252, 345, 146, 56, 24, 10, 6, 2]
(1, (0, 0, 0), (3, 0)): [851, 134, 95, 29, 13, 4, 3, 0, 0, 0, 0, 0, 0, 0, 0, 1]
(1, (0, 0, 0), (3, 1)): [1541, 254, 139, 46, 27, 5, 1]
(1, (0, 0, 0), (3, 2)): [1924, 256, 138, 48, 22, 9, 4, 2]
(1, (0, 0, 1), (0, 0)): [16563, 25516, 4985, 2103, 908, 367, 158, 74, 32, 12, 6, 4, 3, 1]
(1, (0, 0, 1), (0, 1)): [176, 226, 43, 15, 8, 2, 3]
(1, (0, 0, 1), (0, 2)): [72, 77, 13, 4, 2, 0, 1]
(1, (0, 0, 1), (1, 0)): [210, 269, 59, 28, 15, 8, 4, 1, 1]
(1, (0, 0, 1), (1, 1)): [161, 203, 37, 14, 7, 3, 2, 1]
(1, (0, 0, 1), (1, 2)): [112, 106, 16, 7, 4, 1, 1]
(1, (0, 0, 1), (2, 0)): [95, 109, 30, 18, 8, 6, 4, 0, 1]
(1, (0, 0, 1), (2, 1)): [81, 114, 21, 10, 4, 3, 4, 1]
(1, (0, 0, 1), (2, 2)): [81, 92, 12, 7, 2, 1]
(1, (0, 0, 1), (3, 0)): [42, 51, 18, 13, 6, 3, 2, 0, 1]
(1, (0, 0, 1), (3, 1)): [52, 58, 8, 10, 4, 1, 2, 1]
(1, (0, 0, 1), (3, 2)): [54, 59, 10, 7, 2, 1, 1]
(1, (0, 1, 0), (0, 0)): [77262, 37279, 12902, 5454, 2225, 921, 330, 149, 44, 27, 10, 5, 5, 1, 1]
(1, (0, 1, 0), (0, 1)): [822, 352, 126, 52, 18, 6, 5, 2, 1]
(1, (0, 1, 0), (0, 2)): [299, 124, 40, 12, 5, 2, 2]
(1, (0, 1, 0), (1, 0)): [1060, 491, 168, 111, 56, 18, 4, 2, 0, 0, 1, 0, 0, 1]
(1, (0, 1, 0), (1, 1)): [750, 310, 103, 58, 27, 8, 5, 2, 1, 0, 0, 0, 0, 1]
(1, (0, 1, 0), (1, 2)): [462, 180, 58, 24, 10, 3, 3]
(1, (0, 1, 0), (2, 0)): [463, 190, 80, 69, 27, 11, 2, 2, 0, 0, 1]
(1, (0, 1, 0), (2, 1)): [407, 170, 57, 47, 23, 8, 4, 3, 0, 0, 1, 0, 0, 1]
(1, (0, 1, 0), (2, 2)): [363, 156, 49, 31, 14, 2, 1]
(1, (0, 1, 0), (3, 0)): [226, 100, 35, 48, 20, 5, 0, 1]
(1, (0, 1, 0), (3, 1)): [200, 80, 34, 29, 16, 4, 1, 1, 0, 0, 0, 0, 0, 1]
(1, (0, 1, 0), (3, 2)): [206, 80, 38, 33, 16, 1, 0, 0, 0, 0, 0, 0, 0, 1]
(1, (0, 1, 1), (0, 0)): [13109, 11221, 10984, 4308, 2117, 851, 342, 133, 72, 21, 9, 4, 1, 1, 0, 1]
(1, (0, 1, 1), (0, 1)): [133, 99, 83, 23, 15, 7, 5, 2]
(1, (0, 1, 1), (0, 2)): [67, 25, 27, 7, 5, 0, 1]
(1, (0, 1, 1), (1, 0)): [227, 165, 128, 63, 52, 14, 7, 5, 2, 1]
(1, (0, 1, 1), (1, 1)): [107, 84, 69, 27, 14, 5, 6, 2]
(1, (0, 1, 1), (1, 2)): [81, 40, 37, 18, 4, 1, 2]
(1, (0, 1, 1), (2, 0)): [150, 111, 70, 39, 42, 12, 5, 4, 2, 1]
(1, (0, 1, 1), (2, 1)): [67, 56, 38, 15, 6, 7, 5, 1]
(1, (0, 1, 1), (2, 2)): [60, 41, 33, 15, 7, 0, 0, 1]
(1, (0, 1, 1), (3, 0)): [121, 93, 54, 30, 39, 9, 4, 4, 2, 1]
(1, (0, 1, 1), (3, 1)): [34, 28, 14, 7, 2, 5, 5]
(1, (0, 1, 1), (3, 2)): [36, 36, 22, 3, 3, 2, 1]
(1, (1, 0, 0), (0, 0)): [220791, 41228, 25084, 10933, 4438, 1848, 702, 266, 122, 54, 22, 15, 3, 2, 0, 2]
(1, (1, 0, 0), (0, 1)): [2766, 411, 319, 126, 53, 16, 12, 1, 0, 2]
(1, (1, 0, 0), (0, 2)): [955, 124, 116, 37, 16, 5, 5, 0, 0, 2]
(1, (1, 0, 0), (1, 0)): [2776, 521, 393, 170, 68, 26, 11, 6, 1, 1, 0, 0, 1, 0, 0, 1]
(1, (1, 0, 0), (1, 1)): [2282, 363, 274, 100, 43, 14, 7, 3, 0, 0, 0, 0, 0, 0, 0, 1]
(1, (1, 0, 0), (1, 2)): [1320, 177, 144, 43, 23, 8, 5, 1, 0, 1]
(1, (1, 0, 0), (2, 0)): [903, 202, 149, 79, 30, 14, 6, 0, 1, 1, 0, 0, 1]
(1, (1, 0, 0), (2, 1)): [1169, 216, 168, 76, 27, 10, 3, 1, 1, 0, 0, 0, 0, 0, 0, 1]
(1, (1, 0, 0), (2, 2)): [1009, 156, 125, 57, 24, 9, 2, 0, 0, 1]
(1, (1, 0, 0), (3, 0)): [293, 82, 51, 34, 16, 6, 3, 0, 0, 1, 0, 0, 1]
(1, (1, 0, 0), (3, 1)): [456, 124, 75, 44, 14, 5, 4, 1, 0, 0, 0, 0, 0, 0, 0, 1]
(1, (1, 0, 0), (3, 2)): [527, 109, 70, 43, 15, 10, 3, 0, 0, 0, 0, 0, 0, 0, 0, 1]
(1, (1, 0, 1), (0, 0)): [17026, 21903, 7371, 4668, 1994, 861, 311, 132, 55, 39, 13, 3, 0, 1]
(1, (1, 0, 1), (0, 1)): [227, 202, 66, 49, 25, 9, 6, 1, 3, 2]
(1, (1, 0, 1), (0, 2)): [103, 57, 20, 18, 5, 5, 1, 1, 0, 1]
(1, (1, 0, 1), (1, 0)): [218, 282, 73, 52, 31, 15, 3, 1, 0, 2]
(1, (1, 0, 1), (1, 1)): [174, 175, 52, 43, 26, 2, 5, 0, 2]
(1, (1, 0, 1), (1, 2)): [126, 86, 35, 27, 12, 3, 2, 1, 0, 1]
(1, (1, 0, 1), (2, 0)): [86, 96, 22, 15, 13, 9, 1, 0, 0, 1]
(1, (1, 0, 1), (2, 1)): [88, 94, 21, 21, 12, 5, 4, 0, 2]
(1, (1, 0, 1), (2, 2)): [81, 67, 25, 12, 7, 4, 2, 0, 1]
(1, (1, 0, 1), (3, 0)): [33, 41, 9, 5, 7, 4, 0, 0, 0, 1]
(1, (1, 0, 1), (3, 1)): [33, 46, 8, 11, 10, 5]
(1, (1, 0, 1), (3, 2)): [39, 38, 16, 10, 11, 7, 2, 0, 1]
(1, (1, 1, 0), (0, 0)): [59238, 18847, 13420, 9005, 3957, 1705, 675, 267, 106, 49, 17, 9, 5, 4, 1]
(1, (1, 1, 0), (0, 1)): [761, 201, 150, 111, 42, 16, 11, 2]
(1, (1, 1, 0), (0, 2)): [284, 78, 49, 40, 14, 3, 1]
(1, (1, 1, 0), (1, 0)): [734, 245, 180, 146, 66, 20, 7, 3, 1, 1, 0, 0, 2, 1]
(1, (1, 1, 0), (1, 1)): [609, 166, 129, 92, 41, 12, 10, 3, 0, 1]
(1, (1, 1, 0), (1, 2)): [414, 95, 68, 62, 22, 5, 4, 1]
(1, (1, 1, 0), (2, 0)): [242, 90, 65, 53, 27, 9, 1, 1, 1, 0, 0, 0, 2, 1]
(1, (1, 1, 0), (2, 1)): [302, 107, 66, 55, 19, 9, 4, 1, 0, 1, 0, 0, 1]
(1, (1, 1, 0), (2, 2)): [293, 76, 48, 35, 21, 4, 3, 1]
(1, (1, 1, 0), (3, 0)): [70, 33, 27, 19, 16, 6, 1, 1, 1, 0, 0, 0, 1]
(1, (1, 1, 0), (3, 1)): [125, 53, 38, 26, 16, 3, 4, 2, 0, 1, 0, 0, 1]
(1, (1, 1, 0), (3, 2)): [156, 52, 34, 22, 21, 4, 5, 3, 0, 1, 0, 0, 1]
(1, (1, 1, 1), (0, 0)): [12195, 10005, 6516, 4530, 3208, 1403, 587, 223, 99, 37, 14, 10, 5, 2, 1, 1]
(1, (1, 1, 1), (0, 1)): [193, 130, 87, 51, 51, 14, 5, 4, 2]
(1, (1, 1, 1), (0, 2)): [91, 48, 31, 16, 18, 4, 3]
(1, (1, 1, 1), (1, 0)): [173, 134, 96, 59, 51, 23, 13, 2, 2, 2, 0, 1, 1]
(1, (1, 1, 1), (1, 1)): [143, 91, 65, 43, 46, 14, 3, 3, 1]
(1, (1, 1, 1), (1, 2)): [105, 45, 40, 26, 24, 9, 4, 1]
(1, (1, 1, 1), (2, 0)): [55, 55, 44, 24, 19, 12, 7, 2, 1, 1, 0, 1, 1]
(1, (1, 1, 1), (2, 1)): [70, 57, 44, 27, 32, 6, 4, 2, 1, 1, 0, 1]
(1, (1, 1, 1), (2, 2)): [73, 39, 39, 23, 28, 6, 4, 2]
(1, (1, 1, 1), (3, 0)): [15, 22, 12, 12, 5, 8, 3, 0, 1, 0, 0, 0, 1]
(1, (1, 1, 1), (3, 1)): [30, 28, 9, 16, 11, 6, 3, 1, 0, 0, 0, 0, 1]
(1, (1, 1, 1), (3, 2)): [51, 25, 19, 21, 18, 8, 2, 1]
(2, (0, 0, 0), (0, 0)): [467908, 20319, 6960, 2205, 787, 272, 95, 36, 8, 2, 2, 0, 1]
(2, (0, 0, 0), (0, 1)): [6602, 289, 95, 29, 16, 4, 2]
(2, (0, 0, 0), (0, 2)): [2174, 65, 19, 10, 2, 1]
(2, (0, 0, 0), (1, 0)): [6739, 400, 136, 43, 17, 8, 3, 0, 0, 0, 0, 0, 1]
(2, (0, 0, 0), (1, 1)): [5957, 293, 104, 23, 16, 4, 4]
(2, (0, 0, 0), (1, 2)): [3468, 126, 42, 13, 7, 3, 1]
(2, (0, 0, 0), (2, 0)): [2462, 158, 63, 27, 9, 5, 1, 0, 0, 0, 0, 0, 1]
(2, (0, 0, 0), (2, 1)): [3477, 177, 70, 26, 8, 3, 2]
(2, (0, 0, 0), (2, 2)): [2917, 135, 44, 19, 9, 4]
(2, (0, 0, 0), (3, 0)): [860, 67, 37, 12, 6, 2, 1, 0, 0, 0, 0, 0, 1]
(2, (0, 0, 0), (3, 1)): [1572, 91, 48, 15, 6, 3, 2]
(2, (0, 0, 0), (3, 2)): [1913, 102, 51, 16, 4, 3]
(2, (0, 0, 1), (0, 0)): [48955, 16479, 2976, 1017, 364, 134, 46, 13, 1, 2, 0, 1]
(2, (0, 0, 1), (0, 1)): [531, 168, 35, 12, 7, 3, 1]
(2, (0, 0, 1), (0, 2)): [203, 43, 14, 1, 1, 1]
(2, (0, 0, 1), (1, 0)): [605, 182, 54, 14, 6, 2, 0, 1]
(2, (0, 0, 1), (1, 1)): [478, 132, 31, 8, 7, 1, 1]
(2, (0, 0, 1), (1, 2)): [308, 67, 19, 5, 2, 1, 1]
(2, (0, 0, 1), (2, 0)): [269, 77, 25, 11, 4, 2, 0, 1]
(2, (0, 0, 1), (2, 1)): [283, 78, 24, 6, 7, 0, 0, 1]
(2, (0, 0, 1), (2, 2)): [251, 52, 22, 3, 3, 1, 1]
(2, (0, 0, 1), (3, 0)): [139, 30, 13, 7, 1, 2]
(2, (0, 0, 1), (3, 1)): [163, 39, 13, 5, 5]
(2, (0, 0, 1), (3, 2)): [174, 45, 15, 3, 2, 1]
(2, (0, 1, 0), (0, 0)): [125126, 28826, 7134, 2463, 787, 275, 96, 23, 6, 1, 1, 0, 1]
(2, (0, 1, 0), (0, 1)): [1354, 249, 65, 23, 10, 1, 1]
(2, (0, 1, 0), (0, 2)): [495, 62, 14, 5, 4]
(2, (0, 1, 0), (1, 0)): [1866, 314, 145, 55, 14, 6, 3, 0, 0, 0, 0, 0, 1]
(2, (0, 1, 0), (1, 1)): [1264, 233, 83, 24, 8, 3, 2]
(2, (0, 1, 0), (1, 2)): [722, 109, 31, 16, 5]
(2, (0, 1, 0), (2, 0)): [873, 132, 72, 39, 10, 2, 2, 0, 0, 0, 0, 0, 1]
(2, (0, 1, 0), (2, 1)): [812, 136, 54, 17, 6, 2, 2, 0, 0, 0, 0, 0, 1]
(2, (0, 1, 0), (2, 2)): [679, 97, 34, 19, 6]
(2, (0, 1, 0), (3, 0)): [480, 61, 42, 24, 6, 0, 1]
(2, (0, 1, 0), (3, 1)): [414, 69, 35, 13, 7, 1, 2, 0, 0, 0, 0, 0, 1]
(2, (0, 1, 0), (3, 2)): [470, 66, 33, 13, 4, 1, 1, 0, 0, 0, 0, 0, 1]
(2, (0, 1, 1), (0, 0)): [30437, 2759, 7214, 1890, 721, 239, 84, 32, 11, 4, 2]
(2, (0, 1, 1), (0, 1)): [309, 24, 53, 14, 4, 2, 1, 2]
(2, (0, 1, 1), (0, 2)): [123, 5, 17, 5, 2, 1, 1]
(2, (0, 1, 1), (1, 0)): [435, 50, 87, 32, 18, 3, 3, 0, 0, 0, 1]
(2, (0, 1, 1), (1, 1)): [270, 25, 50, 11, 5, 1, 1, 1]
(2, (0, 1, 1), (1, 2)): [179, 8, 29, 6, 2, 1, 2]
(2, (0, 1, 1), (2, 0)): [228, 35, 42, 21, 14, 3, 1, 0, 0, 0, 1]
(2, (0, 1, 1), (2, 1)): [140, 20, 32, 8, 3, 1]
(2, (0, 1, 1), (2, 2)): [139, 13, 26, 6, 0, 1, 1]
(2, (0, 1, 1), (3, 0)): [168, 23, 25, 13, 13, 3, 1, 0, 0, 0, 1]
(2, (0, 1, 1), (3, 1)): [77, 9, 19, 5, 1, 1]
(2, (0, 1, 1), (3, 2)): [97, 13, 24, 6, 1, 2]
(2, (1, 0, 0), (0, 0)): [270088, 20650, 11943, 3874, 1293, 416, 161, 52, 13, 5, 3, 0, 1]
(2, (1, 0, 0), (0, 1)): [3198, 167, 152, 44, 16, 6, 2, 1]
(2, (1, 0, 0), (0, 2)): [1079, 49, 37, 8, 6, 2, 1]
(2, (1, 0, 0), (1, 0)): [3467, 291, 212, 85, 30, 6, 4, 0, 0, 0, 0, 0, 1]
(2, (1, 0, 0), (1, 1)): [2666, 173, 154, 50, 13, 2, 1]
(2, (1, 0, 0), (1, 2)): [1550, 79, 66, 27, 6, 2]
(2, (1, 0, 0), (2, 0)): [1228, 128, 80, 42, 16, 3, 2, 0, 0, 0, 0, 0, 1]
(2, (1, 0, 0), (2, 1)): [1415, 109, 88, 26, 15, 3, 1, 0, 0, 0, 0, 0, 1]
(2, (1, 0, 0), (2, 2)): [1190, 78, 64, 22, 9, 4, 1]
(2, (1, 0, 0), (3, 0)): [401, 57, 24, 25, 6, 1, 2]
(2, (1, 0, 0), (3, 1)): [606, 66, 47, 24, 7, 1, 2, 0, 0, 0, 0, 0, 1]
(2, (1, 0, 0), (3, 2)): [679, 68, 42, 19, 6, 5, 1, 0, 0, 0, 0, 0, 1]
(2, (1, 0, 1), (0, 0)): [44036, 11708, 4939, 2638, 842, 296, 104, 33, 12, 2, 0, 2]
(2, (1, 0, 1), (0, 1)): [576, 112, 54, 40, 16, 2, 0, 0, 0, 0, 0, 1]
(2, (1, 0, 1), (0, 2)): [226, 29, 18, 12, 6]
(2, (1, 0, 1), (1, 0)): [553, 128, 70, 45, 21, 8, 2]
(2, (1, 0, 1), (1, 1)): [442, 98, 40, 31, 16, 2, 2, 0, 0, 0, 0, 1]
(2, (1, 0, 1), (1, 2)): [288, 46, 17, 12, 6, 1, 0, 0, 0, 0, 0, 1]
(2, (1, 0, 1), (2, 0)): [204, 42, 35, 21, 4, 4]
(2, (1, 0, 1), (2, 1)): [240, 57, 20, 19, 11, 2]
(2, (1, 0, 1), (2, 2)): [204, 36, 13, 9, 7, 2, 0, 0, 0, 0, 0, 1]
(2, (1, 0, 1), (3, 0)): [80, 15, 16, 11, 2, 1]
(2, (1, 0, 1), (3, 1)): [112, 23, 14, 13, 6]
(2, (1, 0, 1), (3, 2)): [124, 25, 12, 5, 6, 2]
(2, (1, 1, 0), (0, 0)): [101028, 16012, 8474, 5184, 1657, 580, 176, 61, 24, 9, 5, 0, 2, 1]
(2, (1, 1, 0), (0, 1)): [1298, 193, 97, 61, 23, 5, 3, 0, 0, 0, 0, 0, 1]
(2, (1, 1, 0), (0, 2)): [453, 62, 26, 12, 7, 0, 1]
(2, (1, 1, 0), (1, 0)): [1356, 197, 122, 101, 29, 11, 3, 2, 1, 1]
(2, (1, 1, 0), (1, 1)): [1091, 149, 78, 60, 15, 5, 1, 1, 1, 1, 0, 0, 1]
(2, (1, 1, 0), (1, 2)): [672, 79, 50, 22, 5, 2, 2]
(2, (1, 1, 0), (2, 0)): [495, 77, 60, 47, 16, 6, 1, 1]
(2, (1, 1, 0), (2, 1)): [616, 79, 48, 37, 14, 6, 0, 1, 1, 1, 0, 0, 1]
(2, (1, 1, 0), (2, 2)): [526, 70, 38, 29, 9, 3, 2, 0, 1]
(2, (1, 1, 0), (3, 0)): [187, 34, 26, 24, 8, 3, 1]
(2, (1, 1, 0), (3, 1)): [270, 38, 30, 29, 4, 5, 1, 1, 0, 0, 0, 0, 1]
(2, (1, 1, 0), (3, 2)): [319, 41, 29, 27, 8, 2, 1, 0, 1]
(2, (1, 1, 1), (0, 0)): [29757, 4522, 5092, 2698, 1800, 608, 196, 69, 29, 7, 5, 0, 1, 1]
(2, (1, 1, 1), (0, 1)): [473, 50, 67, 40, 28, 4, 4, 2, 1, 0, 0, 0, 1]
(2, (1, 1, 1), (0, 2)): [213, 11, 16, 6, 6, 1, 1, 0, 1]
(2, (1, 1, 1), (1, 0)): [405, 119, 70, 58, 25, 11, 4, 0, 1, 0, 1]
(2, (1, 1, 1), (1, 1)): [356, 53, 61, 36, 24, 3, 2, 0, 0, 0, 1, 0, 1]
(2, (1, 1, 1), (1, 2)): [257, 20, 25, 14, 10, 2, 2, 0, 0, 0, 1]
(2, (1, 1, 1), (2, 0)): [122, 87, 22, 27, 12, 7, 3]
(2, (1, 1, 1), (2, 1)): [172, 49, 33, 22, 16, 3, 3, 0, 0, 0, 0, 0, 1]
(2, (1, 1, 1), (2, 2)): [177, 29, 24, 15, 8, 2, 2, 0, 0, 0, 1]
(2, (1, 1, 1), (3, 0)): [27, 64, 9, 15, 4, 4]
(2, (1, 1, 1), (3, 1)): [60, 55, 12, 17, 11, 3, 2]
(2, (1, 1, 1), (3, 2)): [95, 43, 16, 21, 11, 5, 2, 0, 0, 0, 1]
