(0, (0, 0, 0), (0, 0)): [1247247, 247633, 114187, 51966, 23096, 9895, 4059, 1715, 682, 313, 136, 59, 28, 10, 3, 1, 0, 1]
(0, (0, 0, 0), (0, 1)): [23063, 4174, 1956, 871, 376, 156, 59, 35, 7, 5, 2, 0, 2, 1, 0, 1]
(0, (0, 0, 0), (0, 2)): [8482, 1344, 630, 275, 113, 41, 22, 13, 2, 1, 0, 0, 1]
(0, (0, 0, 0), (1, 0)): [21527, 4599, 2256, 1035, 514, 210, 96, 37, 14, 6, 3]
(0, (0, 0, 0), (1, 1)): [19530, 3736, 1815, 836, 386, 154, 55, 27, 7, 4, 4, 0, 1, 1, 0, 1]
(0, (0, 0, 0), (1, 2)): [12690, 2121, 968, 430, 210, 89, 27, 14, 5, 2, 0, 0, 2]
(0, (0, 0, 0), (2, 0)): [7206, 1721, 878, 440, 212, 96, 46, 18, 6, 2, 1]
(0, (0, 0, 0), (2, 1)): [10456, 2183, 1142, 535, 251, 101, 46, 23, 5, 1, 1, 0, 0, 1]
(0, (0, 0, 0), (2, 2)): [10044, 1829, 902, 418, 202, 89, 24, 12, 5, 3, 1, 0, 2]
(0, (0, 0, 0), (3, 0)): [2389, 625, 363, 205, 95, 51, 20, 8, 3, 0, 1]
(0, (0, 0, 0), (3, 1)): [4298, 1063, 624, 325, 134, 62, 28, 16, 4]
(0, (0, 0, 0), (3, 2)): [5809, 1221, 723, 342, 162, 67, 21, 12, 5, 2, 0, 0, 2]
(0, (0, 0, 1), (0, 0)): [5486, 16108, 4377, 2072, 993, 424, 186, 93, 36, 20, 7, 1, 3, 2]
(0, (0, 0, 1), (0, 1)): [91, 239, 72, 26, 18, 7, 5, 1, 0, 1, 0, 0, 0, 1]
(0, (0, 0, 1), (0, 2)): [37, 94, 22, 7, 7, 1]
(0, (0, 0, 1), (1, 0)): [93, 228, 66, 42, 25, 11, 3, 2, 1]
(0, (0, 0, 1), (1, 1)): [83, 176, 58, 23, 20, 8, 6, 1, 0, 1, 0, 0, 0, 1]
(0, (0, 0, 1), (1, 2)): [54, 123, 36, 13, 10, 1, 3, 1, 0, 1]
(0, (0, 0, 1), (2, 0)): [36, 97, 27, 20, 8, 7, 1, 1, 1]
(0, (0, 0, 1), (2, 1)): [49, 104, 33, 19, 13, 5, 1]
(0, (0, 0, 1), (2, 2)): [54, 91, 29, 9, 11, 1, 2]
(0, (0, 0, 1), (3, 0)): [9, 43, 11, 8, 4, 4, 1, 1, 1]
(0, (0, 0, 1), (3, 1)): [22, 44, 16, 12, 7, 4, 0, 1]
(0, (0, 0, 1), (3, 2)): [31, 52, 17, 10, 9, 4, 1, 1]
(0, (0, 1, 0), (0, 0)): [42922, 39734, 15408, 7385, 3551, 1521, 643, 274, 111, 65, 23, 5, 3, 2, 1]
(0, (0, 1, 0), (0, 1)): [756, 601, 228, 104, 46, 23, 13, 6, 3]
(0, (0, 1, 0), (0, 2)): [300, 182, 82, 30, 14, 10, 4, 1, 1]
(0, (0, 1, 0), (1, 0)): [718, 627, 254, 135, 68, 29, 13, 4, 1]
(0, (0, 1, 0), (1, 1)): [622, 514, 205, 100, 39, 15, 11, 6]
(0, (0, 1, 0), (1, 2)): [414, 307, 119, 58, 24, 11, 6, 3, 1]
(0, (0, 1, 0), (2, 0)): [245, 229, 86, 53, 29, 18, 6, 0, 1]
(0, (0, 1, 0), (2, 1)): [311, 271, 112, 60, 21, 17, 7, 4]
(0, (0, 1, 0), (2, 2)): [323, 232, 104, 51, 18, 8, 7, 1, 1]
(0, (0, 1, 0), (3, 0)): [92, 82, 37, 28, 21, 6, 3, 0, 1]
(0, (0, 1, 0), (3, 1)): [126, 119, 56, 35, 21, 9, 3, 1]
(0, (0, 1, 0), (3, 2)): [197, 143, 72, 38, 20, 6, 7]
(0, (0, 1, 1), (0, 0)): [3745, 6192, 7558, 3500, 1844, 854, 362, 174, 84, 37, 10, 6, 1, 2, 1, 0, 0, 1]
(0, (0, 1, 1), (0, 1)): [59, 77, 115, 51, 27, 11, 8, 3, 2]
(0, (0, 1, 1), (0, 2)): [31, 28, 39, 18, 14, 6, 3, 2]
(0, (0, 1, 1), (1, 0)): [79, 132, 153, 84, 45, 19, 8, 7, 4, 0, 0, 1]
(0, (0, 1, 1), (1, 1)): [49, 77, 102, 55, 26, 7, 5, 3, 2]
(0, (0, 1, 1), (1, 2)): [34, 39, 54, 27, 19, 6, 3, 2, 1]
(0, (0, 1, 1), (2, 0)): [45, 72, 73, 41, 24, 14, 4, 5, 3, 0, 0, 1]
(0, (0, 1, 1), (2, 1)): [35, 54, 67, 33, 15, 5, 2, 5, 3]
(0, (0, 1, 1), (2, 2)): [39, 41, 51, 21, 12, 5, 2, 2, 2]
(0, (0, 1, 1), (3, 0)): [28, 44, 38, 28, 18, 12, 2, 1, 0, 0, 0, 1]
(0, (0, 1, 1), (3, 1)): [15, 30, 31, 18, 11, 1, 0, 2, 2]
(0, (0, 1, 1), (3, 2)): [20, 25, 40, 17, 10, 3, 2, 4, 3]
(0, (1, 0, 0), (0, 0)): [269969, 90148, 56582, 27934, 13250, 5953, 2482, 1080, 446, 205, 91, 38, 19, 4, 2, 1, 0, 1]
(0, (1, 0, 0), (0, 1)): [4844, 1311, 918, 456, 225, 100, 37, 17, 8, 1]
(0, (1, 0, 0), (0, 2)): [1845, 397, 296, 133, 66, 25, 15, 2, 5, 1]
(0, (1, 0, 0), (1, 0)): [4216, 1407, 1001, 487, 240, 98, 49, 20, 10, 6, 2, 1]
(0, (1, 0, 0), (1, 1)): [3568, 1062, 781, 371, 180, 71, 28, 17, 7, 4, 0, 1]
(0, (1, 0, 0), (1, 2)): [2301, 577, 435, 192, 95, 33, 19, 9, 4, 2]
(0, (1, 0, 0), (2, 0)): [1334, 460, 326, 188, 98, 45, 16, 10, 5, 2, 2]
(0, (1, 0, 0), (2, 1)): [1733, 540, 404, 213, 103, 48, 16, 7, 6, 3, 0, 1]
(0, (1, 0, 0), (2, 2)): [1618, 446, 330, 156, 84, 29, 16, 8, 5, 3]
(0, (1, 0, 0), (3, 0)): [391, 159, 121, 84, 50, 18, 5, 5, 0, 1, 1]
(0, (1, 0, 0), (3, 1)): [657, 231, 178, 118, 69, 24, 6, 3, 4, 1, 1, 1]
(0, (1, 0, 0), (3, 2)): [810, 271, 197, 108, 74, 23, 8, 6, 3, 3]
(0, (1, 0, 1), (0, 0)): [6436, 19123, 7888, 5373, 2848, 1296, 633, 265, 122, 50, 25, 12, 5, 1, 1, 0, 0, 1]
(0, (1, 0, 1), (0, 1)): [105, 299, 119, 82, 38, 20, 13, 4, 1, 0, 0, 0, 1]
(0, (1, 0, 1), (0, 2)): [40, 114, 29, 28, 14, 9, 5, 2, 1]
(0, (1, 0, 1), (1, 0)): [101, 314, 122, 92, 48, 26, 4, 4, 4, 1, 1]
(0, (1, 0, 1), (1, 1)): [90, 232, 89, 61, 33, 15, 8, 1, 2, 0, 1]
(0, (1, 0, 1), (1, 2)): [71, 138, 43, 31, 15, 11, 3, 2, 2]
(0, (1, 0, 1), (2, 0)): [34, 109, 50, 34, 18, 13, 0, 3, 1, 1]
(0, (1, 0, 1), (2, 1)): [29, 136, 55, 39, 21, 9, 2, 0, 2, 0, 1]
(0, (1, 0, 1), (2, 2)): [51, 111, 42, 25, 16, 7, 2, 2, 1, 0, 1]
(0, (1, 0, 1), (3, 0)): [18, 38, 20, 16, 8, 8, 0, 3]
(0, (1, 0, 1), (3, 1)): [14, 50, 22, 19, 11, 6, 1]
(0, (1, 0, 1), (3, 2)): [18, 56, 31, 15, 10, 6, 2, 0, 1, 0, 1]
(0, (1, 1, 0), (0, 0)): [36650, 23500, 17971, 12632, 6691, 3178, 1352, 645, 256, 125, 57, 24, 9, 1]
(0, (1, 1, 0), (0, 1)): [690, 378, 260, 201, 109, 44, 19, 12, 3, 0, 1, 1]
(0, (1, 1, 0), (0, 2)): [271, 132, 86, 61, 38, 14, 8, 6, 1]
(0, (1, 1, 0), (1, 0)): [556, 341, 270, 206, 101, 63, 25, 15, 3, 3]
(0, (1, 1, 0), (1, 1)): [473, 257, 210, 159, 67, 41, 16, 10, 3, 1, 1]
(0, (1, 1, 0), (1, 2)): [328, 148, 112, 84, 44, 19, 6, 10, 1, 1]
(0, (1, 1, 0), (2, 0)): [160, 109, 86, 71, 38, 24, 9, 7, 2, 1]
(0, (1, 1, 0), (2, 1)): [220, 132, 91, 88, 44, 24, 11, 5, 2, 1]
(0, (1, 1, 0), (2, 2)): [225, 117, 83, 68, 33, 18, 3, 7, 2, 2]
(0, (1, 1, 0), (3, 0)): [37, 38, 32, 26, 14, 8, 4, 4, 1]
(0, (1, 1, 0), (3, 1)): [76, 59, 41, 45, 18, 14, 10, 3, 2]
(0, (1, 1, 0), (3, 2)): [122, 70, 48, 46, 20, 12, 3, 5, 2]
(0, (1, 1, 1), (0, 0)): [3695, 6828, 5646, 4313, 3375, 1692, 786, 396, 173, 77, 37, 14, 4, 1, 1]
(0, (1, 1, 1), (0, 1)): [84, 110, 99, 62, 48, 28, 10, 5, 6, 2, 1, 1]
(0, (1, 1, 1), (0, 2)): [38, 47, 33, 21, 22, 7, 2, 1, 3, 0, 0, 1]
(0, (1, 1, 1), (1, 0)): [55, 126, 118, 86, 71, 38, 11, 12, 3, 0, 1, 1]
(0, (1, 1, 1), (1, 1)): [58, 93, 97, 64, 39, 27, 11, 7, 2, 1, 1]
(0, (1, 1, 1), (1, 2)): [48, 68, 52, 28, 19, 14, 3, 2, 4, 0, 0, 1]
(0, (1, 1, 1), (2, 0)): [15, 49, 30, 36, 34, 11, 3, 6, 1, 0, 1]
(0, (1, 1, 1), (2, 1)): [29, 45, 40, 37, 29, 14, 4, 5, 2]
(0, (1, 1, 1), (2, 2)): [30, 46, 38, 33, 16, 12, 3, 4, 1, 0, 0, 1]
(0, (1, 1, 1), (3, 0)): [2, 16, 13, 18, 12, 2, 2, 3, 0, 0, 1]
(0, (1, 1, 1), (3, 1)): [5, 21, 14, 24, 11, 4, 1, 2, 1, 0, 1]
(0, (1, 1, 1), (3, 2)): [10, 16, 21, 25, 12, 8, 3, 2, 2, 0, 0, 1]
(1, (0, 0, 0), (0, 0)): [1005412, 108235, 44356, 17520, 6822, 2626, 991, 387, 145, 58, 26, 14, 6, 3, 0, 1]
(1, (0, 0, 0), (0, 1)): [18709, 1864, 789, 293, 120, 33, 13, 9, 1, 0, 0, 0, 0, 1]
(1, (0, 0, 0), (0, 2)): [6878, 553, 227, 83, 35, 11, 1, 2]
(1, (0, 0, 0), (1, 0)): [18071, 2238, 952, 369, 152, 54, 25, 10, 0, 1, 0, 0, 0, 0, 0, 1]
(1, (0, 0, 0), (1, 1)): [16094, 1756, 714, 274, 116, 42, 20, 7, 1, 1, 0, 0, 0, 1]
(1, (0, 0, 0), (1, 2)): [10205, 899, 349, 149, 67, 30, 10, 2]
(1, (0, 0, 0), (2, 0)): [6297, 886, 426, 152, 60, 23, 10, 5, 0, 0, 0, 0, 0, 0, 0, 1]
(1, (0, 0, 0), (2, 1)): [8887, 1086, 467, 179, 78, 22, 11, 6, 0, 1]
(1, (0, 0, 0), (2, 2)): [8436, 833, 362, 142, 69, 32, 12, 4]
(1, (0, 0, 0), (3, 0)): [2038, 324, 207, 68, 29, 9, 6, 1, 0, 0, 0, 0, 0, 0, 0, 1]
(1, (0, 0, 0), (3, 1)): [3783, 587, 298, 109, 51, 8, 5, 3]
(1, (0, 0, 0), (3, 2)): [4860, 613, 303, 106, 56, 20, 12, 3]
(1, (0, 0, 1), (0, 0)): [28501, 40754, 7967, 3377, 1426, 569, 226, 96, 41, 15, 7, 4, 4, 1]
(1, (0, 0, 1), (0, 1)): [467, 500, 114, 35, 19, 7, 6, 1]
(1, (0, 0, 1), (0, 2)): [194, 170, 37, 8, 3, 1, 4]
(1, (0, 0, 1), (1, 0)): [493, 680, 138, 73, 29, 12, 6, 3, 1]
(1, (0, 0, 1), (1, 1)): [423, 467, 97, 41, 22, 6, 2, 3]
(1, (0, 0, 1), (1, 2)): [308, 258, 41, 15, 13, 2, 3]
(1, (0, 0, 1), (2, 0)): [214, 283, 58, 36, 15, 7, 5, 1, 1]
(1, (0, 0, 1), (2, 1)): [203, 289, 56, 26, 13, 7, 5, 3]
(1, (0, 0, 1), (2, 2)): [222, 223, 44, 18, 7, 2, 2, 1]
(1, (0, 0, 1), (3, 0)): [97, 117, 35, 25, 8, 3, 2, 1, 1]
(1, (0, 0, 1), (3, 1)): [111, 144, 25, 16, 7, 3, 3, 2]
(1, (0, 0, 1), (3, 2)): [142, 140, 34, 14, 6, 2, 3, 1]
(1, (0, 1, 0), (0, 0)): [137190, 61896, 21992, 9298, 3759, 1495, 508, 238, 66, 34, 20, 7, 8, 2, 1]
(1, (0, 1, 0), (0, 1)): [2213, 848, 308, 120, 40, 17, 7, 3, 1]
(1, (0, 1, 0), (0, 2)): [867, 297, 92, 26, 10, 6, 3]
(1, (0, 1, 0), (1, 0)): [2593, 1151, 408, 231, 106, 30, 12, 4, 0, 0, 1, 0, 0, 1]
(1, (0, 1, 0), (1, 1)): [1930, 728, 287, 129, 51, 19, 7, 4, 1, 0, 0, 0, 0, 1]
(1, (0, 1, 0), (1, 2)): [1276, 441, 166, 50, 17, 9, 5, 2]
(1, (0, 1, 0), (2, 0)): [1143, 507, 184, 121, 54, 16, 8, 3, 0, 0, 1]
(1, (0, 1, 0), (2, 1)): [1035, 427, 150, 93, 43, 12, 6, 3, 0, 0, 1, 0, 0, 1]
(1, (0, 1, 0), (2, 2)): [1003, 380, 143, 47, 29, 6, 3, 1]
(1, (0, 1, 0), (3, 0)): [615, 235, 80, 79, 38, 9, 5, 2]
(1, (0, 1, 0), (3, 1)): [544, 200, 73, 60, 29, 8, 3, 1, 0, 0, 0, 0, 0, 1]
(1, (0, 1, 0), (3, 2)): [599, 212, 94, 51, 27, 2, 4, 1, 0, 0, 0, 0, 0, 1]
(1, (0, 1, 1), (0, 0)): [22616, 18177, 16905, 6688, 3375, 1335, 522, 212, 98, 32, 10, 7, 1, 2, 0, 1]
(1, (0, 1, 1), (0, 1)): [317, 199, 173, 72, 34, 17, 7, 3]
(1, (0, 1, 1), (0, 2)): [159, 68, 57, 25, 9, 5, 3]
(1, (0, 1, 1), (1, 0)): [528, 402, 312, 155, 102, 38, 16, 10, 3, 1]
(1, (0, 1, 1), (1, 1)): [255, 174, 166, 63, 34, 10, 6, 4]
(1, (0, 1, 1), (1, 2)): [205, 97, 91, 45, 16, 6, 4]
(1, (0, 1, 1), (2, 0)): [346, 264, 180, 105, 80, 32, 13, 8, 3, 1]
(1, (0, 1, 1), (2, 1)): [144, 117, 95, 38, 19, 9, 7, 2]
(1, (0, 1, 1), (2, 2)): [145, 91, 84, 38, 20, 3, 2, 2]
(1, (0, 1, 1), (3, 0)): [282, 209, 134, 79, 70, 28, 9, 8, 3, 1]
(1, (0, 1, 1), (3, 1)): [71, 51, 40, 19, 7, 9, 5]
(1, (0, 1, 1), (3, 2)): [88, 61, 46, 20, 12, 3, 1, 1]
(1, (1, 0, 0), (0, 0)): [388937, 69287, 43683, 18602, 7514, 2987, 1155, 426, 190, 76, 30, 20, 4, 3, 0, 2]
(1, (1, 0, 0), (0, 1)): [6935, 971, 724, 302, 116, 46, 19, 4, 1, 2]
(1, (1, 0, 0), (0, 2)): [2520, 298, 261, 85, 33, 13, 6, 1, 0, 2]
(1, (1, 0, 0), (1, 0)): [6635, 1210, 847, 389, 161, 54, 26, 9, 1, 2, 0, 0, 1, 0, 0, 1]
(1, (1, 0, 0), (1, 1)): [5508, 828, 616, 263, 103, 38, 16, 7, 1, 0, 0, 0, 0, 0, 0, 1]
(1, (1, 0, 0), (1, 2)): [3454, 442, 358, 129, 51, 18, 5, 5, 0, 1]
(1, (1, 0, 0), (2, 0)): [2163, 447, 323, 170, 65, 26, 10, 0, 1, 2, 0, 0, 1]
(1, (1, 0, 0), (2, 1)): [2805, 482, 375, 168, 68, 21, 12, 2, 2, 0, 0, 0, 0, 0, 0, 1]
(1, (1, 0, 0), (2, 2)): [2587, 373, 320, 119, 47, 13, 6, 3, 1, 1]
(1, (1, 0, 0), (3, 0)): [663, 161, 107, 76, 30, 12, 4, 0, 0, 2, 0, 0, 1]
(1, (1, 0, 0), (3, 1)): [1079, 265, 174, 100, 37, 14, 6, 1, 0, 1, 0, 0, 0, 0, 0, 1]
(1, (1, 0, 0), (3, 2)): [1317, 261, 190, 95, 32, 15, 5, 1, 1, 1, 0, 0, 0, 0, 0, 1]
(1, (1, 0, 1), (0, 0)): [30974, 36611, 11966, 7766, 3309, 1357, 527, 218, 76, 48, 13, 5, 0, 1]
(1, (1, 0, 1), (0, 1)): [572, 511, 141, 121, 56, 19, 10, 5, 3, 2]
(1, (1, 0, 1), (0, 2)): [253, 158, 51, 46, 8, 7, 4, 3, 0, 1]
(1, (1, 0, 1), (1, 0)): [559, 617, 194, 142, 74, 26, 9, 4, 0, 2]
(1, (1, 0, 1), (1, 1)): [440, 420, 120, 99, 55, 8, 9, 3, 2]
(1, (1, 0, 1), (1, 2)): [318, 225, 67, 61, 21, 8, 6, 3, 0, 1]
(1, (1, 0, 1), (2, 0)): [218, 212, 67, 45, 31, 15, 1, 1, 0, 1]
(1, (1, 0, 1), (2, 1)): [213, 221, 66, 51, 33, 8, 6, 1, 2]
(1, (1, 0, 1), (2, 2)): [213, 170, 56, 33, 22, 7, 6, 1, 1]
(1, (1, 0, 1), (3, 0)): [84, 84, 24, 20, 14, 7, 0, 0, 0, 1]
(1, (1, 0, 1), (3, 1)): [89, 102, 25, 25, 21, 7, 0, 1]
(1, (1, 0, 1), (3, 2)): [105, 96, 34, 25, 21, 10, 4, 2, 1]
(1, (1, 1, 0), (0, 0)): [105622, 32753, 22155, 15521, 6554, 2730, 1068, 430, 173, 68, 25, 13, 8, 5, 1]
(1, (1, 1, 0), (0, 1)): [1947, 523, 316, 249, 96, 35, 19, 5, 3]
(1, (1, 1, 0), (0, 2)): [783, 197, 104, 91, 29, 8, 4, 0, 1]
(1, (1, 1, 0), (1, 0)): [1746, 592, 411, 314, 138, 49, 25, 10, 1, 3, 0, 0, 2, 1]
(1, (1, 1, 0), (1, 1)): [1460, 425, 287, 207, 92, 33, 19, 8, 0, 2]
(1, (1, 1, 0), (1, 2)): [1042, 252, 159, 128, 46, 15, 8, 2]
(1, (1, 1, 0), (2, 0)): [587, 206, 140, 123, 52, 19, 8, 2, 1, 1, 0, 0, 2, 1]
(1, (1, 1, 0), (2, 1)): [732, 263, 171, 121, 50, 20, 12, 3, 0, 1, 0, 0, 1]
(1, (1, 1, 0), (2, 2)): [756, 209, 120, 92, 42, 13, 6, 1]
(1, (1, 1, 0), (3, 0)): [162, 78, 42, 43, 26, 11, 4, 2, 1, 1, 0, 0, 1]
(1, (1, 1, 0), (3, 1)): [303, 120, 80, 66, 32, 12, 10, 3, 0, 2, 0, 0, 1]
(1, (1, 1, 0), (3, 2)): [392, 127, 82, 58, 35, 14, 9, 4, 0, 2, 0, 0, 1]
(1, (1, 1, 1), (0, 0)): [21800, 17231, 11126, 7378, 5279, 2266, 912, 351, 140, 54, 19, 15, 6, 3, 1, 1]
(1, (1, 1, 1), (0, 1)): [454, 289, 180, 116, 98, 36, 17, 7, 3]
(1, (1, 1, 1), (0, 2)): [229, 102, 66, 36, 38, 12, 9, 1]
(1, (1, 1, 1), (1, 0)): [402, 296, 203, 131, 111, 45, 20, 6, 2, 2, 0, 1, 1]
(1, (1, 1, 1), (1, 1)): [331, 217, 149, 106, 87, 35, 8, 6, 1]
(1, (1, 1, 1), (1, 2)): [254, 115, 93, 63, 45, 27, 8, 3]
(1, (1, 1, 1), (2, 0)): [124, 113, 82, 51, 38, 19, 12, 3, 1, 1, 0, 1, 1]
(1, (1, 1, 1), (2, 1)): [163, 138, 89, 61, 50, 15, 11, 4, 1, 1, 0, 1]
(1, (1, 1, 1), (2, 2)): [175, 97, 75, 65, 43, 18, 8, 2]
(1, (1, 1, 1), (3, 0)): [28, 41, 26, 22, 11, 11, 4, 0, 1, 0, 0, 0, 1]
(1, (1, 1, 1), (3, 1)): [49, 76, 33, 30, 22, 10, 5, 3, 0, 0, 0, 0, 1]
(1, (1, 1, 1), (3, 2)): [88, 64, 39, 41, 28, 14, 3, 2]
(2, (0, 0, 0), (0, 0)): [870024, 38709, 12914, 4123, 1373, 452, 158, 50, 9, 5, 5, 0, 1]
(2, (0, 0, 0), (0, 1)): [16200, 674, 230, 62, 31, 8, 6, 1]
(2, (0, 0, 0), (0, 2)): [5849, 177, 49, 17, 8, 2, 1, 1]
(2, (0, 0, 0), (1, 0)): [16450, 957, 312, 94, 39, 12, 3, 0, 0, 0, 0, 0, 1]
(2, (0, 0, 0), (1, 1)): [14336, 704, 236, 56, 32, 8, 6]
(2, (0, 0, 0), (1, 2)): [8998, 313, 102, 28, 15, 5, 3]
(2, (0, 0, 0), (2, 0)): [6082, 372, 149, 56, 19, 6, 1, 0, 0, 0, 0, 0, 1]
(2, (0, 0, 0), (2, 1)): [8331, 441, 155, 52, 10, 6, 3]
(2, (0, 0, 0), (2, 2)): [7596, 319, 114, 35, 13, 7, 1]
(2, (0, 0, 0), (3, 0)): [2111, 148, 87, 29, 15, 3, 1, 0, 0, 0, 0, 0, 1]
(2, (0, 0, 0), (3, 1)): [3845, 229, 113, 37, 14, 6, 2]
(2, (0, 0, 0), (3, 2)): [4806, 254, 112, 31, 11, 6]
(2, (0, 0, 1), (0, 0)): [81983, 25954, 4957, 1690, 606, 203, 60, 18, 3, 2, 0, 1]
(2, (0, 0, 1), (0, 1)): [1324, 368, 76, 22, 11, 3, 1]
(2, (0, 0, 1), (0, 2)): [511, 102, 25, 4, 2, 1]
(2, (0, 0, 1), (1, 0)): [1585, 455, 106, 43, 12, 6, 0, 2]
(2, (0, 0, 1), (1, 1)): [1247, 304, 71, 20, 9, 2, 1, 1]
(2, (0, 0, 1), (1, 2)): [828, 158, 35, 10, 2, 1, 1]
(2, (0, 0, 1), (2, 0)): [685, 197, 49, 28, 7, 5, 0, 1]
(2, (0, 0, 1), (2, 1)): [718, 168, 50, 17, 9, 2, 0, 2]
(2, (0, 0, 1), (2, 2)): [681, 126, 43, 7, 3, 2, 1]
(2, (0, 0, 1), (3, 0)): [360, 90, 26, 18, 3, 4]
(2, (0, 0, 1), (3, 1)): [384, 94, 21, 15, 6, 2, 0, 1]
(2, (0, 0, 1), (3, 2)): [440, 96, 30, 10, 2, 1]
(2, (0, 1, 0), (0, 0)): [217727, 47203, 12329, 4291, 1388, 472, 148, 43, 9, 7, 5, 0, 1]
(2, (0, 1, 0), (0, 1)): [3406, 626, 162, 56, 19, 1, 1]
(2, (0, 1, 0), (0, 2)): [1270, 182, 41, 11, 6]
(2, (0, 1, 0), (1, 0)): [4479, 779, 315, 128, 33, 18, 5, 1, 0, 0, 0, 0, 1]
(2, (0, 1, 0), (1, 1)): [3165, 546, 192, 62, 17, 5, 3, 1]
(2, (0, 1, 0), (1, 2)): [2001, 276, 68, 35, 6]
(2, (0, 1, 0), (2, 0)): [2099, 358, 158, 87, 25, 12, 3, 0, 0, 0, 0, 0, 1]
(2, (0, 1, 0), (2, 1)): [1895, 343, 124, 45, 13, 9, 3, 1, 0, 0, 0, 0, 1]
(2, (0, 1, 0), (2, 2)): [1751, 261, 69, 38, 8, 4, 0, 1]
(2, (0, 1, 0), (3, 0)): [1187, 172, 91, 59, 17, 5, 2]
(2, (0, 1, 0), (3, 1)): [921, 166, 86, 29, 14, 5, 3, 0, 0, 0, 0, 0, 1]
(2, (0, 1, 0), (3, 2)): [1146, 177, 75, 33, 9, 5, 1, 0, 0, 0, 0, 0, 1]
(2, (0, 1, 1), (0, 0)): [50523, 4430, 11288, 3018, 1175, 372, 128, 44, 17, 4, 3, 1, 0, 1]
(2, (0, 1, 1), (0, 1)): [731, 58, 126, 29, 8, 3, 1, 3]
(2, (0, 1, 1), (0, 2)): [319, 22, 42, 11, 5, 1, 1]
(2, (0, 1, 1), (1, 0)): [1040, 104, 207, 75, 35, 7, 4, 0, 0, 0, 1]
(2, (0, 1, 1), (1, 1)): [666, 52, 119, 33, 7, 3, 1, 2]
(2, (0, 1, 1), (1, 2)): [452, 28, 67, 15, 5, 1, 2, 1]
(2, (0, 1, 1), (2, 0)): [529, 62, 105, 43, 27, 6, 1, 0, 0, 0, 1]
(2, (0, 1, 1), (2, 1)): [371, 33, 83, 19, 8, 4]
(2, (0, 1, 1), (2, 2)): [385, 29, 67, 18, 4, 4, 1, 1]
(2, (0, 1, 1), (3, 0)): [374, 46, 64, 29, 23, 5, 1, 0, 0, 0, 1]
(2, (0, 1, 1), (3, 1)): [193, 17, 40, 13, 4, 1]
(2, (0, 1, 1), (3, 2)): [251, 23, 55, 15, 4, 4, 0, 1]
(2, (1, 0, 0), (0, 0)): [472267, 34325, 21530, 6878, 2192, 705, 278, 76, 17, 10, 6, 0, 1]
(2, (1, 0, 0), (0, 1)): [7943, 439, 342, 93, 35, 10, 6, 1]
(2, (1, 0, 0), (0, 2)): [2863, 123, 87, 16, 13, 2, 1]
(2, (1, 0, 0), (1, 0)): [8277, 659, 474, 188, 45, 15, 7, 2, 0, 0, 0, 0, 1]
(2, (1, 0, 0), (1, 1)): [6545, 400, 325, 110, 26, 4, 4, 1]
(2, (1, 0, 0), (1, 2)): [4044, 194, 137, 48, 14, 3]
(2, (1, 0, 0), (2, 0)): [2822, 271, 160, 88, 20, 7, 4, 0, 0, 0, 0, 0, 1]
(2, (1, 0, 0), (2, 1)): [3378, 224, 179, 69, 23, 6, 2, 1, 0, 0, 0, 0, 1]
(2, (1, 0, 0), (2, 2)): [3101, 179, 134, 44, 18, 5, 1, 1]
(2, (1, 0, 0), (3, 0)): [919, 127, 49, 51, 6, 3, 3]
(2, (1, 0, 0), (3, 1)): [1454, 158, 85, 53, 9, 4, 2, 0, 0, 0, 0, 0, 1]
(2, (1, 0, 0), (3, 2)): [1727, 155, 90, 46, 11, 8, 1, 1, 0, 0, 0, 0, 1]
(2, (1, 0, 1), (0, 0)): [79025, 19581, 7796, 4502, 1443, 485, 172, 55, 20, 7, 0, 2, 1]
(2, (1, 0, 1), (0, 1)): [1419, 289, 113, 79, 25, 4, 2, 2, 0, 0, 0, 1]
(2, (1, 0, 1), (0, 2)): [569, 85, 33, 18, 10, 0, 0, 1]
(2, (1, 0, 1), (1, 0)): [1315, 292, 142, 106, 37, 15, 5]
(2, (1, 0, 1), (1, 1)): [1057, 222, 87, 77, 19, 10, 5, 1, 0, 0, 0, 1]
(2, (1, 0, 1), (1, 2)): [733, 117, 43, 33, 11, 5, 1, 2, 0, 0, 0, 1]
(2, (1, 0, 1), (2, 0)): [497, 104, 69, 35, 15, 5, 2]
(2, (1, 0, 1), (2, 1)): [589, 125, 48, 40, 16, 5, 1]
(2, (1, 0, 1), (2, 2)): [516, 89, 35, 25, 10, 3, 1, 2, 0, 0, 0, 1]
(2, (1, 0, 1), (3, 0)): [177, 33, 32, 14, 8, 2, 2]
(2, (1, 0, 1), (3, 1)): [275, 54, 34, 21, 7, 2, 3]
(2, (1, 0, 1), (3, 2)): [299, 60, 36, 15, 8, 3, 2, 2]
(2, (1, 1, 0), (0, 0)): [181287, 27956, 14147, 9368, 2975, 991, 316, 104, 39, 18, 7, 1, 2, 1]
(2, (1, 1, 0), (0, 1)): [3278, 446, 202, 148, 43, 7, 5, 3, 0, 0, 0, 0, 1]
(2, (1, 1, 0), (0, 2)): [1305, 135, 60, 35, 11, 1, 2, 1]
(2, (1, 1, 0), (1, 0)): [3186, 491, 266, 220, 66, 23, 8, 2, 1, 1]
(2, (1, 1, 0), (1, 1)): [2655, 360, 162, 141, 34, 9, 4, 2, 1, 1, 0, 0, 1]
(2, (1, 1, 0), (1, 2)): [1822, 204, 91, 58, 14, 4, 2, 2]
(2, (1, 1, 0), (2, 0)): [1120, 190, 121, 90, 35, 13, 3, 1]
(2, (1, 1, 0), (2, 1)): [1417, 181, 114, 92, 25, 11, 4, 1, 1, 1, 0, 0, 1]
(2, (1, 1, 0), (2, 2)): [1359, 163, 77, 77, 16, 4, 4, 2, 1]
(2, (1, 1, 0), (3, 0)): [403, 75, 52, 36, 16, 6, 1]
(2, (1, 1, 0), (3, 1)): [626, 98, 73, 50, 15, 9, 2, 1, 0, 0, 0, 0, 1]
(2, (1, 1, 0), (3, 2)): [762, 102, 65, 55, 18, 4, 3, 2, 1]
(2, (1, 1, 1), (0, 0)): [52738, 7720, 8876, 4450, 3150, 1001, 338, 116, 40, 8, 6, 0, 1, 1]
(2, (1, 1, 1), (0, 1)): [1115, 114, 159, 79, 57, 9, 6, 3, 1, 0, 0, 0, 1]
(2, (1, 1, 1), (0, 2)): [518, 32, 40, 25, 16, 2, 2, 1, 1]
(2, (1, 1, 1), (1, 0)): [864, 243, 162, 99, 60, 26, 8, 1, 2, 0, 1]
(2, (1, 1, 1), (1, 1)): [815, 124, 134, 69, 46, 7, 4, 0, 0, 0, 1, 0, 1]
(2, (1, 1, 1), (1, 2)): [618, 55, 58, 34, 18, 4, 3, 1, 0, 0, 1]
(2, (1, 1, 1), (2, 0)): [245, 161, 46, 44, 31, 16, 4, 1, 1]
(2, (1, 1, 1), (2, 1)): [361, 110, 78, 39, 36, 10, 4, 0, 0, 0, 0, 0, 1]
(2, (1, 1, 1), (2, 2)): [404, 70, 56, 38, 21, 5, 3, 0, 0, 0, 1]
(2, (1, 1, 1), (3, 0)): [51, 109, 17, 26, 12, 8, 1, 0, 1]
(2, (1, 1, 1), (3, 1)): [116, 111, 30, 27, 26, 8, 4]
(2, (1, 1, 1), (3, 2)): [191, 95, 37, 42, 23, 8, 5, 0, 0, 0, 1]
