(0, (0, 0, 0), (0, 0)): [23166, 3967, 1653, 686, 291, 83, 49, 12, 4, 3, 2]
(0, (0, 0, 0), (0, 1)): [37, 6, 6, 1]
(0, (0, 0, 0), (0, 2)): [23, 1, 2, 1]
(0, (0, 0, 0), (1, 0)): [53, 8, 4, 3, 0, 1]
(0, (0, 0, 0), (1, 1)): [29, 5, 3, 1]
(0, (0, 0, 0), (1, 2)): [30, 3, 2, 1]
(0, (0, 0, 0), (2, 0)): [25, 5, 3, 1, 0, 1]
(0, (0, 0, 0), (2, 1)): [26, 4, 4]
(0, (0, 0, 0), (2, 2)): [25, 3, 4]
(0, (0, 0, 0), (3, 0)): [8, 2, 0, 1, 0, 1]
(0, (0, 0, 0), (3, 1)): [14, 2, 2, 1]
(0, (0, 0, 0), (3, 2)): [18, 2]
(0, (0, 0, 1), (0, 0)): [118, 247, 63, 22, 11, 2]
(0, (0, 0, 1), (0, 1)): [0, 3, 1]
(0, (0, 0, 1), (0, 2)): [0, 2]
(0, (0, 0, 1), (1, 1)): [0, 1, 1]
(0, (0, 0, 1), (1, 2)): [0, 2]
(0, (0, 0, 1), (2, 1)): [0, 0, 1]
(0, (0, 0, 1), (3, 1)): [0, 0, 1]
(0, (0, 0, 1), (3, 2)): [0, 0, 1]
(0, (0, 1, 0), (0, 0)): [829, 645, 250, 96, 37, 13, 10, 0, 2, 1, 1]
(0, (0, 1, 0), (0, 1)): [4, 1, 1, 1]
(0, (0, 1, 0), (0, 2)): [2, 0, 0, 1]
(0, (0, 1, 0), (1, 0)): [3, 2]
(0, (0, 1, 0), (1, 1)): [2, 1]
(0, (0, 1, 0), (1, 2)): [2, 0, 0, 1]
(0, (0, 1, 0), (2, 0)): [2, 2]
(0, (0, 1, 0), (2, 1)): [0, 2]
(0, (0, 1, 0), (2, 2)): [0, 1]
(0, (0, 1, 0), (3, 0)): [2, 1]
(0, (0, 1, 0), (3, 1)): [1, 2]
(0, (0, 1, 0), (3, 2)): [1, 2]
(0, (0, 1, 1), (0, 0)): [85, 91, 103, 46, 26, 11, 4, 1, 1, 1]
(0, (0, 1, 1), (0, 1)): [0, 0, 0, 0, 1]
(0, (0, 1, 1), (0, 2)): [0, 0, 0, 0, 1]
(0, (0, 1, 1), (1, 0)): [3, 0, 1, 0, 1]
(0, (0, 1, 1), (1, 1)): [0, 0, 0, 0, 1]
(0, (0, 1, 1), (1, 2)): [0, 0, 0, 0, 1]
(0, (0, 1, 1), (2, 0)): [3]
(0, (0, 1, 1), (2, 1)): [0, 0, 0, 0, 1]
(0, (0, 1, 1), (2, 2)): [0, 0, 0, 0, 1]
(0, (0, 1, 1), (3, 0)): [3]
(0, (0, 1, 1), (3, 1)): [0, 0, 0, 0, 1]
(0, (1, 0, 0), (0, 0)): [4507, 1386, 805, 364, 165, 45, 26, 11, 2, 2, 2]
(0, (1, 0, 0), (0, 1)): [11, 3, 3, 1]
(0, (1, 0, 0), (0, 2)): [7, 1, 1, 1]
(0, (1, 0, 0), (1, 0)): [14, 1, 1, 1, 0, 1]
(0, (1, 0, 0), (1, 1)): [7, 2, 1, 1]
(0, (1, 0, 0), (1, 2)): [11, 1, 0, 1]
(0, (1, 0, 0), (2, 0)): [7, 0, 0, 0, 0, 1]
(0, (1, 0, 0), (2, 1)): [4, 1]
(0, (1, 0, 0), (2, 2)): [7]
(0, (1, 0, 0), (3, 0)): [3, 0, 0, 0, 0, 1]
(0, (1, 0, 0), (3, 1)): [3, 0, 0, 0, 0, 1]
(0, (1, 0, 0), (3, 2)): [5]
(0, (1, 0, 1), (0, 0)): [128, 328, 139, 84, 36, 10, 9, 2, 2, 1]
(0, (1, 0, 1), (0, 1)): [0, 2, 1]
(0, (1, 0, 1), (0, 2)): [0, 1]
(0, (1, 0, 1), (1, 0)): [1, 2]
(0, (1, 0, 1), (1, 1)): [0, 2, 1]
(0, (1, 0, 1), (1, 2)): [0, 1]
(0, (1, 0, 1), (2, 0)): [1, 1]
(0, (1, 0, 1), (2, 1)): [0, 2]
(0, (1, 0, 1), (2, 2)): [0, 2]
(0, (1, 0, 1), (3, 0)): [0, 1]
(0, (1, 0, 1), (3, 2)): [0, 1]
(0, (1, 1, 0), (0, 0)): [605, 331, 240, 158, 63, 28, 13, 3, 1, 0, 1]
(0, (1, 1, 0), (0, 1)): [3, 1, 1, 0, 0, 1]
(0, (1, 1, 0), (0, 2)): [1, 1, 0, 0, 0, 1]
(0, (1, 1, 0), (1, 0)): [1, 0, 0, 0, 1]
(0, (1, 1, 0), (1, 1)): [1, 0, 0, 0, 1]
(0, (1, 1, 0), (1, 2)): [1, 1, 0, 0, 0, 1]
(0, (1, 1, 0), (2, 0)): [1]
(0, (1, 1, 0), (2, 1)): [0, 0, 0, 0, 1]
(0, (1, 1, 0), (2, 2)): [0, 0, 0, 0, 0, 1]
(0, (1, 1, 0), (3, 1)): [0, 0, 0, 0, 1]
(0, (1, 1, 0), (3, 2)): [0, 0, 0, 0, 0, 1]
(0, (1, 1, 1), (0, 0)): [62, 110, 88, 51, 27, 20, 11, 2, 1]
(0, (1, 1, 1), (0, 1)): [1, 0, 0, 1, 0, 1]
(0, (1, 1, 1), (1, 0)): [1, 0, 1]
(0, (1, 1, 1), (1, 1)): [1, 0, 1, 1]
(0, (1, 1, 1), (2, 1)): [0, 0, 1, 1]
(0, (1, 1, 1), (2, 2)): [0, 0, 1, 1]
(1, (0, 0, 0), (0, 0)): [19168, 1778, 614, 239, 84, 22, 21, 1, 1, 1]
(1, (0, 0, 0), (0, 1)): [42, 0, 1]
(1, (0, 0, 0), (0, 2)): [26]
(1, (0, 0, 0), (1, 0)): [33, 7]
(1, (0, 0, 0), (1, 1)): [23, 2, 1]
(1, (0, 0, 0), (1, 2)): [25, 1, 1]
(1, (0, 0, 0), (2, 0)): [14, 4]
(1, (0, 0, 0), (2, 1)): [16, 2]
(1, (0, 0, 0), (2, 2)): [19, 1]
(1, (0, 0, 0), (3, 0)): [4, 1]
(1, (0, 0, 0), (3, 1)): [8, 1]
(1, (0, 0, 0), (3, 2)): [14, 2]
(1, (0, 0, 1), (0, 0)): [478, 531, 98, 30, 17, 5, 3, 0, 1]
(1, (0, 0, 1), (0, 1)): [2, 1]
(1, (0, 0, 1), (0, 2)): [2]
(1, (0, 0, 1), (1, 0)): [1, 2, 1]
(1, (0, 0, 1), (1, 1)): [0, 2, 1]
(1, (0, 0, 1), (1, 2)): [1, 2, 1]
(1, (0, 0, 1), (2, 0)): [1, 1]
(1, (0, 0, 1), (2, 1)): [0, 1]
(1, (0, 0, 1), (2, 2)): [0, 1]
(1, (0, 0, 1), (3, 0)): [1]
(1, (0, 0, 1), (3, 1)): [1]
(1, (0, 0, 1), (3, 2)): [1]
(1, (0, 1, 0), (0, 0)): [2337, 901, 305, 112, 49, 16, 7, 4, 1, 1, 1]
(1, (0, 1, 0), (0, 1)): [9, 2, 2, 1]
(1, (0, 1, 0), (0, 2)): [7]
(1, (0, 1, 0), (1, 0)): [8, 4, 1, 1]
(1, (0, 1, 0), (1, 1)): [4, 3, 2]
(1, (0, 1, 0), (1, 2)): [5, 0, 1]
(1, (0, 1, 0), (2, 0)): [6, 2, 0, 1]
(1, (0, 1, 0), (2, 1)): [4, 3]
(1, (0, 1, 0), (2, 2)): [7, 1, 1]
(1, (0, 1, 0), (3, 0)): [4, 1, 0, 1]
(1, (0, 1, 0), (3, 1)): [2, 1, 0, 1]
(1, (0, 1, 0), (3, 2)): [5, 0, 0, 1]
(1, (0, 1, 1), (0, 0)): [353, 253, 192, 67, 33, 13, 5, 0, 1]
(1, (0, 1, 1), (0, 1)): [1]
(1, (0, 1, 1), (0, 2)): [1]
(1, (0, 1, 1), (1, 0)): [0, 0, 0, 1, 0, 1]
(1, (0, 1, 1), (1, 2)): [1]
(1, (0, 1, 1), (2, 0)): [0, 0, 0, 1, 0, 1]
(1, (0, 1, 1), (3, 0)): [0, 0, 0, 1, 0, 1]
(1, (1, 0, 0), (0, 0)): [6498, 1017, 594, 242, 87, 18, 20, 2, 3]
(1, (1, 0, 0), (0, 1)): [16, 1, 1]
(1, (1, 0, 0), (0, 2)): [5]
(1, (1, 0, 0), (1, 0)): [24, 5, 1, 1]
(1, (1, 0, 0), (1, 1)): [18, 5, 1, 1]
(1, (1, 0, 0), (1, 2)): [9, 3, 1]
(1, (1, 0, 0), (2, 0)): [10, 1, 1]
(1, (1, 0, 0), (2, 1)): [9, 2, 1, 1]
(1, (1, 0, 0), (2, 2)): [9, 2, 1, 1]
(1, (1, 0, 0), (3, 0)): [4]
(1, (1, 0, 0), (3, 1)): [5, 1]
(1, (1, 0, 0), (3, 2)): [6, 0, 1, 1]
(1, (1, 0, 1), (0, 0)): [501, 555, 155, 86, 36, 14, 10, 1, 1]
(1, (1, 0, 1), (0, 1)): [3, 5, 0, 1]
(1, (1, 0, 1), (0, 2)): [2, 2]
(1, (1, 0, 1), (1, 0)): [1, 2]
(1, (1, 0, 1), (1, 1)): [1, 2, 0, 1]
(1, (1, 0, 1), (1, 2)): [0, 3]
(1, (1, 0, 1), (2, 0)): [0, 1]
(1, (1, 0, 1), (2, 1)): [1, 1, 0, 1]
(1, (1, 0, 1), (2, 2)): [0, 1, 0, 1]
(1, (1, 0, 1), (3, 0)): [0, 1]
(1, (1, 0, 1), (3, 1)): [1, 1]
(1, (1, 0, 1), (3, 2)): [0, 1, 0, 1]
(1, (1, 1, 0), (0, 0)): [1733, 470, 301, 213, 73, 17, 11, 2, 2]
(1, (1, 1, 0), (0, 1)): [8, 2, 0, 0, 1]
(1, (1, 1, 0), (0, 2)): [4, 0, 0, 0, 1]
(1, (1, 1, 0), (1, 0)): [10]
(1, (1, 1, 0), (1, 1)): [6, 1]
(1, (1, 1, 0), (1, 2)): [6]
(1, (1, 1, 0), (2, 0)): [3]
(1, (1, 1, 0), (2, 2)): [4]
(1, (1, 1, 0), (3, 0)): [3]
(1, (1, 1, 0), (3, 1)): [1]
(1, (1, 1, 0), (3, 2)): [3]
(1, (1, 1, 1), (0, 0)): [369, 235, 161, 102, 54, 17, 7, 2, 3]
(1, (1, 1, 1), (0, 1)): [2]
(1, (1, 1, 1), (0, 2)): [1]
(1, (1, 1, 1), (1, 0)): [1, 0, 1, 0, 1]
(1, (1, 1, 1), (1, 1)): [1, 0, 1]
(1, (1, 1, 1), (1, 2)): [1, 0, 1]
(1, (1, 1, 1), (2, 0)): [0, 0, 0, 0, 1]
(1, (1, 1, 1), (2, 1)): [0, 0, 0, 0, 1]
(1, (1, 1, 1), (2, 2)): [0, 0, 1, 0, 1]
(1, (1, 1, 1), (3, 2)): [0, 0, 0, 0, 1]
(2, (0, 0, 0), (0, 0)): [16572, 650, 193, 71, 20, 7, 3]
(2, (0, 0, 0), (0, 1)): [32]
(2, (0, 0, 0), (0, 2)): [11]
(2, (0, 0, 0), (1, 0)): [37, 2, 3]
(2, (0, 0, 0), (1, 1)): [25, 1, 2]
(2, (0, 0, 0), (1, 2)): [12, 1]
(2, (0, 0, 0), (2, 0)): [18, 1]
(2, (0, 0, 0), (2, 1)): [25, 0, 2]
(2, (0, 0, 0), (2, 2)): [11, 1, 2]
(2, (0, 0, 0), (3, 0)): [5, 1]
(2, (0, 0, 0), (3, 1)): [16]
(2, (0, 0, 0), (3, 2)): [14, 0, 1]
(2, (0, 0, 1), (0, 0)): [1238, 334, 67, 11, 8, 2]
(2, (0, 0, 1), (0, 1)): [1, 1]
(2, (0, 0, 1), (1, 0)): [5, 3]
(2, (0, 0, 1), (1, 1)): [4, 1]
(2, (0, 0, 1), (1, 2)): [2]
(2, (0, 0, 1), (2, 0)): [2, 2]
(2, (0, 0, 1), (2, 1)): [2]
(2, (0, 0, 1), (2, 2)): [2]
(2, (0, 0, 1), (3, 0)): [1, 2]
(2, (0, 0, 1), (3, 1)): [1, 1]
(2, (0, 0, 1), (3, 2)): [1]
(2, (0, 1, 0), (0, 0)): [3606, 670, 179, 53, 17, 3, 1, 1, 0, 1, 1]
(2, (0, 1, 0), (0, 1)): [8, 1, 0, 1]
(2, (0, 1, 0), (0, 2)): [5]
(2, (0, 1, 0), (1, 0)): [11, 3, 1]
(2, (0, 1, 0), (1, 1)): [7, 1, 0, 1]
(2, (0, 1, 0), (1, 2)): [7, 1]
(2, (0, 1, 0), (2, 0)): [4, 2, 1]
(2, (0, 1, 0), (2, 1)): [3, 1]
(2, (0, 1, 0), (2, 2)): [2, 1]
(2, (0, 1, 0), (3, 0)): [2, 1, 1]
(2, (0, 1, 0), (3, 1)): [5, 1]
(2, (0, 1, 0), (3, 2)): [4, 2]
(2, (0, 1, 1), (0, 0)): [787, 58, 157, 34, 9, 4]
(2, (0, 1, 1), (0, 1)): [2]
(2, (0, 1, 1), (0, 2)): [1]
(2, (0, 1, 1), (1, 0)): [2]
(2, (0, 1, 1), (1, 1)): [1]
(2, (0, 1, 1), (1, 2)): [2]
(2, (0, 1, 1), (2, 0)): [2]
(2, (0, 1, 1), (3, 0)): [2]
(2, (1, 0, 0), (0, 0)): [7957, 453, 283, 100, 24, 12, 5]
(2, (1, 0, 0), (0, 1)): [22, 0, 2]
(2, (1, 0, 0), (0, 2)): [11, 0, 1]
(2, (1, 0, 0), (1, 0)): [17, 2, 2]
(2, (1, 0, 0), (1, 1)): [17, 0, 1]
(2, (1, 0, 0), (1, 2)): [12]
(2, (1, 0, 0), (2, 0)): [3, 2, 1]
(2, (1, 0, 0), (2, 1)): [6]
(2, (1, 0, 0), (2, 2)): [8]
(2, (1, 0, 0), (3, 0)): [2, 0, 1]
(2, (1, 0, 0), (3, 1)): [3, 0, 1]
(2, (1, 0, 0), (3, 2)): [1, 0, 1]
(2, (1, 0, 1), (0, 0)): [1322, 303, 102, 47, 22, 7, 3, 0, 0, 1]
(2, (1, 0, 1), (0, 1)): [6, 1, 0, 1]
(2, (1, 0, 1), (0, 2)): [4, 1]
(2, (1, 0, 1), (1, 0)): [3, 1]
(2, (1, 0, 1), (1, 1)): [4, 0, 0, 1]
(2, (1, 0, 1), (1, 2)): [5, 1, 0, 1]
(2, (1, 0, 1), (2, 0)): [0, 1]
(2, (1, 0, 1), (2, 1)): [1, 1]
(2, (1, 0, 1), (2, 2)): [5, 1]
(2, (1, 0, 1), (3, 2)): [2, 1]
(2, (1, 1, 0), (0, 0)): [2943, 392, 188, 135, 31, 14, 4, 1, 1]
(2, (1, 1, 0), (0, 1)): [10, 1]
(2, (1, 1, 0), (0, 2)): [5, 1]
(2, (1, 1, 0), (1, 0)): [9, 0, 1]
(2, (1, 1, 0), (1, 1)): [8]
(2, (1, 1, 0), (1, 2)): [8, 1]
(2, (1, 1, 0), (2, 0)): [2, 0, 1]
(2, (1, 1, 0), (2, 1)): [3]
(2, (1, 1, 0), (2, 2)): [5, 1]
(2, (1, 1, 0), (3, 0)): [0, 0, 1]
(2, (1, 1, 0), (3, 1)): [0, 0, 1]
(2, (1, 1, 0), (3, 2)): [2, 1, 1]
(2, (1, 1, 1), (0, 0)): [842, 104, 142, 50, 40, 10, 4, 2, 1]
(2, (1, 1, 1), (0, 1)): [4, 1]
(2, (1, 1, 1), (0, 2)): [2]
(2, (1, 1, 1), (1, 0)): [1, 0, 0, 0, 1]
(2, (1, 1, 1), (1, 1)): [2, 1]
(2, (1, 1, 1), (1, 2)): [1]
(2, (1, 1, 1), (2, 1)): [1, 1]
(2, (1, 1, 1), (2, 2)): [2]
(2, (1, 1, 1), (3, 1)): [0, 1]
