(0, (0, 0, 0), (0, 0)): [489605, 100192, 47064, 21773, 9834, 4312, 1830, 772, 319, 152, 67, 25, 15, 3, 2]
(0, (0, 0, 0), (0, 1)): [1348, 259, 111, 42, 18, 6, 2, 4, 0, 1, 1]
(0, (0, 0, 0), (0, 2)): [545, 99, 39, 14, 4, 2, 1, 2]
(0, (0, 0, 0), (1, 0)): [1250, 259, 106, 49, 27, 17, 5, 2, 0, 2]
(0, (0, 0, 0), (1, 1)): [1044, 212, 84, 39, 15, 3, 1, 3, 0, 1, 1]
(0, (0, 0, 0), (1, 2)): [678, 131, 36, 16, 4, 2, 1, 2]
(0, (0, 0, 0), (2, 0)): [469, 106, 49, 26, 18, 12, 3, 1, 0, 1]
(0, (0, 0, 0), (2, 1)): [589, 117, 47, 24, 12, 5, 1, 1]
(0, (0, 0, 0), (2, 2)): [554, 109, 23, 12, 9, 4, 1, 1]
(0, (0, 0, 0), (3, 0)): [209, 48, 33, 18, 9, 10, 2, 1]
(0, (0, 0, 0), (3, 1)): [254, 56, 36, 15, 5, 2, 3, 1]
(0, (0, 0, 0), (3, 2)): [328, 68, 36, 14, 9, 2, 2, 1]
(0, (0, 0, 1), (0, 0)): [2367, 7818, 2181, 1031, 508, 208, 104, 55, 22, 8, 4, 1, 3]
(0, (0, 1, 0), (0, 0)): [16152, 16625, 6377, 3012, 1526, 688, 288, 122, 56, 33, 11, 4, 2]
(0, (0, 1, 0), (0, 1)): [44, 43, 10, 3, 2, 1]
(0, (0, 1, 0), (1, 1)): [36, 23, 5, 3, 1, 1]
(0, (0, 1, 0), (2, 1)): [9, 16, 2, 5, 0, 1, 1]
(0, (0, 1, 0), (3, 1)): [6, 5, 2, 4, 1, 1, 1]
(0, (0, 1, 1), (0, 0)): [1441, 2619, 3444, 1562, 815, 386, 172, 75, 42, 15, 6, 2, 0, 1, 1]
(0, (0, 1, 1), (1, 0)): [4, 7, 10, 5, 2, 3, 3]
(0, (0, 1, 1), (2, 0)): [1, 5, 6, 3, 1, 2, 1]
(0, (0, 1, 1), (3, 0)): [1, 4, 6, 2, 1, 2, 1]
(0, (1, 0, 0), (0, 0)): [109532, 39048, 24091, 12105, 5764, 2618, 1121, 490, 204, 102, 47, 16, 9, 3, 2]
(0, (1, 0, 0), (0, 1)): [283, 68, 49, 22, 14, 5, 3, 1, 1, 1]
(0, (1, 0, 0), (0, 2)): [98, 22, 17, 6, 4, 2, 1, 1, 0, 1]
(0, (1, 0, 0), (1, 0)): [220, 90, 59, 18, 8, 4, 3, 4, 2]
(0, (1, 0, 0), (1, 1)): [185, 53, 40, 15, 9, 2, 1, 1]
(0, (1, 0, 0), (1, 2)): [100, 26, 25, 3, 5, 2, 1, 1]
(0, (1, 0, 0), (2, 0)): [85, 41, 19, 9, 4, 1, 2, 3, 2]
(0, (1, 0, 0), (2, 1)): [94, 33, 18, 10, 3, 0, 1, 0, 2]
(0, (1, 0, 0), (2, 2)): [90, 25, 17, 5, 2, 1, 0, 0, 1]
(0, (1, 0, 0), (3, 0)): [36, 17, 7, 5, 2, 1, 0, 1]
(0, (1, 0, 0), (3, 1)): [34, 14, 7, 6, 2, 1, 0, 0, 1]
(0, (1, 0, 0), (3, 2)): [38, 15, 7, 3, 1, 1, 0, 0, 1]
(0, (1, 0, 1), (0, 0)): [2584, 8080, 3611, 2408, 1312, 617, 324, 132, 60, 27, 12, 8, 2, 0, 1]
(0, (1, 0, 1), (1, 0)): [12, 23, 7, 2, 5, 5, 0, 1]
(0, (1, 0, 1), (2, 0)): [4, 10, 2, 1, 1, 3]
(0, (1, 0, 1), (3, 0)): [3, 3, 1, 0, 1, 2]
(0, (1, 1, 0), (0, 0)): [14475, 9737, 8079, 5446, 2942, 1375, 606, 298, 115, 59, 32, 8, 5, 1]
(0, (1, 1, 0), (0, 1)): [49, 23, 18, 11, 2, 6, 1]
(0, (1, 1, 0), (0, 2)): [13, 7, 8, 5, 1, 1]
(0, (1, 1, 0), (1, 0)): [28, 22, 16, 16, 6, 5, 4, 2, 1]
(0, (1, 1, 0), (1, 1)): [28, 20, 11, 9, 1, 7, 1, 0, 1]
(0, (1, 1, 0), (1, 2)): [23, 10, 6, 6, 0, 1]
(0, (1, 1, 0), (2, 0)): [11, 4, 8, 7, 5, 1, 2, 2]
(0, (1, 1, 0), (2, 1)): [11, 7, 4, 4, 5, 4, 2]
(0, (1, 1, 0), (3, 0)): [4, 2, 5, 4, 1, 0, 0, 2]
(0, (1, 1, 1), (0, 0)): [1503, 2762, 2415, 1981, 1549, 779, 365, 180, 80, 42, 22, 5, 1, 1, 1]
(0, (1, 1, 1), (0, 1)): [4, 6, 7, 3, 4, 0, 1, 0, 1]
(0, (1, 1, 1), (0, 2)): [3, 1, 3, 3, 1]
(0, (1, 1, 1), (1, 0)): [1, 6, 10, 5, 5, 3, 2, 1, 1]
(1, (0, 0, 0), (0, 0)): [387661, 42213, 17580, 6990, 2781, 1116, 436, 178, 66, 23, 10, 6, 2]
(1, (0, 0, 0), (0, 1)): [1094, 113, 34, 10, 7, 0, 0, 1]
(1, (0, 0, 0), (0, 2)): [453, 30, 13, 6, 3, 0, 0, 1]
(1, (0, 0, 0), (1, 0)): [964, 111, 48, 13, 3, 3, 0, 1]
(1, (0, 0, 0), (1, 1)): [846, 93, 34, 11, 4, 1]
(1, (0, 0, 0), (1, 2)): [539, 52, 17, 10, 3, 1]
(1, (0, 0, 0), (2, 0)): [326, 46, 23, 4, 1, 1]
(1, (0, 0, 0), (2, 1)): [435, 50, 28, 6, 3]
(1, (0, 0, 0), (2, 2)): [428, 41, 21, 9, 3, 1]
(1, (0, 0, 0), (3, 0)): [128, 16, 8, 1, 1, 1]
(1, (0, 0, 0), (3, 1)): [178, 33, 13, 1, 1]
(1, (0, 0, 0), (3, 2)): [246, 32, 20, 4, 0, 1]
(1, (0, 0, 1), (0, 0)): [12771, 20189, 3962, 1645, 714, 284, 123, 62, 23, 9, 6, 3, 2]
(1, (0, 1, 0), (0, 0)): [57271, 28458, 9660, 3992, 1639, 698, 248, 109, 33, 21, 5, 5, 3]
(1, (0, 1, 0), (0, 1)): [149, 56, 15, 7, 1, 1, 1, 1]
(1, (0, 1, 0), (0, 2)): [56, 20, 5, 0, 0, 1, 1]
(1, (0, 1, 0), (1, 0)): [171, 79, 25, 12, 9, 2]
(1, (0, 1, 0), (1, 1)): [138, 49, 10, 9, 4, 1, 0, 1]
(1, (0, 1, 0), (1, 2)): [92, 29, 9, 1, 1]
(1, (0, 1, 0), (2, 0)): [67, 25, 13, 6, 5, 1]
(1, (0, 1, 0), (2, 2)): [61, 20, 8, 5, 2, 1]
(1, (0, 1, 0), (3, 0)): [38, 14, 5, 3, 5]
(1, (0, 1, 0), (3, 1)): [31, 15, 3, 5, 4, 1]
(1, (0, 1, 1), (0, 0)): [9783, 8485, 8616, 3335, 1547, 626, 242, 97, 51, 17, 7, 4, 1, 1]
(1, (0, 1, 1), (0, 1)): [34, 11, 22, 4, 1, 0, 0, 1]
(1, (0, 1, 1), (1, 0)): [34, 15, 14, 9, 8, 3, 2, 1]
(1, (0, 1, 1), (2, 0)): [20, 13, 5, 5, 5, 3, 1, 1]
(1, (0, 1, 1), (3, 0)): [14, 9, 2, 3, 5, 3, 1, 1]
(1, (1, 0, 0), (0, 0)): [159090, 30445, 18232, 7970, 3201, 1342, 503, 198, 84, 35, 14, 10, 2, 2]
(1, (1, 0, 0), (0, 1)): [429, 57, 45, 18, 7, 3, 2]
(1, (1, 0, 0), (0, 2)): [167, 24, 21, 5, 1]
(1, (1, 0, 0), (1, 0)): [388, 80, 62, 24, 5, 4, 0, 1]
(1, (1, 0, 0), (1, 1)): [312, 50, 31, 15, 3, 4, 1, 1]
(1, (1, 0, 0), (1, 2)): [207, 25, 17, 6, 2, 0, 1]
(1, (1, 0, 0), (2, 0)): [133, 31, 31, 12, 3, 1]
(1, (1, 0, 0), (2, 1)): [148, 31, 25, 10, 1, 3, 0, 1]
(1, (1, 0, 0), (2, 2)): [137, 19, 19, 6, 2, 1]
(1, (1, 0, 0), (3, 0)): [53, 16, 11, 7, 3]
(1, (1, 0, 0), (3, 1)): [60, 19, 11, 7, 0, 1, 0, 1]
(1, (1, 0, 1), (0, 0)): [12650, 16304, 5703, 3586, 1508, 658, 243, 96, 36, 27, 10, 2]
(1, (1, 0, 1), (1, 0)): [30, 44, 6, 11, 4, 4, 0, 1]
(1, (1, 0, 1), (1, 1)): [16, 29, 6, 8, 3, 0, 1]
(1, (1, 0, 1), (1, 2)): [16, 9, 7, 8, 2, 0, 0, 1]
(1, (1, 1, 0), (0, 0)): [41182, 13185, 9661, 6342, 2781, 1197, 463, 184, 69, 28, 8, 6, 1, 3]
(1, (1, 1, 0), (1, 0)): [94, 25, 26, 25, 12, 2]
(1, (1, 1, 0), (1, 1)): [83, 16, 17, 15, 3, 1, 1]
(1, (1, 1, 0), (2, 0)): [30, 8, 10, 8, 8, 1]
(1, (1, 1, 0), (2, 1)): [41, 16, 5, 8, 3, 1, 1]
(1, (1, 1, 0), (2, 2)): [40, 8, 6, 6, 2]
(1, (1, 1, 1), (0, 0)): [8202, 6824, 4492, 3220, 2180, 976, 401, 159, 62, 24, 8, 4, 1, 1]
(1, (1, 1, 1), (0, 1)): [26, 21, 13, 10, 3, 2, 0, 1]
(1, (1, 1, 1), (0, 2)): [17, 8, 5, 4, 0, 2]
(1, (1, 1, 1), (1, 0)): [21, 14, 17, 8, 11, 4, 3, 1]
(1, (1, 1, 1), (2, 0)): [5, 5, 10, 3, 6, 2, 1, 1]
(1, (1, 1, 1), (2, 1)): [9, 7, 8, 4, 5, 1, 1]
(1, (1, 1, 1), (3, 1)): [5, 3, 2, 4, 2, 1]
(2, (0, 0, 0), (0, 0)): [333026, 14269, 4849, 1523, 536, 202, 70, 28, 6, 1, 2]
(2, (0, 0, 0), (0, 1)): [967, 46, 10, 4, 1]
(2, (0, 0, 0), (0, 2)): [358, 12, 3, 3]
(2, (0, 0, 0), (1, 0)): [984, 63, 21, 8, 3]
(2, (0, 0, 0), (1, 1)): [843, 42, 14, 3, 2]
(2, (0, 0, 0), (1, 2)): [488, 14, 9, 2, 1]
(2, (0, 0, 0), (2, 0)): [369, 24, 10, 5, 1]
(2, (0, 0, 0), (2, 1)): [504, 28, 8, 5, 1]
(2, (0, 0, 0), (2, 2)): [426, 18, 10, 6, 1]
(2, (0, 0, 0), (3, 0)): [127, 12, 7, 2, 1]
(2, (0, 0, 0), (3, 1)): [223, 16, 5, 0, 1]
(2, (0, 0, 0), (3, 2)): [296, 20, 10, 2, 1]
(2, (0, 0, 1), (0, 0)): [38544, 13117, 2330, 779, 268, 100, 39, 11, 1, 1, 0, 1]
(2, (0, 0, 1), (0, 1)): [93, 31, 8]
(2, (0, 0, 1), (0, 2)): [44, 10, 5]
(2, (0, 0, 1), (1, 0)): [85, 31, 6, 0, 0, 1]
(2, (0, 0, 1), (1, 1)): [65, 20, 3]
(2, (0, 0, 1), (1, 2)): [54, 14, 5]
(2, (0, 0, 1), (2, 2)): [38, 11, 5]
(2, (0, 0, 1), (3, 2)): [25, 5, 3]
(2, (0, 1, 0), (0, 0)): [93489, 22009, 5339, 1788, 576, 205, 72, 20, 5, 1]
(2, (0, 1, 0), (0, 1)): [211, 42, 7, 2, 4]
(2, (0, 1, 0), (0, 2)): [85, 7, 1, 1, 2]
(2, (0, 1, 0), (1, 0)): [272, 43, 18, 6, 1, 1]
(2, (0, 1, 0), (1, 1)): [188, 41, 8, 0, 2]
(2, (0, 1, 0), (1, 2)): [115, 17, 5, 1, 4]
(2, (0, 1, 0), (2, 0)): [132, 20, 13, 6, 1, 1]
(2, (0, 1, 0), (2, 1)): [121, 21, 6, 2, 0, 1]
(2, (0, 1, 0), (2, 2)): [115, 15, 6, 1, 3]
(2, (0, 1, 0), (3, 0)): [77, 12, 8, 2, 1]
(2, (0, 1, 0), (3, 1)): [64, 13, 2, 1, 1, 1]
(2, (0, 1, 0), (3, 2)): [85, 12, 7, 0, 1, 1]
(2, (0, 1, 1), (0, 0)): [23427, 2091, 5676, 1475, 549, 192, 61, 20, 10, 3, 1]
(2, (0, 1, 1), (1, 0)): [79, 5, 19, 7, 2, 1]
(2, (0, 1, 1), (2, 0)): [44, 2, 9, 5, 1, 1]
(2, (0, 1, 1), (3, 0)): [38, 0, 7, 3, 1, 1]
(2, (1, 0, 0), (0, 0)): [195202, 15249, 8356, 2766, 914, 305, 118, 40, 11, 2, 3]
(2, (1, 0, 0), (0, 1)): [458, 20, 18, 7, 2, 1]
(2, (1, 0, 0), (0, 2)): [164, 8, 4, 0, 1, 1]
(2, (1, 0, 0), (1, 0)): [480, 23, 22, 9, 3, 1]
(2, (1, 0, 0), (1, 1)): [367, 14, 16, 9, 1]
(2, (1, 0, 0), (1, 2)): [204, 9, 9, 4, 1]
(2, (1, 0, 0), (2, 0)): [170, 13, 6, 6, 1]
(2, (1, 0, 0), (2, 1)): [172, 11, 6, 0, 1]
(2, (1, 0, 0), (2, 2)): [154, 11, 11, 1, 1]
(2, (1, 0, 0), (3, 0)): [58, 7, 2, 4, 1]
(2, (1, 0, 0), (3, 1)): [71, 7, 4, 1]
(2, (1, 0, 0), (3, 2)): [79, 10, 4, 1, 1]
(2, (1, 0, 1), (0, 0)): [33243, 9015, 3884, 1982, 628, 237, 77, 32, 11, 1, 0, 1]
(2, (1, 0, 1), (0, 1)): [72, 16, 8, 8, 1, 1]
(2, (1, 0, 1), (0, 2)): [27, 5, 3, 4]
(2, (1, 0, 1), (1, 0)): [70, 11, 7, 9, 1, 1]
(2, (1, 0, 1), (1, 1)): [49, 10, 3, 2, 1]
(2, (1, 0, 1), (1, 2)): [28, 6, 3, 3]
(2, (1, 0, 1), (2, 2)): [19, 2, 3, 2]
(2, (1, 0, 1), (3, 2)): [13, 1, 4, 1]
(2, (1, 1, 0), (0, 0)): [68101, 10726, 5907, 3481, 1103, 404, 124, 39, 18, 6, 4, 0, 0, 1]
(2, (1, 1, 0), (0, 1)): [180, 22, 16, 6, 5]
(2, (1, 1, 0), (0, 2)): [80, 8, 7, 1, 1]
(2, (1, 1, 0), (1, 0)): [162, 20, 13, 15, 2, 2, 0, 1]
(2, (1, 1, 1), (0, 0)): [20276, 3061, 3555, 1898, 1258, 430, 142, 48, 21, 4, 4, 0, 0, 1]
(2, (1, 1, 1), (0, 1)): [67, 8, 12, 6, 2, 1]
(2, (1, 1, 1), (0, 2)): [41, 4, 1, 0, 0, 1]
(2, (1, 1, 1), (1, 0)): [51, 17, 10, 13, 0, 1]
(2, (1, 1, 1), (1, 1)): [34, 6, 12, 6]
(2, (1, 1, 1), (1, 2)): [31, 3, 4, 2, 0, 1]
(2, (1, 1, 1), (2, 0)): [23, 15, 2, 8, 0, 1]
(2, (1, 1, 1), (3, 0)): [8, 11, 0, 5, 0, 1]
