(0, (0, 0, 0)): [769164, 155295, 72871, 33455, 15193, 6641, 2760, 1163, 488, 224, 103, 44, 22, 6, 3, 1, 0, 1]
(0, (0, 0, 1)): [3440, 10825, 3033, 1408, 679, 310, 139, 80, 30, 16, 6, 1, 3, 1]
(0, (0, 1, 0)): [25111, 24675, 9550, 4540, 2266, 1009, 418, 175, 79, 46, 17, 5, 2, 0, 1]
(0, (0, 1, 1)): [2258, 3936, 5003, 2252, 1228, 563, 249, 112, 59, 23, 8, 5, 0, 2, 1, 0, 0, 1]
(0, (1, 0, 0)): [170679, 58310, 36749, 18284, 8843, 4024, 1717, 738, 324, 146, 69, 27, 14, 4, 2, 1, 0, 1]
(0, (1, 0, 1)): [3827, 12300, 5176, 3481, 1883, 880, 435, 185, 85, 36, 17, 10, 4, 0, 1, 0, 0, 1]
(0, (1, 1, 0)): [23291, 15197, 12069, 8335, 4563, 2143, 945, 457, 186, 86, 43, 15, 7, 1]
(0, (1, 1, 1)): [2449, 4439, 3739, 2960, 2328, 1145, 545, 280, 125, 55, 31, 11, 2, 1, 1]
(1, (0, 0, 0)): [612952, 66866, 27744, 11046, 4420, 1720, 645, 259, 96, 39, 19, 10, 5, 2, 0, 1]
(1, (0, 0, 1)): [18155, 27678, 5397, 2264, 977, 410, 167, 76, 35, 12, 6, 4, 3, 1]
(1, (0, 1, 0)): [85528, 40689, 14241, 6013, 2448, 1018, 347, 158, 46, 28, 14, 7, 5, 1, 1]
(1, (0, 1, 1)): [14498, 12227, 11862, 4675, 2323, 935, 372, 148, 78, 21, 9, 4, 1, 2, 0, 1]
(1, (1, 0, 0)): [246394, 45474, 28104, 12212, 4982, 2038, 775, 297, 132, 58, 23, 15, 3, 2, 0, 2]
(1, (1, 0, 1)): [19061, 24125, 8021, 5154, 2222, 939, 347, 145, 58, 40, 13, 3, 0, 1]
(1, (1, 1, 0)): [66458, 20987, 14822, 10060, 4401, 1888, 734, 299, 116, 53, 19, 9, 5, 4, 1]
(1, (1, 1, 1)): [13749, 11136, 7264, 5000, 3573, 1554, 642, 249, 104, 39, 15, 10, 5, 2, 1, 1]
(2, (0, 0, 0)): [527850, 23314, 7956, 2510, 895, 300, 108, 38, 8, 2, 3, 0, 1]
(2, (0, 0, 1)): [53598, 17842, 3254, 1110, 392, 148, 47, 14, 1, 2, 0, 1]
(2, (0, 1, 0)): [138219, 31481, 7929, 2755, 876, 302, 102, 24, 6, 1, 2, 0, 1]
(2, (0, 1, 1)): [33369, 3018, 7855, 2042, 786, 266, 92, 34, 11, 4, 2, 1, 0, 1]
(2, (1, 0, 0)): [301418, 22753, 13590, 4355, 1458, 460, 182, 57, 13, 7, 4, 0, 1]
(2, (1, 0, 1)): [48972, 12896, 5341, 2915, 942, 324, 113, 35, 13, 3, 0, 2, 1]
(2, (1, 1, 0)): [113617, 17903, 9389, 5875, 1873, 649, 197, 68, 26, 11, 5, 0, 2, 1]
(2, (1, 1, 1)): [33393, 5062, 5696, 2983, 2004, 677, 217, 77, 31, 7, 5, 0, 1, 1]
