(0, (0, 0, 0)): [2517103, 515103, 236882, 108626, 48782, 20844, 8690, 3525, 1426, 619, 280, 127, 44, 23, 6, 1, 1, 1]
(0, (0, 0, 1)): [8969, 27997, 7696, 3759, 1807, 776, 348, 142, 57, 35, 20, 4, 4, 3]
(0, (0, 1, 0)): [93682, 87182, 34564, 17196, 8147, 3544, 1528, 627, 261, 138, 49, 20, 9, 6, 3, 0, 1]
(0, (0, 1, 1)): [7414, 13021, 15439, 7211, 3797, 1820, 789, 348, 175, 74, 26, 16, 4, 4, 2, 0, 1, 1]
(0, (1, 0, 0)): [523533, 171709, 112931, 56393, 27053, 12061, 5054, 2167, 907, 395, 193, 76, 27, 17, 4, 1, 1, 1]
(0, (1, 0, 1)): [12199, 36935, 15019, 10837, 5657, 2637, 1249, 510, 246, 103, 55, 20, 11, 3, 2, 0, 0, 1]
(0, (1, 1, 0)): [75442, 47170, 34737, 25629, 13644, 6369, 2733, 1260, 522, 241, 111, 47, 14, 6, 1, 0, 1]
(0, (1, 1, 1)): [7283, 14164, 11348, 8248, 6813, 3387, 1582, 751, 356, 149, 73, 28, 8, 4, 1, 0, 1]
(1, (0, 0, 0)): [2061227, 231298, 94299, 37480, 14673, 5601, 2168, 778, 276, 109, 41, 23, 8, 3, 0, 1]
(1, (0, 0, 1)): [55034, 78959, 15835, 6959, 2850, 1160, 455, 169, 76, 27, 15, 9, 4, 2]
(1, (0, 1, 0)): [276232, 118883, 44373, 19273, 7806, 3131, 1118, 473, 142, 72, 36, 10, 10, 2, 1]
(1, (0, 1, 1)): [42947, 36305, 31292, 12799, 6575, 2620, 1057, 420, 175, 61, 24, 10, 3, 2, 0, 1]
(1, (1, 0, 0)): [763342, 133289, 89074, 38050, 15508, 6175, 2424, 892, 347, 144, 56, 32, 7, 3, 0, 2]
(1, (1, 0, 1)): [61879, 69656, 22420, 15455, 6687, 2771, 1088, 432, 153, 82, 24, 10, 2, 1]
(1, (1, 1, 0)): [214555, 64166, 42730, 31603, 13312, 5539, 2163, 860, 334, 134, 52, 26, 10, 5, 1]
(1, (1, 1, 1)): [43930, 35096, 21862, 14209, 11055, 4732, 1924, 726, 295, 108, 38, 22, 9, 4, 1, 1]
(2, (0, 0, 0)): [1802505, 85990, 28355, 9071, 3039, 939, 321, 108, 21, 9, 5, 0, 1]
(2, (0, 0, 1)): [168745, 48973, 10429, 3595, 1259, 432, 128, 45, 9, 7, 1, 2]
(2, (0, 1, 0)): [444782, 90996, 25825, 9202, 3085, 984, 318, 94, 23, 14, 7, 0, 1]
(2, (0, 1, 1)): [103942, 8656, 21423, 6289, 2486, 823, 268, 83, 26, 7, 5, 1, 0, 1]
(2, (1, 0, 0)): [924054, 66547, 45293, 14464, 4760, 1506, 565, 167, 40, 16, 7, 1, 1]
(2, (1, 0, 1)): [162994, 37634, 14918, 9618, 3201, 1025, 351, 107, 34, 12, 2, 4, 2]
(2, (1, 1, 0)): [362446, 53868, 27332, 19552, 6311, 2013, 684, 230, 69, 32, 10, 3, 2, 1]
(2, (1, 1, 1)): [108117, 15730, 17812, 8904, 6872, 2128, 725, 243, 81, 20, 10, 4, 1, 1]
