(0, (0, 0, 0)): [189155, 36162, 15951, 7152, 3154, 1292, 531, 210, 82, 28, 24, 1, 0, 0, 2]
(0, (0, 0, 1)): [1138, 3209, 920, 415, 181, 71, 42, 20, 5, 1, 2]
(0, (0, 1, 0)): [6152, 6004, 2108, 1002, 498, 185, 76, 20, 17, 6, 4]
(0, (0, 1, 1)): [530, 913, 1184, 532, 256, 116, 53, 17, 9, 5, 1, 0, 0, 0, 1]
(0, (1, 0, 0)): [42815, 15176, 8471, 4214, 1884, 810, 339, 136, 55, 18, 18, 1, 0, 0, 2]
(0, (1, 0, 1)): [1011, 2499, 1205, 746, 403, 167, 83, 37, 15, 3, 3, 0, 0, 0, 1]
(0, (1, 1, 0)): [5387, 3582, 2982, 1915, 1018, 452, 193, 77, 29, 16, 13, 1, 0, 1]
(0, (1, 1, 1)): [624, 1026, 883, 763, 574, 272, 127, 66, 29, 18, 9, 1, 0, 0, 1]
(1, (0, 0, 0)): [148805, 14713, 5788, 2123, 859, 355, 113, 55, 10, 6, 3]
(1, (0, 0, 1)): [5830, 8673, 1619, 674, 289, 95, 44, 19, 8, 1, 0, 1]
(1, (0, 1, 0)): [24111, 11521, 3693, 1452, 558, 237, 75, 30, 9, 2]
(1, (0, 1, 1)): [3968, 3281, 3480, 1320, 515, 210, 72, 23, 8, 3, 2, 1, 0, 1]
(1, (1, 0, 0)): [59715, 11255, 6044, 2536, 983, 421, 122, 66, 13, 7, 4]
(1, (1, 0, 1)): [4452, 5523, 2058, 1171, 501, 190, 61, 32, 8, 4, 1]
(1, (1, 1, 0)): [14715, 4589, 3268, 2055, 866, 353, 116, 45, 15, 6, 2, 0, 0, 1]
(1, (1, 1, 1)): [2819, 2305, 1492, 1131, 704, 309, 114, 54, 15, 5, 1, 0, 0, 1]
(2, (0, 0, 0)): [128552, 4807, 1501, 452, 159, 50, 16, 8, 1, 1, 1]
(2, (0, 0, 1)): [16315, 5863, 902, 277, 97, 22, 11, 3]
(2, (0, 1, 0)): [39119, 8719, 2018, 627, 176, 57, 22, 9, 0, 1]
(2, (0, 1, 1)): [9882, 940, 2298, 576, 191, 66, 16, 2, 2]
(2, (1, 0, 0)): [72558, 5492, 2533, 814, 243, 84, 27, 13, 2, 0, 1]
(2, (1, 0, 1)): [11288, 3240, 1450, 564, 178, 53, 15, 7, 2]
(2, (1, 1, 0)): [22633, 3319, 1825, 1024, 269, 99, 27, 8, 3, 1, 2]
(2, (1, 1, 1)): [6797, 1070, 1115, 620, 372, 106, 31, 8, 3, 2, 2]
