(0, (0, 0, 0)): [16057, 3022, 1342, 621, 271, 132, 59, 24, 4, 5, 2, 3, 1, 0, 0, 1]
(0, (0, 0, 1)): [60, 157, 58, 22, 13, 6, 1]
(0, (0, 1, 0)): [508, 435, 171, 84, 49, 20, 6, 2, 1, 2]
(0, (0, 1, 1)): [33, 71, 95, 37, 28, 16, 5, 3, 1, 0, 0, 1]
(0, (1, 0, 0)): [3470, 1024, 655, 323, 161, 86, 40, 15, 4, 0, 1, 2]
(0, (1, 0, 1)): [73, 240, 81, 62, 41, 20, 7, 2, 1, 0, 0, 1]
(0, (1, 1, 0)): [494, 290, 211, 171, 88, 46, 23, 11, 1]
(0, (1, 1, 1)): [56, 83, 69, 55, 52, 25, 14, 9, 1, 1, 1, 1]
(1, (0, 0, 0)): [12984, 1365, 540, 213, 77, 26, 10, 7, 1, 5, 1, 1, 1, 1, 0, 1]
(1, (0, 0, 1)): [311, 396, 86, 35, 12, 10, 2, 1, 0, 1]
(1, (0, 1, 0)): [1535, 628, 240, 109, 34, 17, 4, 2, 0, 1, 0, 0, 1, 1]
(1, (0, 1, 1)): [234, 208, 175, 66, 41, 23, 4, 4]
(1, (1, 0, 0)): [4951, 885, 532, 200, 94, 31, 16, 6, 3, 4, 2, 2, 0, 0, 0, 1]
(1, (1, 0, 1)): [358, 416, 110, 89, 36, 16, 5, 3, 1, 2, 1]
(1, (1, 1, 0)): [1414, 441, 252, 195, 88, 30, 14, 6, 4, 5, 2, 1, 2, 1]
(1, (1, 1, 1)): [308, 244, 152, 90, 79, 25, 13, 4, 3, 4]
(2, (0, 0, 0)): [11269, 462, 155, 49, 10, 4, 1, 1]
(2, (0, 0, 1)): [796, 236, 59, 21, 5, 4, 0, 1]
(2, (0, 1, 0)): [2517, 489, 146, 52, 18, 6, 3, 1, 0, 0, 0, 0, 1]
(2, (0, 1, 1)): [546, 53, 116, 31, 16, 9, 1, 2]
(2, (1, 0, 0)): [6066, 390, 275, 69, 24, 12, 3, 1]
(2, (1, 0, 1)): [829, 190, 78, 39, 11, 3, 3, 0, 0, 0, 0, 1]
(2, (1, 1, 0)): [2516, 395, 169, 110, 38, 26, 5, 3, 2, 1, 1, 0, 1]
(2, (1, 1, 1)): [702, 104, 101, 57, 55, 24, 4, 2, 2]
