(0, (0, 0, 0)): [1108326, 219418, 101546, 46285, 20690, 8874, 3678, 1547, 616, 282, 123, 54, 26, 8, 3, 1, 0, 1]
(0, (0, 0, 1)): [4863, 14408, 3912, 1866, 901, 382, 170, 85, 33, 19, 6, 1, 3, 1]
(0, (0, 1, 0)): [37269, 34660, 13429, 6359, 3111, 1350, 565, 235, 98, 58, 20, 5, 3, 2, 1]
(0, (0, 1, 1)): [3312, 5473, 6736, 3120, 1658, 760, 334, 158, 76, 33, 10, 6, 1, 2, 1, 0, 0, 1]
(0, (1, 0, 0)): [240883, 80090, 50508, 24969, 11905, 5349, 2264, 984, 403, 181, 84, 35, 16, 4, 2, 1, 0, 1]
(0, (1, 0, 1)): [5683, 17046, 7044, 4779, 2576, 1170, 570, 236, 109, 48, 23, 12, 5, 1, 1, 0, 0, 1]
(0, (1, 1, 0)): [32721, 20874, 16130, 11355, 6019, 2859, 1236, 597, 227, 107, 51, 21, 7, 1]
(0, (1, 1, 1)): [3315, 6092, 5066, 3901, 3058, 1539, 718, 367, 154, 71, 36, 13, 3, 1, 1]
(1, (0, 0, 0)): [891308, 95727, 39307, 15570, 6100, 2328, 892, 350, 131, 52, 23, 13, 6, 2, 0, 1]
(1, (0, 0, 1)): [25238, 36349, 7107, 2994, 1276, 527, 206, 85, 37, 13, 6, 4, 4, 1]
(1, (0, 1, 0)): [120523, 54881, 19465, 8172, 3321, 1312, 448, 211, 60, 31, 18, 7, 7, 2, 1]
(1, (0, 1, 1)): [20148, 16188, 15271, 6050, 3034, 1199, 478, 190, 88, 26, 9, 6, 1, 2, 0, 1]
(1, (1, 0, 0)): [347611, 61890, 38910, 16669, 6766, 2685, 1042, 392, 171, 70, 26, 19, 4, 2, 0, 2]
(1, (1, 0, 1)): [27466, 32677, 10726, 6967, 2993, 1225, 471, 195, 65, 44, 13, 4, 0, 1]
(1, (1, 1, 0)): [93979, 29158, 19883, 13825, 5903, 2459, 961, 391, 157, 61, 22, 12, 6, 4, 1]
(1, (1, 1, 1)): [19453, 15330, 9946, 6639, 4746, 2033, 825, 321, 125, 46, 17, 14, 6, 2, 1, 1]
(2, (0, 0, 0)): [770257, 34103, 11480, 3666, 1236, 403, 143, 44, 9, 3, 5, 0, 1]
(2, (0, 0, 1)): [72645, 23253, 4381, 1508, 538, 181, 53, 16, 3, 2, 0, 1]
(2, (0, 1, 0)): [192501, 42185, 10944, 3816, 1234, 414, 130, 36, 8, 4, 4, 0, 1]
(2, (0, 1, 1)): [45191, 3991, 10195, 2717, 1062, 341, 119, 40, 15, 4, 3, 1, 0, 1]
(2, (1, 0, 0)): [422900, 30699, 19200, 6146, 1967, 632, 252, 70, 17, 8, 6, 0, 1]
(2, (1, 0, 1)): [69986, 17492, 6994, 4010, 1308, 439, 157, 51, 19, 6, 0, 2, 1]
(2, (1, 1, 0)): [161424, 24903, 12724, 8338, 2607, 889, 284, 94, 37, 15, 7, 1, 2, 1]
(2, (1, 1, 1)): [47126, 6945, 7885, 3994, 2799, 907, 299, 105, 39, 8, 6, 0, 1, 1]
