(0, (0, 0, 0), (0, 0)): [15240, 3411, 1731, 870, 374, 165, 80, 42, 13, 9, 3, 4, 1]
(0, (0, 0, 0), (0, 1)): [70, 16, 9, 2, 2, 0, 0, 2]
(0, (0, 0, 0), (0, 2)): [29, 6, 2, 2, 0, 0, 0, 1]
(0, (0, 0, 0), (1, 0)): [62, 16, 7, 5, 3, 1, 1]
(0, (0, 0, 0), (1, 1)): [53, 11, 5, 2, 0, 0, 0, 1]
(0, (0, 0, 0), (1, 2)): [30, 9, 2, 0, 0, 0, 0, 1]
(0, (0, 0, 0), (2, 0)): [19, 9, 3, 2, 3, 0, 1]
(0, (0, 0, 0), (2, 1)): [30, 8, 4, 2, 3]
(0, (0, 0, 0), (2, 2)): [21, 10, 2, 0, 1]
(0, (0, 0, 0), (3, 0)): [7, 4, 2, 2, 0, 0, 1]
(0, (0, 0, 0), (3, 1)): [15, 3, 1, 0, 1, 0, 1]
(0, (0, 0, 0), (3, 2)): [14, 5, 2]
(0, (0, 0, 1), (0, 0)): [68, 225, 69, 30, 15, 5, 3, 0, 1, 2]
(0, (0, 0, 1), (0, 1)): [1, 0, 0, 0, 0, 0, 1]
(0, (0, 0, 1), (1, 0)): [0, 1, 2]
(0, (0, 0, 1), (1, 1)): [1, 0, 2, 0, 0, 0, 1]
(0, (0, 0, 1), (1, 2)): [1, 0, 1]
(0, (0, 0, 1), (2, 0)): [0, 1]
(0, (0, 0, 1), (2, 2)): [1]
(0, (0, 0, 1), (3, 0)): [0, 1]
(0, (0, 0, 1), (3, 1)): [0, 1]
(0, (0, 1, 0), (0, 0)): [560, 598, 248, 112, 65, 35, 17, 12, 6, 4, 0, 1]
(0, (0, 1, 0), (0, 1)): [6, 2, 3, 0, 1]
(0, (0, 1, 0), (0, 2)): [0, 0, 3]
(0, (0, 1, 0), (1, 0)): [2, 3, 1, 2, 0, 1, 1]
(0, (0, 1, 0), (1, 1)): [7, 3, 0, 1, 1, 1]
(0, (0, 1, 0), (1, 2)): [2, 0, 1, 0, 1]
(0, (0, 1, 0), (2, 0)): [0, 2, 1, 0, 0, 0, 1]
(0, (0, 1, 0), (2, 1)): [0, 2, 1, 0, 0, 1, 1]
(0, (0, 1, 0), (2, 2)): [1]
(0, (0, 1, 0), (3, 1)): [0, 2, 0, 0, 0, 1, 1]
(0, (0, 1, 0), (3, 2)): [0, 1, 0, 0, 0, 0, 1]
(0, (0, 1, 1), (0, 0)): [42, 114, 129, 58, 30, 14, 11, 3, 2]
(0, (0, 1, 1), (1, 0)): [0, 1, 0, 0, 1, 1, 1]
(0, (0, 1, 1), (1, 1)): [0, 1, 0, 0, 0, 1]
(0, (0, 1, 1), (1, 2)): [0, 1]
(0, (0, 1, 1), (2, 0)): [0, 0, 0, 0, 1, 0, 1]
(0, (0, 1, 1), (2, 1)): [0, 0, 0, 0, 0, 1]
(0, (0, 1, 1), (2, 2)): [0, 1]
(0, (0, 1, 1), (3, 0)): [0, 0, 0, 0, 1, 0, 1]
(0, (0, 1, 1), (3, 1)): [0, 0, 0, 0, 0, 1]
(0, (1, 0, 0), (0, 0)): [3370, 1331, 819, 465, 213, 95, 46, 27, 9, 5, 2, 2, 1]
(0, (1, 0, 0), (0, 1)): [20, 6, 2, 2, 1]
(0, (1, 0, 0), (0, 2)): [6, 2, 0, 2]
(0, (1, 0, 0), (1, 0)): [10, 8, 5, 2, 2, 1, 1, 3]
(0, (1, 0, 0), (1, 1)): [12, 7, 4, 1, 1]
(0, (1, 0, 0), (1, 2)): [7, 3, 1, 1]
(0, (1, 0, 0), (2, 0)): [6, 5, 1, 1, 0, 0, 1, 3]
(0, (1, 0, 0), (2, 1)): [7, 5, 3]
(0, (1, 0, 0), (2, 2)): [7, 6, 3]
(0, (1, 0, 0), (3, 0)): [2, 2, 0, 0, 0, 0, 0, 1]
(0, (1, 0, 0), (3, 1)): [3, 1, 1]
(0, (1, 0, 0), (3, 2)): [6, 4, 1]
(0, (1, 0, 1), (0, 0)): [89, 347, 159, 103, 55, 29, 12, 9, 1, 0, 1, 1]
(0, (1, 0, 1), (0, 1)): [0, 1, 0, 1, 1]
(0, (1, 0, 1), (1, 0)): [1, 1, 0, 0, 0, 2, 0, 1]
(0, (1, 0, 1), (1, 1)): [0, 0, 0, 0, 0, 2]
(0, (1, 0, 1), (2, 0)): [1, 1]
(0, (1, 0, 1), (2, 1)): [1, 0, 0, 0, 0, 2]
(0, (1, 0, 1), (3, 0)): [0, 1]
(0, (1, 0, 1), (3, 1)): [1, 0, 0, 0, 0, 1]
(0, (1, 1, 0), (0, 0)): [510, 364, 277, 213, 106, 44, 26, 13, 6, 2, 0, 2, 1]
(0, (1, 1, 0), (0, 1)): [1, 4, 3, 1, 0, 1]
(0, (1, 1, 0), (0, 2)): [0, 1]
(0, (1, 1, 0), (1, 0)): [2, 4, 2, 1, 1, 0, 1]
(0, (1, 1, 0), (1, 1)): [2, 3, 2, 1, 0, 1, 1]
(0, (1, 1, 0), (1, 2)): [1, 1]
(0, (1, 1, 0), (2, 0)): [0, 1, 0, 0, 1]
(0, (1, 1, 0), (2, 1)): [0, 2, 0, 1, 0, 1, 1]
(0, (1, 1, 0), (2, 2)): [0, 1]
(0, (1, 1, 0), (3, 0)): [0, 0, 0, 0, 1]
(0, (1, 1, 0), (3, 1)): [0, 0, 0, 0, 0, 0, 1]
(0, (1, 1, 1), (0, 0)): [57, 107, 91, 86, 63, 25, 21, 10, 3, 0, 1]
(0, (1, 1, 1), (0, 1)): [1, 0, 1, 0, 1, 0, 1]
(0, (1, 1, 1), (0, 2)): [1, 0, 1]
(0, (1, 1, 1), (1, 0)): [0, 0, 1, 1, 0, 0, 1, 1]
(0, (1, 1, 1), (1, 1)): [0, 0, 0, 0, 1, 0, 2]
(0, (1, 1, 1), (1, 2)): [1]
(0, (1, 1, 1), (2, 0)): [0, 0, 0, 1, 0, 0, 0, 1]
(0, (1, 1, 1), (2, 1)): [0, 0, 0, 0, 1, 0, 0, 1]
(0, (1, 1, 1), (3, 0)): [0, 0, 0, 1]
(0, (1, 1, 1), (3, 1)): [0, 0, 0, 1]
(1, (0, 0, 0), (0, 0)): [12092, 1390, 679, 298, 105, 43, 19, 8, 3, 1, 1, 1]
(1, (0, 0, 0), (0, 1)): [57, 3, 2, 1]
(1, (0, 0, 0), (0, 2)): [25, 2, 1]
(1, (0, 0, 0), (1, 0)): [45, 6, 5]
(1, (0, 0, 0), (1, 1)): [39, 4, 2]
(1, (0, 0, 0), (1, 2)): [22, 4, 1]
(1, (0, 0, 0), (2, 0)): [15, 3, 2]
(1, (0, 0, 0), (2, 1)): [25, 3, 2]
(1, (0, 0, 0), (2, 2)): [24, 2, 2]
(1, (0, 0, 0), (3, 0)): [4, 0, 1]
(1, (0, 0, 0), (3, 1)): [8, 3]
(1, (0, 0, 0), (3, 2)): [14, 4]
(1, (0, 0, 1), (0, 0)): [356, 559, 117, 46, 27, 11, 9, 2, 2, 1]
(1, (0, 0, 1), (0, 1)): [0, 3, 2]
(1, (0, 0, 1), (0, 2)): [0, 1, 1]
(1, (0, 0, 1), (1, 0)): [6]
(1, (0, 0, 1), (1, 1)): [3, 2, 1]
(1, (0, 0, 1), (1, 2)): [1, 1, 1]
(1, (0, 0, 1), (2, 0)): [1]
(1, (0, 0, 1), (2, 1)): [0, 0, 1]
(1, (0, 0, 1), (2, 2)): [0, 1]
(1, (0, 0, 1), (3, 0)): [1]
(1, (0, 0, 1), (3, 1)): [0, 0, 1]
(1, (0, 0, 1), (3, 2)): [0, 1]
(1, (0, 1, 0), (0, 0)): [1763, 867, 305, 127, 57, 29, 7, 7, 1, 1, 1, 1]
(1, (0, 1, 0), (0, 1)): [8, 1, 1]
(1, (0, 1, 0), (0, 2)): [2, 0, 1]
(1, (0, 1, 0), (1, 0)): [7, 2, 2, 0, 1]
(1, (0, 1, 0), (1, 1)): [8, 1, 1]
(1, (0, 1, 0), (1, 2)): [3, 1, 1]
(1, (0, 1, 0), (2, 0)): [0, 1, 1, 0, 1]
(1, (0, 1, 0), (2, 1)): [1, 0, 1]
(1, (0, 1, 0), (2, 2)): [2, 1]
(1, (0, 1, 0), (3, 0)): [0, 1, 0, 0, 1]
(1, (0, 1, 0), (3, 1)): [0, 0, 0, 0, 1]
(1, (0, 1, 0), (3, 2)): [2, 1]
(1, (0, 1, 1), (0, 0)): [319, 301, 288, 119, 60, 23, 9, 3, 3, 2]
(1, (0, 1, 1), (0, 1)): [2, 2]
(1, (0, 1, 1), (0, 2)): [1]
(1, (0, 1, 1), (1, 0)): [1, 6, 1, 2, 1]
(1, (0, 1, 1), (1, 1)): [0, 4]
(1, (0, 1, 1), (1, 2)): [0, 2]
(1, (0, 1, 1), (2, 0)): [1, 4, 1, 2, 1]
(1, (0, 1, 1), (2, 1)): [0, 3]
(1, (0, 1, 1), (3, 0)): [1, 2, 1, 2, 1]
(1, (0, 1, 1), (3, 1)): [0, 2]
(1, (0, 1, 1), (3, 2)): [0, 1]
(1, (1, 0, 0), (0, 0)): [5098, 1036, 652, 333, 124, 50, 23, 13, 5, 4, 1]
(1, (1, 0, 0), (0, 1)): [27, 6, 3, 2, 1]
(1, (1, 0, 0), (0, 2)): [8, 2, 1, 0, 1]
(1, (1, 0, 0), (1, 0)): [15, 8, 3, 1, 0, 1]
(1, (1, 0, 0), (1, 1)): [16, 6, 2, 0, 0, 1]
(1, (1, 0, 0), (1, 2)): [6, 2, 1]
(1, (1, 0, 0), (2, 0)): [1, 2, 1, 1]
(1, (1, 0, 0), (2, 1)): [7, 5, 2, 1]
(1, (1, 0, 0), (2, 2)): [1, 1, 1]
(1, (1, 0, 0), (3, 0)): [0, 0, 1]
(1, (1, 0, 0), (3, 1)): [1, 3, 1]
(1, (1, 0, 0), (3, 2)): [1, 3]
(1, (1, 0, 1), (0, 0)): [444, 572, 192, 137, 62, 34, 12, 5, 2, 1]
(1, (1, 0, 1), (0, 1)): [2, 3, 0, 0, 1]
(1, (1, 0, 1), (0, 2)): [1]
(1, (1, 0, 1), (1, 0)): [5, 5, 0, 1]
(1, (1, 0, 1), (1, 1)): [4, 1, 0, 0, 1]
(1, (1, 0, 1), (1, 2)): [2, 0, 0, 0, 1]
(1, (1, 0, 1), (2, 0)): [1, 1]
(1, (1, 0, 1), (2, 1)): [2, 1]
(1, (1, 0, 1), (2, 2)): [3, 0, 0, 0, 1]
(1, (1, 0, 1), (3, 2)): [2, 0, 0, 0, 1]
(1, (1, 1, 0), (0, 0)): [1402, 501, 357, 248, 104, 52, 31, 8, 3, 2]
(1, (1, 1, 0), (0, 1)): [6, 2, 3, 1, 1, 1]
(1, (1, 1, 0), (0, 2)): [3, 1, 1, 1]
(1, (1, 1, 0), (1, 0)): [6, 4, 2, 3, 2]
(1, (1, 1, 0), (1, 1)): [2, 3, 2, 1, 1, 1]
(1, (1, 1, 0), (1, 2)): [2, 0, 0, 1]
(1, (1, 1, 0), (2, 0)): [4, 2, 1, 1]
(1, (1, 1, 0), (2, 1)): [3, 3, 0, 0, 0, 1]
(1, (1, 1, 0), (2, 2)): [2, 1, 0, 1]
(1, (1, 1, 0), (3, 0)): [1, 0, 1, 1]
(1, (1, 1, 0), (3, 1)): [1, 0, 1]
(1, (1, 1, 0), (3, 2)): [2]
(1, (1, 1, 1), (0, 0)): [342, 276, 185, 141, 81, 33, 15, 2, 6, 3]
(1, (1, 1, 1), (0, 1)): [2, 2, 1, 3, 1]
(1, (1, 1, 1), (0, 2)): [2, 0, 0, 1]
(1, (1, 1, 1), (1, 0)): [2, 1, 1, 1, 1]
(1, (1, 1, 1), (1, 1)): [0, 3, 1, 2, 1]
(1, (1, 1, 1), (1, 2)): [1, 0, 0, 1]
(1, (1, 1, 1), (2, 0)): [1, 0, 0, 0, 1]
(1, (1, 1, 1), (2, 1)): [0, 0, 1, 1, 2]
(1, (1, 1, 1), (2, 2)): [0, 0, 1, 2, 2]
(1, (1, 1, 1), (3, 0)): [1]
(1, (1, 1, 1), (3, 1)): [1]
(1, (1, 1, 1), (3, 2)): [1, 0, 1, 1, 1]
(2, (0, 0, 0), (0, 0)): [10308, 479, 215, 60, 20, 10, 2, 1]
(2, (0, 0, 0), (0, 1)): [51, 0, 1, 0, 1]
(2, (0, 0, 0), (0, 2)): [17]
(2, (0, 0, 0), (1, 0)): [51, 3, 1]
(2, (0, 0, 0), (1, 1)): [44, 1, 1, 0, 1]
(2, (0, 0, 0), (1, 2)): [29]
(2, (0, 0, 0), (2, 0)): [11, 2, 1]
(2, (0, 0, 0), (2, 1)): [19, 0, 2, 0, 1]
(2, (0, 0, 0), (2, 2)): [20, 0, 1]
(2, (0, 0, 0), (3, 0)): [2, 2]
(2, (0, 0, 0), (3, 1)): [6, 2, 0, 0, 1]
(2, (0, 0, 0), (3, 2)): [15, 1, 1]
(2, (0, 0, 1), (0, 0)): [1172, 364, 76, 34, 11, 7, 2, 2]
(2, (0, 0, 1), (0, 1)): [8, 1, 1]
(2, (0, 0, 1), (0, 2)): [4, 0, 1]
(2, (0, 0, 1), (1, 0)): [7, 2, 1]
(2, (0, 0, 1), (1, 1)): [6, 2]
(2, (0, 0, 1), (1, 2)): [6, 0, 1]
(2, (0, 0, 1), (2, 0)): [1, 1, 1]
(2, (0, 0, 1), (2, 1)): [3, 2]
(2, (0, 0, 1), (2, 2)): [2, 1]
(2, (0, 0, 1), (3, 0)): [0, 0, 1]
(2, (0, 0, 1), (3, 1)): [0, 0, 1]
(2, (0, 0, 1), (3, 2)): [1]
(2, (0, 1, 0), (0, 0)): [2821, 708, 184, 73, 14, 3, 2, 1]
(2, (0, 1, 0), (0, 1)): [12, 2, 1]
(2, (0, 1, 0), (0, 2)): [4]
(2, (0, 1, 0), (1, 0)): [11, 2]
(2, (0, 1, 0), (1, 1)): [4, 3, 1]
(2, (0, 1, 0), (1, 2)): [2, 0, 1]
(2, (0, 1, 0), (2, 0)): [7]
(2, (0, 1, 0), (2, 1)): [3, 1]
(2, (0, 1, 0), (2, 2)): [3, 0, 1]
(2, (0, 1, 0), (3, 0)): [4]
(2, (0, 1, 0), (3, 1)): [1, 1]
(2, (0, 1, 0), (3, 2)): [3, 0, 1]
(2, (0, 1, 1), (0, 0)): [725, 53, 177, 45, 26, 11, 2, 0, 0, 1]
(2, (0, 1, 1), (0, 1)): [2, 0, 1, 0, 1]
(2, (0, 1, 1), (0, 2)): [0, 0, 1, 0, 1]
(2, (0, 1, 1), (1, 0)): [3, 2, 0, 1]
(2, (0, 1, 1), (1, 1)): [2, 2]
(2, (0, 1, 1), (1, 2)): [2, 0, 1]
(2, (0, 1, 1), (2, 0)): [2, 0, 0, 1]
(2, (0, 1, 1), (2, 1)): [1, 1, 0, 1]
(2, (0, 1, 1), (2, 2)): [1, 0, 1, 1]
(2, (0, 1, 1), (3, 0)): [1]
(2, (0, 1, 1), (3, 1)): [1]
(2, (0, 1, 1), (3, 2)): [2, 0, 0, 1]
(2, (1, 0, 0), (0, 0)): [6387, 494, 340, 114, 36, 13, 6, 3, 0, 1]
(2, (1, 0, 0), (0, 1)): [31, 2, 1, 1]
(2, (1, 0, 0), (0, 2)): [13]
(2, (1, 0, 0), (1, 0)): [28, 1, 2, 0, 1]
(2, (1, 0, 0), (1, 1)): [20, 2, 2, 1]
(2, (1, 0, 0), (1, 2)): [15, 0, 1]
(2, (1, 0, 0), (2, 0)): [11, 1, 0, 0, 1]
(2, (1, 0, 0), (2, 1)): [11, 2]
(2, (1, 0, 0), (2, 2)): [9, 1, 1]
(2, (1, 0, 0), (3, 0)): [3, 1, 0, 0, 1]
(2, (1, 0, 0), (3, 1)): [4, 1]
(2, (1, 0, 0), (3, 2)): [7, 1]
(2, (1, 0, 1), (0, 0)): [1207, 314, 152, 83, 25, 10, 6, 1]
(2, (1, 0, 1), (0, 1)): [6, 3, 1, 1]
(2, (1, 0, 1), (0, 2)): [2, 1]
(2, (1, 0, 1), (1, 0)): [6, 1, 0, 1]
(2, (1, 0, 1), (1, 1)): [6, 3]
(2, (1, 0, 1), (1, 2)): [2, 1]
(2, (1, 0, 1), (2, 0)): [2, 0, 0, 1]
(2, (1, 0, 1), (2, 1)): [3, 2]
(2, (1, 0, 1), (2, 2)): [2]
(2, (1, 0, 1), (3, 0)): [1]
(2, (1, 0, 1), (3, 1)): [2]
(2, (1, 0, 1), (3, 2)): [2]
(2, (1, 1, 0), (0, 0)): [2417, 394, 249, 148, 41, 21, 8, 5]
(2, (1, 1, 0), (0, 1)): [13, 2, 2, 0, 1]
(2, (1, 1, 0), (0, 2)): [5, 1, 1]
(2, (1, 1, 0), (1, 0)): [16, 4, 0, 2]
(2, (1, 1, 0), (1, 1)): [14, 3, 0, 0, 1]
(2, (1, 1, 0), (1, 2)): [6, 2, 1, 0, 1]
(2, (1, 1, 0), (2, 0)): [3, 1, 0, 2]
(2, (1, 1, 0), (2, 1)): [7, 1]
(2, (1, 1, 0), (2, 2)): [6, 1]
(2, (1, 1, 0), (3, 0)): [2, 0, 0, 1]
(2, (1, 1, 0), (3, 1)): [6]
(2, (1, 1, 0), (3, 2)): [5]
(2, (1, 1, 1), (0, 0)): [761, 109, 165, 69, 46, 25, 8, 1]
(2, (1, 1, 1), (0, 1)): [6, 1]
(2, (1, 1, 1), (0, 2)): [3, 1]
(2, (1, 1, 1), (1, 0)): [4, 1, 1, 2]
(2, (1, 1, 1), (1, 1)): [4, 0, 1, 1]
(2, (1, 1, 1), (1, 2)): [5, 1, 1, 1]
(2, (1, 1, 1), (2, 0)): [1, 1, 0, 1]
(2, (1, 1, 1), (2, 1)): [1]
(2, (1, 1, 1), (2, 2)): [1, 1, 0, 1]
(2, (1, 1, 1), (3, 0)): [0, 1]
(2, (1, 1, 1), (3, 1)): [0, 1]
(2, (1, 1, 1), (3, 2)): [0, 1, 0, 1]
