(0, (0, 0, 0)): [685347, 138341, 65025, 29997, 13650, 5956, 2506, 1073, 448, 211, 97, 39, 22, 5, 3, 1, 0, 1]
(0, (0, 0, 1)): [3131, 9970, 2826, 1307, 644, 275, 131, 74, 28, 14, 6, 1, 3, 1]
(0, (0, 1, 0)): [22461, 22330, 8610, 4078, 2055, 918, 384, 163, 72, 43, 17, 5, 2, 0, 1]
(0, (0, 1, 1)): [1998, 3546, 4576, 2039, 1108, 513, 228, 106, 55, 21, 7, 5, 0, 1, 1, 0, 0, 1]
(0, (1, 0, 0)): [152807, 52849, 32990, 16515, 7962, 3611, 1556, 684, 294, 138, 67, 24, 14, 3, 2, 1, 0, 1]
(0, (1, 0, 1)): [3459, 11102, 4722, 3179, 1724, 806, 402, 173, 81, 33, 16, 10, 4, 0, 1, 0, 0, 1]
(0, (1, 1, 0)): [20693, 13687, 11029, 7559, 4124, 1935, 863, 426, 170, 82, 43, 14, 7, 1]
(0, (1, 1, 1)): [2170, 3962, 3382, 2724, 2113, 1041, 497, 261, 115, 49, 31, 11, 2, 1, 1]
(1, (0, 0, 0)): [544488, 59032, 24562, 9815, 3923, 1552, 588, 239, 90, 37, 15, 10, 5, 2, 0, 1]
(1, (0, 0, 1)): [16563, 25516, 4985, 2103, 908, 367, 158, 74, 32, 12, 6, 4, 3, 1]
(1, (0, 1, 0)): [77262, 37279, 12902, 5454, 2225, 921, 330, 149, 44, 27, 10, 5, 5, 1, 1]
(1, (0, 1, 1)): [13109, 11221, 10984, 4308, 2117, 851, 342, 133, 72, 21, 9, 4, 1, 1, 0, 1]
(1, (1, 0, 0)): [220791, 41228, 25084, 10933, 4438, 1848, 702, 266, 122, 54, 22, 15, 3, 2, 0, 2]
(1, (1, 0, 1)): [17026, 21903, 7371, 4668, 1994, 861, 311, 132, 55, 39, 13, 3, 0, 1]
(1, (1, 1, 0)): [59238, 18847, 13420, 9005, 3957, 1705, 675, 267, 106, 49, 17, 9, 5, 4, 1]
(1, (1, 1, 1)): [12195, 10005, 6516, 4530, 3208, 1403, 587, 223, 99, 37, 14, 10, 5, 2, 1, 1]
(2, (0, 0, 0)): [467908, 20319, 6960, 2205, 787, 272, 95, 36, 8, 2, 2, 0, 1]
(2, (0, 0, 1)): [48955, 16479, 2976, 1017, 364, 134, 46, 13, 1, 2, 0, 1]
(2, (0, 1, 0)): [125126, 28826, 7134, 2463, 787, 275, 96, 23, 6, 1, 1, 0, 1]
(2, (0, 1, 1)): [30437, 2759, 7214, 1890, 721, 239, 84, 32, 11, 4, 2]
(2, (1, 0, 0)): [270088, 20650, 11943, 3874, 1293, 416, 161, 52, 13, 5, 3, 0, 1]
(2, (1, 0, 1)): [44036, 11708, 4939, 2638, 842, 296, 104, 33, 12, 2, 0, 2]
(2, (1, 1, 0)): [101028, 16012, 8474, 5184, 1657, 580, 176, 61, 24, 9, 5, 0, 2, 1]
(2, (1, 1, 1)): [29757, 4522, 5092, 2698, 1800, 608, 196, 69, 29, 7, 5, 0, 1, 1]
