(0, (0, 0, 0), (0, 0)): [923629, 184892, 86310, 39452, 17736, 7714, 3178, 1339, 546, 248, 109, 49, 26, 7, 3, 1, 0, 1]
(0, (0, 0, 0), (0, 1)): [19973, 3627, 1704, 754, 332, 147, 51, 30, 7, 5, 2, 0, 2, 1, 0, 1]
(0, (0, 0, 0), (0, 2)): [7320, 1146, 528, 241, 105, 39, 18, 13, 2, 1, 0, 0, 1]
(0, (0, 0, 0), (1, 0)): [18205, 3857, 1945, 879, 443, 185, 85, 32, 11, 6, 2]
(0, (0, 0, 0), (1, 1)): [16795, 3224, 1593, 731, 332, 135, 47, 23, 6, 4, 3, 0, 1, 1, 0, 1]
(0, (0, 0, 0), (1, 2)): [10865, 1825, 838, 367, 184, 76, 22, 13, 5, 2, 0, 0, 2]
(0, (0, 0, 0), (2, 0)): [5978, 1407, 749, 372, 183, 89, 41, 15, 4, 2, 1]
(0, (0, 0, 0), (2, 1)): [8948, 1856, 998, 475, 216, 95, 39, 21, 3, 1, 1, 0, 0, 1]
(0, (0, 0, 0), (2, 2)): [8582, 1565, 777, 359, 171, 81, 21, 12, 3, 3, 1, 0, 2]
(0, (0, 0, 0), (3, 0)): [1959, 486, 310, 172, 81, 46, 19, 6, 3, 0, 1]
(0, (0, 0, 0), (3, 1)): [3586, 870, 549, 280, 115, 56, 24, 13, 4]
(0, (0, 0, 0), (3, 2)): [4884, 1029, 639, 295, 135, 58, 16, 10, 5, 2, 0, 0, 2]
(0, (0, 0, 1), (0, 0)): [4083, 12484, 3431, 1626, 798, 351, 158, 82, 31, 19, 6, 1, 3, 1]
(0, (0, 0, 1), (1, 0)): [75, 193, 52, 32, 20, 10, 2, 2, 1]
(0, (0, 0, 1), (2, 0)): [32, 85, 22, 16, 6, 7, 1, 1, 1]
(0, (0, 0, 1), (2, 1)): [37, 88, 28, 16, 13, 5, 1]
(0, (0, 0, 1), (3, 1)): [15, 37, 12, 8, 7, 4, 0, 1]
(0, (0, 0, 1), (3, 2)): [22, 45, 12, 5, 9, 4, 1, 1]
(0, (0, 1, 0), (0, 0)): [30453, 29140, 11369, 5364, 2661, 1158, 468, 205, 88, 51, 17, 5, 3, 1, 1]
(0, (0, 1, 0), (0, 1)): [627, 510, 185, 92, 34, 21, 10, 5, 1]
(0, (0, 1, 0), (0, 2)): [245, 152, 64, 26, 7, 9, 2, 0, 1]
(0, (0, 1, 0), (1, 0)): [583, 507, 221, 116, 59, 27, 10, 2, 1]
(0, (0, 1, 0), (1, 1)): [500, 422, 173, 85, 33, 15, 10, 5]
(0, (0, 1, 0), (1, 2)): [332, 253, 98, 50, 19, 10, 4, 2, 1]
(0, (0, 1, 0), (2, 0)): [198, 176, 75, 47, 26, 17, 3, 0, 1]
(0, (0, 1, 0), (2, 2)): [260, 189, 87, 46, 15, 7, 6, 1, 1]
(0, (0, 1, 0), (3, 0)): [74, 64, 34, 26, 19, 5, 1, 0, 1]
(0, (0, 1, 0), (3, 1)): [99, 92, 50, 29, 16, 9, 3, 1]
(0, (0, 1, 1), (0, 0)): [2712, 4618, 5806, 2641, 1428, 647, 288, 136, 63, 31, 9, 6, 1, 2, 1, 0, 0, 1]
(0, (0, 1, 1), (1, 0)): [60, 107, 127, 68, 42, 17, 8, 6, 4, 0, 0, 1]
(0, (0, 1, 1), (2, 0)): [35, 62, 62, 36, 23, 12, 4, 5, 3, 0, 0, 1]
(0, (1, 0, 0), (0, 0)): [202487, 68016, 43089, 21308, 10198, 4641, 1964, 854, 360, 160, 74, 32, 16, 4, 2, 1, 0, 1]
(0, (1, 0, 0), (0, 1)): [4200, 1114, 802, 389, 207, 92, 31, 14, 8, 1]
(0, (1, 0, 0), (0, 2)): [1599, 332, 262, 105, 59, 20, 13, 2, 5, 1]
(0, (1, 0, 0), (1, 0)): [3597, 1167, 866, 411, 205, 79, 46, 20, 8, 6, 2, 1]
(0, (1, 0, 0), (1, 1)): [3106, 903, 675, 314, 163, 63, 26, 15, 6, 4, 0, 1]
(0, (1, 0, 0), (1, 2)): [1984, 479, 374, 149, 82, 28, 18, 8, 3, 2]
(0, (1, 0, 0), (2, 0)): [1132, 393, 279, 157, 83, 33, 14, 10, 4, 2, 2]
(0, (1, 0, 0), (2, 1)): [1505, 461, 347, 185, 93, 39, 15, 7, 5, 3, 0, 1]
(0, (1, 0, 0), (2, 2)): [1393, 374, 286, 127, 73, 23, 15, 7, 3, 3]
(0, (1, 0, 0), (3, 0)): [328, 134, 106, 70, 42, 12, 4, 5, 0, 1, 1]
(0, (1, 0, 0), (3, 1)): [562, 199, 152, 97, 60, 18, 5, 3, 4, 1, 1, 1]
(0, (1, 0, 0), (3, 2)): [708, 230, 167, 86, 64, 19, 7, 5, 3, 3]
(0, (1, 0, 1), (0, 0)): [4647, 14438, 6009, 4069, 2199, 1014, 496, 208, 94, 40, 20, 12, 5, 1, 1, 0, 0, 1]
(0, (1, 0, 1), (0, 1)): [89, 254, 103, 71, 31, 17, 12, 3, 1, 0, 0, 0, 1]
(0, (1, 1, 0), (0, 0)): [27465, 17669, 13836, 9667, 5208, 2466, 1071, 525, 204, 93, 46, 18, 7, 1]
(0, (1, 1, 0), (0, 1)): [602, 325, 227, 174, 95, 40, 14, 11, 2, 0, 1, 1]
(0, (1, 1, 0), (0, 2)): [230, 116, 74, 55, 35, 12, 6, 6]
(0, (1, 1, 0), (1, 0)): [481, 295, 238, 174, 87, 55, 21, 13, 3, 3]
(0, (1, 1, 0), (1, 1)): [414, 220, 181, 131, 59, 35, 12, 9, 3, 1, 1]
(0, (1, 1, 0), (1, 2)): [286, 128, 98, 71, 38, 15, 4, 9, 1, 1]
(0, (1, 1, 0), (2, 0)): [137, 94, 74, 63, 34, 23, 7, 6, 2, 1]
(0, (1, 1, 0), (2, 1)): [192, 116, 83, 73, 36, 22, 9, 5, 2, 1]
(0, (1, 1, 0), (2, 2)): [193, 103, 75, 55, 25, 14, 3, 7, 2, 2]
(0, (1, 1, 0), (3, 2)): [108, 58, 45, 39, 16, 11, 2, 5, 2]
(0, (1, 1, 1), (0, 0)): [2845, 5136, 4311, 3372, 2665, 1311, 625, 326, 137, 62, 33, 12, 3, 1, 1]
(0, (1, 1, 1), (1, 0)): [50, 106, 105, 76, 66, 33, 11, 10, 3, 0, 1, 1]
(0, (1, 1, 1), (1, 1)): [55, 80, 87, 59, 34, 23, 9, 7, 2, 1, 1]
(0, (1, 1, 1), (1, 2)): [45, 52, 43, 23, 16, 10, 3, 2, 4, 0, 0, 1]
(1, (0, 0, 0), (0, 0)): [740069, 80289, 33154, 13209, 5218, 2017, 753, 297, 115, 44, 21, 11, 6, 2, 0, 1]
(1, (0, 0, 0), (0, 1)): [16126, 1630, 685, 259, 106, 28, 12, 8, 1, 0, 0, 0, 0, 1]
(1, (0, 0, 0), (0, 2)): [5908, 480, 193, 72, 30, 9, 1, 2]
(1, (0, 0, 0), (1, 0)): [15288, 1887, 818, 306, 138, 51, 19, 7, 0, 1, 0, 0, 0, 0, 0, 1]
(1, (0, 0, 0), (1, 1)): [13861, 1516, 628, 232, 101, 39, 17, 5, 1, 1, 0, 0, 0, 1]
(1, (0, 0, 0), (1, 2)): [8738, 767, 304, 131, 58, 27, 7, 2]
(1, (0, 0, 0), (2, 0)): [5226, 724, 365, 128, 55, 22, 7, 4, 0, 0, 0, 0, 0, 0, 0, 1]
(1, (0, 0, 0), (2, 1)): [7619, 939, 409, 153, 68, 21, 10, 5, 0, 1]
(1, (0, 0, 0), (2, 2)): [7240, 715, 315, 124, 58, 32, 10, 3]
(1, (0, 0, 0), (3, 0)): [1655, 258, 172, 55, 27, 8, 4, 0, 0, 0, 0, 0, 0, 0, 0, 1]
(1, (0, 0, 0), (3, 1)): [3175, 490, 257, 91, 46, 7, 3, 3]
(1, (0, 0, 0), (3, 2)): [4133, 515, 266, 92, 50, 19, 10, 3]
(1, (0, 0, 1), (0, 0)): [21336, 31651, 6231, 2604, 1117, 464, 181, 78, 35, 12, 6, 4, 4, 1]
(1, (0, 0, 1), (0, 1)): [397, 431, 92, 31, 17, 7, 5]
(1, (0, 0, 1), (0, 2)): [166, 141, 28, 7, 2, 1, 3]
(1, (0, 0, 1), (1, 0)): [399, 559, 112, 60, 28, 12, 6, 2, 1]
(1, (0, 0, 1), (1, 1)): [350, 404, 79, 37, 21, 6, 2, 2]
(1, (0, 0, 1), (1, 2)): [259, 223, 33, 15, 11, 2, 2]
(1, (0, 0, 1), (2, 0)): [173, 223, 46, 27, 14, 7, 5, 0, 1]
(1, (0, 0, 1), (2, 2)): [173, 187, 35, 16, 6, 2, 1]
(1, (0, 0, 1), (3, 0)): [75, 90, 27, 18, 8, 3, 2, 0, 1]
(1, (0, 0, 1), (3, 1)): [88, 119, 15, 14, 7, 3, 3, 2]
(1, (0, 0, 1), (3, 2)): [105, 117, 23, 13, 5, 2, 3]
(1, (0, 1, 0), (0, 0)): [101115, 47076, 16659, 7015, 2842, 1153, 388, 183, 52, 28, 15, 7, 6, 1, 1]
(1, (0, 1, 0), (0, 1)): [1795, 702, 262, 108, 34, 14, 7, 3, 1]
(1, (0, 1, 0), (0, 2)): [699, 242, 80, 22, 9, 6, 3]
(1, (0, 1, 0), (1, 0)): [2144, 958, 344, 199, 97, 27, 11, 4, 0, 0, 1, 0, 0, 1]
(1, (0, 1, 0), (1, 1)): [1590, 606, 239, 116, 45, 15, 7, 4, 1, 0, 0, 0, 0, 1]
(1, (0, 1, 0), (1, 2)): [1041, 358, 132, 44, 16, 7, 5, 2]
(1, (0, 1, 0), (2, 0)): [923, 409, 154, 103, 48, 15, 7, 3, 0, 0, 1]
(1, (0, 1, 0), (2, 1)): [844, 347, 131, 78, 36, 11, 6, 3, 0, 0, 1, 0, 0, 1]
(1, (0, 1, 0), (2, 2)): [807, 308, 119, 43, 25, 6, 3, 1]
(1, (0, 1, 0), (3, 0)): [487, 198, 64, 73, 35, 8, 4, 2]
(1, (0, 1, 0), (3, 1)): [415, 163, 63, 48, 24, 7, 3, 1, 0, 0, 0, 0, 0, 1]
(1, (0, 1, 0), (3, 2)): [460, 169, 79, 43, 24, 2, 4, 1, 0, 0, 0, 0, 0, 1]
(1, (0, 1, 1), (0, 0)): [17048, 14007, 13459, 5295, 2666, 1050, 419, 166, 82, 22, 9, 5, 1, 2, 0, 1]
(1, (0, 1, 1), (0, 1)): [261, 176, 162, 53, 29, 14, 5, 2]
(1, (0, 1, 1), (0, 2)): [131, 55, 54, 17, 9, 3, 1]
(1, (0, 1, 1), (1, 0)): [457, 333, 258, 130, 87, 31, 13, 8, 3, 1]
(1, (0, 1, 1), (1, 1)): [220, 154, 147, 55, 27, 7, 6, 2]
(1, (0, 1, 1), (1, 2)): [169, 82, 82, 38, 11, 5, 2]
(1, (0, 1, 1), (2, 0)): [296, 218, 144, 87, 68, 27, 10, 7, 3, 1]
(1, (0, 1, 1), (2, 1)): [129, 104, 75, 34, 16, 8, 6, 1]
(1, (0, 1, 1), (2, 2)): [126, 80, 73, 32, 16, 3, 1, 1]
(1, (0, 1, 1), (3, 0)): [241, 170, 113, 66, 60, 23, 7, 7, 3, 1]
(1, (0, 1, 1), (3, 2)): [77, 56, 40, 14, 10, 3, 1]
(1, (1, 0, 0), (0, 0)): [292301, 52950, 33175, 14297, 5834, 2354, 894, 337, 150, 63, 24, 16, 4, 2, 0, 2]
(1, (1, 0, 0), (0, 1)): [6072, 846, 632, 259, 108, 40, 17, 3, 1, 2]
(1, (1, 0, 0), (0, 2)): [2186, 264, 226, 68, 31, 11, 6, 1, 0, 2]
(1, (1, 0, 0), (1, 0)): [5662, 1008, 722, 335, 145, 49, 23, 9, 1, 2, 0, 0, 1, 0, 0, 1]
(1, (1, 0, 0), (1, 1)): [4809, 726, 534, 219, 93, 35, 13, 6, 1, 0, 0, 0, 0, 0, 0, 1]
(1, (1, 0, 0), (1, 2)): [3007, 376, 310, 97, 48, 17, 5, 4, 0, 1]
(1, (1, 0, 0), (2, 0)): [1838, 362, 272, 156, 60, 24, 10, 0, 1, 2, 0, 0, 1]
(1, (1, 0, 0), (2, 1)): [2437, 422, 327, 151, 62, 20, 9, 2, 2, 0, 0, 0, 0, 0, 0, 1]
(1, (1, 0, 0), (2, 2)): [2225, 315, 273, 103, 46, 13, 5, 3, 1, 1]
(1, (1, 0, 0), (3, 0)): [562, 124, 89, 71, 26, 10, 4, 0, 0, 2, 0, 0, 1]
(1, (1, 0, 0), (3, 1)): [929, 223, 150, 91, 31, 12, 6, 1, 0, 1, 0, 0, 0, 0, 0, 1]
(1, (1, 0, 0), (3, 2)): [1153, 230, 158, 82, 30, 14, 5, 1, 1, 1, 0, 0, 0, 0, 0, 1]
(1, (1, 0, 1), (0, 0)): [22849, 28034, 9235, 6008, 2611, 1084, 397, 168, 61, 43, 13, 3, 0, 1]
(1, (1, 0, 1), (0, 1)): [479, 428, 130, 101, 50, 18, 10, 3, 3, 2]
(1, (1, 0, 1), (0, 2)): [220, 130, 44, 33, 8, 7, 4, 1, 0, 1]
(1, (1, 0, 1), (1, 0)): [458, 532, 159, 119, 65, 20, 6, 1, 0, 2]
(1, (1, 0, 1), (1, 1)): [357, 358, 104, 89, 46, 6, 7, 2, 2]
(1, (1, 0, 1), (1, 2)): [281, 186, 60, 53, 20, 6, 5, 2, 0, 1]
(1, (1, 0, 1), (2, 0)): [180, 181, 58, 34, 29, 12, 1, 0, 0, 1]
(1, (1, 0, 1), (2, 1)): [167, 191, 56, 47, 28, 7, 5, 1, 2]
(1, (1, 0, 1), (2, 2)): [176, 143, 52, 30, 19, 5, 5, 0, 1]
(1, (1, 0, 1), (3, 0)): [72, 73, 20, 14, 14, 6, 0, 0, 0, 1]
(1, (1, 0, 1), (3, 1)): [74, 88, 19, 24, 20, 6, 0, 1]
(1, (1, 0, 1), (3, 2)): [93, 82, 30, 23, 19, 8, 3, 1, 1]
(1, (1, 1, 0), (0, 0)): [78477, 24613, 17097, 11780, 5087, 2155, 837, 334, 136, 56, 19, 11, 6, 4, 1]
(1, (1, 1, 0), (0, 1)): [1644, 437, 277, 216, 86, 33, 18, 5, 1]
(1, (1, 1, 0), (0, 2)): [661, 172, 93, 74, 25, 8, 4]
(1, (1, 1, 0), (1, 0)): [1497, 502, 356, 276, 123, 43, 17, 7, 1, 2, 0, 0, 2, 1]
(1, (1, 1, 0), (1, 1)): [1257, 350, 245, 187, 80, 30, 17, 6, 0, 2]
(1, (1, 1, 0), (1, 2)): [902, 218, 140, 109, 42, 14, 8, 1]
(1, (1, 1, 0), (2, 0)): [500, 178, 126, 106, 49, 17, 3, 2, 1, 0, 0, 0, 2, 1]
(1, (1, 1, 0), (2, 1)): [621, 216, 146, 111, 44, 19, 8, 3, 0, 1, 0, 0, 1]
(1, (1, 1, 0), (2, 2)): [650, 174, 101, 81, 39, 12, 4, 1]
(1, (1, 1, 0), (3, 0)): [137, 65, 40, 34, 25, 10, 1, 2, 1, 0, 0, 0, 1]
(1, (1, 1, 0), (3, 1)): [257, 104, 72, 57, 31, 11, 7, 3, 0, 1, 0, 0, 1]
(1, (1, 1, 0), (3, 2)): [345, 105, 75, 50, 33, 13, 7, 4, 0, 1, 0, 0, 1]
(1, (1, 1, 1), (0, 0)): [16228, 12917, 8372, 5704, 4107, 1747, 722, 274, 113, 42, 15, 12, 6, 2, 1, 1]
(1, (1, 1, 1), (0, 1)): [398, 252, 165, 104, 89, 33, 14, 5, 3]
(1, (1, 1, 1), (0, 2)): [204, 88, 59, 33, 33, 11, 7]
(1, (1, 1, 1), (1, 0)): [342, 253, 174, 111, 96, 39, 17, 6, 2, 2, 0, 1, 1]
(1, (1, 1, 1), (1, 1)): [282, 184, 131, 91, 80, 31, 7, 5, 1]
(1, (1, 1, 1), (1, 2)): [226, 93, 81, 53, 40, 24, 8, 1]
(1, (1, 1, 1), (2, 0)): [101, 100, 73, 44, 30, 18, 10, 3, 1, 1, 0, 1, 1]
(1, (1, 1, 1), (2, 1)): [142, 123, 81, 54, 45, 14, 8, 4, 1, 1, 0, 1]
(1, (1, 1, 1), (2, 2)): [150, 86, 66, 59, 39, 17, 7, 2]
(1, (1, 1, 1), (3, 2)): [76, 57, 34, 38, 25, 14, 3, 2]
(2, (0, 0, 0), (0, 0)): [639301, 28395, 9620, 3062, 1058, 346, 126, 40, 9, 3, 4, 0, 1]
(2, (0, 0, 0), (0, 1)): [14012, 586, 207, 53, 31, 6, 5, 1]
(2, (0, 0, 0), (0, 2)): [5011, 154, 45, 15, 8, 1, 1, 1]
(2, (0, 0, 0), (1, 0)): [13920, 800, 263, 80, 35, 10, 3, 0, 0, 0, 0, 0, 1]
(2, (0, 0, 0), (1, 1)): [12344, 611, 215, 48, 30, 5, 6]
(2, (0, 0, 0), (1, 2)): [7676, 271, 96, 23, 14, 3, 3]
(2, (0, 0, 0), (2, 0)): [4994, 297, 120, 48, 17, 6, 1, 0, 0, 0, 0, 0, 1]
(2, (0, 0, 0), (2, 1)): [7098, 369, 133, 47, 10, 4, 3]
(2, (0, 0, 0), (2, 2)): [6430, 280, 103, 31, 13, 4, 1]
(2, (0, 0, 0), (3, 0)): [1688, 119, 69, 25, 13, 3, 1, 0, 0, 0, 0, 0, 1]
(2, (0, 0, 0), (3, 1)): [3202, 185, 89, 32, 12, 5, 2]
(2, (0, 0, 0), (3, 2)): [4044, 218, 100, 28, 9, 4]
(2, (0, 0, 1), (0, 0)): [62231, 20332, 3779, 1295, 458, 165, 49, 15, 2, 2, 0, 1]
(2, (0, 0, 1), (0, 1)): [1114, 315, 69, 22, 10, 3, 1]
(2, (0, 0, 1), (0, 2)): [432, 86, 24, 4, 1, 1]
(2, (0, 0, 1), (1, 0)): [1288, 382, 81, 31, 11, 4, 0, 2]
(2, (0, 0, 1), (1, 1)): [1038, 250, 57, 19, 9, 1, 1, 1]
(2, (0, 0, 1), (1, 2)): [689, 130, 28, 9, 2, 1, 1]
(2, (0, 0, 1), (2, 0)): [543, 161, 37, 21, 7, 4, 0, 1]
(2, (0, 0, 1), (2, 1)): [605, 140, 43, 15, 9, 1, 0, 2]
(2, (0, 0, 1), (2, 2)): [565, 105, 36, 6, 3, 2, 1]
(2, (0, 0, 1), (3, 0)): [271, 70, 20, 14, 3, 3]
(2, (0, 0, 1), (3, 1)): [300, 74, 19, 13, 6, 0, 0, 1]
(2, (0, 0, 1), (3, 2)): [349, 73, 25, 8, 2, 1]
(2, (0, 1, 0), (0, 0)): [162751, 36294, 9327, 3265, 1039, 355, 113, 30, 6, 2, 2, 0, 1]
(2, (0, 1, 0), (0, 1)): [2878, 523, 138, 50, 17, 1, 1]
(2, (0, 1, 0), (0, 2)): [1072, 147, 33, 11, 6]
(2, (0, 1, 0), (1, 0)): [3746, 646, 275, 113, 28, 15, 5, 1, 0, 0, 0, 0, 1]
(2, (0, 1, 0), (1, 1)): [2674, 465, 167, 55, 15, 4, 3, 1]
(2, (0, 1, 0), (1, 2)): [1652, 234, 65, 32, 6]
(2, (0, 1, 0), (2, 0)): [1751, 284, 135, 78, 20, 10, 3, 0, 0, 0, 0, 0, 1]
(2, (0, 1, 0), (2, 1)): [1610, 294, 102, 42, 11, 7, 3, 1, 0, 0, 0, 0, 1]
(2, (0, 1, 0), (2, 2)): [1464, 219, 65, 36, 8, 3, 0, 1]
(2, (0, 1, 0), (3, 0)): [983, 131, 77, 52, 14, 4, 2]
(2, (0, 1, 0), (3, 1)): [754, 132, 66, 26, 11, 4, 3, 0, 0, 0, 0, 0, 1]
(2, (0, 1, 0), (3, 2)): [940, 149, 62, 32, 7, 4, 1, 0, 0, 0, 0, 0, 1]
(2, (0, 1, 1), (0, 0)): [38762, 3460, 8953, 2349, 925, 299, 108, 38, 11, 4, 3, 1, 0, 1]
(2, (0, 1, 1), (1, 0)): [873, 93, 174, 63, 27, 6, 4, 0, 0, 0, 1]
(2, (0, 1, 1), (1, 1)): [566, 48, 104, 29, 6, 3, 1, 2]
(2, (0, 1, 1), (2, 0)): [444, 57, 89, 37, 21, 5, 1, 0, 0, 0, 1]
(2, (0, 1, 1), (2, 1)): [309, 30, 73, 19, 6, 4]
(2, (0, 1, 1), (2, 2)): [312, 28, 58, 15, 3, 4, 1, 1]
(2, (0, 1, 1), (3, 0)): [313, 42, 51, 23, 18, 4, 1, 0, 0, 0, 1]
(2, (0, 1, 1), (3, 2)): [213, 23, 45, 11, 4, 4, 0, 1]
(2, (1, 0, 0), (0, 0)): [357033, 26430, 16273, 5176, 1695, 537, 220, 62, 16, 8, 5, 0, 1]
(2, (1, 0, 0), (0, 1)): [6909, 370, 295, 82, 34, 8, 6, 1]
(2, (1, 0, 0), (0, 2)): [2478, 107, 75, 15, 12, 2, 1]
(2, (1, 0, 0), (1, 0)): [7084, 571, 416, 157, 44, 13, 6, 1, 0, 0, 0, 0, 1]
(2, (1, 0, 0), (1, 1)): [5694, 353, 288, 93, 26, 3, 4]
(2, (1, 0, 0), (1, 2)): [3531, 177, 120, 47, 13, 2]
(2, (1, 0, 0), (2, 0)): [2390, 226, 143, 78, 19, 5, 3, 0, 0, 0, 0, 0, 1]
(2, (1, 0, 0), (2, 1)): [2896, 189, 162, 56, 22, 6, 2, 0, 0, 0, 0, 0, 1]
(2, (1, 0, 0), (2, 2)): [2670, 162, 122, 39, 16, 5, 1]
(2, (1, 0, 0), (3, 0)): [776, 106, 41, 45, 6, 1, 2]
(2, (1, 0, 0), (3, 1)): [1232, 130, 77, 43, 9, 3, 2, 0, 0, 0, 0, 0, 1]
(2, (1, 0, 0), (3, 2)): [1476, 132, 81, 36, 10, 7, 1, 0, 0, 0, 0, 0, 1]
(2, (1, 0, 1), (0, 0)): [58336, 14978, 6115, 3443, 1123, 374, 136, 45, 17, 4, 0, 2, 1]
(2, (1, 0, 1), (0, 1)): [1182, 252, 103, 71, 24, 2, 2, 2, 0, 0, 0, 1]
(2, (1, 0, 1), (0, 2)): [458, 73, 30, 17, 10, 0, 0, 1]
(2, (1, 0, 1), (1, 0)): [1103, 248, 120, 85, 36, 12, 4]
(2, (1, 0, 1), (1, 1)): [896, 193, 77, 64, 19, 6, 5, 1, 0, 0, 0, 1]
(2, (1, 0, 1), (1, 2)): [604, 93, 35, 25, 11, 4, 1, 2, 0, 0, 0, 1]
(2, (1, 0, 1), (2, 0)): [400, 86, 62, 29, 15, 4, 1]
(2, (1, 0, 1), (2, 1)): [497, 114, 40, 36, 16, 3, 1]
(2, (1, 0, 1), (2, 2)): [435, 74, 29, 22, 10, 3, 1, 2, 0, 0, 0, 1]
(2, (1, 0, 1), (3, 1)): [232, 45, 27, 19, 7, 1, 2]
(2, (1, 0, 1), (3, 2)): [258, 52, 30, 13, 8, 3, 1, 2]
(2, (1, 1, 0), (0, 0)): [134969, 21073, 10869, 7003, 2215, 759, 232, 80, 30, 13, 6, 1, 2, 1]
(2, (1, 1, 0), (0, 1)): [2826, 388, 182, 123, 38, 7, 4, 2, 0, 0, 0, 0, 1]
(2, (1, 1, 0), (0, 2)): [1116, 119, 53, 26, 9, 1, 1]
(2, (1, 1, 0), (1, 0)): [2704, 415, 225, 190, 60, 19, 6, 2, 1, 1]
(2, (1, 1, 0), (1, 1)): [2259, 309, 150, 123, 31, 7, 2, 2, 1, 1, 0, 0, 1]
(2, (1, 1, 0), (1, 2)): [1544, 175, 83, 49, 13, 3, 2, 1]
(2, (1, 1, 0), (2, 0)): [953, 162, 101, 81, 32, 12, 3, 1]
(2, (1, 1, 0), (2, 1)): [1221, 154, 100, 80, 24, 11, 2, 1, 1, 1, 0, 0, 1]
(2, (1, 1, 0), (2, 2)): [1147, 142, 71, 62, 15, 4, 3, 1, 1]
(2, (1, 1, 0), (3, 0)): [345, 62, 44, 33, 15, 5, 1]
(2, (1, 1, 0), (3, 1)): [533, 85, 60, 46, 13, 8, 2, 1, 0, 0, 0, 0, 1]
(2, (1, 1, 0), (3, 2)): [653, 86, 57, 45, 15, 3, 2, 1, 1]
(2, (1, 1, 1), (0, 0)): [39422, 5890, 6662, 3410, 2372, 775, 255, 90, 35, 7, 5, 0, 1, 1]
(2, (1, 1, 1), (0, 1)): [959, 95, 134, 66, 48, 8, 5, 2, 1, 0, 0, 0, 1]
(2, (1, 1, 1), (0, 2)): [440, 27, 31, 18, 13, 2, 1, 0, 1]
(2, (1, 1, 1), (1, 0)): [747, 215, 138, 90, 55, 23, 7, 1, 1, 0, 1]
(2, (1, 1, 1), (1, 1)): [707, 106, 118, 64, 42, 6, 3, 0, 0, 0, 1, 0, 1]
(2, (1, 1, 1), (1, 2)): [534, 48, 48, 28, 17, 4, 2, 0, 0, 0, 1]
(2, (1, 1, 1), (2, 0)): [204, 143, 38, 38, 28, 15, 4, 1]
(2, (1, 1, 1), (2, 1)): [307, 99, 66, 36, 33, 8, 4, 0, 0, 0, 0, 0, 1]
(2, (1, 1, 1), (2, 2)): [349, 63, 48, 33, 20, 5, 2, 0, 0, 0, 1]
(2, (1, 1, 1), (3, 2)): [166, 86, 30, 35, 19, 8, 4, 0, 0, 0, 1]
