(0, (0, 0, 0), (0, 0)): [16732, 3422, 1583, 753, 333, 140, 65, 28, 9, 4, 7]
(0, (0, 0, 0), (0, 1)): [170, 27, 7, 4, 2, 0, 1, 1]
(0, (0, 0, 0), (0, 2)): [76, 15, 2, 2, 0, 0, 1, 1]
(0, (0, 0, 0), (1, 0)): [123, 23, 9, 0, 0, 2, 2]
(0, (0, 0, 0), (1, 1)): [109, 14, 10, 2, 1]
(0, (0, 0, 0), (1, 2)): [90, 11, 4, 2, 0, 0, 0, 1]
(0, (0, 0, 0), (2, 0)): [42, 10, 2, 0, 0, 2, 1]
(0, (0, 0, 0), (2, 1)): [58, 12, 2, 0, 0, 1]
(0, (0, 0, 0), (2, 2)): [66, 13, 1, 0, 0, 1]
(0, (0, 0, 0), (3, 0)): [10, 4, 2, 0, 0, 1, 1]
(0, (0, 0, 0), (3, 1)): [14, 4, 2, 0, 0, 0, 1]
(0, (0, 0, 0), (3, 2)): [31, 8, 2, 0, 0, 1, 1]
(0, (0, 0, 1), (0, 0)): [108, 369, 106, 40, 23, 9, 6, 2, 0, 1, 1]
(0, (0, 0, 1), (1, 0)): [0, 1]
(0, (0, 0, 1), (2, 0)): [0, 1]
(0, (0, 1, 0), (0, 0)): [652, 617, 223, 129, 58, 23, 8, 3, 1, 1, 1]
(0, (0, 1, 0), (0, 1)): [5, 6, 1, 1]
(0, (0, 1, 0), (1, 0)): [7, 3, 1, 1]
(0, (0, 1, 0), (1, 1)): [6, 4, 1]
(0, (0, 1, 0), (1, 2)): [2, 2, 1, 1]
(0, (0, 1, 0), (2, 0)): [1, 2, 0, 1]
(0, (0, 1, 0), (2, 1)): [2, 0, 0, 1]
(0, (0, 1, 0), (2, 2)): [4, 0, 0, 1]
(0, (0, 1, 0), (3, 0)): [1, 1]
(0, (0, 1, 0), (3, 1)): [1]
(0, (0, 1, 0), (3, 2)): [2, 0, 0, 1]
(0, (0, 1, 1), (0, 0)): [45, 94, 144, 63, 26, 9, 6, 4, 2, 1, 1]
(0, (0, 1, 1), (1, 0)): [0, 1, 0, 0, 0, 0, 1]
(0, (1, 0, 0), (0, 0)): [3936, 1466, 873, 438, 201, 96, 42, 18, 6, 3, 4]
(0, (1, 0, 0), (0, 1)): [31, 5, 0, 0, 0, 1, 1]
(0, (1, 0, 0), (0, 2)): [11, 2, 0, 0, 0, 1, 1]
(0, (1, 0, 0), (1, 0)): [20, 8, 4, 1, 0, 1]
(0, (1, 0, 0), (1, 1)): [17, 3, 2, 0, 0, 1]
(0, (1, 0, 0), (1, 2)): [10, 2, 0, 0, 0, 2]
(0, (1, 0, 0), (2, 0)): [4, 4, 1, 1]
(0, (1, 0, 0), (2, 1)): [6, 4, 3, 1]
(0, (1, 0, 0), (2, 2)): [7, 2, 2, 1, 0, 1]
(0, (1, 0, 0), (3, 0)): [2, 1]
(0, (1, 0, 0), (3, 1)): [1, 1]
(0, (1, 0, 0), (3, 2)): [1, 1, 1]
(0, (1, 0, 1), (0, 0)): [105, 236, 131, 98, 55, 29, 12, 8, 3, 2, 2]
(0, (1, 0, 1), (0, 1)): [1, 0, 0, 1, 0, 0, 1]
(0, (1, 0, 1), (1, 0)): [1, 4, 1, 0, 1]
(0, (1, 0, 1), (1, 1)): [1, 2, 0, 0, 1]
(0, (1, 0, 1), (1, 2)): [1]
(0, (1, 1, 0), (0, 0)): [523, 340, 322, 189, 119, 55, 29, 9, 1, 4, 1]
(0, (1, 1, 0), (0, 1)): [4, 0, 1, 1]
(0, (1, 1, 0), (0, 2)): [2]
(0, (1, 1, 0), (1, 0)): [1, 1, 0, 0, 0, 1, 1]
(0, (1, 1, 0), (1, 1)): [1, 1, 1]
(0, (1, 1, 0), (1, 2)): [2, 1, 1]
(0, (1, 1, 0), (2, 2)): [0, 1]
(0, (1, 1, 1), (0, 0)): [69, 103, 90, 80, 60, 30, 17, 6, 2, 4, 1]
(0, (1, 1, 1), (0, 1)): [0, 0, 0, 1, 1]
(0, (1, 1, 1), (0, 2)): [0, 0, 0, 1]
(1, (0, 0, 0), (0, 0)): [13124, 1401, 546, 224, 85, 34, 14, 7, 2, 1, 1]
(1, (0, 0, 0), (0, 1)): [141, 12, 2, 1, 1]
(1, (0, 0, 0), (0, 2)): [57, 4, 1]
(1, (0, 0, 0), (1, 0)): [76, 11, 5, 2, 0, 1, 0, 1]
(1, (0, 0, 0), (1, 1)): [90, 8, 2, 1, 0, 1]
(1, (0, 0, 0), (1, 2)): [63, 7, 1, 1, 0, 1]
(1, (0, 0, 0), (2, 0)): [23, 4, 2, 2]
(1, (0, 0, 0), (2, 1)): [31, 3, 3, 2]
(1, (0, 0, 0), (2, 2)): [44, 2, 2, 2, 0, 1]
(1, (0, 0, 0), (3, 0)): [8]
(1, (0, 0, 0), (3, 1)): [3, 1, 1]
(1, (0, 0, 0), (3, 2)): [19, 1, 3, 1, 0, 1]
(1, (0, 0, 1), (0, 0)): [596, 894, 191, 87, 33, 15, 6, 2, 2, 1]
(1, (0, 0, 1), (0, 1)): [6, 6]
(1, (0, 0, 1), (0, 2)): [3, 1]
(1, (0, 0, 1), (1, 0)): [5, 8, 1, 1, 1]
(1, (0, 0, 1), (1, 1)): [5, 7, 0, 1, 1]
(1, (0, 0, 1), (1, 2)): [3, 2, 0, 1]
(1, (0, 0, 1), (2, 0)): [0, 1]
(1, (0, 0, 1), (2, 1)): [1, 5]
(1, (0, 0, 1), (2, 2)): [3, 4]
(1, (0, 0, 1), (3, 0)): [0, 1]
(1, (0, 0, 1), (3, 2)): [1, 2]
(1, (0, 1, 0), (0, 0)): [2270, 1115, 349, 179, 61, 30, 5, 5, 3]
(1, (0, 1, 0), (0, 1)): [18, 8, 2, 1, 0, 1]
(1, (0, 1, 0), (0, 2)): [7, 1, 0, 0, 0, 1]
(1, (0, 1, 0), (1, 0)): [21, 13, 1, 1, 1, 1]
(1, (0, 1, 0), (1, 1)): [20, 10, 0, 1, 1, 1]
(1, (0, 1, 0), (1, 2)): [14, 3, 0, 0, 1]
(1, (0, 1, 0), (2, 0)): [6, 3, 1]
(1, (0, 1, 0), (2, 1)): [5, 5, 0, 1, 0, 1]
(1, (0, 1, 0), (2, 2)): [8, 6, 0, 1, 1, 1]
(1, (0, 1, 0), (3, 0)): [2, 2, 1]
(1, (0, 1, 0), (3, 1)): [1, 2, 1]
(1, (0, 1, 0), (3, 2)): [2, 0, 0, 0, 0, 1]
(1, (0, 1, 1), (0, 0)): [364, 324, 379, 135, 65, 28, 15, 3, 3, 1, 1]
(1, (0, 1, 1), (0, 1)): [2, 0, 4, 0, 0, 0, 0, 1]
(1, (0, 1, 1), (0, 2)): [2, 0, 2]
(1, (0, 1, 1), (1, 0)): [1, 1, 2]
(1, (0, 1, 1), (1, 1)): [0, 0, 4]
(1, (0, 1, 1), (2, 0)): [1, 1]
(1, (0, 1, 1), (2, 1)): [0, 0, 2]
(1, (0, 1, 1), (3, 0)): [1, 1]
(1, (1, 0, 0), (0, 0)): [5459, 1156, 604, 251, 87, 36, 13, 10, 4, 1, 2]
(1, (1, 0, 0), (0, 1)): [56, 4, 0, 2, 0, 1, 1]
(1, (1, 0, 0), (0, 2)): [23, 2]
(1, (1, 0, 0), (1, 0)): [31, 12, 6, 1, 0, 2]
(1, (1, 0, 0), (1, 1)): [26, 3, 0, 2, 0, 1]
(1, (1, 0, 0), (1, 2)): [24, 2, 0, 1]
(1, (1, 0, 0), (2, 0)): [10, 5, 2]
(1, (1, 0, 0), (2, 1)): [8, 3, 1, 1, 0, 1]
(1, (1, 0, 0), (2, 2)): [11, 2, 1, 2, 0, 1]
(1, (1, 0, 0), (3, 0)): [1, 3]
(1, (1, 0, 0), (3, 1)): [3, 3]
(1, (1, 0, 0), (3, 2)): [4, 4, 0, 0, 0, 1]
(1, (1, 0, 1), (0, 0)): [411, 486, 188, 130, 59, 26, 4, 4, 1, 1, 1]
(1, (1, 0, 1), (0, 1)): [3, 2, 0, 1, 1]
(1, (1, 0, 1), (1, 0)): [2, 2, 0, 0, 1, 1]
(1, (1, 0, 1), (1, 1)): [0, 2, 0, 1, 1]
(1, (1, 0, 1), (2, 0)): [2, 1, 0, 0, 1]
(1, (1, 0, 1), (2, 1)): [0, 0, 0, 1]
(1, (1, 0, 1), (3, 0)): [2, 1]
(1, (1, 0, 1), (3, 1)): [1, 1]
(1, (1, 0, 1), (3, 2)): [0, 1]
(1, (1, 1, 0), (0, 0)): [1352, 431, 324, 212, 76, 29, 8, 6, 3, 1]
(1, (1, 1, 0), (0, 1)): [12, 1, 3, 2]
(1, (1, 1, 0), (0, 2)): [4, 1, 0, 1]
(1, (1, 1, 0), (1, 0)): [7, 4, 0, 1]
(1, (1, 1, 0), (1, 1)): [13, 3, 1, 1]
(1, (1, 1, 0), (1, 2)): [11]
(1, (1, 1, 0), (2, 1)): [1, 3, 1, 1]
(1, (1, 1, 0), (2, 2)): [6, 1, 1]
(1, (1, 1, 0), (3, 2)): [1, 2, 1]
(1, (1, 1, 1), (0, 0)): [280, 222, 141, 126, 77, 37, 15, 8, 2]
(1, (1, 1, 1), (1, 0)): [2, 3, 1, 1]
(1, (1, 1, 1), (1, 1)): [3, 3, 1, 1]
(1, (1, 1, 1), (1, 2)): [1, 1, 0, 1, 0, 1]
(1, (1, 1, 1), (2, 1)): [0, 1]
(2, (0, 0, 0), (0, 0)): [11452, 472, 133, 53, 25, 5, 3, 1]
(2, (0, 0, 0), (0, 1)): [106, 3, 1]
(2, (0, 0, 0), (0, 2)): [44, 1]
(2, (0, 0, 0), (1, 0)): [95, 4, 1, 0, 1]
(2, (0, 0, 0), (1, 1)): [80, 5]
(2, (0, 0, 0), (1, 2)): [58, 1]
(2, (0, 0, 0), (2, 0)): [41, 0, 1]
(2, (0, 0, 0), (2, 1)): [45, 5]
(2, (0, 0, 0), (2, 2)): [47, 3]
(2, (0, 0, 0), (3, 0)): [12, 0, 1]
(2, (0, 0, 0), (3, 1)): [20, 1]
(2, (0, 0, 0), (3, 2)): [32, 1]
(2, (0, 0, 1), (0, 0)): [1643, 652, 87, 40, 11, 3, 3]
(2, (0, 0, 1), (0, 1)): [11, 5, 1]
(2, (0, 0, 1), (0, 2)): [6, 5, 1]
(2, (0, 0, 1), (1, 0)): [10, 5]
(2, (0, 0, 1), (1, 1)): [7]
(2, (0, 0, 1), (1, 2)): [7, 4, 1]
(2, (0, 0, 1), (2, 0)): [5, 2]
(2, (0, 0, 1), (2, 1)): [4]
(2, (0, 0, 1), (3, 0)): [3, 1]
(2, (0, 0, 1), (3, 1)): [5]
(2, (0, 0, 1), (3, 2)): [4, 1, 1]
(2, (0, 1, 0), (0, 0)): [3878, 934, 214, 71, 15, 7, 6, 3]
(2, (0, 1, 0), (0, 1)): [32, 3, 1, 1, 1]
(2, (0, 1, 0), (0, 2)): [15, 1]
(2, (0, 1, 0), (1, 0)): [35, 10, 4, 0, 0, 1]
(2, (0, 1, 0), (1, 1)): [27, 6, 2, 0, 1]
(2, (0, 1, 0), (1, 2)): [14, 2, 0, 0, 1]
(2, (0, 1, 0), (2, 0)): [15, 5, 2, 0, 0, 1]
(2, (0, 1, 0), (2, 1)): [15, 5, 1, 0, 0, 1]
(2, (0, 1, 0), (2, 2)): [8]
(2, (0, 1, 0), (3, 0)): [8, 3, 1]
(2, (0, 1, 0), (3, 1)): [11, 5, 0, 0, 0, 1]
(2, (0, 1, 0), (3, 2)): [4, 3, 0, 0, 0, 1]
(2, (0, 1, 1), (0, 0)): [1018, 98, 251, 56, 19, 8, 1, 1]
(2, (0, 1, 1), (0, 1)): [7, 0, 1]
(2, (0, 1, 1), (1, 0)): [9, 0, 4]
(2, (0, 1, 1), (1, 1)): [8, 0, 2]
(2, (0, 1, 1), (1, 2)): [3, 0, 1]
(2, (0, 1, 1), (2, 0)): [3, 0, 2]
(2, (0, 1, 1), (2, 1)): [3, 0, 1]
(2, (0, 1, 1), (2, 2)): [2]
(2, (0, 1, 1), (3, 0)): [2, 0, 2]
(2, (0, 1, 1), (3, 1)): [1, 0, 1]
(2, (0, 1, 1), (3, 2)): [2, 0, 1]
(2, (1, 0, 0), (0, 0)): [6726, 563, 242, 90, 27, 14, 2, 2]
(2, (1, 0, 0), (0, 1)): [53]
(2, (1, 0, 0), (0, 2)): [14]
(2, (1, 0, 0), (1, 0)): [46, 2, 3, 1, 1]
(2, (1, 0, 0), (1, 1)): [30, 1, 0, 0, 1]
(2, (1, 0, 0), (1, 2)): [17]
(2, (1, 0, 0), (2, 0)): [17, 1, 2, 1]
(2, (1, 0, 0), (2, 1)): [9, 1, 0, 0, 1]
(2, (1, 0, 0), (2, 2)): [7]
(2, (1, 0, 0), (3, 0)): [7, 1, 1, 1]
(2, (1, 0, 0), (3, 1)): [6, 1]
(2, (1, 0, 0), (3, 2)): [3]
(2, (1, 0, 1), (0, 0)): [1054, 316, 124, 59, 24, 6, 1]
(2, (1, 0, 1), (0, 1)): [4, 1, 1, 1, 0, 1]
(2, (1, 0, 1), (0, 2)): [2, 1, 0, 1]
(2, (1, 0, 1), (1, 0)): [9, 1, 3]
(2, (1, 0, 1), (1, 2)): [2, 1]
(2, (1, 0, 1), (2, 0)): [2, 0, 3]
(2, (1, 0, 1), (2, 2)): [1]
(2, (1, 1, 0), (0, 0)): [2054, 296, 178, 109, 19, 14, 2, 1, 1, 1]
(2, (1, 1, 0), (0, 1)): [14, 2, 1]
(2, (1, 1, 0), (0, 2)): [8, 1]
(2, (1, 1, 0), (1, 0)): [9, 1, 1, 1]
(2, (1, 1, 0), (1, 1)): [2]
(2, (1, 1, 0), (1, 2)): [4, 1]
(2, (1, 1, 0), (2, 0)): [5]
(2, (1, 1, 0), (2, 2)): [3, 1]
(2, (1, 1, 0), (3, 0)): [3]
(2, (1, 1, 0), (3, 1)): [2]
(2, (1, 1, 0), (3, 2)): [2]
(2, (1, 1, 1), (0, 0)): [618, 98, 125, 63, 34, 14, 4, 2, 1, 1]
(2, (1, 1, 1), (0, 1)): [7, 0, 1, 0, 1]
(2, (1, 1, 1), (0, 2)): [5]
(2, (1, 1, 1), (1, 0)): [1]
(2, (1, 1, 1), (1, 1)): [2]
(2, (1, 1, 1), (1, 2)): [4]
(2, (1, 1, 1), (2, 1)): [1]
(2, (1, 1, 1), (2, 2)): [2]
(2, (1, 1, 1), (3, 1)): [1]
(2, (1, 1, 1), (3, 2)): [1]
