(0, (0, 0, 0), (0, 0)): [204304, 39354, 17454, 7855, 3484, 1450, 611, 247, 90, 31, 24, 1, 1, 1, 2]
(0, (0, 0, 0), (0, 1)): [635, 124, 39, 16, 9, 2, 1, 1]
(0, (0, 0, 0), (0, 2)): [246, 46, 14, 4, 2, 2, 1, 1]
(0, (0, 0, 0), (1, 0)): [603, 110, 42, 23, 10, 7, 2, 1, 0, 1]
(0, (0, 0, 0), (1, 1)): [508, 103, 32, 18, 8, 1, 0, 1]
(0, (0, 0, 0), (1, 2)): [324, 61, 15, 9, 3, 2, 0, 1]
(0, (0, 0, 0), (2, 0)): [231, 45, 19, 14, 6, 6, 1, 0, 0, 1]
(0, (0, 0, 0), (2, 1)): [287, 59, 19, 12, 4, 2]
(0, (0, 0, 0), (2, 2)): [276, 55, 8, 6, 4, 2]
(0, (0, 0, 0), (3, 0)): [97, 20, 14, 10, 4, 5, 1]
(0, (0, 0, 0), (3, 1)): [119, 28, 19, 8, 2, 1, 1]
(0, (0, 0, 0), (3, 2)): [168, 33, 15, 7, 6, 2, 1]
(0, (0, 0, 1), (0, 0)): [1214, 3454, 980, 452, 201, 79, 43, 24, 5, 1, 2]
(0, (0, 0, 1), (1, 0)): [3, 8, 3, 3, 2]
(0, (0, 0, 1), (1, 1)): [3, 5, 2, 0, 1, 0, 1]
(0, (0, 0, 1), (2, 0)): [1, 4, 1, 2, 1]
(0, (0, 0, 1), (2, 1)): [1, 2, 1, 1, 1, 0, 1]
(0, (0, 0, 1), (3, 0)): [0, 1, 0, 1, 1]
(0, (0, 0, 1), (3, 1)): [1, 0, 1]
(0, (0, 1, 0), (0, 0)): [6656, 6513, 2319, 1079, 540, 220, 83, 22, 18, 8, 4]
(0, (0, 1, 0), (1, 0)): [22, 11, 2, 4, 3]
(0, (0, 1, 0), (1, 1)): [16, 9, 1]
(0, (0, 1, 0), (2, 0)): [7, 7, 0, 4, 2]
(0, (0, 1, 0), (2, 1)): [5, 4, 0, 3]
(0, (0, 1, 0), (3, 0)): [6, 4, 0, 1, 2]
(0, (0, 1, 0), (3, 1)): [2, 0, 0, 2, 1]
(0, (0, 1, 1), (0, 0)): [567, 985, 1295, 577, 291, 136, 60, 19, 11, 5, 1, 0, 0, 0, 1]
(0, (0, 1, 1), (0, 1)): [3, 2, 2, 1, 2, 0, 0, 0, 1]
(0, (0, 1, 1), (0, 2)): [2, 1, 0, 0, 1]
(0, (0, 1, 1), (1, 0)): [2, 3, 2, 3, 1, 1, 2]
(0, (0, 1, 1), (1, 1)): [2, 0, 2, 1, 2, 0, 0, 0, 1]
(0, (0, 1, 1), (1, 2)): [0, 0, 1, 1, 3]
(0, (0, 1, 1), (2, 0)): [0, 3, 2, 3, 0, 1]
(0, (0, 1, 1), (2, 1)): [1, 1, 0, 1, 0, 0, 0, 0, 1]
(0, (0, 1, 1), (3, 0)): [0, 2, 2, 2, 0, 1]
(0, (0, 1, 1), (3, 1)): [0, 1, 1, 2, 0, 0, 0, 0, 1]
(0, (1, 0, 0), (0, 0)): [46351, 16417, 9261, 4587, 2080, 911, 401, 158, 61, 18, 18, 1, 1, 1, 2]
(0, (1, 0, 0), (0, 1)): [127, 19, 22, 10, 5, 1, 1, 0, 1]
(0, (1, 0, 0), (0, 2)): [43, 7, 8, 2, 0, 1, 1]
(0, (1, 0, 0), (1, 0)): [102, 39, 21, 10, 2, 2, 0, 0, 2]
(0, (1, 0, 0), (1, 1)): [81, 20, 20, 8, 4, 1]
(0, (1, 0, 0), (1, 2)): [40, 7, 11, 0, 3, 2]
(0, (1, 0, 0), (2, 0)): [33, 17, 4, 5, 1, 0, 0, 0, 2]
(0, (1, 0, 0), (2, 1)): [38, 17, 6, 8, 1, 0, 0, 0, 2]
(0, (1, 0, 0), (2, 2)): [37, 9, 7, 3, 1, 1, 0, 0, 1]
(0, (1, 0, 0), (3, 0)): [14, 4, 1, 2]
(0, (1, 0, 0), (3, 1)): [15, 6, 1, 4, 0, 0, 0, 0, 1]
(0, (1, 0, 0), (3, 2)): [16, 6, 3, 3, 0, 0, 0, 0, 1]
(0, (1, 0, 1), (0, 0)): [1098, 2757, 1335, 822, 461, 192, 102, 43, 16, 4, 3, 0, 0, 0, 1]
(0, (1, 0, 1), (0, 1)): [4, 6, 0, 4, 0, 0, 3]
(0, (1, 0, 1), (0, 2)): [2, 2, 0, 1, 0, 0, 2]
(0, (1, 0, 1), (1, 0)): [6, 12, 2, 1, 2, 3]
(0, (1, 0, 1), (1, 1)): [2, 6, 0, 1, 1, 0, 1]
(0, (1, 0, 1), (1, 2)): [1, 3]
(0, (1, 0, 1), (2, 0)): [3, 6, 0, 1, 0, 3]
(0, (1, 0, 1), (2, 2)): [0, 3, 0, 0, 1]
(0, (1, 0, 1), (3, 0)): [3, 0, 0, 0, 0, 2]
(0, (1, 0, 1), (3, 1)): [2, 3]
(0, (1, 0, 1), (3, 2)): [0, 4]
(0, (1, 1, 0), (0, 0)): [5875, 3898, 3224, 2097, 1105, 509, 229, 89, 32, 16, 14, 1, 1, 1]
(0, (1, 1, 0), (0, 1)): [19, 13, 7, 7, 0, 2]
(0, (1, 1, 0), (0, 2)): [10, 6, 3, 4, 0, 1]
(0, (1, 1, 0), (1, 0)): [12, 10, 7, 12, 3, 3, 2, 1]
(0, (1, 1, 0), (1, 1)): [8, 8, 4, 7, 1, 2]
(0, (1, 1, 0), (1, 2)): [8, 6, 3, 5]
(0, (1, 1, 0), (2, 0)): [7, 2, 6, 4, 2, 0, 1, 1]
(0, (1, 1, 0), (2, 1)): [5, 2, 3, 2, 3, 1, 1]
(0, (1, 1, 0), (2, 2)): [5, 3, 0, 3, 0, 0, 1]
(0, (1, 1, 0), (3, 0)): [3, 1, 4, 2, 0, 0, 0, 1]
(0, (1, 1, 0), (3, 1)): [2, 1, 3, 3, 3, 1]
(0, (1, 1, 0), (3, 2)): [2, 2, 3, 1, 1]
(0, (1, 1, 1), (0, 0)): [664, 1093, 955, 842, 626, 303, 141, 72, 32, 20, 10, 1, 1, 0, 1]
(0, (1, 1, 1), (0, 1)): [0, 2, 4, 3, 3, 0, 0, 0, 1]
(0, (1, 1, 1), (0, 2)): [0, 1, 2, 3, 1]
(0, (1, 1, 1), (1, 0)): [0, 2, 2, 2, 2, 1, 0, 0, 1]
(0, (1, 1, 1), (2, 0)): [0, 1, 2, 0, 1]
(0, (1, 1, 1), (3, 0)): [0, 0, 1, 0, 1]
(0, (1, 1, 1), (3, 1)): [0, 0, 1, 0, 0, 0, 0, 0, 1]
(0, (1, 1, 1), (3, 2)): [0, 0, 1, 2, 0, 0, 0, 0, 1]
(1, (0, 0, 0), (0, 0)): [160660, 16070, 6325, 2374, 960, 382, 123, 63, 11, 6, 3]
(1, (0, 0, 0), (0, 1)): [508, 53, 14, 7, 3]
(1, (0, 0, 0), (0, 2)): [197, 18, 6, 4]
(1, (0, 0, 0), (1, 0)): [458, 50, 22, 5, 1, 2, 0, 1]
(1, (0, 0, 0), (1, 1)): [391, 42, 12, 6, 2, 1]
(1, (0, 0, 0), (1, 2)): [238, 27, 4, 6, 0, 1]
(1, (0, 0, 0), (2, 0)): [156, 18, 12, 2]
(1, (0, 0, 0), (2, 1)): [203, 22, 14, 4, 2]
(1, (0, 0, 0), (2, 2)): [193, 16, 7, 7, 0, 1]
(1, (0, 0, 0), (3, 0)): [62, 6, 3]
(1, (0, 0, 0), (3, 1)): [83, 15, 8, 0, 1]
(1, (0, 0, 0), (3, 2)): [110, 15, 12, 4, 0, 1]
(1, (0, 0, 1), (0, 0)): [6213, 9311, 1739, 720, 314, 115, 45, 21, 8, 1, 0, 1]
(1, (0, 0, 1), (0, 1)): [18, 29, 2, 1, 1]
(1, (0, 0, 1), (0, 2)): [8, 14]
(1, (0, 0, 1), (1, 0)): [18, 20, 7, 3, 3]
(1, (0, 0, 1), (1, 1)): [18, 17, 3, 2, 2]
(1, (0, 0, 1), (1, 2)): [10, 12, 1, 1]
(1, (0, 0, 1), (2, 0)): [5, 5, 5, 2, 2]
(1, (0, 0, 1), (2, 1)): [5, 10, 1, 1, 2]
(1, (0, 0, 1), (2, 2)): [9, 10, 2]
(1, (0, 0, 1), (3, 0)): [3, 4, 4, 2, 1]
(1, (0, 0, 1), (3, 2)): [6, 5, 1]
(1, (0, 1, 0), (0, 0)): [25909, 12403, 3998, 1574, 620, 260, 85, 33, 9, 3]
(1, (0, 1, 0), (0, 1)): [80, 32, 9, 3, 1, 1, 1]
(1, (0, 1, 0), (0, 2)): [31, 12, 2, 0, 0, 1, 1]
(1, (0, 1, 0), (1, 0)): [98, 36, 13, 9, 3, 1]
(1, (0, 1, 0), (1, 1)): [77, 28, 5, 7, 3, 1]
(1, (0, 1, 0), (1, 2)): [56, 16, 4, 1, 1]
(1, (0, 1, 0), (2, 0)): [45, 7, 8, 3]
(1, (0, 1, 0), (2, 1)): [33, 13, 3, 6, 2, 1]
(1, (0, 1, 0), (2, 2)): [41, 13, 6, 4, 2, 1]
(1, (0, 1, 0), (3, 0)): [28, 5, 4, 2]
(1, (0, 1, 0), (3, 1)): [22, 6, 2, 3, 1]
(1, (0, 1, 0), (3, 2)): [30, 1, 4, 5, 0, 1]
(1, (0, 1, 1), (0, 0)): [4275, 3535, 3743, 1428, 574, 232, 79, 27, 8, 3, 2, 1, 0, 1]
(1, (0, 1, 1), (0, 1)): [14, 4, 13, 3, 0, 0, 0, 1]
(1, (0, 1, 1), (0, 2)): [9, 1, 4, 1]
(1, (0, 1, 1), (1, 0)): [16, 2, 8, 4, 1]
(1, (0, 1, 1), (1, 1)): [8, 2, 10, 3]
(1, (0, 1, 1), (2, 0)): [9, 2, 2, 1]
(1, (0, 1, 1), (2, 1)): [4, 3, 6, 1]
(1, (0, 1, 1), (3, 0)): [7, 1, 1]
(1, (0, 1, 1), (3, 1)): [3, 2, 2]
(1, (0, 1, 1), (3, 2)): [3, 1, 4]
(1, (1, 0, 0), (0, 0)): [64827, 12246, 6645, 2821, 1111, 467, 134, 74, 16, 7, 4, 0, 0, 1]
(1, (1, 0, 0), (0, 1)): [215, 29, 20, 10, 3, 2, 1]
(1, (1, 0, 0), (0, 2)): [88, 16, 9, 4]
(1, (1, 0, 0), (1, 0)): [188, 38, 37, 13, 1, 2, 0, 1]
(1, (1, 0, 0), (1, 1)): [149, 21, 17, 9, 1, 2, 0, 1]
(1, (1, 0, 0), (1, 2)): [108, 14, 9, 5, 1]
(1, (1, 0, 0), (2, 0)): [71, 12, 18, 5, 1]
(1, (1, 0, 0), (2, 1)): [74, 13, 14, 4, 0, 1, 0, 1]
(1, (1, 0, 0), (2, 2)): [75, 11, 10, 5, 0, 1]
(1, (1, 0, 0), (3, 0)): [21, 7, 6, 3, 1]
(1, (1, 0, 0), (3, 1)): [24, 7, 7, 3, 0, 0, 0, 1]
(1, (1, 0, 0), (3, 2)): [35, 9, 5, 5, 0, 1]
(1, (1, 0, 1), (0, 0)): [4865, 6036, 2233, 1285, 551, 221, 67, 34, 9, 4, 1]
(1, (1, 0, 1), (0, 1)): [13, 11, 5, 4, 1]
(1, (1, 0, 1), (0, 2)): [10, 3, 3, 3]
(1, (1, 0, 1), (1, 0)): [11, 14, 0, 6, 2, 2]
(1, (1, 0, 1), (1, 1)): [4, 13, 0, 5, 1]
(1, (1, 0, 1), (1, 2)): [5, 5, 2, 4, 1]
(1, (1, 0, 1), (2, 0)): [7, 4, 0, 1, 2, 1]
(1, (1, 0, 1), (2, 1)): [2, 7, 0, 2]
(1, (1, 0, 1), (2, 2)): [1, 5, 1, 1]
(1, (1, 0, 1), (3, 0)): [5, 1, 0, 0, 1, 1]
(1, (1, 0, 1), (3, 1)): [2, 2, 0, 0, 1]
(1, (1, 0, 1), (3, 2)): [1, 4, 1, 1, 1]
(1, (1, 1, 0), (0, 0)): [16052, 5015, 3570, 2275, 960, 390, 130, 56, 17, 6, 2, 0, 0, 2]
(1, (1, 1, 0), (0, 1)): [46, 13, 8, 9, 4, 1]
(1, (1, 1, 0), (0, 2)): [16, 7, 3, 3, 2]
(1, (1, 1, 0), (1, 0)): [36, 13, 11, 12, 3, 1]
(1, (1, 1, 0), (1, 1)): [45, 10, 5, 8, 2]
(1, (1, 1, 0), (1, 2)): [29, 3, 4, 4, 2]
(1, (1, 1, 0), (2, 0)): [9, 4, 4, 4, 2]
(1, (1, 1, 0), (2, 1)): [19, 9, 2, 7, 2]
(1, (1, 1, 0), (2, 2)): [21, 3, 2, 4, 2]
(1, (1, 1, 0), (3, 0)): [3, 2, 3, 1, 1]
(1, (1, 1, 0), (3, 1)): [4, 5, 2, 1, 1]
(1, (1, 1, 0), (3, 2)): [7, 5, 1, 2, 3]
(1, (1, 1, 1), (0, 0)): [3046, 2523, 1631, 1245, 776, 349, 127, 61, 15, 5, 1, 0, 0, 1]
(1, (1, 1, 1), (0, 1)): [9, 8, 2, 1, 0, 1]
(1, (1, 1, 1), (0, 2)): [4, 5, 1, 1, 0, 1]
(1, (1, 1, 1), (1, 0)): [7, 5, 6, 4, 6, 3]
(1, (1, 1, 1), (1, 1)): [9, 5, 3, 3, 2, 1]
(1, (1, 1, 1), (1, 2)): [5, 4, 0, 3, 1, 1]
(1, (1, 1, 1), (2, 0)): [1, 1, 3, 1, 3, 2]
(1, (1, 1, 1), (2, 1)): [3, 3, 2, 1, 1, 1]
(1, (1, 1, 1), (3, 0)): [1, 0, 1, 1, 2, 2]
(1, (1, 1, 1), (3, 1)): [2, 1, 1, 2, 0, 1]
(1, (1, 1, 1), (3, 2)): [3, 2, 1, 2, 1, 3]
(2, (0, 0, 0), (0, 0)): [138648, 5265, 1658, 517, 175, 53, 17, 9, 1, 1, 1]
(2, (0, 0, 0), (0, 1)): [456, 25, 5, 2]
(2, (0, 0, 0), (0, 2)): [158, 6, 3, 1]
(2, (0, 0, 0), (1, 0)): [521, 36, 8, 2, 1]
(2, (0, 0, 0), (1, 1)): [421, 23, 3, 1]
(2, (0, 0, 0), (1, 2)): [235, 8, 4, 1]
(2, (0, 0, 0), (2, 0)): [206, 13, 4, 1]
(2, (0, 0, 0), (2, 1)): [276, 17, 2, 1]
(2, (0, 0, 0), (2, 2)): [223, 13, 4, 2]
(2, (0, 0, 0), (3, 0)): [75, 7, 4, 1]
(2, (0, 0, 0), (3, 1)): [126, 9, 2]
(2, (0, 0, 0), (3, 2)): [165, 12, 4, 1]
(2, (0, 0, 1), (0, 0)): [17644, 6294, 983, 307, 103, 26, 11, 3]
(2, (0, 0, 1), (0, 1)): [47, 17, 3]
(2, (0, 0, 1), (0, 2)): [23, 8, 3]
(2, (0, 0, 1), (1, 0)): [46, 21, 1]
(2, (0, 0, 1), (1, 1)): [30, 9]
(2, (0, 0, 1), (1, 2)): [25, 10, 2]
(2, (0, 0, 1), (2, 0)): [26, 6, 1]
(2, (0, 0, 1), (2, 1)): [20, 4]
(2, (0, 0, 1), (2, 2)): [18, 6, 2]
(2, (0, 0, 1), (3, 0)): [13, 2]
(2, (0, 0, 1), (3, 2)): [15, 3, 2]
(2, (0, 1, 0), (0, 0)): [42080, 9423, 2214, 682, 201, 65, 25, 9, 1, 1]
(2, (0, 1, 0), (0, 1)): [96, 18, 2, 1, 3]
(2, (0, 1, 0), (0, 2)): [38, 4, 0, 0, 1]
(2, (0, 1, 0), (1, 0)): [137, 23, 8, 1, 1, 1]
(2, (0, 1, 0), (1, 1)): [88, 19, 2, 0, 2]
(2, (0, 1, 0), (1, 2)): [54, 8, 0, 0, 3]
(2, (0, 1, 0), (2, 0)): [70, 10, 5, 1, 1, 1]
(2, (0, 1, 0), (2, 1)): [62, 14, 3, 0, 0, 1]
(2, (0, 1, 0), (2, 2)): [58, 4, 1, 0, 2]
(2, (0, 1, 0), (3, 0)): [36, 5, 2, 1, 1]
(2, (0, 1, 0), (3, 1)): [30, 7, 1, 0, 1, 1]
(2, (0, 1, 0), (3, 2)): [41, 5, 2, 0, 0, 1]
(2, (0, 1, 1), (0, 0)): [10707, 1009, 2502, 634, 203, 69, 18, 3, 3, 0, 1]
(2, (0, 1, 1), (0, 1)): [34, 3, 4, 2]
(2, (0, 1, 1), (0, 2)): [14, 0, 0, 2]
(2, (0, 1, 1), (1, 0)): [39, 1, 15, 4, 2]
(2, (0, 1, 1), (1, 1)): [26, 3, 10, 2]
(2, (0, 1, 1), (1, 2)): [17, 1, 3, 2]
(2, (0, 1, 1), (2, 0)): [24, 1, 7, 2, 1]
(2, (0, 1, 1), (2, 1)): [12, 1, 5]
(2, (0, 1, 1), (2, 2)): [16, 1, 2]
(2, (0, 1, 1), (3, 0)): [19, 0, 5, 2, 1]
(2, (1, 0, 0), (0, 0)): [78735, 6018, 2793, 915, 272, 90, 30, 15, 3, 0, 1]
(2, (1, 0, 0), (0, 1)): [209, 6, 7, 1, 0, 1]
(2, (1, 0, 0), (0, 2)): [56, 2, 1, 0, 0, 1]
(2, (1, 0, 0), (1, 0)): [229, 12, 11, 2, 1]
(2, (1, 0, 0), (1, 1)): [169, 5, 8, 1, 1]
(2, (1, 0, 0), (1, 2)): [79, 2, 3]
(2, (1, 0, 0), (2, 0)): [84, 7, 4, 1]
(2, (1, 0, 0), (2, 1)): [86, 4, 3, 0, 1]
(2, (1, 0, 0), (2, 2)): [65, 3, 5]
(2, (1, 0, 0), (3, 0)): [31, 4, 1, 1]
(2, (1, 0, 0), (3, 1)): [34, 1, 1]
(2, (1, 0, 1), (0, 0)): [12411, 3575, 1589, 637, 201, 61, 21, 7, 3, 0, 0, 1]
(2, (1, 0, 1), (0, 1)): [17, 5, 1, 5, 1, 1]
(2, (1, 0, 1), (0, 2)): [6, 1, 0, 4]
(2, (1, 0, 1), (1, 0)): [31, 2, 6, 5]
(2, (1, 0, 1), (1, 1)): [9, 3, 0, 2, 1]
(2, (1, 0, 1), (1, 2)): [4, 3, 0, 3]
(2, (1, 0, 1), (2, 0)): [14, 1, 4, 2]
(2, (1, 0, 1), (2, 1)): [5, 1, 1, 2, 1]
(2, (1, 0, 1), (2, 2)): [5, 1, 0, 2]
(2, (1, 0, 1), (3, 0)): [8, 0, 2]
(2, (1, 0, 1), (3, 1)): [7, 0, 2, 1, 1]
(2, (1, 0, 1), (3, 2)): [3, 0, 2, 1]
(2, (1, 1, 0), (0, 0)): [24732, 3683, 2000, 1141, 319, 114, 29, 12, 4, 1, 2, 0, 0, 1]
(2, (1, 1, 0), (0, 1)): [69, 11, 4, 1, 2]
(2, (1, 1, 0), (0, 2)): [30, 4, 1]
(2, (1, 1, 0), (1, 0)): [60, 4, 7, 5, 0, 2, 0, 1]
(2, (1, 1, 0), (1, 1)): [35, 6, 1, 1, 1]
(2, (1, 1, 0), (1, 2)): [24, 4]
(2, (1, 1, 0), (2, 0)): [30, 1, 5, 3, 0, 1, 0, 1]
(2, (1, 1, 0), (2, 1)): [23, 2, 1, 1, 1]
(2, (1, 1, 0), (2, 2)): [17, 4, 1, 0, 1]
(2, (1, 1, 0), (3, 0)): [18, 0, 4, 2, 0, 1]
(2, (1, 1, 0), (3, 1)): [14, 0, 2, 2]
(2, (1, 1, 0), (3, 2)): [14, 1, 2, 0, 1]
(2, (1, 1, 1), (0, 0)): [7417, 1179, 1225, 692, 408, 117, 39, 12, 5, 2, 2, 0, 0, 1]
(2, (1, 1, 1), (0, 1)): [25, 3, 4, 2, 1]
(2, (1, 1, 1), (0, 2)): [14, 2]
(2, (1, 1, 1), (1, 0)): [19, 6, 2, 7, 0, 1]
(2, (1, 1, 1), (1, 1)): [10, 2, 3, 3]
(2, (1, 1, 1), (1, 2)): [6, 0, 0, 1]
(2, (1, 1, 1), (2, 0)): [11, 5, 1, 3, 0, 1]
(2, (1, 1, 1), (2, 1)): [8, 4, 3, 3]
(2, (1, 1, 1), (2, 2)): [5, 2, 1, 2]
(2, (1, 1, 1), (3, 0)): [5, 2, 0, 2, 0, 1]
(2, (1, 1, 1), (3, 1)): [6, 2, 0, 1]
(2, (1, 1, 1), (3, 2)): [8, 2, 1, 2]
