(0, (0, 0, 0), (0, 0)): [14758, 2938, 1424, 651, 340, 136, 50, 26, 13, 9, 5, 0, 1]
(0, (0, 0, 0), (0, 1)): [915, 176, 82, 37, 18, 8, 2, 0, 0, 1, 1]
(0, (0, 0, 0), (0, 2)): [287, 45, 26, 16, 2, 2, 1, 0, 0, 1]
(0, (0, 0, 0), (1, 0)): [886, 191, 109, 47, 24, 11, 8, 2, 2, 0, 1]
(0, (0, 0, 0), (1, 1)): [821, 157, 88, 34, 22, 6, 2, 1, 2, 0, 2]
(0, (0, 0, 0), (1, 2)): [479, 83, 47, 17, 7, 1, 2, 0, 2]
(0, (0, 0, 0), (2, 0)): [286, 80, 43, 19, 9, 7, 4, 1]
(0, (0, 0, 0), (2, 1)): [428, 104, 60, 23, 15, 6, 2, 1, 0, 0, 1]
(0, (0, 0, 0), (2, 2)): [385, 67, 39, 19, 8, 3, 0, 1, 1, 0, 1]
(0, (0, 0, 0), (3, 0)): [88, 31, 20, 10, 4, 6, 3]
(0, (0, 0, 0), (3, 1)): [175, 56, 26, 9, 5, 3, 4]
(0, (0, 0, 0), (3, 2)): [248, 56, 34, 17, 5, 3, 2, 0, 1]
(0, (0, 0, 1), (0, 0)): [51, 174, 47, 30, 10, 4, 2, 0, 0, 1]
(0, (0, 0, 1), (0, 1)): [4, 11, 2, 0, 1]
(0, (0, 0, 1), (0, 2)): [1, 4]
(0, (0, 0, 1), (1, 0)): [3, 5, 4, 1, 2]
(0, (0, 0, 1), (1, 1)): [4, 4, 2, 0, 1]
(0, (0, 0, 1), (1, 2)): [3, 6]
(0, (0, 0, 1), (2, 0)): [1, 1, 2, 1, 2]
(0, (0, 0, 1), (2, 1)): [0, 2, 2, 0, 2]
(0, (0, 0, 1), (2, 2)): [1, 2, 1]
(0, (0, 0, 1), (3, 0)): [0, 1, 2, 1]
(0, (0, 0, 1), (3, 1)): [0, 0, 1]
(0, (0, 0, 1), (3, 2)): [0, 1, 2]
(0, (0, 1, 0), (0, 0)): [521, 440, 171, 83, 43, 21, 7, 2, 3, 0, 1]
(0, (0, 1, 0), (0, 1)): [30, 21, 11, 5, 0, 1, 1]
(0, (0, 1, 0), (0, 2)): [6, 5, 3, 1, 0, 1, 1]
(0, (0, 1, 0), (1, 0)): [26, 29, 5, 5, 2, 2, 0, 0, 1]
(0, (0, 1, 0), (1, 1)): [29, 21, 10, 5]
(0, (0, 1, 0), (1, 2)): [13, 10, 8, 3, 0, 1]
(0, (0, 1, 0), (2, 0)): [7, 11, 1, 1, 2, 2, 0, 0, 1]
(0, (0, 1, 0), (2, 1)): [14, 12, 4, 2, 0, 2]
(0, (0, 1, 0), (2, 2)): [7, 6, 8, 0, 0, 1]
(0, (0, 1, 0), (3, 0)): [3, 3, 0, 1, 1, 0, 0, 0, 1]
(0, (0, 1, 0), (3, 1)): [5, 5, 2, 2, 1]
(0, (0, 1, 0), (3, 2)): [6, 5, 7, 0, 1]
(0, (0, 1, 1), (0, 0)): [41, 87, 91, 38, 17, 10, 5, 5, 1, 2]
(0, (0, 1, 1), (0, 1)): [2, 2, 6, 2, 0, 0, 1]
(0, (0, 1, 1), (0, 2)): [0, 0, 3, 1]
(0, (0, 1, 1), (1, 0)): [4, 3, 6, 3, 3, 1, 0, 1, 1]
(0, (0, 1, 1), (1, 1)): [2, 0, 3, 2, 1, 0, 1]
(0, (0, 1, 1), (1, 2)): [1, 0, 3, 1]
(0, (0, 1, 1), (2, 0)): [2, 3, 4, 1, 2, 1, 0, 1, 1]
(0, (0, 1, 1), (2, 1)): [1, 2, 1, 1, 2, 0, 0, 1]
(0, (0, 1, 1), (2, 2)): [1, 1, 2, 1, 0, 0, 0, 1]
(0, (0, 1, 1), (3, 0)): [2, 1, 2, 1, 0, 1]
(0, (0, 1, 1), (3, 1)): [2, 1, 1, 1, 1]
(0, (0, 1, 1), (3, 2)): [2, 1, 2, 1, 0, 0, 0, 1]
(0, (1, 0, 0), (0, 0)): [3333, 1088, 728, 359, 201, 85, 31, 17, 9, 5, 3, 0, 1]
(0, (1, 0, 0), (0, 1)): [201, 65, 39, 26, 16, 5, 3, 0, 1]
(0, (1, 0, 0), (0, 2)): [63, 18, 16, 5, 5, 1, 2]
(0, (1, 0, 0), (1, 0)): [173, 54, 48, 15, 10, 9, 3, 1, 0, 0, 1]
(0, (1, 0, 0), (1, 1)): [162, 40, 32, 16, 11, 4, 1, 0, 1]
(0, (1, 0, 0), (1, 2)): [92, 16, 16, 7, 5, 1, 2]
(0, (1, 0, 0), (2, 0)): [50, 22, 15, 5, 4, 7, 1, 1, 0, 0, 1]
(0, (1, 0, 0), (2, 1)): [79, 21, 16, 10, 8, 5]
(0, (1, 0, 0), (2, 2)): [64, 12, 16, 4, 4, 1, 1]
(0, (1, 0, 0), (3, 0)): [15, 13, 6, 1, 1, 2, 0, 1]
(0, (1, 0, 0), (3, 1)): [27, 14, 8, 6, 2, 4, 0, 1]
(0, (1, 0, 0), (3, 2)): [34, 16, 11, 3, 3, 1]
(0, (1, 0, 1), (0, 0)): [73, 233, 84, 64, 39, 20, 8, 3, 4, 1]
(0, (1, 0, 1), (0, 1)): [5, 12, 6, 4, 2, 1, 1, 0, 1]
(0, (1, 0, 1), (0, 2)): [2, 4, 2, 2, 0, 0, 1, 0, 1]
(0, (1, 0, 1), (1, 0)): [2, 12, 6, 5, 3]
(0, (1, 0, 1), (1, 1)): [5, 10, 2, 4, 1, 1]
(0, (1, 0, 1), (1, 2)): [6, 5, 0, 4, 0, 1, 1, 0, 1]
(0, (1, 0, 1), (2, 0)): [0, 6, 5, 1, 2]
(0, (1, 0, 1), (2, 1)): [0, 5, 0, 1, 1]
(0, (1, 0, 1), (2, 2)): [2, 6, 0, 2, 0, 1, 0, 0, 1]
(0, (1, 0, 1), (3, 0)): [0, 2, 3, 1, 2]
(0, (1, 0, 1), (3, 1)): [0, 3, 0, 1, 2]
(0, (1, 0, 1), (3, 2)): [0, 2, 0, 1, 1, 0, 0, 0, 1]
(0, (1, 1, 0), (0, 0)): [518, 328, 276, 199, 114, 43, 14, 14, 6, 2, 2, 0, 1]
(0, (1, 1, 0), (0, 1)): [35, 14, 14, 10, 7, 2, 1, 1, 0, 0, 1]
(0, (1, 1, 0), (0, 2)): [14, 4, 6, 3, 2, 0, 1]
(0, (1, 1, 0), (1, 0)): [20, 23, 13, 9, 6, 2, 2, 1]
(0, (1, 1, 0), (1, 1)): [18, 11, 8, 7, 2, 1, 1, 1, 0, 0, 1]
(0, (1, 1, 0), (1, 2)): [10, 3, 7, 7, 1, 1, 2]
(0, (1, 1, 0), (2, 0)): [7, 7, 8, 5, 2, 0, 0, 1]
(0, (1, 1, 0), (2, 1)): [10, 8, 6, 3, 1, 0, 0, 1]
(0, (1, 1, 0), (2, 2)): [5, 7, 7, 6, 0, 0, 0, 1]
(0, (1, 1, 0), (3, 0)): [3, 2, 3, 2, 1, 0, 0, 1]
(0, (1, 1, 0), (3, 1)): [6, 2, 5, 2, 2, 0, 0, 1]
(0, (1, 1, 0), (3, 2)): [4, 3, 6, 3, 1, 0, 0, 1]
(0, (1, 1, 1), (0, 0)): [54, 115, 93, 71, 57, 25, 11, 9, 4, 1, 1]
(0, (1, 1, 1), (0, 1)): [1, 5, 5, 6, 6, 2, 1, 0, 0, 0, 1]
(0, (1, 1, 1), (0, 2)): [0, 4, 1, 0, 5]
(0, (1, 1, 1), (1, 0)): [2, 7, 13, 3, 4, 1, 0, 0, 1]
(0, (1, 1, 1), (1, 1)): [2, 5, 7, 7, 2, 1, 1, 0, 0, 0, 1]
(0, (1, 1, 1), (1, 2)): [1, 2, 3, 3, 3, 1, 1]
(0, (1, 1, 1), (2, 0)): [1, 2, 4, 2, 1, 0, 0, 0, 1]
(0, (1, 1, 1), (2, 1)): [2, 2, 3, 3, 0, 0, 0, 0, 1]
(0, (1, 1, 1), (2, 2)): [2, 2, 2, 3, 1, 0, 1]
(0, (1, 1, 1), (3, 0)): [0, 1, 2, 0, 1]
(0, (1, 1, 1), (3, 1)): [0, 1, 1, 1, 1]
(0, (1, 1, 1), (3, 2)): [1, 1]
(1, (0, 0, 0), (0, 0)): [11762, 1274, 533, 214, 95, 38, 12, 9, 2, 2, 1]
(1, (0, 0, 0), (0, 1)): [722, 64, 38, 13, 9, 0, 1, 2]
(1, (0, 0, 0), (0, 2)): [241, 17, 9, 3, 2, 0, 0, 1]
(1, (0, 0, 0), (1, 0)): [747, 83, 36, 22, 5, 4, 1]
(1, (0, 0, 0), (1, 1)): [654, 61, 33, 9, 6, 0, 1]
(1, (0, 0, 0), (1, 2)): [383, 29, 15, 5, 3, 0, 1, 1]
(1, (0, 0, 0), (2, 0)): [268, 34, 13, 8, 3, 3, 1]
(1, (0, 0, 0), (2, 1)): [382, 41, 25, 8, 3, 2]
(1, (0, 0, 0), (2, 2)): [313, 29, 13, 5, 2, 2]
(1, (0, 0, 0), (3, 0)): [94, 13, 3, 3, 3]
(1, (0, 0, 0), (3, 1)): [171, 23, 14, 6, 4]
(1, (0, 0, 0), (3, 2)): [201, 19, 11, 7, 2, 2]
(1, (0, 0, 1), (0, 0)): [315, 403, 75, 34, 9, 4, 4, 0, 1]
(1, (0, 0, 1), (0, 1)): [20, 18, 4, 0, 1]
(1, (0, 0, 1), (0, 2)): [7, 3, 1]
(1, (0, 0, 1), (1, 0)): [26, 28, 6, 3, 0, 0, 1]
(1, (0, 0, 1), (1, 1)): [16, 16, 4, 0, 1]
(1, (0, 0, 1), (1, 2)): [10, 9, 2, 0, 1]
(1, (0, 0, 1), (2, 0)): [15, 13, 4, 3, 0, 0, 1]
(1, (0, 0, 1), (2, 1)): [10, 9, 2, 0, 0, 0, 1]
(1, (0, 0, 1), (2, 2)): [8, 6, 2]
(1, (0, 0, 1), (3, 0)): [7, 5, 4, 2]
(1, (0, 0, 1), (3, 1)): [6, 6, 2, 0, 0, 0, 1]
(1, (0, 0, 1), (3, 2)): [7, 10, 3]
(1, (0, 1, 0), (0, 0)): [1468, 661, 248, 107, 48, 25, 11, 6, 2, 0, 1]
(1, (0, 1, 0), (0, 1)): [79, 33, 13, 5, 1, 1, 2, 1, 1]
(1, (0, 1, 0), (0, 2)): [30, 14, 2, 2, 1, 0, 1]
(1, (0, 1, 0), (1, 0)): [95, 46, 24, 10, 5, 3, 1, 0, 0, 0, 1]
(1, (0, 1, 0), (1, 1)): [76, 24, 15, 4, 2, 0, 1, 1, 1]
(1, (0, 1, 0), (1, 2)): [43, 11, 6, 2, 1, 0, 2]
(1, (0, 1, 0), (2, 0)): [33, 19, 9, 8, 3, 3, 1, 0, 0, 0, 1]
(1, (0, 1, 0), (2, 1)): [31, 15, 4, 6, 1, 1, 1, 1, 0, 0, 1]
(1, (0, 1, 0), (2, 2)): [24, 14, 5, 5, 1, 0, 1]
(1, (0, 1, 0), (3, 0)): [21, 11, 3, 5, 2, 1]
(1, (0, 1, 0), (3, 1)): [19, 8, 3, 1, 1, 1, 0, 1]
(1, (0, 1, 0), (3, 2)): [16, 10, 0, 2, 1]
(1, (0, 1, 1), (0, 0)): [283, 225, 194, 67, 47, 16, 7, 3, 3, 1]
(1, (0, 1, 1), (0, 1)): [18, 12, 6, 0, 1, 1, 1]
(1, (0, 1, 1), (0, 2)): [8, 2, 2, 0, 1]
(1, (0, 1, 1), (1, 0)): [16, 19, 10, 9, 2, 3, 1, 2, 0, 1]
(1, (0, 1, 1), (1, 1)): [11, 14, 5, 4, 1, 1, 2, 1]
(1, (0, 1, 1), (1, 2)): [9, 2, 3, 3, 2, 0, 1]
(1, (0, 1, 1), (2, 0)): [13, 8, 7, 5, 1, 3, 0, 1, 0, 1]
(1, (0, 1, 1), (2, 1)): [9, 7, 5, 1, 0, 2, 1, 1]
(1, (0, 1, 1), (2, 2)): [6, 4, 3, 1, 2, 0, 0, 1]
(1, (0, 1, 1), (3, 0)): [8, 8, 3, 5, 1, 2, 0, 1, 0, 1]
(1, (0, 1, 1), (3, 1)): [8, 2, 2, 0, 0, 1, 1]
(1, (0, 1, 1), (3, 2)): [7, 4, 4, 0, 1, 1]
(1, (1, 0, 0), (0, 0)): [4746, 828, 540, 221, 111, 40, 14, 5, 3, 3]
(1, (1, 0, 0), (0, 1)): [278, 35, 17, 15, 4, 2, 2, 0, 0, 1]
(1, (1, 0, 0), (0, 2)): [91, 9, 8, 6, 2, 1, 2, 0, 0, 1]
(1, (1, 0, 0), (1, 0)): [282, 51, 33, 21, 9, 5, 1, 1]
(1, (1, 0, 0), (1, 1)): [226, 32, 16, 9, 2, 1, 0, 1]
(1, (1, 0, 0), (1, 2)): [128, 15, 10, 5, 2, 0, 1, 0, 0, 1]
(1, (1, 0, 0), (2, 0)): [91, 18, 15, 9, 5, 3, 1]
(1, (1, 0, 0), (2, 1)): [111, 20, 10, 10, 1, 3, 1]
(1, (1, 0, 0), (2, 2)): [100, 17, 6, 7, 2, 2, 1, 0, 0, 1]
(1, (1, 0, 0), (3, 0)): [26, 8, 9, 4, 4]
(1, (1, 0, 0), (3, 1)): [31, 13, 6, 6, 3, 0, 1]
(1, (1, 0, 0), (3, 2)): [43, 10, 3, 6, 1, 2, 1]
(1, (1, 0, 1), (0, 0)): [335, 401, 120, 94, 37, 11, 7, 5, 4, 3]
(1, (1, 0, 1), (0, 1)): [19, 23, 7, 3, 1, 1, 0, 0, 1, 1]
(1, (1, 0, 1), (0, 2)): [7, 9, 3, 2]
(1, (1, 0, 1), (1, 0)): [16, 29, 5, 5, 3, 1, 0, 0, 0, 1]
(1, (1, 0, 1), (1, 1)): [16, 20, 4, 2, 3, 0, 0, 0, 1]
(1, (1, 0, 1), (1, 2)): [5, 13, 4, 2, 1]
(1, (1, 0, 1), (2, 0)): [5, 10, 3, 2, 0, 1]
(1, (1, 0, 1), (2, 1)): [8, 10, 4, 1, 2, 1, 0, 0, 1]
(1, (1, 0, 1), (2, 2)): [5, 9, 2, 0, 1]
(1, (1, 0, 1), (3, 0)): [1, 6, 1, 1]
(1, (1, 0, 1), (3, 1)): [1, 6, 0, 0, 1, 1]
(1, (1, 0, 1), (3, 2)): [3, 5, 2, 0, 2, 1]
(1, (1, 1, 0), (0, 0)): [1448, 449, 296, 204, 107, 36, 20, 7]
(1, (1, 1, 0), (0, 1)): [88, 22, 18, 13, 2, 3, 2]
(1, (1, 1, 0), (0, 2)): [29, 4, 5, 3, 1, 1]
(1, (1, 1, 0), (1, 0)): [72, 21, 19, 13, 12, 1, 2, 1]
(1, (1, 1, 0), (1, 1)): [66, 14, 12, 11, 1, 2, 3]
(1, (1, 1, 0), (1, 2)): [46, 11, 5, 9, 1, 1]
(1, (1, 1, 0), (2, 0)): [23, 12, 11, 2, 8, 0, 1, 1]
(1, (1, 1, 0), (2, 1)): [24, 8, 7, 3, 3, 0, 1]
(1, (1, 1, 0), (2, 2)): [29, 6, 2, 2, 3]
(1, (1, 1, 0), (3, 0)): [7, 5, 4, 2, 5, 0, 1, 1]
(1, (1, 1, 0), (3, 1)): [9, 6, 4, 4, 4, 0, 2, 1]
(1, (1, 1, 0), (3, 2)): [16, 4, 2, 2, 3, 0, 2, 1]
(1, (1, 1, 1), (0, 0)): [326, 256, 165, 101, 83, 33, 15, 6, 0, 1]
(1, (1, 1, 1), (0, 1)): [18, 14, 13, 5, 6, 2, 0, 1]
(1, (1, 1, 1), (0, 2)): [8, 5, 6, 0, 1]
(1, (1, 1, 1), (1, 0)): [14, 12, 10, 7, 2, 3, 3]
(1, (1, 1, 1), (1, 1)): [16, 10, 8, 5, 6, 3, 1]
(1, (1, 1, 1), (1, 2)): [14, 5, 4, 2, 2, 1]
(1, (1, 1, 1), (2, 0)): [4, 6, 6, 5, 0, 2, 2]
(1, (1, 1, 1), (2, 1)): [8, 8, 10, 3, 4, 1, 1]
(1, (1, 1, 1), (2, 2)): [8, 3, 4, 2, 3, 2]
(1, (1, 1, 1), (3, 0)): [1, 2, 0, 3, 0, 1, 1]
(1, (1, 1, 1), (3, 1)): [3, 4, 1, 2, 1, 1, 1]
(1, (1, 1, 1), (3, 2)): [3, 3, 0, 3, 2, 2, 1]
(2, (0, 0, 0), (0, 0)): [10091, 454, 171, 57, 16, 6, 2, 2]
(2, (0, 0, 0), (0, 1)): [666, 31, 11, 2, 2]
(2, (0, 0, 0), (0, 2)): [209, 8, 2]
(2, (0, 0, 0), (1, 0)): [644, 38, 19, 9, 0, 1]
(2, (0, 0, 0), (1, 1)): [594, 27, 13, 5, 1]
(2, (0, 0, 0), (1, 2)): [314, 13, 2, 2, 1]
(2, (0, 0, 0), (2, 0)): [227, 12, 7, 4, 0, 1]
(2, (0, 0, 0), (2, 1)): [345, 14, 10, 4]
(2, (0, 0, 0), (2, 2)): [270, 13, 2, 3, 1]
(2, (0, 0, 0), (3, 0)): [75, 6, 5, 2, 0, 1]
(2, (0, 0, 0), (3, 1)): [152, 7, 6, 2, 0, 1]
(2, (0, 0, 0), (3, 2)): [176, 6, 4, 2, 0, 1]
(2, (0, 0, 1), (0, 0)): [816, 247, 56, 21, 11, 2]
(2, (0, 0, 1), (0, 1)): [65, 13, 2, 3, 2, 1]
(2, (0, 0, 1), (0, 2)): [25, 2, 0, 1]
(2, (0, 0, 1), (1, 0)): [61, 21, 5, 3, 1]
(2, (0, 0, 1), (1, 1)): [50, 16, 3, 1, 2]
(2, (0, 0, 1), (1, 2)): [35, 5, 0, 2]
(2, (0, 0, 1), (2, 0)): [20, 8, 2, 2, 1]
(2, (0, 0, 1), (2, 1)): [24, 13, 2, 1, 2]
(2, (0, 0, 1), (2, 2)): [25, 3, 1, 2]
(2, (0, 0, 1), (3, 0)): [10, 5, 1]
(2, (0, 0, 1), (3, 1)): [12, 5, 1, 1, 2]
(2, (0, 0, 1), (3, 2)): [17, 3, 2, 1, 1]
(2, (0, 1, 0), (0, 0)): [2366, 517, 152, 52, 18, 6, 4]
(2, (0, 1, 0), (0, 1)): [132, 18, 8, 3]
(2, (0, 1, 0), (0, 2)): [53, 6, 2]
(2, (0, 1, 0), (1, 0)): [187, 29, 15, 7, 6, 1, 1]
(2, (0, 1, 0), (1, 1)): [114, 20, 10, 5, 1]
(2, (0, 1, 0), (1, 2)): [64, 10, 4, 3]
(2, (0, 1, 0), (2, 0)): [79, 8, 6, 4, 4, 0, 1]
(2, (0, 1, 0), (2, 1)): [80, 13, 4, 2, 1]
(2, (0, 1, 0), (2, 2)): [62, 6, 4, 3]
(2, (0, 1, 0), (3, 0)): [47, 2, 3, 2, 3, 0, 1]
(2, (0, 1, 0), (3, 1)): [49, 8, 4, 2, 3, 0, 1]
(2, (0, 1, 0), (3, 2)): [49, 9, 4, 1, 0, 0, 1]
(2, (0, 1, 1), (0, 0)): [544, 56, 119, 33, 18, 2, 2, 1]
(2, (0, 1, 1), (0, 1)): [39, 4, 4]
(2, (0, 1, 1), (0, 2)): [10, 1, 2]
(2, (0, 1, 1), (1, 0)): [40, 6, 9, 7, 1]
(2, (0, 1, 1), (1, 1)): [36, 4, 4, 1]
(2, (0, 1, 1), (1, 2)): [26, 3, 1, 1]
(2, (0, 1, 1), (2, 0)): [20, 5, 4, 6, 1]
(2, (0, 1, 1), (2, 1)): [15, 3, 2, 2]
(2, (0, 1, 1), (2, 2)): [20, 4, 2, 1]
(2, (0, 1, 1), (3, 0)): [11, 3, 4, 3, 1]
(2, (0, 1, 1), (3, 1)): [5, 1, 2]
(2, (0, 1, 1), (3, 2)): [11, 3, 3]
(2, (1, 0, 0), (0, 0)): [5685, 437, 279, 96, 25, 13, 1, 1]
(2, (1, 0, 0), (0, 1)): [315, 16, 15, 7, 1, 1]
(2, (1, 0, 0), (0, 2)): [107, 5, 2, 2]
(2, (1, 0, 0), (1, 0)): [339, 31, 16, 13, 4]
(2, (1, 0, 0), (1, 1)): [243, 15, 19, 4, 0, 1]
(2, (1, 0, 0), (1, 2)): [156, 7, 6, 4]
(2, (1, 0, 0), (2, 0)): [123, 14, 3, 8, 4]
(2, (1, 0, 0), (2, 1)): [142, 9, 10, 3, 1, 1]
(2, (1, 0, 0), (2, 2)): [116, 8, 8, 3, 1, 1]
(2, (1, 0, 0), (3, 0)): [32, 7, 0, 7]
(2, (1, 0, 0), (3, 1)): [57, 4, 3, 3]
(2, (1, 0, 0), (3, 2)): [79, 5, 5, 2, 0, 1]
(2, (1, 0, 1), (0, 0)): [837, 218, 101, 58, 16, 6, 4]
(2, (1, 0, 1), (0, 1)): [63, 10, 12, 8, 1, 1]
(2, (1, 0, 1), (0, 2)): [18, 2, 4, 2]
(2, (1, 0, 1), (1, 0)): [59, 9, 12, 5, 2, 2, 1]
(2, (1, 0, 1), (1, 1)): [57, 7, 11, 5, 2, 0, 1]
(2, (1, 0, 1), (1, 2)): [22, 2, 2, 2]
(2, (1, 0, 1), (2, 0)): [17, 2, 5, 2, 0, 1]
(2, (1, 0, 1), (2, 1)): [28, 4, 3, 2, 1]
(2, (1, 0, 1), (2, 2)): [14, 2, 2, 3]
(2, (1, 0, 1), (3, 0)): [5, 1, 4, 1]
(2, (1, 0, 1), (3, 1)): [15, 1, 2, 0, 1]
(2, (1, 0, 1), (3, 2)): [12, 2, 1, 3]
(2, (1, 1, 0), (0, 0)): [2654, 398, 200, 141, 50, 20, 3]
(2, (1, 1, 0), (0, 1)): [127, 17, 6, 9, 2, 1, 1]
(2, (1, 1, 0), (0, 2)): [44, 6, 1]
(2, (1, 1, 0), (1, 0)): [133, 16, 12, 14, 5]
(2, (1, 1, 0), (1, 1)): [99, 6, 8, 10, 3, 1]
(2, (1, 1, 0), (1, 2)): [64, 5, 3, 3, 0, 1]
(2, (1, 1, 0), (2, 0)): [54, 6, 3, 6, 3]
(2, (1, 1, 0), (2, 1)): [73, 3, 4, 4, 2]
(2, (1, 1, 0), (2, 2)): [46, 2, 2, 3, 1, 1]
(2, (1, 1, 0), (3, 0)): [15, 1, 2, 4, 2]
(2, (1, 1, 0), (3, 1)): [30, 0, 3, 4]
(2, (1, 1, 0), (3, 2)): [32, 1, 0, 3, 1, 1]
(2, (1, 1, 1), (0, 0)): [747, 123, 137, 76, 43, 10, 5, 2]
(2, (1, 1, 1), (0, 1)): [41, 3, 10, 6, 3]
(2, (1, 1, 1), (0, 2)): [17, 0, 2]
(2, (1, 1, 1), (1, 0)): [34, 8, 8, 7, 1, 1, 2]
(2, (1, 1, 1), (1, 1)): [33, 6, 6, 8, 3, 0, 1]
(2, (1, 1, 1), (1, 2)): [19, 2, 2, 3, 0, 0, 1]
(2, (1, 1, 1), (2, 0)): [14, 5, 2, 1, 1, 1, 1]
(2, (1, 1, 1), (2, 1)): [18, 3, 4, 2, 2, 0, 1]
(2, (1, 1, 1), (2, 2)): [14, 3, 3, 2, 2]
(2, (1, 1, 1), (3, 0)): [5, 5, 1, 1, 0, 1]
(2, (1, 1, 1), (3, 1)): [9, 3, 1, 1, 0, 1, 1]
(2, (1, 1, 1), (3, 2)): [11, 2, 2, 1, 2, 1, 1]
