(0, (0, 0, 0)): [15170, 3235, 1579, 718, 339, 149, 71, 31, 21, 4, 0, 1]
(0, (0, 0, 1)): [65, 234, 65, 29, 19, 10, 5, 4, 2]
(0, (0, 1, 0)): [498, 569, 219, 100, 54, 29, 20, 5, 4]
(0, (0, 1, 1)): [60, 86, 119, 57, 27, 8, 8, 4]
(0, (1, 0, 0)): [3359, 1204, 778, 378, 204, 87, 42, 24, 12, 3]
(0, (1, 0, 1)): [84, 287, 119, 81, 40, 33, 18, 6, 2]
(0, (1, 1, 0)): [442, 321, 256, 175, 104, 53, 22, 12, 4, 1]
(0, (1, 1, 1)): [42, 96, 89, 65, 51, 23, 12, 6, 4, 1]
(1, (0, 0, 0)): [12009, 1412, 596, 253, 96, 39, 13, 5, 6, 1, 0, 1]
(1, (0, 0, 1)): [366, 568, 129, 49, 26, 9, 1, 3]
(1, (0, 1, 0)): [1602, 864, 307, 131, 62, 30, 10, 5, 0, 0, 1, 1]
(1, (0, 1, 1)): [319, 275, 258, 99, 42, 22, 10, 2, 5, 1]
(1, (1, 0, 0)): [4978, 1024, 605, 287, 113, 40, 16, 4, 8, 2]
(1, (1, 0, 1)): [413, 588, 183, 128, 50, 22, 8, 5, 1, 1]
(1, (1, 1, 0)): [1319, 439, 339, 218, 101, 37, 17, 7, 2]
(1, (1, 1, 1)): [279, 255, 137, 95, 64, 28, 16, 3, 1, 1]
(2, (0, 0, 0)): [10274, 496, 171, 54, 24, 9, 2]
(2, (0, 0, 1)): [1091, 350, 74, 23, 12, 8, 0, 1]
(2, (0, 1, 0)): [2853, 730, 144, 68, 24, 6, 1]
(2, (0, 1, 1)): [643, 57, 190, 44, 14, 8, 3, 0, 2]
(2, (1, 0, 0)): [6222, 520, 325, 98, 44, 12, 7]
(2, (1, 0, 1)): [1135, 310, 133, 77, 26, 10, 1, 1, 1]
(2, (1, 1, 0)): [2313, 359, 205, 135, 50, 13, 4, 0, 1]
(2, (1, 1, 1)): [690, 96, 126, 63, 46, 12, 3, 1, 2]
