(0, (0, 0, 0), (0, 0)): [15026, 3097, 1604, 755, 319, 153, 61, 27, 11, 8, 2]
(0, (0, 0, 0), (0, 1)): [13, 0, 2]
(0, (0, 0, 0), (0, 2)): [7, 0, 1]
(0, (0, 0, 0), (1, 0)): [19, 1, 1]
(0, (0, 0, 0), (1, 1)): [11]
(0, (0, 0, 0), (1, 2)): [9]
(0, (0, 0, 0), (2, 0)): [9, 1, 1]
(0, (0, 0, 0), (2, 1)): [9, 1, 1]
(0, (0, 0, 0), (2, 2)): [8]
(0, (0, 0, 0), (3, 0)): [3]
(0, (0, 0, 0), (3, 1)): [2, 0, 1]
(0, (0, 0, 0), (3, 2)): [3]
(0, (0, 0, 1), (0, 0)): [64, 226, 62, 24, 11, 6, 1, 3, 2]
(0, (0, 1, 0), (0, 0)): [568, 516, 217, 105, 34, 20, 10, 4, 3, 3]
(0, (0, 1, 0), (0, 1)): [0, 1]
(0, (0, 1, 0), (1, 0)): [0, 0, 0, 1]
(0, (0, 1, 0), (1, 1)): [0, 0, 0, 1]
(0, (0, 1, 0), (1, 2)): [0, 0, 0, 1]
(0, (0, 1, 0), (2, 2)): [0, 0, 0, 1]
(0, (0, 1, 1), (0, 0)): [48, 76, 107, 52, 23, 12, 8, 2]
(0, (1, 0, 0), (0, 0)): [3265, 1105, 813, 405, 197, 95, 36, 18, 9, 4, 1]
(0, (1, 0, 0), (0, 1)): [6, 0, 0, 1]
(0, (1, 0, 0), (0, 2)): [1, 0, 0, 1]
(0, (1, 0, 0), (1, 0)): [3]
(0, (1, 0, 0), (1, 1)): [6]
(0, (1, 0, 0), (1, 2)): [1]
(0, (1, 0, 0), (2, 0)): [1]
(0, (1, 0, 0), (2, 1)): [4]
(0, (1, 0, 0), (2, 2)): [2]
(0, (1, 0, 0), (3, 1)): [1]
(0, (1, 0, 0), (3, 2)): [1]
(0, (1, 0, 1), (0, 0)): [77, 293, 121, 93, 33, 15, 13, 5, 3]
(0, (1, 0, 1), (1, 0)): [1]
(0, (1, 1, 0), (0, 0)): [443, 284, 253, 177, 104, 49, 17, 13, 6, 0, 1]
(0, (1, 1, 0), (0, 1)): [1, 1]
(0, (1, 1, 1), (0, 0)): [36, 82, 90, 59, 51, 30, 6, 4, 2, 0, 1]
(0, (1, 1, 1), (1, 0)): [0, 1]
(0, (1, 1, 1), (2, 0)): [0, 1]
(1, (0, 0, 0), (0, 0)): [12042, 1367, 617, 249, 95, 37, 18, 4, 3, 2, 1]
(1, (0, 0, 0), (0, 1)): [14, 0, 1]
(1, (0, 0, 0), (0, 2)): [6]
(1, (0, 0, 0), (1, 0)): [9, 1]
(1, (0, 0, 0), (1, 1)): [6, 1]
(1, (0, 0, 0), (1, 2)): [4]
(1, (0, 0, 0), (2, 0)): [4]
(1, (0, 0, 0), (2, 1)): [5]
(1, (0, 0, 0), (2, 2)): [5]
(1, (0, 0, 0), (3, 0)): [1]
(1, (0, 0, 0), (3, 1)): [1]
(1, (0, 0, 0), (3, 2)): [1]
(1, (0, 0, 1), (0, 0)): [329, 522, 102, 42, 12, 9, 4, 0, 1]
(1, (0, 0, 1), (0, 1)): [0, 0, 0, 1]
(1, (0, 0, 1), (1, 1)): [0, 0, 0, 1]
(1, (0, 1, 0), (0, 0)): [1579, 774, 292, 129, 52, 32, 11, 2, 3, 2]
(1, (0, 1, 0), (0, 1)): [2]
(1, (0, 1, 0), (1, 0)): [2]
(1, (0, 1, 0), (2, 0)): [2]
(1, (0, 1, 0), (2, 1)): [1]
(1, (0, 1, 0), (2, 2)): [1]
(1, (0, 1, 0), (3, 2)): [1]
(1, (0, 1, 1), (0, 0)): [258, 233, 225, 91, 55, 20, 9, 3, 1]
(1, (0, 1, 1), (1, 0)): [0, 1]
(1, (0, 1, 1), (2, 0)): [0, 1]
(1, (0, 1, 1), (3, 0)): [0, 1]
(1, (1, 0, 0), (0, 0)): [4971, 921, 625, 270, 105, 48, 20, 9, 2, 2, 1]
(1, (1, 0, 0), (0, 1)): [6, 0, 1, 1]
(1, (1, 0, 0), (0, 2)): [3, 0, 1, 1]
(1, (1, 0, 0), (1, 0)): [3, 1]
(1, (1, 0, 0), (1, 1)): [1]
(1, (1, 0, 0), (1, 2)): [2]
(1, (1, 0, 0), (2, 0)): [2, 1]
(1, (1, 0, 0), (2, 2)): [1]
(1, (1, 0, 0), (3, 0)): [2]
(1, (1, 0, 0), (3, 1)): [1]
(1, (1, 0, 0), (3, 2)): [1]
(1, (1, 0, 1), (0, 0)): [387, 491, 156, 134, 52, 25, 10, 4, 1]
(1, (1, 0, 1), (0, 1)): [2, 0, 0, 1]
(1, (1, 0, 1), (1, 0)): [0, 1]
(1, (1, 0, 1), (1, 1)): [1, 1]
(1, (1, 0, 1), (2, 1)): [1]
(1, (1, 0, 1), (2, 2)): [1]
(1, (1, 1, 0), (0, 0)): [1394, 435, 352, 231, 86, 50, 16, 10, 4, 2]
(1, (1, 1, 0), (0, 1)): [1, 0, 1]
(1, (1, 1, 0), (1, 0)): [1]
(1, (1, 1, 1), (0, 0)): [292, 242, 151, 109, 77, 34, 17, 5, 1, 1]
(1, (1, 1, 1), (0, 1)): [1]
(1, (1, 1, 1), (0, 2)): [1]
(1, (1, 1, 1), (1, 0)): [0, 1]
(1, (1, 1, 1), (1, 1)): [0, 1]
(1, (1, 1, 1), (1, 2)): [1]
(1, (1, 1, 1), (2, 1)): [0, 1]
(1, (1, 1, 1), (2, 2)): [1]
(1, (1, 1, 1), (3, 1)): [0, 1]
(1, (1, 1, 1), (3, 2)): [1]
(2, (0, 0, 0), (0, 0)): [10347, 472, 194, 53, 25, 5, 2, 2, 1]
(2, (0, 0, 0), (0, 1)): [19, 0, 1]
(2, (0, 0, 0), (0, 2)): [6]
(2, (0, 0, 0), (1, 0)): [5, 1, 1]
(2, (0, 0, 0), (1, 1)): [6]
(2, (0, 0, 0), (1, 2)): [6]
(2, (0, 0, 0), (2, 0)): [4, 1, 1]
(2, (0, 0, 0), (2, 1)): [4, 1]
(2, (0, 0, 0), (2, 2)): [4]
(2, (0, 0, 0), (3, 0)): [1, 0, 1]
(2, (0, 0, 0), (3, 1)): [4, 0, 1]
(2, (0, 0, 0), (3, 2)): [4, 0, 1]
(2, (0, 0, 1), (0, 0)): [869, 270, 58, 26, 9, 0, 2]
(2, (0, 0, 1), (1, 0)): [1]
(2, (0, 1, 0), (0, 0)): [2710, 680, 167, 45, 19, 7, 2]
(2, (0, 1, 0), (0, 1)): [2]
(2, (0, 1, 0), (1, 0)): [4]
(2, (0, 1, 0), (1, 1)): [1]
(2, (0, 1, 0), (2, 0)): [3]
(2, (0, 1, 0), (3, 0)): [3]
(2, (0, 1, 1), (0, 0)): [591, 33, 148, 35, 15, 3, 2, 0, 1, 1]
(2, (0, 1, 1), (0, 1)): [1]
(2, (0, 1, 1), (0, 2)): [1]
(2, (0, 1, 1), (1, 0)): [1]
(2, (0, 1, 1), (2, 0)): [1]
(2, (0, 1, 1), (3, 0)): [1]
(2, (1, 0, 0), (0, 0)): [6154, 469, 318, 104, 33, 7, 4, 2]
(2, (1, 0, 0), (0, 1)): [4]
(2, (1, 0, 0), (0, 2)): [2]
(2, (1, 0, 0), (1, 0)): [6]
(2, (1, 0, 0), (1, 1)): [5]
(2, (1, 0, 0), (1, 2)): [2]
(2, (1, 0, 0), (2, 0)): [1]
(2, (1, 0, 0), (2, 1)): [2]
(2, (1, 0, 0), (2, 2)): [1]
(2, (1, 0, 1), (0, 0)): [960, 237, 92, 75, 13, 9, 5, 3]
(2, (1, 0, 1), (1, 0)): [1]
(2, (1, 0, 1), (1, 1)): [1]
(2, (1, 1, 0), (0, 0)): [2607, 430, 245, 125, 43, 15, 8, 3]
(2, (1, 1, 0), (0, 1)): [6, 1]
(2, (1, 1, 0), (0, 2)): [3]
(2, (1, 1, 0), (1, 0)): [2]
(2, (1, 1, 0), (1, 2)): [2]
(2, (1, 1, 0), (2, 0)): [1]
(2, (1, 1, 0), (3, 0)): [1]
(2, (1, 1, 0), (3, 1)): [1]
(2, (1, 1, 0), (3, 2)): [1]
(2, (1, 1, 1), (0, 0)): [733, 86, 114, 72, 48, 17, 7, 1, 1, 1]
(2, (1, 1, 1), (0, 1)): [2]
(2, (1, 1, 1), (0, 2)): [2]
(2, (1, 1, 1), (1, 2)): [1]
(2, (1, 1, 1), (2, 2)): [1]
