(0, (0, 0, 0)): [444313, 91097, 42863, 19881, 8989, 3910, 1686, 703, 290, 142, 61, 22, 14, 3, 2]
(0, (0, 0, 1)): [2204, 7234, 2035, 968, 477, 194, 96, 51, 22, 8, 4, 1, 3]
(0, (0, 1, 0)): [14707, 15196, 5824, 2724, 1399, 623, 262, 111, 53, 32, 9, 3, 1]
(0, (0, 1, 1)): [1307, 2383, 3163, 1433, 737, 348, 159, 69, 37, 14, 6, 1, 0, 1, 1]
(0, (1, 0, 0)): [99612, 35681, 21962, 11114, 5266, 2375, 1035, 449, 186, 94, 44, 14, 9, 3, 2]
(0, (1, 0, 1)): [2384, 7313, 3338, 2210, 1217, 567, 298, 121, 55, 26, 11, 8, 2, 0, 1]
(0, (1, 1, 0)): [13057, 8806, 7321, 4978, 2673, 1232, 560, 270, 104, 53, 30, 7, 5, 1]
(0, (1, 1, 1)): [1375, 2494, 2170, 1810, 1406, 705, 341, 160, 73, 39, 18, 4, 1, 1, 1]
(1, (0, 0, 0)): [351331, 38290, 15977, 6344, 2534, 1017, 408, 161, 58, 21, 9, 5, 2]
(1, (0, 0, 1)): [11850, 18768, 3688, 1554, 669, 258, 114, 56, 21, 9, 5, 3, 2]
(1, (0, 1, 0)): [52537, 26168, 8884, 3687, 1527, 654, 230, 98, 32, 20, 3, 4, 3]
(1, (0, 1, 1)): [8952, 7784, 8002, 3090, 1424, 569, 227, 90, 47, 16, 7, 3, 1, 1]
(1, (1, 0, 0)): [144645, 27845, 16567, 7276, 2931, 1230, 466, 182, 76, 35, 13, 9, 2, 2]
(1, (1, 0, 1)): [11636, 14908, 5254, 3322, 1404, 612, 226, 90, 33, 25, 8, 2]
(1, (1, 1, 0)): [37141, 11913, 8748, 5753, 2522, 1092, 424, 165, 62, 28, 6, 6, 1, 3]
(1, (1, 1, 1)): [7336, 6108, 3996, 2925, 1967, 876, 362, 146, 58, 23, 7, 3, 1, 1]
(2, (0, 0, 0)): [301890, 12920, 4412, 1374, 484, 177, 64, 26, 4, 1, 2]
(2, (0, 0, 1)): [35901, 12287, 2192, 727, 254, 95, 37, 11, 0, 1]
(2, (0, 1, 0)): [85909, 20289, 4903, 1641, 521, 187, 66, 20, 4, 1]
(2, (0, 1, 1)): [21682, 1951, 5269, 1380, 505, 181, 58, 17, 10, 3, 1]
(2, (1, 0, 0)): [177648, 13951, 7586, 2526, 832, 276, 114, 35, 10, 2, 2]
(2, (1, 0, 1)): [30632, 8336, 3649, 1832, 599, 227, 73, 30, 9, 1, 0, 1]
(2, (1, 1, 0)): [60631, 9546, 5329, 3140, 982, 361, 117, 34, 17, 6, 3, 0, 0, 1]
(2, (1, 1, 1)): [18114, 2752, 3187, 1709, 1147, 393, 133, 43, 20, 4, 3, 0, 0, 1]
