(0, (0, 0, 0), (0, 0)): [14474, 3130, 1496, 747, 340, 153, 64, 26, 9, 8, 2, 0, 1]
(0, (0, 0, 0), (0, 1)): [21, 3, 2]
(0, (0, 0, 0), (0, 2)): [8]
(0, (0, 0, 0), (1, 0)): [27, 3, 2, 1, 1]
(0, (0, 0, 0), (1, 1)): [20, 4, 3]
(0, (0, 0, 0), (1, 2)): [13, 1, 1]
(0, (0, 0, 0), (2, 0)): [8, 1, 0, 0, 1]
(0, (0, 0, 0), (2, 1)): [13, 2]
(0, (0, 0, 0), (2, 2)): [15, 1]
(0, (0, 0, 0), (3, 0)): [3, 0, 0, 0, 1]
(0, (0, 0, 0), (3, 1)): [5, 0, 0, 0, 1]
(0, (0, 0, 0), (3, 2)): [6, 0, 0, 0, 1]
(0, (0, 0, 1), (0, 0)): [65, 209, 48, 24, 18, 7, 2, 1, 4]
(0, (0, 1, 0), (0, 0)): [460, 499, 220, 82, 54, 29, 10, 5, 2]
(0, (0, 1, 0), (0, 1)): [2, 1]
(0, (0, 1, 0), (0, 2)): [2, 1]
(0, (0, 1, 0), (1, 0)): [0, 0, 1]
(0, (0, 1, 0), (1, 1)): [0, 0, 1]
(0, (0, 1, 0), (1, 2)): [0, 0, 1]
(0, (0, 1, 1), (0, 0)): [43, 83, 109, 42, 27, 10, 3, 1, 3, 1]
(0, (0, 1, 1), (0, 1)): [0, 0, 0, 1]
(0, (0, 1, 1), (0, 2)): [0, 0, 0, 1]
(0, (1, 0, 0), (0, 0)): [3236, 1132, 749, 408, 211, 86, 38, 21, 7, 7, 2, 0, 1]
(0, (1, 0, 0), (0, 1)): [3, 1, 1]
(0, (1, 0, 0), (0, 2)): [1]
(0, (1, 0, 0), (1, 0)): [4, 1, 3]
(0, (1, 0, 0), (1, 1)): [4, 2, 1]
(0, (1, 0, 0), (1, 2)): [1, 1]
(0, (1, 0, 0), (2, 0)): [1, 0, 1]
(0, (1, 0, 0), (2, 1)): [3, 1, 2]
(0, (1, 0, 0), (2, 2)): [1, 1]
(0, (1, 0, 0), (3, 1)): [1, 0, 1]
(0, (1, 0, 1), (0, 0)): [71, 277, 116, 72, 44, 23, 11, 3, 2, 0, 0, 1]
(0, (1, 1, 0), (0, 0)): [442, 295, 256, 218, 115, 40, 19, 14, 5, 2, 1, 0, 1]
(0, (1, 1, 0), (0, 1)): [1]
(0, (1, 1, 0), (1, 1)): [1]
(0, (1, 1, 0), (1, 2)): [1]
(0, (1, 1, 1), (0, 0)): [54, 92, 81, 67, 55, 30, 9, 4, 2, 0, 1]
(1, (0, 0, 0), (0, 0)): [11524, 1355, 550, 263, 93, 44, 19, 5, 0, 1]
(1, (0, 0, 0), (0, 1)): [23]
(1, (0, 0, 0), (0, 2)): [11]
(1, (0, 0, 0), (1, 0)): [12, 2, 2, 0, 1]
(1, (0, 0, 0), (1, 1)): [14, 0, 1, 0, 1]
(1, (0, 0, 0), (1, 2)): [11]
(1, (0, 0, 0), (2, 0)): [4, 1, 1]
(1, (0, 0, 0), (2, 1)): [8, 0, 0, 0, 1]
(1, (0, 0, 0), (2, 2)): [5, 0, 0, 0, 1]
(1, (0, 0, 0), (3, 0)): [1, 1, 1]
(1, (0, 0, 0), (3, 1)): [5, 1]
(1, (0, 0, 0), (3, 2)): [5]
(1, (0, 0, 1), (0, 0)): [299, 511, 93, 40, 21, 5, 4, 1]
(1, (0, 0, 1), (0, 1)): [1]
(1, (0, 0, 1), (1, 1)): [1]
(1, (0, 0, 1), (1, 2)): [1]
(1, (0, 0, 1), (2, 2)): [1]
(1, (0, 0, 1), (3, 2)): [1]
(1, (0, 1, 0), (0, 0)): [1492, 768, 263, 112, 67, 19, 7, 5, 0, 1]
(1, (0, 1, 0), (0, 1)): [1, 0, 1]
(1, (0, 1, 0), (0, 2)): [0, 0, 1]
(1, (0, 1, 0), (1, 0)): [2, 2]
(1, (0, 1, 0), (1, 1)): [1]
(1, (0, 1, 0), (1, 2)): [1]
(1, (0, 1, 0), (2, 0)): [1, 1]
(1, (0, 1, 0), (2, 2)): [1]
(1, (0, 1, 0), (3, 0)): [1, 1]
(1, (0, 1, 0), (3, 1)): [1, 1]
(1, (0, 1, 0), (3, 2)): [0, 1]
(1, (0, 1, 1), (0, 0)): [263, 230, 237, 104, 57, 19, 4, 2, 4, 1]
(1, (0, 1, 1), (0, 1)): [0, 1, 2, 1]
(1, (0, 1, 1), (0, 2)): [0, 1, 0, 1]
(1, (0, 1, 1), (1, 1)): [0, 0, 2]
(1, (0, 1, 1), (1, 2)): [0, 1, 0, 1]
(1, (0, 1, 1), (2, 2)): [0, 1]
(1, (0, 1, 1), (3, 2)): [0, 1]
(1, (1, 0, 0), (0, 0)): [4784, 926, 576, 285, 103, 50, 21, 7, 1, 1, 1]
(1, (1, 0, 0), (0, 1)): [7, 1, 1]
(1, (1, 0, 0), (0, 2)): [2, 0, 1]
(1, (1, 0, 0), (1, 0)): [6, 1, 1, 0, 1]
(1, (1, 0, 0), (1, 1)): [6, 0, 1]
(1, (1, 0, 0), (1, 2)): [4]
(1, (1, 0, 0), (2, 0)): [3, 1]
(1, (1, 0, 0), (2, 1)): [3, 1]
(1, (1, 0, 0), (2, 2)): [6]
(1, (1, 0, 0), (3, 0)): [1]
(1, (1, 0, 0), (3, 1)): [0, 1]
(1, (1, 0, 0), (3, 2)): [1]
(1, (1, 0, 1), (0, 0)): [381, 484, 157, 102, 47, 24, 10, 3, 0, 1, 1]
(1, (1, 0, 1), (0, 1)): [1, 1]
(1, (1, 0, 1), (0, 2)): [1, 1]
(1, (1, 0, 1), (1, 0)): [2, 0, 1, 0, 1]
(1, (1, 0, 1), (1, 1)): [1]
(1, (1, 0, 1), (1, 2)): [0, 1]
(1, (1, 0, 1), (2, 0)): [0, 0, 1, 0, 1]
(1, (1, 0, 1), (2, 1)): [1]
(1, (1, 0, 1), (2, 2)): [1]
(1, (1, 0, 1), (3, 0)): [0, 0, 1, 0, 1]
(1, (1, 0, 1), (3, 1)): [0, 0, 0, 0, 1]
(1, (1, 0, 1), (3, 2)): [0, 0, 0, 0, 1]
(1, (1, 1, 0), (0, 0)): [1416, 444, 335, 231, 103, 34, 20, 9, 1]
(1, (1, 1, 0), (0, 1)): [1, 1, 1]
(1, (1, 1, 0), (0, 2)): [1]
(1, (1, 1, 0), (1, 0)): [4]
(1, (1, 1, 0), (1, 1)): [2, 1, 1]
(1, (1, 1, 0), (1, 2)): [0, 1]
(1, (1, 1, 0), (2, 0)): [2]
(1, (1, 1, 0), (2, 1)): [2]
(1, (1, 1, 0), (2, 2)): [1]
(1, (1, 1, 0), (3, 1)): [1]
(1, (1, 1, 1), (0, 0)): [282, 236, 183, 113, 89, 35, 14, 4, 1, 0, 1]
(1, (1, 1, 1), (0, 1)): [2, 0, 1, 0, 1]
(1, (1, 1, 1), (0, 2)): [1]
(1, (1, 1, 1), (1, 1)): [1, 0, 1]
(1, (1, 1, 1), (2, 1)): [1]
(1, (1, 1, 1), (2, 2)): [1]
(2, (0, 0, 0), (0, 0)): [9945, 474, 158, 59, 15, 8, 4, 1]
(2, (0, 0, 0), (0, 1)): [19, 1, 1, 1]
(2, (0, 0, 0), (0, 2)): [9, 0, 0, 1]
(2, (0, 0, 0), (1, 0)): [16]
(2, (0, 0, 0), (1, 1)): [15, 0, 1]
(2, (0, 0, 0), (1, 2)): [8]
(2, (0, 0, 0), (2, 0)): [3]
(2, (0, 0, 0), (2, 1)): [8]
(2, (0, 0, 0), (2, 2)): [6]
(2, (0, 0, 0), (3, 1)): [3]
(2, (0, 0, 0), (3, 2)): [3]
(2, (0, 0, 1), (0, 0)): [935, 272, 59, 20, 6, 3, 2]
(2, (0, 0, 1), (0, 1)): [3]
(2, (0, 0, 1), (0, 2)): [1]
(2, (0, 0, 1), (1, 0)): [2, 0, 1]
(2, (0, 0, 1), (1, 1)): [2, 0, 1]
(2, (0, 0, 1), (1, 2)): [3, 0, 1]
(2, (0, 0, 1), (2, 0)): [1]
(2, (0, 0, 1), (2, 2)): [1, 0, 1]
(2, (0, 1, 0), (0, 0)): [2541, 650, 146, 60, 17, 7, 3, 1]
(2, (0, 1, 0), (0, 1)): [2, 1]
(2, (0, 1, 0), (1, 0)): [1, 1, 1, 1]
(2, (0, 1, 0), (1, 1)): [2, 1]
(2, (0, 1, 0), (2, 0)): [0, 0, 1, 1]
(2, (0, 1, 0), (2, 1)): [1, 1]
(2, (0, 1, 0), (2, 2)): [1, 1]
(2, (0, 1, 0), (3, 0)): [0, 0, 1]
(2, (0, 1, 0), (3, 2)): [0, 1]
(2, (0, 1, 1), (0, 0)): [595, 53, 144, 43, 21, 7, 4, 0, 1]
(2, (0, 1, 1), (0, 1)): [0, 0, 1]
(2, (0, 1, 1), (0, 2)): [0, 0, 1]
(2, (0, 1, 1), (1, 0)): [1]
(2, (0, 1, 1), (1, 1)): [1]
(2, (0, 1, 1), (1, 2)): [0, 0, 1]
(2, (0, 1, 1), (2, 1)): [1]
(2, (0, 1, 1), (2, 2)): [1, 0, 1]
(2, (0, 1, 1), (3, 2)): [0, 0, 1]
(2, (1, 0, 0), (0, 0)): [5744, 474, 279, 106, 36, 7, 5, 1, 1]
(2, (1, 0, 0), (0, 1)): [8, 1, 1, 1]
(2, (1, 0, 0), (0, 2)): [5]
(2, (1, 0, 0), (1, 0)): [7]
(2, (1, 0, 0), (1, 1)): [7, 1, 1, 1]
(2, (1, 0, 0), (1, 2)): [6, 1, 1, 1]
(2, (1, 0, 0), (2, 1)): [4]
(2, (1, 0, 0), (2, 2)): [6, 1, 1]
(2, (1, 0, 0), (3, 1)): [1]
(2, (1, 0, 0), (3, 2)): [0, 1, 1]
(2, (1, 0, 1), (0, 0)): [980, 269, 113, 58, 20, 6, 3, 1, 1]
(2, (1, 0, 1), (0, 1)): [1, 0, 2, 1]
(2, (1, 0, 1), (0, 2)): [0, 0, 1]
(2, (1, 0, 1), (1, 0)): [1, 0, 0, 0, 1]
(2, (1, 0, 1), (1, 1)): [2, 0, 1]
(2, (1, 0, 1), (1, 2)): [1, 0, 2]
(2, (1, 0, 1), (2, 0)): [0, 0, 0, 0, 1]
(2, (1, 0, 1), (2, 2)): [0, 0, 1]
(2, (1, 0, 1), (3, 2)): [0, 0, 1]
(2, (1, 1, 0), (0, 0)): [2497, 423, 220, 141, 52, 13, 10, 3, 1]
(2, (1, 1, 0), (0, 1)): [4, 0, 1]
(2, (1, 1, 0), (0, 2)): [1, 0, 1]
(2, (1, 1, 0), (1, 0)): [2, 2, 1]
(2, (1, 1, 0), (1, 1)): [4]
(2, (1, 1, 0), (1, 2)): [2, 0, 1]
(2, (1, 1, 0), (2, 0)): [0, 0, 1]
(2, (1, 1, 0), (2, 1)): [1, 0, 1]
(2, (1, 1, 0), (2, 2)): [1, 0, 2]
(2, (1, 1, 0), (3, 2)): [0, 0, 1]
(2, (1, 1, 1), (0, 0)): [748, 116, 154, 66, 59, 20, 9, 0, 1]
(2, (1, 1, 1), (0, 1)): [2]
(2, (1, 1, 1), (0, 2)): [1]
(2, (1, 1, 1), (1, 0)): [1, 0, 1]
(2, (1, 1, 1), (1, 1)): [1]
(2, (1, 1, 1), (1, 2)): [1]
(2, (1, 1, 1), (2, 0)): [1]
(2, (1, 1, 1), (2, 1)): [2]
(2, (1, 1, 1), (2, 2)): [1]
