(0, (0, 0, 0)): [833028, 167880, 78765, 36079, 16387, 7140, 2955, 1249, 518, 235, 106, 47, 24, 6, 3, 1, 0, 1]
(0, (0, 0, 1)): [3704, 11526, 3206, 1508, 736, 333, 149, 81, 30, 18, 6, 1, 3, 1]
(0, (0, 1, 0)): [27269, 26503, 10303, 4900, 2434, 1072, 440, 189, 84, 48, 17, 5, 3, 0, 1]
(0, (0, 1, 1)): [2447, 4214, 5384, 2421, 1318, 607, 265, 127, 61, 27, 9, 6, 0, 2, 1, 0, 0, 1]
(0, (1, 0, 0)): [184143, 62469, 39607, 19654, 9475, 4321, 1829, 797, 344, 151, 72, 30, 15, 4, 2, 1, 0, 1]
(0, (1, 0, 1)): [4148, 13235, 5534, 3747, 2014, 949, 456, 197, 88, 37, 19, 10, 4, 0, 1, 0, 0, 1]
(0, (1, 1, 0)): [25087, 16260, 12869, 8948, 4851, 2290, 1007, 495, 195, 88, 45, 17, 7, 1]
(0, (1, 1, 1)): [2617, 4748, 4004, 3151, 2489, 1226, 585, 307, 129, 58, 33, 11, 2, 1, 1]
(1, (0, 0, 0)): [665308, 72599, 30115, 11925, 4814, 1844, 696, 274, 106, 42, 20, 11, 5, 2, 0, 1]
(1, (0, 0, 1)): [19441, 29343, 5760, 2409, 1037, 442, 175, 77, 35, 12, 6, 4, 3, 1]
(1, (0, 1, 0)): [91910, 43364, 15294, 6434, 2648, 1062, 364, 165, 50, 28, 14, 7, 5, 1, 1]
(1, (0, 1, 1)): [15558, 12992, 12579, 4949, 2486, 990, 393, 156, 80, 22, 9, 4, 1, 2, 0, 1]
(1, (1, 0, 0)): [266029, 48646, 30272, 13118, 5399, 2178, 829, 312, 142, 60, 23, 15, 4, 2, 0, 2]
(1, (1, 0, 1)): [20643, 25779, 8556, 5522, 2406, 1007, 368, 157, 61, 43, 13, 3, 0, 1]
(1, (1, 1, 0)): [71567, 22549, 15819, 10814, 4735, 2009, 782, 314, 127, 54, 19, 10, 6, 4, 1]
(1, (1, 1, 1)): [14791, 11899, 7752, 5299, 3841, 1652, 679, 263, 110, 40, 15, 11, 6, 2, 1, 1]
(2, (0, 0, 0)): [573682, 25518, 8728, 2729, 980, 324, 118, 39, 8, 3, 3, 0, 1]
(2, (0, 0, 1)): [57230, 18918, 3482, 1197, 425, 154, 48, 15, 2, 2, 0, 1]
(2, (0, 1, 0)): [148419, 33493, 8508, 2960, 962, 320, 107, 25, 6, 2, 2, 0, 1]
(2, (0, 1, 1)): [35613, 3214, 8355, 2176, 843, 278, 96, 34, 11, 4, 3, 1, 0, 1]
(2, (1, 0, 0)): [325199, 24330, 14789, 4701, 1571, 495, 198, 59, 14, 8, 4, 0, 1]
(2, (1, 0, 1)): [52968, 13773, 5670, 3146, 1032, 347, 126, 43, 15, 3, 0, 2, 1]
(2, (1, 1, 0)): [122836, 19319, 10025, 6360, 2041, 699, 209, 71, 28, 13, 5, 1, 2, 1]
(2, (1, 1, 1)): [35966, 5421, 6111, 3158, 2176, 723, 231, 86, 33, 7, 5, 0, 1, 1]
