(0, (0, 0, 0)): [308850, 62167, 28695, 13160, 5909, 2551, 1076, 452, 168, 77, 44, 11, 8, 3, 2]
(0, (0, 0, 1)): [1679, 5238, 1493, 705, 333, 131, 70, 38, 9, 5, 3, 1, 3]
(0, (0, 1, 0)): [10141, 10364, 3899, 1782, 913, 397, 152, 68, 29, 18, 8, 1]
(0, (0, 1, 1)): [875, 1616, 2177, 1001, 509, 240, 98, 48, 22, 11, 3, 1, 0, 1, 1]
(0, (1, 0, 0)): [69966, 25138, 14945, 7531, 3484, 1547, 675, 284, 108, 50, 32, 9, 6, 3, 2]
(0, (1, 0, 1)): [1656, 4739, 2236, 1450, 825, 355, 190, 72, 35, 16, 8, 5, 2, 0, 1]
(0, (1, 1, 0)): [9047, 6022, 5013, 3357, 1790, 835, 368, 177, 64, 35, 25, 4, 2, 1]
(0, (1, 1, 1)): [998, 1693, 1443, 1263, 998, 486, 226, 113, 50, 28, 14, 3, 1, 1, 1]
(1, (0, 0, 0)): [243361, 25774, 10526, 4076, 1641, 690, 250, 103, 30, 13, 4, 1]
(1, (0, 0, 1)): [8866, 13858, 2692, 1089, 478, 187, 75, 37, 14, 3, 4, 2, 1]
(1, (0, 1, 0)): [37823, 18661, 6202, 2509, 992, 425, 162, 60, 18, 8, 1, 2, 2]
(1, (0, 1, 1)): [6326, 5432, 5796, 2210, 941, 379, 144, 52, 21, 10, 6, 3, 0, 1]
(1, (1, 0, 0)): [99975, 19219, 11055, 4770, 1914, 819, 279, 115, 38, 20, 7, 6, 1, 2]
(1, (1, 0, 1)): [7933, 9944, 3608, 2166, 932, 388, 137, 59, 19, 15, 6, 2]
(1, (1, 1, 0)): [25059, 7999, 5717, 3793, 1624, 710, 254, 101, 39, 18, 5, 3, 0, 3]
(1, (1, 1, 1)): [4813, 3947, 2586, 1971, 1313, 583, 223, 102, 32, 12, 4, 1, 0, 1]
(2, (0, 0, 0)): [209531, 8618, 2790, 894, 297, 107, 40, 16, 2, 1, 1]
(2, (0, 0, 1)): [26551, 9262, 1573, 500, 167, 59, 22, 6]
(2, (0, 1, 0)): [61558, 14285, 3437, 1093, 345, 129, 48, 14, 2, 1]
(2, (0, 1, 1)): [15880, 1466, 3796, 987, 351, 111, 37, 8, 4, 1, 1]
(2, (1, 0, 0)): [122246, 9575, 4842, 1594, 499, 169, 67, 23, 5, 1, 1]
(2, (1, 0, 1)): [20645, 5777, 2542, 1157, 377, 138, 44, 19, 5, 0, 0, 1]
(2, (1, 1, 0)): [39391, 6066, 3385, 1959, 591, 219, 63, 16, 8, 5, 2, 0, 0, 1]
(2, (1, 1, 1)): [11803, 1821, 1974, 1106, 700, 224, 80, 25, 11, 3, 2, 0, 0, 1]
