(0, (0, 0, 0), (0, 0)): [605419, 122534, 57432, 26561, 12134, 5259, 2195, 945, 401, 195, 85, 31, 19, 4, 3]
(0, (0, 0, 0), (0, 1)): [4933, 976, 435, 177, 96, 31, 8, 10, 2, 2, 2]
(0, (0, 0, 0), (0, 2)): [1733, 318, 141, 60, 26, 5, 4, 7, 0, 1]
(0, (0, 0, 0), (1, 0)): [4671, 969, 533, 239, 127, 54, 26, 9, 3, 3, 1]
(0, (0, 0, 0), (1, 1)): [4154, 819, 421, 181, 95, 29, 8, 7, 4, 1, 3]
(0, (0, 0, 0), (1, 2)): [2526, 457, 208, 77, 40, 10, 8, 6, 3]
(0, (0, 0, 0), (2, 0)): [1602, 386, 207, 104, 61, 30, 14, 5, 1, 1]
(0, (0, 0, 0), (2, 1)): [2288, 490, 257, 123, 69, 28, 8, 5, 1, 0, 1]
(0, (0, 0, 0), (2, 2)): [2072, 400, 169, 81, 53, 17, 4, 5, 1, 0, 1]
(0, (0, 0, 0), (3, 0)): [572, 154, 99, 55, 27, 21, 8, 1, 1]
(0, (0, 0, 0), (3, 1)): [944, 233, 146, 74, 32, 15, 8, 3, 2]
(0, (0, 0, 0), (3, 2)): [1275, 258, 158, 71, 39, 14, 6, 4, 2]
(0, (0, 0, 1), (0, 0)): [2829, 9124, 2558, 1206, 596, 242, 124, 69, 24, 13, 5, 1, 3]
(0, (0, 0, 1), (0, 1)): [18, 42, 19, 4, 4, 1, 3]
(0, (0, 0, 1), (0, 2)): [8, 15, 4, 0, 2]
(0, (0, 0, 1), (1, 0)): [23, 55, 21, 11, 6, 2, 1, 1]
(0, (0, 0, 1), (1, 1)): [15, 35, 18, 5, 4, 1, 3]
(0, (0, 0, 1), (1, 2)): [12, 19, 7, 3, 2, 0, 1]
(0, (0, 0, 1), (2, 0)): [13, 24, 10, 5, 3, 1, 1, 1]
(0, (0, 0, 1), (2, 1)): [11, 18, 11, 2, 4, 0, 1]
(0, (0, 0, 1), (2, 2)): [12, 12, 8, 2, 2, 0, 1]
(0, (0, 0, 1), (3, 0)): [2, 13, 5, 4, 1, 0, 1, 1]
(0, (0, 0, 1), (3, 1)): [4, 5, 5, 1, 1, 0, 0, 1]
(0, (0, 0, 1), (3, 2)): [6, 8, 3, 1, 1, 0, 1, 1]
(0, (0, 1, 0), (0, 0)): [19894, 20102, 7655, 3641, 1843, 830, 346, 148, 66, 38, 15, 4, 2, 0, 1]
(0, (0, 1, 0), (0, 1)): [148, 124, 51, 18, 9, 6, 2, 1]
(0, (0, 1, 0), (0, 2)): [47, 29, 17, 6, 2, 4, 1]
(0, (0, 1, 0), (1, 0)): [153, 147, 48, 36, 18, 10, 5, 0, 1]
(0, (0, 1, 0), (1, 1)): [128, 105, 36, 22, 7, 5, 2, 1]
(0, (0, 1, 0), (1, 2)): [73, 54, 24, 12, 4, 4, 2]
(0, (0, 1, 0), (2, 0)): [50, 63, 22, 16, 9, 6, 2, 0, 1]
(0, (0, 1, 0), (2, 1)): [52, 56, 24, 18, 3, 8, 1, 1]
(0, (0, 1, 0), (2, 2)): [49, 34, 24, 11, 2, 3, 1]
(0, (0, 1, 0), (3, 0)): [25, 26, 10, 7, 6, 0, 1, 0, 1]
(0, (0, 1, 0), (3, 1)): [27, 29, 14, 14, 6, 3, 1, 1]
(0, (0, 1, 0), (3, 2)): [29, 27, 19, 10, 6, 1, 2]
(0, (0, 1, 1), (0, 0)): [1769, 3186, 4124, 1842, 987, 461, 202, 93, 50, 20, 6, 3, 0, 1, 1]
(0, (0, 1, 1), (0, 1)): [8, 13, 26, 9, 9, 1, 2, 0, 1]
(0, (0, 1, 1), (0, 2)): [3, 4, 11, 5, 7, 1, 1]
(0, (0, 1, 1), (1, 0)): [17, 22, 33, 26, 10, 5, 3, 2, 1]
(0, (0, 1, 1), (1, 1)): [9, 10, 15, 10, 6, 2, 1, 0, 1]
(0, (0, 1, 1), (1, 2)): [2, 5, 11, 9, 7, 2]
(0, (0, 1, 1), (2, 0)): [9, 16, 20, 16, 5, 3, 1, 2, 1]
(0, (0, 1, 1), (2, 1)): [5, 9, 7, 6, 4, 1, 0, 1, 1]
(0, (0, 1, 1), (2, 2)): [5, 3, 10, 5, 4, 1, 0, 1]
(0, (0, 1, 1), (3, 0)): [7, 9, 14, 13, 3, 3, 1, 1]
(0, (0, 1, 1), (3, 1)): [5, 7, 4, 6, 2, 1, 0, 0, 1]
(0, (0, 1, 1), (3, 2)): [4, 3, 8, 4, 1, 1, 0, 1, 1]
(0, (1, 0, 0), (0, 0)): [135323, 47322, 29378, 14714, 7104, 3188, 1365, 599, 261, 130, 58, 20, 13, 3, 2]
(0, (1, 0, 0), (0, 1)): [1047, 293, 215, 103, 66, 23, 9, 5, 3, 1]
(0, (1, 0, 0), (0, 2)): [369, 75, 75, 22, 15, 8, 3, 1, 1, 1]
(0, (1, 0, 0), (1, 0)): [918, 311, 225, 109, 56, 24, 16, 6, 2, 2, 1]
(0, (1, 0, 0), (1, 1)): [792, 234, 166, 91, 44, 13, 7, 5, 1, 1]
(0, (1, 0, 0), (1, 2)): [448, 108, 104, 29, 17, 11, 5, 2, 1]
(0, (1, 0, 0), (2, 0)): [286, 116, 70, 41, 30, 15, 5, 4, 2, 1, 1]
(0, (1, 0, 0), (2, 1)): [374, 124, 75, 58, 32, 10, 3, 3, 2, 1]
(0, (1, 0, 0), (2, 2)): [322, 94, 70, 33, 15, 7, 3, 2, 2]
(0, (1, 0, 0), (3, 0)): [102, 44, 31, 20, 16, 6, 0, 2, 0, 1]
(0, (1, 0, 0), (3, 1)): [143, 51, 35, 28, 21, 7, 1, 1, 1, 1]
(0, (1, 0, 0), (3, 2)): [169, 59, 39, 20, 15, 8, 2, 0, 1]
(0, (1, 0, 1), (0, 0)): [3109, 9921, 4267, 2869, 1552, 719, 368, 153, 73, 30, 14, 8, 3, 0, 1]
(0, (1, 0, 1), (0, 1)): [20, 60, 27, 21, 11, 3, 5, 2, 1]
(0, (1, 0, 1), (0, 2)): [10, 24, 8, 7, 2, 1, 3, 1, 1]
(0, (1, 0, 1), (1, 0)): [26, 84, 30, 18, 11, 10, 0, 2, 1]
(0, (1, 0, 1), (1, 1)): [19, 57, 21, 13, 7, 6, 2, 1, 1]
(0, (1, 0, 1), (1, 2)): [13, 27, 10, 8, 5, 1, 1, 2, 1]
(0, (1, 0, 1), (2, 0)): [8, 35, 15, 6, 6, 5, 0, 1]
(0, (1, 0, 1), (2, 1)): [9, 41, 10, 6, 5, 4, 0, 0, 1]
(0, (1, 0, 1), (2, 2)): [13, 29, 12, 4, 4, 2, 0, 2, 1]
(0, (1, 0, 1), (3, 0)): [3, 12, 8, 3, 3, 4, 0, 1]
(0, (1, 0, 1), (3, 1)): [3, 13, 4, 1, 4, 3]
(0, (1, 0, 1), (3, 2)): [5, 13, 7, 2, 3, 1, 0, 0, 1]
(0, (1, 1, 0), (0, 0)): [18107, 12024, 9891, 6705, 3657, 1695, 751, 372, 151, 76, 38, 12, 7, 1]
(0, (1, 1, 0), (0, 1)): [169, 79, 61, 50, 27, 14, 5, 3, 0, 0, 1]
(0, (1, 1, 0), (0, 2)): [52, 23, 22, 19, 14, 5, 2, 2]
(0, (1, 1, 0), (1, 0)): [127, 93, 79, 58, 34, 17, 7, 3, 1, 1]
(0, (1, 1, 0), (1, 1)): [117, 59, 53, 39, 14, 12, 3, 1, 1, 1, 1]
(0, (1, 1, 0), (1, 2)): [72, 27, 31, 26, 9, 5, 2, 2, 0, 1]
(0, (1, 1, 0), (2, 0)): [37, 26, 32, 23, 15, 7, 2, 3]
(0, (1, 1, 0), (2, 1)): [53, 30, 26, 19, 15, 7, 2, 1]
(0, (1, 1, 0), (2, 2)): [44, 25, 24, 19, 6, 4, 1, 1, 0, 1]
(0, (1, 1, 0), (3, 0)): [11, 10, 15, 9, 5, 3, 0, 3]
(0, (1, 1, 0), (3, 1)): [23, 14, 14, 11, 6, 5, 1, 2]
(0, (1, 1, 0), (3, 2)): [33, 14, 18, 13, 4, 2, 0, 2]
(0, (1, 1, 1), (0, 0)): [1873, 3470, 2986, 2434, 1883, 920, 430, 226, 101, 46, 25, 8, 2, 1, 1]
(0, (1, 1, 1), (0, 1)): [20, 24, 31, 22, 15, 3, 2, 0, 1, 1, 1]
(0, (1, 1, 1), (0, 2)): [9, 10, 8, 6, 7]
(0, (1, 1, 1), (1, 0)): [12, 34, 44, 25, 19, 12, 4, 4, 2]
(0, (1, 1, 1), (1, 1)): [15, 25, 30, 23, 14, 6, 4, 2, 1, 0, 1]
(0, (1, 1, 1), (1, 2)): [14, 12, 15, 9, 8, 3, 2]
(0, (1, 1, 1), (2, 0)): [2, 14, 12, 14, 9, 3, 0, 1, 1]
(0, (1, 1, 1), (2, 1)): [5, 14, 16, 12, 8, 3, 0, 2, 2]
(0, (1, 1, 1), (2, 2)): [7, 14, 11, 12, 4, 3, 2, 1]
(0, (1, 1, 1), (3, 0)): [0, 3, 5, 7, 4]
(0, (1, 1, 1), (3, 1)): [1, 3, 7, 10, 4, 0, 0, 0, 1]
(0, (1, 1, 1), (3, 2)): [3, 3, 8, 9, 4, 1, 1, 0, 1]
(1, (0, 0, 0), (0, 0)): [479863, 51933, 21480, 8615, 3461, 1373, 518, 216, 84, 30, 13, 8, 2, 1]
(1, (0, 0, 0), (0, 1)): [3924, 397, 164, 44, 38, 3, 1, 3, 1]
(1, (0, 0, 0), (0, 2)): [1421, 109, 48, 18, 6, 0, 0, 2]
(1, (0, 0, 0), (1, 0)): [3822, 470, 213, 74, 33, 15, 5, 2]
(1, (0, 0, 0), (1, 1)): [3288, 374, 153, 42, 29, 8, 3, 0, 1]
(1, (0, 0, 0), (1, 2)): [2017, 187, 68, 25, 12, 3, 1, 1]
(1, (0, 0, 0), (2, 0)): [1348, 194, 103, 28, 17, 7, 2]
(1, (0, 0, 0), (2, 1)): [1833, 233, 119, 31, 25, 5, 1]
(1, (0, 0, 0), (2, 2)): [1623, 172, 74, 22, 13, 4, 1]
(1, (0, 0, 0), (3, 0)): [460, 72, 45, 13, 9, 3, 1]
(1, (0, 0, 0), (3, 1)): [813, 144, 68, 23, 16, 2]
(1, (0, 0, 0), (3, 2)): [991, 133, 70, 24, 11, 4]
(1, (0, 0, 1), (0, 0)): [15062, 23510, 4552, 1927, 833, 323, 146, 70, 30, 11, 6, 4, 3, 1]
(1, (0, 0, 1), (0, 1)): [86, 125, 21, 6, 3, 0, 1]
(1, (0, 0, 1), (0, 2)): [33, 47, 8]
(1, (0, 0, 1), (1, 0)): [121, 152, 32, 16, 9, 2, 3, 0, 1]
(1, (0, 0, 1), (1, 1)): [91, 104, 19, 8, 6, 0, 1]
(1, (0, 0, 1), (1, 2)): [52, 61, 10, 2, 2]
(1, (0, 0, 1), (2, 0)): [50, 56, 16, 10, 5, 2, 3, 0, 1]
(1, (0, 0, 1), (2, 1)): [46, 51, 9, 7, 4, 0, 2]
(1, (0, 0, 1), (2, 2)): [39, 40, 7, 0, 2]
(1, (0, 0, 1), (3, 0)): [23, 26, 12, 6, 3, 1, 2, 0, 1]
(1, (0, 0, 1), (3, 1)): [30, 30, 4, 7, 3, 0, 1]
(1, (0, 0, 1), (3, 2)): [28, 31, 6, 2, 2]
(1, (0, 1, 0), (0, 0)): [69458, 33934, 11648, 4846, 2019, 830, 305, 139, 40, 25, 10, 5, 4, 0, 1]
(1, (0, 1, 0), (0, 1)): [464, 201, 67, 26, 7, 5, 4, 2, 1]
(1, (0, 1, 0), (0, 2)): [163, 75, 16, 4, 2, 2, 2]
(1, (0, 1, 0), (1, 0)): [584, 287, 94, 50, 38, 9, 4, 2, 0, 0, 1]
(1, (0, 1, 0), (1, 1)): [424, 179, 55, 31, 19, 5, 4, 2, 1]
(1, (0, 1, 0), (1, 2)): [260, 97, 29, 11, 6, 1, 2]
(1, (0, 1, 0), (2, 0)): [257, 103, 47, 32, 18, 5, 2, 2, 0, 0, 1]
(1, (0, 1, 0), (2, 1)): [213, 100, 29, 25, 14, 6, 4, 3, 0, 0, 1]
(1, (0, 1, 0), (2, 2)): [192, 81, 24, 14, 9, 2, 1]
(1, (0, 1, 0), (3, 0)): [143, 56, 17, 21, 14, 1, 0, 1]
(1, (0, 1, 0), (3, 1)): [122, 46, 20, 17, 11, 4, 1, 1]
(1, (0, 1, 0), (3, 2)): [120, 40, 18, 16, 9, 1]
(1, (0, 1, 1), (0, 0)): [11831, 10173, 10080, 3948, 1901, 764, 299, 117, 66, 20, 8, 4, 1, 1]
(1, (0, 1, 1), (0, 1)): [85, 54, 50, 15, 10, 2, 3, 1]
(1, (0, 1, 1), (0, 2)): [41, 13, 14, 5, 4]
(1, (0, 1, 1), (1, 0)): [126, 85, 72, 41, 33, 10, 4, 4, 1, 1]
(1, (0, 1, 1), (1, 1)): [58, 46, 34, 17, 8, 1, 5, 1]
(1, (0, 1, 1), (1, 2)): [47, 14, 17, 12, 2, 0, 2]
(1, (0, 1, 1), (2, 0)): [88, 59, 44, 25, 26, 10, 2, 3, 1, 1]
(1, (0, 1, 1), (2, 1)): [36, 35, 26, 8, 2, 3, 3, 1]
(1, (0, 1, 1), (2, 2)): [37, 19, 18, 10, 2, 0, 0, 1]
(1, (0, 1, 1), (3, 0)): [69, 47, 31, 19, 25, 8, 2, 3, 1, 1]
(1, (0, 1, 1), (3, 1)): [20, 17, 9, 3, 2, 2, 3]
(1, (0, 1, 1), (3, 2)): [21, 19, 17, 2, 1, 1, 1]
(1, (1, 0, 0), (0, 0)): [195638, 36926, 22147, 9729, 3927, 1640, 606, 237, 109, 47, 17, 12, 2, 2]
(1, (1, 0, 0), (0, 1)): [1512, 224, 148, 64, 30, 12, 10, 0, 0, 2]
(1, (1, 0, 0), (0, 2)): [528, 67, 54, 21, 8, 3, 5, 0, 0, 2]
(1, (1, 0, 0), (1, 0)): [1481, 284, 203, 91, 34, 13, 2, 3, 1]
(1, (1, 0, 0), (1, 1)): [1186, 204, 126, 45, 24, 8, 2, 2]
(1, (1, 0, 0), (1, 2)): [705, 91, 70, 21, 14, 4, 3, 0, 0, 1]
(1, (1, 0, 0), (2, 0)): [489, 106, 81, 41, 17, 8, 1, 0, 1]
(1, (1, 0, 0), (2, 1)): [589, 124, 72, 35, 12, 7, 1, 1, 1]
(1, (1, 0, 0), (2, 2)): [514, 90, 57, 24, 13, 5, 1, 0, 0, 1]
(1, (1, 0, 0), (3, 0)): [163, 44, 36, 21, 12, 3]
(1, (1, 0, 0), (3, 1)): [224, 69, 37, 25, 9, 4, 1, 1]
(1, (1, 0, 0), (3, 2)): [255, 60, 32, 24, 6, 7, 1]
(1, (1, 0, 1), (0, 0)): [15261, 19667, 6677, 4220, 1788, 774, 287, 121, 51, 33, 10, 3]
(1, (1, 0, 1), (0, 1)): [122, 110, 31, 22, 14, 5, 4, 1, 3, 1]
(1, (1, 0, 1), (0, 2)): [58, 33, 12, 13, 2, 3, 1, 1]
(1, (1, 0, 1), (1, 0)): [114, 162, 39, 31, 19, 10, 0, 1, 0, 1]
(1, (1, 0, 1), (1, 1)): [82, 94, 20, 17, 19, 1, 2, 0, 2]
(1, (1, 0, 1), (1, 2)): [55, 46, 18, 17, 7, 2, 1, 1]
(1, (1, 0, 1), (2, 0)): [44, 57, 17, 11, 7, 5]
(1, (1, 0, 1), (2, 1)): [44, 53, 8, 9, 9, 4, 2, 0, 2]
(1, (1, 0, 1), (2, 2)): [32, 37, 12, 5, 5, 3, 0, 0, 1]
(1, (1, 0, 1), (3, 0)): [17, 23, 8, 5, 4, 2]
(1, (1, 0, 1), (3, 1)): [16, 26, 6, 7, 8, 3]
(1, (1, 0, 1), (3, 2)): [23, 23, 10, 5, 9, 5, 0, 0, 1]
(1, (1, 1, 0), (0, 0)): [51874, 16596, 11921, 7910, 3487, 1496, 596, 234, 90, 39, 12, 7, 2, 3, 1]
(1, (1, 1, 0), (0, 1)): [421, 107, 86, 59, 24, 9, 4, 1]
(1, (1, 1, 0), (0, 2)): [152, 37, 28, 19, 8, 1]
(1, (1, 1, 0), (1, 0)): [384, 133, 95, 91, 43, 10, 3, 2]
(1, (1, 1, 0), (1, 1)): [323, 92, 68, 55, 22, 5, 5, 1]
(1, (1, 1, 0), (1, 2)): [217, 43, 34, 33, 13, 1, 1]
(1, (1, 1, 0), (2, 0)): [133, 51, 35, 33, 23, 5, 1, 1]
(1, (1, 1, 0), (2, 1)): [157, 64, 37, 37, 14, 2, 2, 1]
(1, (1, 1, 0), (2, 2)): [156, 37, 25, 21, 12]
(1, (1, 1, 0), (3, 0)): [38, 13, 14, 10, 13, 4, 1, 1]
(1, (1, 1, 0), (3, 1)): [63, 31, 20, 15, 14, 1, 3, 2]
(1, (1, 1, 0), (3, 2)): [82, 29, 16, 14, 14, 1, 2, 2]
(1, (1, 1, 1), (0, 0)): [10572, 8776, 5749, 4041, 2785, 1252, 513, 203, 84, 30, 12, 9, 4, 2, 1]
(1, (1, 1, 1), (0, 1)): [106, 73, 53, 31, 29, 9, 2, 2]
(1, (1, 1, 1), (0, 2)): [50, 28, 22, 9, 11, 3, 1]
(1, (1, 1, 1), (1, 0)): [98, 73, 66, 33, 33, 15, 9, 2, 1]
(1, (1, 1, 1), (1, 1)): [79, 56, 36, 25, 26, 8, 2, 1]
(1, (1, 1, 1), (1, 2)): [60, 22, 22, 17, 14, 6, 2, 1]
(1, (1, 1, 1), (2, 0)): [30, 29, 34, 16, 13, 8, 5, 2]
(1, (1, 1, 1), (2, 1)): [43, 36, 29, 13, 19, 3, 2, 1]
(1, (1, 1, 1), (2, 2)): [44, 21, 23, 11, 19, 5, 3, 1]
(1, (1, 1, 1), (3, 0)): [10, 13, 9, 9, 5, 6, 3]
(1, (1, 1, 1), (3, 1)): [21, 16, 5, 8, 5, 4, 2, 1]
(1, (1, 1, 1), (3, 2)): [30, 15, 7, 14, 10, 6, 2]
(2, (0, 0, 0), (0, 0)): [411816, 17703, 6047, 1901, 687, 245, 86, 33, 8, 2, 2]
(2, (0, 0, 0), (0, 1)): [3531, 146, 55, 12, 6, 2]
(2, (0, 0, 0), (0, 2)): [1170, 35, 13, 5]
(2, (0, 0, 0), (1, 0)): [3513, 222, 69, 23, 7, 3, 2]
(2, (0, 0, 0), (1, 1)): [3108, 145, 55, 12, 7, 3, 1]
(2, (0, 0, 0), (1, 2)): [1754, 58, 28, 6, 3, 1, 1]
(2, (0, 0, 0), (2, 0)): [1308, 92, 32, 12, 3, 2, 1]
(2, (0, 0, 0), (2, 1)): [1820, 96, 34, 13, 4, 2]
(2, (0, 0, 0), (2, 2)): [1492, 63, 25, 11, 3, 2]
(2, (0, 0, 0), (3, 0)): [466, 39, 20, 6, 1, 2, 1]
(2, (0, 0, 0), (3, 1)): [825, 54, 22, 7, 3, 3]
(2, (0, 0, 0), (3, 2)): [963, 54, 29, 7, 1, 3]
(2, (0, 0, 1), (0, 0)): [44805, 15211, 2712, 922, 332, 119, 42, 12, 1, 2, 0, 1]
(2, (0, 0, 1), (0, 1)): [296, 98, 20, 4, 5, 2, 1]
(2, (0, 0, 1), (0, 2)): [123, 26, 8, 1, 1]
(2, (0, 0, 1), (1, 0)): [330, 118, 27, 9, 3, 2]
(2, (0, 0, 1), (1, 1)): [245, 79, 18, 3, 4, 1, 1]
(2, (0, 0, 1), (1, 2)): [163, 39, 10, 2, 2, 0, 1]
(2, (0, 0, 1), (2, 0)): [147, 47, 12, 7, 3, 2]
(2, (0, 0, 1), (2, 1)): [150, 45, 12, 3, 4]
(2, (0, 0, 1), (2, 2)): [138, 30, 11, 3, 3, 0, 1]
(2, (0, 0, 1), (3, 0)): [76, 24, 8, 5, 0, 2]
(2, (0, 0, 1), (3, 1)): [73, 19, 6, 4, 2]
(2, (0, 0, 1), (3, 2)): [90, 23, 8, 2, 2]
(2, (0, 1, 0), (0, 0)): [112508, 26217, 6384, 2190, 709, 254, 83, 22, 6, 1, 1]
(2, (0, 1, 0), (0, 1)): [735, 148, 29, 6, 10, 1, 1]
(2, (0, 1, 0), (0, 2)): [262, 32, 7, 1, 4]
(2, (0, 1, 0), (1, 0)): [1007, 178, 78, 28, 8, 5, 1]
(2, (0, 1, 0), (1, 1)): [669, 138, 36, 8, 6, 3, 1]
(2, (0, 1, 0), (1, 2)): [381, 63, 15, 6, 5]
(2, (0, 1, 0), (2, 0)): [491, 82, 44, 22, 6, 2, 1]
(2, (0, 1, 0), (2, 1)): [424, 81, 22, 7, 3, 2]
(2, (0, 1, 0), (2, 2)): [369, 52, 14, 6, 5]
(2, (0, 1, 0), (3, 0)): [291, 39, 30, 13, 4, 0, 1]
(2, (0, 1, 0), (3, 1)): [234, 45, 19, 8, 5, 1, 1]
(2, (0, 1, 0), (3, 2)): [261, 42, 14, 3, 3, 1, 1]
(2, (0, 1, 1), (0, 0)): [27644, 2496, 6631, 1728, 654, 214, 77, 28, 11, 3, 1]
(2, (0, 1, 1), (0, 1)): [184, 14, 33, 6, 3, 1, 1, 1]
(2, (0, 1, 1), (0, 2)): [72, 3, 13, 3, 2, 0, 1]
(2, (0, 1, 1), (1, 0)): [253, 25, 52, 22, 12, 1, 1]
(2, (0, 1, 1), (1, 1)): [159, 14, 31, 9, 3, 1, 0, 1]
(2, (0, 1, 1), (1, 2)): [107, 6, 19, 5, 2, 0, 1]
(2, (0, 1, 1), (2, 0)): [136, 19, 24, 15, 9, 1, 1]
(2, (0, 1, 1), (2, 1)): [80, 11, 18, 6, 2, 1]
(2, (0, 1, 1), (2, 2)): [86, 6, 20, 4]
(2, (0, 1, 1), (3, 0)): [97, 12, 16, 9, 8, 1, 1]
(2, (0, 1, 1), (3, 1)): [42, 5, 9, 3, 0, 1]
(2, (0, 1, 1), (3, 2)): [57, 6, 19, 4, 0, 1]
(2, (1, 0, 0), (0, 0)): [239606, 18487, 10443, 3423, 1133, 367, 144, 48, 13, 4, 3]
(2, (1, 0, 0), (0, 1)): [1695, 95, 71, 24, 7, 5, 1]
(2, (1, 0, 0), (0, 2)): [573, 28, 17, 6, 3, 2, 1]
(2, (1, 0, 0), (1, 0)): [1854, 133, 100, 44, 16, 3, 3]
(2, (1, 0, 0), (1, 1)): [1366, 85, 75, 24, 4, 1]
(2, (1, 0, 0), (1, 2)): [800, 36, 29, 16, 3, 1]
(2, (1, 0, 0), (2, 0)): [651, 61, 39, 24, 11, 0, 2]
(2, (1, 0, 0), (2, 1)): [719, 55, 47, 10, 5, 1]
(2, (1, 0, 0), (2, 2)): [614, 33, 35, 7, 4, 2]
(2, (1, 0, 0), (3, 0)): [203, 29, 10, 16, 5, 0, 2]
(2, (1, 0, 0), (3, 1)): [297, 32, 26, 9, 4, 0, 2]
(2, (1, 0, 0), (3, 2)): [351, 32, 20, 5, 3, 2]
(2, (1, 0, 1), (0, 0)): [39693, 10626, 4541, 2365, 755, 272, 90, 33, 12, 2, 0, 1]
(2, (1, 0, 1), (0, 1)): [304, 61, 29, 27, 10, 2]
(2, (1, 0, 1), (0, 2)): [112, 12, 8, 10, 2]
(2, (1, 0, 1), (1, 0)): [307, 61, 34, 27, 11, 3, 1]
(2, (1, 0, 1), (1, 1)): [245, 47, 24, 17, 9, 0, 1]
(2, (1, 0, 1), (1, 2)): [144, 18, 7, 8, 2]
(2, (1, 0, 1), (2, 0)): [101, 16, 18, 14, 3, 1]
(2, (1, 0, 1), (2, 1)): [131, 27, 12, 10, 7]
(2, (1, 0, 1), (2, 2)): [97, 13, 8, 6, 3]
(2, (1, 0, 1), (3, 0)): [42, 4, 9, 7, 1]
(2, (1, 0, 1), (3, 1)): [59, 9, 7, 7, 4]
(2, (1, 0, 1), (3, 2)): [65, 12, 7, 5, 4]
(2, (1, 1, 0), (0, 0)): [87944, 13931, 7496, 4486, 1435, 505, 153, 52, 21, 8, 4, 0, 0, 1]
(2, (1, 1, 0), (0, 1)): [714, 102, 53, 34, 10, 3, 1]
(2, (1, 1, 0), (0, 2)): [262, 33, 16, 4, 1]
(2, (1, 1, 0), (1, 0)): [722, 98, 70, 58, 13, 4, 2, 1]
(2, (1, 1, 0), (1, 1)): [563, 65, 42, 36, 8, 4]
(2, (1, 1, 0), (1, 2)): [339, 41, 25, 12, 1, 2]
(2, (1, 1, 0), (2, 0)): [284, 41, 27, 27, 8, 2, 1, 1]
(2, (1, 1, 0), (2, 1)): [333, 32, 21, 23, 6, 2]
(2, (1, 1, 0), (2, 2)): [260, 36, 19, 17, 4, 2]
(2, (1, 1, 0), (3, 0)): [112, 15, 15, 13, 4, 2, 1]
(2, (1, 1, 0), (3, 1)): [153, 15, 15, 16, 1, 3, 1]
(2, (1, 1, 0), (3, 2)): [173, 17, 13, 16, 4, 1, 1]
(2, (1, 1, 1), (0, 0)): [25962, 3964, 4525, 2397, 1578, 526, 176, 62, 26, 6, 4, 0, 0, 1]
(2, (1, 1, 1), (0, 1)): [253, 26, 38, 23, 19, 1, 1, 0, 1]
(2, (1, 1, 1), (0, 2)): [122, 5, 7, 3, 3, 1, 0, 0, 1]
(2, (1, 1, 1), (1, 0)): [205, 58, 46, 39, 13, 5, 4]
(2, (1, 1, 1), (1, 1)): [175, 30, 35, 24, 15, 1, 2]
(2, (1, 1, 1), (1, 2)): [123, 10, 11, 12, 5, 1, 1]
(2, (1, 1, 1), (2, 0)): [68, 46, 16, 18, 6, 3, 3]
(2, (1, 1, 1), (2, 1)): [83, 25, 21, 15, 9, 1, 3]
(2, (1, 1, 1), (2, 2)): [86, 15, 12, 13, 6, 0, 1]
(2, (1, 1, 1), (3, 0)): [19, 35, 6, 10, 2, 2]
(2, (1, 1, 1), (3, 1)): [33, 28, 6, 9, 5, 1, 2]
(2, (1, 1, 1), (3, 2)): [49, 20, 10, 15, 6, 1, 2]
