(0, (0, 0, 0), (0, 0)): [504196, 102807, 48184, 22266, 10079, 4412, 1854, 788, 325, 157, 70, 25, 16, 4, 2]
(0, (0, 0, 0), (0, 1)): [1373, 262, 113, 43, 18, 6, 2, 4, 0, 1, 1]
(0, (0, 0, 0), (0, 2)): [560, 100, 39, 14, 4, 2, 1, 2]
(0, (0, 0, 0), (1, 0)): [1279, 261, 107, 49, 27, 18, 5, 2, 0, 2]
(0, (0, 0, 0), (1, 1)): [1063, 214, 85, 39, 15, 3, 1, 3, 0, 1, 1]
(0, (0, 0, 0), (1, 2)): [696, 131, 37, 16, 4, 2, 1, 2]
(0, (0, 0, 0), (2, 0)): [475, 106, 50, 26, 18, 12, 3, 1, 0, 1]
(0, (0, 0, 0), (2, 1)): [595, 119, 48, 24, 12, 5, 1, 1]
(0, (0, 0, 0), (2, 2)): [563, 110, 23, 12, 9, 4, 1, 1]
(0, (0, 0, 0), (3, 0)): [212, 48, 33, 18, 9, 10, 2, 1]
(0, (0, 0, 0), (3, 1)): [259, 56, 37, 15, 5, 2, 3, 1]
(0, (0, 0, 0), (3, 2)): [337, 68, 37, 14, 9, 2, 2, 1]
(0, (0, 0, 1), (0, 0)): [2419, 7974, 2223, 1055, 521, 213, 104, 57, 22, 9, 4, 1, 3]
(0, (0, 0, 1), (0, 1)): [5, 10, 3, 1, 0, 0, 2]
(0, (0, 0, 1), (1, 1)): [4, 10, 6, 0, 1, 0, 2]
(0, (0, 1, 0), (0, 0)): [16582, 17071, 6535, 3081, 1560, 701, 290, 126, 56, 33, 11, 4, 2]
(0, (0, 1, 0), (0, 1)): [44, 46, 10, 3, 2, 1]
(0, (0, 1, 0), (1, 0)): [46, 35, 11, 11, 3, 2, 1]
(0, (0, 1, 0), (1, 1)): [36, 23, 5, 3, 1, 2]
(0, (0, 1, 0), (2, 0)): [13, 21, 5, 6, 2, 0, 1]
(0, (0, 1, 0), (2, 1)): [9, 16, 3, 5, 0, 1, 1]
(0, (0, 1, 0), (2, 2)): [11, 12, 4, 5]
(0, (0, 1, 1), (0, 0)): [1481, 2674, 3533, 1593, 836, 399, 173, 76, 42, 16, 6, 3, 0, 1, 1]
(0, (1, 0, 0), (0, 0)): [112706, 40058, 24671, 12397, 5912, 2672, 1141, 496, 208, 106, 49, 16, 10, 3, 2]
(0, (1, 0, 0), (0, 1)): [288, 68, 51, 22, 14, 5, 3, 1, 1, 1]
(0, (1, 0, 0), (0, 2)): [100, 22, 17, 6, 4, 2, 1, 1, 0, 1]
(0, (1, 0, 0), (1, 0)): [223, 91, 60, 18, 8, 4, 3, 4, 2]
(0, (1, 0, 0), (1, 1)): [189, 53, 42, 15, 9, 2, 1, 1]
(0, (1, 0, 0), (1, 2)): [101, 26, 26, 3, 5, 2, 1, 1]
(0, (1, 0, 0), (2, 0)): [87, 41, 19, 9, 4, 1, 2, 3, 2]
(0, (1, 0, 0), (2, 1)): [96, 33, 18, 10, 3, 0, 1, 0, 2]
(0, (1, 0, 0), (3, 0)): [38, 17, 7, 5, 2, 1, 0, 1]
(0, (1, 0, 0), (3, 1)): [37, 14, 7, 6, 2, 1, 0, 0, 1]
(0, (1, 0, 0), (3, 2)): [40, 15, 7, 3, 1, 1, 0, 0, 1]
(0, (1, 0, 1), (0, 0)): [2655, 8295, 3688, 2447, 1339, 624, 328, 133, 61, 27, 12, 8, 3, 0, 1]
(0, (1, 0, 1), (0, 1)): [5, 17, 2, 6, 2, 1, 3, 1]
(0, (1, 0, 1), (1, 0)): [12, 23, 8, 2, 5, 5, 0, 1]
(0, (1, 0, 1), (1, 1)): [5, 13, 6, 1, 2, 3, 1]
(0, (1, 1, 0), (0, 0)): [14896, 10017, 8268, 5587, 3018, 1402, 620, 305, 119, 61, 33, 8, 5, 1]
(0, (1, 1, 0), (0, 1)): [50, 23, 18, 11, 2, 6, 1]
(0, (1, 1, 0), (1, 0)): [30, 22, 17, 16, 6, 5, 4, 2, 1]
(0, (1, 1, 0), (1, 1)): [29, 20, 12, 9, 1, 7, 1, 0, 1]
(0, (1, 1, 0), (2, 0)): [12, 4, 8, 7, 5, 1, 2, 2]
(0, (1, 1, 0), (3, 0)): [5, 2, 5, 4, 1, 0, 0, 2]
(0, (1, 1, 0), (3, 1)): [5, 2, 3, 3, 3, 2, 1, 1]
(0, (1, 1, 0), (3, 2)): [8, 2, 4, 3, 2, 1, 0, 1]
(0, (1, 1, 1), (0, 0)): [1549, 2842, 2479, 2031, 1583, 795, 367, 183, 83, 42, 23, 6, 1, 1, 1]
(1, (0, 0, 0), (0, 0)): [399278, 43332, 17984, 7142, 2847, 1145, 442, 183, 69, 23, 11, 6, 2, 1]
(1, (0, 0, 0), (0, 1)): [1116, 115, 35, 10, 7, 0, 0, 1]
(1, (0, 0, 0), (0, 2)): [461, 31, 14, 6, 3, 0, 0, 1]
(1, (0, 0, 0), (1, 0)): [985, 111, 48, 13, 3, 3, 0, 1]
(1, (0, 0, 0), (1, 1)): [867, 93, 34, 11, 4, 1]
(1, (0, 0, 0), (1, 2)): [548, 52, 17, 10, 3, 1]
(1, (0, 0, 0), (2, 0)): [328, 46, 23, 4, 1, 1]
(1, (0, 0, 0), (2, 1)): [445, 50, 28, 6, 3]
(1, (0, 0, 0), (2, 2)): [438, 41, 21, 9, 3, 1]
(1, (0, 0, 0), (3, 1)): [179, 33, 13, 1, 1]
(1, (0, 0, 0), (3, 2)): [249, 32, 20, 4, 0, 1]
(1, (0, 0, 1), (0, 0)): [13049, 20598, 4030, 1678, 726, 286, 123, 62, 23, 9, 6, 4, 3, 1]
(1, (0, 0, 1), (0, 1)): [29, 48, 7, 2, 1]
(1, (0, 0, 1), (0, 2)): [13, 22, 1]
(1, (0, 0, 1), (1, 0)): [33, 34, 10, 3, 3]
(1, (0, 0, 1), (1, 2)): [16, 20, 4, 1]
(1, (0, 0, 1), (2, 0)): [13, 13, 6, 2, 2]
(1, (0, 0, 1), (3, 0)): [7, 10, 5, 2, 1]
(1, (0, 0, 1), (3, 1)): [6, 8, 1, 0, 2]
(1, (0, 0, 1), (3, 2)): [8, 8, 1]
(1, (0, 1, 0), (0, 0)): [58801, 29165, 9890, 4089, 1680, 712, 254, 112, 33, 22, 6, 5, 3]
(1, (0, 1, 0), (0, 1)): [152, 57, 15, 7, 1, 1, 1, 1]
(1, (0, 1, 0), (0, 2)): [57, 21, 5, 0, 0, 1, 1]
(1, (0, 1, 0), (1, 0)): [174, 79, 25, 12, 9, 2]
(1, (0, 1, 0), (1, 1)): [140, 49, 10, 9, 4, 1, 0, 1]
(1, (0, 1, 0), (1, 2)): [93, 29, 9, 1, 1]
(1, (0, 1, 0), (2, 0)): [70, 25, 13, 6, 5, 1]
(1, (0, 1, 0), (2, 1)): [60, 26, 6, 9, 2, 2, 0, 1]
(1, (0, 1, 0), (2, 2)): [62, 20, 8, 5, 2, 1]
(1, (0, 1, 0), (3, 0)): [40, 14, 5, 3, 5]
(1, (0, 1, 0), (3, 1)): [33, 15, 3, 5, 4, 1]
(1, (0, 1, 0), (3, 2)): [44, 7, 6, 6, 0, 1]
(1, (0, 1, 1), (0, 0)): [10016, 8683, 8799, 3414, 1588, 642, 249, 100, 53, 17, 8, 4, 1, 1]
(1, (0, 1, 1), (1, 0)): [36, 15, 15, 9, 8, 4, 2, 1]
(1, (0, 1, 1), (1, 1)): [18, 7, 16, 4, 2, 0, 1]
(1, (0, 1, 1), (1, 2)): [19, 3, 8, 2, 0, 0, 1]
(1, (0, 1, 1), (2, 0)): [21, 13, 6, 5, 5, 4, 1, 1]
(1, (0, 1, 1), (3, 0)): [15, 9, 3, 3, 5, 4, 1, 1]
(1, (1, 0, 0), (0, 0)): [163621, 31239, 18655, 8141, 3268, 1377, 512, 202, 88, 36, 16, 11, 2, 2]
(1, (1, 0, 0), (0, 1)): [430, 57, 46, 18, 7, 3, 2]
(1, (1, 0, 0), (0, 2)): [168, 24, 22, 5, 1]
(1, (1, 0, 0), (1, 0)): [394, 80, 62, 24, 5, 4, 0, 1]
(1, (1, 0, 0), (1, 1)): [313, 50, 31, 15, 3, 4, 1, 1]
(1, (1, 0, 0), (1, 2)): [209, 25, 17, 6, 2, 0, 1]
(1, (1, 0, 0), (2, 0)): [135, 31, 31, 12, 3, 1]
(1, (1, 0, 0), (2, 2)): [138, 19, 19, 6, 2, 1]
(1, (1, 0, 0), (3, 0)): [55, 16, 11, 7, 3]
(1, (1, 0, 0), (3, 1)): [61, 19, 11, 7, 0, 1, 0, 1]
(1, (1, 0, 1), (0, 0)): [12946, 16693, 5805, 3651, 1537, 670, 248, 97, 36, 27, 10, 2]
(1, (1, 0, 1), (1, 0)): [30, 45, 7, 11, 4, 4, 0, 1]
(1, (1, 0, 1), (2, 0)): [13, 16, 3, 3, 3, 2]
(1, (1, 0, 1), (3, 0)): [6, 7, 2, 0, 2, 1]
(1, (1, 0, 1), (3, 1)): [3, 8, 1, 2, 2]
(1, (1, 0, 1), (3, 2)): [4, 11, 3, 3, 3, 1]
(1, (1, 1, 0), (0, 0)): [42471, 13587, 9921, 6491, 2852, 1226, 477, 188, 73, 30, 10, 6, 1, 3]
(1, (1, 1, 0), (0, 1)): [105, 29, 23, 16, 7, 3, 1]
(1, (1, 1, 0), (0, 2)): [43, 16, 6, 7, 3]
(1, (1, 1, 0), (1, 0)): [97, 26, 26, 25, 12, 2]
(1, (1, 1, 0), (1, 1)): [85, 16, 17, 15, 3, 1, 1]
(1, (1, 1, 0), (1, 2)): [52, 8, 8, 8, 3]
(1, (1, 1, 0), (2, 0)): [31, 9, 10, 8, 8, 1]
(1, (1, 1, 0), (2, 1)): [44, 16, 5, 8, 3, 1, 1]
(1, (1, 1, 0), (2, 2)): [42, 8, 6, 6, 2]
(1, (1, 1, 0), (3, 1)): [14, 7, 6, 2, 2, 0, 1]
(1, (1, 1, 1), (0, 0)): [8474, 7058, 4641, 3317, 2241, 1003, 414, 165, 66, 26, 11, 5, 1, 1]
(1, (1, 1, 1), (0, 1)): [27, 21, 13, 10, 3, 3, 0, 1]
(1, (1, 1, 1), (1, 0)): [21, 14, 18, 8, 11, 4, 3, 1]
(1, (1, 1, 1), (2, 0)): [5, 5, 11, 3, 6, 2, 1, 1]
(1, (1, 1, 1), (2, 1)): [9, 7, 9, 4, 5, 1, 1]
(1, (1, 1, 1), (2, 2)): [7, 6, 6, 3, 3, 2, 2, 1]
(2, (0, 0, 0), (0, 0)): [342799, 14649, 4978, 1554, 553, 204, 70, 29, 6, 1, 2]
(2, (0, 0, 0), (0, 1)): [987, 48, 11, 4, 1]
(2, (0, 0, 0), (0, 2)): [361, 12, 3, 3]
(2, (0, 0, 0), (1, 0)): [1002, 65, 21, 8, 3]
(2, (0, 0, 0), (1, 1)): [859, 44, 14, 3, 2]
(2, (0, 0, 0), (1, 2)): [497, 15, 9, 2, 1]
(2, (0, 0, 0), (2, 0)): [377, 25, 10, 5, 1]
(2, (0, 0, 0), (2, 1)): [517, 29, 8, 5, 1]
(2, (0, 0, 0), (2, 2)): [437, 19, 10, 6, 1]
(2, (0, 0, 0), (3, 0)): [129, 12, 7, 2, 1]
(2, (0, 0, 0), (3, 1)): [228, 17, 5, 0, 1]
(2, (0, 0, 0), (3, 2)): [300, 20, 10, 2, 1]
(2, (0, 0, 1), (0, 0)): [39279, 13369, 2366, 797, 275, 103, 39, 11, 1, 2, 0, 1]
(2, (0, 0, 1), (0, 1)): [94, 33, 8]
(2, (0, 0, 1), (0, 2)): [45, 12, 5]
(2, (0, 0, 1), (1, 0)): [85, 32, 6, 0, 0, 1]
(2, (0, 0, 1), (1, 2)): [55, 15, 5]
(2, (0, 1, 0), (0, 0)): [95867, 22571, 5456, 1837, 592, 211, 73, 21, 6, 1]
(2, (0, 1, 0), (0, 1)): [215, 43, 7, 2, 4]
(2, (0, 1, 0), (0, 2)): [87, 7, 1, 1, 2]
(2, (0, 1, 0), (1, 0)): [273, 43, 18, 6, 1, 1]
(2, (0, 1, 0), (1, 1)): [189, 42, 8, 0, 2]
(2, (0, 1, 0), (1, 2)): [118, 17, 5, 1, 4]
(2, (0, 1, 0), (2, 1)): [121, 22, 6, 2, 0, 1]
(2, (0, 1, 0), (2, 2)): [117, 15, 6, 1, 3]
(2, (0, 1, 0), (3, 1)): [64, 14, 2, 1, 1, 1]
(2, (0, 1, 0), (3, 2)): [86, 12, 7, 0, 1, 1]
(2, (0, 1, 1), (0, 0)): [23908, 2138, 5787, 1505, 561, 197, 63, 20, 10, 3, 1]
(2, (0, 1, 1), (0, 1)): [58, 6, 14, 2, 2]
(2, (0, 1, 1), (1, 0)): [80, 6, 19, 7, 2, 1]
(2, (0, 1, 1), (2, 0)): [45, 3, 9, 5, 1, 1]
(2, (0, 1, 1), (3, 0)): [39, 1, 7, 3, 1, 1]
(2, (1, 0, 0), (0, 0)): [200601, 15643, 8587, 2830, 945, 310, 119, 43, 11, 2, 3]
(2, (1, 0, 0), (0, 1)): [468, 20, 18, 7, 2, 1]
(2, (1, 0, 0), (0, 2)): [167, 8, 4, 0, 1, 1]
(2, (1, 0, 0), (1, 0)): [487, 23, 22, 9, 3, 1]
(2, (1, 0, 0), (1, 1)): [373, 14, 16, 9, 1]
(2, (1, 0, 0), (1, 2)): [210, 9, 9, 4, 1]
(2, (1, 0, 0), (2, 0)): [172, 13, 6, 6, 1]
(2, (1, 0, 0), (2, 1)): [173, 11, 6, 0, 1]
(2, (1, 0, 0), (2, 2)): [156, 11, 11, 1, 1]
(2, (1, 0, 0), (3, 2)): [81, 10, 4, 1, 1]
(2, (1, 0, 1), (0, 0)): [33953, 9202, 3969, 2019, 642, 242, 77, 32, 11, 2, 0, 1]
(2, (1, 0, 1), (0, 1)): [73, 16, 8, 8, 1, 1]
(2, (1, 1, 0), (0, 0)): [70484, 11151, 6091, 3596, 1136, 414, 127, 43, 18, 6, 4, 0, 0, 1]
(2, (1, 1, 0), (0, 1)): [180, 23, 16, 6, 5]
(2, (1, 1, 0), (1, 0)): [166, 21, 13, 15, 2, 2, 0, 1]
(2, (1, 1, 0), (1, 1)): [118, 18, 6, 5, 2]
(2, (1, 1, 0), (2, 0)): [72, 7, 7, 9, 1, 1, 0, 1]
(2, (1, 1, 0), (3, 0)): [36, 2, 5, 5, 1, 1]
(2, (1, 1, 0), (3, 1)): [32, 1, 4, 5]
(2, (1, 1, 1), (0, 0)): [20899, 3171, 3659, 1954, 1283, 439, 146, 52, 22, 5, 4, 0, 0, 1]
(2, (1, 1, 1), (0, 1)): [70, 9, 12, 6, 2, 1]
(2, (1, 1, 1), (1, 1)): [36, 6, 12, 6]
(2, (1, 1, 1), (1, 2)): [32, 3, 4, 2, 0, 1]
