(0, (0, 0, 0)): [1081344, 214319, 99239, 45230, 20226, 8682, 3598, 1512, 608, 275, 122, 54, 26, 8, 3, 1, 0, 1]
(0, (0, 0, 1)): [4751, 14121, 3830, 1837, 884, 375, 167, 85, 33, 19, 6, 1, 3, 1]
(0, (0, 1, 0)): [36216, 33806, 13081, 6185, 3033, 1313, 546, 228, 97, 56, 20, 5, 3, 2, 1]
(0, (0, 1, 1)): [3230, 5343, 6588, 3042, 1632, 738, 325, 155, 76, 33, 10, 6, 1, 2, 1, 0, 0, 1]
(0, (1, 0, 0)): [235133, 78193, 49387, 24397, 11642, 5227, 2210, 963, 399, 176, 83, 35, 16, 4, 2, 1, 0, 1]
(0, (1, 0, 1)): [5534, 16632, 6871, 4663, 2520, 1145, 561, 230, 107, 47, 23, 12, 5, 1, 1, 0, 0, 1]
(0, (1, 1, 0)): [31940, 20353, 15763, 11089, 5888, 2789, 1206, 590, 226, 103, 51, 21, 7, 1]
(0, (1, 1, 1)): [3245, 5940, 4949, 3807, 2986, 1495, 710, 364, 152, 69, 36, 13, 3, 1, 1]
(1, (0, 0, 0)): [869343, 93464, 38383, 15201, 5964, 2280, 877, 342, 128, 50, 23, 13, 6, 2, 0, 1]
(1, (0, 0, 1)): [24629, 35635, 6960, 2936, 1253, 515, 196, 84, 37, 13, 6, 4, 4, 1]
(1, (0, 1, 0)): [117461, 53639, 19033, 7992, 3241, 1285, 437, 206, 58, 30, 18, 7, 7, 2, 1]
(1, (0, 1, 1)): [19729, 15838, 14979, 5925, 2975, 1175, 468, 187, 86, 24, 9, 6, 1, 2, 0, 1]
(1, (1, 0, 0)): [339370, 60506, 38046, 16316, 6616, 2629, 1025, 383, 167, 68, 26, 19, 4, 2, 0, 2]
(1, (1, 0, 1)): [26803, 31958, 10468, 6801, 2934, 1199, 456, 188, 64, 44, 13, 4, 0, 1]
(1, (1, 1, 0)): [91570, 28430, 19441, 13529, 5763, 2408, 937, 386, 154, 60, 22, 12, 6, 4, 1]
(1, (1, 1, 1)): [18966, 14922, 9678, 6481, 4639, 1986, 808, 318, 123, 44, 17, 14, 6, 2, 1, 1]
(2, (0, 0, 0)): [751362, 33278, 11209, 3567, 1211, 391, 142, 43, 9, 3, 5, 0, 1]
(2, (0, 0, 1)): [71038, 22806, 4295, 1469, 526, 176, 52, 15, 3, 2, 0, 1]
(2, (0, 1, 0)): [187821, 41275, 10701, 3719, 1199, 403, 129, 35, 8, 4, 4, 0, 1]
(2, (0, 1, 1)): [44232, 3914, 9984, 2662, 1036, 336, 116, 40, 15, 4, 3, 1, 0, 1]
(2, (1, 0, 0)): [413289, 30012, 18752, 5993, 1925, 615, 250, 68, 17, 8, 6, 0, 1]
(2, (1, 0, 1)): [68271, 17096, 6872, 3933, 1278, 428, 155, 48, 19, 6, 0, 2, 1]
(2, (1, 1, 0)): [157322, 24310, 12426, 8135, 2548, 863, 274, 91, 37, 15, 7, 1, 2, 1]
(2, (1, 1, 1)): [46028, 6795, 7685, 3892, 2720, 888, 296, 104, 39, 7, 6, 0, 1, 1]
