(0, (0, 0, 0), (0, 0)): [27265, 5008, 2196, 960, 427, 171, 80, 26, 9, 3, 3]
(0, (0, 0, 0), (0, 1)): [283, 46, 16, 8, 1, 1, 1, 1]
(0, (0, 0, 0), (0, 2)): [117, 19, 8, 2, 1]
(0, (0, 0, 0), (1, 0)): [323, 58, 29, 17, 3, 0, 2]
(0, (0, 0, 0), (1, 1)): [242, 38, 16, 5, 0, 0, 2, 1]
(0, (0, 0, 0), (1, 2)): [175, 31, 8, 3, 1]
(0, (0, 0, 0), (2, 0)): [126, 35, 13, 11, 3, 0, 1]
(0, (0, 0, 0), (2, 1)): [131, 31, 12, 2, 2, 0, 3, 1]
(0, (0, 0, 0), (2, 2)): [127, 24, 9, 3, 1, 0, 1]
(0, (0, 0, 0), (3, 0)): [44, 10, 5, 5, 1]
(0, (0, 0, 0), (3, 1)): [61, 17, 5, 1, 1, 0, 1, 1]
(0, (0, 0, 0), (3, 2)): [80, 16, 6, 3, 2, 0, 1, 1]
(0, (0, 0, 1), (0, 0)): [93, 283, 64, 30, 19, 5]
(0, (0, 0, 1), (0, 1)): [1, 3, 0, 1]
(0, (0, 0, 1), (0, 2)): [1, 3]
(0, (0, 0, 1), (1, 0)): [1, 3, 0, 1]
(0, (0, 0, 1), (1, 1)): [1, 3, 0, 1]
(0, (0, 0, 1), (1, 2)): [1, 2]
(0, (0, 0, 1), (2, 0)): [0, 0, 0, 1]
(0, (0, 0, 1), (2, 1)): [0, 1, 0, 1]
(0, (0, 0, 1), (2, 2)): [0, 1]
(0, (0, 0, 1), (3, 1)): [0, 0, 0, 1]
(0, (0, 0, 1), (3, 2)): [0, 0, 0, 1]
(0, (0, 1, 0), (0, 0)): [949, 778, 274, 128, 52, 15, 11, 4]
(0, (0, 1, 0), (0, 1)): [8, 13, 4, 2]
(0, (0, 1, 0), (0, 2)): [5, 4, 3, 1]
(0, (0, 1, 0), (1, 0)): [9, 15, 4, 2, 0, 1, 1]
(0, (0, 1, 0), (1, 1)): [4, 10, 3, 2]
(0, (0, 1, 0), (1, 2)): [5, 7, 2, 1]
(0, (0, 1, 0), (2, 0)): [6, 8, 2, 0, 0, 0, 1]
(0, (0, 1, 0), (2, 1)): [4, 4, 3, 1]
(0, (0, 1, 0), (2, 2)): [3, 4, 1]
(0, (0, 1, 0), (3, 0)): [2, 5, 1, 0, 0, 0, 1]
(0, (0, 1, 0), (3, 1)): [4, 2, 2, 1]
(0, (0, 1, 0), (3, 2)): [3, 2]
(0, (0, 1, 1), (0, 0)): [73, 122, 152, 69, 33, 12, 5, 3, 2, 0, 1]
(0, (0, 1, 1), (0, 1)): [1, 2, 3, 0, 1]
(0, (0, 1, 1), (0, 2)): [1, 0, 0, 0, 1]
(0, (0, 1, 1), (1, 0)): [1, 3, 2]
(0, (0, 1, 1), (1, 1)): [0, 3, 4]
(0, (0, 1, 1), (1, 2)): [0, 0, 2, 0, 1]
(0, (0, 1, 1), (2, 1)): [0, 1, 2]
(0, (0, 1, 1), (2, 2)): [0, 0, 1]
(0, (0, 1, 1), (3, 1)): [0, 0, 1]
(0, (0, 1, 1), (3, 2)): [0, 0, 1]
(0, (1, 0, 0), (0, 0)): [5700, 1726, 1038, 514, 242, 111, 51, 13, 5, 3, 3]
(0, (1, 0, 0), (0, 1)): [64, 18, 15, 5, 1]
(0, (1, 0, 0), (0, 2)): [26, 9, 6]
(0, (1, 0, 0), (1, 0)): [62, 16, 13, 10, 1, 1, 1]
(0, (1, 0, 0), (1, 1)): [49, 12, 9, 9, 1]
(0, (1, 0, 0), (1, 2)): [34, 6, 7, 2]
(0, (1, 0, 0), (2, 0)): [20, 3, 6, 3, 1, 1, 1]
(0, (1, 0, 0), (2, 1)): [20, 4, 7, 3, 1]
(0, (1, 0, 0), (2, 2)): [23, 3, 4, 1]
(0, (1, 0, 0), (3, 0)): [8, 1, 2, 1, 1]
(0, (1, 0, 0), (3, 1)): [5, 1, 5, 3]
(0, (1, 0, 0), (3, 2)): [6, 2, 6]
(0, (1, 0, 1), (0, 0)): [138, 369, 136, 92, 59, 21, 9, 2, 0, 1]
(0, (1, 0, 1), (0, 1)): [0, 2, 2, 2, 2]
(0, (1, 0, 1), (0, 2)): [0, 0, 1, 1]
(0, (1, 0, 1), (1, 0)): [4, 5, 3, 2, 1]
(0, (1, 0, 1), (1, 1)): [0, 3, 2, 0, 3]
(0, (1, 0, 1), (1, 2)): [0, 1]
(0, (1, 0, 1), (2, 0)): [4, 2, 0, 1]
(0, (1, 0, 1), (2, 1)): [2, 1, 1]
(0, (1, 0, 1), (2, 2)): [0, 0, 1]
(0, (1, 0, 1), (3, 0)): [2, 1]
(0, (1, 0, 1), (3, 1)): [4, 1]
(0, (1, 0, 1), (3, 2)): [2]
(0, (1, 1, 0), (0, 0)): [780, 468, 292, 257, 118, 56, 33, 11, 4, 3, 1]
(0, (1, 1, 0), (0, 1)): [9, 4, 3, 3, 2, 0, 1]
(0, (1, 1, 0), (0, 2)): [6, 1, 2, 0, 1]
(0, (1, 1, 0), (1, 0)): [4, 7, 2, 3, 1]
(0, (1, 1, 0), (1, 1)): [5, 4, 3, 3, 1, 0, 1]
(0, (1, 1, 0), (1, 2)): [4, 2, 1, 2, 1]
(0, (1, 1, 0), (2, 0)): [1, 1, 0, 1]
(0, (1, 1, 0), (2, 1)): [0, 1, 0, 2, 1, 0, 1]
(0, (1, 1, 0), (2, 2)): [0, 0, 0, 2]
(0, (1, 1, 0), (3, 1)): [0, 1, 0, 0, 0, 0, 1]
(0, (1, 1, 0), (3, 2)): [0, 0, 0, 2]
(0, (1, 1, 1), (0, 0)): [74, 133, 105, 94, 55, 34, 19, 7, 3, 3]
(0, (1, 1, 1), (0, 1)): [1, 1, 2, 2]
(0, (1, 1, 1), (0, 2)): [1, 0, 2, 1]
(0, (1, 1, 1), (1, 0)): [0, 1, 2, 2]
(0, (1, 1, 1), (1, 1)): [0, 1, 2, 1]
(0, (1, 1, 1), (1, 2)): [0, 0, 4, 1]
(0, (1, 1, 1), (2, 0)): [0, 0, 0, 1]
(0, (1, 1, 1), (2, 1)): [0, 1]
(0, (1, 1, 1), (2, 2)): [0, 0, 1]
(0, (1, 1, 1), (3, 0)): [0, 0, 0, 1]
(0, (1, 1, 1), (3, 1)): [0, 1]
(0, (1, 1, 1), (3, 2)): [0, 0, 1]
(1, (0, 0, 0), (0, 0)): [22249, 2288, 914, 341, 125, 45, 20, 7, 3]
(1, (0, 0, 0), (0, 1)): [224, 21, 13]
(1, (0, 0, 0), (0, 2)): [96, 4, 3]
(1, (0, 0, 0), (1, 0)): [268, 25, 12, 6, 0, 0, 1]
(1, (0, 0, 0), (1, 1)): [177, 20, 7, 1, 0, 0, 1]
(1, (0, 0, 0), (1, 2)): [122, 12, 5, 1, 0, 0, 1]
(1, (0, 0, 0), (2, 0)): [123, 14, 6, 3]
(1, (0, 0, 0), (2, 1)): [130, 10, 7, 1]
(1, (0, 0, 0), (2, 2)): [115, 10, 7, 1, 0, 0, 1]
(1, (0, 0, 0), (3, 0)): [44, 8, 2, 2]
(1, (0, 0, 0), (3, 1)): [64, 10, 3, 1]
(1, (0, 0, 0), (3, 2)): [79, 8, 6, 2, 0, 0, 1]
(1, (0, 0, 1), (0, 0)): [528, 668, 113, 57, 22, 7, 0, 1]
(1, (0, 0, 1), (0, 1)): [12, 5, 1]
(1, (0, 0, 1), (0, 2)): [5, 2]
(1, (0, 0, 1), (1, 0)): [8, 8, 3, 1]
(1, (0, 0, 1), (1, 1)): [9, 4, 1, 1]
(1, (0, 0, 1), (1, 2)): [5, 2]
(1, (0, 0, 1), (2, 0)): [4, 4, 2]
(1, (0, 0, 1), (2, 1)): [4, 3, 1, 1]
(1, (0, 0, 1), (2, 2)): [6, 2, 0, 1]
(1, (0, 0, 1), (3, 0)): [2, 1, 2]
(1, (0, 0, 1), (3, 1)): [2, 0, 1]
(1, (0, 0, 1), (3, 2)): [5, 2, 1]
(1, (0, 1, 0), (0, 0)): [2831, 1151, 411, 151, 56, 17, 8, 5]
(1, (0, 1, 0), (0, 1)): [35, 15, 3, 2]
(1, (0, 1, 0), (0, 2)): [15, 7, 1]
(1, (0, 1, 0), (1, 0)): [43, 21, 9, 0, 0, 0, 1]
(1, (0, 1, 0), (1, 1)): [30, 15, 6, 1]
(1, (0, 1, 0), (1, 2)): [22, 13, 4]
(1, (0, 1, 0), (2, 0)): [21, 9, 4, 0, 0, 0, 1]
(1, (0, 1, 0), (2, 1)): [20, 6, 2, 1]
(1, (0, 1, 0), (2, 2)): [24, 8, 0, 1]
(1, (0, 1, 0), (3, 0)): [10, 4, 3, 0, 0, 0, 1]
(1, (0, 1, 0), (3, 1)): [8, 4, 2]
(1, (0, 1, 0), (3, 2)): [14, 6, 1, 1]
(1, (0, 1, 1), (0, 0)): [468, 307, 249, 91, 58, 18, 9, 3, 1, 1]
(1, (0, 1, 1), (0, 1)): [4, 1, 1, 1]
(1, (0, 1, 1), (0, 2)): [1]
(1, (0, 1, 1), (1, 0)): [10, 8, 5, 1, 3]
(1, (0, 1, 1), (1, 1)): [3, 2, 2, 1, 1]
(1, (0, 1, 1), (1, 2)): [2, 1, 2, 0, 1]
(1, (0, 1, 1), (2, 0)): [9, 6, 3, 0, 2]
(1, (0, 1, 1), (2, 1)): [4, 0, 2, 0, 1]
(1, (0, 1, 1), (2, 2)): [0, 1, 0, 0, 2]
(1, (0, 1, 1), (3, 0)): [6, 6, 1, 0, 1]
(1, (0, 1, 1), (3, 1)): [2, 1]
(1, (0, 1, 1), (3, 2)): [0, 1]
(1, (1, 0, 0), (0, 0)): [8184, 1302, 802, 338, 131, 60, 20, 2, 3, 0, 1]
(1, (1, 0, 0), (0, 1)): [92, 12, 8, 3]
(1, (1, 0, 0), (0, 2)): [34, 3, 2, 2]
(1, (1, 0, 0), (1, 0)): [89, 17, 13, 7, 1]
(1, (1, 0, 0), (1, 1)): [75, 15, 11, 7]
(1, (1, 0, 0), (1, 2)): [48, 8, 5, 7]
(1, (1, 0, 0), (2, 0)): [31, 8, 5, 1, 1]
(1, (1, 0, 0), (2, 1)): [36, 3, 3, 2]
(1, (1, 0, 0), (2, 2)): [41, 4, 5, 1]
(1, (1, 0, 0), (3, 0)): [11, 3, 4, 0, 1]
(1, (1, 0, 0), (3, 1)): [19, 4, 3, 1, 1]
(1, (1, 0, 0), (3, 2)): [22, 1, 6, 2, 1]
(1, (1, 0, 1), (0, 0)): [691, 634, 232, 134, 65, 25, 9, 4, 1]
(1, (1, 0, 1), (0, 1)): [8, 6, 0, 1, 0, 0, 0, 1]
(1, (1, 0, 1), (0, 2)): [5, 2, 0, 0, 0, 0, 0, 1]
(1, (1, 0, 1), (1, 0)): [7, 7, 6, 3]
(1, (1, 0, 1), (1, 1)): [5, 5, 5, 2]
(1, (1, 0, 1), (1, 2)): [5, 2, 2]
(1, (1, 0, 1), (2, 0)): [3, 2, 1, 2]
(1, (1, 0, 1), (2, 1)): [3, 3, 3, 1]
(1, (1, 0, 1), (2, 2)): [5]
(1, (1, 0, 1), (3, 0)): [1, 1, 1]
(1, (1, 0, 1), (3, 1)): [3, 3, 2]
(1, (1, 0, 1), (3, 2)): [2, 2]
(1, (1, 1, 0), (0, 0)): [2300, 698, 404, 282, 110, 46, 19, 6, 2, 0, 2]
(1, (1, 1, 0), (0, 1)): [42, 8, 3, 2]
(1, (1, 1, 0), (0, 2)): [18, 2, 0, 1]
(1, (1, 1, 0), (1, 0)): [24, 9, 8, 5, 0, 1, 1]
(1, (1, 1, 0), (1, 1)): [25, 5, 5, 2]
(1, (1, 1, 0), (1, 2)): [27, 4, 2, 3]
(1, (1, 1, 0), (2, 0)): [5, 6, 2, 2, 0, 1, 1]
(1, (1, 1, 0), (2, 1)): [8, 5, 3]
(1, (1, 1, 0), (2, 2)): [17, 3, 3, 1]
(1, (1, 1, 0), (3, 0)): [0, 4, 0, 1, 0, 1, 1]
(1, (1, 1, 0), (3, 1)): [0, 3, 1, 0, 0, 1, 1]
(1, (1, 1, 0), (3, 2)): [4, 1, 1, 0, 0, 1, 1]
(1, (1, 1, 1), (0, 0)): [470, 361, 232, 119, 92, 41, 23, 6, 2, 0, 1]
(1, (1, 1, 1), (0, 1)): [4, 3, 3, 1, 1]
(1, (1, 1, 1), (0, 2)): [3, 1, 1, 0, 1]
(1, (1, 1, 1), (1, 0)): [6, 6, 3, 1, 0, 1]
(1, (1, 1, 1), (1, 1)): [5, 4, 2, 2]
(1, (1, 1, 1), (1, 2)): [4, 1, 2, 1]
(1, (1, 1, 1), (2, 0)): [2, 1]
(1, (1, 1, 1), (2, 1)): [2, 0, 1]
(1, (1, 1, 1), (2, 2)): [3, 1, 2]
(1, (1, 1, 1), (3, 0)): [0, 1]
(1, (1, 1, 1), (3, 1)): [0, 1]
(1, (1, 1, 1), (3, 2)): [1, 1]
(2, (0, 0, 0), (0, 0)): [19236, 806, 272, 76, 33, 10, 4, 1]
(2, (0, 0, 0), (0, 1)): [146, 7, 4, 0, 0, 0, 1]
(2, (0, 0, 0), (0, 2)): [64, 4]
(2, (0, 0, 0), (1, 0)): [255, 14, 6, 1]
(2, (0, 0, 0), (1, 1)): [157, 7, 3, 1]
(2, (0, 0, 0), (1, 2)): [112, 3, 0, 1]
(2, (0, 0, 0), (2, 0)): [125, 8, 4]
(2, (0, 0, 0), (2, 1)): [111, 8, 3]
(2, (0, 0, 0), (2, 2)): [98, 4, 2]
(2, (0, 0, 0), (3, 0)): [48, 1, 1]
(2, (0, 0, 0), (3, 1)): [55, 2, 1]
(2, (0, 0, 0), (3, 2)): [75, 4]
(2, (0, 0, 1), (0, 0)): [1513, 391, 84, 25, 12]
(2, (0, 0, 1), (0, 1)): [19, 3]
(2, (0, 0, 1), (0, 2)): [10, 1]
(2, (0, 0, 1), (1, 0)): [26, 11, 3, 2]
(2, (0, 0, 1), (1, 1)): [19, 3, 1]
(2, (0, 0, 1), (1, 2)): [10, 2]
(2, (0, 0, 1), (2, 0)): [11, 6, 1, 1]
(2, (0, 0, 1), (2, 1)): [10, 5, 1]
(2, (0, 0, 1), (2, 2)): [11, 2, 1]
(2, (0, 0, 1), (3, 0)): [8, 2]
(2, (0, 0, 1), (3, 1)): [7, 2]
(2, (0, 0, 1), (3, 2)): [2, 4, 1]
(2, (0, 1, 0), (0, 0)): [4272, 888, 219, 69, 28, 9, 4, 1, 1]
(2, (0, 1, 0), (0, 1)): [60, 6, 3]
(2, (0, 1, 0), (0, 2)): [27, 1, 1]
(2, (0, 1, 0), (1, 0)): [78, 15, 3, 1]
(2, (0, 1, 0), (1, 1)): [53, 9, 2, 1]
(2, (0, 1, 0), (1, 2)): [48, 3, 0, 1]
(2, (0, 1, 0), (2, 0)): [40, 7, 2]
(2, (0, 1, 0), (2, 1)): [27, 6, 2]
(2, (0, 1, 0), (2, 2)): [26, 6]
(2, (0, 1, 0), (3, 0)): [24, 3, 1]
(2, (0, 1, 0), (3, 1)): [18, 2, 2]
(2, (0, 1, 0), (3, 2)): [23, 3]
(2, (0, 1, 1), (0, 0)): [963, 80, 170, 46, 25, 6, 2, 1, 2]
(2, (0, 1, 1), (0, 1)): [14, 0, 1]
(2, (0, 1, 1), (0, 2)): [8]
(2, (0, 1, 1), (1, 0)): [17, 0, 2, 0, 1, 1]
(2, (0, 1, 1), (1, 1)): [11, 0, 2]
(2, (0, 1, 1), (1, 2)): [11, 0, 1]
(2, (0, 1, 1), (2, 0)): [8, 0, 1, 0, 1, 1]
(2, (0, 1, 1), (2, 1)): [9, 0, 1]
(2, (0, 1, 1), (2, 2)): [15]
(2, (0, 1, 1), (3, 0)): [2, 0, 1, 0, 1, 1]
(2, (0, 1, 1), (3, 1)): [5]
(2, (0, 1, 1), (3, 2)): [8]
(2, (1, 0, 0), (0, 0)): [9589, 626, 438, 134, 46, 14, 7, 1, 1]
(2, (1, 0, 0), (0, 1)): [89, 6, 7, 1]
(2, (1, 0, 0), (0, 2)): [29, 1, 2]
(2, (1, 0, 0), (1, 0)): [126, 6, 5, 5, 0, 0, 1]
(2, (1, 0, 0), (1, 1)): [102, 7, 3, 1]
(2, (1, 0, 0), (1, 2)): [61, 3, 3]
(2, (1, 0, 0), (2, 0)): [41, 2, 1, 1, 0, 0, 1]
(2, (1, 0, 0), (2, 1)): [46, 3, 0, 1]
(2, (1, 0, 0), (2, 2)): [46, 2, 2]
(2, (1, 0, 0), (3, 0)): [18, 1, 1, 1, 0, 0, 1]
(2, (1, 0, 0), (3, 1)): [25, 1, 0, 1]
(2, (1, 0, 0), (3, 2)): [31, 1, 1]
(2, (1, 0, 1), (0, 0)): [1777, 329, 135, 67, 33, 7, 4, 1]
(2, (1, 0, 1), (0, 1)): [22, 1]
(2, (1, 0, 1), (0, 2)): [8]
(2, (1, 0, 1), (1, 0)): [20, 1, 1, 1]
(2, (1, 0, 1), (1, 1)): [17, 1]
(2, (1, 0, 1), (1, 2)): [15, 1]
(2, (1, 0, 1), (2, 0)): [6, 1, 0, 1]
(2, (1, 0, 1), (2, 1)): [6]
(2, (1, 0, 1), (2, 2)): [8, 1]
(2, (1, 0, 1), (3, 0)): [3, 0, 0, 1]
(2, (1, 0, 1), (3, 1)): [3]
(2, (1, 0, 1), (3, 2)): [5]
(2, (1, 1, 0), (0, 0)): [3815, 620, 246, 204, 52, 19, 7, 1, 2]
(2, (1, 1, 0), (0, 1)): [59, 7, 2, 2]
(2, (1, 1, 0), (0, 2)): [26, 3, 1, 1]
(2, (1, 1, 0), (1, 0)): [50, 3, 7, 3, 0, 0, 1]
(2, (1, 1, 0), (1, 1)): [47, 4, 3, 2, 0, 0, 1]
(2, (1, 1, 0), (1, 2)): [39, 3, 2, 1]
(2, (1, 1, 0), (2, 0)): [20, 2, 3, 1]
(2, (1, 1, 0), (2, 1)): [27, 1, 2, 2, 0, 0, 1]
(2, (1, 1, 0), (2, 2)): [29, 1, 2, 2, 0, 0, 1]
(2, (1, 1, 0), (3, 0)): [4, 0, 2]
(2, (1, 1, 0), (3, 1)): [15, 0, 2, 1]
(2, (1, 1, 0), (3, 2)): [20, 0, 2, 1, 0, 0, 1]
(2, (1, 1, 1), (0, 0)): [1136, 161, 168, 78, 55, 20, 9]
(2, (1, 1, 1), (0, 1)): [15, 2, 3, 1, 0, 1]
(2, (1, 1, 1), (0, 2)): [9, 0, 0, 1]
(2, (1, 1, 1), (1, 0)): [16, 3, 6]
(2, (1, 1, 1), (1, 1)): [12, 4, 5, 0, 0, 1]
(2, (1, 1, 1), (1, 2)): [11, 1, 1]
(2, (1, 1, 1), (2, 0)): [5, 1, 1]
(2, (1, 1, 1), (2, 1)): [8, 2, 3, 0, 0, 1]
(2, (1, 1, 1), (2, 2)): [8, 2]
(2, (1, 1, 1), (3, 0)): [1, 0, 1]
(2, (1, 1, 1), (3, 1)): [2, 1, 2, 0, 0, 1]
(2, (1, 1, 1), (3, 2)): [2, 2, 2]
