(0, (0, 0, 0)): [141620, 26089, 11314, 4965, 2128, 852, 342, 127, 51, 15, 18]
(0, (0, 0, 1)): [876, 2376, 668, 292, 126, 46, 26, 10, 2, 1, 2]
(0, (0, 1, 0)): [4657, 4389, 1540, 708, 323, 115, 51, 11, 8, 3, 4]
(0, (0, 1, 1)): [400, 667, 844, 379, 169, 77, 35, 14, 5, 4, 1]
(0, (1, 0, 0)): [31966, 11208, 6045, 2955, 1281, 546, 212, 84, 35, 11, 13]
(0, (1, 0, 1)): [755, 1767, 873, 518, 258, 103, 56, 23, 11, 2, 3]
(0, (1, 1, 0)): [4028, 2631, 2117, 1343, 706, 305, 123, 48, 17, 12, 9]
(0, (1, 1, 1)): [486, 773, 644, 559, 396, 192, 86, 45, 22, 13, 6]
(1, (0, 0, 0)): [111533, 10545, 4083, 1448, 571, 230, 70, 37, 8, 2, 2]
(1, (0, 0, 1)): [4500, 6476, 1188, 460, 194, 68, 29, 13, 5, 1]
(1, (0, 1, 0)): [18256, 8521, 2685, 1038, 378, 153, 49, 19, 7]
(1, (0, 1, 1)): [3009, 2386, 2477, 929, 359, 148, 49, 14, 5, 3, 1]
(1, (1, 0, 0)): [43935, 8262, 4257, 1725, 660, 285, 77, 40, 9, 3, 2]
(1, (1, 0, 1)): [3196, 3909, 1455, 808, 338, 121, 31, 17, 6, 2, 1]
(1, (1, 1, 0)): [10742, 3289, 2353, 1424, 587, 225, 74, 27, 9, 1]
(1, (1, 1, 1)): [2105, 1691, 1087, 817, 489, 219, 87, 38, 8, 2]
(2, (0, 0, 0)): [96711, 3384, 1040, 297, 99, 30, 12, 4, 1, 0, 1]
(2, (0, 0, 1)): [12117, 4311, 639, 195, 57, 13, 9, 2]
(2, (0, 1, 0)): [29745, 6541, 1464, 435, 110, 37, 14, 8]
(2, (0, 1, 1)): [7342, 720, 1665, 399, 130, 44, 9, 2]
(2, (1, 0, 0)): [53226, 3949, 1720, 527, 158, 57, 20, 6, 1, 0, 1]
(2, (1, 0, 1)): [7932, 2272, 1030, 371, 126, 36, 9, 2]
(2, (1, 1, 0)): [16326, 2321, 1313, 685, 167, 63, 16, 6, 3, 1, 1]
(2, (1, 1, 1)): [4986, 785, 775, 422, 241, 74, 25, 6, 2, 2, 1]
