(0, (0, 0, 0)): [516977, 105339, 49294, 22767, 10293, 4522, 1886, 802, 333, 163, 72, 25, 16, 4, 2]
(0, (0, 0, 1)): [2460, 8134, 2268, 1069, 531, 215, 107, 59, 24, 9, 4, 1, 3]
(0, (0, 1, 0)): [16977, 17499, 6673, 3145, 1598, 713, 299, 130, 58, 33, 13, 4, 2]
(0, (0, 1, 1)): [1524, 2755, 3605, 1619, 846, 413, 176, 76, 42, 16, 6, 3, 0, 1, 1]
(0, (1, 0, 0)): [115447, 41039, 25242, 12685, 6040, 2743, 1161, 504, 211, 112, 49, 16, 10, 3, 2]
(0, (1, 0, 1)): [2700, 8511, 3753, 2500, 1360, 634, 334, 135, 63, 27, 12, 8, 3, 0, 1]
(0, (1, 1, 0)): [15292, 10263, 8474, 5710, 3092, 1426, 635, 313, 122, 66, 33, 8, 5, 1]
(0, (1, 1, 1)): [1586, 2923, 2535, 2077, 1609, 804, 369, 185, 84, 42, 23, 6, 1, 1, 1]
(1, (0, 0, 0)): [409519, 44407, 18393, 7299, 2904, 1175, 448, 186, 69, 24, 11, 6, 2, 1]
(1, (0, 0, 1)): [13283, 21007, 4099, 1705, 748, 290, 125, 64, 25, 9, 6, 4, 3, 1]
(1, (0, 1, 0)): [60251, 29808, 10102, 4178, 1725, 730, 262, 113, 33, 23, 7, 5, 3]
(1, (0, 1, 1)): [10250, 8898, 8968, 3483, 1621, 659, 255, 102, 53, 18, 8, 4, 1, 1]
(1, (1, 0, 0)): [167531, 31997, 19046, 8351, 3329, 1415, 516, 207, 90, 37, 16, 11, 2, 2]
(1, (1, 0, 1)): [13200, 17084, 5922, 3735, 1576, 685, 250, 99, 37, 27, 10, 2]
(1, (1, 1, 0)): [43623, 13963, 10179, 6665, 2926, 1258, 494, 196, 76, 31, 10, 6, 1, 3]
(1, (1, 1, 1)): [8727, 7273, 4769, 3400, 2294, 1032, 431, 169, 68, 27, 11, 5, 1, 1]
(2, (0, 0, 0)): [351525, 15024, 5120, 1578, 569, 209, 71, 29, 6, 1, 2]
(2, (0, 0, 1)): [40011, 13599, 2419, 810, 280, 104, 39, 11, 1, 2, 0, 1]
(2, (0, 1, 0)): [98036, 23065, 5563, 1869, 604, 216, 73, 21, 6, 1]
(2, (0, 1, 1)): [24374, 2187, 5900, 1531, 570, 198, 64, 20, 10, 3, 1]
(2, (1, 0, 0)): [205444, 16033, 8810, 2891, 966, 315, 120, 44, 11, 2, 3]
(2, (1, 0, 1)): [34607, 9355, 4045, 2051, 655, 245, 78, 32, 11, 2, 0, 1]
(2, (1, 1, 0)): [72554, 11494, 6261, 3699, 1173, 425, 129, 44, 18, 6, 4, 0, 0, 1]
(2, (1, 1, 1)): [21487, 3271, 3755, 1997, 1312, 445, 148, 53, 22, 5, 4, 0, 0, 1]
