(0, (0, 0, 0)): [1381941, 274987, 126440, 57313, 25414, 10859, 4466, 1878, 745, 331, 145, 64, 29, 10, 3, 1, 0, 1]
(0, (0, 0, 1)): [5997, 17724, 4840, 2279, 1103, 462, 210, 96, 36, 21, 8, 2, 3, 2]
(0, (0, 1, 0)): [48563, 44890, 17430, 8341, 4017, 1708, 719, 309, 126, 72, 26, 6, 3, 2, 1]
(0, (0, 1, 1)): [4110, 6898, 8316, 3838, 2039, 943, 404, 188, 90, 42, 10, 6, 1, 2, 1, 0, 0, 1]
(0, (1, 0, 0)): [297452, 99677, 62445, 30797, 14552, 6512, 2713, 1179, 488, 217, 99, 40, 20, 4, 2, 1, 0, 1]
(0, (1, 0, 1)): [7109, 21279, 8773, 5968, 3139, 1426, 690, 284, 137, 54, 28, 13, 5, 1, 1, 0, 0, 1]
(0, (1, 1, 0)): [40581, 25957, 19673, 13844, 7353, 3474, 1467, 710, 283, 133, 62, 24, 10, 1]
(0, (1, 1, 1)): [4031, 7503, 6175, 4703, 3690, 1845, 848, 430, 183, 80, 40, 14, 4, 1, 1]
(1, (0, 0, 0)): [1117004, 120505, 49299, 19377, 7497, 2885, 1110, 417, 157, 62, 26, 15, 6, 3, 0, 1]
(1, (0, 0, 1)): [31554, 45240, 8836, 3737, 1569, 626, 248, 102, 44, 16, 9, 5, 4, 1]
(1, (0, 1, 0)): [152937, 68383, 24426, 10352, 4151, 1642, 564, 262, 74, 36, 20, 8, 8, 2, 1]
(1, (0, 1, 1)): [24756, 20090, 18389, 7299, 3688, 1465, 564, 224, 108, 34, 11, 7, 2, 2, 0, 1]
(1, (1, 0, 0)): [428445, 76459, 48189, 20417, 8237, 3266, 1290, 462, 202, 80, 31, 21, 4, 3, 0, 2]
(1, (1, 0, 1)): [34198, 40379, 13044, 8594, 3659, 1489, 595, 236, 81, 51, 13, 5, 0, 1]
(1, (1, 1, 0)): [116821, 36134, 24313, 17016, 7176, 2966, 1166, 463, 195, 72, 26, 14, 8, 5, 1]
(1, (1, 1, 1)): [23887, 18938, 12177, 8063, 5770, 2460, 1002, 380, 159, 58, 20, 15, 7, 3, 1, 1]
(2, (0, 0, 0)): [967886, 43122, 14472, 4601, 1511, 504, 171, 53, 10, 5, 5, 0, 1]
(2, (0, 0, 1)): [91055, 28514, 5508, 1865, 663, 221, 66, 22, 3, 2, 0, 1]
(2, (0, 1, 0)): [241969, 52073, 13731, 4755, 1548, 533, 162, 46, 10, 7, 5, 0, 1]
(2, (0, 1, 1)): [55481, 4829, 12311, 3281, 1281, 402, 140, 47, 18, 4, 3, 1, 0, 1]
(2, (1, 0, 0)): [520168, 37832, 23914, 7585, 2397, 776, 304, 85, 18, 10, 6, 0, 1]
(2, (1, 0, 1)): [87602, 21559, 8529, 4988, 1599, 541, 187, 59, 21, 7, 0, 2, 1]
(2, (1, 1, 0)): [200370, 30789, 15536, 10326, 3280, 1088, 353, 115, 42, 18, 7, 1, 2, 1]
(2, (1, 1, 1)): [57900, 8424, 9782, 4858, 3443, 1104, 370, 124, 42, 9, 6, 0, 1, 1]
