(0, (0, 0, 0)): [1161879, 229767, 106129, 48392, 21586, 9222, 3826, 1606, 640, 291, 127, 54, 27, 8, 3, 1, 0, 1]
(0, (0, 0, 1)): [5096, 15035, 4094, 1952, 928, 394, 176, 86, 35, 19, 6, 1, 3, 1]
(0, (0, 1, 0)): [39405, 36514, 14111, 6723, 3294, 1412, 589, 246, 103, 60, 20, 5, 3, 2, 1]
(0, (0, 1, 1)): [3479, 5751, 7066, 3269, 1732, 785, 344, 166, 77, 33, 10, 6, 1, 2, 1, 0, 0, 1]
(0, (1, 0, 0)): [252327, 84001, 52775, 26101, 12429, 5548, 2350, 1019, 422, 187, 87, 35, 17, 4, 2, 1, 0, 1]
(0, (1, 0, 1)): [5992, 17806, 7370, 5009, 2699, 1210, 599, 249, 113, 48, 24, 12, 5, 1, 1, 0, 0, 1]
(0, (1, 1, 0)): [34271, 21901, 16849, 11859, 6268, 2989, 1279, 615, 241, 109, 51, 21, 8, 1]
(0, (1, 1, 1)): [3461, 6360, 5302, 4072, 3183, 1592, 743, 379, 160, 71, 36, 13, 3, 1, 1]
(1, (0, 0, 0)): [934907, 100221, 41122, 16262, 6356, 2434, 938, 363, 135, 54, 24, 13, 6, 2, 0, 1]
(1, (0, 0, 1)): [26455, 37938, 7423, 3142, 1336, 541, 212, 86, 38, 14, 6, 4, 4, 1]
(1, (0, 1, 0)): [126936, 57566, 20378, 8572, 3478, 1368, 476, 219, 63, 32, 19, 7, 7, 2, 1]
(1, (0, 1, 1)): [21094, 16969, 15904, 6279, 3154, 1253, 492, 198, 92, 28, 9, 6, 1, 2, 0, 1]
(1, (1, 0, 0)): [363589, 64716, 40682, 17376, 7048, 2800, 1089, 403, 176, 72, 29, 19, 4, 2, 0, 2]
(1, (1, 0, 1)): [28840, 34192, 11213, 7258, 3114, 1274, 488, 201, 68, 45, 13, 4, 0, 1]
(1, (1, 1, 0)): [98584, 30613, 20774, 14477, 6153, 2558, 1002, 399, 163, 62, 24, 13, 7, 4, 1]
(1, (1, 1, 1)): [20396, 16035, 10419, 6938, 4926, 2116, 853, 327, 130, 47, 18, 14, 6, 2, 1, 1]
(2, (0, 0, 0)): [808007, 35738, 11964, 3833, 1284, 420, 151, 45, 9, 4, 5, 0, 1]
(2, (0, 0, 1)): [76142, 24279, 4564, 1575, 563, 192, 57, 16, 3, 2, 0, 1]
(2, (0, 1, 0)): [201962, 44062, 11443, 4004, 1294, 429, 137, 37, 8, 6, 5, 0, 1]
(2, (0, 1, 1)): [47298, 4169, 10645, 2829, 1107, 354, 122, 42, 17, 4, 3, 1, 0, 1]
(2, (1, 0, 0)): [441968, 32053, 20034, 6398, 2048, 662, 264, 72, 17, 10, 6, 0, 1]
(2, (1, 0, 1)): [73455, 18283, 7296, 4185, 1350, 456, 162, 52, 20, 7, 0, 2, 1]
(2, (1, 1, 0)): [169146, 26107, 13279, 8732, 2759, 928, 298, 99, 38, 18, 7, 1, 2, 1]
(2, (1, 1, 1)): [49363, 7261, 8263, 4172, 2934, 945, 312, 112, 40, 8, 6, 0, 1, 1]
