(0, (0, 0, 0)): [399520, 81543, 38192, 17577, 7950, 3450, 1500, 630, 252, 118, 55, 22, 12, 3, 2]
(0, (0, 0, 1)): [2028, 6568, 1870, 890, 421, 169, 90, 47, 13, 8, 4, 1, 3]
(0, (0, 1, 0)): [13187, 13611, 5182, 2431, 1255, 551, 234, 99, 47, 27, 9, 3]
(0, (0, 1, 1)): [1164, 2150, 2840, 1287, 661, 315, 143, 65, 31, 13, 6, 1, 0, 1, 1]
(0, (1, 0, 0)): [89757, 32305, 19606, 9861, 4661, 2113, 917, 398, 160, 79, 40, 14, 8, 3, 2]
(0, (1, 0, 1)): [2164, 6468, 2973, 1954, 1106, 511, 267, 108, 47, 24, 10, 7, 2, 0, 1]
(0, (1, 1, 0)): [11732, 7887, 6555, 4393, 2355, 1106, 498, 233, 91, 47, 28, 7, 3, 1]
(0, (1, 1, 1)): [1242, 2230, 1932, 1619, 1257, 616, 311, 146, 68, 37, 16, 4, 1, 1, 1]
(1, (0, 0, 0)): [315519, 34104, 14204, 5560, 2218, 896, 359, 145, 50, 17, 7, 5, 2]
(1, (0, 0, 1)): [10906, 17180, 3382, 1421, 612, 236, 103, 51, 19, 8, 5, 3, 2]
(1, (0, 1, 0)): [47764, 23781, 8004, 3306, 1343, 585, 206, 86, 26, 16, 3, 4, 3]
(1, (0, 1, 1)): [8123, 7030, 7319, 2795, 1250, 509, 209, 79, 39, 15, 7, 3, 0, 1]
(1, (1, 0, 0)): [129886, 25001, 14744, 6441, 2594, 1085, 406, 161, 68, 32, 10, 9, 2, 2]
(1, (1, 0, 1)): [10464, 13418, 4755, 2958, 1243, 545, 199, 81, 31, 22, 7, 2]
(1, (1, 1, 0)): [32987, 10561, 7692, 5064, 2234, 966, 370, 142, 53, 25, 5, 6, 1, 3]
(1, (1, 1, 1)): [6462, 5362, 3497, 2587, 1728, 779, 318, 131, 54, 21, 6, 3, 1, 1]
(2, (0, 0, 0)): [271054, 11463, 3889, 1192, 419, 153, 55, 22, 3, 1, 1]
(2, (0, 0, 1)): [33037, 11379, 2008, 653, 230, 89, 31, 11, 0, 1]
(2, (0, 1, 0)): [77885, 18284, 4416, 1476, 458, 165, 59, 18, 4, 1]
(2, (0, 1, 1)): [19820, 1810, 4834, 1263, 451, 166, 48, 15, 8, 2, 1]
(2, (1, 0, 0)): [159569, 12500, 6693, 2196, 723, 246, 100, 32, 7, 2, 1]
(2, (1, 0, 1)): [27574, 7534, 3327, 1614, 533, 204, 63, 25, 7, 1, 0, 1]
(2, (1, 1, 0)): [53064, 8258, 4644, 2729, 844, 320, 93, 26, 12, 5, 2, 0, 0, 1]
(2, (1, 1, 1)): [15894, 2420, 2775, 1498, 992, 340, 112, 39, 17, 3, 2, 0, 0, 1]
