(0, (0, 0, 0)): [16292, 3267, 1477, 673, 280, 128, 55, 21, 9, 3, 1, 0, 0, 0, 1]
(0, (0, 0, 1)): [106, 274, 92, 39, 17, 7, 5, 3, 2]
(0, (0, 1, 0)): [495, 543, 181, 87, 52, 14, 7, 5, 2]
(0, (0, 1, 1)): [38, 81, 110, 38, 21, 7, 6, 1, 1, 0, 0, 0, 0, 0, 1]
(0, (1, 0, 0)): [3654, 1285, 778, 373, 165, 78, 38, 14, 5, 2, 1, 0, 0, 0, 1]
(0, (1, 0, 1)): [87, 231, 97, 74, 36, 18, 9, 2, 1]
(0, (1, 1, 0)): [431, 302, 272, 162, 101, 40, 16, 7, 1, 0, 1]
(0, (1, 1, 1)): [45, 72, 66, 67, 58, 21, 11, 5, 1, 1, 1, 0, 0, 0, 1]
(1, (0, 0, 0)): [12802, 1361, 521, 219, 75, 41, 12, 2, 2, 1]
(1, (0, 0, 1)): [468, 739, 141, 71, 26, 9, 3, 2, 1, 0, 0, 1]
(1, (0, 1, 0)): [2077, 1008, 335, 113, 46, 30, 9, 4, 2]
(1, (0, 1, 1)): [308, 308, 351, 117, 51, 16, 7, 3, 2, 0, 1]
(1, (1, 0, 0)): [5246, 984, 543, 254, 96, 43, 15, 7, 3, 2, 1]
(1, (1, 0, 1)): [409, 490, 185, 132, 45, 24, 13, 5, 1, 1]
(1, (1, 1, 0)): [1248, 444, 305, 184, 77, 44, 11, 5, 3, 1, 0, 0, 0, 1]
(1, (1, 1, 1)): [222, 210, 142, 101, 74, 37, 7, 2, 1, 1]
(2, (0, 0, 0)): [10900, 441, 155, 52, 9, 5, 1, 1]
(2, (0, 0, 1)): [1468, 498, 92, 19, 6, 1]
(2, (0, 1, 0)): [3289, 729, 183, 67, 19, 3]
(2, (0, 1, 1)): [839, 82, 227, 49, 18, 3, 2, 0, 1]
(2, (1, 0, 0)): [6360, 505, 254, 73, 21, 8, 3, 2, 1]
(2, (1, 0, 1)): [1091, 294, 160, 55, 12, 6, 3, 0, 1]
(2, (1, 1, 0)): [2041, 311, 153, 92, 24, 12, 3, 2]
(2, (1, 1, 1)): [593, 96, 124, 59, 34, 6, 2, 1, 1]
