(0, (0, 0, 0), (0, 0)): [28784, 5857, 2683, 1197, 516, 209, 89, 31, 14, 11, 3, 0, 1]
(0, (0, 0, 0), (0, 1)): [404, 69, 35, 15, 2, 2, 0, 0, 0, 0, 1]
(0, (0, 0, 0), (0, 2)): [153, 28, 10, 4, 1, 2]
(0, (0, 0, 0), (1, 0)): [368, 74, 32, 17, 5, 3, 2]
(0, (0, 0, 0), (1, 1)): [349, 66, 28, 16, 4, 1, 1, 0, 0, 0, 1]
(0, (0, 0, 0), (1, 2)): [253, 44, 12, 8, 3, 2]
(0, (0, 0, 0), (2, 0)): [118, 25, 14, 6]
(0, (0, 0, 0), (2, 1)): [176, 27, 13, 5, 2, 1, 1]
(0, (0, 0, 0), (2, 2)): [209, 38, 13, 7, 1, 1, 1]
(0, (0, 0, 0), (3, 0)): [37, 13, 6, 3]
(0, (0, 0, 0), (3, 1)): [65, 13, 11, 3, 1]
(0, (0, 0, 0), (3, 2)): [99, 16, 13, 0, 0, 1, 1]
(0, (0, 0, 1), (0, 0)): [95, 327, 100, 40, 27, 13, 4, 0, 0, 0, 1]
(0, (0, 0, 1), (0, 1)): [3, 5, 0, 0, 0, 1]
(0, (0, 0, 1), (0, 2)): [0, 1, 0, 0, 0, 1]
(0, (0, 0, 1), (1, 0)): [0, 4, 0, 1, 1, 1, 0, 0, 0, 0, 1]
(0, (0, 0, 1), (1, 1)): [1, 3, 0, 1, 0, 1, 0, 0, 0, 0, 1]
(0, (0, 0, 1), (1, 2)): [0, 2, 0, 0, 0, 1, 0, 0, 0, 0, 1]
(0, (0, 0, 1), (2, 0)): [0, 2, 0, 0, 1]
(0, (0, 0, 1), (2, 1)): [0, 3, 0, 1]
(0, (0, 0, 1), (2, 2)): [0, 1, 0, 1, 0, 1, 0, 0, 0, 0, 1]
(0, (0, 0, 1), (3, 0)): [0, 1, 0, 0, 1]
(0, (0, 0, 1), (3, 1)): [0, 3]
(0, (0, 0, 1), (3, 2)): [0, 1, 0, 0, 0, 0, 0, 0, 0, 0, 1]
(0, (0, 1, 0), (0, 0)): [1087, 1077, 429, 206, 119, 43, 20, 7, 3, 2, 1]
(0, (0, 1, 0), (0, 1)): [20, 7, 4, 4, 2, 0, 1]
(0, (0, 1, 0), (0, 2)): [6, 3, 1, 1, 0, 0, 1]
(0, (0, 1, 0), (1, 0)): [15, 12, 8, 4, 2]
(0, (0, 1, 0), (1, 1)): [12, 6, 4, 2, 1]
(0, (0, 1, 0), (1, 2)): [11, 3, 3, 1, 1]
(0, (0, 1, 0), (2, 0)): [6, 5, 5]
(0, (0, 1, 0), (2, 1)): [5, 7, 5]
(0, (0, 1, 0), (2, 2)): [7, 3, 3, 1, 1]
(0, (0, 1, 0), (3, 0)): [2, 0, 2]
(0, (0, 1, 0), (3, 1)): [4, 2, 1]
(0, (0, 1, 0), (3, 2)): [1, 2, 2, 1]
(0, (0, 1, 1), (0, 0)): [86, 147, 161, 90, 39, 26, 11, 6, 7, 1, 0, 0, 1]
(0, (0, 1, 1), (0, 1)): [2, 2]
(0, (0, 1, 1), (0, 2)): [0, 1]
(0, (0, 1, 1), (1, 0)): [2, 1, 1, 2, 0, 0, 0, 0, 0, 1]
(0, (0, 1, 1), (1, 1)): [2, 2]
(0, (0, 1, 1), (1, 2)): [1, 1]
(0, (0, 1, 1), (2, 0)): [1, 0, 1, 1, 0, 0, 0, 0, 0, 1]
(0, (0, 1, 1), (2, 1)): [2, 1, 1]
(0, (0, 1, 1), (2, 2)): [0, 1]
(0, (0, 1, 1), (3, 0)): [0, 0, 0, 1, 0, 0, 0, 0, 0, 1]
(0, (0, 1, 1), (3, 1)): [1, 0, 1]
(0, (0, 1, 1), (3, 2)): [1]
(0, (1, 0, 0), (0, 0)): [5912, 1934, 1271, 607, 277, 128, 50, 18, 11, 6, 2, 0, 1]
(0, (1, 0, 0), (0, 1)): [74, 14, 17, 8, 2, 2, 3]
(0, (1, 0, 0), (0, 2)): [26, 4, 7, 1, 0, 1, 1]
(0, (1, 0, 0), (1, 0)): [56, 24, 27, 9, 3, 4, 0, 0, 0, 0, 1]
(0, (1, 0, 0), (1, 1)): [55, 14, 13, 5, 3, 4, 1, 0, 0, 0, 1]
(0, (1, 0, 0), (1, 2)): [35, 7, 9, 0, 2, 3, 2]
(0, (1, 0, 0), (2, 0)): [17, 12, 10, 5, 1, 1]
(0, (1, 0, 0), (2, 1)): [23, 6, 6, 3, 1, 1]
(0, (1, 0, 0), (2, 2)): [31, 5, 8, 0, 2, 1, 1]
(0, (1, 0, 0), (3, 0)): [3, 4, 3, 1, 1, 1]
(0, (1, 0, 0), (3, 1)): [7, 4, 2, 2, 1, 1]
(0, (1, 0, 0), (3, 2)): [8, 3, 4, 1, 1, 2]
(0, (1, 0, 1), (0, 0)): [138, 440, 164, 119, 69, 26, 12, 5, 2, 2, 1]
(0, (1, 0, 1), (0, 1)): [0, 3, 2, 4, 0, 0, 1]
(0, (1, 0, 1), (0, 2)): [0, 2, 1, 1, 0, 0, 1]
(0, (1, 0, 1), (1, 0)): [2, 9, 4, 3, 3]
(0, (1, 0, 1), (1, 1)): [0, 6, 1, 1, 2]
(0, (1, 0, 1), (1, 2)): [0, 3, 1, 1, 0, 0, 1]
(0, (1, 0, 1), (2, 0)): [2, 2, 3, 1]
(0, (1, 0, 1), (2, 1)): [0, 4, 1, 0, 1]
(0, (1, 0, 1), (2, 2)): [0, 4, 1, 1, 1]
(0, (1, 0, 1), (3, 0)): [1, 1, 0, 1]
(0, (1, 0, 1), (3, 1)): [1, 1]
(0, (1, 0, 1), (3, 2)): [1, 0, 1, 0, 1]
(0, (1, 1, 0), (0, 0)): [831, 532, 364, 266, 134, 63, 28, 5, 6, 4, 1]
(0, (1, 1, 0), (0, 1)): [15, 5, 4, 4, 0, 1, 1]
(0, (1, 1, 0), (0, 2)): [9, 1, 3, 2, 0, 1]
(0, (1, 1, 0), (1, 0)): [13, 9, 7, 3, 2, 1]
(0, (1, 1, 0), (1, 1)): [7, 5, 2, 2, 0, 1, 1]
(0, (1, 1, 0), (1, 2)): [11, 6, 3, 2, 0, 1, 1]
(0, (1, 1, 0), (2, 0)): [6, 4, 6, 1, 1]
(0, (1, 1, 0), (2, 1)): [2, 1, 4, 2, 1, 1]
(0, (1, 1, 0), (2, 2)): [1, 2, 3, 1]
(0, (1, 1, 0), (3, 0)): [5, 2, 1]
(0, (1, 1, 0), (3, 1)): [5, 2, 1]
(0, (1, 1, 0), (3, 2)): [4, 3]
(0, (1, 1, 1), (0, 0)): [76, 146, 98, 78, 66, 29, 14, 4, 7, 3, 1]
(0, (1, 1, 1), (0, 1)): [0, 1, 0, 1, 0, 0, 0, 0, 0, 1]
(0, (1, 1, 1), (0, 2)): [0, 1, 0, 0, 0, 0, 0, 0, 0, 1]
(0, (1, 1, 1), (1, 0)): [1, 3, 1, 1]
(0, (1, 1, 1), (1, 1)): [0, 2, 1, 1]
(0, (1, 1, 1), (1, 2)): [0, 2]
(0, (1, 1, 1), (2, 0)): [0, 1]
(0, (1, 1, 1), (2, 1)): [0, 1, 1, 1]
(0, (1, 1, 1), (2, 2)): [0, 1, 0, 1]
(0, (1, 1, 1), (3, 1)): [0, 0, 1]
(0, (1, 1, 1), (3, 2)): [0, 1, 0, 1]
(1, (0, 0, 0), (0, 0)): [23811, 2630, 1077, 442, 156, 56, 22, 6, 2, 2]
(1, (0, 0, 0), (0, 1)): [334, 29, 11, 7, 1]
(1, (0, 0, 0), (0, 2)): [133, 12, 4, 2]
(1, (0, 0, 0), (1, 0)): [319, 45, 14, 7, 2]
(1, (0, 0, 0), (1, 1)): [292, 33, 10, 6, 1]
(1, (0, 0, 0), (1, 2)): [186, 20, 4, 2, 1]
(1, (0, 0, 0), (2, 0)): [113, 16, 2, 1, 2]
(1, (0, 0, 0), (2, 1)): [161, 21, 6, 3]
(1, (0, 0, 0), (2, 2)): [162, 14, 4, 2, 1]
(1, (0, 0, 0), (3, 0)): [38, 4, 0, 0, 2]
(1, (0, 0, 0), (3, 1)): [59, 12, 3, 1]
(1, (0, 0, 0), (3, 2)): [93, 9, 3, 3]
(1, (0, 0, 1), (0, 0)): [589, 924, 218, 80, 34, 14, 8, 1]
(1, (0, 0, 1), (0, 1)): [12, 9]
(1, (0, 0, 1), (0, 2)): [6, 4]
(1, (0, 0, 1), (1, 0)): [12, 11, 1, 2, 1]
(1, (0, 0, 1), (1, 1)): [9, 6, 1, 1]
(1, (0, 0, 1), (1, 2)): [9, 3]
(1, (0, 0, 1), (2, 0)): [6, 6, 0, 1, 1]
(1, (0, 0, 1), (2, 1)): [5, 5, 1, 1]
(1, (0, 0, 1), (2, 2)): [4, 4]
(1, (0, 0, 1), (3, 0)): [5, 4, 0, 1, 1]
(1, (0, 0, 1), (3, 1)): [2, 4, 1, 2]
(1, (0, 0, 1), (3, 2)): [2, 4, 0, 1]
(1, (0, 1, 0), (0, 0)): [3169, 1360, 522, 209, 89, 30, 9, 4, 3, 1]
(1, (0, 1, 0), (0, 1)): [38, 15, 6, 4]
(1, (0, 1, 0), (0, 2)): [15, 4, 1, 1]
(1, (0, 1, 0), (1, 0)): [35, 14, 10, 6, 2]
(1, (0, 1, 0), (1, 1)): [29, 12, 5, 4, 1]
(1, (0, 1, 0), (1, 2)): [17, 6, 3, 4, 1]
(1, (0, 1, 0), (2, 0)): [19, 6, 4, 4, 1]
(1, (0, 1, 0), (2, 1)): [17, 10, 3, 3]
(1, (0, 1, 0), (2, 2)): [16, 7, 1, 3]
(1, (0, 1, 0), (3, 0)): [14, 5, 3, 2, 1]
(1, (0, 1, 0), (3, 1)): [11, 3, 2, 1]
(1, (0, 1, 0), (3, 2)): [9, 3, 2, 3]
(1, (0, 1, 1), (0, 0)): [434, 370, 279, 123, 79, 25, 13, 4, 1, 2]
(1, (0, 1, 1), (0, 1)): [8, 2, 3, 3]
(1, (0, 1, 1), (0, 2)): [5, 1, 1, 3]
(1, (0, 1, 1), (1, 0)): [10, 4, 4, 0, 1]
(1, (0, 1, 1), (1, 1)): [5, 1, 1]
(1, (0, 1, 1), (1, 2)): [3, 1, 1, 2]
(1, (0, 1, 1), (2, 0)): [6, 4, 4, 0, 1]
(1, (0, 1, 1), (2, 1)): [2, 1, 1, 0, 1]
(1, (0, 1, 1), (2, 2)): [1, 0, 1, 1]
(1, (0, 1, 1), (3, 0)): [5, 2, 2]
(1, (0, 1, 1), (3, 1)): [3, 2, 0, 0, 1]
(1, (0, 1, 1), (3, 2)): [1, 0, 1, 1, 1]
(1, (1, 0, 0), (0, 0)): [8559, 1479, 956, 403, 156, 62, 19, 7, 2, 4]
(1, (1, 0, 0), (0, 1)): [96, 26, 9, 7, 1]
(1, (1, 0, 0), (0, 2)): [41, 9, 3, 3]
(1, (1, 0, 0), (1, 0)): [119, 25, 17, 5, 1, 1, 1]
(1, (1, 0, 0), (1, 1)): [83, 17, 11, 5, 1, 1, 1]
(1, (1, 0, 0), (1, 2)): [47, 8, 5, 2, 1]
(1, (1, 0, 0), (2, 0)): [43, 7, 6, 2]
(1, (1, 0, 0), (2, 1)): [47, 11, 8, 1, 0, 0, 1]
(1, (1, 0, 0), (2, 2)): [32, 7, 4, 1, 0, 0, 1]
(1, (1, 0, 0), (3, 0)): [13, 3, 2, 1]
(1, (1, 0, 0), (3, 1)): [17, 6, 3, 1]
(1, (1, 0, 0), (3, 2)): [14, 7, 4, 2, 0, 0, 1]
(1, (1, 0, 1), (0, 0)): [695, 755, 234, 167, 78, 40, 15, 3, 1]
(1, (1, 0, 1), (0, 1)): [8, 10, 1, 2]
(1, (1, 0, 1), (0, 2)): [3, 3]
(1, (1, 0, 1), (1, 0)): [11, 4, 1, 4, 2, 1]
(1, (1, 0, 1), (1, 1)): [9, 6, 1, 1, 2]
(1, (1, 0, 1), (1, 2)): [5, 5, 1, 0, 1]
(1, (1, 0, 1), (2, 0)): [2, 2, 1, 1, 0, 1]
(1, (1, 0, 1), (2, 1)): [4, 2, 1, 1, 1, 1]
(1, (1, 0, 1), (2, 2)): [6, 3, 1, 0, 1]
(1, (1, 0, 1), (3, 0)): [0, 2]
(1, (1, 0, 1), (3, 1)): [1, 1, 0, 0, 1, 1]
(1, (1, 0, 1), (3, 2)): [1, 0, 1, 0, 1]
(1, (1, 1, 0), (0, 0)): [2325, 743, 470, 337, 131, 50, 17, 10, 5, 1]
(1, (1, 1, 0), (0, 1)): [37, 10, 8, 4, 3]
(1, (1, 1, 0), (0, 2)): [16, 4, 1, 2, 1]
(1, (1, 1, 0), (1, 0)): [28, 16, 10, 3, 1]
(1, (1, 1, 0), (1, 1)): [25, 9, 10, 2, 2]
(1, (1, 1, 0), (1, 2)): [15, 3, 6, 1, 1]
(1, (1, 1, 0), (2, 0)): [9, 5, 3, 2]
(1, (1, 1, 0), (2, 1)): [15, 7, 4, 2, 2]
(1, (1, 1, 0), (2, 2)): [14, 2, 5, 1, 1]
(1, (1, 1, 0), (3, 0)): [3, 1]
(1, (1, 1, 0), (3, 1)): [7, 5, 1, 1]
(1, (1, 1, 0), (3, 2)): [6, 1, 4]
(1, (1, 1, 1), (0, 0)): [482, 374, 198, 147, 122, 54, 21, 5, 4, 2]
(1, (1, 1, 1), (0, 1)): [10, 5, 2, 2, 1]
(1, (1, 1, 1), (0, 2)): [5, 3]
(1, (1, 1, 1), (1, 0)): [7, 3, 5, 2, 1]
(1, (1, 1, 1), (1, 1)): [5, 2, 4, 1, 2]
(1, (1, 1, 1), (1, 2)): [7, 1, 1]
(1, (1, 1, 1), (2, 0)): [1, 1, 1, 1]
(1, (1, 1, 1), (2, 1)): [0, 1, 1, 1, 2]
(1, (1, 1, 1), (2, 2)): [4, 2, 1, 1, 1]
(1, (1, 1, 1), (3, 0)): [0, 1, 1, 1]
(1, (1, 1, 1), (3, 1)): [0, 1, 0, 0, 1]
(1, (1, 1, 1), (3, 2)): [2, 0, 0, 1, 1]
(2, (0, 0, 0), (0, 0)): [21140, 1014, 328, 114, 31, 13, 2, 0, 0, 1]
(2, (0, 0, 0), (0, 1)): [300, 5, 3, 2]
(2, (0, 0, 0), (0, 2)): [113, 2, 1]
(2, (0, 0, 0), (1, 0)): [290, 14, 5, 4, 1]
(2, (0, 0, 0), (1, 1)): [276, 9, 4, 2]
(2, (0, 0, 0), (1, 2)): [167, 3, 2, 1]
(2, (0, 0, 0), (2, 0)): [99, 2, 2, 3]
(2, (0, 0, 0), (2, 1)): [142, 3, 2]
(2, (0, 0, 0), (2, 2)): [140, 1, 2]
(2, (0, 0, 0), (3, 0)): [29, 1, 0, 3]
(2, (0, 0, 0), (3, 1)): [67, 3]
(2, (0, 0, 0), (3, 2)): [84, 2, 1]
(2, (0, 0, 1), (0, 0)): [1910, 576, 131, 44, 13, 2]
(2, (0, 0, 1), (0, 1)): [32, 1, 1, 1]
(2, (0, 0, 1), (0, 2)): [14, 1]
(2, (0, 0, 1), (1, 0)): [22, 7, 1]
(2, (0, 0, 1), (1, 1)): [17, 2]
(2, (0, 0, 1), (1, 2)): [15, 2]
(2, (0, 0, 1), (2, 0)): [13, 4, 1]
(2, (0, 0, 1), (2, 1)): [10, 1]
(2, (0, 0, 1), (2, 2)): [9, 2]
(2, (0, 0, 1), (3, 0)): [5, 4]
(2, (0, 0, 1), (3, 1)): [6, 1]
(2, (0, 0, 1), (3, 2)): [7, 2]
(2, (0, 1, 0), (0, 0)): [5014, 980, 285, 117, 36, 7, 2, 1, 1, 1]
(2, (0, 1, 0), (0, 1)): [58, 5, 4]
(2, (0, 1, 0), (0, 2)): [27, 0, 2]
(2, (0, 1, 0), (1, 0)): [73, 19, 6, 3, 1]
(2, (0, 1, 0), (1, 1)): [46, 8, 3, 2]
(2, (0, 1, 0), (1, 2)): [34, 3, 3, 1]
(2, (0, 1, 0), (2, 0)): [39, 12, 3, 1, 1]
(2, (0, 1, 0), (2, 1)): [30, 5, 1, 1]
(2, (0, 1, 0), (2, 2)): [29, 1, 3, 1]
(2, (0, 1, 0), (3, 0)): [24, 8, 2, 0, 1]
(2, (0, 1, 0), (3, 1)): [17, 7, 0, 1]
(2, (0, 1, 0), (3, 2)): [18, 2, 2, 1]
(2, (0, 1, 1), (0, 0)): [1061, 110, 241, 67, 35, 11, 4, 2]
(2, (0, 1, 1), (0, 1)): [13, 3, 2]
(2, (0, 1, 1), (0, 2)): [5, 2]
(2, (0, 1, 1), (1, 0)): [29, 4, 6, 2]
(2, (0, 1, 1), (1, 1)): [11, 0, 2]
(2, (0, 1, 1), (1, 2)): [7, 2, 1]
(2, (0, 1, 1), (2, 0)): [20, 4, 3, 2]
(2, (0, 1, 1), (2, 1)): [15, 0, 3]
(2, (0, 1, 1), (2, 2)): [5, 1, 1]
(2, (0, 1, 1), (3, 0)): [8, 4, 1, 2]
(2, (0, 1, 1), (3, 1)): [7, 1, 0, 1]
(2, (0, 1, 1), (3, 2)): [2, 1, 1, 1]
(2, (1, 0, 0), (0, 0)): [10370, 665, 516, 164, 55, 17, 5, 1, 0, 1]
(2, (1, 0, 0), (0, 1)): [137, 5, 4, 4, 1]
(2, (1, 0, 0), (0, 2)): [56, 2, 2, 2]
(2, (1, 0, 0), (1, 0)): [127, 4, 5, 4]
(2, (1, 0, 0), (1, 1)): [99, 0, 4, 4, 1]
(2, (1, 0, 0), (1, 2)): [73, 2, 3, 1, 1]
(2, (1, 0, 0), (2, 0)): [45, 4, 2, 1]
(2, (1, 0, 0), (2, 1)): [54, 2, 3, 1]
(2, (1, 0, 0), (2, 2)): [50, 1, 2, 2]
(2, (1, 0, 0), (3, 0)): [13]
(2, (1, 0, 0), (3, 1)): [14, 1]
(2, (1, 0, 0), (3, 2)): [27, 0, 0, 1]
(2, (1, 0, 1), (0, 0)): [1817, 415, 155, 107, 40, 12, 3]
(2, (1, 0, 1), (0, 1)): [18, 2, 2, 1]
(2, (1, 0, 1), (0, 2)): [5, 2]
(2, (1, 0, 1), (1, 0)): [28, 9, 4, 0, 2, 1]
(2, (1, 0, 1), (1, 1)): [20, 2, 1, 0, 0, 1]
(2, (1, 0, 1), (1, 2)): [12, 0, 1, 0, 0, 1]
(2, (1, 0, 1), (2, 0)): [7, 4, 3, 0, 1]
(2, (1, 0, 1), (2, 1)): [10, 4, 2]
(2, (1, 0, 1), (2, 2)): [9, 2, 1, 0, 0, 1]
(2, (1, 0, 1), (3, 0)): [1, 0, 0, 0, 1]
(2, (1, 0, 1), (3, 1)): [6, 1, 0, 0, 1]
(2, (1, 0, 1), (3, 2)): [8, 1, 1]
(2, (1, 1, 0), (0, 0)): [4071, 553, 297, 208, 74, 23, 7, 2, 1, 1]
(2, (1, 1, 0), (0, 1)): [51, 8, 2, 2, 3]
(2, (1, 1, 0), (0, 2)): [21, 3, 0, 0, 1]
(2, (1, 1, 0), (1, 0)): [54, 12, 8, 3]
(2, (1, 1, 0), (1, 1)): [43, 7, 2, 2, 1]
(2, (1, 1, 0), (1, 2)): [29, 5, 0, 1, 1]
(2, (1, 1, 0), (2, 0)): [21, 3, 4]
(2, (1, 1, 0), (2, 1)): [16, 3, 4, 0, 1]
(2, (1, 1, 0), (2, 2)): [21, 3, 1, 0, 2]
(2, (1, 1, 0), (3, 0)): [6, 0, 1]
(2, (1, 1, 0), (3, 1)): [11, 1, 1]
(2, (1, 1, 0), (3, 2)): [10, 2, 1, 0, 2]
(2, (1, 1, 1), (0, 0)): [1125, 191, 197, 78, 72, 19, 7, 2, 1]
(2, (1, 1, 1), (0, 1)): [19, 3, 1]
(2, (1, 1, 1), (0, 2)): [8, 2]
(2, (1, 1, 1), (1, 0)): [20, 7, 3, 2, 2]
(2, (1, 1, 1), (1, 1)): [17, 2, 1, 2]
(2, (1, 1, 1), (1, 2)): [11, 1, 0, 1]
(2, (1, 1, 1), (2, 0)): [2, 5, 1]
(2, (1, 1, 1), (2, 1)): [5, 2, 0, 1]
(2, (1, 1, 1), (2, 2)): [8, 1, 0, 1]
(2, (1, 1, 1), (3, 0)): [0, 5, 1]
(2, (1, 1, 1), (3, 1)): [1, 3, 1]
(2, (1, 1, 1), (3, 2)): [4, 1, 0, 1]
