(0, (0, 0, 0)): [1815674, 367726, 168826, 76794, 34290, 14565, 6028, 2460, 1002, 429, 182, 92, 34, 17, 4, 1, 1, 1]
(0, (0, 0, 1)): [7254, 22115, 6088, 2887, 1391, 585, 262, 115, 43, 23, 12, 3, 4, 3]
(0, (0, 1, 0)): [65642, 61680, 24043, 11730, 5605, 2404, 1019, 422, 181, 97, 33, 12, 5, 6, 2, 0, 1]
(0, (0, 1, 1)): [5357, 9308, 11123, 5164, 2694, 1289, 543, 245, 123, 55, 13, 10, 2, 2, 2, 0, 1, 1]
(0, (1, 0, 0)): [385785, 129805, 82363, 40728, 19384, 8677, 3613, 1532, 648, 280, 130, 55, 23, 11, 3, 1, 1, 1]
(0, (1, 0, 1)): [9146, 27928, 11451, 7989, 4179, 1943, 916, 363, 180, 65, 39, 18, 7, 2, 2, 0, 0, 1]
(0, (1, 1, 0)): [53627, 34224, 25766, 18392, 9776, 4564, 1925, 905, 372, 173, 81, 31, 11, 4, 0, 0, 1]
(0, (1, 1, 1)): [5134, 9914, 8177, 6043, 4821, 2392, 1091, 534, 245, 108, 54, 19, 6, 3, 1, 0, 1]
(1, (0, 0, 0)): [1476340, 162475, 66393, 26276, 10226, 3846, 1496, 550, 195, 77, 29, 20, 7, 3, 0, 1]
(1, (0, 0, 1)): [41075, 59357, 11704, 5027, 2080, 857, 318, 127, 58, 23, 13, 6, 4, 2]
(1, (0, 1, 0)): [202506, 89365, 32408, 13953, 5618, 2214, 772, 343, 107, 48, 26, 9, 9, 2, 1]
(1, (0, 1, 1)): [31873, 26560, 23577, 9447, 4830, 1892, 751, 296, 133, 45, 12, 7, 2, 2, 0, 1]
(1, (1, 0, 0)): [557741, 99819, 63911, 27142, 11037, 4335, 1719, 614, 250, 104, 37, 28, 5, 3, 0, 2]
(1, (1, 0, 1)): [45181, 52490, 16944, 11314, 4862, 1980, 778, 302, 104, 62, 18, 7, 0, 1]
(1, (1, 1, 0)): [154269, 47359, 31646, 22615, 9526, 3910, 1534, 615, 245, 95, 35, 20, 9, 5, 1]
(1, (1, 1, 1)): [31306, 25100, 15997, 10403, 7701, 3274, 1332, 500, 212, 75, 25, 18, 9, 4, 1, 1]
(2, (0, 0, 0)): [1285212, 59003, 19684, 6247, 2096, 669, 225, 78, 12, 7, 5, 0, 1]
(2, (0, 0, 1)): [122149, 37114, 7510, 2549, 888, 304, 91, 31, 7, 2, 0, 1]
(2, (0, 1, 0)): [321464, 67767, 18442, 6462, 2133, 705, 219, 69, 16, 10, 6, 0, 1]
(2, (0, 1, 1)): [74054, 6365, 15984, 4404, 1739, 560, 188, 59, 21, 5, 4, 1, 0, 1]
(2, (1, 0, 0)): [676155, 49189, 32038, 10149, 3310, 1058, 408, 117, 22, 13, 7, 1, 1]
(2, (1, 0, 1)): [117547, 28255, 11209, 6774, 2213, 736, 242, 80, 27, 8, 2, 3, 1]
(2, (1, 1, 0)): [263148, 40043, 20208, 13804, 4449, 1435, 488, 159, 50, 24, 8, 2, 2, 1]
(2, (1, 1, 1)): [76751, 11216, 12859, 6390, 4688, 1475, 503, 165, 53, 11, 9, 3, 1, 1]
