(0, (0, 0, 0)): [15509, 3012, 1440, 660, 308, 145, 60, 24, 13, 7, 4, 2, 1]
(0, (0, 0, 1)): [57, 186, 60, 26, 13, 4, 4, 2]
(0, (0, 1, 0)): [473, 499, 187, 108, 45, 22, 10, 2, 3, 0, 1]
(0, (0, 1, 1)): [51, 95, 95, 31, 24, 16, 5, 1, 2, 1]
(0, (1, 0, 0)): [3373, 1123, 744, 345, 185, 103, 36, 16, 8, 7, 2]
(0, (1, 0, 1)): [99, 258, 123, 87, 43, 23, 6, 9, 3, 2]
(0, (1, 1, 0)): [446, 284, 254, 150, 86, 37, 23, 5, 4, 4, 2]
(0, (1, 1, 1)): [35, 76, 86, 44, 35, 18, 15, 3, 4, 3, 1]
(1, (0, 0, 0)): [12333, 1302, 548, 222, 88, 28, 18, 5, 2, 0, 1, 2, 1]
(1, (0, 0, 1)): [316, 560, 105, 65, 21, 3, 2, 2, 1]
(1, (0, 1, 0)): [1708, 850, 260, 127, 55, 33, 6, 3, 3, 1]
(1, (0, 1, 1)): [281, 241, 236, 67, 45, 17, 10, 4, 2, 1]
(1, (1, 0, 0)): [4969, 870, 605, 249, 104, 44, 23, 7, 3, 1, 1, 2, 1]
(1, (1, 0, 1)): [396, 554, 193, 158, 50, 20, 9, 2, 3, 1, 1]
(1, (1, 1, 0)): [1297, 386, 311, 164, 92, 40, 20, 6, 2, 2, 0, 2, 1]
(1, (1, 1, 1)): [244, 211, 146, 78, 53, 28, 18, 5, 8, 3, 2, 2, 1]
(2, (0, 0, 0)): [10463, 428, 155, 47, 16, 5, 2, 1]
(2, (0, 0, 1)): [1033, 366, 56, 25, 10, 3, 1]
(2, (0, 1, 0)): [2688, 598, 148, 59, 15, 7, 0, 1]
(2, (0, 1, 1)): [613, 54, 155, 33, 11, 6, 0, 3]
(2, (1, 0, 0)): [6240, 422, 273, 99, 36, 14, 3, 3]
(2, (1, 0, 1)): [1152, 259, 123, 65, 28, 11, 2, 2]
(2, (1, 1, 0)): [2173, 345, 191, 120, 32, 21, 4, 1]
(2, (1, 1, 1)): [606, 97, 116, 62, 45, 19, 4, 3, 1]
