(0, (0, 0, 0)): [575872, 116498, 54479, 25189, 11450, 4964, 2077, 890, 372, 182, 77, 26, 17, 4, 2]
(0, (0, 0, 1)): [2705, 8775, 2467, 1157, 576, 229, 117, 65, 24, 12, 4, 1, 3]
(0, (0, 1, 0)): [18927, 19242, 7308, 3466, 1753, 780, 327, 144, 61, 37, 14, 4, 2]
(0, (0, 1, 1)): [1691, 3020, 3951, 1766, 942, 441, 195, 84, 48, 17, 6, 3, 0, 1, 1]
(0, (1, 0, 0)): [128547, 45157, 27908, 13963, 6718, 3009, 1295, 560, 240, 121, 53, 17, 11, 3, 2]
(0, (1, 0, 1)): [2949, 9439, 4102, 2735, 1484, 691, 352, 145, 66, 29, 13, 8, 3, 0, 1]
(0, (1, 1, 0)): [17072, 11392, 9377, 6327, 3446, 1591, 713, 347, 140, 72, 35, 9, 5, 1]
(0, (1, 1, 1)): [1775, 3265, 2825, 2300, 1775, 869, 408, 210, 95, 44, 24, 7, 1, 1, 1]
(1, (0, 0, 0)): [456275, 49266, 20335, 8160, 3241, 1292, 490, 202, 77, 28, 11, 6, 2, 1]
(1, (0, 0, 1)): [14456, 22689, 4389, 1854, 807, 314, 136, 68, 29, 11, 6, 4, 3, 1]
(1, (0, 1, 0)): [66506, 32639, 11131, 4607, 1913, 787, 289, 130, 36, 25, 7, 5, 4]
(1, (0, 1, 1)): [11278, 9734, 9697, 3785, 1801, 731, 282, 111, 58, 19, 8, 4, 1, 1]
(1, (1, 0, 0)): [186042, 35283, 21016, 9256, 3680, 1549, 571, 224, 101, 41, 16, 11, 2, 2]
(1, (1, 0, 1)): [14511, 18838, 6423, 4034, 1717, 747, 271, 111, 44, 28, 10, 2]
(1, (1, 1, 0)): [49025, 15715, 11335, 7461, 3247, 1405, 556, 221, 86, 36, 11, 6, 2, 3]
(1, (1, 1, 1)): [9924, 8276, 5421, 3814, 2605, 1164, 479, 189, 81, 28, 11, 6, 2, 1]
(2, (0, 0, 0)): [391458, 16709, 5689, 1789, 646, 236, 80, 30, 7, 2, 2]
(2, (0, 0, 1)): [43217, 14696, 2600, 881, 306, 114, 41, 12, 1, 2, 0, 1]
(2, (0, 1, 0)): [107769, 25173, 6074, 2080, 674, 243, 78, 22, 6, 1]
(2, (0, 1, 1)): [26562, 2386, 6376, 1661, 620, 209, 71, 26, 10, 3, 1]
(2, (1, 0, 0)): [228093, 17623, 9834, 3231, 1071, 347, 136, 46, 12, 3, 3]
(2, (1, 0, 1)): [37932, 10204, 4345, 2245, 716, 263, 83, 33, 11, 2, 0, 1]
(2, (1, 1, 0)): [82724, 13089, 7081, 4200, 1329, 471, 144, 50, 20, 7, 4, 0, 0, 1]
(2, (1, 1, 1)): [24470, 3711, 4261, 2235, 1461, 497, 163, 58, 25, 6, 4, 0, 0, 1]
