(0, (0, 0, 0)): [16969, 3493, 1526, 674, 316, 132, 45, 18, 3, 4]
(0, (0, 0, 1)): [70, 175, 42, 17, 11, 6, 1, 1, 0, 1]
(0, (0, 1, 0)): [557, 481, 193, 98, 39, 21, 7, 3, 1]
(0, (0, 1, 1)): [55, 72, 88, 39, 17, 14, 3, 1]
(0, (1, 0, 0)): [3535, 1103, 718, 327, 190, 87, 30, 12, 3, 3]
(0, (1, 0, 1)): [73, 250, 103, 60, 35, 13, 4, 1]
(0, (1, 1, 0)): [529, 291, 208, 138, 93, 37, 14, 6, 4, 1]
(0, (1, 1, 1)): [53, 80, 74, 46, 49, 18, 7, 3, 1, 1]
(1, (0, 0, 0)): [13927, 1637, 627, 255, 91, 26, 9, 2]
(1, (0, 0, 1)): [315, 434, 73, 33, 10, 9, 2, 1]
(1, (0, 1, 0)): [1676, 726, 265, 105, 49, 20, 3, 1]
(1, (0, 1, 1)): [305, 194, 173, 68, 37, 19, 8, 2, 1]
(1, (1, 0, 0)): [5136, 850, 570, 249, 110, 45, 12, 4, 0, 1]
(1, (1, 0, 1)): [404, 473, 145, 91, 56, 14, 3, 3]
(1, (1, 1, 0)): [1502, 438, 267, 209, 92, 40, 10, 5, 1, 1]
(1, (1, 1, 1)): [278, 253, 143, 83, 78, 32, 12, 7, 2]
(2, (0, 0, 0)): [12151, 603, 185, 63, 13, 4, 2]
(2, (0, 0, 1)): [847, 278, 48, 19, 3, 2]
(2, (0, 1, 0)): [2622, 570, 157, 46, 18, 7, 2]
(2, (0, 1, 1)): [576, 48, 107, 30, 14, 6]
(2, (1, 0, 0)): [6312, 430, 306, 100, 27, 5, 2, 1]
(2, (1, 0, 1)): [988, 255, 79, 48, 19, 3, 2]
(2, (1, 1, 0)): [2597, 370, 163, 143, 31, 14, 3, 1]
(2, (1, 1, 1)): [715, 102, 114, 51, 34, 18, 4, 2, 1]
