(0, (0, 0, 0)): [1134885, 224650, 103908, 47394, 21158, 9046, 3755, 1574, 629, 287, 126, 54, 27, 8, 3, 1, 0, 1]
(0, (0, 0, 1)): [4991, 14714, 4004, 1909, 918, 390, 173, 86, 34, 19, 6, 1, 3, 1]
(0, (0, 1, 0)): [38317, 35567, 13767, 6551, 3205, 1377, 580, 237, 100, 60, 20, 5, 3, 2, 1]
(0, (0, 1, 1)): [3402, 5607, 6890, 3199, 1696, 771, 339, 165, 77, 33, 10, 6, 1, 2, 1, 0, 0, 1]
(0, (1, 0, 0)): [246638, 82027, 51646, 25557, 12171, 5440, 2308, 999, 415, 185, 86, 35, 17, 4, 2, 1, 0, 1]
(0, (1, 0, 1)): [5848, 17421, 7210, 4897, 2633, 1194, 584, 243, 110, 48, 24, 12, 5, 1, 1, 0, 0, 1]
(0, (1, 1, 0)): [33517, 21376, 16480, 11613, 6144, 2915, 1261, 604, 235, 109, 51, 21, 8, 1]
(0, (1, 1, 1)): [3385, 6213, 5184, 3991, 3133, 1563, 733, 371, 156, 71, 36, 13, 3, 1, 1]
(1, (0, 0, 0)): [912859, 98051, 40259, 15935, 6241, 2385, 911, 355, 133, 52, 24, 13, 6, 2, 0, 1]
(1, (0, 0, 1)): [25859, 37137, 7255, 3067, 1304, 534, 209, 85, 38, 14, 6, 4, 4, 1]
(1, (0, 1, 0)): [123663, 56215, 19940, 8394, 3400, 1336, 462, 214, 63, 32, 18, 7, 7, 2, 1]
(1, (0, 1, 1)): [20677, 16600, 15583, 6164, 3102, 1226, 486, 196, 91, 28, 9, 6, 1, 2, 0, 1]
(1, (1, 0, 0)): [355572, 63321, 39838, 17035, 6929, 2749, 1063, 399, 174, 71, 28, 19, 4, 2, 0, 2]
(1, (1, 0, 1)): [28157, 33447, 10955, 7125, 3049, 1244, 476, 195, 67, 45, 13, 4, 0, 1]
(1, (1, 1, 0)): [96324, 29907, 20327, 14172, 6032, 2506, 978, 396, 159, 61, 23, 13, 7, 4, 1]
(1, (1, 1, 1)): [19967, 15670, 10169, 6794, 4842, 2072, 839, 324, 128, 47, 18, 14, 6, 2, 1, 1]
(2, (0, 0, 0)): [788911, 34952, 11735, 3756, 1261, 409, 147, 44, 9, 3, 5, 0, 1]
(2, (0, 0, 1)): [74434, 23784, 4481, 1546, 548, 187, 55, 16, 3, 2, 0, 1]
(2, (0, 1, 0)): [197128, 43130, 11200, 3930, 1259, 423, 133, 37, 8, 6, 5, 0, 1]
(2, (0, 1, 1)): [46302, 4082, 10423, 2776, 1084, 347, 120, 41, 16, 4, 3, 1, 0, 1]
(2, (1, 0, 0)): [432403, 31343, 19654, 6275, 2015, 648, 258, 71, 17, 8, 6, 0, 1]
(2, (1, 0, 1)): [71777, 17882, 7156, 4102, 1328, 447, 159, 52, 19, 6, 0, 2, 1]
(2, (1, 1, 0)): [165376, 25541, 13027, 8550, 2685, 910, 289, 98, 38, 17, 7, 1, 2, 1]
(2, (1, 1, 1)): [48300, 7111, 8097, 4084, 2861, 924, 305, 109, 39, 8, 6, 0, 1, 1]
