(0, (0, 0, 0), (0, 0)): [22646, 4160, 2037, 835, 350, 152, 61, 24, 13, 5, 2, 1]
(0, (0, 0, 0), (0, 1)): [1023, 145, 64, 33, 17, 4, 1, 1]
(0, (0, 0, 0), (0, 2)): [401, 46, 17, 12, 6, 4, 1, 1]
(0, (0, 0, 0), (1, 0)): [819, 144, 72, 28, 18, 5, 2, 1]
(0, (0, 0, 0), (1, 1)): [824, 121, 67, 27, 15, 2]
(0, (0, 0, 0), (1, 2)): [579, 64, 34, 19, 10, 4, 1, 1]
(0, (0, 0, 0), (2, 0)): [225, 51, 28, 10, 6, 3, 1]
(0, (0, 0, 0), (2, 1)): [376, 74, 37, 16, 6, 2, 1]
(0, (0, 0, 0), (2, 2)): [413, 58, 28, 14, 6, 4, 0, 1]
(0, (0, 0, 0), (3, 0)): [59, 16, 4, 2, 4, 1]
(0, (0, 0, 0), (3, 1)): [133, 32, 13, 6, 2, 1, 1]
(0, (0, 0, 0), (3, 2)): [199, 41, 18, 9, 3, 1, 0, 1]
(0, (0, 0, 1), (0, 0)): [71, 227, 58, 24, 16, 5, 2, 0, 1]
(0, (0, 0, 1), (0, 1)): [1, 10, 2, 0, 2]
(0, (0, 0, 1), (0, 2)): [0, 6, 1]
(0, (0, 0, 1), (1, 0)): [1, 6, 4, 3]
(0, (0, 0, 1), (1, 1)): [1, 6, 3, 1, 2]
(0, (0, 0, 1), (1, 2)): [1, 6, 0, 0, 2]
(0, (0, 0, 1), (2, 0)): [0, 1, 2, 2]
(0, (0, 0, 1), (2, 1)): [0, 2, 3, 1]
(0, (0, 0, 1), (2, 2)): [1, 5, 0, 0, 2]
(0, (0, 0, 1), (3, 1)): [0, 0, 2, 1]
(0, (0, 0, 1), (3, 2)): [1, 1, 1, 0, 2]
(0, (0, 1, 0), (0, 0)): [810, 651, 280, 108, 57, 16, 7, 5, 2]
(0, (0, 1, 0), (0, 1)): [32, 29, 5, 3, 3, 1, 0, 1]
(0, (0, 1, 0), (0, 2)): [9, 9, 4, 1, 1, 1]
(0, (0, 1, 0), (1, 0)): [24, 16, 9, 5, 5]
(0, (0, 1, 0), (1, 1)): [21, 21, 5, 4, 4, 0, 0, 1]
(0, (0, 1, 0), (1, 2)): [15, 13, 1, 2, 2, 0, 0, 1]
(0, (0, 1, 0), (2, 0)): [15, 5, 3, 1, 1]
(0, (0, 1, 0), (2, 1)): [15, 9, 3, 1, 1]
(0, (0, 1, 0), (2, 2)): [16, 10, 2, 1, 3]
(0, (0, 1, 0), (3, 0)): [6, 0, 3, 0, 1]
(0, (0, 1, 0), (3, 1)): [8, 1, 2]
(0, (0, 1, 0), (3, 2)): [14, 4, 2, 1, 2]
(0, (0, 1, 1), (0, 0)): [72, 108, 112, 57, 30, 5, 5, 1, 1, 2]
(0, (0, 1, 1), (0, 1)): [3, 3, 2, 1, 0, 0, 0, 0, 1]
(0, (0, 1, 1), (0, 2)): [1, 2, 1, 1]
(0, (0, 1, 1), (1, 0)): [2, 10, 4, 4]
(0, (0, 1, 1), (1, 1)): [3, 4, 2, 1]
(0, (0, 1, 1), (1, 2)): [2, 3, 2]
(0, (0, 1, 1), (2, 0)): [1, 6, 2, 3]
(0, (0, 1, 1), (2, 1)): [2, 3, 2, 3]
(0, (0, 1, 1), (2, 2)): [3, 4, 2, 1]
(0, (0, 1, 1), (3, 0)): [1, 4, 0, 1]
(0, (0, 1, 1), (3, 1)): [0, 0, 0, 1]
(0, (0, 1, 1), (3, 2)): [0, 2, 0, 1]
(0, (1, 0, 0), (0, 0)): [4627, 1404, 879, 399, 193, 85, 32, 15, 8, 4, 1, 1]
(0, (1, 0, 0), (0, 1)): [205, 62, 27, 13, 6, 1]
(0, (1, 0, 0), (0, 2)): [88, 20, 11, 2, 2]
(0, (1, 0, 0), (1, 0)): [159, 54, 24, 14, 6, 2, 1, 2, 0, 1, 0, 1]
(0, (1, 0, 0), (1, 1)): [136, 53, 19, 10, 8, 0, 1, 1, 0, 1, 0, 1]
(0, (1, 0, 0), (1, 2)): [95, 26, 9, 4, 5, 0, 0, 0, 0, 1]
(0, (1, 0, 0), (2, 0)): [49, 14, 7, 5, 0, 1, 0, 1]
(0, (1, 0, 0), (2, 1)): [64, 19, 12, 4, 2, 0, 1, 1, 0, 0, 0, 1]
(0, (1, 0, 0), (2, 2)): [59, 11, 11, 3, 3, 0, 1, 0, 0, 1]
(0, (1, 0, 0), (3, 0)): [9, 5, 4, 3]
(0, (1, 0, 0), (3, 1)): [22, 8, 7, 3, 1, 0, 0, 0, 0, 0, 0, 1]
(0, (1, 0, 0), (3, 2)): [33, 7, 9, 0, 1, 0, 0, 0, 0, 1]
(0, (1, 0, 1), (0, 0)): [114, 279, 113, 77, 42, 18, 8, 4, 2, 1, 1]
(0, (1, 0, 1), (0, 1)): [4, 8, 8, 4, 2]
(0, (1, 0, 1), (0, 2)): [0, 4, 3, 2, 1]
(0, (1, 0, 1), (1, 0)): [3, 11, 1, 2, 2]
(0, (1, 0, 1), (1, 1)): [2, 6, 5, 0, 2]
(0, (1, 0, 1), (1, 2)): [0, 4, 3, 2, 2]
(0, (1, 0, 1), (2, 0)): [1, 1, 0, 1, 1]
(0, (1, 0, 1), (2, 1)): [1, 3, 1, 1, 1]
(0, (1, 0, 1), (2, 2)): [1, 5, 1, 2, 1]
(0, (1, 0, 1), (3, 0)): [0, 1]
(0, (1, 0, 1), (3, 1)): [0, 0, 1]
(0, (1, 0, 1), (3, 2)): [0, 2, 0, 0, 1]
(0, (1, 1, 0), (0, 0)): [600, 348, 247, 175, 91, 51, 20, 4, 3, 2, 0, 1]
(0, (1, 1, 0), (0, 1)): [20, 14, 13, 8, 3, 0, 1, 0, 0, 0, 0, 1]
(0, (1, 1, 0), (0, 2)): [6, 5, 4, 2, 1, 0, 1]
(0, (1, 1, 0), (1, 0)): [17, 13, 7, 5, 5, 1]
(0, (1, 1, 0), (1, 1)): [16, 10, 9, 3, 5, 1]
(0, (1, 1, 0), (1, 2)): [11, 7, 6, 2, 4]
(0, (1, 1, 0), (2, 0)): [3, 4, 1, 1]
(0, (1, 1, 0), (2, 1)): [5, 5, 2, 2]
(0, (1, 1, 0), (2, 2)): [8, 9, 4, 3, 1]
(0, (1, 1, 0), (3, 0)): [0, 0, 0, 1]
(0, (1, 1, 0), (3, 1)): [2, 0, 0, 1]
(0, (1, 1, 0), (3, 2)): [4, 3, 1, 0, 1]
(0, (1, 1, 1), (0, 0)): [55, 91, 71, 53, 39, 22, 13, 4, 3, 3, 0, 1]
(0, (1, 1, 1), (0, 1)): [2, 6, 6, 3]
(0, (1, 1, 1), (0, 2)): [1, 2, 3]
(0, (1, 1, 1), (1, 0)): [1, 2, 4, 2, 2, 0, 0, 0, 0, 0, 0, 1]
(0, (1, 1, 1), (1, 1)): [2, 4, 4, 3]
(0, (1, 1, 1), (1, 2)): [1, 3, 1, 1]
(0, (1, 1, 1), (2, 0)): [0, 1, 1, 1, 2]
(0, (1, 1, 1), (2, 1)): [0, 1, 2, 1, 1]
(0, (1, 1, 1), (2, 2)): [0, 1, 1, 2]
(0, (1, 1, 1), (3, 0)): [0, 1, 0, 1, 1]
(0, (1, 1, 1), (3, 1)): [0, 0, 0, 0, 1]
(0, (1, 1, 1), (3, 2)): [0, 0, 1]
(1, (0, 0, 0), (0, 0)): [18686, 1831, 855, 334, 98, 50, 22, 8, 2, 1, 1]
(1, (0, 0, 0), (0, 1)): [821, 56, 30, 15, 0, 2]
(1, (0, 0, 0), (0, 2)): [337, 18, 3, 3, 0, 2]
(1, (0, 0, 0), (1, 0)): [716, 65, 34, 15, 8, 3, 1]
(1, (0, 0, 0), (1, 1)): [664, 52, 30, 15, 4, 1]
(1, (0, 0, 0), (1, 2)): [457, 21, 14, 6, 3, 3]
(1, (0, 0, 0), (2, 0)): [235, 21, 17, 7, 3, 2]
(1, (0, 0, 0), (2, 1)): [352, 34, 15, 12, 1, 1]
(1, (0, 0, 0), (2, 2)): [360, 20, 17, 8, 3, 2]
(1, (0, 0, 0), (3, 0)): [61, 6, 10, 1, 1]
(1, (0, 0, 0), (3, 1)): [134, 14, 12, 4, 1]
(1, (0, 0, 0), (3, 2)): [174, 16, 13, 3, 3, 1]
(1, (0, 0, 1), (0, 0)): [447, 574, 114, 50, 15, 6, 2]
(1, (0, 0, 1), (0, 1)): [16, 14, 2, 1, 2]
(1, (0, 0, 1), (0, 2)): [9, 3]
(1, (0, 0, 1), (1, 0)): [15, 28, 2, 3, 1]
(1, (0, 0, 1), (1, 1)): [12, 15, 2, 3, 3]
(1, (0, 0, 1), (1, 2)): [10, 6, 0, 2, 2]
(1, (0, 0, 1), (2, 0)): [6, 11, 0, 1]
(1, (0, 0, 1), (2, 1)): [6, 15, 0, 1, 1]
(1, (0, 0, 1), (2, 2)): [4, 6, 0, 2, 1]
(1, (0, 0, 1), (3, 0)): [2, 3, 0, 1]
(1, (0, 0, 1), (3, 1)): [1, 6, 0, 0, 1]
(1, (0, 0, 1), (3, 2)): [1, 5, 0, 1]
(1, (0, 1, 0), (0, 0)): [2290, 912, 366, 126, 51, 18, 7, 7, 1]
(1, (0, 1, 0), (0, 1)): [92, 33, 12, 5, 0, 2]
(1, (0, 1, 0), (0, 2)): [44, 7, 4, 0, 0, 1]
(1, (0, 1, 0), (1, 0)): [91, 41, 12, 5, 4, 0, 1, 1]
(1, (0, 1, 0), (1, 1)): [80, 29, 8, 6, 1, 1]
(1, (0, 1, 0), (1, 2)): [65, 19, 5, 1, 0, 1]
(1, (0, 1, 0), (2, 0)): [28, 17, 8, 0, 2, 0, 1, 1]
(1, (0, 1, 0), (2, 1)): [31, 14, 6, 3, 1]
(1, (0, 1, 0), (2, 2)): [38, 14, 2, 0, 0, 1]
(1, (0, 1, 0), (3, 0)): [15, 9, 2, 0, 2, 0, 1, 1]
(1, (0, 1, 0), (3, 1)): [11, 7, 3, 1, 1, 0, 1]
(1, (0, 1, 0), (3, 2)): [17, 7, 2, 0, 0, 1, 1]
(1, (0, 1, 1), (0, 0)): [358, 252, 227, 81, 51, 15, 5, 3, 1]
(1, (0, 1, 1), (0, 1)): [13, 5, 7, 3, 1]
(1, (0, 1, 1), (0, 2)): [8, 1, 3, 1]
(1, (0, 1, 1), (1, 0)): [14, 15, 10, 5, 4]
(1, (0, 1, 1), (1, 1)): [7, 6, 9, 3, 1]
(1, (0, 1, 1), (1, 2)): [7, 4, 9, 3, 1]
(1, (0, 1, 1), (2, 0)): [9, 8, 4, 3, 2]
(1, (0, 1, 1), (2, 1)): [4, 2, 1, 1, 1]
(1, (0, 1, 1), (2, 2)): [6, 3, 4, 1, 2]
(1, (0, 1, 1), (3, 0)): [7, 5, 3, 2, 1]
(1, (0, 1, 1), (3, 1)): [1, 0, 1, 1]
(1, (0, 1, 1), (3, 2)): [0, 1, 1, 0, 1]
(1, (1, 0, 0), (0, 0)): [6692, 1034, 775, 322, 124, 49, 21, 9, 1, 2]
(1, (1, 0, 0), (0, 1)): [302, 38, 26, 16, 3, 2]
(1, (1, 0, 0), (0, 2)): [118, 15, 10, 3, 0, 1]
(1, (1, 0, 0), (1, 0)): [247, 46, 30, 9, 10, 3, 1, 1]
(1, (1, 0, 0), (1, 1)): [206, 34, 19, 12, 6, 1]
(1, (1, 0, 0), (1, 2)): [148, 20, 14, 4, 2]
(1, (1, 0, 0), (2, 0)): [75, 15, 13, 3, 3, 1, 1]
(1, (1, 0, 0), (2, 1)): [101, 16, 12, 7, 3]
(1, (1, 0, 0), (2, 2)): [86, 15, 11, 3, 1]
(1, (1, 0, 0), (3, 0)): [21, 3, 3, 3]
(1, (1, 0, 0), (3, 1)): [35, 6, 5, 5, 2]
(1, (1, 0, 0), (3, 2)): [49, 14, 6, 4]
(1, (1, 0, 1), (0, 0)): [518, 553, 164, 139, 49, 22, 13, 3]
(1, (1, 0, 1), (0, 1)): [20, 21, 9, 4, 1, 2, 0, 1]
(1, (1, 0, 1), (0, 2)): [7, 7, 2, 2]
(1, (1, 0, 1), (1, 0)): [22, 22, 8, 7, 4]
(1, (1, 0, 1), (1, 1)): [20, 17, 8, 3, 1, 1, 0, 1]
(1, (1, 0, 1), (1, 2)): [17, 6, 3, 0, 0, 1]
(1, (1, 0, 1), (2, 0)): [10, 4, 2, 2, 1]
(1, (1, 0, 1), (2, 1)): [9, 7, 2, 4, 2, 0, 0, 1]
(1, (1, 0, 1), (2, 2)): [11, 8, 2, 1, 1]
(1, (1, 0, 1), (3, 0)): [3, 2, 1, 1]
(1, (1, 0, 1), (3, 1)): [5, 1, 0, 2, 1, 0, 0, 1]
(1, (1, 0, 1), (3, 2)): [6, 2, 1, 1, 2, 0, 0, 1]
(1, (1, 1, 0), (0, 0)): [1775, 528, 351, 251, 102, 36, 19, 10, 3, 2]
(1, (1, 1, 0), (0, 1)): [80, 26, 13, 7, 2, 0, 1, 1]
(1, (1, 1, 0), (0, 2)): [38, 10, 3, 3, 0, 0, 1]
(1, (1, 1, 0), (1, 0)): [65, 11, 12, 12, 8, 4, 1]
(1, (1, 1, 0), (1, 1)): [48, 16, 8, 7, 3, 2, 1, 1]
(1, (1, 1, 0), (1, 2)): [36, 15, 6, 5, 1, 1]
(1, (1, 1, 0), (2, 0)): [26, 5, 2, 6, 5, 2]
(1, (1, 1, 0), (2, 1)): [25, 7, 3, 4, 2, 0, 1, 1]
(1, (1, 1, 0), (2, 2)): [24, 7, 4, 5, 2, 1]
(1, (1, 1, 0), (3, 0)): [8, 1, 1, 3, 2, 1]
(1, (1, 1, 0), (3, 1)): [11, 3, 2, 4, 2, 1, 1, 1]
(1, (1, 1, 0), (3, 2)): [10, 2, 3, 2, 3, 1, 1, 1]
(1, (1, 1, 1), (0, 0)): [352, 272, 158, 107, 72, 29, 15, 2, 0, 2]
(1, (1, 1, 1), (0, 1)): [15, 5, 6, 5, 2]
(1, (1, 1, 1), (0, 2)): [9, 1, 4, 4]
(1, (1, 1, 1), (1, 0)): [16, 7, 4, 4, 1, 0, 1]
(1, (1, 1, 1), (1, 1)): [11, 4, 3, 3, 1]
(1, (1, 1, 1), (1, 2)): [9, 3, 7, 5]
(1, (1, 1, 1), (2, 0)): [5, 3, 1, 0, 0, 0, 1]
(1, (1, 1, 1), (2, 1)): [7, 3, 0, 0, 1, 0, 1]
(1, (1, 1, 1), (2, 2)): [7, 2, 1, 3]
(1, (1, 1, 1), (3, 0)): [0, 2, 1]
(1, (1, 1, 1), (3, 1)): [0, 3, 1]
(1, (1, 1, 1), (3, 2)): [1, 2, 2, 1]
(2, (0, 0, 0), (0, 0)): [16290, 681, 247, 73, 17, 8, 3, 1, 0, 0, 1]
(2, (0, 0, 0), (0, 1)): [744, 19, 8, 4]
(2, (0, 0, 0), (0, 2)): [315, 4, 3, 2]
(2, (0, 0, 0), (1, 0)): [600, 25, 8, 4, 0, 1]
(2, (0, 0, 0), (1, 1)): [550, 20, 3, 2]
(2, (0, 0, 0), (1, 2)): [415, 10, 2, 2]
(2, (0, 0, 0), (2, 0)): [187, 8, 3, 2, 0, 1]
(2, (0, 0, 0), (2, 1)): [301, 12, 1, 1]
(2, (0, 0, 0), (2, 2)): [344, 10, 1, 1]
(2, (0, 0, 0), (3, 0)): [48, 2, 2, 2, 0, 1]
(2, (0, 0, 0), (3, 1)): [118, 4, 1, 2, 0, 1]
(2, (0, 0, 0), (3, 2)): [179, 7, 1, 2]
(2, (0, 0, 1), (0, 0)): [1285, 344, 69, 20, 8, 6]
(2, (0, 0, 1), (0, 1)): [44, 11, 2, 1]
(2, (0, 0, 1), (0, 2)): [17, 2, 1]
(2, (0, 0, 1), (1, 0)): [56, 19, 1, 2, 0, 2]
(2, (0, 0, 1), (1, 1)): [48, 9, 0, 1]
(2, (0, 0, 1), (1, 2)): [29, 4, 1]
(2, (0, 0, 1), (2, 0)): [24, 9, 1, 1, 0, 2]
(2, (0, 0, 1), (2, 1)): [28, 2, 0, 1, 0, 1]
(2, (0, 0, 1), (2, 2)): [22, 2, 1, 0, 0, 1]
(2, (0, 0, 1), (3, 0)): [12, 4, 1, 1, 0, 1]
(2, (0, 0, 1), (3, 1)): [13, 2]
(2, (0, 0, 1), (3, 2)): [10, 1, 1]
(2, (0, 1, 0), (0, 0)): [3536, 679, 207, 62, 20, 12, 2, 2]
(2, (0, 1, 0), (0, 1)): [154, 26, 5, 3]
(2, (0, 1, 0), (0, 2)): [60, 11]
(2, (0, 1, 0), (1, 0)): [160, 29, 10, 6, 1, 1]
(2, (0, 1, 0), (1, 1)): [124, 20, 6, 4]
(2, (0, 1, 0), (1, 2)): [94, 11, 2, 2]
(2, (0, 1, 0), (2, 0)): [76, 14, 4, 5, 1, 1]
(2, (0, 1, 0), (2, 1)): [66, 12, 2, 3, 1]
(2, (0, 1, 0), (2, 2)): [66, 13, 1]
(2, (0, 1, 0), (3, 0)): [41, 6, 2, 4, 0, 1]
(2, (0, 1, 0), (3, 1)): [29, 4, 2, 2, 1]
(2, (0, 1, 0), (3, 2)): [35, 7, 2, 1]
(2, (0, 1, 1), (0, 0)): [827, 59, 158, 51, 27, 7, 6]
(2, (0, 1, 1), (0, 1)): [29, 1, 7, 1, 2]
(2, (0, 1, 1), (0, 2)): [17, 1, 3, 1, 1]
(2, (0, 1, 1), (1, 0)): [35, 5, 4, 4, 0, 1, 1]
(2, (0, 1, 1), (1, 1)): [17, 2, 5, 3, 0, 1]
(2, (0, 1, 1), (1, 2)): [15, 0, 3, 1, 1]
(2, (0, 1, 1), (2, 0)): [20, 3, 3]
(2, (0, 1, 1), (2, 1)): [11, 2, 4, 2, 0, 1]
(2, (0, 1, 1), (2, 2)): [13, 2, 3, 0, 0, 1]
(2, (0, 1, 1), (3, 0)): [15, 2, 2]
(2, (0, 1, 1), (3, 1)): [6, 0, 2, 1]
(2, (0, 1, 1), (3, 2)): [9, 2, 3]
(2, (1, 0, 0), (0, 0)): [8111, 519, 392, 118, 36, 13, 11, 2, 0, 0, 1]
(2, (1, 0, 0), (0, 1)): [341, 16, 7, 3, 0, 0, 1]
(2, (1, 0, 0), (0, 2)): [139, 3, 2, 1]
(2, (1, 0, 0), (1, 0)): [291, 20, 18, 8, 2, 2]
(2, (1, 0, 0), (1, 1)): [252, 11, 8, 3, 1, 0, 1]
(2, (1, 0, 0), (1, 2)): [180, 6, 4, 2]
(2, (1, 0, 0), (2, 0)): [93, 9, 4, 5]
(2, (1, 0, 0), (2, 1)): [124, 4, 3, 2]
(2, (1, 0, 0), (2, 2)): [121, 6, 2, 2]
(2, (1, 0, 0), (3, 0)): [29, 4, 2, 3]
(2, (1, 0, 0), (3, 1)): [40, 4, 3, 1]
(2, (1, 0, 0), (3, 2)): [59, 4, 2]
(2, (1, 0, 1), (0, 0)): [1372, 311, 120, 74, 29, 10, 3, 0, 0, 1]
(2, (1, 0, 1), (0, 1)): [47, 19, 9, 1, 2]
(2, (1, 0, 1), (0, 2)): [18, 8, 3, 0, 1]
(2, (1, 0, 1), (1, 0)): [56, 16, 4, 5, 1, 2]
(2, (1, 0, 1), (1, 1)): [41, 12, 4, 3, 0, 2]
(2, (1, 0, 1), (1, 2)): [33, 6, 1, 0, 1, 2]
(2, (1, 0, 1), (2, 0)): [23, 4, 1, 0, 1]
(2, (1, 0, 1), (2, 1)): [20, 10, 3, 2, 1]
(2, (1, 0, 1), (2, 2)): [18, 6, 3, 1, 1]
(2, (1, 0, 1), (3, 0)): [9, 2, 1]
(2, (1, 0, 1), (3, 1)): [11, 4]
(2, (1, 0, 1), (3, 2)): [13, 2, 3, 0, 1]
(2, (1, 1, 0), (0, 0)): [3105, 443, 215, 154, 41, 19, 10, 6, 1, 0, 1]
(2, (1, 1, 0), (0, 1)): [133, 16, 7, 6, 1, 0, 0, 1]
(2, (1, 1, 0), (0, 2)): [61, 3, 2, 2]
(2, (1, 1, 0), (1, 0)): [90, 12, 9, 7, 3]
(2, (1, 1, 0), (1, 1)): [79, 10, 3, 5, 1]
(2, (1, 1, 0), (1, 2)): [66, 6, 1, 4, 1]
(2, (1, 1, 0), (2, 0)): [32, 4, 4, 3, 1]
(2, (1, 1, 0), (2, 1)): [42, 4, 3, 1, 1]
(2, (1, 1, 0), (2, 2)): [47, 3, 2, 1, 2]
(2, (1, 1, 0), (3, 0)): [11, 0, 1, 1]
(2, (1, 1, 0), (3, 1)): [10, 2, 2]
(2, (1, 1, 0), (3, 2)): [20, 2, 2, 0, 2]
(2, (1, 1, 1), (0, 0)): [902, 118, 139, 65, 57, 19, 10, 2, 1]
(2, (1, 1, 1), (0, 1)): [44, 4, 6, 0, 2, 1]
(2, (1, 1, 1), (0, 2)): [23, 2, 2]
(2, (1, 1, 1), (1, 0)): [21, 5, 9, 4, 2]
(2, (1, 1, 1), (1, 1)): [21, 4, 2, 3, 3]
(2, (1, 1, 1), (1, 2)): [27, 3, 1, 1, 1]
(2, (1, 1, 1), (2, 0)): [4, 1, 4, 1, 1]
(2, (1, 1, 1), (2, 1)): [6, 2, 1, 3, 3]
(2, (1, 1, 1), (2, 2)): [11, 3, 1, 3, 2]
(2, (1, 1, 1), (3, 0)): [0, 0, 2]
(2, (1, 1, 1), (3, 1)): [2, 1, 2, 1, 1]
(2, (1, 1, 1), (3, 2)): [3, 2, 1, 3, 1]
