(0, (0, 0, 0), (0, 0)): [233706, 45800, 20575, 9352, 4153, 1745, 745, 298, 106, 49, 31, 2, 3, 3, 2]
(0, (0, 0, 0), (0, 1)): [747, 145, 51, 24, 11, 3, 1, 1, 0, 1]
(0, (0, 0, 0), (0, 2)): [296, 57, 19, 6, 3, 2, 1, 1]
(0, (0, 0, 0), (1, 0)): [716, 150, 61, 29, 13, 8, 3, 1, 0, 1]
(0, (0, 0, 0), (1, 1)): [585, 126, 39, 22, 9, 1, 0, 1]
(0, (0, 0, 0), (1, 2)): [374, 74, 18, 10, 3, 2, 0, 1]
(0, (0, 0, 0), (2, 0)): [286, 59, 33, 17, 8, 7, 1, 0, 0, 1]
(0, (0, 0, 0), (2, 1)): [327, 72, 23, 14, 5, 2]
(0, (0, 0, 0), (2, 2)): [317, 63, 11, 7, 5, 2]
(0, (0, 0, 0), (3, 0)): [135, 28, 25, 12, 6, 6, 1]
(0, (0, 0, 0), (3, 1)): [146, 36, 22, 9, 2, 1, 1]
(0, (0, 0, 0), (3, 2)): [192, 41, 20, 8, 6, 2, 1]
(0, (0, 0, 1), (0, 0)): [1351, 3961, 1134, 518, 245, 95, 51, 26, 5, 3, 2]
(0, (0, 0, 1), (1, 0)): [3, 9, 3, 3, 2]
(0, (0, 0, 1), (2, 0)): [1, 5, 1, 2, 1]
(0, (0, 0, 1), (3, 0)): [0, 2, 0, 1, 1]
(0, (0, 1, 0), (0, 0)): [7590, 7605, 2761, 1270, 645, 271, 104, 27, 24, 10, 6]
(0, (0, 1, 0), (0, 1)): [21, 26, 2, 2, 0, 1]
(0, (0, 1, 0), (0, 2)): [4, 7, 1, 2, 0, 1]
(0, (0, 1, 0), (1, 0)): [30, 17, 2, 4, 3]
(0, (0, 1, 0), (1, 1)): [20, 15, 1]
(0, (0, 1, 0), (1, 2)): [9, 10, 2, 2]
(0, (0, 1, 0), (2, 0)): [11, 10, 0, 4, 2]
(0, (0, 1, 0), (2, 2)): [8, 7, 1, 3]
(0, (0, 1, 0), (3, 0)): [8, 6, 0, 1, 2]
(0, (0, 1, 0), (3, 1)): [4, 1, 0, 2, 1]
(0, (0, 1, 0), (3, 2)): [3, 4, 1, 2, 1]
(0, (0, 1, 1), (0, 0)): [650, 1179, 1550, 685, 354, 155, 69, 27, 16, 5, 1, 1, 0, 1, 1]
(0, (0, 1, 1), (0, 1)): [4, 4, 5, 1, 3, 0, 0, 0, 1]
(0, (0, 1, 1), (0, 2)): [3, 2, 2, 0, 2]
(0, (0, 1, 1), (1, 0)): [2, 4, 5, 3, 1, 1, 2]
(0, (0, 1, 1), (1, 1)): [2, 2, 4, 1, 2, 0, 0, 0, 1]
(0, (0, 1, 1), (2, 0)): [0, 3, 4, 3, 0, 1]
(0, (0, 1, 1), (3, 0)): [0, 2, 4, 2, 0, 1]
(0, (1, 0, 0), (0, 0)): [53133, 18915, 10868, 5441, 2460, 1086, 477, 194, 68, 33, 23, 2, 3, 3, 2]
(0, (1, 0, 0), (0, 1)): [152, 29, 30, 10, 6, 2, 2, 1, 1]
(0, (1, 0, 0), (0, 2)): [51, 9, 14, 2, 1, 2, 1, 1]
(0, (1, 0, 0), (1, 0)): [125, 51, 32, 15, 3, 2, 0, 0, 2]
(0, (1, 0, 0), (1, 1)): [97, 29, 24, 9, 4, 1]
(0, (1, 0, 0), (1, 2)): [47, 12, 18, 0, 3, 2]
(0, (1, 0, 0), (2, 0)): [43, 22, 8, 8, 2, 0, 0, 0, 2]
(0, (1, 0, 0), (2, 1)): [48, 22, 6, 9, 1, 0, 0, 0, 2]
(0, (1, 0, 0), (2, 2)): [47, 11, 9, 3, 1, 1, 0, 0, 1]
(0, (1, 0, 0), (3, 0)): [20, 7, 3, 5, 1]
(0, (1, 0, 0), (3, 1)): [17, 8, 1, 6, 0, 0, 0, 0, 1]
(0, (1, 0, 0), (3, 2)): [18, 8, 3, 3, 0, 0, 0, 0, 1]
(0, (1, 0, 1), (0, 0)): [1248, 3321, 1597, 1000, 548, 244, 127, 48, 23, 11, 5, 2, 0, 0, 1]
(0, (1, 0, 1), (1, 0)): [7, 16, 4, 1, 2, 3]
(0, (1, 0, 1), (2, 0)): [3, 9, 1, 1, 0, 3]
(0, (1, 0, 1), (3, 0)): [3, 2, 1, 0, 0, 2]
(0, (1, 1, 0), (0, 0)): [6787, 4482, 3751, 2451, 1298, 597, 264, 116, 37, 25, 18, 1, 2, 1]
(0, (1, 1, 0), (0, 1)): [25, 14, 9, 7, 1, 2]
(0, (1, 1, 0), (0, 2)): [12, 6, 5, 4, 1, 1]
(0, (1, 1, 0), (1, 0)): [13, 10, 8, 13, 4, 3, 2, 1]
(0, (1, 1, 0), (1, 1)): [9, 9, 4, 7, 1, 2]
(0, (1, 1, 0), (2, 0)): [8, 2, 6, 5, 3, 0, 1, 1]
(0, (1, 1, 0), (2, 1)): [5, 3, 3, 2, 4, 1, 1]
(0, (1, 1, 0), (3, 0)): [4, 1, 4, 3, 0, 0, 0, 1]
(0, (1, 1, 0), (3, 1)): [3, 2, 3, 3, 3, 1]
(0, (1, 1, 0), (3, 2)): [4, 2, 3, 1, 2]
(0, (1, 1, 1), (0, 0)): [764, 1263, 1089, 965, 732, 354, 157, 85, 36, 25, 11, 1, 1, 1, 1]
(0, (1, 1, 1), (0, 1)): [0, 3, 5, 3, 3, 0, 0, 0, 1]
(0, (1, 1, 1), (1, 0)): [1, 2, 4, 3, 4, 1, 0, 0, 1]
(0, (1, 1, 1), (1, 1)): [1, 2, 2, 3, 4, 1, 0, 0, 1]
(0, (1, 1, 1), (1, 2)): [1, 1, 3, 0, 3]
(0, (1, 1, 1), (2, 0)): [0, 1, 3, 0, 2]
(0, (1, 1, 1), (2, 2)): [0, 1, 1, 2, 1, 1]
(1, (0, 0, 0), (0, 0)): [183764, 18769, 7452, 2849, 1151, 463, 160, 73, 14, 9, 3]
(1, (0, 0, 0), (0, 1)): [593, 68, 18, 8, 4]
(1, (0, 0, 0), (0, 2)): [240, 21, 8, 5]
(1, (0, 0, 0), (1, 0)): [558, 61, 27, 6, 2, 2, 0, 1]
(1, (0, 0, 0), (1, 1)): [458, 52, 16, 7, 3, 1]
(1, (0, 0, 0), (1, 2)): [276, 32, 4, 7, 0, 1]
(1, (0, 0, 0), (2, 0)): [197, 25, 15, 2, 1]
(1, (0, 0, 0), (2, 1)): [245, 28, 17, 4, 2]
(1, (0, 0, 0), (2, 2)): [224, 21, 9, 7, 0, 1]
(1, (0, 0, 0), (3, 0)): [85, 8, 4, 0, 1]
(1, (0, 0, 0), (3, 1)): [108, 19, 9, 0, 1]
(1, (0, 0, 0), (3, 2)): [131, 18, 13, 4, 0, 1]
(1, (0, 0, 1), (0, 0)): [6989, 10562, 2037, 820, 362, 139, 55, 24, 9, 2, 0, 2]
(1, (0, 0, 1), (0, 1)): [19, 31, 2, 1, 1]
(1, (0, 0, 1), (1, 0)): [19, 23, 8, 3, 3]
(1, (0, 0, 1), (1, 1)): [19, 18, 4, 2, 2]
(1, (0, 0, 1), (1, 2)): [11, 13, 2, 1]
(1, (0, 0, 1), (2, 0)): [6, 8, 5, 2, 2]
(1, (0, 0, 1), (3, 0)): [4, 7, 4, 2, 1]
(1, (0, 0, 1), (3, 1)): [4, 4, 0, 0, 2]
(1, (0, 1, 0), (0, 0)): [29303, 14207, 4640, 1850, 717, 309, 104, 42, 10, 5, 1, 1, 1]
(1, (0, 1, 0), (0, 1)): [99, 38, 9, 4, 1, 1, 1]
(1, (0, 1, 0), (0, 2)): [40, 14, 2, 0, 0, 1, 1]
(1, (0, 1, 0), (1, 0)): [115, 51, 17, 9, 5, 2]
(1, (0, 1, 0), (1, 1)): [93, 34, 7, 8, 3, 1]
(1, (0, 1, 0), (1, 2)): [67, 21, 6, 1, 1]
(1, (0, 1, 0), (2, 0)): [51, 16, 9, 3, 2, 1]
(1, (0, 1, 0), (2, 1)): [42, 19, 3, 7, 2, 2]
(1, (0, 1, 0), (2, 2)): [45, 13, 8, 5, 2, 1]
(1, (0, 1, 0), (3, 0)): [31, 10, 4, 2, 2]
(1, (0, 1, 0), (3, 1)): [27, 8, 2, 3, 2, 1]
(1, (0, 1, 0), (3, 2)): [34, 1, 6, 6, 0, 1]
(1, (0, 1, 1), (0, 0)): [4813, 4051, 4326, 1664, 677, 271, 99, 34, 11, 6, 2, 1, 0, 1]
(1, (0, 1, 1), (0, 1)): [16, 5, 14, 3, 0, 0, 0, 1]
(1, (0, 1, 1), (1, 0)): [17, 4, 9, 4, 3]
(1, (0, 1, 1), (1, 1)): [10, 2, 12, 3]
(1, (0, 1, 1), (1, 2)): [9, 0, 7, 1]
(1, (0, 1, 1), (2, 0)): [9, 4, 2, 1, 1]
(1, (0, 1, 1), (2, 1)): [5, 3, 7, 1]
(1, (0, 1, 1), (3, 0)): [7, 3, 1, 0, 1]
(1, (0, 1, 1), (3, 1)): [4, 2, 3]
(1, (1, 0, 0), (0, 0)): [74880, 14251, 7825, 3384, 1330, 562, 175, 84, 22, 11, 6, 0, 0, 2]
(1, (1, 0, 0), (0, 1)): [257, 35, 25, 11, 4, 3, 1]
(1, (1, 0, 0), (0, 2)): [104, 17, 12, 4]
(1, (1, 0, 0), (1, 0)): [235, 48, 46, 16, 3, 3, 0, 1]
(1, (1, 0, 0), (1, 1)): [183, 27, 22, 9, 1, 3, 0, 1]
(1, (1, 0, 0), (1, 2)): [132, 15, 14, 5, 1]
(1, (1, 0, 0), (2, 0)): [86, 20, 23, 8, 3, 1]
(1, (1, 0, 0), (2, 1)): [92, 16, 16, 6, 0, 3, 0, 1]
(1, (1, 0, 0), (2, 2)): [92, 13, 14, 5, 0, 1]
(1, (1, 0, 0), (3, 0)): [30, 12, 9, 4, 3]
(1, (1, 0, 0), (3, 1)): [33, 9, 9, 6, 0, 1, 0, 1]
(1, (1, 0, 0), (3, 2)): [47, 9, 10, 7, 0, 1]
(1, (1, 0, 1), (0, 0)): [5736, 7132, 2648, 1531, 652, 275, 85, 42, 13, 9, 3]
(1, (1, 0, 1), (0, 1)): [17, 13, 8, 4, 1, 1]
(1, (1, 0, 1), (0, 2)): [14, 4, 4, 3, 0, 1]
(1, (1, 0, 1), (1, 0)): [13, 18, 1, 6, 2, 2]
(1, (1, 0, 1), (1, 1)): [5, 14, 2, 5, 1]
(1, (1, 0, 1), (1, 2)): [6, 5, 4, 4, 1]
(1, (1, 0, 1), (2, 0)): [7, 6, 0, 1, 2, 1]
(1, (1, 0, 1), (2, 1)): [2, 9, 0, 2]
(1, (1, 0, 1), (2, 2)): [1, 7, 2, 1]
(1, (1, 0, 1), (3, 0)): [5, 2, 0, 0, 1, 1]
(1, (1, 0, 1), (3, 2)): [1, 6, 2, 1, 1]
(1, (1, 1, 0), (0, 0)): [18635, 5899, 4195, 2717, 1142, 470, 161, 69, 28, 9, 3, 0, 0, 3]
(1, (1, 1, 0), (0, 1)): [59, 17, 11, 10, 4, 1]
(1, (1, 1, 0), (0, 2)): [21, 8, 3, 3, 2]
(1, (1, 1, 0), (1, 0)): [45, 14, 14, 16, 6, 1]
(1, (1, 1, 0), (1, 1)): [54, 11, 5, 9, 2]
(1, (1, 1, 0), (1, 2)): [33, 4, 4, 4, 2]
(1, (1, 1, 0), (2, 0)): [13, 5, 5, 6, 5]
(1, (1, 1, 0), (2, 1)): [25, 11, 2, 7, 2]
(1, (1, 1, 0), (2, 2)): [27, 5, 2, 4, 2]
(1, (1, 1, 0), (3, 0)): [5, 2, 3, 2, 3]
(1, (1, 1, 0), (3, 2)): [11, 7, 1, 2, 3]
(1, (1, 1, 1), (0, 0)): [3545, 2925, 1896, 1449, 922, 414, 159, 75, 23, 6, 1, 0, 0, 1]
(1, (1, 1, 1), (0, 1)): [14, 10, 6, 2, 0, 1]
(1, (1, 1, 1), (0, 2)): [8, 5, 3, 1, 0, 1]
(1, (1, 1, 1), (1, 0)): [9, 10, 12, 5, 8, 3, 1, 1]
(1, (1, 1, 1), (1, 1)): [10, 8, 5, 4, 3, 1]
(1, (1, 1, 1), (1, 2)): [6, 5, 0, 4, 1, 1]
(1, (1, 1, 1), (2, 0)): [2, 4, 7, 2, 4, 2, 1, 1]
(1, (1, 1, 1), (2, 1)): [3, 5, 5, 1, 3, 1, 1]
(1, (1, 1, 1), (2, 2)): [3, 3, 2, 0, 1, 2, 1]
(1, (1, 1, 1), (3, 0)): [1, 3, 3, 2, 2, 2]
(1, (1, 1, 1), (3, 1)): [2, 2, 2, 3, 2, 1]
(1, (1, 1, 1), (3, 2)): [3, 2, 1, 3, 2, 3]
(2, (0, 0, 0), (0, 0)): [158300, 6224, 1961, 617, 214, 66, 24, 11, 1, 1, 1]
(2, (0, 0, 0), (0, 1)): [535, 29, 5, 2]
(2, (0, 0, 0), (0, 2)): [196, 7, 3, 1]
(2, (0, 0, 0), (1, 0)): [614, 43, 12, 4, 2]
(2, (0, 0, 0), (1, 1)): [485, 26, 5, 1]
(2, (0, 0, 0), (1, 2)): [279, 8, 6, 1]
(2, (0, 0, 0), (2, 0)): [248, 15, 6, 3, 1]
(2, (0, 0, 0), (2, 1)): [318, 19, 3, 1]
(2, (0, 0, 0), (2, 2)): [266, 13, 6, 2]
(2, (0, 0, 0), (3, 0)): [94, 7, 5, 2, 1]
(2, (0, 0, 0), (3, 1)): [146, 10, 2]
(2, (0, 0, 0), (3, 2)): [192, 13, 6, 1]
(2, (0, 0, 1), (0, 0)): [20136, 7153, 1140, 355, 124, 38, 16, 3]
(2, (0, 0, 1), (0, 1)): [56, 20, 3]
(2, (0, 0, 1), (0, 2)): [26, 9, 3]
(2, (0, 0, 1), (1, 0)): [57, 24, 4]
(2, (0, 0, 1), (1, 1)): [39, 11, 1]
(2, (0, 0, 1), (1, 2)): [29, 11, 2]
(2, (0, 0, 1), (2, 0)): [29, 8, 3]
(2, (0, 0, 1), (2, 1)): [24, 7, 1]
(2, (0, 0, 1), (3, 0)): [16, 3, 2]
(2, (0, 0, 1), (3, 1)): [17, 2, 1]
(2, (0, 0, 1), (3, 2)): [20, 3, 2]
(2, (0, 1, 0), (0, 0)): [47707, 10850, 2549, 792, 239, 81, 31, 10, 1, 1]
(2, (0, 1, 0), (0, 1)): [117, 21, 3, 1, 4]
(2, (0, 1, 0), (0, 2)): [45, 4, 0, 0, 2]
(2, (0, 1, 0), (1, 0)): [171, 29, 13, 2, 1, 1]
(2, (0, 1, 0), (1, 1)): [116, 23, 4, 0, 2]
(2, (0, 1, 0), (1, 2)): [68, 10, 1, 0, 4]
(2, (0, 1, 0), (2, 0)): [85, 13, 9, 2, 1, 1]
(2, (0, 1, 0), (2, 1)): [82, 15, 4, 0, 0, 1]
(2, (0, 1, 0), (2, 2)): [69, 6, 3, 0, 3]
(2, (0, 1, 0), (3, 0)): [43, 8, 5, 1, 1]
(2, (0, 1, 0), (3, 1)): [44, 9, 1, 0, 1, 1]
(2, (0, 1, 0), (3, 2)): [57, 6, 4, 0, 1, 1]
(2, (0, 1, 1), (0, 0)): [12200, 1140, 2903, 731, 249, 81, 21, 5, 3, 0, 1]
(2, (0, 1, 1), (0, 1)): [39, 5, 7, 2]
(2, (0, 1, 1), (0, 2)): [16, 0, 2, 2]
(2, (0, 1, 1), (1, 0)): [46, 3, 16, 5, 2]
(2, (0, 1, 1), (1, 1)): [29, 4, 11, 2]
(2, (0, 1, 1), (2, 0)): [28, 2, 7, 3, 1]
(2, (0, 1, 1), (3, 0)): [23, 0, 5, 2, 1]
(2, (0, 1, 1), (3, 1)): [7, 1, 4]
(2, (0, 1, 1), (3, 2)): [13, 0, 6]
(2, (1, 0, 0), (0, 0)): [91112, 7005, 3327, 1110, 336, 110, 42, 17, 3, 0, 1]
(2, (1, 0, 0), (0, 1)): [248, 6, 9, 2, 0, 1]
(2, (1, 0, 0), (0, 2)): [72, 2, 2, 0, 0, 1]
(2, (1, 0, 0), (1, 0)): [267, 14, 12, 4, 1]
(2, (1, 0, 0), (1, 1)): [204, 6, 10, 3, 1]
(2, (1, 0, 0), (1, 2)): [97, 2, 6, 2]
(2, (1, 0, 0), (2, 0)): [97, 7, 4, 2]
(2, (1, 0, 0), (2, 1)): [101, 4, 3, 0, 1]
(2, (1, 0, 0), (2, 2)): [74, 3, 7, 1]
(2, (1, 0, 0), (3, 0)): [35, 4, 1, 2]
(2, (1, 0, 0), (3, 1)): [40, 1, 1]
(2, (1, 0, 0), (3, 2)): [33, 2, 1, 1]
(2, (1, 0, 1), (0, 0)): [14676, 4233, 1830, 785, 247, 84, 29, 9, 3, 0, 0, 1]
(2, (1, 0, 1), (0, 1)): [29, 7, 3, 6, 1, 1]
(2, (1, 0, 1), (0, 2)): [12, 2, 1, 4]
(2, (1, 0, 1), (1, 0)): [35, 3, 6, 7]
(2, (1, 0, 1), (2, 0)): [17, 2, 4, 4]
(2, (1, 0, 1), (3, 0)): [11, 1, 2, 1]
(2, (1, 1, 0), (0, 0)): [28922, 4381, 2417, 1377, 391, 139, 40, 14, 5, 1, 2, 0, 0, 1]
(2, (1, 1, 0), (0, 1)): [93, 13, 4, 2, 2]
(2, (1, 1, 0), (0, 2)): [37, 5, 1, 1]
(2, (1, 1, 0), (1, 0)): [78, 9, 9, 9, 0, 2, 0, 1]
(2, (1, 1, 0), (1, 1)): [52, 8, 3, 3, 1]
(2, (1, 1, 0), (1, 2)): [36, 4, 0, 1]
(2, (1, 1, 0), (2, 0)): [42, 5, 5, 5, 0, 1, 0, 1]
(2, (1, 1, 0), (2, 1)): [34, 5, 2, 2, 1]
(2, (1, 1, 0), (2, 2)): [28, 4, 1, 1, 1]
(2, (1, 1, 0), (3, 0)): [24, 2, 4, 2, 0, 1]
(2, (1, 1, 0), (3, 1)): [18, 1, 3, 3]
(2, (1, 1, 0), (3, 2)): [20, 1, 3, 1, 1]
(2, (1, 1, 1), (0, 0)): [8575, 1356, 1437, 822, 488, 146, 51, 15, 6, 2, 2, 0, 0, 1]
(2, (1, 1, 1), (0, 1)): [34, 3, 6, 3, 2, 1]
(2, (1, 1, 1), (0, 2)): [20, 2, 1, 0, 0, 1]
(2, (1, 1, 1), (1, 0)): [25, 9, 3, 8, 0, 1]
(2, (1, 1, 1), (1, 1)): [15, 2, 5, 4]
(2, (1, 1, 1), (1, 2)): [10, 0, 2, 1, 0, 1]
(2, (1, 1, 1), (2, 0)): [14, 8, 1, 4, 0, 1]
(2, (1, 1, 1), (2, 2)): [9, 2, 2, 2]
(2, (1, 1, 1), (3, 0)): [6, 4, 0, 3, 0, 1]
(2, (1, 1, 1), (3, 1)): [7, 3, 0, 2]
(2, (1, 1, 1), (3, 2)): [9, 2, 1, 3]
