(0, (0, 0, 0)): [1324529, 263202, 121174, 55034, 24402, 10418, 4286, 1810, 717, 323, 143, 61, 28, 10, 3, 1, 0, 1]
(0, (0, 0, 1)): [5775, 17063, 4644, 2199, 1053, 445, 199, 95, 36, 20, 8, 1, 3, 2]
(0, (0, 1, 0)): [46168, 42685, 16541, 7935, 3812, 1629, 688, 290, 117, 70, 25, 6, 3, 2, 1]
(0, (0, 1, 1)): [3945, 6610, 7982, 3702, 1948, 899, 385, 182, 88, 40, 10, 6, 1, 2, 1, 0, 0, 1]
(0, (1, 0, 0)): [285834, 95613, 59917, 29594, 13997, 6252, 2603, 1139, 469, 212, 97, 39, 19, 4, 2, 1, 0, 1]
(0, (1, 0, 1)): [6813, 20344, 8388, 5709, 3012, 1366, 668, 275, 129, 53, 26, 13, 5, 1, 1, 0, 0, 1]
(0, (1, 1, 0)): [38887, 24901, 18910, 13330, 7061, 3330, 1410, 684, 272, 129, 61, 24, 9, 1]
(0, (1, 1, 1)): [3889, 7206, 5934, 4538, 3548, 1777, 819, 415, 178, 79, 40, 14, 4, 1, 1]
(1, (0, 0, 0)): [1069360, 115215, 47208, 18569, 7196, 2768, 1058, 405, 151, 60, 26, 14, 6, 3, 0, 1]
(1, (0, 0, 1)): [30277, 43339, 8457, 3579, 1511, 602, 240, 101, 43, 15, 8, 4, 4, 1]
(1, (0, 1, 0)): [146422, 65705, 23390, 9902, 3995, 1577, 538, 249, 71, 35, 20, 7, 8, 2, 1]
(1, (0, 1, 1)): [23853, 19293, 17768, 7031, 3543, 1406, 545, 221, 105, 33, 10, 7, 1, 2, 0, 1]
(1, (1, 0, 0)): [411410, 73386, 46306, 19624, 7914, 3133, 1234, 450, 195, 78, 30, 20, 4, 3, 0, 2]
(1, (1, 0, 1)): [32805, 38779, 12586, 8257, 3504, 1425, 568, 226, 78, 49, 13, 5, 0, 1]
(1, (1, 1, 0)): [112017, 34679, 23415, 16356, 6916, 2850, 1123, 450, 187, 70, 25, 13, 8, 5, 1]
(1, (1, 1, 1)): [23001, 18187, 11726, 7748, 5554, 2372, 966, 370, 149, 55, 20, 15, 6, 3, 1, 1]
(2, (0, 0, 0)): [926067, 41163, 13763, 4389, 1453, 484, 166, 52, 10, 5, 5, 0, 1]
(2, (0, 0, 1)): [87250, 27450, 5261, 1788, 639, 211, 66, 20, 3, 2, 0, 1]
(2, (0, 1, 0)): [231733, 49996, 13130, 4563, 1483, 508, 156, 45, 9, 7, 5, 0, 1]
(2, (0, 1, 1)): [53417, 4669, 11881, 3167, 1233, 390, 136, 47, 17, 4, 3, 1, 0, 1]
(2, (1, 0, 0)): [499473, 36301, 22876, 7274, 2300, 749, 292, 82, 18, 10, 6, 0, 1]
(2, (1, 0, 1)): [83947, 20715, 8229, 4762, 1530, 518, 182, 58, 21, 7, 0, 2, 1]
(2, (1, 1, 0)): [192143, 29563, 14914, 9927, 3148, 1056, 338, 112, 42, 18, 7, 1, 2, 1]
(2, (1, 1, 1)): [55711, 8130, 9405, 4690, 3308, 1058, 355, 124, 42, 9, 6, 0, 1, 1]
