(0, (0, 0, 0), (0, 0)): [669048, 135155, 63442, 29268, 13326, 5821, 2429, 1053, 437, 210, 96, 38, 22, 5, 3, 1, 0, 1]
(0, (0, 0, 0), (0, 1)): [8419, 1631, 762, 320, 167, 66, 23, 13, 3, 5, 2, 0, 2, 1, 0, 1]
(0, (0, 0, 0), (0, 2)): [2906, 513, 249, 97, 50, 12, 8, 9, 0, 1, 0, 0, 1]
(0, (0, 0, 0), (1, 0)): [7913, 1733, 924, 409, 214, 88, 43, 15, 4, 3, 1]
(0, (0, 0, 0), (1, 1)): [7186, 1437, 744, 336, 164, 67, 23, 10, 5, 3, 3, 0, 1, 1, 0, 1]
(0, (0, 0, 0), (1, 2)): [4397, 786, 386, 139, 82, 26, 12, 9, 3, 1, 0, 0, 2]
(0, (0, 0, 0), (2, 0)): [2679, 660, 352, 172, 101, 40, 22, 7, 1, 1]
(0, (0, 0, 0), (2, 1)): [3969, 855, 442, 238, 110, 51, 22, 8, 1, 0, 1, 0, 0, 1]
(0, (0, 0, 0), (2, 2)): [3588, 701, 322, 145, 86, 32, 11, 8, 1, 1, 1, 0, 2]
(0, (0, 0, 0), (3, 0)): [919, 237, 162, 80, 44, 23, 10, 2, 1]
(0, (0, 0, 0), (3, 1)): [1634, 405, 262, 139, 59, 27, 16, 4, 2]
(0, (0, 0, 0), (3, 2)): [2205, 454, 289, 134, 69, 24, 11, 5, 2, 1, 0, 0, 2]
(0, (0, 0, 1), (0, 0)): [3063, 9797, 2771, 1293, 638, 268, 131, 74, 28, 14, 6, 1, 3, 1]
(0, (0, 0, 1), (0, 1)): [30, 76, 34, 7, 7, 3, 4, 0, 0, 0, 0, 0, 0, 1]
(0, (0, 0, 1), (0, 2)): [12, 26, 11, 2, 3]
(0, (0, 0, 1), (1, 0)): [37, 81, 25, 18, 11, 5, 1, 1, 1]
(0, (0, 0, 1), (1, 1)): [27, 57, 25, 7, 8, 4, 3, 0, 0, 0, 0, 0, 0, 1]
(0, (0, 0, 1), (1, 2)): [17, 35, 15, 5, 4, 0, 1]
(0, (0, 0, 1), (2, 0)): [21, 35, 12, 9, 4, 3, 1, 1, 1]
(0, (0, 0, 1), (2, 1)): [22, 29, 14, 5, 7, 3, 1]
(0, (0, 0, 1), (2, 2)): [20, 19, 12, 3, 4, 1, 1]
(0, (0, 0, 1), (3, 0)): [4, 20, 6, 5, 1, 1, 1, 1, 1]
(0, (0, 0, 1), (3, 1)): [8, 13, 6, 3, 3, 2, 0, 1]
(0, (0, 0, 1), (3, 2)): [13, 13, 4, 2, 2, 3, 1, 1]
(0, (0, 1, 0), (0, 0)): [21957, 21905, 8416, 4000, 2014, 899, 375, 162, 71, 43, 17, 5, 2, 0, 1]
(0, (0, 1, 0), (0, 1)): [256, 227, 92, 41, 13, 10, 4, 2]
(0, (0, 1, 0), (0, 2)): [92, 61, 29, 14, 2, 6, 1]
(0, (0, 1, 0), (1, 0)): [250, 241, 89, 57, 29, 16, 7, 0, 1]
(0, (0, 1, 0), (1, 1)): [210, 183, 72, 37, 14, 8, 5, 2]
(0, (0, 1, 0), (1, 2)): [127, 106, 39, 25, 8, 7, 2]
(0, (0, 1, 0), (2, 0)): [81, 92, 39, 26, 14, 10, 3, 0, 1]
(0, (0, 1, 0), (2, 1)): [94, 90, 41, 27, 5, 12, 5, 2]
(0, (0, 1, 0), (2, 2)): [91, 72, 39, 21, 4, 6, 4, 1]
(0, (0, 1, 0), (3, 0)): [39, 36, 18, 14, 10, 2, 1, 0, 1]
(0, (0, 1, 0), (3, 1)): [45, 46, 23, 16, 11, 5, 2, 1]
(0, (0, 1, 0), (3, 2)): [55, 49, 32, 13, 9, 4, 4]
(0, (0, 1, 1), (0, 0)): [1942, 3483, 4492, 2001, 1084, 501, 223, 103, 54, 21, 7, 5, 0, 1, 1, 0, 0, 1]
(0, (0, 1, 1), (0, 1)): [14, 25, 47, 21, 13, 3, 3, 1, 1]
(0, (0, 1, 1), (0, 2)): [4, 8, 18, 8, 7, 1, 1, 1]
(0, (0, 1, 1), (1, 0)): [31, 47, 65, 36, 21, 8, 7, 2, 1, 0, 0, 1]
(0, (0, 1, 1), (1, 1)): [15, 25, 35, 18, 12, 3, 3, 0, 1]
(0, (0, 1, 1), (1, 2)): [5, 8, 18, 12, 8, 2, 2, 1]
(0, (0, 1, 1), (2, 0)): [20, 30, 33, 22, 10, 5, 3, 2, 1, 0, 0, 1]
(0, (0, 1, 1), (2, 1)): [13, 20, 25, 13, 8, 3, 2, 1, 1]
(0, (0, 1, 1), (2, 2)): [12, 10, 19, 10, 5, 2, 1, 1]
(0, (0, 1, 1), (3, 0)): [12, 18, 17, 18, 8, 4, 1, 1, 0, 0, 0, 1]
(0, (0, 1, 1), (3, 1)): [7, 12, 11, 10, 6, 1, 0, 0, 1]
(0, (0, 1, 1), (3, 2)): [9, 7, 17, 7, 4, 2, 1, 1, 1]
(0, (1, 0, 0), (0, 0)): [149253, 51784, 32257, 16101, 7784, 3538, 1510, 669, 287, 138, 66, 23, 14, 3, 2, 1, 0, 1]
(0, (1, 0, 0), (0, 1)): [1768, 486, 373, 172, 97, 41, 14, 6, 3, 1]
(0, (1, 0, 0), (0, 2)): [632, 131, 124, 42, 29, 9, 5, 1, 1, 1]
(0, (1, 0, 0), (1, 0)): [1576, 559, 384, 190, 111, 33, 27, 9, 3, 4, 1]
(0, (1, 0, 0), (1, 1)): [1358, 416, 283, 150, 74, 25, 14, 7, 2, 2]
(0, (1, 0, 0), (1, 2)): [800, 199, 168, 59, 37, 16, 8, 2, 1]
(0, (1, 0, 0), (2, 0)): [495, 202, 129, 75, 50, 18, 8, 6, 2, 2, 1]
(0, (1, 0, 0), (2, 1)): [682, 210, 146, 93, 55, 15, 7, 4, 3, 3]
(0, (1, 0, 0), (2, 2)): [586, 163, 131, 54, 36, 8, 6, 3, 2, 2]
(0, (1, 0, 0), (3, 0)): [156, 69, 51, 35, 24, 8, 1, 4, 0, 1]
(0, (1, 0, 0), (3, 1)): [264, 95, 63, 46, 34, 10, 3, 1, 2, 1]
(0, (1, 0, 0), (3, 2)): [309, 109, 65, 38, 33, 10, 3, 1, 1, 2]
(0, (1, 0, 1), (0, 0)): [3383, 10891, 4625, 3110, 1691, 794, 391, 171, 80, 32, 15, 10, 4, 0, 1, 0, 0, 1]
(0, (1, 0, 1), (0, 1)): [38, 111, 48, 38, 14, 7, 6, 2, 1, 0, 0, 0, 1]
(0, (1, 0, 1), (0, 2)): [16, 43, 10, 12, 5, 4, 4, 1, 1]
(0, (1, 0, 1), (1, 0)): [35, 133, 48, 41, 20, 14, 0, 2, 2]
(0, (1, 0, 1), (1, 1)): [30, 95, 33, 30, 12, 8, 2, 1, 2]
(0, (1, 0, 1), (1, 2)): [17, 47, 14, 13, 8, 4, 1, 2, 2]
(0, (1, 0, 1), (2, 0)): [12, 53, 23, 16, 8, 7, 0, 1]
(0, (1, 0, 1), (2, 1)): [14, 68, 21, 19, 7, 5, 0, 0, 1]
(0, (1, 0, 1), (2, 2)): [17, 46, 19, 10, 5, 3, 0, 2, 1]
(0, (1, 0, 1), (3, 0)): [5, 14, 11, 9, 5, 5, 0, 1]
(0, (1, 0, 1), (3, 1)): [6, 20, 8, 7, 7, 4]
(0, (1, 0, 1), (3, 2)): [6, 24, 15, 7, 6, 1, 0, 0, 1]
(0, (1, 1, 0), (0, 0)): [20139, 13363, 10806, 7380, 4041, 1894, 834, 417, 165, 82, 42, 13, 7, 1]
(0, (1, 1, 0), (0, 1)): [279, 148, 99, 80, 51, 22, 8, 6, 0, 0, 1]
(0, (1, 1, 0), (0, 2)): [88, 51, 37, 26, 21, 6, 3, 4]
(0, (1, 1, 0), (1, 0)): [221, 156, 120, 86, 54, 29, 10, 6, 2, 3]
(0, (1, 1, 0), (1, 1)): [193, 109, 83, 62, 33, 19, 4, 2, 1, 1, 1]
(0, (1, 1, 0), (1, 2)): [118, 60, 50, 38, 19, 8, 3, 3, 0, 1]
(0, (1, 1, 0), (2, 0)): [56, 47, 40, 31, 22, 11, 5, 5, 1, 1]
(0, (1, 1, 0), (2, 1)): [89, 56, 43, 30, 25, 8, 3, 3, 0, 1]
(0, (1, 1, 0), (2, 2)): [76, 51, 41, 28, 13, 7, 1, 2, 0, 2]
(0, (1, 1, 0), (3, 0)): [15, 16, 16, 12, 9, 4, 2, 3, 1]
(0, (1, 1, 0), (3, 1)): [34, 23, 19, 17, 10, 5, 4, 2, 1]
(0, (1, 1, 0), (3, 2)): [51, 30, 23, 18, 9, 4, 1, 2, 1]
(0, (1, 1, 1), (0, 0)): [2107, 3873, 3295, 2670, 2078, 1023, 479, 255, 112, 49, 30, 11, 2, 1, 1]
(0, (1, 1, 1), (0, 1)): [33, 44, 45, 34, 20, 5, 3, 2, 2, 2, 1, 1]
(0, (1, 1, 1), (0, 2)): [15, 18, 13, 11, 10, 1, 0, 1, 1, 0, 0, 1]
(0, (1, 1, 1), (1, 0)): [22, 56, 56, 39, 39, 20, 7, 5, 2, 0, 1]
(0, (1, 1, 1), (1, 1)): [21, 37, 42, 31, 19, 7, 5, 3, 1, 1, 1]
(0, (1, 1, 1), (1, 2)): [19, 21, 22, 11, 9, 3, 2, 1, 1, 0, 0, 1]
(0, (1, 1, 1), (2, 0)): [6, 23, 15, 19, 20, 5, 1, 2, 1, 0, 1]
(0, (1, 1, 1), (2, 1)): [9, 21, 20, 17, 18, 4, 0, 4, 2]
(0, (1, 1, 1), (2, 2)): [11, 22, 15, 16, 9, 3, 2, 3, 0, 0, 0, 1]
(0, (1, 1, 1), (3, 0)): [1, 4, 6, 8, 6, 1, 0, 0, 0, 0, 1]
(0, (1, 1, 1), (3, 1)): [2, 6, 7, 14, 7, 0, 0, 0, 1, 0, 1]
(1, (0, 0, 0), (0, 0)): [531224, 57555, 23914, 9575, 3822, 1514, 569, 237, 88, 37, 15, 10, 5, 2, 0, 1]
(1, (0, 0, 0), (0, 1)): [6747, 703, 290, 109, 54, 10, 3, 5, 1, 0, 0, 0, 0, 1]
(1, (0, 0, 0), (0, 2)): [2339, 197, 82, 34, 12, 2, 0, 2]
(1, (0, 0, 0), (1, 0)): [6535, 826, 382, 128, 62, 24, 10, 4, 0, 1, 0, 0, 0, 0, 0, 1]
(1, (0, 0, 0), (1, 1)): [5804, 676, 275, 95, 49, 15, 6, 2, 1, 1, 0, 0, 0, 1]
(1, (0, 0, 0), (1, 2)): [3493, 350, 128, 57, 22, 8, 2, 2]
(1, (0, 0, 0), (2, 0)): [2278, 325, 184, 52, 27, 13, 4, 2, 0, 0, 0, 0, 0, 0, 0, 1]
(1, (0, 0, 0), (2, 1)): [3209, 409, 194, 61, 40, 11, 3, 1, 0, 1]
(1, (0, 0, 0), (2, 2)): [2914, 316, 125, 48, 21, 9, 4, 2]
(1, (0, 0, 0), (3, 0)): [770, 116, 87, 24, 13, 4, 2, 0, 0, 0, 0, 0, 0, 0, 0, 1]
(1, (0, 0, 0), (3, 1)): [1380, 222, 123, 38, 26, 5, 1]
(1, (0, 0, 0), (3, 2)): [1697, 229, 123, 44, 19, 8, 2, 2]
(1, (0, 0, 1), (0, 0)): [16262, 25161, 4905, 2064, 892, 359, 157, 73, 32, 12, 6, 4, 3, 1]
(1, (0, 0, 1), (0, 1)): [157, 207, 38, 13, 7, 1, 3]
(1, (0, 0, 1), (0, 2)): [63, 69, 12, 3, 1, 0, 1]
(1, (0, 0, 1), (1, 0)): [193, 249, 54, 25, 14, 8, 4, 1, 1]
(1, (0, 0, 1), (1, 1)): [146, 182, 34, 14, 7, 2, 2, 1]
(1, (0, 0, 1), (1, 2)): [100, 92, 15, 7, 3, 1, 1]
(1, (0, 0, 1), (2, 0)): [86, 102, 27, 16, 7, 6, 4, 0, 1]
(1, (0, 0, 1), (2, 1)): [73, 98, 19, 10, 4, 3, 4, 1]
(1, (0, 0, 1), (2, 2)): [73, 83, 12, 7, 2, 1]
(1, (0, 0, 1), (3, 0)): [37, 50, 16, 11, 5, 3, 2, 0, 1]
(1, (0, 0, 1), (3, 1)): [46, 55, 7, 9, 4, 1, 2, 1]
(1, (0, 0, 1), (3, 2)): [48, 53, 10, 7, 2, 1, 1]
(1, (0, 1, 0), (0, 0)): [75759, 36622, 12643, 5332, 2178, 901, 324, 148, 44, 27, 10, 5, 5, 1, 1]
(1, (0, 1, 0), (0, 1)): [743, 314, 111, 45, 16, 6, 4, 2, 1]
(1, (0, 1, 0), (0, 2)): [268, 112, 35, 10, 4, 2, 2]
(1, (0, 1, 0), (1, 0)): [978, 446, 147, 94, 50, 16, 4, 2, 0, 0, 1, 0, 0, 1]
(1, (0, 1, 0), (1, 1)): [691, 277, 88, 52, 25, 8, 4, 2, 1, 0, 0, 0, 0, 1]
(1, (0, 1, 0), (1, 2)): [419, 160, 52, 21, 9, 3, 2]
(1, (0, 1, 0), (2, 0)): [427, 172, 71, 57, 25, 9, 2, 2, 0, 0, 1]
(1, (0, 1, 0), (2, 1)): [372, 153, 46, 40, 20, 8, 4, 3, 0, 0, 1, 0, 0, 1]
(1, (0, 1, 0), (2, 2)): [329, 140, 42, 27, 14, 2, 1]
(1, (0, 1, 0), (3, 0)): [211, 90, 30, 40, 19, 3, 0, 1]
(1, (0, 1, 0), (3, 1)): [189, 69, 29, 26, 14, 4, 1, 1, 0, 0, 0, 0, 0, 1]
(1, (0, 1, 0), (3, 2)): [190, 72, 29, 28, 15, 1, 0, 0, 0, 0, 0, 0, 0, 1]
(1, (0, 1, 1), (0, 0)): [12853, 11015, 10810, 4234, 2069, 834, 329, 129, 72, 21, 9, 4, 1, 1, 0, 1]
(1, (0, 1, 1), (0, 1)): [125, 91, 78, 22, 13, 7, 5, 2]
(1, (0, 1, 1), (0, 2)): [62, 22, 24, 6, 4, 0, 1]
(1, (0, 1, 1), (1, 0)): [205, 147, 118, 60, 48, 12, 6, 4, 2, 1]
(1, (0, 1, 1), (1, 1)): [98, 77, 64, 26, 12, 5, 6, 2]
(1, (0, 1, 1), (1, 2)): [75, 35, 34, 16, 2, 1, 2]
(1, (0, 1, 1), (2, 0)): [135, 97, 68, 37, 39, 11, 4, 3, 2, 1]
(1, (0, 1, 1), (2, 1)): [63, 49, 36, 15, 5, 7, 4, 1]
(1, (0, 1, 1), (2, 2)): [59, 37, 29, 15, 5, 0, 0, 1]
(1, (0, 1, 1), (3, 0)): [107, 82, 52, 28, 36, 8, 4, 3, 2, 1]
(1, (0, 1, 1), (3, 1)): [30, 24, 14, 7, 2, 5, 4]
(1, (0, 1, 1), (3, 2)): [34, 32, 21, 3, 3, 2, 1]
(1, (1, 0, 0), (0, 0)): [215635, 40407, 24479, 10682, 4319, 1802, 683, 263, 119, 54, 22, 15, 3, 2, 0, 2]
(1, (1, 0, 0), (0, 1)): [2515, 372, 279, 113, 47, 15, 12, 1, 0, 2]
(1, (1, 0, 0), (0, 2)): [866, 112, 102, 36, 16, 4, 5, 0, 0, 2]
(1, (1, 0, 0), (1, 0)): [2521, 470, 354, 149, 58, 23, 8, 6, 1, 1, 0, 0, 1, 0, 0, 1]
(1, (1, 0, 0), (1, 1)): [2065, 329, 240, 81, 40, 14, 5, 3, 0, 0, 0, 0, 0, 0, 0, 1]
(1, (1, 0, 0), (1, 2)): [1182, 154, 130, 39, 22, 8, 4, 1, 0, 1]
(1, (1, 0, 0), (2, 0)): [821, 182, 139, 72, 26, 11, 5, 0, 1, 1, 0, 0, 1]
(1, (1, 0, 0), (2, 1)): [1057, 200, 150, 63, 26, 9, 2, 1, 1, 0, 0, 0, 0, 0, 0, 1]
(1, (1, 0, 0), (2, 2)): [895, 141, 114, 49, 23, 9, 2, 0, 0, 1]
(1, (1, 0, 0), (3, 0)): [279, 76, 47, 31, 13, 4, 3, 0, 0, 1, 0, 0, 1]
(1, (1, 0, 0), (3, 1)): [417, 113, 67, 39, 12, 4, 3, 1, 0, 0, 0, 0, 0, 0, 0, 1]
(1, (1, 0, 0), (3, 2)): [473, 100, 59, 39, 13, 9, 2, 0, 0, 0, 0, 0, 0, 0, 0, 1]
(1, (1, 0, 1), (0, 0)): [16697, 21466, 7241, 4580, 1956, 843, 308, 130, 55, 39, 13, 3, 0, 1]
(1, (1, 0, 1), (0, 1)): [211, 191, 56, 46, 23, 9, 6, 1, 3, 2]
(1, (1, 0, 1), (0, 2)): [98, 55, 16, 17, 4, 5, 1, 1, 0, 1]
(1, (1, 0, 1), (1, 0)): [199, 264, 67, 49, 26, 14, 3, 1, 0, 2]
(1, (1, 0, 1), (1, 1)): [156, 166, 43, 39, 26, 2, 5, 0, 2]
(1, (1, 0, 1), (1, 2)): [116, 81, 29, 25, 12, 3, 2, 1, 0, 1]
(1, (1, 0, 1), (2, 0)): [77, 91, 21, 15, 9, 8, 1, 0, 0, 1]
(1, (1, 0, 1), (2, 1)): [80, 86, 17, 20, 11, 5, 4, 0, 2]
(1, (1, 0, 1), (2, 2)): [74, 61, 19, 11, 7, 4, 2, 0, 1]
(1, (1, 0, 1), (3, 0)): [29, 39, 9, 5, 5, 3, 0, 0, 0, 1]
(1, (1, 0, 1), (3, 1)): [27, 43, 8, 11, 9, 5]
(1, (1, 0, 1), (3, 2)): [34, 34, 14, 9, 11, 7, 2, 0, 1]
(1, (1, 1, 0), (0, 0)): [57729, 18396, 13111, 8769, 3853, 1662, 666, 262, 102, 48, 17, 9, 5, 4, 1]
(1, (1, 1, 0), (0, 1)): [697, 180, 140, 96, 36, 13, 11, 2]
(1, (1, 1, 0), (0, 2)): [252, 69, 45, 32, 12, 2, 1]
(1, (1, 1, 0), (1, 0)): [681, 222, 165, 134, 62, 17, 6, 3, 1, 1, 0, 0, 2, 1]
(1, (1, 1, 0), (1, 1)): [565, 152, 121, 85, 35, 10, 9, 3, 0, 1]
(1, (1, 1, 0), (1, 2)): [378, 88, 62, 55, 19, 4, 3, 1]
(1, (1, 1, 0), (2, 0)): [231, 80, 59, 46, 27, 8, 1, 1, 1, 0, 0, 0, 2, 1]
(1, (1, 1, 0), (2, 1)): [286, 96, 61, 48, 17, 6, 4, 1, 0, 1, 0, 0, 1]
(1, (1, 1, 0), (2, 2)): [273, 71, 42, 30, 18, 1, 2, 1]
(1, (1, 1, 0), (3, 0)): [65, 26, 26, 17, 16, 6, 1, 1, 1, 0, 0, 0, 1]
(1, (1, 1, 0), (3, 1)): [118, 42, 34, 23, 15, 3, 4, 2, 0, 1, 0, 0, 1]
(1, (1, 1, 0), (3, 2)): [146, 46, 31, 19, 19, 2, 4, 3, 0, 1, 0, 0, 1]
(1, (1, 1, 1), (0, 0)): [11864, 9735, 6372, 4436, 3115, 1366, 571, 222, 99, 37, 14, 10, 5, 2, 1, 1]
(1, (1, 1, 1), (0, 1)): [169, 120, 85, 49, 47, 12, 5, 4, 2]
(1, (1, 1, 1), (0, 2)): [84, 44, 31, 16, 17, 4, 3]
(1, (1, 1, 1), (1, 0)): [158, 121, 94, 55, 49, 21, 11, 2, 2, 2, 0, 1, 1]
(1, (1, 1, 1), (1, 1)): [124, 87, 63, 42, 42, 12, 3, 3, 1]
(1, (1, 1, 1), (1, 2)): [96, 42, 40, 26, 22, 7, 4, 1]
(1, (1, 1, 1), (2, 0)): [53, 49, 43, 22, 19, 11, 5, 2, 1, 1, 0, 1, 1]
(1, (1, 1, 1), (2, 1)): [63, 53, 43, 25, 30, 6, 2, 2, 1, 1, 0, 1]
(1, (1, 1, 1), (2, 2)): [65, 36, 38, 22, 26, 5, 4, 2]
(1, (1, 1, 1), (3, 0)): [14, 20, 12, 11, 5, 7, 3, 0, 1, 0, 0, 0, 1]
(1, (1, 1, 1), (3, 1)): [28, 26, 9, 14, 10, 6, 2, 1, 0, 0, 0, 0, 1]
(1, (1, 1, 1), (3, 2)): [46, 25, 19, 21, 17, 8, 2, 1]
(2, (0, 0, 0), (0, 0)): [456476, 19750, 6757, 2140, 766, 266, 90, 34, 8, 2, 2, 0, 1]
(2, (0, 0, 0), (0, 1)): [5984, 257, 85, 25, 14, 4]
(2, (0, 0, 0), (0, 2)): [1962, 56, 17, 10, 1, 1]
(2, (0, 0, 0), (1, 0)): [6077, 375, 118, 42, 14, 8, 2, 0, 0, 0, 0, 0, 1]
(2, (0, 0, 0), (1, 1)): [5376, 266, 92, 20, 14, 4, 1]
(2, (0, 0, 0), (1, 2)): [3113, 113, 38, 13, 5, 3, 1]
(2, (0, 0, 0), (2, 0)): [2235, 148, 54, 26, 7, 5, 1, 0, 0, 0, 0, 0, 1]
(2, (0, 0, 0), (2, 1)): [3156, 164, 63, 23, 8, 3]
(2, (0, 0, 0), (2, 2)): [2638, 124, 41, 18, 8, 4]
(2, (0, 0, 0), (3, 0)): [794, 62, 31, 12, 4, 2, 1, 0, 0, 0, 0, 0, 1]
(2, (0, 0, 0), (3, 1)): [1427, 85, 44, 13, 5, 3]
(2, (0, 0, 0), (3, 2)): [1724, 96, 47, 14, 4, 3]
(2, (0, 0, 1), (0, 0)): [48096, 16214, 2934, 999, 359, 130, 44, 13, 1, 2, 0, 1]
(2, (0, 0, 1), (0, 1)): [472, 149, 34, 9, 6, 3, 1]
(2, (0, 0, 1), (0, 2)): [184, 38, 14, 1, 1, 1]
(2, (0, 0, 1), (1, 0)): [557, 171, 49, 14, 6, 2, 0, 1]
(2, (0, 0, 1), (1, 1)): [422, 120, 30, 7, 6, 1, 1]
(2, (0, 0, 1), (1, 2)): [268, 64, 18, 4, 2, 1, 1]
(2, (0, 0, 1), (2, 0)): [251, 71, 21, 11, 4, 2, 0, 1]
(2, (0, 0, 1), (2, 1)): [263, 70, 20, 6, 6, 0, 0, 1]
(2, (0, 0, 1), (2, 2)): [218, 47, 21, 3, 3, 1, 1]
(2, (0, 0, 1), (3, 0)): [128, 29, 13, 7, 1, 2]
(2, (0, 0, 1), (3, 1)): [153, 34, 11, 5, 4]
(2, (0, 0, 1), (3, 2)): [155, 39, 13, 3, 2, 1]
(2, (0, 1, 0), (0, 0)): [122603, 28314, 6994, 2408, 772, 272, 91, 23, 6, 1, 1, 0, 1]
(2, (0, 1, 0), (0, 1)): [1207, 225, 57, 20, 10, 1, 1]
(2, (0, 1, 0), (0, 2)): [437, 53, 13, 3, 4]
(2, (0, 1, 0), (1, 0)): [1690, 286, 126, 53, 13, 6, 1, 0, 0, 0, 0, 0, 1]
(2, (0, 1, 0), (1, 1)): [1135, 211, 71, 23, 8, 3, 1]
(2, (0, 1, 0), (1, 2)): [627, 98, 28, 14, 5]
(2, (0, 1, 0), (2, 0)): [795, 124, 65, 38, 9, 2, 1, 0, 0, 0, 0, 0, 1]
(2, (0, 1, 0), (2, 1)): [739, 124, 49, 16, 5, 2, 0, 0, 0, 0, 0, 0, 1]
(2, (0, 1, 0), (2, 2)): [610, 86, 29, 18, 5]
(2, (0, 1, 0), (3, 0)): [441, 60, 39, 23, 6, 0, 1]
(2, (0, 1, 0), (3, 1)): [385, 67, 35, 13, 7, 1, 1, 0, 0, 0, 0, 0, 1]
(2, (0, 1, 0), (3, 2)): [418, 61, 30, 13, 3, 1, 1, 0, 0, 0, 0, 0, 1]
(2, (0, 1, 1), (0, 0)): [29874, 2712, 7090, 1852, 711, 234, 82, 32, 11, 4, 2]
(2, (0, 1, 1), (0, 1)): [283, 23, 49, 11, 4, 2, 1, 2]
(2, (0, 1, 1), (0, 2)): [110, 5, 16, 5, 2, 1, 1]
(2, (0, 1, 1), (1, 0)): [411, 44, 81, 29, 17, 3, 2, 0, 0, 0, 1]
(2, (0, 1, 1), (1, 1)): [252, 23, 46, 10, 5, 1, 1, 1]
(2, (0, 1, 1), (1, 2)): [165, 7, 27, 6, 2, 1, 2]
(2, (0, 1, 1), (2, 0)): [217, 33, 39, 20, 13, 3, 1, 0, 0, 0, 1]
(2, (0, 1, 1), (2, 1)): [132, 19, 29, 8, 3, 1]
(2, (0, 1, 1), (2, 2)): [122, 12, 24, 6, 0, 1, 1]
(2, (0, 1, 1), (3, 0)): [161, 22, 24, 12, 12, 3, 1, 0, 0, 0, 1]
(2, (0, 1, 1), (3, 1)): [73, 9, 17, 5, 1, 1]
(2, (0, 1, 1), (3, 2)): [87, 12, 22, 6, 1, 2]
(2, (1, 0, 0), (0, 0)): [263909, 20223, 11611, 3777, 1261, 405, 155, 50, 13, 5, 3, 0, 1]
(2, (1, 0, 0), (0, 1)): [2875, 153, 130, 40, 14, 6, 1, 1]
(2, (1, 0, 0), (0, 2)): [978, 45, 34, 7, 6, 2, 1]
(2, (1, 0, 0), (1, 0)): [3144, 265, 189, 78, 25, 6, 3, 0, 0, 0, 0, 0, 1]
(2, (1, 0, 0), (1, 1)): [2392, 157, 134, 44, 10, 2]
(2, (1, 0, 0), (1, 2)): [1382, 71, 59, 26, 6, 2]
(2, (1, 0, 0), (2, 0)): [1105, 118, 71, 39, 15, 3, 2, 0, 0, 0, 0, 0, 1]
(2, (1, 0, 0), (2, 1)): [1296, 100, 77, 21, 13, 3, 0, 0, 0, 0, 0, 0, 1]
(2, (1, 0, 0), (2, 2)): [1072, 72, 57, 20, 8, 4]
(2, (1, 0, 0), (3, 0)): [351, 54, 20, 24, 5, 1, 2]
(2, (1, 0, 0), (3, 1)): [532, 60, 41, 20, 7, 1, 2, 0, 0, 0, 0, 0, 1]
(2, (1, 0, 0), (3, 2)): [608, 63, 35, 18, 5, 5, 0, 0, 0, 0, 0, 0, 1]
(2, (1, 0, 1), (0, 0)): [43161, 11503, 4864, 2577, 818, 289, 100, 33, 12, 2, 0, 2]
(2, (1, 0, 1), (0, 1)): [526, 109, 49, 38, 16, 2, 0, 0, 0, 0, 0, 1]
(2, (1, 0, 1), (0, 2)): [205, 27, 14, 12, 6]
(2, (1, 0, 1), (1, 0)): [515, 113, 67, 40, 19, 6, 1]
(2, (1, 0, 1), (1, 1)): [413, 92, 38, 29, 14, 1, 1, 0, 0, 0, 0, 1]
(2, (1, 0, 1), (1, 2)): [264, 42, 13, 12, 5, 0, 0, 0, 0, 0, 0, 1]
(2, (1, 0, 1), (2, 0)): [189, 37, 33, 20, 4, 3]
(2, (1, 0, 1), (2, 1)): [227, 52, 19, 18, 10, 2]
(2, (1, 0, 1), (2, 2)): [181, 32, 10, 9, 7, 1, 0, 0, 0, 0, 0, 1]
(2, (1, 0, 1), (3, 0)): [77, 14, 15, 11, 2, 1]
(2, (1, 0, 1), (3, 1)): [109, 21, 13, 13, 5]
(2, (1, 0, 1), (3, 2)): [117, 21, 10, 5, 6, 1]
(2, (1, 1, 0), (0, 0)): [98281, 15582, 8267, 5018, 1609, 567, 168, 58, 24, 9, 5, 0, 2, 1]
(2, (1, 1, 0), (0, 1)): [1166, 174, 87, 56, 19, 5, 2, 0, 0, 0, 0, 0, 1]
(2, (1, 1, 0), (0, 2)): [408, 55, 25, 10, 5]
(2, (1, 1, 0), (1, 0)): [1235, 181, 109, 93, 24, 11, 2, 2, 1, 1]
(2, (1, 1, 0), (1, 1)): [974, 137, 69, 56, 14, 5, 1, 1, 1, 1, 0, 0, 1]
(2, (1, 1, 0), (1, 2)): [598, 70, 47, 20, 4, 2, 1]
(2, (1, 1, 0), (2, 0)): [455, 68, 52, 43, 14, 6, 1, 1]
(2, (1, 1, 0), (2, 1)): [554, 68, 40, 34, 12, 6, 0, 1, 1, 1, 0, 0, 1]
(2, (1, 1, 0), (2, 2)): [473, 63, 34, 26, 8, 3, 1, 0, 1]
(2, (1, 1, 0), (3, 0)): [174, 30, 24, 22, 8, 3, 1]
(2, (1, 1, 0), (3, 1)): [243, 30, 26, 27, 3, 5, 1, 1, 0, 0, 0, 0, 1]
(2, (1, 1, 0), (3, 2)): [292, 34, 25, 24, 7, 2, 1, 0, 1]
(2, (1, 1, 1), (0, 0)): [29014, 4401, 4976, 2620, 1754, 596, 190, 67, 29, 7, 5, 0, 1, 1]
(2, (1, 1, 1), (0, 1)): [433, 44, 64, 36, 27, 4, 4, 2, 1, 0, 0, 0, 1]
(2, (1, 1, 1), (0, 2)): [201, 8, 14, 6, 6, 1, 1, 0, 1]
(2, (1, 1, 1), (1, 0)): [372, 105, 65, 55, 23, 11, 4, 0, 1, 0, 1]
(2, (1, 1, 1), (1, 1)): [324, 50, 56, 32, 23, 3, 2, 0, 0, 0, 1, 0, 1]
(2, (1, 1, 1), (1, 2)): [235, 17, 23, 14, 10, 2, 2, 0, 0, 0, 1]
(2, (1, 1, 1), (2, 0)): [111, 77, 21, 27, 10, 7, 3]
(2, (1, 1, 1), (2, 1)): [154, 47, 30, 21, 14, 3, 3, 0, 0, 0, 0, 0, 1]
(2, (1, 1, 1), (2, 2)): [162, 25, 21, 15, 7, 2, 2, 0, 0, 0, 1]
(2, (1, 1, 1), (3, 0)): [26, 54, 8, 15, 3, 4]
(2, (1, 1, 1), (3, 1)): [55, 49, 11, 16, 9, 3, 2]
(2, (1, 1, 1), (3, 2)): [91, 36, 15, 20, 10, 5, 2, 0, 0, 0, 1]
