(0, (0, 0, 0), (0, 0)): [946795, 188859, 87963, 40138, 18027, 7797, 3227, 1351, 550, 251, 111, 49, 26, 7, 3, 1, 0, 1]
(0, (0, 0, 0), (0, 1)): [20010, 3633, 1710, 755, 332, 147, 51, 30, 7, 5, 2, 0, 2, 1, 0, 1]
(0, (0, 0, 0), (0, 2)): [7343, 1147, 530, 242, 105, 39, 18, 13, 2, 1, 0, 0, 1]
(0, (0, 0, 0), (1, 0)): [18258, 3865, 1949, 882, 443, 186, 85, 32, 11, 6, 2]
(0, (0, 0, 0), (1, 1)): [16824, 3229, 1596, 732, 332, 135, 47, 23, 6, 4, 3, 0, 1, 1, 0, 1]
(0, (0, 0, 0), (1, 2)): [10895, 1828, 840, 368, 184, 76, 22, 13, 5, 2, 0, 0, 2]
(0, (0, 0, 0), (2, 0)): [6003, 1412, 752, 373, 183, 90, 41, 15, 4, 2, 1]
(0, (0, 0, 0), (2, 1)): [8974, 1860, 1002, 475, 216, 95, 39, 21, 3, 1, 1, 0, 0, 1]
(0, (0, 0, 0), (2, 2)): [8607, 1568, 781, 359, 171, 81, 21, 12, 3, 3, 1, 0, 2]
(0, (0, 0, 0), (3, 0)): [1967, 488, 310, 173, 81, 47, 19, 6, 3, 0, 1]
(0, (0, 0, 0), (3, 1)): [3600, 872, 551, 281, 115, 56, 24, 13, 4]
(0, (0, 0, 0), (3, 2)): [4902, 1031, 639, 295, 135, 58, 16, 10, 5, 2, 0, 0, 2]
(0, (0, 0, 1), (0, 0)): [4201, 12731, 3494, 1648, 809, 353, 158, 82, 31, 19, 6, 1, 3, 1]
(0, (0, 0, 1), (0, 1)): [77, 201, 62, 20, 17, 7, 5, 1, 0, 1, 0, 0, 0, 1]
(0, (0, 0, 1), (0, 2)): [33, 79, 18, 7, 6, 1]
(0, (0, 0, 1), (1, 1)): [65, 145, 50, 17, 19, 7, 5, 1, 0, 1, 0, 0, 0, 1]
(0, (0, 0, 1), (1, 2)): [46, 101, 28, 9, 9, 0, 3, 1, 0, 1]
(0, (0, 0, 1), (2, 1)): [37, 88, 29, 16, 13, 5, 1]
(0, (0, 0, 1), (3, 1)): [15, 37, 13, 8, 7, 4, 0, 1]
(0, (0, 0, 1), (3, 2)): [22, 45, 13, 5, 9, 4, 1, 1]
(0, (0, 1, 0), (0, 0)): [31282, 29785, 11619, 5460, 2698, 1171, 478, 205, 90, 52, 18, 5, 3, 1, 1]
(0, (0, 1, 0), (0, 1)): [631, 511, 186, 93, 34, 21, 10, 5, 1]
(0, (0, 1, 0), (0, 2)): [247, 152, 64, 27, 7, 9, 2, 0, 1]
(0, (0, 1, 0), (1, 0)): [586, 509, 221, 116, 59, 27, 10, 2, 1]
(0, (0, 1, 0), (1, 1)): [502, 423, 173, 85, 33, 15, 10, 5]
(0, (0, 1, 0), (1, 2)): [334, 253, 98, 51, 19, 10, 4, 2, 1]
(0, (0, 1, 0), (2, 0)): [200, 178, 75, 47, 26, 17, 3, 0, 1]
(0, (0, 1, 0), (2, 1)): [247, 221, 94, 53, 14, 17, 6, 3]
(0, (0, 1, 0), (2, 2)): [260, 190, 87, 46, 15, 7, 6, 1, 1]
(0, (0, 1, 0), (3, 0)): [76, 65, 34, 26, 19, 5, 1, 0, 1]
(0, (0, 1, 0), (3, 1)): [100, 94, 50, 29, 16, 9, 3, 1]
(0, (0, 1, 0), (3, 2)): [157, 116, 65, 34, 17, 6, 6]
(0, (0, 1, 1), (0, 0)): [2797, 4709, 5909, 2687, 1454, 658, 292, 137, 64, 32, 9, 6, 1, 2, 1, 0, 0, 1]
(0, (0, 1, 1), (0, 1)): [49, 61, 95, 43, 24, 8, 8, 3, 2]
(0, (0, 1, 1), (0, 2)): [25, 24, 34, 15, 13, 5, 3, 2]
(0, (0, 1, 1), (1, 0)): [63, 107, 128, 68, 43, 17, 8, 6, 4, 0, 0, 1]
(0, (0, 1, 1), (1, 1)): [39, 62, 84, 43, 23, 5, 5, 2, 2]
(0, (0, 1, 1), (1, 2)): [27, 32, 47, 22, 18, 5, 3, 2, 1]
(0, (0, 1, 1), (2, 0)): [38, 62, 62, 36, 23, 12, 4, 5, 3, 0, 0, 1]
(0, (0, 1, 1), (2, 1)): [29, 42, 55, 28, 13, 4, 2, 5, 3]
(0, (0, 1, 1), (2, 2)): [34, 34, 43, 19, 11, 4, 2, 2, 2]
(0, (0, 1, 1), (3, 0)): [24, 39, 32, 24, 17, 11, 2, 1, 0, 0, 0, 1]
(0, (0, 1, 1), (3, 1)): [10, 23, 21, 15, 10, 1, 0, 2, 2]
(0, (1, 0, 0), (0, 0)): [206994, 69402, 43894, 21672, 10363, 4686, 1990, 865, 362, 162, 76, 32, 16, 4, 2, 1, 0, 1]
(0, (1, 0, 0), (0, 1)): [4211, 1117, 805, 390, 207, 92, 31, 14, 8, 1]
(0, (1, 0, 0), (0, 2)): [1606, 333, 263, 106, 59, 20, 13, 2, 5, 1]
(0, (1, 0, 0), (1, 0)): [3611, 1168, 867, 412, 205, 80, 46, 20, 8, 6, 2, 1]
(0, (1, 0, 0), (1, 1)): [3113, 905, 676, 315, 163, 63, 26, 15, 6, 4, 0, 1]
(0, (1, 0, 0), (1, 2)): [1995, 480, 374, 150, 82, 28, 18, 8, 3, 2]
(0, (1, 0, 0), (2, 0)): [1139, 393, 279, 157, 83, 34, 14, 10, 4, 2, 2]
(0, (1, 0, 0), (2, 1)): [1509, 462, 347, 185, 93, 39, 15, 7, 5, 3, 0, 1]
(0, (1, 0, 0), (2, 2)): [1400, 374, 286, 127, 73, 23, 15, 7, 3, 3]
(0, (1, 0, 0), (3, 0)): [331, 134, 106, 70, 42, 13, 4, 5, 0, 1, 1]
(0, (1, 0, 0), (3, 1)): [565, 199, 152, 97, 60, 19, 5, 3, 4, 1, 1, 1]
(0, (1, 0, 0), (3, 2)): [713, 230, 167, 86, 64, 19, 7, 5, 3, 3]
(0, (1, 0, 1), (0, 0)): [4775, 14766, 6148, 4153, 2235, 1024, 505, 210, 96, 41, 20, 12, 5, 1, 1, 0, 0, 1]
(0, (1, 0, 1), (0, 1)): [89, 256, 104, 71, 31, 17, 12, 3, 1, 0, 0, 0, 1]
(0, (1, 0, 1), (0, 2)): [32, 98, 24, 23, 13, 8, 5, 1, 1]
(0, (1, 0, 1), (1, 0)): [86, 274, 98, 79, 41, 24, 2, 4, 4, 1, 1]
(0, (1, 0, 1), (1, 1)): [79, 203, 73, 54, 25, 13, 6, 1, 2, 0, 1]
(0, (1, 0, 1), (1, 2)): [60, 117, 36, 27, 14, 9, 3, 2, 2]
(0, (1, 0, 1), (2, 0)): [28, 96, 43, 30, 17, 13, 0, 3, 1, 1]
(0, (1, 0, 1), (2, 1)): [26, 121, 43, 34, 18, 9, 1, 0, 2, 0, 1]
(0, (1, 0, 1), (2, 2)): [46, 99, 33, 19, 13, 5, 2, 2, 1, 0, 1]
(0, (1, 0, 1), (3, 0)): [14, 33, 19, 14, 8, 8, 0, 3]
(0, (1, 0, 1), (3, 2)): [15, 49, 26, 11, 10, 4, 1, 0, 1, 0, 1]
(0, (1, 1, 0), (0, 0)): [28070, 18000, 14076, 9825, 5271, 2494, 1084, 528, 205, 93, 47, 18, 7, 1]
(0, (1, 1, 0), (0, 1)): [605, 326, 228, 174, 95, 41, 14, 11, 2, 0, 1, 1]
(0, (1, 1, 0), (0, 2)): [231, 117, 74, 55, 35, 13, 6, 6]
(0, (1, 1, 0), (1, 0)): [482, 295, 238, 174, 88, 55, 21, 13, 3, 3]
(0, (1, 1, 0), (1, 1)): [415, 220, 181, 131, 60, 35, 12, 9, 3, 1, 1]
(0, (1, 1, 0), (1, 2)): [287, 129, 98, 71, 38, 16, 4, 9, 1, 1]
(0, (1, 1, 0), (2, 0)): [138, 94, 74, 63, 34, 23, 7, 6, 2, 1]
(0, (1, 1, 0), (2, 1)): [192, 116, 83, 73, 37, 22, 9, 5, 2, 1]
(0, (1, 1, 0), (2, 2)): [193, 103, 75, 55, 25, 15, 3, 7, 2, 2]
(0, (1, 1, 0), (3, 1)): [69, 47, 40, 40, 18, 13, 8, 3, 2]
(0, (1, 1, 0), (3, 2)): [108, 58, 45, 39, 16, 12, 2, 5, 2]
(0, (1, 1, 1), (0, 0)): [2907, 5246, 4399, 3423, 2692, 1331, 636, 328, 138, 62, 33, 12, 3, 1, 1]
(0, (1, 1, 1), (0, 1)): [76, 96, 87, 58, 42, 24, 8, 5, 6, 2, 1, 1]
(0, (1, 1, 1), (1, 0)): [51, 106, 106, 76, 66, 33, 11, 10, 3, 0, 1, 1]
(0, (1, 1, 1), (1, 1)): [56, 80, 88, 60, 34, 23, 9, 7, 2, 1, 1]
(0, (1, 1, 1), (2, 1)): [28, 39, 37, 35, 28, 14, 3, 4, 2]
(0, (1, 1, 1), (2, 2)): [27, 35, 33, 29, 14, 10, 3, 3, 1, 0, 0, 1]
(1, (0, 0, 0), (0, 0)): [759237, 82067, 33768, 13448, 5302, 2039, 774, 298, 116, 45, 21, 11, 6, 2, 0, 1]
(1, (0, 0, 0), (0, 1)): [16168, 1630, 686, 259, 106, 28, 12, 8, 1, 0, 0, 0, 0, 1]
(1, (0, 0, 0), (0, 2)): [5934, 480, 193, 72, 30, 9, 1, 2]
(1, (0, 0, 0), (1, 0)): [15321, 1894, 818, 306, 138, 51, 19, 7, 0, 1, 0, 0, 0, 0, 0, 1]
(1, (0, 0, 0), (1, 1)): [13884, 1518, 629, 232, 101, 39, 17, 5, 1, 1, 0, 0, 0, 1]
(1, (0, 0, 0), (1, 2)): [8763, 768, 305, 131, 58, 27, 7, 2]
(1, (0, 0, 0), (2, 0)): [5240, 728, 365, 128, 55, 22, 7, 4, 0, 0, 0, 0, 0, 0, 0, 1]
(1, (0, 0, 0), (2, 1)): [7635, 941, 409, 153, 68, 21, 10, 5, 0, 1]
(1, (0, 0, 0), (2, 2)): [7259, 716, 315, 124, 58, 32, 10, 3]
(1, (0, 0, 0), (3, 0)): [1659, 259, 172, 55, 27, 8, 4, 0, 0, 0, 0, 0, 0, 0, 0, 1]
(1, (0, 0, 0), (3, 1)): [3183, 491, 257, 91, 46, 7, 3, 3]
(1, (0, 0, 0), (3, 2)): [4147, 517, 266, 92, 50, 19, 10, 3]
(1, (0, 0, 1), (0, 0)): [21814, 32182, 6329, 2634, 1134, 469, 184, 78, 36, 12, 6, 4, 4, 1]
(1, (0, 0, 1), (0, 1)): [399, 432, 92, 31, 17, 7, 5]
(1, (0, 0, 1), (0, 2)): [168, 141, 28, 7, 2, 1, 3]
(1, (0, 0, 1), (1, 0)): [400, 561, 113, 60, 28, 12, 6, 2, 1]
(1, (0, 0, 1), (1, 1)): [350, 406, 80, 37, 21, 6, 2, 2]
(1, (0, 0, 1), (1, 2)): [260, 225, 34, 15, 11, 2, 2]
(1, (0, 0, 1), (2, 0)): [174, 224, 46, 27, 14, 7, 5, 0, 1]
(1, (0, 0, 1), (2, 1)): [166, 244, 40, 23, 12, 7, 5, 2]
(1, (0, 0, 1), (2, 2)): [173, 188, 35, 16, 6, 2, 1]
(1, (0, 0, 1), (3, 0)): [76, 90, 27, 18, 8, 3, 2, 0, 1]
(1, (0, 0, 1), (3, 1)): [89, 119, 15, 14, 7, 3, 3, 2]
(1, (0, 0, 1), (3, 2)): [106, 117, 23, 13, 5, 2, 3]
(1, (0, 1, 0), (0, 0)): [103452, 47977, 16964, 7127, 2891, 1169, 395, 187, 53, 29, 16, 7, 6, 1, 1]
(1, (0, 1, 0), (0, 1)): [1804, 704, 264, 109, 34, 14, 7, 3, 1]
(1, (0, 1, 0), (0, 2)): [706, 242, 80, 22, 9, 6, 3]
(1, (0, 1, 0), (1, 0)): [2152, 962, 345, 200, 97, 27, 11, 4, 0, 0, 1, 0, 0, 1]
(1, (0, 1, 0), (1, 1)): [1594, 609, 241, 116, 45, 15, 7, 4, 1, 0, 0, 0, 0, 1]
(1, (0, 1, 0), (1, 2)): [1046, 358, 133, 44, 16, 7, 5, 2]
(1, (0, 1, 0), (2, 0)): [929, 411, 154, 104, 48, 15, 7, 3, 0, 0, 1]
(1, (0, 1, 0), (2, 1)): [848, 350, 131, 78, 36, 11, 6, 3, 0, 0, 1, 0, 0, 1]
(1, (0, 1, 0), (2, 2)): [814, 309, 120, 43, 25, 6, 3, 1]
(1, (0, 1, 0), (3, 0)): [491, 199, 64, 74, 35, 8, 4, 2]
(1, (0, 1, 0), (3, 1)): [417, 164, 63, 49, 24, 7, 3, 1, 0, 0, 0, 0, 0, 1]
(1, (0, 1, 0), (3, 2)): [465, 169, 79, 44, 24, 2, 4, 1, 0, 0, 0, 0, 0, 1]
(1, (0, 1, 1), (0, 0)): [17401, 14260, 13651, 5362, 2699, 1063, 424, 166, 83, 22, 9, 5, 1, 2, 0, 1]
(1, (0, 1, 1), (0, 1)): [262, 176, 162, 53, 29, 14, 5, 2]
(1, (0, 1, 1), (0, 2)): [132, 55, 54, 17, 9, 3, 1]
(1, (0, 1, 1), (1, 0)): [457, 333, 258, 131, 87, 32, 13, 8, 3, 1]
(1, (0, 1, 1), (1, 2)): [170, 82, 82, 38, 11, 5, 2]
(1, (0, 1, 1), (2, 0)): [296, 218, 144, 88, 68, 28, 10, 7, 3, 1]
(1, (0, 1, 1), (3, 0)): [241, 170, 113, 67, 60, 24, 7, 7, 3, 1]
(1, (1, 0, 0), (0, 0)): [298799, 53967, 33769, 14539, 5921, 2372, 914, 339, 153, 63, 24, 16, 4, 2, 0, 2]
(1, (1, 0, 0), (0, 1)): [6088, 847, 633, 259, 108, 40, 17, 3, 1, 2]
(1, (1, 0, 0), (0, 2)): [2191, 264, 226, 68, 31, 11, 6, 1, 0, 2]
(1, (1, 0, 0), (1, 0)): [5686, 1013, 723, 336, 145, 49, 23, 9, 1, 2, 0, 0, 1, 0, 0, 1]
(1, (1, 0, 0), (1, 1)): [4827, 731, 535, 220, 93, 35, 13, 6, 1, 0, 0, 0, 0, 0, 0, 1]
(1, (1, 0, 0), (1, 2)): [3016, 379, 311, 97, 48, 17, 5, 4, 0, 1]
(1, (1, 0, 0), (2, 0)): [1848, 363, 273, 156, 60, 24, 10, 0, 1, 2, 0, 0, 1]
(1, (1, 0, 0), (2, 1)): [2446, 424, 328, 152, 62, 20, 9, 2, 2, 0, 0, 0, 0, 0, 0, 1]
(1, (1, 0, 0), (2, 2)): [2234, 317, 274, 104, 46, 13, 5, 3, 1, 1]
(1, (1, 0, 0), (3, 0)): [566, 124, 89, 71, 26, 10, 4, 0, 0, 2, 0, 0, 1]
(1, (1, 0, 0), (3, 1)): [934, 224, 150, 91, 31, 12, 6, 1, 0, 1, 0, 0, 0, 0, 0, 1]
(1, (1, 0, 0), (3, 2)): [1159, 230, 159, 83, 30, 14, 5, 1, 1, 1, 0, 0, 0, 0, 0, 1]
(1, (1, 0, 1), (0, 0)): [23350, 28589, 9390, 6094, 2647, 1098, 407, 169, 62, 43, 13, 3, 0, 1]
(1, (1, 0, 1), (0, 1)): [482, 433, 130, 102, 50, 18, 10, 3, 3, 2]
(1, (1, 0, 1), (0, 2)): [222, 132, 44, 33, 8, 7, 4, 1, 0, 1]
(1, (1, 0, 1), (1, 0)): [459, 534, 159, 119, 65, 20, 6, 1, 0, 2]
(1, (1, 0, 1), (1, 1)): [358, 360, 104, 90, 46, 6, 7, 2, 2]
(1, (1, 0, 1), (1, 2)): [281, 189, 60, 53, 20, 6, 5, 2, 0, 1]
(1, (1, 0, 1), (2, 0)): [180, 182, 58, 34, 29, 12, 1, 0, 0, 1]
(1, (1, 0, 1), (2, 1)): [168, 192, 56, 48, 28, 7, 5, 1, 2]
(1, (1, 0, 1), (2, 2)): [176, 144, 52, 31, 19, 5, 5, 0, 1]
(1, (1, 0, 1), (3, 0)): [72, 74, 20, 14, 14, 6, 0, 0, 0, 1]
(1, (1, 0, 1), (3, 1)): [75, 89, 19, 24, 20, 6, 0, 1]
(1, (1, 0, 1), (3, 2)): [93, 83, 30, 24, 19, 8, 3, 1, 1]
(1, (1, 1, 0), (0, 0)): [80210, 25083, 17398, 11993, 5160, 2172, 848, 336, 138, 56, 19, 11, 6, 4, 1]
(1, (1, 1, 0), (0, 1)): [1652, 439, 277, 216, 87, 33, 18, 5, 1]
(1, (1, 1, 0), (0, 2)): [665, 172, 93, 74, 26, 8, 4]
(1, (1, 1, 0), (1, 0)): [1507, 502, 356, 276, 123, 43, 17, 7, 1, 2, 0, 0, 2, 1]
(1, (1, 1, 0), (1, 1)): [1263, 351, 245, 187, 80, 30, 17, 6, 0, 2]
(1, (1, 1, 0), (1, 2)): [908, 218, 140, 109, 42, 14, 8, 1]
(1, (1, 1, 0), (2, 0)): [503, 178, 126, 106, 49, 17, 3, 2, 1, 0, 0, 0, 2, 1]
(1, (1, 1, 0), (2, 2)): [654, 174, 101, 81, 39, 12, 4, 1]
(1, (1, 1, 0), (3, 0)): [140, 65, 40, 34, 25, 10, 1, 2, 1, 0, 0, 0, 1]
(1, (1, 1, 0), (3, 1)): [258, 104, 72, 57, 31, 11, 7, 3, 0, 1, 0, 0, 1]
(1, (1, 1, 0), (3, 2)): [348, 105, 75, 50, 33, 13, 7, 4, 0, 1, 0, 0, 1]
(1, (1, 1, 1), (0, 0)): [16597, 13152, 8533, 5806, 4161, 1764, 729, 276, 116, 42, 15, 12, 6, 2, 1, 1]
(1, (1, 1, 1), (0, 1)): [400, 252, 165, 104, 89, 33, 14, 5, 3]
(1, (1, 1, 1), (0, 2)): [205, 88, 59, 33, 33, 11, 7]
(1, (1, 1, 1), (1, 0)): [343, 253, 175, 111, 97, 39, 17, 6, 2, 2, 0, 1, 1]
(1, (1, 1, 1), (1, 1)): [283, 184, 132, 91, 80, 31, 7, 5, 1]
(1, (1, 1, 1), (1, 2)): [227, 93, 82, 53, 40, 24, 8, 1]
(1, (1, 1, 1), (2, 0)): [101, 100, 73, 44, 31, 18, 10, 3, 1, 1, 0, 1, 1]
(1, (1, 1, 1), (2, 1)): [142, 123, 81, 54, 46, 14, 8, 4, 1, 1, 0, 1]
(1, (1, 1, 1), (2, 2)): [150, 86, 67, 59, 40, 17, 7, 2]
(1, (1, 1, 1), (3, 2)): [76, 57, 34, 38, 26, 14, 3, 2]
(2, (0, 0, 0), (0, 0)): [655873, 29045, 9813, 3133, 1078, 353, 129, 40, 9, 3, 4, 0, 1]
(2, (0, 0, 0), (0, 1)): [14044, 586, 207, 53, 31, 6, 5, 1]
(2, (0, 0, 0), (0, 2)): [5022, 154, 45, 15, 8, 1, 1, 1]
(2, (0, 0, 0), (1, 0)): [13957, 802, 266, 80, 35, 10, 3, 0, 0, 0, 0, 0, 1]
(2, (0, 0, 0), (1, 1)): [12369, 612, 217, 48, 30, 5, 6]
(2, (0, 0, 0), (1, 2)): [7688, 272, 96, 23, 14, 3, 3]
(2, (0, 0, 0), (2, 0)): [5012, 298, 120, 48, 17, 6, 1, 0, 0, 0, 0, 0, 1]
(2, (0, 0, 0), (2, 1)): [7123, 369, 135, 47, 10, 4, 3]
(2, (0, 0, 0), (2, 2)): [6441, 281, 105, 31, 13, 4, 1]
(2, (0, 0, 0), (3, 0)): [1693, 120, 69, 25, 13, 3, 1, 0, 0, 0, 0, 0, 1]
(2, (0, 0, 0), (3, 1)): [3218, 185, 89, 32, 12, 5, 2]
(2, (0, 0, 0), (3, 2)): [4058, 218, 101, 28, 9, 4]
(2, (0, 0, 1), (0, 0)): [63469, 20666, 3846, 1306, 466, 167, 49, 15, 2, 2, 0, 1]
(2, (0, 0, 1), (0, 1)): [1115, 316, 69, 22, 10, 3, 1]
(2, (0, 0, 1), (1, 0)): [1293, 385, 81, 31, 11, 4, 0, 2]
(2, (0, 0, 1), (1, 1)): [1042, 251, 57, 19, 9, 1, 1, 1]
(2, (0, 0, 1), (1, 2)): [691, 130, 28, 9, 2, 1, 1]
(2, (0, 0, 1), (2, 0)): [545, 163, 37, 21, 7, 4, 0, 1]
(2, (0, 0, 1), (2, 1)): [607, 140, 43, 15, 9, 1, 0, 2]
(2, (0, 0, 1), (2, 2)): [567, 105, 36, 6, 3, 2, 1]
(2, (0, 0, 1), (3, 0)): [272, 72, 20, 14, 3, 3]
(2, (0, 0, 1), (3, 1)): [301, 75, 19, 13, 6, 0, 0, 1]
(2, (0, 0, 1), (3, 2)): [350, 73, 25, 8, 2, 1]
(2, (0, 1, 0), (0, 0)): [166357, 36964, 9506, 3318, 1056, 358, 114, 31, 6, 3, 3, 0, 1]
(2, (0, 1, 0), (0, 1)): [2886, 524, 138, 51, 17, 1, 1]
(2, (0, 1, 0), (0, 2)): [1077, 147, 33, 11, 6]
(2, (0, 1, 0), (1, 0)): [3757, 649, 276, 113, 28, 15, 5, 1, 0, 0, 0, 0, 1]
(2, (0, 1, 0), (1, 1)): [2681, 466, 167, 56, 15, 4, 3, 1]
(2, (0, 1, 0), (1, 2)): [1659, 235, 65, 32, 6]
(2, (0, 1, 0), (2, 0)): [1755, 286, 136, 78, 20, 10, 3, 0, 0, 0, 0, 0, 1]
(2, (0, 1, 0), (2, 1)): [1613, 295, 102, 42, 11, 7, 3, 1, 0, 0, 0, 0, 1]
(2, (0, 1, 0), (2, 2)): [1466, 220, 65, 36, 8, 3, 0, 1]
(2, (0, 1, 0), (3, 0)): [985, 132, 78, 52, 14, 4, 2]
(2, (0, 1, 0), (3, 1)): [759, 133, 66, 26, 11, 4, 3, 0, 0, 0, 0, 0, 1]
(2, (0, 1, 0), (3, 2)): [944, 151, 62, 32, 7, 4, 1, 0, 0, 0, 0, 0, 1]
(2, (0, 1, 1), (0, 0)): [39549, 3518, 9110, 2383, 934, 303, 108, 38, 11, 4, 3, 1, 0, 1]
(2, (0, 1, 1), (0, 1)): [623, 54, 113, 25, 7, 3, 1, 3]
(2, (0, 1, 1), (0, 2)): [262, 19, 37, 9, 4, 1, 1]
(2, (0, 1, 1), (1, 0)): [875, 93, 174, 63, 27, 6, 4, 0, 0, 0, 1]
(2, (0, 1, 1), (1, 1)): [567, 48, 104, 29, 6, 3, 1, 2]
(2, (0, 1, 1), (1, 2)): [375, 26, 55, 10, 4, 1, 2, 1]
(2, (0, 1, 1), (2, 0)): [446, 57, 89, 37, 21, 5, 1, 0, 0, 0, 1]
(2, (0, 1, 1), (3, 0)): [315, 42, 51, 23, 18, 4, 1, 0, 0, 0, 1]
(2, (1, 0, 0), (0, 0)): [364990, 26883, 16556, 5276, 1719, 549, 225, 62, 16, 8, 5, 0, 1]
(2, (1, 0, 0), (0, 1)): [6931, 370, 297, 82, 34, 8, 6, 1]
(2, (1, 0, 0), (0, 2)): [2489, 107, 76, 15, 12, 2, 1]
(2, (1, 0, 0), (1, 0)): [7101, 573, 418, 157, 44, 13, 6, 1, 0, 0, 0, 0, 1]
(2, (1, 0, 0), (1, 1)): [5711, 353, 289, 93, 26, 3, 4]
(2, (1, 0, 0), (1, 2)): [3543, 177, 120, 47, 13, 2]
(2, (1, 0, 0), (2, 0)): [2393, 228, 144, 78, 19, 5, 3, 0, 0, 0, 0, 0, 1]
(2, (1, 0, 0), (2, 1)): [2902, 189, 162, 56, 22, 6, 2, 0, 0, 0, 0, 0, 1]
(2, (1, 0, 0), (2, 2)): [2678, 162, 122, 39, 16, 5, 1]
(2, (1, 0, 0), (3, 0)): [778, 106, 42, 45, 6, 1, 2]
(2, (1, 0, 0), (3, 1)): [1235, 130, 78, 43, 9, 3, 2, 0, 0, 0, 0, 0, 1]
(2, (1, 0, 0), (3, 2)): [1477, 132, 82, 36, 10, 7, 1, 0, 0, 0, 0, 0, 1]
(2, (1, 0, 1), (0, 0)): [59658, 15281, 6217, 3490, 1145, 381, 139, 45, 17, 5, 0, 2, 1]
(2, (1, 0, 1), (0, 1)): [1188, 253, 103, 72, 24, 2, 2, 2, 0, 0, 0, 1]
(2, (1, 0, 1), (0, 2)): [462, 74, 30, 17, 10, 0, 0, 1]
(2, (1, 0, 1), (1, 0)): [1106, 249, 120, 85, 36, 12, 4]
(2, (1, 0, 1), (1, 1)): [900, 193, 77, 65, 19, 6, 5, 1, 0, 0, 0, 1]
(2, (1, 0, 1), (1, 2)): [609, 94, 35, 26, 11, 4, 1, 2, 0, 0, 0, 1]
(2, (1, 0, 1), (2, 0)): [400, 87, 62, 29, 15, 4, 1]
(2, (1, 0, 1), (2, 1)): [498, 115, 40, 36, 16, 3, 1]
(2, (1, 0, 1), (2, 2)): [440, 75, 29, 22, 10, 3, 1, 2, 0, 0, 0, 1]
(2, (1, 0, 1), (3, 2)): [260, 53, 30, 13, 8, 3, 1, 2]
(2, (1, 1, 0), (0, 0)): [137912, 21465, 11057, 7138, 2246, 773, 236, 81, 31, 13, 6, 1, 2, 1]
(2, (1, 1, 0), (0, 1)): [2836, 389, 182, 123, 38, 7, 4, 2, 0, 0, 0, 0, 1]
(2, (1, 1, 0), (0, 2)): [1121, 120, 53, 26, 9, 1, 1]
(2, (1, 1, 0), (1, 0)): [2713, 415, 226, 190, 60, 19, 6, 2, 1, 1]
(2, (1, 1, 0), (1, 1)): [2267, 309, 150, 123, 31, 7, 2, 2, 1, 1, 0, 0, 1]
(2, (1, 1, 0), (1, 2)): [1552, 176, 83, 49, 13, 3, 2, 1]
(2, (1, 1, 0), (2, 0)): [955, 162, 102, 81, 32, 12, 3, 1]
(2, (1, 1, 0), (2, 1)): [1224, 154, 100, 80, 24, 11, 2, 1, 1, 1, 0, 0, 1]
(2, (1, 1, 0), (2, 2)): [1152, 143, 71, 62, 15, 4, 3, 1, 1]
(2, (1, 1, 0), (3, 0)): [345, 62, 45, 33, 15, 5, 1]
(2, (1, 1, 0), (3, 1)): [533, 85, 61, 46, 13, 8, 2, 1, 0, 0, 0, 0, 1]
(2, (1, 1, 0), (3, 2)): [655, 87, 58, 45, 15, 3, 2, 1, 1]
(2, (1, 1, 1), (0, 0)): [40264, 5994, 6804, 3460, 2412, 785, 259, 92, 36, 7, 5, 0, 1, 1]
(2, (1, 1, 1), (0, 1)): [963, 96, 134, 66, 48, 8, 5, 2, 1, 0, 0, 0, 1]
(2, (1, 1, 1), (0, 2)): [442, 27, 31, 18, 13, 2, 1, 0, 1]
(2, (1, 1, 1), (1, 0)): [748, 215, 138, 90, 56, 23, 7, 1, 1, 0, 1]
(2, (1, 1, 1), (1, 1)): [709, 107, 118, 64, 42, 6, 3, 0, 0, 0, 1, 0, 1]
(2, (1, 1, 1), (1, 2)): [535, 48, 48, 28, 17, 4, 2, 0, 0, 0, 1]
(2, (1, 1, 1), (2, 1)): [308, 100, 66, 36, 33, 8, 4, 0, 0, 0, 0, 0, 1]
(2, (1, 1, 1), (2, 2)): [351, 63, 48, 33, 20, 5, 2, 0, 0, 0, 1]
(2, (1, 1, 1), (3, 1)): [100, 101, 24, 24, 21, 6, 4]
