(0, (0, 0, 0), (0, 0)): [15203, 2907, 1244, 516, 193, 113, 42, 8, 8, 0, 2]
(0, (0, 0, 0), (0, 1)): [57, 8, 4, 0, 2]
(0, (0, 0, 0), (0, 2)): [16, 2, 1, 0, 2]
(0, (0, 0, 0), (1, 0)): [44, 4, 3, 4, 2, 1]
(0, (0, 0, 0), (1, 1)): [42, 5, 4, 2, 1]
(0, (0, 0, 0), (1, 2)): [20, 3, 2, 1, 1]
(0, (0, 0, 0), (2, 0)): [20, 3, 0, 2, 1, 1]
(0, (0, 0, 0), (2, 1)): [27, 1, 1, 1]
(0, (0, 0, 0), (2, 2)): [21, 2, 1, 0, 1]
(0, (0, 0, 0), (3, 0)): [6, 3, 0, 1, 1, 1]
(0, (0, 0, 0), (3, 1)): [10, 3, 0, 1]
(0, (0, 0, 0), (3, 2)): [9, 3, 1, 1, 1]
(0, (0, 0, 1), (0, 0)): [82, 201, 67, 33, 10, 6, 2, 2]
(0, (0, 0, 1), (1, 0)): [0, 0, 1, 0, 1]
(0, (0, 0, 1), (1, 1)): [0, 0, 1, 0, 1]
(0, (0, 0, 1), (1, 2)): [0, 0, 1]
(0, (0, 0, 1), (2, 1)): [0, 0, 0, 0, 1]
(0, (0, 0, 1), (2, 2)): [0, 0, 1, 0, 1]
(0, (0, 1, 0), (0, 0)): [480, 456, 148, 74, 24, 14, 9, 1, 2]
(0, (0, 1, 0), (0, 1)): [2, 1]
(0, (0, 1, 0), (1, 0)): [0, 1]
(0, (0, 1, 0), (1, 1)): [1, 2]
(0, (0, 1, 0), (1, 2)): [0, 1]
(0, (0, 1, 0), (2, 1)): [1, 1]
(0, (0, 1, 0), (2, 2)): [1, 1]
(0, (0, 1, 0), (3, 2)): [1]
(0, (0, 1, 1), (0, 0)): [40, 75, 72, 34, 17, 11, 7, 1, 0, 1]
(0, (0, 1, 1), (1, 0)): [1]
(0, (0, 1, 1), (1, 1)): [1]
(0, (0, 1, 1), (2, 1)): [1]
(0, (0, 1, 1), (2, 2)): [1]
(0, (1, 0, 0), (0, 0)): [3365, 1260, 640, 306, 123, 70, 28, 8, 3, 0, 2]
(0, (1, 0, 0), (0, 1)): [11, 1, 2, 3]
(0, (1, 0, 0), (0, 2)): [2, 0, 0, 1]
(0, (1, 0, 0), (1, 0)): [11, 3, 0, 1]
(0, (1, 0, 0), (1, 1)): [5, 1, 1]
(0, (1, 0, 0), (1, 2)): [4, 0, 1]
(0, (1, 0, 0), (2, 0)): [4, 1, 0, 1]
(0, (1, 0, 0), (2, 1)): [3, 1]
(0, (1, 0, 0), (2, 2)): [2, 1, 1]
(0, (1, 0, 0), (3, 0)): [1, 1, 0, 1]
(0, (1, 0, 0), (3, 1)): [0, 0, 0, 1]
(0, (1, 0, 0), (3, 2)): [0, 1, 0, 1]
(0, (1, 0, 1), (0, 0)): [83, 200, 82, 67, 21, 12, 10, 2, 1]
(0, (1, 0, 1), (0, 1)): [0, 1]
(0, (1, 0, 1), (1, 0)): [0, 1]
(0, (1, 0, 1), (1, 1)): [0, 1]
(0, (1, 0, 1), (1, 2)): [0, 1]
(0, (1, 0, 1), (2, 0)): [0, 1]
(0, (1, 0, 1), (2, 2)): [0, 1]
(0, (1, 1, 0), (0, 0)): [429, 297, 225, 131, 69, 40, 12, 7, 2, 0, 2]
(0, (1, 1, 0), (0, 1)): [1, 2, 0, 1]
(0, (1, 1, 0), (0, 2)): [0, 1, 0, 1]
(0, (1, 1, 0), (1, 0)): [0, 1, 0, 1]
(0, (1, 1, 0), (1, 1)): [0, 1, 0, 1]
(0, (1, 1, 0), (1, 2)): [0, 0, 0, 1]
(0, (1, 1, 0), (2, 1)): [0, 1]
(0, (1, 1, 0), (2, 2)): [0, 0, 0, 1]
(0, (1, 1, 0), (3, 2)): [0, 0, 0, 1]
(0, (1, 1, 1), (0, 0)): [40, 95, 69, 63, 34, 21, 6, 7, 2, 0, 1]
(0, (1, 1, 1), (0, 1)): [0, 0, 0, 1]
(0, (1, 1, 1), (0, 2)): [0, 0, 0, 1]
(0, (1, 1, 1), (1, 0)): [0, 1]
(1, (0, 0, 0), (0, 0)): [11963, 1161, 473, 146, 47, 30, 5, 1, 2]
(1, (0, 0, 0), (0, 1)): [40, 1, 1, 0, 1]
(1, (0, 0, 0), (0, 2)): [6]
(1, (0, 0, 0), (1, 0)): [31, 4, 2, 0, 0, 1]
(1, (0, 0, 0), (1, 1)): [35, 2]
(1, (0, 0, 0), (1, 2)): [12]
(1, (0, 0, 0), (2, 0)): [10, 0, 1]
(1, (0, 0, 0), (2, 1)): [19]
(1, (0, 0, 0), (2, 2)): [12]
(1, (0, 0, 0), (3, 0)): [3, 0, 1]
(1, (0, 0, 0), (3, 1)): [8, 0, 1]
(1, (0, 0, 0), (3, 2)): [8, 0, 1]
(1, (0, 0, 1), (0, 0)): [477, 670, 133, 38, 15, 9, 3, 1]
(1, (0, 0, 1), (0, 1)): [2, 2]
(1, (0, 0, 1), (0, 2)): [0, 2]
(1, (0, 0, 1), (1, 0)): [2, 0, 2]
(1, (0, 0, 1), (1, 1)): [1, 0, 1]
(1, (0, 0, 1), (1, 2)): [0, 1]
(1, (0, 0, 1), (2, 0)): [1, 0, 1]
(1, (0, 0, 1), (3, 0)): [0, 0, 1]
(1, (0, 1, 0), (0, 0)): [1908, 949, 309, 88, 32, 21, 3, 0, 1]
(1, (0, 1, 0), (0, 1)): [4, 3, 0, 1]
(1, (0, 1, 0), (0, 2)): [2, 1]
(1, (0, 1, 0), (1, 0)): [5, 4, 1, 1]
(1, (0, 1, 0), (1, 1)): [2, 2, 1, 1]
(1, (0, 1, 0), (1, 2)): [1, 0, 1, 1]
(1, (0, 1, 0), (2, 0)): [1, 1, 0, 1]
(1, (0, 1, 0), (2, 1)): [0, 2]
(1, (0, 1, 0), (2, 2)): [1, 0, 1, 1]
(1, (0, 1, 0), (3, 0)): [0, 0, 0, 1]
(1, (0, 1, 0), (3, 1)): [0, 1]
(1, (0, 1, 0), (3, 2)): [1, 0, 0, 1]
(1, (0, 1, 1), (0, 0)): [339, 258, 266, 102, 44, 23, 4, 1]
(1, (0, 1, 1), (0, 1)): [0, 0, 0, 1]
(1, (0, 1, 1), (1, 0)): [2, 0, 0, 0, 1]
(1, (0, 1, 1), (1, 1)): [1, 0, 0, 1]
(1, (0, 1, 1), (2, 0)): [1]
(1, (0, 1, 1), (2, 1)): [2]
(1, (0, 1, 1), (2, 2)): [1]
(1, (0, 1, 1), (3, 1)): [1]
(1, (0, 1, 1), (3, 2)): [1]
(1, (1, 0, 0), (0, 0)): [4726, 882, 472, 185, 68, 42, 5, 2, 1]
(1, (1, 0, 0), (0, 1)): [17, 0, 1, 0, 2]
(1, (1, 0, 0), (0, 2)): [2, 0, 1]
(1, (1, 0, 0), (1, 0)): [14]
(1, (1, 0, 0), (1, 1)): [15, 0, 0, 0, 1]
(1, (1, 0, 0), (1, 2)): [7, 0, 1, 0, 1]
(1, (1, 0, 0), (2, 0)): [4]
(1, (1, 0, 0), (2, 1)): [6]
(1, (1, 0, 0), (2, 2)): [4]
(1, (1, 0, 0), (3, 0)): [1]
(1, (1, 0, 0), (3, 1)): [1]
(1, (1, 0, 0), (3, 2)): [1]
(1, (1, 0, 1), (0, 0)): [376, 453, 167, 81, 37, 23, 5, 1, 1]
(1, (1, 0, 1), (0, 1)): [1, 2, 1]
(1, (1, 0, 1), (0, 2)): [1, 0, 1]
(1, (1, 0, 1), (1, 0)): [1]
(1, (1, 0, 1), (1, 1)): [1, 1]
(1, (1, 0, 1), (1, 2)): [1, 0, 1]
(1, (1, 0, 1), (2, 1)): [0, 1]
(1, (1, 0, 1), (2, 2)): [0, 0, 1]
(1, (1, 0, 1), (3, 2)): [0, 0, 1]
(1, (1, 1, 0), (0, 0)): [1177, 353, 261, 142, 64, 33, 7, 3, 1]
(1, (1, 1, 0), (0, 1)): [5, 1, 0, 1]
(1, (1, 1, 0), (0, 2)): [1, 1]
(1, (1, 1, 0), (1, 0)): [4, 0, 1, 1, 1]
(1, (1, 1, 0), (1, 1)): [5, 0, 0, 0, 1]
(1, (1, 1, 0), (1, 2)): [2, 1]
(1, (1, 1, 0), (2, 0)): [2, 0, 0, 1]
(1, (1, 1, 0), (2, 1)): [2, 0, 0, 1]
(1, (1, 1, 0), (2, 2)): [1]
(1, (1, 1, 0), (3, 0)): [1]
(1, (1, 1, 0), (3, 2)): [1]
(1, (1, 1, 1), (0, 0)): [207, 177, 120, 78, 47, 24, 8, 5]
(1, (1, 1, 1), (0, 1)): [1]
(1, (1, 1, 1), (1, 0)): [0, 1, 1, 1]
(1, (1, 1, 1), (1, 1)): [0, 0, 1, 1]
(1, (1, 1, 1), (1, 2)): [0, 0, 0, 1]
(1, (1, 1, 1), (2, 0)): [0, 1]
(1, (1, 1, 1), (2, 1)): [0, 1]
(1, (1, 1, 1), (2, 2)): [0, 1]
(1, (1, 1, 1), (3, 2)): [0, 1]
(2, (0, 0, 0), (0, 0)): [10237, 371, 115, 32, 7, 4, 2]
(2, (0, 0, 0), (0, 1)): [32, 1]
(2, (0, 0, 0), (0, 2)): [7, 1]
(2, (0, 0, 0), (1, 0)): [31, 2]
(2, (0, 0, 0), (1, 1)): [22]
(2, (0, 0, 0), (1, 2)): [12, 1]
(2, (0, 0, 0), (2, 0)): [15]
(2, (0, 0, 0), (2, 1)): [17]
(2, (0, 0, 0), (2, 2)): [11, 1]
(2, (0, 0, 0), (3, 0)): [3]
(2, (0, 0, 0), (3, 1)): [10]
(2, (0, 0, 0), (3, 2)): [10, 1]
(2, (0, 0, 1), (0, 0)): [1245, 492, 74, 16, 6, 1, 2]
(2, (0, 0, 1), (0, 1)): [3, 2, 1]
(2, (0, 0, 1), (0, 2)): [2, 0, 1]
(2, (0, 0, 1), (1, 0)): [3, 2, 1]
(2, (0, 0, 1), (1, 1)): [0, 3]
(2, (0, 0, 1), (1, 2)): [1, 3, 1]
(2, (0, 0, 1), (2, 0)): [3, 0, 1]
(2, (0, 0, 1), (2, 1)): [1]
(2, (0, 0, 1), (2, 2)): [2, 1, 1]
(2, (0, 0, 1), (3, 0)): [1]
(2, (0, 0, 1), (3, 1)): [1]
(2, (0, 0, 1), (3, 2)): [3, 0, 1]
(2, (0, 1, 0), (0, 0)): [3058, 703, 166, 49, 10, 5]
(2, (0, 1, 0), (0, 1)): [2, 2]
(2, (0, 1, 0), (0, 2)): [1]
(2, (0, 1, 0), (1, 0)): [13, 2, 1]
(2, (0, 1, 0), (1, 1)): [8, 4]
(2, (0, 1, 0), (1, 2)): [4, 2]
(2, (0, 1, 0), (2, 0)): [4]
(2, (0, 1, 0), (2, 1)): [4, 2]
(2, (0, 1, 0), (2, 2)): [6, 1]
(2, (0, 1, 0), (3, 1)): [0, 2]
(2, (0, 1, 0), (3, 2)): [2, 1]
(2, (0, 1, 1), (0, 0)): [783, 66, 192, 39, 16, 6]
(2, (0, 1, 1), (0, 1)): [6]
(2, (0, 1, 1), (0, 2)): [2]
(2, (0, 1, 1), (1, 0)): [1, 0, 0, 0, 1]
(2, (0, 1, 1), (1, 1)): [4]
(2, (0, 1, 1), (1, 2)): [3]
(2, (0, 1, 1), (2, 0)): [1]
(2, (0, 1, 1), (2, 1)): [3]
(2, (0, 1, 1), (2, 2)): [3]
(2, (0, 1, 1), (3, 0)): [1]
(2, (0, 1, 1), (3, 1)): [1]
(2, (0, 1, 1), (3, 2)): [1]
(2, (1, 0, 0), (0, 0)): [5865, 418, 178, 56, 15, 8, 2]
(2, (1, 0, 0), (0, 1)): [10]
(2, (1, 0, 0), (0, 2)): [1]
(2, (1, 0, 0), (1, 0)): [20, 1, 1]
(2, (1, 0, 0), (1, 1)): [14]
(2, (1, 0, 0), (1, 2)): [7]
(2, (1, 0, 0), (2, 0)): [3, 1]
(2, (1, 0, 0), (2, 1)): [4]
(2, (1, 0, 0), (2, 2)): [4]
(2, (1, 0, 0), (3, 0)): [1]
(2, (1, 0, 0), (3, 1)): [1]
(2, (1, 0, 1), (0, 0)): [883, 249, 104, 40, 12, 4]
(2, (1, 0, 1), (0, 1)): [4, 0, 0, 1]
(2, (1, 0, 1), (0, 2)): [0, 0, 0, 1]
(2, (1, 0, 1), (1, 0)): [3]
(2, (1, 0, 1), (1, 1)): [2]
(2, (1, 0, 1), (1, 2)): [0, 0, 0, 1]
(2, (1, 0, 1), (2, 0)): [2]
(2, (1, 0, 1), (2, 2)): [0, 0, 0, 1]
(2, (1, 0, 1), (3, 0)): [1]
(2, (1, 0, 1), (3, 1)): [1]
(2, (1, 0, 1), (3, 2)): [0, 0, 0, 1]
(2, (1, 1, 0), (0, 0)): [1861, 263, 117, 69, 21, 11, 1, 0, 1]
(2, (1, 1, 0), (0, 1)): [6, 0, 1]
(2, (1, 1, 0), (0, 2)): [1]
(2, (1, 1, 0), (1, 0)): [0, 2]
(2, (1, 1, 0), (1, 1)): [3]
(2, (1, 1, 0), (1, 2)): [2]
(2, (1, 1, 0), (2, 1)): [1]
(2, (1, 1, 0), (2, 2)): [2]
(2, (1, 1, 0), (3, 1)): [1]
(2, (1, 1, 0), (3, 2)): [1]
(2, (1, 1, 1), (0, 0)): [509, 65, 73, 53, 28, 9, 1]
(2, (1, 1, 1), (0, 1)): [1, 0, 1, 1]
(2, (1, 1, 1), (1, 0)): [2, 1]
(2, (1, 1, 1), (1, 1)): [2, 1, 0, 1]
(2, (1, 1, 1), (2, 1)): [2, 1, 0, 1]
(2, (1, 1, 1), (2, 2)): [2]
(2, (1, 1, 1), (3, 1)): [0, 1, 0, 1]
(2, (1, 1, 1), (3, 2)): [2, 0, 0, 1]
