(0, (0, 0, 0)): [19726, 3734, 1647, 730, 306, 114, 52, 23, 5, 1, 1, 1]
(0, (0, 0, 1)): [70, 222, 60, 32, 15, 3, 5, 1]
(0, (0, 1, 0)): [847, 694, 263, 121, 56, 22, 10, 6, 1, 1, 1, 1]
(0, (0, 1, 1)): [51, 107, 101, 46, 22, 12, 6, 2, 1, 1]
(0, (1, 0, 0)): [4118, 1372, 798, 411, 177, 67, 24, 13, 4, 1]
(0, (1, 0, 1)): [101, 312, 122, 81, 38, 18, 7, 4, 2, 0, 0, 1]
(0, (1, 1, 0)): [550, 363, 255, 170, 85, 33, 12, 9, 1, 0, 1]
(0, (1, 1, 1)): [45, 97, 67, 57, 42, 22, 8, 4, 1, 0, 1]
(1, (0, 0, 0)): [16160, 1629, 651, 240, 92, 33, 19, 3, 1]
(1, (0, 0, 1)): [444, 610, 116, 43, 20, 6, 2]
(1, (0, 1, 0)): [2295, 935, 324, 151, 56, 13, 7, 2, 1]
(1, (0, 1, 1)): [310, 258, 205, 88, 31, 18, 6, 1, 1, 1]
(1, (1, 0, 0)): [5752, 985, 575, 268, 100, 35, 22, 5, 2]
(1, (1, 0, 1)): [477, 508, 158, 111, 42, 12, 10, 3]
(1, (1, 1, 0)): [1632, 493, 307, 221, 91, 29, 15, 3, 3]
(1, (1, 1, 1)): [278, 241, 160, 93, 64, 26, 8, 2, 2, 1]
(2, (0, 0, 0)): [14139, 570, 200, 56, 22, 5, 3, 1]
(2, (0, 0, 1)): [1303, 378, 64, 26, 7, 0, 2]
(2, (0, 1, 0)): [3442, 692, 170, 64, 30, 9, 2]
(2, (0, 1, 1)): [746, 64, 132, 45, 15, 5, 1]
(2, (1, 0, 0)): [6899, 505, 325, 92, 28, 9, 5, 1]
(2, (1, 0, 1)): [1244, 271, 98, 51, 21, 4, 5]
(2, (1, 1, 0)): [2715, 410, 192, 142, 47, 13, 6, 1]
(2, (1, 1, 1)): [761, 123, 122, 68, 35, 9, 3, 2, 1, 1]
