(0, (0, 0, 0), (0, 0)): [1751042, 353253, 161915, 73504, 32807, 13891, 5746, 2359, 953, 412, 175, 84, 32, 17, 4, 1, 1, 1]
(0, (0, 0, 0), (0, 1)): [147532, 28153, 12679, 5738, 2503, 1075, 439, 157, 64, 27, 14, 5, 2, 3, 0, 1]
(0, (0, 0, 0), (0, 2)): [55392, 9382, 4104, 1805, 780, 334, 139, 49, 21, 8, 4, 1, 1]
(0, (0, 0, 0), (1, 0)): [134555, 30207, 14123, 6591, 3103, 1243, 556, 223, 93, 30, 11, 9, 0, 2, 1, 0, 1]
(0, (0, 0, 0), (1, 1)): [127283, 25688, 11879, 5487, 2421, 1015, 432, 157, 71, 18, 15, 8, 1, 3, 0, 1, 1]
(0, (0, 0, 0), (1, 2)): [85509, 15140, 6796, 3004, 1349, 565, 232, 87, 39, 13, 7, 3, 2]
(0, (0, 0, 0), (2, 0)): [43564, 10892, 5385, 2554, 1268, 497, 233, 103, 33, 16, 5, 4, 0, 1, 1]
(0, (0, 0, 0), (2, 1)): [66442, 14731, 7219, 3337, 1562, 650, 280, 126, 47, 12, 8, 6, 0, 1, 0, 0, 1]
(0, (0, 0, 0), (2, 2)): [68049, 13216, 6157, 2812, 1282, 516, 214, 80, 42, 13, 5, 1, 2, 0, 0, 0, 1]
(0, (0, 0, 0), (3, 0)): [12957, 3766, 2082, 1079, 533, 216, 101, 38, 12, 6, 2, 0, 0, 1, 1]
(0, (0, 0, 0), (3, 1)): [25511, 6737, 3600, 1749, 844, 349, 156, 70, 26, 7, 3, 5, 0, 1, 1]
(0, (0, 0, 0), (3, 2)): [36104, 8281, 4332, 1993, 965, 401, 165, 64, 28, 11, 3, 5, 2, 0, 1, 0, 1]
(0, (0, 0, 1), (0, 0)): [7103, 21485, 5898, 2794, 1348, 570, 258, 113, 41, 23, 11, 3, 4, 3]
(0, (0, 0, 1), (0, 1)): [444, 1321, 374, 155, 88, 31, 16, 8, 2, 1, 1, 0, 0, 1]
(0, (0, 0, 1), (0, 2)): [197, 499, 126, 54, 30, 12, 3, 2, 2]
(0, (0, 0, 1), (1, 0)): [462, 1555, 450, 239, 114, 57, 21, 9, 2, 1, 2]
(0, (0, 0, 1), (1, 1)): [424, 1258, 357, 153, 95, 36, 22, 7, 0, 1, 2, 0, 0, 1]
(0, (0, 0, 1), (1, 2)): [316, 812, 207, 85, 45, 22, 8, 5, 2, 1, 1]
(0, (0, 0, 1), (2, 0)): [167, 594, 187, 114, 41, 28, 5, 5, 2, 1]
(0, (0, 0, 1), (2, 1)): [233, 721, 235, 118, 72, 25, 15, 4, 1, 1, 1]
(0, (0, 0, 1), (2, 2)): [290, 736, 198, 94, 61, 21, 9, 0, 1, 1, 1]
(0, (0, 0, 1), (3, 0)): [49, 205, 65, 50, 14, 13, 3, 2, 1]
(0, (0, 0, 1), (3, 1)): [94, 332, 108, 73, 35, 13, 7, 4, 1]
(0, (0, 0, 1), (3, 2)): [163, 455, 120, 81, 51, 12, 4, 1, 2, 1, 1]
(0, (0, 1, 0), (0, 0)): [62950, 59114, 22987, 11146, 5326, 2283, 960, 400, 170, 93, 31, 8, 4, 6, 2, 0, 1]
(0, (0, 1, 0), (0, 1)): [5375, 4881, 1854, 868, 408, 180, 90, 32, 16, 7, 0, 0, 0, 1]
(0, (0, 1, 0), (0, 2)): [2161, 1652, 621, 269, 127, 64, 37, 10, 6, 3]
(0, (0, 1, 0), (1, 0)): [5343, 5271, 2229, 1128, 508, 237, 73, 40, 15, 6, 2, 1, 1, 2, 1, 0, 1]
(0, (0, 1, 0), (1, 1)): [4748, 4318, 1741, 858, 373, 169, 65, 30, 5, 4, 0, 0, 0, 2]
(0, (0, 1, 0), (1, 2)): [3294, 2574, 1044, 510, 213, 102, 41, 22, 4, 2]
(0, (0, 1, 0), (2, 0)): [1947, 1898, 845, 453, 187, 110, 29, 19, 9, 3, 1, 1, 1, 1, 0, 0, 1]
(0, (0, 1, 0), (2, 1)): [2600, 2422, 1048, 512, 226, 120, 40, 18, 4, 4, 1, 0, 1, 1, 0, 0, 1]
(0, (0, 1, 0), (2, 2)): [2852, 2182, 963, 451, 191, 90, 40, 14, 6, 2, 1, 0, 0, 0, 0, 0, 1]
(0, (0, 1, 0), (3, 0)): [675, 567, 287, 186, 75, 51, 17, 12, 6, 1, 0, 1]
(0, (0, 1, 0), (3, 1)): [1114, 984, 496, 289, 125, 70, 21, 13, 1, 1, 0, 1, 0, 1]
(0, (0, 1, 0), (3, 2)): [1652, 1254, 652, 309, 149, 63, 32, 10, 4, 3, 1, 0, 0, 0, 0, 0, 1]
(0, (0, 1, 1), (0, 0)): [5156, 8924, 10658, 4920, 2580, 1229, 517, 234, 119, 48, 12, 9, 2, 2, 2, 0, 1, 1]
(0, (0, 1, 1), (0, 1)): [431, 658, 796, 342, 182, 86, 45, 13, 7, 2, 1, 2, 0, 0, 0, 0, 1]
(0, (0, 1, 1), (0, 2)): [201, 233, 287, 127, 55, 31, 18, 5, 1, 1, 0, 1]
(0, (0, 1, 1), (1, 0)): [422, 859, 982, 496, 251, 129, 45, 22, 14, 2, 1, 2, 0, 0, 1]
(0, (0, 1, 1), (1, 1)): [358, 640, 737, 344, 190, 77, 31, 14, 8, 1, 1, 0, 0, 0, 0, 0, 1]
(0, (0, 1, 1), (1, 2)): [282, 385, 426, 197, 112, 49, 22, 5, 4, 1, 0, 1, 0, 0, 0, 0, 1]
(0, (0, 1, 1), (2, 0)): [179, 385, 387, 221, 118, 79, 20, 10, 7, 2, 1, 1, 0, 0, 1]
(0, (0, 1, 1), (2, 1)): [189, 377, 441, 209, 100, 50, 15, 15, 9, 2, 0, 0, 0, 0, 1]
(0, (0, 1, 1), (2, 2)): [230, 357, 366, 182, 91, 45, 17, 10, 4, 1, 0, 1, 0, 0, 0, 0, 1]
(0, (0, 1, 1), (3, 0)): [98, 175, 168, 108, 73, 44, 11, 2, 2, 1, 1, 1]
(0, (0, 1, 1), (3, 1)): [78, 152, 182, 96, 66, 27, 8, 5, 5, 1, 0, 0, 0, 0, 1]
(0, (0, 1, 1), (3, 2)): [124, 190, 235, 121, 62, 36, 12, 9, 7, 0, 0, 0, 0, 0, 0, 0, 1]
(0, (1, 0, 0), (0, 0)): [372444, 125351, 79195, 39073, 18582, 8288, 3460, 1469, 614, 268, 122, 52, 22, 11, 3, 1, 1, 1]
(0, (1, 0, 0), (0, 1)): [28650, 8824, 5749, 2735, 1326, 586, 240, 106, 44, 10, 2, 3]
(0, (1, 0, 0), (0, 2)): [10527, 2879, 1901, 877, 421, 175, 89, 26, 15, 3, 1, 1]
(0, (1, 0, 0), (1, 0)): [26127, 9554, 6480, 3279, 1613, 717, 316, 125, 51, 27, 14, 5, 0, 5, 1, 0, 1]
(0, (1, 0, 0), (1, 1)): [22176, 7268, 4851, 2361, 1111, 535, 205, 88, 35, 13, 7, 2, 0, 2]
(0, (1, 0, 0), (1, 2)): [14117, 4031, 2704, 1322, 608, 264, 121, 41, 20, 6, 0, 1]
(0, (1, 0, 0), (2, 0)): [8116, 3220, 2273, 1262, 631, 282, 134, 55, 19, 13, 7, 2, 0, 3, 0, 0, 1]
(0, (1, 0, 0), (2, 1)): [10839, 3797, 2637, 1354, 646, 316, 126, 56, 21, 11, 5, 2, 0, 4, 0, 0, 1]
(0, (1, 0, 0), (2, 2)): [10206, 3155, 2171, 1019, 508, 202, 105, 40, 19, 9, 2, 1, 0, 2]
(0, (1, 0, 0), (3, 0)): [2109, 998, 749, 499, 256, 109, 58, 21, 8, 5, 3, 1]
(0, (1, 0, 0), (3, 1)): [3788, 1571, 1148, 710, 350, 170, 60, 28, 11, 6, 4, 1, 0, 2]
(0, (1, 0, 0), (3, 2)): [4767, 1797, 1252, 704, 352, 149, 68, 29, 14, 7, 2, 0, 0, 1]
(0, (1, 0, 1), (0, 0)): [8848, 26969, 11041, 7656, 4004, 1851, 877, 346, 174, 64, 37, 16, 6, 2, 2, 0, 0, 1]
(0, (1, 0, 1), (0, 1)): [679, 1970, 781, 564, 279, 141, 64, 15, 11, 4, 2, 0, 1, 1]
(0, (1, 0, 1), (0, 2)): [296, 700, 255, 179, 85, 49, 21, 5, 4, 1, 0, 0, 0, 1]
(0, (1, 0, 1), (1, 0)): [622, 2156, 851, 631, 340, 173, 57, 26, 17, 3, 5, 0, 0, 0, 1]
(0, (1, 0, 1), (1, 1)): [546, 1608, 649, 459, 235, 103, 40, 19, 12, 1, 4]
(0, (1, 0, 1), (1, 2)): [427, 919, 380, 251, 137, 51, 21, 9, 6, 1]
(0, (1, 0, 1), (2, 0)): [214, 727, 300, 220, 137, 80, 24, 9, 3, 2, 1]
(0, (1, 0, 1), (2, 1)): [257, 846, 349, 256, 125, 75, 25, 9, 9, 0, 2]
(0, (1, 0, 1), (2, 2)): [326, 729, 288, 206, 104, 54, 22, 13, 4, 1, 2]
(0, (1, 0, 1), (3, 0)): [70, 222, 98, 61, 52, 34, 8, 5, 0, 1, 1]
(0, (1, 0, 1), (3, 1)): [96, 282, 137, 108, 80, 42, 8, 3, 3, 1]
(0, (1, 0, 1), (3, 2)): [153, 356, 176, 123, 83, 47, 13, 9, 6, 2, 2]
(0, (1, 1, 0), (0, 0)): [51508, 32889, 24767, 17649, 9357, 4375, 1851, 875, 353, 166, 77, 29, 11, 4, 0, 0, 1]
(0, (1, 1, 0), (0, 1)): [4374, 2468, 1715, 1284, 730, 293, 133, 59, 18, 9, 4, 4, 0, 0, 0, 0, 1]
(0, (1, 1, 0), (0, 2)): [1733, 856, 557, 431, 231, 93, 44, 19, 8, 3, 1]
(0, (1, 1, 0), (1, 0)): [3546, 2367, 1850, 1375, 714, 377, 154, 67, 28, 10, 5, 1, 1, 2]
(0, (1, 1, 0), (1, 1)): [3222, 1864, 1403, 1081, 571, 266, 110, 46, 13, 7, 6, 2, 1, 1, 0, 0, 1]
(0, (1, 1, 0), (1, 2)): [2256, 1141, 788, 650, 331, 121, 57, 28, 6, 5, 3, 1, 0, 1, 0, 0, 1]
(0, (1, 1, 0), (2, 0)): [1057, 766, 639, 454, 264, 139, 66, 29, 14, 5, 1, 1, 0, 1]
(0, (1, 1, 0), (2, 1)): [1464, 955, 769, 572, 323, 151, 64, 28, 13, 5, 3, 1, 1]
(0, (1, 1, 0), (2, 2)): [1540, 848, 635, 524, 274, 119, 53, 27, 8, 5, 3, 0, 0, 0, 0, 0, 1]
(0, (1, 1, 0), (3, 0)): [245, 239, 229, 160, 98, 55, 25, 13, 7, 3, 1, 1, 0, 1]
(0, (1, 1, 0), (3, 1)): [539, 396, 349, 247, 163, 82, 39, 13, 10, 4, 1, 1, 1]
(0, (1, 1, 0), (3, 2)): [738, 459, 402, 328, 189, 85, 38, 21, 8, 2, 2, 0, 0, 0, 0, 0, 1]
(0, (1, 1, 1), (0, 0)): [4950, 9517, 7825, 5820, 4629, 2302, 1060, 514, 233, 103, 51, 17, 6, 3, 1, 0, 1]
(0, (1, 1, 1), (0, 1)): [447, 782, 662, 422, 369, 168, 72, 33, 24, 10, 2, 1, 2, 1]
(0, (1, 1, 1), (0, 2)): [226, 302, 248, 153, 124, 65, 21, 9, 9, 3, 1, 1, 1]
(0, (1, 1, 1), (1, 0)): [307, 709, 619, 464, 361, 201, 78, 30, 14, 5, 4, 2, 0, 1, 0, 0, 1]
(0, (1, 1, 1), (1, 1)): [312, 645, 513, 345, 299, 146, 63, 28, 13, 9, 3, 0, 1, 1, 0, 0, 1]
(0, (1, 1, 1), (1, 2)): [283, 442, 336, 218, 186, 80, 25, 16, 7, 1, 1, 1, 0, 1, 0, 0, 1]
(0, (1, 1, 1), (2, 0)): [81, 220, 214, 166, 140, 88, 22, 14, 6, 1, 1, 1, 0, 1]
(0, (1, 1, 1), (2, 1)): [135, 279, 258, 183, 137, 89, 32, 16, 13, 5, 1, 0, 1]
(0, (1, 1, 1), (2, 2)): [168, 315, 260, 175, 135, 71, 23, 13, 5, 3, 0, 1, 1]
(0, (1, 1, 1), (3, 0)): [14, 64, 63, 63, 45, 35, 11, 7, 2, 0, 1, 1, 0, 1]
(0, (1, 1, 1), (3, 1)): [41, 106, 110, 85, 61, 39, 21, 7, 4, 2, 1, 1, 0, 1]
(0, (1, 1, 1), (3, 2)): [66, 152, 149, 106, 85, 42, 23, 11, 5, 2, 0, 1, 1, 1]
(1, (0, 0, 0), (0, 0)): [1422848, 155875, 63619, 25123, 9767, 3662, 1425, 525, 189, 75, 29, 19, 7, 3, 0, 1]
(1, (0, 0, 0), (0, 1)): [121638, 12427, 4941, 1973, 783, 252, 96, 46, 10, 1, 0, 2, 0, 1]
(1, (0, 0, 0), (0, 2)): [45674, 3960, 1497, 582, 248, 74, 25, 13, 1, 0, 0, 1]
(1, (0, 0, 0), (1, 0)): [115267, 14412, 6040, 2412, 961, 342, 137, 47, 15, 7, 2, 2, 0, 0, 0, 1]
(1, (0, 0, 0), (1, 1)): [107655, 11807, 4771, 1932, 774, 259, 109, 41, 14, 3, 0, 1, 0, 1]
(1, (0, 0, 0), (1, 2)): [71263, 6532, 2578, 1048, 436, 144, 49, 17, 4]
(1, (0, 0, 0), (2, 0)): [38570, 5532, 2512, 996, 394, 146, 62, 23, 5, 4, 2, 2, 0, 0, 0, 1]
(1, (0, 0, 0), (2, 1)): [57541, 7180, 3091, 1220, 494, 175, 60, 29, 6, 5, 1, 1]
(1, (0, 0, 0), (2, 2)): [58150, 5987, 2485, 1034, 414, 144, 48, 22, 7, 2, 1]
(1, (0, 0, 0), (3, 0)): [11550, 1867, 1063, 406, 164, 63, 34, 10, 4, 2, 1, 1, 0, 0, 0, 1]
(1, (0, 0, 0), (3, 1)): [23088, 3553, 1729, 707, 279, 108, 47, 12, 2, 3]
(1, (0, 0, 0), (3, 2)): [31947, 4103, 1903, 794, 315, 108, 44, 13, 6, 3, 1]
(1, (0, 0, 1), (0, 0)): [39682, 57345, 11291, 4812, 2005, 827, 304, 122, 55, 22, 12, 6, 4, 2]
(1, (0, 0, 1), (0, 1)): [3084, 3760, 771, 294, 123, 53, 17, 6, 1, 0, 2, 1]
(1, (0, 0, 1), (0, 2)): [1338, 1211, 244, 87, 41, 12, 7, 1, 1, 0, 0, 1]
(1, (0, 0, 1), (1, 0)): [3367, 5172, 1048, 506, 193, 100, 29, 10, 7, 2]
(1, (0, 0, 1), (1, 1)): [2915, 3767, 771, 318, 136, 61, 12, 6, 1, 1, 1]
(1, (0, 0, 1), (1, 2)): [2137, 2077, 386, 161, 69, 26, 7, 1, 1, 0, 0, 1]
(1, (0, 0, 1), (2, 0)): [1373, 2102, 469, 254, 99, 50, 19, 6, 6, 1]
(1, (0, 0, 1), (2, 1)): [1673, 2284, 492, 223, 93, 45, 13, 5, 3, 0, 1]
(1, (0, 0, 1), (2, 2)): [1846, 1887, 382, 173, 66, 33, 8, 2, 1, 0, 1, 1]
(1, (0, 0, 1), (3, 0)): [630, 885, 225, 137, 53, 28, 8, 4, 1]
(1, (0, 0, 1), (3, 1)): [694, 971, 240, 135, 47, 25, 10, 5, 1]
(1, (0, 0, 1), (3, 2)): [1078, 1164, 276, 146, 59, 27, 10, 3, 1, 0, 1]
(1, (0, 1, 0), (0, 0)): [194997, 86388, 31139, 13379, 5386, 2127, 725, 331, 105, 47, 26, 9, 9, 2, 1]
(1, (0, 1, 0), (0, 1)): [15389, 6176, 2169, 908, 350, 146, 44, 23, 7, 4, 2]
(1, (0, 1, 0), (0, 2)): [5907, 2137, 697, 285, 98, 47, 14, 7, 3, 1]
(1, (0, 1, 0), (1, 0)): [17623, 7669, 2938, 1454, 620, 228, 78, 38, 17, 5, 4, 0, 0, 1]
(1, (0, 1, 0), (1, 1)): [14372, 5773, 2082, 971, 390, 154, 45, 21, 8, 3, 1, 0, 0, 1]
(1, (0, 1, 0), (1, 2)): [9497, 3463, 1178, 496, 168, 73, 18, 16, 6, 3]
(1, (0, 1, 0), (2, 0)): [7529, 3139, 1316, 749, 327, 122, 47, 26, 10, 3, 4]
(1, (0, 1, 0), (2, 1)): [8260, 3395, 1303, 677, 311, 99, 38, 19, 5, 3, 1, 0, 0, 1]
(1, (0, 1, 0), (2, 2)): [8207, 2969, 1096, 478, 196, 72, 17, 10, 7, 4]
(1, (0, 1, 0), (3, 0)): [3542, 1341, 600, 432, 192, 73, 27, 14, 7, 1, 2]
(1, (0, 1, 0), (3, 1)): [3930, 1482, 663, 423, 212, 63, 31, 14, 6, 2, 2, 0, 0, 1]
(1, (0, 1, 0), (3, 2)): [5007, 1791, 791, 423, 198, 54, 21, 10, 4, 5, 1, 0, 0, 1]
(1, (0, 1, 1), (0, 0)): [30821, 25550, 22783, 9072, 4647, 1814, 713, 285, 128, 43, 12, 7, 2, 2, 0, 1]
(1, (0, 1, 1), (0, 1)): [2106, 1605, 1361, 522, 243, 89, 52, 18, 3, 1]
(1, (0, 1, 1), (0, 2)): [991, 515, 472, 187, 94, 21, 20, 7, 1, 1]
(1, (0, 1, 1), (1, 0)): [2938, 2647, 2009, 858, 556, 192, 72, 33, 10, 4]
(1, (0, 1, 1), (1, 1)): [1841, 1483, 1229, 487, 236, 83, 33, 18, 2, 1]
(1, (0, 1, 1), (1, 2)): [1482, 835, 752, 288, 144, 48, 22, 11, 1, 1]
(1, (0, 1, 1), (2, 0)): [1730, 1466, 1091, 502, 387, 144, 57, 23, 9, 3]
(1, (0, 1, 1), (2, 1)): [1009, 850, 704, 301, 159, 58, 24, 7, 0, 2]
(1, (0, 1, 1), (2, 2)): [1200, 715, 638, 262, 132, 40, 12, 7, 1, 1]
(1, (0, 1, 1), (3, 0)): [1276, 1054, 701, 360, 317, 116, 48, 21, 9, 2]
(1, (0, 1, 1), (3, 1)): [431, 388, 315, 128, 91, 43, 19, 4, 0, 1]
(1, (0, 1, 1), (3, 2)): [661, 462, 360, 164, 91, 34, 10, 7, 1, 1]
(1, (1, 0, 0), (0, 0)): [538199, 96297, 61401, 26007, 10536, 4136, 1637, 590, 241, 100, 35, 27, 5, 3, 0, 2]
(1, (1, 0, 0), (0, 1)): [41598, 6737, 4328, 1847, 724, 264, 126, 45, 7, 6, 2, 1]
(1, (1, 0, 0), (0, 2)): [15180, 2107, 1351, 547, 203, 87, 48, 14, 2, 3]
(1, (1, 0, 0), (1, 0)): [41036, 8017, 5440, 2372, 964, 373, 150, 53, 16, 8, 1, 2, 1, 0, 0, 1]
(1, (1, 0, 0), (1, 1)): [34143, 5935, 3940, 1701, 660, 238, 105, 35, 8, 4, 3, 3, 0, 0, 0, 1]
(1, (1, 0, 0), (1, 2)): [21531, 3241, 2162, 863, 327, 128, 56, 22, 3, 3, 2, 1]
(1, (1, 0, 0), (2, 0)): [13319, 2836, 1990, 969, 406, 166, 65, 18, 9, 4, 0, 0, 1]
(1, (1, 0, 0), (2, 1)): [17220, 3296, 2222, 1069, 408, 154, 75, 17, 7, 1, 1, 1, 0, 0, 0, 1]
(1, (1, 0, 0), (2, 2)): [16217, 2675, 1779, 801, 311, 117, 54, 16, 2, 2, 2]
(1, (1, 0, 0), (3, 0)): [3727, 980, 590, 382, 176, 71, 20, 5, 3, 3, 0, 0, 1]
(1, (1, 0, 0), (3, 1)): [6512, 1544, 968, 552, 230, 78, 36, 9, 5, 3, 1, 0, 0, 0, 0, 1]
(1, (1, 0, 0), (3, 2)): [8013, 1695, 1043, 576, 225, 83, 37, 8, 5, 2, 3, 0, 0, 0, 0, 1]
(1, (1, 0, 1), (0, 0)): [43523, 50646, 16333, 10869, 4674, 1902, 741, 289, 97, 61, 16, 7, 0, 1]
(1, (1, 0, 1), (0, 1)): [3771, 3464, 1113, 726, 316, 138, 46, 15, 6, 6]
(1, (1, 0, 1), (0, 2)): [1657, 1089, 378, 230, 96, 47, 19, 9, 2, 3]
(1, (1, 0, 1), (1, 0)): [3354, 3948, 1310, 913, 429, 152, 57, 22, 7, 7, 0, 1]
(1, (1, 0, 1), (1, 1)): [2933, 2822, 916, 660, 264, 104, 39, 10, 5, 3, 0, 1]
(1, (1, 0, 1), (1, 2)): [2158, 1599, 555, 354, 139, 72, 18, 14, 3, 3]
(1, (1, 0, 1), (2, 0)): [1156, 1340, 474, 338, 187, 70, 23, 10, 3, 3]
(1, (1, 0, 1), (2, 1)): [1443, 1420, 472, 361, 164, 56, 23, 7, 5, 1, 0, 1]
(1, (1, 0, 1), (2, 2)): [1518, 1209, 444, 283, 134, 48, 19, 8, 5, 2]
(1, (1, 0, 1), (3, 0)): [371, 458, 176, 115, 91, 35, 11, 2, 0, 2]
(1, (1, 0, 1), (3, 1)): [520, 585, 224, 156, 86, 36, 9, 4, 0, 1, 0, 1]
(1, (1, 0, 1), (3, 2)): [734, 669, 273, 180, 100, 40, 15, 7, 3, 2, 0, 1]
(1, (1, 1, 0), (0, 0)): [148341, 45588, 30506, 21682, 9105, 3732, 1460, 593, 237, 89, 34, 19, 9, 5, 1]
(1, (1, 1, 0), (0, 1)): [12722, 3429, 2096, 1580, 666, 264, 91, 44, 15, 4, 4, 3]
(1, (1, 1, 0), (0, 2)): [5120, 1203, 688, 529, 224, 88, 28, 12, 5, 0, 2]
(1, (1, 1, 0), (1, 0)): [11104, 3721, 2567, 1901, 819, 329, 150, 51, 17, 7, 3, 0, 2, 1]
(1, (1, 1, 0), (1, 1)): [9876, 2909, 1959, 1425, 613, 240, 91, 41, 5, 7, 4, 2]
(1, (1, 1, 0), (1, 2)): [7019, 1734, 1092, 830, 352, 106, 40, 23, 1, 2, 5, 2]
(1, (1, 1, 0), (2, 0)): [3551, 1322, 883, 696, 328, 144, 70, 24, 11, 3, 1, 0, 2, 1]
(1, (1, 1, 0), (2, 1)): [4869, 1628, 1107, 819, 363, 177, 71, 18, 11, 2, 2, 0, 1]
(1, (1, 1, 0), (2, 2)): [5208, 1399, 900, 678, 314, 119, 44, 16, 4, 2, 3, 1]
(1, (1, 1, 0), (3, 0)): [886, 484, 308, 191, 128, 56, 25, 14, 4, 1, 0, 0, 1]
(1, (1, 1, 0), (3, 1)): [1790, 775, 539, 376, 196, 87, 35, 13, 7, 3, 1, 0, 1]
(1, (1, 1, 0), (3, 2)): [2490, 878, 597, 403, 232, 83, 38, 15, 4, 3, 1, 1, 1]
(1, (1, 1, 1), (0, 0)): [30125, 24169, 15395, 10010, 7372, 3131, 1272, 482, 201, 73, 24, 17, 9, 4, 1, 1]
(1, (1, 1, 1), (0, 1)): [2679, 1892, 1212, 716, 535, 222, 84, 38, 16, 1, 2, 1, 0, 1]
(1, (1, 1, 1), (0, 2)): [1257, 648, 433, 258, 172, 65, 33, 11, 4, 1, 2, 0, 0, 1]
(1, (1, 1, 1), (1, 0)): [2117, 1935, 1199, 745, 621, 274, 126, 41, 18, 9, 1, 2, 2]
(1, (1, 1, 1), (1, 1)): [2005, 1591, 1004, 594, 468, 203, 74, 37, 14, 3, 1, 2]
(1, (1, 1, 1), (1, 2)): [1565, 890, 628, 363, 257, 111, 44, 20, 7, 2, 1, 2, 0, 1]
(1, (1, 1, 1), (2, 0)): [539, 618, 416, 261, 230, 107, 52, 17, 3, 3, 0, 1, 1]
(1, (1, 1, 1), (2, 1)): [866, 838, 507, 318, 242, 129, 50, 15, 6, 2, 1, 1]
(1, (1, 1, 1), (2, 2)): [1051, 713, 490, 297, 223, 100, 44, 13, 4, 3, 1, 2, 0, 1]
(1, (1, 1, 1), (3, 0)): [99, 203, 131, 98, 74, 44, 18, 7, 2, 1, 0, 0, 1]
(1, (1, 1, 1), (3, 1)): [221, 360, 229, 145, 116, 64, 17, 9, 3, 1, 0, 0, 1]
(1, (1, 1, 1), (3, 2)): [411, 411, 266, 171, 136, 73, 24, 11, 1, 1, 1, 1, 0, 1]
(2, (0, 0, 0), (0, 0)): [1237898, 56421, 18789, 5966, 2003, 634, 219, 72, 12, 7, 5, 0, 1]
(2, (0, 0, 0), (0, 1)): [105462, 4304, 1405, 415, 167, 42, 17, 7, 1]
(2, (0, 0, 0), (0, 2)): [39288, 1139, 366, 125, 54, 8, 2, 5]
(2, (0, 0, 0), (1, 0)): [104221, 5825, 1993, 628, 233, 57, 24, 7, 1, 0, 0, 0, 1]
(2, (0, 0, 0), (1, 1)): [95219, 4436, 1509, 410, 172, 45, 19, 2, 1]
(2, (0, 0, 0), (1, 2)): [61897, 2023, 707, 215, 90, 21, 9, 4]
(2, (0, 0, 0), (2, 0)): [37029, 2309, 945, 295, 108, 26, 12, 5, 0, 0, 0, 0, 1]
(2, (0, 0, 0), (2, 1)): [53271, 2916, 1100, 307, 113, 29, 12, 4]
(2, (0, 0, 0), (2, 2)): [52675, 2151, 796, 230, 92, 24, 7, 4]
(2, (0, 0, 0), (3, 0)): [11847, 821, 442, 131, 51, 12, 6, 2, 0, 0, 0, 0, 1]
(2, (0, 0, 0), (3, 1)): [22628, 1469, 685, 214, 71, 17, 7, 2]
(2, (0, 0, 0), (3, 2)): [30904, 1656, 750, 208, 77, 18, 6, 2]
(2, (0, 0, 1), (0, 0)): [117366, 35886, 7204, 2424, 853, 290, 86, 29, 5, 2, 0, 1]
(2, (0, 0, 1), (0, 1)): [9537, 2387, 499, 164, 54, 18, 9, 3, 1]
(2, (0, 0, 1), (0, 2)): [3731, 727, 147, 46, 13, 5, 3]
(2, (0, 0, 1), (1, 0)): [11249, 3201, 793, 283, 98, 40, 9, 5]
(2, (0, 0, 1), (1, 1)): [9066, 2313, 498, 187, 65, 25, 7, 3, 1]
(2, (0, 0, 1), (1, 2)): [6118, 1184, 244, 76, 31, 14, 5, 1]
(2, (0, 0, 1), (2, 0)): [4910, 1337, 397, 160, 49, 22, 5, 3]
(2, (0, 0, 1), (2, 1)): [5469, 1484, 391, 154, 50, 17, 4, 4]
(2, (0, 0, 1), (2, 2)): [5572, 1156, 303, 97, 32, 18, 3, 1]
(2, (0, 0, 1), (3, 0)): [2339, 545, 198, 101, 21, 14, 4, 1]
(2, (0, 0, 1), (3, 1)): [2635, 737, 203, 99, 36, 12, 5, 3]
(2, (0, 0, 1), (3, 2)): [3545, 824, 233, 102, 27, 14, 5, 1]
(2, (0, 1, 0), (0, 0)): [309282, 65400, 17641, 6188, 2024, 672, 206, 66, 16, 10, 6, 0, 1]
(2, (0, 1, 0), (0, 1)): [24255, 4320, 1124, 331, 131, 31, 13, 5, 2, 1, 1]
(2, (0, 1, 0), (0, 2)): [9374, 1282, 324, 87, 35, 5, 4, 0, 0, 1]
(2, (0, 1, 0), (1, 0)): [29409, 5822, 1959, 828, 238, 83, 26, 11, 0, 1, 0, 0, 1]
(2, (0, 1, 0), (1, 1)): [22955, 4268, 1238, 409, 148, 38, 19, 7, 2, 0, 1]
(2, (0, 1, 0), (1, 2)): [15110, 2195, 545, 193, 64, 15, 8, 2, 0, 1]
(2, (0, 1, 0), (2, 0)): [13585, 2489, 981, 520, 148, 51, 11, 7, 0, 1, 0, 0, 1]
(2, (0, 1, 0), (2, 1)): [13808, 2667, 894, 328, 111, 31, 10, 4, 2, 0, 1, 0, 1]
(2, (0, 1, 0), (2, 2)): [13591, 2134, 583, 234, 81, 18, 9, 5, 0, 1]
(2, (0, 1, 0), (3, 0)): [7082, 1107, 508, 365, 99, 32, 10, 7, 0, 1]
(2, (0, 1, 0), (3, 1)): [6406, 1224, 514, 245, 84, 27, 8, 3, 2, 0, 1, 0, 1]
(2, (0, 1, 0), (3, 2)): [8574, 1387, 514, 255, 81, 21, 10, 3, 0, 0, 0, 0, 1]
(2, (0, 1, 1), (0, 0)): [71108, 6147, 15409, 4197, 1658, 535, 182, 57, 21, 5, 4, 1, 0, 1]
(2, (0, 1, 1), (0, 1)): [5678, 376, 945, 247, 86, 36, 8, 5]
(2, (0, 1, 1), (0, 2)): [2365, 139, 295, 84, 36, 9, 4, 1]
(2, (0, 1, 1), (1, 0)): [6962, 698, 1381, 465, 215, 67, 27, 6, 3, 0, 2]
(2, (0, 1, 1), (1, 1)): [5197, 365, 910, 253, 78, 37, 10, 4, 2]
(2, (0, 1, 1), (1, 2)): [3794, 210, 502, 148, 52, 19, 5, 2]
(2, (0, 1, 1), (2, 0)): [3453, 392, 658, 269, 151, 46, 16, 5, 1, 0, 2]
(2, (0, 1, 1), (2, 1)): [3057, 240, 593, 158, 65, 26, 8, 2, 2, 0, 1]
(2, (0, 1, 1), (2, 2)): [3338, 218, 467, 138, 47, 26, 7, 2, 1]
(2, (0, 1, 1), (3, 0)): [2090, 280, 348, 166, 112, 34, 13, 4, 0, 0, 1]
(2, (0, 1, 1), (3, 1)): [1483, 128, 288, 94, 44, 13, 5, 2, 1, 0, 1]
(2, (0, 1, 1), (3, 2)): [2114, 168, 342, 114, 46, 26, 6, 4, 2]
(2, (1, 0, 0), (0, 0)): [652525, 47494, 30678, 9730, 3155, 1011, 395, 109, 21, 13, 6, 1, 1]
(2, (1, 0, 0), (0, 1)): [50047, 3045, 2014, 660, 218, 75, 36, 8, 2, 0, 0, 1]
(2, (1, 0, 0), (0, 2)): [18184, 828, 503, 174, 59, 17, 12]
(2, (1, 0, 0), (1, 0)): [50909, 4279, 2940, 1021, 322, 94, 42, 12, 1, 1, 0, 0, 1]
(2, (1, 0, 0), (1, 1)): [42538, 2817, 1931, 660, 202, 63, 27, 8, 1]
(2, (1, 0, 0), (1, 2)): [26714, 1317, 844, 309, 89, 28, 10, 2]
(2, (1, 0, 0), (2, 0)): [17142, 1700, 1102, 466, 146, 43, 21, 8, 1, 1, 0, 0, 1]
(2, (1, 0, 0), (2, 1)): [22160, 1730, 1151, 429, 138, 42, 21, 6, 0, 0, 0, 0, 1]
(2, (1, 0, 0), (2, 2)): [20817, 1279, 785, 289, 108, 32, 12, 3]
(2, (1, 0, 0), (3, 0)): [5091, 653, 382, 230, 72, 19, 9, 3, 0, 1]
(2, (1, 0, 0), (3, 1)): [8942, 911, 562, 301, 71, 26, 11, 2, 0, 1, 0, 0, 1]
(2, (1, 0, 0), (3, 2)): [10883, 971, 544, 266, 83, 33, 10, 4, 0, 1, 0, 0, 1]
(2, (1, 0, 1), (0, 0)): [112992, 27215, 10817, 6427, 2118, 699, 234, 77, 25, 8, 0, 3, 1]
(2, (1, 0, 1), (0, 1)): [9755, 1913, 731, 457, 141, 47, 10, 5, 2, 1, 0, 1]
(2, (1, 0, 1), (0, 2)): [3877, 560, 213, 122, 42, 11, 2, 2, 1]
(2, (1, 0, 1), (1, 0)): [9660, 2189, 1026, 653, 246, 75, 30, 7]
(2, (1, 0, 1), (1, 1)): [8142, 1683, 705, 443, 166, 55, 21, 4, 1, 1, 0, 1]
(2, (1, 0, 1), (1, 2)): [5415, 873, 362, 211, 78, 26, 10, 3, 1, 0, 0, 1]
(2, (1, 0, 1), (2, 0)): [3484, 766, 418, 259, 102, 30, 11, 5]
(2, (1, 0, 1), (2, 1)): [4488, 895, 444, 247, 111, 35, 9, 2, 0, 1]
(2, (1, 0, 1), (2, 2)): [4220, 700, 336, 173, 70, 29, 7, 3, 1, 0, 0, 1]
(2, (1, 0, 1), (3, 0)): [1173, 242, 166, 102, 45, 12, 7, 2]
(2, (1, 0, 1), (3, 1)): [1912, 353, 213, 125, 73, 17, 8, 2, 0, 1]
(2, (1, 0, 1), (3, 2)): [2297, 372, 249, 124, 58, 26, 6, 2, 1]
(2, (1, 1, 0), (0, 0)): [253409, 38646, 19454, 13255, 4252, 1373, 463, 153, 50, 23, 8, 2, 2, 1]
(2, (1, 1, 0), (0, 1)): [21010, 2785, 1274, 938, 270, 75, 33, 18, 2, 2, 0, 1, 1]
(2, (1, 1, 0), (0, 2)): [8517, 823, 358, 260, 81, 20, 9, 7, 2]
(2, (1, 1, 0), (1, 0)): [20145, 3116, 1729, 1281, 466, 129, 54, 8, 3, 1, 1]
(2, (1, 1, 0), (1, 1)): [17779, 2425, 1243, 916, 255, 78, 33, 11, 2, 3, 0, 1, 1]
(2, (1, 1, 0), (1, 2)): [12406, 1248, 616, 439, 128, 40, 13, 10, 2]
(2, (1, 1, 0), (2, 0)): [6845, 1115, 681, 495, 249, 68, 27, 3]
(2, (1, 1, 0), (2, 1)): [9398, 1316, 817, 562, 195, 46, 28, 6, 1, 1, 0, 0, 1]
(2, (1, 1, 0), (2, 2)): [9718, 1057, 589, 449, 148, 35, 22, 9, 3]
(2, (1, 1, 0), (3, 0)): [2206, 376, 263, 165, 133, 40, 11]
(2, (1, 1, 0), (3, 1)): [3934, 594, 451, 263, 147, 40, 19, 2, 0, 0, 0, 0, 1]
(2, (1, 1, 0), (3, 2)): [5386, 628, 478, 313, 160, 31, 15, 4, 2]
(2, (1, 1, 1), (0, 0)): [73681, 10762, 12365, 6139, 4475, 1404, 475, 158, 51, 10, 9, 3, 1, 1]
(2, (1, 1, 1), (0, 1)): [6819, 731, 913, 460, 334, 81, 33, 10, 2, 0, 2, 0, 1]
(2, (1, 1, 1), (0, 2)): [2964, 232, 265, 129, 93, 23, 11, 4, 1, 0, 1]
(2, (1, 1, 1), (1, 0)): [5415, 1250, 1036, 597, 428, 153, 48, 11, 5, 0, 1, 2]
(2, (1, 1, 1), (1, 1)): [5359, 780, 825, 462, 331, 99, 34, 9, 2, 0, 1, 0, 1]
(2, (1, 1, 1), (1, 2)): [4064, 399, 421, 202, 160, 50, 13, 7, 1, 0, 1]
(2, (1, 1, 1), (2, 0)): [1534, 732, 360, 238, 177, 66, 19, 3, 2, 0, 0, 2]
(2, (1, 1, 1), (2, 1)): [2480, 667, 470, 280, 211, 70, 26, 3, 0, 0, 0, 0, 1]
(2, (1, 1, 1), (2, 2)): [2858, 461, 366, 214, 159, 53, 18, 6, 1, 0, 1]
(2, (1, 1, 1), (3, 0)): [258, 445, 108, 114, 58, 35, 8, 1, 1, 0, 0, 1]
(2, (1, 1, 1), (3, 1)): [722, 562, 194, 174, 112, 43, 16, 2, 0, 0, 0, 1]
(2, (1, 1, 1), (3, 2)): [1195, 538, 236, 203, 128, 44, 20, 4, 1, 0, 1]
