(0, (0, 0, 0)): [30194, 5868, 2865, 1323, 617, 246, 127, 51, 12, 10, 3, 0, 0, 0, 1]
(0, (0, 0, 1)): [74, 202, 58, 38, 13, 8, 4, 2]
(0, (0, 1, 0)): [1079, 946, 392, 218, 88, 43, 22, 12, 4]
(0, (0, 1, 1)): [93, 148, 177, 89, 53, 18, 11, 6, 1, 2, 0, 1]
(0, (1, 0, 0)): [5743, 1524, 1341, 652, 347, 137, 63, 27, 6, 9, 2, 0, 0, 0, 1]
(0, (1, 0, 1)): [98, 332, 145, 124, 56, 35, 12, 7, 1, 4, 2]
(0, (1, 1, 0)): [910, 507, 389, 293, 186, 82, 27, 15, 8, 3, 0, 0, 0, 0, 1]
(0, (1, 1, 1)): [80, 176, 125, 94, 88, 36, 19, 9, 0, 2, 0, 0, 0, 1, 1]
(1, (0, 0, 0)): [25514, 2891, 1146, 477, 190, 82, 38, 16, 2, 0, 1]
(1, (0, 0, 1)): [488, 685, 149, 76, 24, 8, 7, 5, 1]
(1, (0, 1, 0)): [2840, 1107, 435, 208, 89, 39, 19, 6, 2]
(1, (0, 1, 1)): [432, 375, 375, 129, 72, 25, 10, 4, 2]
(1, (1, 0, 0)): [8891, 1339, 1133, 474, 201, 74, 34, 18, 3, 0, 1]
(1, (1, 0, 1)): [619, 696, 213, 172, 91, 31, 10, 6, 1, 2]
(1, (1, 1, 0)): [2396, 636, 417, 389, 171, 61, 24, 13, 6, 0, 1]
(1, (1, 1, 1)): [426, 367, 198, 129, 138, 53, 28, 9, 4]
(2, (0, 0, 0)): [22686, 1144, 338, 112, 45, 14, 3, 1]
(2, (0, 0, 1)): [1801, 412, 114, 47, 11, 4, 2, 2]
(2, (0, 1, 0)): [4995, 937, 313, 120, 48, 16, 6, 1]
(2, (0, 1, 1)): [1354, 90, 254, 94, 32, 11, 5, 2]
(2, (1, 0, 0)): [10924, 751, 580, 186, 71, 18, 8, 3]
(2, (1, 0, 1)): [1846, 376, 170, 122, 35, 12, 3, 4]
(2, (1, 1, 0)): [3922, 529, 244, 243, 93, 22, 13, 3]
(2, (1, 1, 1)): [1142, 178, 186, 98, 108, 24, 10, 4, 1]
