(0, (0, 0, 0)): [2277299, 465881, 214161, 97943, 43999, 18793, 7859, 3139, 1289, 555, 252, 116, 41, 22, 6, 1, 1, 1]
(0, (0, 0, 1)): [8419, 26127, 7155, 3490, 1674, 727, 324, 129, 53, 30, 20, 4, 4, 3]
(0, (0, 1, 0)): [84485, 79267, 31120, 15435, 7339, 3166, 1381, 553, 238, 121, 44, 17, 7, 6, 3, 0, 1]
(0, (0, 1, 1)): [6673, 11789, 14023, 6513, 3424, 1657, 710, 306, 152, 67, 21, 13, 3, 4, 2, 0, 1, 1]
(0, (1, 0, 0)): [477463, 158421, 102857, 51141, 24495, 10979, 4599, 1941, 823, 357, 173, 68, 26, 17, 4, 1, 1, 1]
(0, (1, 0, 1)): [11203, 34077, 13914, 9909, 5225, 2431, 1146, 463, 229, 95, 52, 20, 9, 3, 2, 0, 0, 1]
(0, (1, 1, 0)): [68083, 42956, 31875, 23192, 12321, 5792, 2481, 1130, 479, 217, 102, 39, 13, 6, 1, 0, 1]
(0, (1, 1, 1)): [6534, 12846, 10311, 7504, 6148, 3083, 1423, 671, 327, 137, 67, 24, 7, 4, 1, 0, 1]
(1, (0, 0, 0)): [1859589, 207746, 84956, 33709, 13271, 5032, 1959, 695, 245, 100, 36, 23, 8, 3, 0, 1]
(1, (0, 0, 1)): [50730, 72919, 14547, 6371, 2603, 1061, 418, 149, 74, 26, 14, 8, 4, 2]
(1, (0, 1, 0)): [252821, 109801, 40513, 17632, 7138, 2846, 1005, 433, 132, 64, 32, 10, 10, 2, 1]
(1, (0, 1, 1)): [39326, 33163, 28849, 11733, 6021, 2382, 962, 369, 165, 56, 17, 9, 3, 2, 0, 1]
(1, (1, 0, 0)): [693347, 122425, 80564, 34325, 14077, 5582, 2200, 797, 307, 132, 50, 32, 7, 3, 0, 2]
(1, (1, 0, 1)): [56484, 64234, 20709, 14126, 6121, 2502, 983, 381, 136, 77, 22, 9, 2, 1]
(1, (1, 1, 0)): [194918, 58819, 39228, 28649, 12060, 4995, 1958, 784, 299, 123, 46, 25, 10, 5, 1]
(1, (1, 1, 1)): [39900, 31957, 20011, 13052, 9974, 4230, 1739, 656, 267, 94, 30, 22, 9, 4, 1, 1]
(2, (0, 0, 0)): [1623526, 76663, 25508, 8122, 2722, 857, 296, 101, 20, 8, 5, 0, 1]
(2, (0, 0, 1)): [153851, 45160, 9495, 3270, 1156, 390, 111, 37, 9, 6, 0, 2]
(2, (0, 1, 0)): [404919, 83792, 23451, 8331, 2803, 904, 288, 85, 20, 13, 7, 0, 1]
(2, (0, 1, 1)): [93832, 7909, 19647, 5659, 2251, 737, 241, 75, 24, 7, 5, 1, 0, 1]
(2, (1, 0, 0)): [839288, 60888, 40825, 13010, 4294, 1362, 524, 152, 38, 15, 7, 1, 1]
(2, (1, 0, 1)): [148116, 34676, 13784, 8710, 2894, 942, 316, 92, 32, 11, 2, 4, 2]
(2, (1, 1, 0)): [330465, 49573, 25157, 17648, 5714, 1843, 627, 208, 67, 29, 10, 3, 2, 1]
(2, (1, 1, 1)): [98099, 14278, 16277, 8167, 6185, 1919, 647, 217, 74, 18, 10, 4, 1, 1]
