(0, (0, 0, 0)): [126417, 23182, 10070, 4449, 1935, 739, 300, 119, 43, 15, 16]
(0, (0, 0, 1)): [794, 2175, 601, 259, 116, 40, 24, 8, 2, 1, 2]
(0, (0, 1, 0)): [4177, 3933, 1392, 634, 299, 101, 42, 10, 6, 3, 4]
(0, (0, 1, 1)): [360, 592, 772, 345, 152, 66, 28, 13, 5, 3, 1]
(0, (1, 0, 0)): [28601, 9948, 5405, 2649, 1158, 476, 184, 76, 32, 11, 11]
(0, (1, 0, 1)): [672, 1567, 791, 451, 237, 91, 46, 21, 10, 2, 3]
(0, (1, 1, 0)): [3599, 2334, 1892, 1212, 637, 265, 111, 41, 15, 12, 7]
(0, (1, 1, 1)): [446, 678, 575, 496, 362, 171, 80, 38, 20, 13, 5]
(1, (0, 0, 0)): [99570, 9384, 3610, 1302, 524, 200, 65, 36, 6, 2, 2]
(1, (0, 0, 1)): [4023, 5806, 1055, 422, 179, 59, 26, 12, 5, 1]
(1, (0, 1, 0)): [16348, 7572, 2376, 950, 346, 132, 46, 19, 6]
(1, (0, 1, 1)): [2670, 2128, 2211, 827, 315, 125, 45, 13, 5, 3, 1]
(1, (1, 0, 0)): [39209, 7380, 3785, 1540, 592, 243, 72, 38, 8, 3, 2]
(1, (1, 0, 1)): [2820, 3456, 1288, 727, 301, 98, 26, 16, 5, 2, 1]
(1, (1, 1, 0)): [9565, 2936, 2092, 1282, 523, 192, 67, 24, 8, 1]
(1, (1, 1, 1)): [1898, 1514, 967, 739, 442, 195, 79, 33, 8, 2]
(2, (0, 0, 0)): [86474, 3013, 925, 265, 92, 26, 10, 4, 1, 0, 1]
(2, (0, 0, 1)): [10872, 3819, 565, 179, 51, 12, 7, 2]
(2, (0, 1, 0)): [26687, 5838, 1298, 386, 100, 32, 14, 8]
(2, (0, 1, 1)): [6559, 654, 1473, 360, 114, 38, 9, 2]
(2, (1, 0, 0)): [47361, 3531, 1542, 471, 143, 49, 18, 6, 1, 0, 1]
(2, (1, 0, 1)): [7049, 2023, 926, 331, 114, 32, 9, 2]
(2, (1, 1, 0)): [14465, 2058, 1196, 616, 146, 52, 15, 6, 2, 1, 1]
(2, (1, 1, 1)): [4477, 720, 702, 369, 213, 65, 24, 6, 2, 2, 1]
