(0, (0, 0, 0), (0, 0)): [324020, 65402, 30274, 13878, 6248, 2700, 1147, 483, 189, 81, 44, 12, 8, 3, 2]
(0, (0, 0, 0), (0, 1)): [1015, 193, 75, 35, 12, 5, 2, 1, 0, 1, 1]
(0, (0, 0, 0), (0, 2)): [411, 81, 28, 11, 3, 2, 1, 1]
(0, (0, 0, 0), (1, 0)): [929, 196, 79, 38, 18, 13, 3, 1, 0, 2]
(0, (0, 0, 0), (1, 1)): [795, 161, 54, 32, 12, 3, 1, 1, 0, 1, 1]
(0, (0, 0, 0), (1, 2)): [520, 98, 25, 14, 3, 2, 1, 1]
(0, (0, 0, 0), (2, 0)): [352, 74, 41, 21, 11, 9, 1, 0, 0, 1]
(0, (0, 0, 0), (2, 1)): [431, 85, 29, 19, 6, 4]
(0, (0, 0, 0), (2, 2)): [419, 82, 16, 11, 6, 4, 1]
(0, (0, 0, 0), (3, 0)): [168, 39, 29, 14, 8, 8, 1]
(0, (0, 0, 0), (3, 1)): [193, 42, 26, 11, 2, 1, 1]
(0, (0, 0, 0), (3, 2)): [254, 53, 27, 12, 6, 2, 2]
(0, (0, 0, 1), (0, 0)): [1744, 5472, 1558, 734, 352, 141, 75, 42, 11, 5, 3, 1, 3]
(0, (0, 0, 1), (0, 1)): [3, 7, 3, 1, 0, 0, 1]
(0, (0, 0, 1), (1, 1)): [3, 7, 3, 0, 1, 0, 1]
(0, (0, 1, 0), (0, 0)): [10639, 10933, 4118, 1882, 967, 426, 172, 73, 33, 18, 8, 1]
(0, (0, 1, 0), (0, 1)): [27, 34, 4, 2, 0, 1]
(0, (0, 1, 0), (1, 0)): [37, 28, 4, 6, 3]
(0, (0, 1, 0), (1, 1)): [24, 17, 2]
(0, (0, 1, 0), (1, 2)): [13, 12, 3, 2]
(0, (0, 1, 0), (2, 1)): [8, 10, 0, 4]
(0, (0, 1, 1), (0, 0)): [935, 1702, 2296, 1058, 536, 248, 106, 52, 22, 11, 3, 1, 0, 1, 1]
(0, (1, 0, 0), (0, 0)): [73325, 26342, 15723, 7909, 3688, 1634, 717, 308, 120, 53, 32, 9, 6, 3, 2]
(0, (1, 0, 0), (0, 1)): [203, 44, 40, 16, 9, 4, 2, 1, 1, 1]
(0, (1, 0, 0), (0, 2)): [73, 14, 17, 2, 2, 2, 1, 1, 0, 1]
(0, (1, 0, 0), (1, 0)): [153, 64, 39, 16, 5, 2, 0, 0, 2]
(0, (1, 0, 0), (1, 1)): [132, 33, 29, 12, 6, 2]
(0, (1, 0, 0), (1, 2)): [72, 14, 23, 1, 3, 2]
(0, (1, 0, 0), (2, 0)): [51, 28, 11, 8, 3, 0, 0, 0, 2]
(0, (1, 0, 0), (2, 1)): [60, 24, 8, 10, 2, 0, 0, 0, 2]
(0, (1, 0, 0), (2, 2)): [63, 13, 11, 4, 1, 1, 0, 0, 1]
(0, (1, 0, 0), (3, 1)): [21, 10, 2, 6, 1, 0, 0, 0, 1]
(0, (1, 0, 1), (0, 0)): [1740, 5026, 2355, 1531, 865, 388, 208, 78, 37, 16, 8, 5, 2, 0, 1]
(0, (1, 0, 1), (0, 1)): [4, 13, 0, 5, 1, 0, 3, 1]
(0, (1, 0, 1), (1, 1)): [5, 11, 1, 1, 2, 0, 1]
(0, (1, 0, 1), (1, 2)): [2, 7, 1, 1, 1, 0, 0, 1]
(0, (1, 1, 0), (0, 0)): [9489, 6343, 5269, 3532, 1894, 888, 390, 189, 68, 36, 25, 4, 2, 1]
(0, (1, 1, 0), (0, 1)): [34, 16, 12, 9, 2, 4]
(0, (1, 1, 0), (1, 0)): [21, 15, 10, 14, 4, 4, 3, 1, 1]
(0, (1, 1, 0), (1, 1)): [16, 15, 8, 8, 1, 5, 0, 0, 1]
(0, (1, 1, 0), (1, 2)): [13, 7, 4, 5, 0, 1]
(0, (1, 1, 0), (2, 1)): [9, 5, 3, 3, 4, 2, 1]
(0, (1, 1, 0), (3, 1)): [4, 2, 3, 3, 3, 1]
(0, (1, 1, 0), (3, 2)): [5, 2, 3, 2, 2]
(0, (1, 1, 1), (0, 0)): [1040, 1789, 1532, 1328, 1049, 509, 238, 119, 54, 29, 14, 3, 1, 1, 1]
(1, (0, 0, 0), (0, 0)): [255370, 27186, 11122, 4329, 1737, 729, 263, 108, 36, 14, 4, 2]
(1, (0, 0, 0), (0, 1)): [801, 91, 24, 9, 5]
(1, (0, 0, 0), (0, 2)): [330, 27, 12, 6, 1]
(1, (0, 0, 0), (1, 0)): [737, 79, 35, 9, 2, 3, 0, 1]
(1, (0, 0, 0), (1, 1)): [632, 69, 22, 8, 3, 1]
(1, (0, 0, 0), (1, 2)): [399, 43, 11, 9, 1, 1]
(1, (0, 0, 0), (2, 0)): [254, 33, 19, 3, 1, 1]
(1, (0, 0, 0), (2, 1)): [318, 38, 21, 4, 2]
(1, (0, 0, 0), (2, 2)): [318, 31, 13, 7, 1, 1]
(1, (0, 0, 0), (3, 0)): [107, 10, 6, 1, 1, 1]
(1, (0, 0, 0), (3, 1)): [139, 24, 13, 1, 1]
(1, (0, 0, 0), (3, 2)): [180, 23, 17, 4, 0, 1]
(1, (0, 0, 1), (0, 0)): [9232, 14426, 2821, 1138, 504, 196, 76, 40, 14, 3, 4, 2, 1]
(1, (0, 0, 1), (0, 1)): [22, 38, 4, 1, 1]
(1, (0, 0, 1), (0, 2)): [9, 18]
(1, (0, 0, 1), (1, 0)): [24, 31, 9, 3, 3]
(1, (0, 0, 1), (1, 1)): [21, 22, 6, 2, 2]
(1, (0, 0, 1), (1, 2)): [11, 16, 3, 1]
(1, (0, 0, 1), (2, 2)): [10, 14, 2]
(1, (0, 0, 1), (3, 2)): [7, 6, 1]
(1, (0, 1, 0), (0, 0)): [39425, 19525, 6509, 2640, 1054, 455, 172, 65, 18, 8, 2, 3, 2]
(1, (0, 1, 0), (0, 1)): [123, 44, 10, 5, 1, 1, 1]
(1, (0, 1, 0), (0, 2)): [48, 17, 2, 0, 0, 1, 1]
(1, (0, 1, 0), (1, 0)): [133, 60, 19, 10, 8, 2]
(1, (0, 1, 0), (1, 1)): [110, 39, 8, 8, 4, 1]
(1, (0, 1, 0), (1, 2)): [75, 23, 7, 1, 1]
(1, (0, 1, 0), (2, 0)): [56, 19, 10, 4, 4, 1]
(1, (0, 1, 0), (2, 1)): [49, 23, 4, 8, 2, 2]
(1, (0, 1, 0), (2, 2)): [52, 17, 8, 5, 2, 1]
(1, (0, 1, 0), (3, 0)): [33, 11, 4, 2, 4]
(1, (0, 1, 0), (3, 1)): [29, 11, 2, 4, 3, 1]
(1, (0, 1, 0), (3, 2)): [39, 3, 6, 6, 0, 1]
(1, (0, 1, 1), (0, 0)): [6645, 5707, 6054, 2309, 983, 401, 154, 54, 26, 11, 6, 3, 0, 1]
(1, (0, 1, 1), (0, 1)): [25, 7, 17, 3, 1, 0, 0, 1]
(1, (0, 1, 1), (0, 2)): [18, 2, 5, 1]
(1, (0, 1, 1), (1, 0)): [25, 6, 13, 7, 4, 1, 1]
(1, (0, 1, 1), (1, 1)): [13, 3, 14, 4, 1, 0, 1]
(1, (0, 1, 1), (1, 2)): [15, 0, 8, 1, 0, 0, 1]
(1, (0, 1, 1), (2, 0)): [14, 6, 4, 3, 2, 1]
(1, (0, 1, 1), (2, 1)): [7, 4, 9, 3]
(1, (0, 1, 1), (2, 2)): [10, 1, 6, 3]
(1, (0, 1, 1), (3, 0)): [11, 4, 1, 1, 2, 1]
(1, (0, 1, 1), (3, 2)): [5, 1, 6]
(1, (1, 0, 0), (0, 0)): [104953, 20243, 11660, 5057, 2027, 859, 295, 119, 46, 22, 7, 6, 1, 2]
(1, (1, 0, 0), (0, 1)): [324, 43, 31, 14, 4, 3, 1]
(1, (1, 0, 0), (0, 2)): [133, 22, 13, 4]
(1, (1, 0, 0), (1, 0)): [292, 54, 54, 23, 3, 3, 0, 1]
(1, (1, 0, 0), (1, 1)): [239, 34, 26, 14, 1, 3, 0, 1]
(1, (1, 0, 0), (1, 2)): [160, 21, 15, 6, 1]
(1, (1, 0, 0), (2, 0)): [97, 21, 27, 11, 3, 1]
(1, (1, 0, 0), (2, 1)): [114, 18, 20, 9, 0, 3, 0, 1]
(1, (1, 0, 0), (2, 2)): [108, 17, 16, 6, 0, 1]
(1, (1, 0, 0), (3, 0)): [35, 13, 10, 7, 3]
(1, (1, 0, 0), (3, 1)): [41, 9, 10, 7, 0, 1, 0, 1]
(1, (1, 0, 0), (3, 2)): [55, 10, 11, 8, 0, 1]
(1, (1, 0, 1), (0, 0)): [8346, 10532, 3791, 2294, 982, 410, 145, 64, 20, 16, 6, 2]
(1, (1, 0, 1), (0, 1)): [24, 18, 9, 5, 3, 1, 1, 1]
(1, (1, 0, 1), (0, 2)): [20, 4, 5, 3, 1, 1, 0, 1]
(1, (1, 0, 1), (1, 0)): [17, 28, 3, 9, 2, 3]
(1, (1, 0, 1), (1, 1)): [7, 17, 3, 7, 1, 0, 1]
(1, (1, 0, 1), (1, 2)): [11, 6, 5, 6, 1, 0, 0, 1]
(1, (1, 0, 1), (2, 0)): [9, 10, 1, 3, 2, 2]
(1, (1, 1, 0), (0, 0)): [26378, 8438, 6056, 4011, 1725, 747, 271, 108, 41, 18, 5, 3, 0, 3]
(1, (1, 1, 0), (0, 1)): [73, 19, 11, 15, 5, 2]
(1, (1, 1, 0), (0, 2)): [26, 10, 3, 6, 2]
(1, (1, 1, 0), (1, 0)): [61, 16, 18, 21, 7, 1]
(1, (1, 1, 0), (1, 1)): [65, 12, 6, 13, 2]
(1, (1, 1, 0), (1, 2)): [39, 5, 4, 7, 2]
(1, (1, 1, 0), (2, 0)): [18, 5, 8, 7, 6]
(1, (1, 1, 0), (2, 2)): [31, 6, 3, 5, 2]
(1, (1, 1, 1), (0, 0)): [5092, 4202, 2723, 2066, 1377, 611, 239, 105, 33, 13, 4, 1, 0, 1]
(1, (1, 1, 1), (0, 1)): [15, 14, 9, 6, 0, 1]
(1, (1, 1, 1), (0, 2)): [9, 6, 4, 2, 0, 1]
(1, (1, 1, 1), (1, 2)): [7, 6, 1, 5, 1, 1]
(2, (0, 0, 0), (0, 0)): [219805, 9114, 2961, 948, 321, 116, 42, 16, 2, 1, 1]
(2, (0, 0, 0), (0, 1)): [722, 35, 7, 2]
(2, (0, 0, 0), (0, 2)): [273, 10, 3, 1]
(2, (0, 0, 0), (1, 0)): [765, 51, 17, 5, 2]
(2, (0, 0, 0), (1, 1)): [640, 32, 11, 1]
(2, (0, 0, 0), (1, 2)): [367, 11, 9, 1]
(2, (0, 0, 0), (2, 0)): [299, 17, 7, 4, 1]
(2, (0, 0, 0), (2, 1)): [402, 22, 5, 2]
(2, (0, 0, 0), (2, 2)): [333, 13, 9, 3]
(2, (0, 0, 0), (3, 0)): [113, 9, 6, 2, 1]
(2, (0, 0, 0), (3, 1)): [184, 12, 3]
(2, (0, 0, 0), (3, 2)): [244, 15, 8, 1]
(2, (0, 0, 1), (0, 0)): [27642, 9612, 1647, 523, 179, 67, 22, 7]
(2, (0, 0, 1), (0, 1)): [65, 24, 5]
(2, (0, 0, 1), (1, 0)): [65, 26, 4, 0, 0, 1]
(2, (0, 0, 1), (1, 1)): [45, 15, 2]
(2, (0, 0, 1), (1, 2)): [36, 13, 2]
(2, (0, 0, 1), (2, 1)): [28, 9, 2]
(2, (0, 0, 1), (2, 2)): [28, 9, 3]
(2, (0, 1, 0), (0, 0)): [64411, 15015, 3581, 1161, 369, 135, 49, 14, 2, 1]
(2, (0, 1, 0), (0, 1)): [163, 32, 4, 1, 4]
(2, (0, 1, 0), (0, 2)): [69, 7, 1, 0, 2]
(2, (0, 1, 0), (1, 0)): [212, 36, 15, 2, 1, 1]
(2, (0, 1, 0), (1, 1)): [155, 32, 4, 0, 2]
(2, (0, 1, 0), (1, 2)): [95, 15, 2, 0, 4]
(2, (0, 1, 0), (2, 1)): [102, 16, 4, 0, 0, 1]
(2, (0, 1, 0), (2, 2)): [94, 11, 3, 0, 3]
(2, (0, 1, 0), (3, 1)): [54, 10, 1, 0, 1, 1]
(2, (0, 1, 0), (3, 2)): [70, 9, 4, 0, 1, 1]
(2, (0, 1, 1), (0, 0)): [16523, 1523, 3986, 1031, 365, 119, 40, 8, 6, 1, 1]
(2, (0, 1, 1), (0, 1)): [46, 5, 10, 2, 1]
(2, (0, 1, 1), (1, 0)): [58, 3, 17, 6, 2, 1]
(2, (0, 1, 1), (2, 0)): [31, 2, 8, 4, 1, 1]
(2, (0, 1, 1), (3, 0)): [26, 0, 6, 3, 1, 1]
(2, (0, 1, 1), (3, 1)): [9, 1, 4, 1]
(2, (1, 0, 0), (0, 0)): [128468, 10095, 5167, 1692, 543, 181, 74, 23, 5, 1, 1]
(2, (1, 0, 0), (0, 1)): [336, 9, 12, 3, 0, 1]
(2, (1, 0, 0), (0, 2)): [109, 3, 3, 0, 0, 1]
(2, (1, 0, 0), (1, 0)): [351, 16, 17, 6, 1, 1]
(2, (1, 0, 0), (1, 1)): [269, 8, 12, 4, 1]
(2, (1, 0, 0), (1, 2)): [143, 4, 6, 2]
(2, (1, 0, 0), (2, 0)): [128, 9, 5, 4]
(2, (1, 0, 0), (2, 1)): [125, 5, 5, 0, 1]
(2, (1, 0, 0), (2, 2)): [108, 6, 8, 1]
(2, (1, 0, 0), (3, 1)): [52, 2, 2, 1]
(2, (1, 0, 0), (3, 2)): [53, 4, 2, 1]
(2, (1, 0, 1), (0, 0)): [21780, 6087, 2675, 1234, 403, 148, 45, 20, 6, 0, 0, 1]
(2, (1, 0, 1), (0, 1)): [49, 11, 5, 6, 1, 1]
(2, (1, 0, 1), (1, 0)): [50, 7, 7, 8, 0, 1]
(2, (1, 0, 1), (1, 1)): [25, 5, 2, 2, 1]
(2, (1, 0, 1), (1, 2)): [15, 5, 1, 3]
(2, (1, 1, 0), (0, 0)): [41704, 6425, 3590, 2094, 641, 232, 67, 16, 9, 5, 2, 0, 0, 1]
(2, (1, 1, 0), (0, 1)): [127, 15, 7, 5, 2]
(2, (1, 1, 0), (0, 2)): [55, 6, 2, 1]
(2, (1, 1, 0), (1, 0)): [109, 10, 11, 11, 2, 2, 0, 1]
(2, (1, 1, 0), (1, 1)): [76, 9, 5, 5, 1]
(2, (1, 1, 0), (1, 2)): [53, 6, 1, 2]
(2, (1, 1, 0), (2, 0)): [54, 5, 5, 5, 1, 1, 0, 1]
(2, (1, 1, 0), (2, 1)): [50, 5, 3, 2, 1]
(2, (1, 1, 0), (2, 2)): [42, 5, 2, 2, 1]
(2, (1, 1, 0), (3, 1)): [21, 1, 4, 3]
(2, (1, 1, 0), (3, 2)): [25, 1, 5, 2, 1]
(2, (1, 1, 1), (0, 0)): [12493, 1917, 2100, 1169, 746, 236, 83, 26, 13, 3, 2, 0, 0, 1]
(2, (1, 1, 1), (0, 1)): [43, 6, 9, 3, 2, 1]
(2, (1, 1, 1), (1, 0)): [36, 12, 5, 11, 0, 1]
(2, (1, 1, 1), (1, 1)): [21, 4, 7, 4]
(2, (1, 1, 1), (1, 2)): [14, 2, 3, 1, 0, 1]
(2, (1, 1, 1), (2, 0)): [18, 11, 2, 7, 0, 1]
(2, (1, 1, 1), (2, 1)): [14, 5, 5, 5]
(2, (1, 1, 1), (2, 2)): [13, 3, 4, 3]
(2, (1, 1, 1), (3, 0)): [8, 7, 0, 5, 0, 1]
(2, (1, 1, 1), (3, 1)): [9, 4, 0, 3]
(2, (1, 1, 1), (3, 2)): [11, 4, 1, 5]
