(0, (0, 0, 0)): [16849, 3369, 1549, 692, 293, 140, 47, 19, 10, 1]
(0, (0, 0, 1)): [60, 166, 34, 23, 5, 11, 0, 3, 1]
(0, (0, 1, 0)): [527, 462, 169, 97, 48, 11, 2, 1]
(0, (0, 1, 1)): [52, 90, 73, 42, 29, 10, 2, 1, 1]
(0, (1, 0, 0)): [3602, 1100, 736, 346, 162, 80, 31, 11, 7, 1]
(0, (1, 0, 1)): [66, 252, 93, 53, 30, 12, 4, 1]
(0, (1, 1, 0)): [528, 279, 189, 150, 75, 41, 16, 5, 3, 1]
(0, (1, 1, 1)): [57, 96, 55, 43, 42, 26, 7, 4, 3, 1]
(1, (0, 0, 0)): [13767, 1494, 647, 257, 98, 37, 11, 4, 2]
(1, (0, 0, 1)): [336, 425, 64, 32, 14, 4, 0, 0, 1]
(1, (0, 1, 0)): [1602, 664, 260, 117, 43, 19, 2, 1]
(1, (0, 1, 1)): [273, 196, 170, 72, 45, 15, 6, 6, 1]
(1, (1, 0, 0)): [5200, 822, 627, 276, 96, 34, 17, 10, 4]
(1, (1, 0, 1)): [392, 429, 124, 91, 29, 11, 7, 2, 1]
(1, (1, 1, 0)): [1447, 425, 286, 216, 85, 34, 14, 8, 2]
(1, (1, 1, 1)): [322, 217, 153, 94, 65, 27, 11, 8, 1, 1]
(2, (0, 0, 0)): [12042, 571, 195, 61, 23, 9, 2]
(2, (0, 0, 1)): [915, 274, 56, 18, 2, 3]
(2, (0, 1, 0)): [2654, 497, 152, 57, 23, 5, 1]
(2, (0, 1, 1)): [588, 49, 120, 36, 12, 5, 3]
(2, (1, 0, 0)): [6248, 401, 326, 95, 32, 13, 3, 2]
(2, (1, 0, 1)): [935, 225, 80, 55, 21, 5, 1]
(2, (1, 1, 0)): [2471, 365, 179, 141, 50, 16, 3, 2]
(2, (1, 1, 1)): [713, 106, 114, 56, 39, 11, 3, 1]
