(0, (0, 0, 0)): [294122, 58760, 26919, 12235, 5502, 2336, 997, 410, 152, 70, 40, 7, 7, 3, 2]
(0, (0, 0, 1)): [1604, 4979, 1424, 649, 314, 124, 66, 35, 7, 5, 2, 0, 3]
(0, (0, 1, 0)): [9563, 9771, 3654, 1676, 847, 354, 141, 58, 28, 16, 6, 1]
(0, (0, 1, 1)): [831, 1531, 2023, 926, 471, 220, 95, 41, 19, 8, 3, 1, 0, 1, 1]
(0, (1, 0, 0)): [66766, 23955, 14082, 7031, 3250, 1429, 637, 257, 97, 46, 30, 6, 5, 3, 2]
(0, (1, 0, 1)): [1578, 4422, 2096, 1369, 768, 337, 181, 69, 31, 16, 8, 4, 1, 0, 1]
(0, (1, 1, 0)): [8599, 5727, 4745, 3145, 1676, 768, 347, 160, 58, 34, 22, 2, 2, 1]
(0, (1, 1, 1)): [959, 1613, 1386, 1200, 928, 457, 213, 108, 46, 27, 12, 2, 1, 1, 1]
(1, (0, 0, 0)): [231511, 24250, 9823, 3770, 1532, 633, 226, 95, 26, 11, 4, 1]
(1, (0, 0, 1)): [8492, 13191, 2545, 1023, 450, 173, 70, 34, 13, 3, 1, 2, 1]
(1, (0, 1, 0)): [36233, 17785, 5901, 2377, 932, 397, 147, 53, 14, 8, 1, 2, 2]
(1, (0, 1, 1)): [6052, 5162, 5489, 2082, 884, 359, 135, 42, 18, 9, 5, 2, 0, 1]
(1, (1, 0, 0)): [94934, 18205, 10376, 4411, 1768, 755, 249, 104, 34, 16, 7, 5, 1, 2]
(1, (1, 0, 1)): [7475, 9367, 3427, 2002, 869, 362, 121, 54, 18, 13, 5, 1]
(1, (1, 1, 0)): [23816, 7576, 5385, 3535, 1509, 645, 228, 91, 36, 15, 5, 3, 0, 3]
(1, (1, 1, 1)): [4592, 3769, 2454, 1850, 1229, 544, 207, 91, 30, 10, 4, 0, 0, 1]
(2, (0, 0, 0)): [199275, 8097, 2580, 827, 278, 95, 38, 15, 2, 1, 1]
(2, (0, 0, 1)): [25308, 8872, 1485, 468, 154, 54, 20, 5]
(2, (0, 1, 0)): [58803, 13512, 3241, 1035, 319, 117, 45, 14, 2, 1]
(2, (0, 1, 1)): [15209, 1398, 3628, 926, 323, 103, 32, 8, 4, 1, 1]
(2, (1, 0, 0)): [115898, 9040, 4488, 1461, 455, 149, 61, 21, 4, 1, 1]
(2, (1, 0, 1)): [19412, 5461, 2381, 1060, 340, 123, 37, 16, 4, 0, 0, 1]
(2, (1, 1, 0)): [37293, 5703, 3169, 1817, 537, 192, 60, 16, 7, 4, 2, 0, 0, 1]
(2, (1, 1, 1)): [11167, 1730, 1869, 1039, 641, 198, 71, 22, 10, 3, 2, 0, 0, 1]
