(0, (0, 0, 0)): [233706, 45800, 20575, 9352, 4153, 1745, 745, 298, 106, 49, 31, 2, 3, 3, 2]
(0, (0, 0, 1)): [1351, 3961, 1134, 518, 245, 95, 51, 26, 5, 3, 2]
(0, (0, 1, 0)): [7590, 7605, 2761, 1270, 645, 271, 104, 27, 24, 10, 6]
(0, (0, 1, 1)): [650, 1179, 1550, 685, 354, 155, 69, 27, 16, 5, 1, 1, 0, 1, 1]
(0, (1, 0, 0)): [53133, 18915, 10868, 5441, 2460, 1086, 477, 194, 68, 33, 23, 2, 3, 3, 2]
(0, (1, 0, 1)): [1248, 3321, 1597, 1000, 548, 244, 127, 48, 23, 11, 5, 2, 0, 0, 1]
(0, (1, 1, 0)): [6787, 4482, 3751, 2451, 1298, 597, 264, 116, 37, 25, 18, 1, 2, 1]
(0, (1, 1, 1)): [764, 1263, 1089, 965, 732, 354, 157, 85, 36, 25, 11, 1, 1, 1, 1]
(1, (0, 0, 0)): [183764, 18769, 7452, 2849, 1151, 463, 160, 73, 14, 9, 3]
(1, (0, 0, 1)): [6989, 10562, 2037, 820, 362, 139, 55, 24, 9, 2, 0, 2]
(1, (0, 1, 0)): [29303, 14207, 4640, 1850, 717, 309, 104, 42, 10, 5, 1, 1, 1]
(1, (0, 1, 1)): [4813, 4051, 4326, 1664, 677, 271, 99, 34, 11, 6, 2, 1, 0, 1]
(1, (1, 0, 0)): [74880, 14251, 7825, 3384, 1330, 562, 175, 84, 22, 11, 6, 0, 0, 2]
(1, (1, 0, 1)): [5736, 7132, 2648, 1531, 652, 275, 85, 42, 13, 9, 3]
(1, (1, 1, 0)): [18635, 5899, 4195, 2717, 1142, 470, 161, 69, 28, 9, 3, 0, 0, 3]
(1, (1, 1, 1)): [3545, 2925, 1896, 1449, 922, 414, 159, 75, 23, 6, 1, 0, 0, 1]
(2, (0, 0, 0)): [158300, 6224, 1961, 617, 214, 66, 24, 11, 1, 1, 1]
(2, (0, 0, 1)): [20136, 7153, 1140, 355, 124, 38, 16, 3]
(2, (0, 1, 0)): [47707, 10850, 2549, 792, 239, 81, 31, 10, 1, 1]
(2, (0, 1, 1)): [12200, 1140, 2903, 731, 249, 81, 21, 5, 3, 0, 1]
(2, (1, 0, 0)): [91112, 7005, 3327, 1110, 336, 110, 42, 17, 3, 0, 1]
(2, (1, 0, 1)): [14676, 4233, 1830, 785, 247, 84, 29, 9, 3, 0, 0, 1]
(2, (1, 1, 0)): [28922, 4381, 2417, 1377, 391, 139, 40, 14, 5, 1, 2, 0, 0, 1]
(2, (1, 1, 1)): [8575, 1356, 1437, 822, 488, 146, 51, 15, 6, 2, 2, 0, 0, 1]
