(0, (0, 0, 0), (0, 0)): [28687, 5878, 2577, 1154, 496, 201, 80, 44, 19, 8, 3, 0, 0, 1]
(0, (0, 0, 0), (0, 1)): [11608, 2127, 982, 413, 166, 72, 24, 15, 6, 1]
(0, (0, 0, 0), (0, 2)): [4318, 697, 321, 121, 49, 27, 7, 4, 4]
(0, (0, 0, 0), (1, 0)): [10928, 2444, 1044, 494, 215, 84, 35, 23, 11, 6, 2, 0, 0, 1]
(0, (0, 0, 0), (1, 1)): [10170, 1992, 881, 400, 174, 69, 28, 15, 6, 2, 1]
(0, (0, 0, 0), (1, 2)): [6774, 1181, 542, 228, 97, 53, 13, 10, 5, 1]
(0, (0, 0, 0), (2, 0)): [3602, 885, 429, 205, 80, 28, 14, 12, 5, 2, 1]
(0, (0, 0, 0), (2, 1)): [5387, 1176, 500, 244, 113, 34, 20, 11, 6, 2, 1]
(0, (0, 0, 0), (2, 2)): [5375, 1044, 485, 209, 83, 34, 17, 9, 5]
(0, (0, 0, 0), (3, 0)): [1070, 308, 184, 82, 32, 10, 6, 4, 2, 1, 1]
(0, (0, 0, 0), (3, 1)): [2045, 510, 272, 123, 67, 17, 10, 6, 4, 2]
(0, (0, 0, 0), (3, 2)): [2812, 604, 361, 122, 68, 26, 13, 6, 2, 1]
(0, (0, 0, 1), (0, 0)): [88, 295, 74, 42, 20, 4, 4, 2, 0, 1]
(0, (0, 0, 1), (0, 1)): [29, 95, 30, 11, 8, 1, 1]
(0, (0, 0, 1), (0, 2)): [13, 33, 12, 2, 3]
(0, (0, 0, 1), (1, 0)): [40, 140, 32, 19, 9, 2, 3, 2, 0, 1]
(0, (0, 0, 1), (1, 1)): [30, 109, 29, 12, 10, 2, 1, 1]
(0, (0, 0, 1), (1, 2)): [24, 59, 17, 7, 5, 2, 0, 1]
(0, (0, 0, 1), (2, 0)): [16, 46, 11, 10, 3, 1, 1, 1, 0, 1]
(0, (0, 0, 1), (2, 1)): [19, 63, 18, 9, 7, 0, 1, 0, 0, 1]
(0, (0, 0, 1), (2, 2)): [22, 57, 12, 9, 7, 0, 0, 0, 0, 1]
(0, (0, 0, 1), (3, 0)): [3, 13, 2, 3, 0, 1, 1]
(0, (0, 0, 1), (3, 1)): [9, 28, 6, 5, 2]
(0, (0, 0, 1), (3, 2)): [14, 33, 11, 6, 3, 0, 0, 0, 0, 1]
(0, (0, 1, 0), (0, 0)): [1105, 1042, 408, 181, 77, 43, 16, 11, 6, 1, 0, 0, 0, 1]
(0, (0, 1, 0), (0, 1)): [392, 384, 129, 57, 26, 19, 4, 2, 2]
(0, (0, 1, 0), (0, 2)): [154, 133, 47, 12, 11, 7, 3, 1, 2]
(0, (0, 1, 0), (1, 0)): [457, 434, 197, 73, 29, 16, 8, 6, 3, 1, 0, 0, 0, 1]
(0, (0, 1, 0), (1, 1)): [366, 351, 139, 55, 22, 13, 1, 3]
(0, (0, 1, 0), (1, 2)): [254, 208, 83, 37, 13, 7, 2, 1]
(0, (0, 1, 0), (2, 0)): [187, 159, 78, 33, 12, 8, 4, 4, 2, 1, 0, 0, 0, 1]
(0, (0, 1, 0), (2, 1)): [213, 203, 80, 31, 16, 3, 1, 4, 0, 1, 0, 0, 0, 1]
(0, (0, 1, 0), (2, 2)): [233, 172, 77, 32, 14, 5, 3, 2, 0, 1]
(0, (0, 1, 0), (3, 0)): [61, 44, 27, 11, 2, 5, 4, 2, 2]
(0, (0, 1, 0), (3, 1)): [98, 91, 42, 20, 5, 4, 1, 4, 0, 0, 0, 0, 0, 1]
(0, (0, 1, 0), (3, 2)): [147, 113, 53, 21, 12, 3, 3, 1, 0, 1]
(0, (0, 1, 1), (0, 0)): [94, 147, 161, 80, 27, 23, 12, 2, 1, 1, 1]
(0, (0, 1, 1), (0, 1)): [41, 47, 58, 29, 6, 9, 4, 0, 0, 1, 1]
(0, (0, 1, 1), (0, 2)): [19, 19, 25, 11, 1, 3, 1]
(0, (0, 1, 1), (1, 0)): [35, 70, 65, 36, 14, 10, 6, 2, 1]
(0, (0, 1, 1), (1, 1)): [31, 46, 50, 36, 6, 8, 4, 2, 0, 1, 1]
(0, (0, 1, 1), (1, 2)): [29, 29, 26, 15, 3, 3, 1, 1]
(0, (0, 1, 1), (2, 0)): [16, 32, 29, 14, 9, 4, 3, 0, 1]
(0, (0, 1, 1), (2, 1)): [17, 30, 34, 22, 4, 6, 4, 1, 1, 1]
(0, (0, 1, 1), (2, 2)): [25, 33, 22, 13, 1, 4, 1, 2]
(0, (0, 1, 1), (3, 0)): [7, 12, 11, 7, 8, 4]
(0, (0, 1, 1), (3, 1)): [11, 10, 12, 12, 7, 2, 2, 0, 1]
(0, (0, 1, 1), (3, 2)): [16, 15, 10, 11, 4, 4, 0, 2, 1]
(0, (1, 0, 0), (0, 0)): [5724, 2042, 1214, 594, 261, 126, 54, 32, 14, 6, 1, 0, 0, 1]
(0, (1, 0, 0), (0, 1)): [2188, 712, 396, 191, 80, 42, 15, 13, 5]
(0, (1, 0, 0), (0, 2)): [751, 223, 142, 66, 30, 10, 4, 2, 1]
(0, (1, 0, 0), (1, 0)): [2106, 814, 486, 256, 113, 48, 21, 12, 6, 4, 1, 0, 0, 1]
(0, (1, 0, 0), (1, 1)): [1716, 583, 333, 156, 66, 32, 15, 8, 4]
(0, (1, 0, 0), (1, 2)): [1060, 293, 185, 89, 38, 16, 11, 1, 1]
(0, (1, 0, 0), (2, 0)): [672, 261, 170, 104, 43, 21, 8, 5, 1, 3, 1, 0, 0, 1]
(0, (1, 0, 0), (2, 1)): [835, 333, 193, 90, 46, 17, 6, 7, 2, 2, 1, 0, 0, 1]
(0, (1, 0, 0), (2, 2)): [786, 223, 156, 69, 31, 12, 8, 2, 1, 1]
(0, (1, 0, 0), (3, 0)): [167, 76, 51, 33, 18, 8, 4, 2, 1]
(0, (1, 0, 0), (3, 1)): [286, 132, 76, 52, 28, 12, 5, 4, 1, 1, 1, 0, 0, 1]
(0, (1, 0, 0), (3, 2)): [391, 124, 92, 46, 22, 11, 6, 4, 1]
(0, (1, 0, 1), (0, 0)): [139, 449, 179, 110, 64, 37, 9, 7, 7, 3, 1]
(0, (1, 0, 1), (0, 1)): [52, 170, 69, 37, 20, 9, 2, 1, 3, 0, 1]
(0, (1, 0, 1), (0, 2)): [24, 60, 22, 11, 2, 4, 0, 1, 1]
(0, (1, 0, 1), (1, 0)): [61, 175, 68, 45, 29, 13, 4, 4, 2, 1]
(0, (1, 0, 1), (1, 1)): [51, 142, 65, 36, 23, 5, 3, 2, 2, 0, 1]
(0, (1, 0, 1), (1, 2)): [38, 87, 34, 18, 9, 2, 1, 1, 1]
(0, (1, 0, 1), (2, 0)): [20, 59, 21, 18, 11, 8, 1, 1]
(0, (1, 0, 1), (2, 1)): [27, 66, 29, 10, 10, 4, 1, 1, 2]
(0, (1, 0, 1), (2, 2)): [26, 62, 25, 13, 5, 2, 1, 2]
(0, (1, 0, 1), (3, 0)): [3, 18, 7, 7, 5, 2]
(0, (1, 0, 1), (3, 1)): [8, 19, 10, 6, 9, 1, 0, 0, 1]
(0, (1, 0, 1), (3, 2)): [13, 23, 14, 6, 8, 1, 0, 1, 1]
(0, (1, 1, 0), (0, 0)): [875, 510, 351, 251, 124, 63, 28, 21, 7, 2, 1, 0, 0, 1]
(0, (1, 1, 0), (0, 1)): [377, 180, 132, 84, 43, 24, 9, 5]
(0, (1, 1, 0), (0, 2)): [146, 60, 39, 29, 14, 6, 5, 2]
(0, (1, 1, 0), (1, 0)): [268, 174, 137, 99, 48, 26, 9, 12, 5, 2, 0, 0, 0, 1]
(0, (1, 1, 0), (1, 1)): [255, 126, 109, 73, 37, 20, 8, 9, 2, 1]
(0, (1, 1, 0), (1, 2)): [181, 72, 54, 44, 20, 7, 4, 3]
(0, (1, 1, 0), (2, 0)): [78, 54, 39, 36, 19, 6, 2, 2, 3, 1, 0, 0, 0, 1]
(0, (1, 1, 0), (2, 1)): [100, 78, 58, 46, 20, 7, 6, 3, 2, 1]
(0, (1, 1, 0), (2, 2)): [122, 58, 43, 34, 14, 9, 3, 5, 0, 1]
(0, (1, 1, 0), (3, 0)): [13, 16, 16, 9, 8, 3, 1, 1, 2, 1, 0, 0, 0, 1]
(0, (1, 1, 0), (3, 1)): [21, 36, 28, 20, 12, 2, 4, 1]
(0, (1, 1, 0), (3, 2)): [48, 35, 24, 26, 10, 6, 3, 4]
(0, (1, 1, 1), (0, 0)): [68, 164, 123, 89, 61, 26, 16, 9, 4, 1, 0, 0, 1, 1]
(0, (1, 1, 1), (0, 1)): [35, 64, 57, 23, 22, 15, 7, 5, 0, 0, 0, 0, 1, 1]
(0, (1, 1, 1), (0, 2)): [14, 32, 20, 5, 8, 7, 1, 1, 0, 0, 0, 0, 1]
(0, (1, 1, 1), (1, 0)): [26, 56, 42, 41, 27, 9, 6, 4, 2, 1]
(0, (1, 1, 1), (1, 1)): [25, 46, 40, 19, 21, 10, 9, 5, 0, 1, 0, 0, 0, 1]
(0, (1, 1, 1), (1, 2)): [16, 33, 27, 11, 10, 8, 2, 4, 0, 0, 0, 0, 0, 1]
(0, (1, 1, 1), (2, 0)): [8, 15, 16, 11, 5, 2, 1, 2, 2]
(0, (1, 1, 1), (2, 1)): [11, 27, 19, 15, 10, 2, 4, 1, 1]
(0, (1, 1, 1), (2, 2)): [10, 30, 14, 8, 11, 4, 3]
(0, (1, 1, 1), (3, 0)): [2, 4, 3, 3, 2, 1, 0, 1, 1]
(0, (1, 1, 1), (3, 1)): [4, 9, 11, 6, 2, 1, 2, 0, 1]
(0, (1, 1, 1), (3, 2)): [7, 16, 7, 4, 10, 1, 2, 0, 1]
(1, (0, 0, 0), (0, 0)): [23817, 2608, 1026, 415, 170, 48, 18, 11, 1, 1, 2]
(1, (0, 0, 0), (0, 1)): [9623, 939, 352, 160, 57, 12, 3, 6]
(1, (0, 0, 0), (0, 2)): [3518, 322, 118, 53, 14, 3, 1]
(1, (0, 0, 0), (1, 0)): [9444, 1138, 447, 174, 76, 22, 10, 3, 1, 1, 1]
(1, (0, 0, 0), (1, 1)): [8638, 869, 344, 154, 64, 11, 3, 6, 1]
(1, (0, 0, 0), (1, 2)): [5691, 498, 187, 85, 34, 8, 2, 2]
(1, (0, 0, 0), (2, 0)): [3183, 449, 183, 63, 28, 13, 5, 1, 0, 1, 1]
(1, (0, 0, 0), (2, 1)): [4595, 535, 219, 91, 39, 8, 2, 2, 0, 1, 1]
(1, (0, 0, 0), (2, 2)): [4499, 446, 176, 79, 34, 11, 0, 1, 0, 0, 1]
(1, (0, 0, 0), (3, 0)): [1003, 164, 82, 24, 13, 8, 2]
(1, (0, 0, 0), (3, 1)): [1867, 277, 127, 57, 26, 5, 1, 2, 0, 1]
(1, (0, 0, 0), (3, 2)): [2469, 315, 139, 70, 39, 7, 0, 1, 0, 0, 1]
(1, (0, 0, 1), (0, 0)): [629, 889, 172, 71, 32, 15, 10, 1]
(1, (0, 0, 1), (0, 1)): [255, 279, 56, 19, 9, 7, 1]
(1, (0, 0, 1), (0, 2)): [112, 97, 13, 2, 5, 1]
(1, (0, 0, 1), (1, 0)): [267, 400, 80, 33, 16, 6, 7]
(1, (0, 0, 1), (1, 1)): [241, 270, 67, 17, 8, 3, 1]
(1, (0, 0, 1), (1, 2)): [166, 162, 19, 8, 4, 1]
(1, (0, 0, 1), (2, 0)): [104, 165, 33, 19, 10, 3, 5]
(1, (0, 0, 1), (2, 1)): [138, 166, 37, 15, 8, 3, 2]
(1, (0, 0, 1), (2, 2)): [170, 151, 25, 11, 2, 2, 1]
(1, (0, 0, 1), (3, 0)): [46, 67, 16, 8, 7, 1, 3]
(1, (0, 0, 1), (3, 1)): [48, 73, 17, 8, 7, 2, 1]
(1, (0, 0, 1), (3, 2)): [87, 87, 18, 10, 6, 1, 1]
(1, (0, 1, 0), (0, 0)): [3238, 1331, 499, 222, 90, 35, 8, 8, 2, 1]
(1, (0, 1, 0), (0, 1)): [1256, 454, 155, 69, 28, 9, 1, 2, 1]
(1, (0, 1, 0), (0, 2)): [454, 153, 49, 28, 7, 2, 0, 1]
(1, (0, 1, 0), (1, 0)): [1412, 607, 243, 110, 42, 15, 6, 6, 1, 1]
(1, (0, 1, 0), (1, 1)): [1235, 445, 159, 70, 29, 8, 1, 3, 1]
(1, (0, 1, 0), (1, 2)): [807, 272, 87, 35, 14, 3, 0, 2]
(1, (0, 1, 0), (2, 0)): [584, 260, 119, 59, 21, 10, 5, 4]
(1, (0, 1, 0), (2, 1)): [671, 264, 97, 51, 25, 5, 1, 5, 1]
(1, (0, 1, 0), (2, 2)): [710, 217, 76, 26, 16, 6, 0, 2]
(1, (0, 1, 0), (3, 0)): [248, 112, 64, 36, 11, 7, 4, 1]
(1, (0, 1, 0), (3, 1)): [278, 113, 60, 34, 10, 5, 3, 3]
(1, (0, 1, 0), (3, 2)): [382, 136, 52, 23, 15, 2, 1, 3]
(1, (0, 1, 1), (0, 0)): [492, 423, 354, 113, 68, 30, 13, 5, 4, 1]
(1, (0, 1, 1), (0, 1)): [177, 104, 125, 41, 20, 8, 1, 1]
(1, (0, 1, 1), (0, 2)): [85, 43, 44, 13, 1, 3]
(1, (0, 1, 1), (1, 0)): [254, 231, 157, 52, 35, 15, 9, 2, 3]
(1, (0, 1, 1), (1, 1)): [173, 117, 100, 32, 26, 6, 2, 1, 1]
(1, (0, 1, 1), (1, 2)): [132, 70, 73, 19, 11, 5, 0, 0, 1]
(1, (0, 1, 1), (2, 0)): [143, 129, 92, 29, 24, 12, 7, 2, 2]
(1, (0, 1, 1), (2, 1)): [85, 64, 54, 16, 13, 4, 2]
(1, (0, 1, 1), (2, 2)): [101, 57, 59, 16, 9, 4, 0, 0, 1]
(1, (0, 1, 1), (3, 0)): [114, 93, 62, 24, 16, 9, 7, 2, 2]
(1, (0, 1, 1), (3, 1)): [33, 35, 19, 10, 8, 1, 2]
(1, (0, 1, 1), (3, 2)): [64, 37, 29, 12, 6, 3, 1, 0, 1]
(1, (1, 0, 0), (0, 0)): [8520, 1536, 967, 432, 169, 54, 19, 10, 2, 1, 2]
(1, (1, 0, 0), (0, 1)): [3306, 505, 315, 150, 47, 21, 8, 4, 0, 1]
(1, (1, 0, 0), (0, 2)): [1198, 161, 99, 57, 12, 9, 4, 1]
(1, (1, 0, 0), (1, 0)): [3259, 669, 416, 174, 78, 24, 6, 6, 0, 0, 1]
(1, (1, 0, 0), (1, 1)): [2694, 452, 277, 134, 46, 17, 3, 3, 0, 1, 1]
(1, (1, 0, 0), (1, 2)): [1664, 263, 164, 65, 19, 12, 6, 3, 0, 0, 1]
(1, (1, 0, 0), (2, 0)): [1047, 241, 148, 58, 36, 11, 4, 3]
(1, (1, 0, 0), (2, 1)): [1392, 259, 138, 86, 24, 10, 5]
(1, (1, 0, 0), (2, 2)): [1274, 211, 122, 66, 16, 10, 6, 2, 0, 0, 1]
(1, (1, 0, 0), (3, 0)): [293, 75, 50, 21, 16, 6, 0, 1]
(1, (1, 0, 0), (3, 1)): [488, 118, 66, 37, 14, 6, 0, 1]
(1, (1, 0, 0), (3, 2)): [607, 124, 76, 42, 10, 5, 4, 0, 0, 0, 1]
(1, (1, 0, 1), (0, 0)): [723, 795, 252, 160, 90, 21, 14, 4, 2, 4, 1]
(1, (1, 0, 1), (0, 1)): [322, 251, 96, 58, 28, 7, 5, 1, 1, 1]
(1, (1, 0, 1), (0, 2)): [134, 75, 28, 22, 8, 3, 3, 1, 1]
(1, (1, 0, 1), (1, 0)): [248, 358, 103, 53, 40, 6, 5, 2, 1, 2]
(1, (1, 0, 1), (1, 1)): [246, 221, 78, 39, 20, 1, 2, 1, 0, 2]
(1, (1, 0, 1), (1, 2)): [194, 112, 46, 23, 14, 4, 2, 2, 1, 1]
(1, (1, 0, 1), (2, 0)): [81, 120, 38, 20, 19, 6, 3, 1, 1, 1]
(1, (1, 0, 1), (2, 1)): [114, 118, 38, 27, 11, 1, 2, 1, 0, 1]
(1, (1, 0, 1), (2, 2)): [134, 94, 41, 15, 11, 1, 3, 2, 1, 1]
(1, (1, 0, 1), (3, 0)): [22, 32, 12, 5, 9, 4, 1]
(1, (1, 0, 1), (3, 1)): [37, 48, 14, 15, 8, 1, 1, 0, 0, 1]
(1, (1, 0, 1), (3, 2)): [50, 52, 17, 17, 11, 0, 3, 1, 0, 1]
(1, (1, 1, 0), (0, 0)): [2450, 722, 451, 351, 138, 56, 23, 14, 1]
(1, (1, 1, 0), (0, 1)): [961, 269, 141, 122, 41, 20, 5, 7]
(1, (1, 1, 0), (0, 2)): [379, 96, 49, 44, 10, 10, 4, 3]
(1, (1, 1, 0), (1, 0)): [924, 275, 191, 133, 60, 29, 11, 5]
(1, (1, 1, 0), (1, 1)): [791, 227, 145, 103, 38, 20, 5, 4]
(1, (1, 1, 0), (1, 2)): [512, 136, 86, 58, 15, 14, 5, 4]
(1, (1, 1, 0), (2, 0)): [294, 93, 71, 48, 30, 12, 5, 3]
(1, (1, 1, 0), (2, 1)): [394, 119, 76, 58, 23, 13, 6, 3]
(1, (1, 1, 0), (2, 2)): [396, 99, 68, 39, 17, 15, 5, 1]
(1, (1, 1, 0), (3, 0)): [73, 36, 22, 14, 15, 2, 2, 1]
(1, (1, 1, 0), (3, 1)): [127, 63, 36, 22, 13, 5, 2, 2]
(1, (1, 1, 0), (3, 2)): [190, 75, 40, 24, 13, 6, 5, 1]
(1, (1, 1, 1), (0, 0)): [479, 424, 227, 140, 121, 46, 29, 10, 4, 2]
(1, (1, 1, 1), (0, 1)): [220, 157, 93, 48, 46, 19, 7, 4, 2, 1]
(1, (1, 1, 1), (0, 2)): [112, 56, 37, 22, 17, 4, 3, 1, 0, 1]
(1, (1, 1, 1), (1, 0)): [154, 155, 91, 58, 37, 17, 16, 4, 1]
(1, (1, 1, 1), (1, 1)): [148, 134, 77, 42, 27, 17, 10, 1]
(1, (1, 1, 1), (1, 2)): [132, 78, 52, 28, 17, 8, 6, 1]
(1, (1, 1, 1), (2, 0)): [31, 51, 27, 18, 14, 8, 3, 3]
(1, (1, 1, 1), (2, 1)): [53, 70, 40, 21, 13, 9, 8, 1]
(1, (1, 1, 1), (2, 2)): [73, 65, 47, 26, 18, 7, 4, 1]
(1, (1, 1, 1), (3, 0)): [6, 11, 6, 4, 4, 5, 1, 2]
(1, (1, 1, 1), (3, 1)): [11, 30, 18, 7, 5, 7, 3, 1]
(1, (1, 1, 1), (3, 2)): [20, 38, 22, 13, 8, 4, 1, 1]
(2, (0, 0, 0), (0, 0)): [20708, 982, 294, 84, 28, 6, 4, 4]
(2, (0, 0, 0), (0, 1)): [8403, 332, 94, 28, 6, 1, 1, 1]
(2, (0, 0, 0), (0, 2)): [3101, 89, 22, 11, 4, 0, 0, 1]
(2, (0, 0, 0), (1, 0)): [8345, 438, 152, 40, 14, 2, 3, 3]
(2, (0, 0, 0), (1, 1)): [7617, 337, 116, 29, 6, 1, 3]
(2, (0, 0, 0), (1, 2)): [4853, 157, 46, 13, 4, 0, 0, 1]
(2, (0, 0, 0), (2, 0)): [2931, 177, 76, 13, 9, 2, 1, 2]
(2, (0, 0, 0), (2, 1)): [4268, 227, 91, 18, 7, 1, 3, 1]
(2, (0, 0, 0), (2, 2)): [4154, 165, 53, 14, 4, 1]
(2, (0, 0, 0), (3, 0)): [920, 60, 39, 6, 2, 1, 0, 1]
(2, (0, 0, 0), (3, 1)): [1761, 126, 65, 12, 4, 0, 0, 1]
(2, (0, 0, 0), (3, 2)): [2349, 128, 60, 13, 2, 1, 0, 1]
(2, (0, 0, 1), (0, 0)): [1963, 569, 137, 37, 16, 8, 1, 3]
(2, (0, 0, 1), (0, 1)): [708, 183, 50, 9, 5, 1, 1, 1]
(2, (0, 0, 1), (0, 2)): [271, 67, 14, 1, 1]
(2, (0, 0, 1), (1, 0)): [915, 271, 65, 23, 8, 6, 0, 1]
(2, (0, 0, 1), (1, 1)): [714, 191, 43, 9, 5, 6, 0, 2]
(2, (0, 0, 1), (1, 2)): [493, 106, 23, 1, 3, 3, 0, 1]
(2, (0, 0, 1), (2, 0)): [391, 104, 28, 16, 4, 1]
(2, (0, 0, 1), (2, 1)): [422, 132, 31, 12, 5, 3, 0, 1]
(2, (0, 0, 1), (2, 2)): [425, 98, 19, 6, 1, 5, 0, 1]
(2, (0, 0, 1), (3, 0)): [175, 40, 17, 10]
(2, (0, 0, 1), (3, 1)): [201, 55, 15, 8, 4, 0, 0, 1]
(2, (0, 0, 1), (3, 2)): [270, 61, 15, 7, 1, 2]
(2, (0, 1, 0), (0, 0)): [5233, 988, 293, 110, 30, 10, 5, 3]
(2, (0, 1, 0), (0, 1)): [1980, 293, 79, 29, 3, 1, 3, 1]
(2, (0, 1, 0), (0, 2)): [776, 88, 21, 7, 0, 0, 1]
(2, (0, 1, 0), (1, 0)): [2325, 472, 155, 67, 19, 4, 2, 2]
(2, (0, 1, 0), (1, 1)): [1894, 309, 91, 33, 7, 2, 3, 1]
(2, (0, 1, 0), (1, 2)): [1267, 162, 34, 13, 1, 0, 1, 1]
(2, (0, 1, 0), (2, 0)): [1039, 202, 76, 39, 14, 2, 1, 2]
(2, (0, 1, 0), (2, 1)): [1067, 197, 61, 24, 4, 1, 2]
(2, (0, 1, 0), (2, 2)): [1099, 152, 44, 21, 2, 0, 1, 1]
(2, (0, 1, 0), (3, 0)): [547, 81, 47, 34, 10, 2, 1, 2]
(2, (0, 1, 0), (3, 1)): [513, 99, 33, 21, 3, 1, 1]
(2, (0, 1, 0), (3, 2)): [685, 97, 34, 21, 1, 0, 1]
(2, (0, 1, 1), (0, 0)): [1199, 106, 231, 68, 21, 12, 2]
(2, (0, 1, 1), (0, 1)): [460, 31, 77, 15, 3, 5, 1]
(2, (0, 1, 1), (0, 2)): [185, 12, 23, 4, 1, 1]
(2, (0, 1, 1), (1, 0)): [533, 61, 103, 41, 14, 7, 1]
(2, (0, 1, 1), (1, 1)): [395, 30, 75, 25, 3, 2]
(2, (0, 1, 1), (1, 2)): [284, 17, 40, 13, 3, 1]
(2, (0, 1, 1), (2, 0)): [282, 34, 43, 19, 11, 7, 1]
(2, (0, 1, 1), (2, 1)): [239, 25, 47, 16, 2, 2]
(2, (0, 1, 1), (2, 2)): [262, 22, 37, 13, 4, 2]
(2, (0, 1, 1), (3, 0)): [167, 23, 24, 12, 9, 5, 1]
(2, (0, 1, 1), (3, 1)): [112, 10, 19, 8, 1, 1]
(2, (0, 1, 1), (3, 2)): [171, 16, 29, 10, 4, 2]
(2, (1, 0, 0), (0, 0)): [10135, 741, 487, 162, 49, 17, 9, 4]
(2, (1, 0, 0), (0, 1)): [3913, 212, 152, 43, 14, 3, 3, 1]
(2, (1, 0, 0), (0, 2)): [1400, 69, 38, 11, 4, 2]
(2, (1, 0, 0), (1, 0)): [3998, 356, 222, 76, 18, 8, 6, 3]
(2, (1, 0, 0), (1, 1)): [3287, 190, 128, 45, 11, 7, 1]
(2, (1, 0, 0), (1, 2)): [2052, 89, 53, 19, 6, 1]
(2, (1, 0, 0), (2, 0)): [1386, 133, 83, 32, 11, 2, 6, 3]
(2, (1, 0, 0), (2, 1)): [1659, 135, 84, 32, 11, 5, 2, 1]
(2, (1, 0, 0), (2, 2)): [1542, 87, 58, 23, 6, 2, 1]
(2, (1, 0, 0), (3, 0)): [417, 54, 26, 20, 4, 1, 3, 1]
(2, (1, 0, 0), (3, 1)): [683, 74, 39, 23, 6, 2, 1, 1]
(2, (1, 0, 0), (3, 2)): [783, 59, 39, 21, 6, 3, 1, 1]
(2, (1, 0, 1), (0, 0)): [1940, 427, 185, 112, 36, 11, 1, 2, 1]
(2, (1, 0, 1), (0, 1)): [810, 158, 56, 40, 10, 3]
(2, (1, 0, 1), (0, 2)): [330, 55, 15, 16, 1, 1]
(2, (1, 0, 1), (1, 0)): [764, 168, 97, 53, 15, 4, 1, 2]
(2, (1, 0, 1), (1, 1)): [665, 125, 68, 33, 16, 2]
(2, (1, 0, 1), (1, 2)): [433, 62, 39, 19, 3, 3]
(2, (1, 0, 1), (2, 0)): [260, 57, 30, 23, 5, 3, 1, 2]
(2, (1, 0, 1), (2, 1)): [362, 68, 39, 23, 6, 3]
(2, (1, 0, 1), (2, 2)): [359, 59, 38, 20, 3, 2]
(2, (1, 0, 1), (3, 0)): [82, 16, 12, 8, 3, 0, 1]
(2, (1, 0, 1), (3, 1)): [137, 22, 19, 11, 4]
(2, (1, 0, 1), (3, 2)): [184, 24, 22, 14, 3, 1]
(2, (1, 1, 0), (0, 0)): [4118, 632, 288, 215, 66, 20, 9, 3]
(2, (1, 1, 0), (0, 1)): [1674, 220, 93, 69, 23, 7, 3, 3]
(2, (1, 1, 0), (0, 2)): [700, 64, 25, 16, 5, 2, 0, 2]
(2, (1, 1, 0), (1, 0)): [1625, 256, 126, 83, 26, 10, 5]
(2, (1, 1, 0), (1, 1)): [1435, 187, 89, 63, 19, 7, 4, 1]
(2, (1, 1, 0), (1, 2)): [974, 100, 48, 34, 9, 5, 1, 2]
(2, (1, 1, 0), (2, 0)): [526, 99, 51, 35, 14, 7, 2]
(2, (1, 1, 0), (2, 1)): [750, 115, 55, 37, 9, 4, 4]
(2, (1, 1, 0), (2, 2)): [746, 98, 40, 33, 9, 4, 3]
(2, (1, 1, 0), (3, 0)): [168, 35, 17, 10, 11, 3]
(2, (1, 1, 0), (3, 1)): [338, 50, 28, 20, 8, 3, 1]
(2, (1, 1, 0), (3, 2)): [426, 49, 35, 22, 12, 1, 2]
(2, (1, 1, 1), (0, 0)): [1227, 179, 181, 96, 65, 17, 4, 1]
(2, (1, 1, 1), (0, 1)): [552, 60, 63, 42, 28, 4]
(2, (1, 1, 1), (0, 2)): [243, 22, 17, 16, 4, 1]
(2, (1, 1, 1), (1, 0)): [432, 93, 72, 31, 25, 9, 2, 1]
(2, (1, 1, 1), (1, 1)): [440, 64, 59, 31, 22, 3, 0, 1]
(2, (1, 1, 1), (1, 2)): [354, 29, 26, 18, 11, 3, 0, 1]
(2, (1, 1, 1), (2, 0)): [119, 49, 25, 8, 9, 4, 2]
(2, (1, 1, 1), (2, 1)): [189, 49, 37, 21, 9, 2, 1]
(2, (1, 1, 1), (2, 2)): [220, 28, 28, 23, 12, 2, 1, 1]
(2, (1, 1, 1), (3, 0)): [22, 30, 6, 1, 4, 1]
(2, (1, 1, 1), (3, 1)): [51, 45, 12, 5, 4, 3]
(2, (1, 1, 1), (3, 2)): [78, 28, 19, 11, 7]
