(0, (0, 0, 0)): [973885, 194079, 90233, 41198, 18433, 7987, 3296, 1384, 566, 257, 116, 51, 26, 7, 3, 1, 0, 1]
(0, (0, 0, 1)): [4328, 13003, 3560, 1690, 823, 360, 161, 83, 32, 19, 6, 1, 3, 1]
(0, (0, 1, 0)): [32266, 30547, 11892, 5623, 2768, 1204, 492, 212, 92, 53, 18, 5, 3, 1, 1]
(0, (0, 1, 1)): [2892, 4831, 6035, 2755, 1487, 673, 299, 140, 67, 33, 9, 6, 1, 2, 1, 0, 0, 1]
(0, (1, 0, 0)): [212697, 71226, 45000, 22246, 10611, 4807, 2026, 887, 372, 167, 80, 33, 16, 4, 2, 1, 0, 1]
(0, (1, 0, 1)): [4945, 15137, 6300, 4262, 2287, 1053, 517, 213, 100, 42, 22, 12, 5, 1, 1, 0, 0, 1]
(0, (1, 1, 0)): [28821, 18477, 14413, 10083, 5397, 2554, 1102, 540, 210, 98, 48, 19, 7, 1]
(0, (1, 1, 1)): [2979, 5388, 4495, 3494, 2759, 1368, 649, 336, 141, 63, 34, 12, 3, 1, 1]
(1, (0, 0, 0)): [781378, 84378, 34720, 13793, 5414, 2085, 796, 310, 119, 46, 22, 12, 6, 2, 0, 1]
(1, (0, 0, 1)): [22392, 32865, 6438, 2694, 1160, 477, 187, 80, 36, 12, 6, 4, 4, 1]
(1, (0, 1, 0)): [106239, 49090, 17361, 7295, 2960, 1199, 404, 191, 54, 30, 18, 7, 6, 1, 1]
(1, (0, 1, 1)): [17889, 14565, 13925, 5466, 2757, 1087, 433, 171, 83, 23, 9, 6, 1, 2, 0, 1]
(1, (1, 0, 0)): [306901, 55301, 34649, 14915, 6047, 2421, 937, 353, 155, 64, 25, 17, 4, 2, 0, 2]
(1, (1, 0, 1)): [24082, 29296, 9598, 6236, 2705, 1115, 415, 174, 62, 44, 13, 3, 0, 1]
(1, (1, 1, 0)): [82369, 25764, 17805, 12311, 5266, 2228, 867, 347, 141, 57, 19, 11, 6, 4, 1]
(1, (1, 1, 1)): [17098, 13497, 8760, 5954, 4254, 1822, 746, 287, 117, 43, 16, 13, 6, 2, 1, 1]
(2, (0, 0, 0)): [675217, 29919, 10113, 3216, 1096, 360, 133, 41, 9, 3, 4, 0, 1]
(2, (0, 0, 1)): [64999, 21069, 3944, 1338, 478, 168, 51, 15, 3, 2, 0, 1]
(2, (0, 1, 0)): [170780, 37846, 9741, 3411, 1086, 366, 117, 32, 7, 4, 4, 0, 1]
(2, (0, 1, 1)): [40477, 3599, 9286, 2440, 953, 307, 109, 38, 13, 4, 3, 1, 0, 1]
(2, (1, 0, 0)): [374820, 27550, 17024, 5416, 1754, 561, 230, 63, 16, 8, 5, 0, 1]
(2, (1, 0, 1)): [61428, 15661, 6366, 3599, 1169, 390, 144, 46, 19, 6, 0, 2, 1]
(2, (1, 1, 0)): [141770, 22054, 11359, 7329, 2310, 793, 246, 83, 32, 14, 6, 1, 2, 1]
(2, (1, 1, 1)): [41428, 6183, 6989, 3553, 2486, 811, 269, 97, 37, 7, 5, 0, 1, 1]
