(0, (0, 0, 0), (0, 0)): [1467427, 293269, 134707, 61039, 27141, 11535, 4749, 1974, 788, 353, 150, 67, 32, 10, 3, 1, 0, 1]
(0, (0, 0, 0), (0, 1)): [25292, 4575, 2166, 951, 406, 171, 68, 38, 7, 6, 3, 0, 2, 1, 0, 1]
(0, (0, 0, 0), (0, 2)): [9378, 1490, 697, 299, 120, 46, 26, 14, 2, 2, 0, 0, 1]
(0, (0, 0, 0), (1, 0)): [23622, 5059, 2476, 1141, 562, 223, 104, 40, 14, 6, 3]
(0, (0, 0, 0), (1, 1)): [21412, 4099, 1992, 915, 417, 167, 61, 29, 7, 4, 5, 0, 1, 1, 0, 1]
(0, (0, 0, 0), (1, 2)): [14018, 2346, 1066, 469, 225, 96, 31, 16, 5, 2, 0, 0, 2]
(0, (0, 0, 0), (2, 0)): [7886, 1879, 966, 485, 237, 100, 51, 18, 6, 2, 1]
(0, (0, 0, 0), (2, 1)): [11444, 2386, 1241, 593, 274, 109, 51, 23, 5, 1, 1, 0, 0, 1]
(0, (0, 0, 0), (2, 2)): [11095, 2003, 988, 466, 215, 93, 26, 13, 5, 3, 1, 0, 2]
(0, (0, 0, 0), (3, 0)): [2586, 683, 403, 224, 104, 53, 22, 8, 3, 0, 1]
(0, (0, 0, 0), (3, 1)): [4669, 1163, 680, 350, 149, 66, 30, 16, 4]
(0, (0, 0, 0), (3, 2)): [6336, 1323, 793, 370, 175, 73, 23, 13, 5, 2, 0, 0, 2]
(0, (0, 0, 1), (0, 0)): [6290, 18668, 5086, 2405, 1162, 491, 224, 99, 37, 21, 9, 3, 3, 2]
(0, (0, 0, 1), (0, 1)): [100, 263, 79, 28, 20, 9, 5, 2, 0, 1, 0, 0, 0, 1]
(0, (0, 0, 1), (0, 2)): [40, 103, 24, 9, 8, 2]
(0, (0, 0, 1), (1, 0)): [97, 263, 75, 47, 26, 12, 5, 2, 1, 0, 1]
(0, (0, 0, 1), (1, 1)): [88, 200, 64, 24, 21, 10, 6, 1, 0, 1, 1, 0, 0, 1]
(0, (0, 0, 1), (1, 2)): [59, 140, 38, 14, 11, 3, 3, 1, 0, 1, 1]
(0, (0, 0, 1), (2, 0)): [37, 113, 31, 23, 9, 7, 1, 1, 1]
(0, (0, 0, 1), (2, 1)): [50, 118, 37, 21, 14, 5, 1]
(0, (0, 0, 1), (2, 2)): [57, 107, 32, 10, 12, 3, 2, 0, 0, 0, 1]
(0, (0, 0, 1), (3, 0)): [9, 54, 12, 9, 5, 4, 1, 1, 1]
(0, (0, 0, 1), (3, 1)): [23, 54, 16, 12, 8, 4, 0, 1]
(0, (0, 1, 0), (0, 0)): [51946, 48145, 18732, 9023, 4336, 1848, 787, 330, 134, 76, 27, 6, 3, 2, 1]
(0, (0, 1, 0), (0, 1)): [861, 673, 265, 117, 53, 26, 15, 8, 3]
(0, (0, 1, 0), (0, 2)): [339, 204, 97, 33, 16, 12, 5, 3, 1]
(0, (0, 1, 0), (1, 0)): [805, 715, 287, 160, 77, 33, 16, 5, 1]
(0, (0, 1, 0), (1, 1)): [699, 573, 232, 111, 46, 16, 12, 7]
(0, (0, 1, 0), (1, 2)): [470, 340, 136, 63, 28, 12, 6, 4, 1]
(0, (0, 1, 0), (2, 0)): [280, 268, 101, 60, 30, 21, 8, 0, 1]
(0, (0, 1, 0), (2, 1)): [352, 314, 132, 64, 25, 20, 8, 5]
(0, (0, 1, 0), (2, 2)): [371, 269, 116, 55, 22, 9, 7, 1, 1]
(0, (0, 1, 0), (3, 0)): [102, 90, 43, 31, 21, 7, 5, 0, 1]
(0, (0, 1, 0), (3, 1)): [144, 132, 66, 38, 22, 12, 4, 2]
(0, (0, 1, 0), (3, 2)): [218, 161, 79, 41, 21, 7, 7]
(0, (0, 1, 1), (0, 0)): [4349, 7359, 8830, 4098, 2162, 1009, 429, 199, 100, 44, 10, 6, 2, 2, 1, 0, 0, 1]
(0, (0, 1, 1), (0, 1)): [66, 86, 126, 55, 32, 12, 9, 3, 2]
(0, (0, 1, 1), (0, 2)): [36, 33, 43, 21, 16, 6, 3, 2]
(0, (0, 1, 1), (1, 0)): [83, 145, 166, 89, 49, 22, 8, 7, 4, 1, 0, 1]
(0, (0, 1, 1), (1, 1)): [52, 84, 111, 57, 30, 9, 6, 3, 2]
(0, (0, 1, 1), (1, 2)): [37, 44, 64, 30, 23, 6, 4, 2, 1]
(0, (0, 1, 1), (2, 0)): [47, 78, 78, 44, 26, 16, 4, 5, 3, 1, 0, 1]
(0, (0, 1, 1), (2, 1)): [37, 59, 71, 36, 16, 9, 2, 5, 3]
(0, (0, 1, 1), (2, 2)): [39, 46, 58, 23, 15, 7, 3, 2, 2]
(0, (0, 1, 1), (3, 1)): [16, 30, 32, 19, 11, 2, 0, 2, 2]
(0, (0, 1, 1), (3, 2)): [21, 28, 44, 18, 12, 5, 3, 4, 3]
(0, (1, 0, 0), (0, 0)): [314961, 105636, 66323, 32717, 15482, 6898, 2863, 1230, 517, 231, 103, 42, 22, 4, 2, 1, 0, 1]
(0, (1, 0, 0), (0, 1)): [5294, 1445, 1020, 499, 250, 109, 41, 19, 8, 1]
(0, (1, 0, 0), (0, 2)): [2017, 440, 336, 145, 72, 28, 16, 3, 5, 1]
(0, (1, 0, 0), (1, 0)): [4606, 1546, 1108, 538, 260, 109, 53, 20, 10, 6, 3, 1]
(0, (1, 0, 0), (1, 1)): [3900, 1147, 853, 407, 201, 84, 31, 17, 7, 4, 1, 1]
(0, (1, 0, 0), (1, 2)): [2489, 630, 490, 215, 106, 40, 21, 9, 4, 2]
(0, (1, 0, 0), (2, 0)): [1456, 513, 363, 208, 108, 46, 18, 10, 5, 2, 2]
(0, (1, 0, 0), (2, 1)): [1897, 591, 437, 226, 114, 51, 18, 7, 6, 3, 0, 1]
(0, (1, 0, 0), (2, 2)): [1754, 482, 362, 167, 95, 31, 17, 8, 5, 3]
(0, (1, 0, 0), (3, 0)): [423, 177, 129, 93, 54, 19, 5, 5, 0, 1, 1]
(0, (1, 0, 0), (3, 1)): [713, 258, 193, 125, 73, 26, 6, 3, 4, 1, 1, 1]
(0, (1, 0, 0), (3, 2)): [870, 292, 211, 116, 82, 26, 8, 6, 3, 3]
(0, (1, 0, 1), (0, 0)): [7566, 22591, 9285, 6346, 3335, 1509, 733, 300, 141, 56, 30, 15, 5, 1, 1, 0, 0, 1]
(0, (1, 0, 1), (0, 1)): [115, 316, 129, 96, 42, 23, 15, 4, 1, 0, 0, 0, 1]
(0, (1, 0, 1), (0, 2)): [45, 121, 32, 31, 16, 11, 6, 2, 1]
(0, (1, 0, 1), (1, 0)): [115, 369, 141, 104, 53, 27, 5, 4, 4, 1, 1]
(0, (1, 0, 1), (1, 1)): [101, 258, 101, 67, 36, 17, 9, 1, 2, 0, 1]
(0, (1, 0, 1), (1, 2)): [78, 151, 48, 36, 17, 12, 4, 2, 2]
(0, (1, 0, 1), (2, 0)): [42, 132, 57, 39, 19, 13, 0, 3, 1, 1]
(0, (1, 0, 1), (2, 1)): [36, 155, 66, 41, 24, 10, 3, 0, 2, 0, 1]
(0, (1, 0, 1), (2, 2)): [59, 129, 50, 30, 19, 7, 3, 2, 1, 0, 1]
(0, (1, 0, 1), (3, 0)): [20, 48, 20, 17, 8, 8, 0, 3]
(0, (1, 0, 1), (3, 1)): [18, 55, 25, 19, 12, 7, 1]
(0, (1, 0, 1), (3, 2)): [26, 59, 35, 16, 13, 7, 2, 0, 1, 0, 1]
(0, (1, 1, 0), (0, 0)): [43077, 27518, 20800, 14686, 7798, 3660, 1546, 734, 298, 143, 65, 24, 10, 1]
(0, (1, 1, 0), (0, 1)): [761, 409, 281, 223, 122, 51, 24, 12, 3, 0, 1, 1]
(0, (1, 1, 0), (0, 2)): [301, 140, 92, 72, 41, 17, 10, 6, 1]
(0, (1, 1, 0), (1, 0)): [618, 384, 298, 220, 109, 67, 29, 16, 3, 3]
(0, (1, 1, 0), (1, 1)): [513, 284, 227, 172, 75, 48, 20, 10, 3, 1, 1]
(0, (1, 1, 0), (1, 2)): [365, 167, 122, 95, 49, 24, 8, 10, 1, 1]
(0, (1, 1, 0), (2, 0)): [181, 123, 97, 75, 41, 25, 12, 7, 2, 1]
(0, (1, 1, 0), (2, 1)): [240, 143, 102, 95, 48, 27, 13, 5, 2, 1]
(0, (1, 1, 0), (2, 2)): [243, 131, 91, 73, 38, 21, 6, 7, 2, 2]
(0, (1, 1, 0), (3, 0)): [45, 42, 34, 26, 16, 8, 5, 4, 1]
(0, (1, 1, 0), (3, 1)): [91, 63, 43, 45, 19, 14, 11, 3, 2]
(0, (1, 1, 0), (3, 2)): [130, 77, 50, 48, 23, 15, 5, 5, 2]
(0, (1, 1, 1), (0, 0)): [4231, 7926, 6505, 4932, 3879, 1937, 893, 448, 195, 87, 43, 15, 4, 1, 1]
(0, (1, 1, 1), (0, 1)): [90, 123, 105, 66, 50, 33, 12, 6, 6, 3, 1, 1]
(0, (1, 1, 1), (0, 2)): [40, 52, 35, 23, 23, 9, 3, 1, 3, 1, 0, 1]
(0, (1, 1, 1), (1, 0)): [59, 139, 127, 93, 75, 41, 11, 12, 3, 0, 1, 1]
(0, (1, 1, 1), (1, 1)): [61, 105, 103, 68, 42, 31, 12, 7, 2, 1, 1]
(0, (1, 1, 1), (1, 2)): [49, 73, 55, 30, 22, 17, 5, 2, 4, 0, 0, 1]
(0, (1, 1, 1), (2, 1)): [30, 51, 44, 41, 30, 15, 4, 5, 2]
(0, (1, 1, 1), (2, 2)): [31, 50, 39, 36, 17, 13, 3, 4, 1, 0, 0, 1]
(1, (0, 0, 0), (0, 0)): [1187932, 128843, 52710, 20679, 8024, 3058, 1182, 438, 163, 66, 26, 15, 7, 3, 0, 1]
(1, (0, 0, 0), (0, 1)): [20613, 2069, 879, 324, 129, 35, 14, 9, 1, 0, 0, 0, 0, 1]
(1, (0, 0, 0), (0, 2)): [7609, 620, 254, 93, 38, 12, 2, 2]
(1, (0, 0, 0), (1, 0)): [19804, 2435, 1051, 402, 167, 58, 28, 10, 0, 2, 0, 0, 0, 0, 0, 1]
(1, (0, 0, 0), (1, 1)): [17705, 1932, 787, 299, 124, 45, 22, 7, 1, 1, 0, 0, 0, 1]
(1, (0, 0, 0), (1, 2)): [11278, 1000, 382, 161, 72, 32, 11, 2]
(1, (0, 0, 0), (2, 0)): [6887, 955, 467, 169, 69, 24, 11, 5, 0, 1, 0, 0, 0, 0, 0, 1]
(1, (0, 0, 0), (2, 1)): [9753, 1179, 522, 196, 84, 24, 12, 6, 0, 2]
(1, (0, 0, 0), (2, 2)): [9304, 916, 391, 157, 75, 33, 13, 4]
(1, (0, 0, 0), (3, 0)): [2212, 347, 218, 76, 33, 10, 7, 1, 0, 0, 0, 0, 0, 0, 0, 1]
(1, (0, 0, 0), (3, 1)): [4082, 634, 319, 119, 52, 11, 7, 3, 0, 1]
(1, (0, 0, 0), (3, 2)): [5310, 663, 328, 115, 57, 20, 12, 3]
(1, (0, 0, 1), (0, 0)): [33463, 47991, 9434, 3987, 1677, 665, 262, 108, 46, 17, 9, 5, 4, 1]
(1, (0, 0, 1), (0, 1)): [521, 570, 124, 38, 20, 7, 6, 1]
(1, (0, 0, 1), (0, 2)): [221, 199, 40, 8, 4, 1, 4]
(1, (0, 0, 1), (1, 0)): [557, 750, 153, 85, 33, 12, 6, 3, 1]
(1, (0, 0, 1), (1, 1)): [474, 523, 107, 48, 23, 6, 2, 3]
(1, (0, 0, 1), (1, 2)): [346, 292, 45, 16, 13, 2, 3]
(1, (0, 0, 1), (2, 0)): [235, 305, 68, 41, 17, 7, 5, 1, 1]
(1, (0, 0, 1), (2, 1)): [231, 318, 65, 30, 14, 7, 5, 3]
(1, (0, 0, 1), (2, 2)): [258, 246, 50, 19, 8, 2, 2, 1]
(1, (0, 0, 1), (3, 0)): [110, 127, 38, 29, 9, 3, 2, 1, 1]
(1, (0, 0, 1), (3, 1)): [120, 155, 30, 20, 7, 3, 3, 2]
(1, (0, 0, 1), (3, 2)): [159, 156, 40, 16, 6, 2, 3, 1]
(1, (0, 1, 0), (0, 0)): [162612, 72587, 25976, 11073, 4439, 1741, 602, 275, 81, 38, 20, 9, 9, 2, 1]
(1, (0, 1, 0), (0, 1)): [2448, 943, 343, 139, 44, 17, 7, 3, 1]
(1, (0, 1, 0), (0, 2)): [962, 333, 103, 34, 11, 6, 3]
(1, (0, 1, 0), (1, 0)): [2856, 1258, 455, 250, 119, 34, 12, 5, 0, 0, 1, 0, 0, 1]
(1, (0, 1, 0), (1, 1)): [2127, 801, 316, 143, 56, 21, 7, 4, 1, 0, 0, 0, 0, 1]
(1, (0, 1, 0), (1, 2)): [1407, 491, 184, 64, 20, 9, 5, 2]
(1, (0, 1, 0), (2, 0)): [1262, 560, 208, 133, 62, 17, 8, 4, 0, 0, 1]
(1, (0, 1, 0), (2, 1)): [1150, 475, 170, 102, 45, 15, 6, 3, 0, 0, 1, 0, 0, 1]
(1, (0, 1, 0), (2, 2)): [1115, 428, 160, 61, 29, 7, 3, 1]
(1, (0, 1, 0), (3, 0)): [680, 262, 89, 86, 44, 9, 5, 3]
(1, (0, 1, 0), (3, 1)): [602, 218, 83, 64, 30, 9, 3, 1, 0, 0, 0, 0, 0, 1]
(1, (0, 1, 0), (3, 2)): [666, 234, 106, 63, 27, 3, 4, 1, 0, 0, 0, 0, 0, 1]
(1, (0, 1, 1), (0, 0)): [26126, 21237, 19358, 7722, 3911, 1546, 596, 234, 113, 39, 12, 7, 2, 2, 0, 1]
(1, (0, 1, 1), (0, 1)): [344, 217, 196, 84, 35, 18, 8, 3, 0, 1]
(1, (0, 1, 1), (0, 2)): [171, 73, 65, 31, 10, 5, 4, 0, 0, 1]
(1, (0, 1, 1), (1, 0)): [574, 438, 337, 168, 110, 39, 18, 10, 3, 1]
(1, (0, 1, 1), (1, 1)): [288, 193, 180, 69, 35, 11, 6, 4]
(1, (0, 1, 1), (1, 2)): [228, 107, 99, 50, 17, 7, 4, 0, 0, 1]
(1, (0, 1, 1), (2, 0)): [367, 287, 195, 115, 87, 33, 15, 8, 3, 1]
(1, (0, 1, 1), (2, 1)): [156, 129, 103, 45, 21, 9, 7, 2]
(1, (0, 1, 1), (2, 2)): [161, 102, 90, 46, 22, 4, 2, 2, 0, 1]
(1, (0, 1, 1), (3, 0)): [300, 223, 142, 86, 74, 29, 11, 8, 3, 1]
(1, (0, 1, 1), (3, 2)): [96, 65, 48, 25, 15, 4, 1, 1, 0, 1]
(1, (1, 0, 0), (0, 0)): [453860, 81038, 51278, 21667, 8781, 3472, 1361, 485, 210, 87, 31, 22, 5, 3, 0, 2]
(1, (1, 0, 0), (0, 1)): [7563, 1077, 794, 343, 123, 47, 22, 4, 1, 2]
(1, (1, 0, 0), (0, 2)): [2763, 337, 289, 100, 33, 13, 8, 1, 0, 2]
(1, (1, 0, 0), (1, 0)): [7297, 1338, 951, 413, 178, 58, 29, 10, 1, 3, 0, 0, 1, 0, 0, 1]
(1, (1, 0, 0), (1, 1)): [6022, 917, 672, 289, 113, 41, 19, 8, 1, 0, 0, 0, 0, 0, 0, 1]
(1, (1, 0, 0), (1, 2)): [3763, 489, 389, 147, 56, 18, 8, 6, 0, 1]
(1, (1, 0, 0), (2, 0)): [2402, 482, 363, 181, 71, 27, 11, 0, 1, 2, 0, 0, 1]
(1, (1, 0, 0), (2, 1)): [3078, 532, 415, 182, 74, 23, 14, 2, 2, 0, 0, 0, 0, 0, 0, 1]
(1, (1, 0, 0), (2, 2)): [2828, 412, 345, 132, 52, 14, 8, 3, 1, 1]
(1, (1, 0, 0), (3, 0)): [732, 176, 117, 81, 32, 12, 5, 0, 0, 2, 0, 0, 1]
(1, (1, 0, 0), (3, 1)): [1172, 286, 184, 107, 39, 14, 8, 1, 0, 1, 0, 0, 0, 0, 0, 1]
(1, (1, 0, 0), (3, 2)): [1414, 289, 207, 104, 35, 15, 7, 1, 1, 1, 0, 0, 0, 0, 0, 1]
(1, (1, 0, 1), (0, 0)): [36370, 42711, 13787, 9130, 3906, 1591, 631, 246, 83, 52, 14, 6, 0, 1]
(1, (1, 0, 1), (0, 1)): [637, 560, 160, 135, 59, 19, 10, 5, 3, 3]
(1, (1, 0, 1), (0, 2)): [282, 174, 59, 50, 9, 7, 4, 3, 0, 2]
(1, (1, 0, 1), (1, 0)): [608, 671, 208, 154, 84, 27, 11, 4, 0, 2]
(1, (1, 0, 1), (1, 1)): [488, 456, 134, 110, 61, 8, 10, 3, 2]
(1, (1, 0, 1), (1, 2)): [351, 250, 79, 66, 23, 8, 6, 3, 0, 2]
(1, (1, 0, 1), (2, 0)): [234, 232, 70, 49, 34, 16, 2, 1, 0, 1]
(1, (1, 0, 1), (2, 1)): [236, 236, 72, 58, 36, 9, 6, 1, 2]
(1, (1, 0, 1), (2, 2)): [238, 189, 65, 38, 24, 7, 6, 1, 1, 1]
(1, (1, 0, 1), (3, 2)): [115, 105, 39, 28, 22, 10, 4, 2, 1, 1]
(1, (1, 1, 0), (0, 0)): [123979, 38346, 25730, 18078, 7588, 3119, 1223, 491, 203, 78, 26, 15, 9, 5, 1]
(1, (1, 1, 0), (0, 1)): [2142, 579, 349, 272, 107, 41, 22, 6, 3]
(1, (1, 1, 0), (0, 2)): [867, 218, 115, 100, 32, 10, 6, 0, 1]
(1, (1, 1, 0), (1, 0)): [1915, 673, 460, 346, 146, 51, 26, 11, 1, 3, 0, 0, 2, 1]
(1, (1, 1, 0), (1, 1)): [1592, 473, 320, 229, 102, 37, 19, 9, 0, 2]
(1, (1, 1, 0), (1, 2)): [1144, 283, 178, 141, 54, 17, 9, 2]
(1, (1, 1, 0), (2, 0)): [645, 234, 149, 137, 56, 19, 9, 2, 1, 1, 0, 0, 2, 1]
(1, (1, 1, 0), (2, 1)): [798, 289, 190, 138, 56, 22, 12, 4, 0, 1, 0, 0, 1]
(1, (1, 1, 0), (2, 2)): [820, 231, 137, 104, 47, 15, 6, 2]
(1, (1, 1, 0), (3, 0)): [178, 89, 43, 45, 28, 11, 5, 2, 1, 1, 0, 0, 1]
(1, (1, 1, 0), (3, 1)): [335, 142, 86, 74, 35, 13, 10, 3, 0, 2, 0, 0, 1]
(1, (1, 1, 0), (3, 2)): [429, 145, 93, 66, 37, 17, 9, 5, 0, 2, 0, 0, 1]
(1, (1, 1, 1), (0, 0)): [25321, 20103, 12888, 8503, 6121, 2602, 1049, 399, 167, 63, 20, 15, 8, 3, 1, 1]
(1, (1, 1, 1), (0, 1)): [496, 314, 194, 130, 105, 37, 21, 8, 3]
(1, (1, 1, 1), (0, 2)): [248, 112, 70, 42, 39, 12, 11, 1]
(1, (1, 1, 1), (1, 0)): [434, 324, 224, 143, 116, 49, 20, 7, 2, 3, 0, 1, 1]
(1, (1, 1, 1), (1, 1)): [359, 235, 160, 113, 94, 36, 10, 6, 1]
(1, (1, 1, 1), (1, 2)): [277, 126, 97, 67, 46, 27, 9, 3]
(1, (1, 1, 1), (2, 0)): [130, 121, 92, 56, 40, 22, 12, 4, 1, 2, 0, 1, 1]
(1, (1, 1, 1), (2, 1)): [172, 146, 95, 68, 54, 16, 11, 4, 1, 1, 0, 1]
(1, (1, 1, 1), (2, 2)): [186, 107, 79, 71, 45, 19, 8, 2]
(1, (1, 1, 1), (3, 1)): [50, 79, 39, 31, 24, 10, 5, 3, 0, 0, 0, 0, 1]
(1, (1, 1, 1), (3, 2)): [94, 71, 43, 43, 29, 15, 3, 2]
(2, (0, 0, 0), (0, 0)): [1031019, 46243, 15508, 4924, 1624, 532, 182, 57, 10, 6, 5, 0, 1]
(2, (0, 0, 0), (0, 1)): [17820, 740, 247, 72, 32, 9, 6, 1]
(2, (0, 0, 0), (0, 2)): [6466, 195, 52, 20, 8, 2, 1, 1]
(2, (0, 0, 0), (1, 0)): [18034, 1034, 342, 108, 45, 12, 4, 0, 0, 0, 0, 0, 1]
(2, (0, 0, 0), (1, 1)): [15826, 778, 254, 63, 34, 8, 6]
(2, (0, 0, 0), (1, 2)): [9965, 341, 111, 32, 16, 5, 3]
(2, (0, 0, 0), (2, 0)): [6630, 392, 164, 62, 23, 6, 2, 0, 0, 0, 0, 0, 1]
(2, (0, 0, 0), (2, 1)): [9087, 483, 166, 57, 14, 6, 4]
(2, (0, 0, 0), (2, 2)): [8378, 344, 125, 39, 14, 7, 1]
(2, (0, 0, 0), (3, 0)): [2287, 156, 92, 32, 15, 3, 1, 0, 0, 0, 0, 0, 1]
(2, (0, 0, 0), (3, 1)): [4186, 252, 119, 38, 17, 6, 3]
(2, (0, 0, 0), (3, 2)): [5229, 274, 121, 35, 12, 6]
(2, (0, 0, 1), (0, 0)): [97014, 30252, 5895, 1997, 707, 231, 68, 22, 4, 2, 0, 1]
(2, (0, 0, 1), (0, 1)): [1464, 394, 87, 24, 14, 3, 1]
(2, (0, 0, 1), (0, 2)): [569, 111, 28, 4, 3, 1]
(2, (0, 0, 1), (1, 0)): [1772, 493, 112, 49, 12, 6, 0, 2]
(2, (0, 0, 1), (1, 1)): [1390, 330, 75, 23, 11, 2, 1, 1]
(2, (0, 0, 1), (1, 2)): [913, 171, 39, 11, 4, 1, 1]
(2, (0, 0, 1), (2, 0)): [764, 215, 54, 32, 7, 5, 0, 1]
(2, (0, 0, 1), (2, 1)): [804, 189, 53, 19, 10, 2, 0, 2]
(2, (0, 0, 1), (2, 2)): [747, 143, 49, 7, 4, 2, 1]
(2, (0, 0, 1), (3, 0)): [397, 99, 28, 20, 3, 4]
(2, (0, 0, 1), (3, 1)): [423, 102, 23, 19, 7, 2, 0, 1]
(2, (0, 0, 1), (3, 2)): [484, 104, 35, 12, 3, 1]
(2, (0, 1, 0), (0, 0)): [257400, 55132, 14597, 5089, 1657, 563, 170, 50, 12, 8, 5, 0, 1]
(2, (0, 1, 0), (0, 1)): [3764, 687, 179, 60, 20, 1, 1]
(2, (0, 1, 0), (0, 2)): [1406, 198, 48, 12, 7]
(2, (0, 1, 0), (1, 0)): [4950, 868, 347, 145, 38, 20, 5, 1, 0, 0, 0, 0, 1]
(2, (0, 1, 0), (1, 1)): [3487, 608, 208, 65, 18, 6, 3, 1]
(2, (0, 1, 0), (1, 2)): [2202, 309, 76, 36, 6]
(2, (0, 1, 0), (2, 0)): [2354, 393, 172, 100, 28, 12, 3, 0, 0, 0, 0, 0, 1]
(2, (0, 1, 0), (2, 1)): [2111, 387, 134, 50, 16, 10, 3, 1, 0, 0, 0, 0, 1]
(2, (0, 1, 0), (2, 2)): [1950, 291, 77, 39, 9, 5, 0, 1]
(2, (0, 1, 0), (3, 0)): [1339, 186, 99, 68, 18, 5, 2]
(2, (0, 1, 0), (3, 1)): [1040, 195, 92, 35, 16, 5, 3, 0, 0, 0, 0, 0, 1]
(2, (0, 1, 0), (3, 2)): [1282, 203, 83, 36, 10, 6, 1, 0, 0, 0, 0, 0, 1]
(2, (0, 1, 1), (0, 0)): [58881, 5127, 13070, 3496, 1368, 433, 148, 49, 18, 4, 3, 1, 0, 1]
(2, (0, 1, 1), (0, 1)): [813, 65, 132, 34, 8, 3, 1, 3]
(2, (0, 1, 1), (0, 2)): [355, 26, 44, 11, 5, 1, 1]
(2, (0, 1, 1), (1, 0)): [1134, 120, 234, 81, 39, 8, 4, 0, 0, 0, 1]
(2, (0, 1, 1), (1, 1)): [731, 60, 130, 38, 7, 4, 1, 2]
(2, (0, 1, 1), (1, 2)): [501, 33, 72, 17, 5, 1, 2, 1]
(2, (0, 1, 1), (2, 0)): [582, 71, 114, 46, 31, 6, 1, 0, 0, 0, 1]
(2, (0, 1, 1), (2, 1)): [414, 37, 90, 22, 9, 5]
(2, (0, 1, 1), (2, 2)): [424, 32, 73, 21, 4, 4, 1, 1]
(2, (0, 1, 1), (3, 0)): [407, 55, 71, 32, 26, 5, 1, 0, 0, 0, 1]
(2, (0, 1, 1), (3, 1)): [212, 21, 42, 14, 5, 2]
(2, (0, 1, 1), (3, 2)): [268, 25, 59, 18, 5, 4, 0, 1]
(2, (1, 0, 0), (0, 0)): [550773, 40001, 25534, 8085, 2585, 830, 322, 90, 18, 11, 6, 0, 1]
(2, (1, 0, 0), (0, 1)): [8719, 483, 382, 106, 41, 10, 7, 1]
(2, (1, 0, 0), (0, 2)): [3164, 140, 98, 19, 14, 2, 2]
(2, (1, 0, 0), (1, 0)): [9048, 713, 525, 213, 49, 15, 7, 2, 0, 0, 0, 0, 1]
(2, (1, 0, 0), (1, 1)): [7176, 439, 359, 124, 31, 4, 4, 1]
(2, (1, 0, 0), (1, 2)): [4441, 215, 152, 53, 17, 3, 1]
(2, (1, 0, 0), (2, 0)): [3094, 292, 179, 102, 20, 7, 4, 0, 0, 0, 0, 0, 1]
(2, (1, 0, 0), (2, 1)): [3731, 244, 199, 77, 25, 6, 2, 1, 0, 0, 0, 0, 1]
(2, (1, 0, 0), (2, 2)): [3399, 198, 149, 49, 20, 5, 1, 1]
(2, (1, 0, 0), (3, 0)): [994, 137, 57, 57, 6, 3, 3]
(2, (1, 0, 0), (3, 1)): [1584, 167, 94, 57, 10, 4, 2, 0, 0, 0, 0, 0, 1]
(2, (1, 0, 0), (3, 2)): [1890, 165, 102, 49, 12, 8, 1, 1, 0, 0, 0, 0, 1]
(2, (1, 0, 1), (0, 0)): [93267, 22836, 9042, 5307, 1735, 574, 196, 65, 22, 7, 0, 3, 1]
(2, (1, 0, 1), (0, 1)): [1547, 317, 122, 85, 26, 5, 2, 2, 0, 0, 0, 1]
(2, (1, 0, 1), (0, 2)): [628, 98, 33, 19, 11, 0, 0, 1]
(2, (1, 0, 1), (1, 0)): [1461, 326, 158, 114, 42, 17, 5]
(2, (1, 0, 1), (1, 1)): [1159, 240, 99, 81, 19, 12, 5, 1, 0, 0, 0, 1]
(2, (1, 0, 1), (1, 2)): [813, 129, 48, 35, 12, 7, 1, 2, 0, 0, 0, 1]
(2, (1, 0, 1), (2, 0)): [550, 115, 75, 39, 17, 5, 2]
(2, (1, 0, 1), (2, 1)): [641, 139, 57, 43, 16, 5, 1]
(2, (1, 0, 1), (2, 2)): [565, 98, 40, 27, 10, 4, 1, 2, 0, 0, 0, 1]
(2, (1, 0, 1), (3, 0)): [198, 34, 34, 16, 10, 2, 2]
(2, (1, 0, 1), (3, 1)): [300, 58, 38, 21, 8, 2, 3]
(2, (1, 0, 1), (3, 2)): [330, 63, 41, 15, 8, 3, 2, 2]
(2, (1, 1, 0), (0, 0)): [212536, 32578, 16398, 11008, 3494, 1154, 380, 124, 44, 20, 7, 1, 2, 1]
(2, (1, 1, 0), (0, 1)): [3645, 494, 220, 169, 48, 7, 5, 3, 0, 0, 0, 0, 1]
(2, (1, 1, 0), (0, 2)): [1465, 151, 65, 41, 12, 1, 2, 1]
(2, (1, 1, 0), (1, 0)): [3491, 552, 306, 243, 73, 23, 8, 2, 1, 1]
(2, (1, 1, 0), (1, 1)): [2933, 399, 187, 160, 37, 9, 4, 2, 1, 1, 0, 0, 1]
(2, (1, 1, 0), (1, 2)): [2025, 226, 99, 68, 15, 4, 2, 2]
(2, (1, 1, 0), (2, 0)): [1233, 213, 135, 95, 40, 13, 3, 1]
(2, (1, 1, 0), (2, 1)): [1549, 201, 138, 100, 30, 11, 4, 1, 1, 1, 0, 0, 1]
(2, (1, 1, 0), (2, 2)): [1514, 182, 88, 85, 18, 4, 4, 2, 1]
(2, (1, 1, 0), (3, 0)): [444, 85, 55, 36, 16, 6, 1]
(2, (1, 1, 0), (3, 1)): [686, 108, 80, 54, 16, 9, 2, 1, 0, 0, 0, 0, 1]
(2, (1, 1, 0), (3, 2)): [849, 113, 74, 62, 20, 4, 3, 2, 1]
(2, (1, 1, 1), (0, 0)): [61369, 8966, 10372, 5107, 3672, 1170, 394, 137, 45, 10, 7, 1, 1, 1]
(2, (1, 1, 1), (0, 1)): [1220, 122, 172, 85, 59, 10, 7, 3, 1, 0, 0, 0, 1]
(2, (1, 1, 1), (0, 2)): [569, 36, 44, 29, 17, 2, 2, 1, 1]
(2, (1, 1, 1), (1, 0)): [955, 270, 182, 112, 67, 27, 8, 1, 2, 0, 1]
(2, (1, 1, 1), (1, 1)): [897, 132, 146, 77, 49, 8, 5, 0, 0, 0, 1, 0, 1]
(2, (1, 1, 1), (1, 2)): [681, 58, 62, 38, 21, 4, 3, 1, 0, 0, 1]
(2, (1, 1, 1), (2, 0)): [265, 179, 53, 49, 34, 17, 4, 1, 1]
(2, (1, 1, 1), (2, 1)): [395, 120, 87, 47, 39, 11, 5, 0, 0, 0, 0, 0, 1]
(2, (1, 1, 1), (2, 2)): [447, 75, 60, 44, 23, 5, 3, 0, 0, 0, 1]
(2, (1, 1, 1), (3, 0)): [55, 123, 19, 27, 13, 8, 1, 0, 1]
(2, (1, 1, 1), (3, 1)): [126, 122, 35, 30, 27, 8, 4]
(2, (1, 1, 1), (3, 2)): [214, 100, 41, 48, 24, 8, 5, 0, 0, 0, 1]
