(0, (0, 0, 0), (0, 0)): [429287, 88000, 41259, 19126, 8670, 3757, 1625, 676, 279, 134, 59, 22, 14, 3, 2]
(0, (0, 0, 0), (0, 1)): [1280, 250, 103, 41, 17, 5, 2, 4, 0, 1, 1]
(0, (0, 0, 0), (0, 2)): [518, 97, 36, 13, 4, 2, 1, 2]
(0, (0, 0, 0), (1, 0)): [1181, 251, 102, 49, 26, 17, 5, 2, 0, 2]
(0, (0, 0, 0), (1, 1)): [1001, 208, 79, 39, 14, 3, 1, 3, 0, 1, 1]
(0, (0, 0, 0), (1, 2)): [648, 128, 34, 15, 4, 2, 1, 2]
(0, (0, 0, 0), (2, 0)): [439, 100, 47, 26, 18, 12, 3, 1, 0, 1]
(0, (0, 0, 0), (2, 1)): [558, 114, 43, 24, 11, 5, 1, 1]
(0, (0, 0, 0), (2, 2)): [524, 107, 22, 12, 8, 4, 1, 1]
(0, (0, 0, 0), (3, 0)): [194, 46, 32, 18, 9, 10, 2, 1]
(0, (0, 0, 0), (3, 1)): [241, 54, 33, 15, 5, 2, 3, 1]
(0, (0, 0, 0), (3, 2)): [313, 66, 35, 14, 8, 2, 2, 1]
(0, (0, 0, 1), (0, 0)): [2140, 7008, 1973, 944, 466, 188, 95, 48, 20, 8, 4, 1, 3]
(0, (0, 1, 0), (0, 0)): [14139, 14680, 5607, 2619, 1365, 603, 252, 107, 50, 29, 9, 3, 1]
(0, (0, 1, 0), (0, 1)): [43, 39, 10, 3, 2, 1]
(0, (0, 1, 0), (0, 2)): [10, 11, 5, 3, 0, 1]
(0, (0, 1, 0), (1, 0)): [44, 34, 8, 10, 3, 1, 1]
(0, (0, 1, 0), (1, 1)): [35, 20, 5, 2, 1, 1]
(0, (0, 1, 0), (1, 2)): [15, 12, 7, 3, 1]
(0, (0, 1, 1), (0, 0)): [1259, 2307, 3056, 1381, 714, 336, 151, 67, 37, 14, 6, 1, 0, 1, 1]
(0, (0, 1, 1), (0, 1)): [4, 5, 6, 3, 3, 0, 0, 0, 1]
(0, (0, 1, 1), (0, 2)): [3, 3, 2, 1, 2]
(0, (1, 0, 0), (0, 0)): [96347, 34576, 21149, 10709, 5069, 2280, 999, 431, 177, 90, 43, 14, 9, 3, 2]
(0, (1, 0, 0), (0, 1)): [268, 67, 48, 20, 14, 5, 3, 1, 1, 1]
(0, (1, 0, 0), (0, 2)): [93, 21, 17, 4, 4, 2, 1, 1, 0, 1]
(0, (1, 0, 0), (1, 0)): [205, 85, 57, 18, 8, 4, 3, 4, 2]
(0, (1, 0, 0), (1, 1)): [174, 51, 39, 15, 9, 2, 1, 1]
(0, (1, 0, 0), (1, 2)): [96, 25, 25, 3, 5, 2, 1, 1]
(0, (1, 0, 0), (2, 0)): [77, 38, 19, 9, 4, 1, 2, 3, 2]
(0, (1, 0, 0), (2, 1)): [87, 32, 18, 10, 3, 0, 1, 0, 2]
(0, (1, 0, 0), (2, 2)): [84, 24, 17, 5, 2, 1, 0, 0, 1]
(0, (1, 0, 0), (3, 1)): [30, 14, 7, 6, 2, 1, 0, 0, 1]
(0, (1, 0, 1), (0, 0)): [2307, 7020, 3217, 2117, 1184, 552, 285, 116, 52, 26, 11, 8, 2, 0, 1]
(0, (1, 1, 0), (0, 0)): [12614, 8522, 7068, 4801, 2569, 1183, 543, 257, 98, 53, 29, 7, 5, 1]
(0, (1, 1, 0), (0, 1)): [47, 22, 17, 11, 2, 6, 1]
(0, (1, 1, 0), (1, 1)): [27, 19, 11, 9, 1, 7, 1, 0, 1]
(0, (1, 1, 0), (1, 2)): [21, 9, 6, 6, 0, 1]
(0, (1, 1, 1), (0, 0)): [1339, 2412, 2080, 1751, 1355, 675, 335, 156, 71, 39, 17, 4, 1, 1, 1]
(1, (0, 0, 0), (0, 0)): [339289, 36923, 15360, 6095, 2439, 980, 390, 157, 55, 19, 8, 5, 2]
(1, (0, 0, 0), (0, 1)): [1041, 109, 32, 10, 6, 0, 0, 1]
(1, (0, 0, 0), (0, 2)): [429, 29, 13, 6, 2, 0, 0, 1]
(1, (0, 0, 0), (1, 0)): [911, 108, 47, 12, 3, 3, 0, 1]
(1, (0, 0, 0), (1, 1)): [807, 90, 32, 10, 4, 1]
(1, (0, 0, 0), (1, 2)): [514, 52, 16, 10, 2, 1]
(1, (0, 0, 0), (2, 0)): [310, 45, 23, 4, 1, 1]
(1, (0, 0, 0), (2, 1)): [412, 48, 27, 6, 3]
(1, (0, 0, 0), (2, 2)): [409, 40, 20, 9, 3, 1]
(1, (0, 0, 0), (3, 0)): [124, 15, 8, 1, 1, 1]
(1, (0, 0, 0), (3, 1)): [171, 32, 13, 1, 1]
(1, (0, 0, 0), (3, 2)): [236, 31, 20, 4, 0, 1]
(1, (0, 0, 1), (0, 0)): [11521, 18246, 3586, 1512, 657, 249, 110, 56, 20, 9, 5, 3, 2]
(1, (0, 0, 1), (0, 1)): [29, 46, 7, 1, 1]
(1, (0, 0, 1), (1, 1)): [28, 26, 7, 2, 2]
(1, (0, 0, 1), (1, 2)): [16, 19, 4, 1]
(1, (0, 0, 1), (2, 2)): [12, 16, 2]
(1, (0, 0, 1), (3, 2)): [8, 7, 1]
(1, (0, 1, 0), (0, 0)): [50958, 25394, 8592, 3558, 1475, 622, 219, 96, 29, 18, 3, 4, 3]
(1, (0, 1, 0), (0, 1)): [145, 54, 15, 7, 1, 1, 1, 1]
(1, (0, 1, 0), (0, 2)): [54, 19, 5, 0, 0, 1, 1]
(1, (0, 1, 0), (1, 0)): [164, 77, 24, 11, 9, 2]
(1, (0, 1, 0), (1, 1)): [136, 49, 9, 9, 4, 1, 0, 1]
(1, (0, 1, 0), (1, 2)): [89, 28, 9, 1, 1]
(1, (0, 1, 0), (2, 0)): [63, 24, 13, 5, 5, 1]
(1, (0, 1, 0), (2, 2)): [58, 20, 8, 5, 2, 1]
(1, (0, 1, 0), (3, 0)): [36, 13, 5, 2, 5]
(1, (0, 1, 0), (3, 1)): [31, 14, 3, 5, 4, 1]
(1, (0, 1, 0), (3, 2)): [42, 7, 6, 6, 0, 1]
(1, (0, 1, 1), (0, 0)): [8694, 7551, 7777, 2999, 1369, 549, 218, 87, 46, 16, 7, 3, 1, 1]
(1, (0, 1, 1), (0, 1)): [34, 10, 22, 4, 1, 0, 0, 1]
(1, (0, 1, 1), (0, 2)): [22, 3, 7, 2]
(1, (0, 1, 1), (1, 1)): [17, 7, 16, 4, 2, 0, 1]
(1, (0, 1, 1), (1, 2)): [18, 3, 8, 2, 0, 0, 1]
(1, (0, 1, 1), (2, 2)): [12, 2, 6, 3]
(1, (0, 1, 1), (3, 2)): [7, 3, 6]
(1, (1, 0, 0), (0, 0)): [139674, 26924, 15942, 7006, 2826, 1182, 446, 173, 74, 33, 12, 9, 2, 2]
(1, (1, 0, 0), (0, 1)): [410, 56, 44, 17, 6, 3, 2]
(1, (1, 0, 0), (0, 2)): [161, 24, 20, 4, 1]
(1, (1, 0, 0), (1, 0)): [368, 74, 62, 24, 5, 4, 0, 1]
(1, (1, 0, 0), (1, 1)): [305, 48, 31, 15, 3, 4, 1, 1]
(1, (1, 0, 0), (1, 2)): [202, 24, 17, 6, 2, 0, 1]
(1, (1, 0, 0), (2, 0)): [118, 27, 31, 12, 3, 1]
(1, (1, 0, 0), (2, 1)): [138, 29, 25, 10, 1, 3, 0, 1]
(1, (1, 0, 0), (2, 2)): [132, 19, 19, 6, 2, 1]
(1, (1, 0, 0), (3, 0)): [46, 14, 11, 7, 3]
(1, (1, 0, 0), (3, 1)): [51, 18, 11, 7, 0, 1, 0, 1]
(1, (1, 0, 0), (3, 2)): [71, 15, 11, 8, 0, 1]
(1, (1, 0, 1), (0, 0)): [11249, 14417, 5098, 3188, 1352, 587, 216, 86, 32, 25, 8, 2]
(1, (1, 0, 1), (0, 1)): [30, 30, 10, 7, 4, 1, 1, 1]
(1, (1, 0, 1), (0, 2)): [24, 6, 5, 5, 1, 1, 0, 1]
(1, (1, 0, 1), (1, 0)): [28, 39, 6, 11, 4, 4, 0, 1]
(1, (1, 0, 1), (1, 1)): [13, 26, 6, 8, 3, 0, 1]
(1, (1, 0, 1), (1, 2)): [15, 8, 7, 8, 2, 0, 0, 1]
(1, (1, 0, 1), (2, 0)): [12, 14, 2, 3, 3, 2]
(1, (1, 0, 1), (2, 1)): [6, 16, 0, 4, 0, 1, 1]
(1, (1, 0, 1), (2, 2)): [7, 9, 4, 3, 1, 1]
(1, (1, 0, 1), (3, 0)): [6, 6, 1, 0, 2, 1]
(1, (1, 0, 1), (3, 1)): [3, 6, 0, 2, 2]
(1, (1, 0, 1), (3, 2)): [3, 9, 3, 3, 3, 1]
(1, (1, 1, 0), (0, 0)): [35747, 11478, 8396, 5522, 2436, 1042, 408, 155, 58, 26, 6, 6, 1, 3]
(1, (1, 1, 0), (0, 1)): [96, 29, 21, 16, 7, 3, 1]
(1, (1, 1, 0), (0, 2)): [38, 16, 5, 7, 3]
(1, (1, 1, 0), (1, 0)): [89, 24, 24, 25, 11, 2]
(1, (1, 1, 0), (1, 1)): [82, 16, 15, 15, 3, 1, 1]
(1, (1, 1, 0), (1, 2)): [50, 8, 6, 8, 3]
(1, (1, 1, 0), (2, 0)): [27, 8, 10, 8, 8, 1]
(1, (1, 1, 0), (2, 1)): [37, 16, 5, 8, 3, 1, 1]
(1, (1, 1, 0), (2, 2)): [38, 8, 5, 6, 2]
(1, (1, 1, 0), (3, 1)): [10, 7, 6, 2, 2, 0, 1]
(1, (1, 1, 1), (0, 0)): [7044, 5866, 3845, 2816, 1890, 842, 345, 141, 57, 22, 7, 3, 1, 1]
(1, (1, 1, 1), (0, 1)): [24, 20, 12, 10, 3, 1, 0, 1]
(1, (1, 1, 1), (0, 2)): [15, 7, 4, 4, 0, 1]
(1, (1, 1, 1), (1, 1)): [17, 16, 8, 9, 5, 2, 1, 1]
(1, (1, 1, 1), (2, 1)): [8, 6, 8, 4, 5, 1, 1]
(1, (1, 1, 1), (2, 2)): [6, 6, 5, 3, 3, 2, 2, 1]
(2, (0, 0, 0), (0, 0)): [291543, 12448, 4218, 1321, 459, 172, 62, 24, 3, 1, 2]
(2, (0, 0, 0), (0, 1)): [919, 41, 9, 4, 1]
(2, (0, 0, 0), (0, 2)): [340, 11, 3, 3]
(2, (0, 0, 0), (1, 0)): [939, 62, 19, 7, 2]
(2, (0, 0, 0), (1, 1)): [811, 39, 14, 3, 1]
(2, (0, 0, 0), (1, 2)): [466, 11, 9, 2]
(2, (0, 0, 0), (2, 0)): [351, 23, 8, 4, 1]
(2, (0, 0, 0), (2, 1)): [486, 26, 7, 4, 1]
(2, (0, 0, 0), (2, 2)): [409, 14, 10, 5]
(2, (0, 0, 0), (3, 1)): [213, 16, 3, 0, 1]
(2, (0, 0, 0), (3, 2)): [282, 18, 9, 2]
(2, (0, 0, 1), (0, 0)): [35032, 12017, 2134, 701, 245, 95, 35, 11, 0, 1]
(2, (0, 0, 1), (0, 1)): [89, 30, 7]
(2, (0, 0, 1), (0, 2)): [42, 10, 5]
(2, (0, 0, 1), (1, 0)): [80, 31, 6, 0, 0, 1]
(2, (0, 0, 1), (1, 1)): [61, 20, 3]
(2, (0, 0, 1), (1, 2)): [52, 14, 5]
(2, (0, 0, 1), (2, 0)): [38, 11, 4, 0, 0, 1]
(2, (0, 0, 1), (2, 2)): [37, 11, 5]
(2, (0, 1, 0), (0, 0)): [83199, 19609, 4736, 1596, 502, 180, 64, 20, 4, 1]
(2, (0, 1, 0), (0, 1)): [204, 41, 7, 2, 4]
(2, (0, 1, 0), (1, 0)): [257, 43, 17, 4, 1, 1]
(2, (0, 1, 0), (1, 1)): [181, 40, 7, 0, 2]
(2, (0, 1, 0), (2, 0)): [123, 20, 13, 4, 1, 1]
(2, (0, 1, 0), (2, 1)): [116, 20, 6, 1, 0, 1]
(2, (0, 1, 0), (2, 2)): [110, 15, 5, 1, 3]
(2, (0, 1, 0), (3, 0)): [70, 12, 8, 1, 1]
(2, (0, 1, 0), (3, 2)): [82, 12, 6, 0, 1, 1]
(2, (0, 1, 1), (0, 0)): [21091, 1918, 5121, 1345, 490, 178, 56, 17, 9, 2, 1]
(2, (0, 1, 1), (0, 1)): [56, 5, 14, 2, 2]
(2, (0, 1, 1), (0, 2)): [25, 0, 5, 2, 2]
(2, (0, 1, 1), (1, 0)): [73, 5, 19, 7, 2, 1]
(2, (0, 1, 1), (1, 1)): [47, 6, 14, 2]
(2, (0, 1, 1), (1, 2)): [30, 1, 9, 2, 1]
(2, (0, 1, 1), (2, 1)): [20, 3, 5, 1]
(2, (0, 1, 1), (2, 2)): [24, 1, 8, 1]
(2, (0, 1, 1), (3, 2)): [18, 0, 9, 1]
(2, (1, 0, 0), (0, 0)): [171494, 13482, 7268, 2422, 799, 269, 110, 33, 10, 2, 2]
(2, (1, 0, 0), (0, 1)): [434, 19, 17, 7, 1, 1]
(2, (1, 0, 0), (0, 2)): [154, 7, 4, 0, 0, 1]
(2, (1, 0, 0), (1, 0)): [454, 21, 22, 8, 2, 1]
(2, (1, 0, 0), (1, 1)): [348, 13, 15, 9, 1]
(2, (1, 0, 0), (1, 2)): [194, 8, 9, 4]
(2, (1, 0, 0), (2, 1)): [166, 10, 5, 0, 1]
(2, (1, 0, 0), (2, 2)): [146, 11, 11, 1]
(2, (1, 0, 0), (3, 1)): [67, 5, 3, 1]
(2, (1, 0, 0), (3, 2)): [75, 9, 4, 1]
(2, (1, 0, 1), (0, 0)): [29672, 8099, 3557, 1757, 586, 218, 68, 27, 9, 1, 0, 1]
(2, (1, 0, 1), (0, 1)): [68, 16, 8, 8, 1, 1]
(2, (1, 0, 1), (0, 2)): [26, 5, 3, 4]
(2, (1, 0, 1), (1, 0)): [66, 9, 7, 9, 1, 1]
(2, (1, 0, 1), (1, 1)): [43, 10, 3, 2, 1]
(2, (1, 0, 1), (1, 2)): [25, 6, 3, 3]
(2, (1, 0, 1), (2, 0)): [29, 4, 5, 6, 1]
(2, (1, 0, 1), (2, 2)): [16, 2, 3, 2]
(2, (1, 0, 1), (3, 2)): [11, 1, 4, 1]
(2, (1, 1, 0), (0, 0)): [58024, 9116, 5084, 3015, 939, 346, 109, 31, 17, 6, 3, 0, 0, 1]
(2, (1, 1, 0), (0, 1)): [169, 21, 13, 6, 3]
(2, (1, 1, 0), (0, 2)): [75, 8, 6, 1]
(2, (1, 1, 0), (1, 0)): [153, 19, 13, 15, 2, 2, 0, 1]
(2, (1, 1, 0), (1, 1)): [113, 16, 5, 5, 2]
(2, (1, 1, 0), (1, 2)): [73, 12, 4, 2, 1]
(2, (1, 1, 0), (2, 0)): [69, 6, 7, 9, 1, 1, 0, 1]
(2, (1, 1, 0), (2, 1)): [64, 6, 4, 2, 1]
(2, (1, 1, 0), (2, 2)): [58, 9, 4, 2, 1]
(2, (1, 1, 0), (3, 2)): [36, 1, 6, 3, 1]
(2, (1, 1, 1), (0, 0)): [17381, 2666, 3073, 1637, 1099, 376, 126, 42, 19, 3, 3, 0, 0, 1]
(2, (1, 1, 1), (0, 1)): [61, 7, 12, 5, 2, 1]
(2, (1, 1, 1), (0, 2)): [37, 4, 1, 0, 0, 1]
(2, (1, 1, 1), (1, 0)): [51, 16, 9, 13, 0, 1]
(2, (1, 1, 1), (1, 1)): [32, 5, 12, 6]
(2, (1, 1, 1), (1, 2)): [28, 3, 4, 2, 0, 1]
(2, (1, 1, 1), (2, 0)): [23, 14, 2, 8, 0, 1]
(2, (1, 1, 1), (2, 1)): [18, 6, 7, 5]
(2, (1, 1, 1), (2, 2)): [19, 5, 4, 4]
