(0, (0, 0, 0), (0, 0)): [15274, 3166, 1559, 666, 332, 144, 50, 24, 11, 1, 2, 2, 3]
(0, (0, 0, 0), (0, 1)): [41, 9, 2, 2]
(0, (0, 0, 0), (0, 2)): [16, 4, 1, 1]
(0, (0, 0, 0), (1, 0)): [40, 9, 0, 2, 1, 1]
(0, (0, 0, 0), (1, 1)): [37, 9, 1, 2]
(0, (0, 0, 0), (1, 2)): [22, 7, 1]
(0, (0, 0, 0), (2, 0)): [14, 1, 0, 1, 1]
(0, (0, 0, 0), (2, 1)): [22, 4, 1, 2]
(0, (0, 0, 0), (2, 2)): [14, 5, 1, 1]
(0, (0, 0, 0), (3, 0)): [6, 0, 0, 0, 1]
(0, (0, 0, 0), (3, 1)): [13, 1]
(0, (0, 0, 0), (3, 2)): [11, 2, 1]
(0, (0, 0, 1), (0, 0)): [56, 264, 69, 29, 20, 6, 6, 4, 0, 0, 0, 0, 2]
(0, (0, 0, 1), (1, 0)): [0, 2]
(0, (0, 0, 1), (1, 1)): [0, 1]
(0, (0, 0, 1), (2, 1)): [0, 1]
(0, (0, 1, 0), (0, 0)): [508, 529, 203, 82, 53, 23, 11, 10, 2, 1]
(0, (0, 1, 0), (0, 1)): [1, 3]
(0, (0, 1, 0), (0, 2)): [1, 1]
(0, (0, 1, 0), (1, 0)): [1, 3, 0, 2]
(0, (0, 1, 0), (1, 1)): [0, 2]
(0, (0, 1, 0), (1, 2)): [0, 2]
(0, (0, 1, 0), (2, 0)): [0, 1, 0, 1]
(0, (0, 1, 0), (2, 1)): [0, 1, 0, 1]
(0, (0, 1, 0), (2, 2)): [0, 2]
(0, (0, 1, 0), (3, 0)): [0, 1]
(0, (0, 1, 0), (3, 1)): [0, 0, 0, 1]
(0, (0, 1, 0), (3, 2)): [0, 2]
(0, (0, 1, 1), (0, 0)): [42, 87, 111, 57, 27, 13, 8, 4, 0, 0, 1]
(0, (1, 0, 0), (0, 0)): [3501, 1213, 814, 377, 189, 79, 28, 13, 10, 0, 1, 1, 2]
(0, (1, 0, 0), (0, 1)): [13, 2, 1, 1, 1, 1]
(0, (1, 0, 0), (0, 2)): [5, 1, 0, 0, 1]
(0, (1, 0, 0), (1, 0)): [5, 3, 1]
(0, (1, 0, 0), (1, 1)): [8, 1, 1, 1, 0, 1]
(0, (1, 0, 0), (1, 2)): [7, 2, 1]
(0, (1, 0, 0), (2, 0)): [2, 2]
(0, (1, 0, 0), (2, 1)): [3, 1, 0, 1]
(0, (1, 0, 0), (2, 2)): [3, 2, 0, 1]
(0, (1, 0, 0), (3, 0)): [1]
(0, (1, 0, 0), (3, 1)): [1]
(0, (1, 0, 0), (3, 2)): [1, 1]
(0, (1, 0, 1), (0, 0)): [83, 258, 122, 71, 47, 22, 13, 5, 2, 0, 1, 1, 1]
(0, (1, 0, 1), (0, 1)): [0, 2]
(0, (1, 0, 1), (0, 2)): [0, 2]
(0, (1, 0, 1), (1, 0)): [0, 2]
(0, (1, 0, 1), (1, 1)): [0, 2]
(0, (1, 0, 1), (1, 2)): [0, 2]
(0, (1, 0, 1), (2, 1)): [0, 1]
(0, (1, 0, 1), (2, 2)): [0, 1]
(0, (1, 0, 1), (3, 1)): [0, 1]
(0, (1, 0, 1), (3, 2)): [0, 1]
(0, (1, 1, 0), (0, 0)): [497, 296, 246, 161, 92, 41, 17, 10, 6, 0, 1]
(0, (1, 1, 0), (0, 1)): [3, 0, 1, 1]
(0, (1, 1, 0), (1, 0)): [4, 2, 0, 0, 0, 1]
(0, (1, 1, 0), (1, 1)): [3, 2, 1, 1, 0, 1]
(0, (1, 1, 0), (1, 2)): [2]
(0, (1, 1, 0), (2, 0)): [1]
(0, (1, 1, 0), (2, 1)): [2, 0, 0, 1]
(0, (1, 1, 0), (2, 2)): [1, 0, 0, 1]
(0, (1, 1, 0), (3, 2)): [0, 0, 0, 1]
(0, (1, 1, 1), (0, 0)): [59, 94, 71, 57, 52, 34, 14, 5, 2, 0, 1]
(0, (1, 1, 1), (1, 0)): [0, 0, 1, 1]
(0, (1, 1, 1), (1, 1)): [0, 0, 1]
(0, (1, 1, 1), (2, 0)): [0, 0, 0, 1]
(0, (1, 1, 1), (2, 1)): [0, 0, 0, 1]
(0, (1, 1, 1), (2, 2)): [0, 0, 0, 1]
(0, (1, 1, 1), (3, 2)): [0, 0, 0, 1]
(1, (0, 0, 0), (0, 0)): [12007, 1376, 589, 219, 95, 46, 11, 1, 1, 0, 1, 1]
(1, (0, 0, 0), (0, 1)): [30, 7]
(1, (0, 0, 0), (0, 2)): [11, 2]
(1, (0, 0, 0), (1, 0)): [23, 1]
(1, (0, 0, 0), (1, 1)): [27, 3]
(1, (0, 0, 0), (1, 2)): [13, 3]
(1, (0, 0, 0), (2, 0)): [3, 1]
(1, (0, 0, 0), (2, 1)): [12, 1]
(1, (0, 0, 0), (2, 2)): [8, 1]
(1, (0, 0, 0), (3, 0)): [1]
(1, (0, 0, 0), (3, 1)): [6, 1]
(1, (0, 0, 0), (3, 2)): [7, 1]
(1, (0, 0, 1), (0, 0)): [382, 659, 120, 49, 23, 10, 3, 4, 2, 0, 0, 0, 1]
(1, (0, 0, 1), (0, 1)): [0, 1]
(1, (0, 1, 0), (0, 0)): [1827, 941, 352, 143, 66, 21, 8, 2, 1, 0, 0, 1, 1]
(1, (0, 1, 0), (0, 1)): [8, 1]
(1, (0, 1, 0), (0, 2)): [2, 1]
(1, (0, 1, 0), (1, 0)): [7, 2, 0, 1]
(1, (0, 1, 0), (1, 1)): [8, 1]
(1, (0, 1, 0), (1, 2)): [2]
(1, (0, 1, 0), (2, 0)): [1, 0, 0, 1]
(1, (0, 1, 0), (2, 1)): [3, 1, 0, 1]
(1, (0, 1, 0), (2, 2)): [2]
(1, (0, 1, 0), (3, 0)): [1]
(1, (0, 1, 0), (3, 1)): [0, 1, 0, 1]
(1, (0, 1, 0), (3, 2)): [1, 1]
(1, (0, 1, 1), (0, 0)): [286, 263, 276, 97, 54, 21, 7, 3, 3, 1, 2, 1]
(1, (0, 1, 1), (0, 1)): [1, 0, 2, 0, 1]
(1, (0, 1, 1), (0, 2)): [1, 0, 1]
(1, (0, 1, 1), (1, 0)): [1, 1, 1]
(1, (0, 1, 1), (1, 1)): [0, 0, 1, 0, 1]
(1, (0, 1, 1), (1, 2)): [1]
(1, (0, 1, 1), (2, 0)): [0, 1]
(1, (0, 1, 1), (2, 1)): [0, 0, 1]
(1, (0, 1, 1), (2, 2)): [1, 0, 1]
(1, (0, 1, 1), (3, 0)): [0, 1]
(1, (1, 0, 0), (0, 0)): [5031, 1024, 614, 244, 109, 51, 18, 3, 1, 0, 1, 3, 1]
(1, (1, 0, 0), (0, 1)): [12, 0, 1, 1]
(1, (1, 0, 0), (0, 2)): [5]
(1, (1, 0, 0), (1, 0)): [12, 2, 1, 2]
(1, (1, 0, 0), (1, 1)): [13, 1, 1, 2]
(1, (1, 0, 0), (1, 2)): [8, 0, 1]
(1, (1, 0, 0), (2, 0)): [0, 1]
(1, (1, 0, 0), (2, 1)): [2, 0, 0, 2]
(1, (1, 0, 0), (2, 2)): [3, 0, 1, 1]
(1, (1, 0, 0), (3, 0)): [0, 1]
(1, (1, 0, 0), (3, 2)): [1, 0, 1, 1]
(1, (1, 0, 1), (0, 0)): [424, 545, 189, 108, 60, 20, 9, 2, 2, 3, 2, 1]
(1, (1, 0, 1), (0, 1)): [0, 3]
(1, (1, 0, 1), (1, 0)): [1, 0, 0, 1]
(1, (1, 0, 1), (1, 1)): [0, 1, 0, 1]
(1, (1, 0, 1), (1, 2)): [0, 1, 0, 1]
(1, (1, 0, 1), (2, 0)): [1]
(1, (1, 1, 0), (0, 0)): [1264, 393, 301, 197, 87, 39, 12, 4, 1, 1, 1, 2]
(1, (1, 1, 0), (0, 1)): [4, 0, 0, 3, 0, 1]
(1, (1, 1, 0), (0, 2)): [2, 0, 0, 2]
(1, (1, 1, 0), (1, 0)): [3, 1, 0, 1]
(1, (1, 1, 0), (1, 1)): [2, 1, 0, 2]
(1, (1, 1, 0), (1, 2)): [3, 0, 0, 2]
(1, (1, 1, 0), (2, 1)): [0, 1]
(1, (1, 1, 0), (2, 2)): [1]
(1, (1, 1, 0), (3, 1)): [0, 1]
(1, (1, 1, 1), (0, 0)): [273, 190, 139, 90, 71, 21, 10, 5, 0, 0, 1]
(1, (1, 1, 1), (0, 1)): [0, 1, 1, 1]
(1, (1, 1, 1), (0, 2)): [0, 0, 1, 1]
(1, (1, 1, 1), (1, 1)): [0, 1]
(2, (0, 0, 0), (0, 0)): [10182, 440, 148, 42, 17, 8]
(2, (0, 0, 0), (0, 1)): [20, 1]
(2, (0, 0, 0), (0, 2)): [10]
(2, (0, 0, 0), (1, 0)): [32, 1]
(2, (0, 0, 0), (1, 1)): [21, 1]
(2, (0, 0, 0), (1, 2)): [10]
(2, (0, 0, 0), (2, 0)): [12, 1]
(2, (0, 0, 0), (2, 1)): [18]
(2, (0, 0, 0), (2, 2)): [9]
(2, (0, 0, 0), (3, 0)): [3, 1]
(2, (0, 0, 0), (3, 1)): [11, 1]
(2, (0, 0, 0), (3, 2)): [10, 1]
(2, (0, 0, 1), (0, 0)): [1356, 469, 72, 27, 6, 5, 2]
(2, (0, 0, 1), (0, 1)): [1]
(2, (0, 0, 1), (1, 0)): [1, 1]
(2, (0, 0, 1), (1, 1)): [1]
(2, (0, 0, 1), (1, 2)): [1]
(2, (0, 0, 1), (2, 0)): [1]
(2, (0, 0, 1), (2, 2)): [1]
(2, (0, 0, 1), (3, 0)): [1]
(2, (0, 0, 1), (3, 2)): [1]
(2, (0, 1, 0), (0, 0)): [2765, 675, 162, 66, 20, 6, 1, 2]
(2, (0, 1, 0), (0, 1)): [12, 2]
(2, (0, 1, 0), (0, 2)): [8, 2]
(2, (0, 1, 0), (1, 0)): [7]
(2, (0, 1, 0), (1, 1)): [7]
(2, (0, 1, 0), (1, 2)): [9, 1]
(2, (0, 1, 0), (2, 0)): [3]
(2, (0, 1, 0), (2, 1)): [3]
(2, (0, 1, 0), (2, 2)): [4, 1]
(2, (0, 1, 0), (3, 0)): [2]
(2, (0, 1, 0), (3, 1)): [3]
(2, (0, 1, 0), (3, 2)): [2]
(2, (0, 1, 1), (0, 0)): [744, 65, 177, 46, 14, 8, 2]
(2, (0, 1, 1), (0, 1)): [1, 0, 0, 0, 1]
(2, (0, 1, 1), (0, 2)): [0, 0, 0, 0, 1]
(2, (0, 1, 1), (1, 0)): [2]
(2, (0, 1, 1), (1, 1)): [2]
(2, (0, 1, 1), (1, 2)): [0, 0, 0, 0, 1]
(2, (0, 1, 1), (2, 1)): [1]
(2, (0, 1, 1), (2, 2)): [1]
(2, (0, 1, 1), (3, 2)): [1]
(2, (1, 0, 0), (0, 0)): [6226, 530, 294, 85, 33, 15, 3]
(2, (1, 0, 0), (0, 1)): [11]
(2, (1, 0, 0), (0, 2)): [5]
(2, (1, 0, 0), (1, 0)): [18, 1, 1]
(2, (1, 0, 0), (1, 1)): [10, 0, 1]
(2, (1, 0, 0), (1, 2)): [8]
(2, (1, 0, 0), (2, 0)): [6, 1]
(2, (1, 0, 0), (2, 1)): [2, 0, 1]
(2, (1, 0, 0), (2, 2)): [4, 0, 1]
(2, (1, 0, 0), (3, 0)): [3, 1]
(2, (1, 0, 0), (3, 1)): [2, 1]
(2, (1, 0, 0), (3, 2)): [3, 1]
(2, (1, 0, 1), (0, 0)): [1207, 304, 139, 69, 28, 12, 2]
(2, (1, 0, 1), (0, 1)): [3, 1]
(2, (1, 0, 1), (0, 2)): [1, 1]
(2, (1, 0, 1), (1, 0)): [6]
(2, (1, 0, 1), (1, 1)): [3]
(2, (1, 0, 1), (1, 2)): [2, 1]
(2, (1, 0, 1), (2, 0)): [3]
(2, (1, 0, 1), (2, 1)): [3]
(2, (1, 0, 1), (2, 2)): [3]
(2, (1, 0, 1), (3, 0)): [1]
(2, (1, 0, 1), (3, 1)): [1]
(2, (1, 0, 1), (3, 2)): [3]
(2, (1, 1, 0), (0, 0)): [2063, 332, 201, 118, 36, 14, 1, 0, 1, 1]
(2, (1, 1, 0), (0, 1)): [1]
(2, (1, 1, 0), (1, 0)): [5]
(2, (1, 1, 0), (1, 1)): [3]
(2, (1, 1, 0), (1, 2)): [1]
(2, (1, 1, 0), (2, 0)): [1]
(2, (1, 1, 0), (2, 1)): [1]
(2, (1, 1, 0), (2, 2)): [1]
(2, (1, 1, 0), (3, 0)): [1]
(2, (1, 1, 0), (3, 1)): [1]
(2, (1, 1, 0), (3, 2)): [1]
(2, (1, 1, 1), (0, 0)): [648, 85, 117, 58, 35, 13, 4, 2, 1]
(2, (1, 1, 1), (0, 1)): [1]
(2, (1, 1, 1), (0, 2)): [1]
(2, (1, 1, 1), (1, 0)): [4]
(2, (1, 1, 1), (1, 1)): [2]
(2, (1, 1, 1), (1, 2)): [2]
(2, (1, 1, 1), (2, 0)): [1]
(2, (1, 1, 1), (2, 1)): [2]
(2, (1, 1, 1), (2, 2)): [2]
