(0, (0, 0, 0)): [15195, 2837, 1388, 649, 317, 99, 63, 23, 11, 7, 1]
(0, (0, 0, 1)): [61, 169, 54, 25, 19, 5, 4, 2]
(0, (0, 1, 0)): [473, 444, 157, 96, 47, 18, 11, 3, 2, 2]
(0, (0, 1, 1)): [41, 64, 89, 45, 17, 4, 5, 1, 1]
(0, (1, 0, 0)): [3325, 994, 693, 337, 182, 65, 36, 13, 8, 2, 1]
(0, (1, 0, 1)): [56, 232, 88, 62, 32, 8, 6, 1, 0, 1]
(0, (1, 1, 0)): [470, 305, 210, 150, 95, 47, 14, 11, 7, 4, 1]
(0, (1, 1, 1)): [47, 102, 77, 70, 50, 15, 4, 6, 2, 1]
(1, (0, 0, 0)): [12211, 1270, 541, 229, 96, 21, 18, 5, 0, 1]
(1, (0, 0, 1)): [307, 387, 67, 43, 21, 3, 5, 0, 2]
(1, (0, 1, 0)): [1554, 658, 247, 116, 50, 12, 11, 5, 1]
(1, (0, 1, 1)): [240, 188, 164, 68, 55, 22, 8, 1, 1]
(1, (1, 0, 0)): [4794, 803, 543, 245, 101, 29, 19, 7, 1, 1]
(1, (1, 0, 1)): [335, 433, 123, 75, 43, 13, 12, 2, 2]
(1, (1, 1, 0)): [1431, 457, 303, 214, 84, 33, 13, 12, 1, 1]
(1, (1, 1, 1)): [315, 248, 164, 102, 78, 30, 12, 7, 2, 1]
(2, (0, 0, 0)): [10407, 466, 168, 58, 20, 6, 4]
(2, (0, 0, 1)): [817, 273, 41, 19, 9, 0, 0, 1]
(2, (0, 1, 0)): [2436, 529, 135, 69, 17, 8, 2]
(2, (0, 1, 1)): [560, 35, 121, 27, 17, 2, 2, 1]
(2, (1, 0, 0)): [5745, 386, 298, 95, 26, 6, 6]
(2, (1, 0, 1)): [885, 216, 73, 59, 21, 1, 2]
(2, (1, 1, 0)): [2663, 442, 234, 143, 36, 13, 9, 2]
(2, (1, 1, 1)): [742, 112, 139, 55, 41, 18, 9, 1]
