(0, (0, 0, 0)): [878233, 176463, 82639, 37782, 17077, 7437, 3070, 1295, 538, 242, 108, 48, 25, 6, 3, 1, 0, 1]
(0, (0, 0, 1)): [3882, 11995, 3306, 1560, 775, 343, 154, 82, 31, 19, 6, 1, 3, 1]
(0, (0, 1, 0)): [28890, 27803, 10829, 5136, 2544, 1111, 454, 200, 86, 49, 17, 5, 3, 0, 1]
(0, (0, 1, 1)): [2589, 4426, 5589, 2536, 1374, 624, 274, 130, 62, 30, 9, 6, 0, 2, 1, 0, 0, 1]
(0, (1, 0, 0)): [193401, 65293, 41365, 20484, 9855, 4485, 1900, 825, 353, 156, 73, 31, 15, 4, 2, 1, 0, 1]
(0, (1, 0, 1)): [4384, 13842, 5763, 3897, 2098, 981, 477, 202, 90, 38, 20, 10, 4, 0, 1, 0, 0, 1]
(0, (1, 1, 0)): [26291, 16980, 13360, 9308, 5028, 2381, 1042, 506, 199, 90, 45, 18, 7, 1]
(0, (1, 1, 1)): [2737, 4936, 4159, 3268, 2584, 1268, 605, 314, 133, 61, 33, 12, 2, 1, 1]
(1, (0, 0, 0)): [702556, 76446, 31721, 12585, 5004, 1934, 727, 285, 114, 43, 21, 11, 6, 2, 0, 1]
(1, (0, 0, 1)): [20353, 30490, 5984, 2509, 1078, 454, 178, 78, 35, 12, 6, 4, 4, 1]
(1, (0, 1, 0)): [96531, 45181, 15995, 6722, 2744, 1111, 376, 176, 52, 28, 15, 7, 6, 1, 1]
(1, (0, 1, 1)): [16306, 13511, 13037, 5106, 2578, 1018, 406, 159, 82, 22, 9, 4, 1, 2, 0, 1]
(1, (1, 0, 0)): [279285, 50764, 31786, 13740, 5624, 2271, 869, 325, 147, 62, 23, 16, 4, 2, 0, 2]
(1, (1, 0, 1)): [21690, 26857, 8887, 5788, 2503, 1048, 386, 164, 61, 43, 13, 3, 0, 1]
(1, (1, 1, 0)): [75086, 23584, 16502, 11312, 4916, 2082, 816, 326, 134, 56, 19, 10, 6, 4, 1]
(1, (1, 1, 1)): [15537, 12452, 8079, 5501, 3969, 1703, 704, 267, 111, 42, 15, 11, 6, 2, 1, 1]
(2, (0, 0, 0)): [606399, 26987, 9198, 2894, 1018, 338, 122, 40, 9, 3, 4, 0, 1]
(2, (0, 0, 1)): [59735, 19608, 3614, 1246, 445, 162, 48, 15, 2, 2, 0, 1]
(2, (0, 1, 0)): [155625, 34889, 8941, 3101, 1003, 338, 110, 28, 6, 2, 2, 0, 1]
(2, (0, 1, 1)): [37206, 3329, 8656, 2261, 894, 288, 105, 35, 11, 4, 3, 1, 0, 1]
(2, (1, 0, 0)): [341238, 25398, 15555, 4936, 1631, 520, 212, 61, 15, 8, 5, 0, 1]
(2, (1, 0, 1)): [55619, 14385, 5902, 3303, 1084, 363, 134, 44, 16, 4, 0, 2, 1]
(2, (1, 1, 0)): [129070, 20206, 10461, 6661, 2120, 732, 223, 78, 30, 13, 6, 1, 2, 1]
(2, (1, 1, 1)): [37748, 5652, 6373, 3280, 2290, 756, 251, 89, 34, 7, 5, 0, 1, 1]
