(0, (0, 0, 0), (0, 0)): [1276058, 253484, 116858, 53125, 23600, 10077, 4151, 1759, 700, 316, 139, 59, 28, 10, 3, 1, 0, 1]
(0, (0, 0, 0), (0, 1)): [23306, 4213, 1980, 876, 380, 160, 59, 35, 7, 5, 2, 0, 2, 1, 0, 1]
(0, (0, 0, 0), (0, 2)): [8576, 1359, 635, 276, 113, 42, 22, 13, 2, 1, 0, 0, 1]
(0, (0, 0, 0), (1, 0)): [21773, 4653, 2281, 1051, 522, 212, 96, 37, 14, 6, 3]
(0, (0, 0, 0), (1, 1)): [19751, 3770, 1836, 844, 394, 157, 55, 27, 7, 4, 4, 0, 1, 1, 0, 1]
(0, (0, 0, 0), (1, 2)): [12833, 2138, 978, 432, 213, 91, 27, 14, 5, 2, 0, 0, 2]
(0, (0, 0, 0), (2, 0)): [7280, 1741, 887, 446, 214, 97, 46, 18, 6, 2, 1]
(0, (0, 0, 0), (2, 1)): [10584, 2213, 1155, 539, 253, 103, 46, 23, 5, 1, 1, 0, 0, 1]
(0, (0, 0, 0), (2, 2)): [10171, 1843, 915, 421, 205, 89, 24, 12, 5, 3, 1, 0, 2]
(0, (0, 0, 0), (3, 0)): [2403, 632, 368, 209, 96, 51, 20, 8, 3, 0, 1]
(0, (0, 0, 0), (3, 1)): [4335, 1081, 630, 326, 136, 62, 28, 16, 4]
(0, (0, 0, 0), (3, 2)): [5864, 1235, 732, 344, 166, 67, 21, 12, 5, 2, 0, 0, 2]
(0, (0, 0, 1), (0, 0)): [5601, 16479, 4482, 2121, 1024, 433, 189, 94, 36, 20, 8, 1, 3, 2]
(0, (0, 0, 1), (0, 1)): [92, 240, 73, 26, 19, 7, 5, 1, 0, 1, 0, 0, 0, 1]
(0, (0, 0, 1), (0, 2)): [38, 95, 22, 7, 8, 1]
(0, (0, 0, 1), (1, 0)): [93, 232, 69, 43, 25, 11, 3, 2, 1]
(0, (0, 0, 1), (1, 1)): [83, 176, 59, 23, 20, 8, 6, 1, 0, 1, 0, 0, 0, 1]
(0, (0, 0, 1), (1, 2)): [55, 124, 37, 13, 11, 1, 3, 1, 0, 1]
(0, (0, 0, 1), (2, 0)): [36, 100, 29, 21, 8, 7, 1, 1, 1]
(0, (0, 0, 1), (2, 1)): [49, 105, 33, 20, 13, 5, 1]
(0, (0, 0, 1), (2, 2)): [55, 93, 29, 9, 12, 1, 2]
(0, (0, 0, 1), (3, 0)): [9, 45, 11, 8, 4, 4, 1, 1, 1]
(0, (0, 0, 1), (3, 1)): [22, 45, 16, 12, 7, 4, 0, 1]
(0, (0, 0, 1), (3, 2)): [32, 54, 17, 10, 10, 4, 1, 1]
(0, (0, 1, 0), (0, 0)): [44143, 40864, 15863, 7607, 3654, 1566, 664, 282, 114, 66, 23, 5, 3, 2, 1]
(0, (0, 1, 0), (0, 1)): [764, 607, 231, 105, 46, 23, 13, 6, 3]
(0, (0, 1, 0), (0, 2)): [303, 183, 84, 30, 14, 10, 4, 1, 1]
(0, (0, 1, 0), (1, 0)): [728, 636, 259, 138, 69, 29, 13, 4, 1]
(0, (0, 1, 0), (1, 1)): [631, 520, 207, 101, 39, 15, 11, 6]
(0, (0, 1, 0), (1, 2)): [418, 308, 120, 59, 24, 11, 6, 3, 1]
(0, (0, 1, 0), (2, 0)): [250, 234, 89, 54, 30, 18, 6, 0, 1]
(0, (0, 1, 0), (2, 1)): [318, 279, 113, 60, 22, 17, 7, 4]
(0, (0, 1, 0), (2, 2)): [325, 238, 106, 51, 18, 8, 7, 1, 1]
(0, (0, 1, 0), (3, 0)): [92, 83, 38, 29, 21, 6, 3, 0, 1]
(0, (0, 1, 0), (3, 1)): [128, 119, 57, 36, 21, 9, 3, 1]
(0, (0, 1, 0), (3, 2)): [199, 144, 72, 38, 20, 6, 7]
(0, (0, 1, 1), (0, 0)): [3826, 6345, 7722, 3574, 1885, 870, 373, 178, 87, 37, 10, 6, 1, 2, 1, 0, 0, 1]
(0, (0, 1, 1), (0, 1)): [60, 78, 116, 51, 28, 11, 8, 3, 2]
(0, (0, 1, 1), (0, 2)): [32, 29, 40, 18, 14, 6, 3, 2]
(0, (0, 1, 1), (1, 0)): [79, 135, 155, 84, 46, 19, 8, 7, 4, 0, 0, 1]
(0, (0, 1, 1), (1, 1)): [49, 77, 103, 55, 27, 7, 5, 3, 2]
(0, (0, 1, 1), (1, 2)): [34, 39, 56, 27, 20, 6, 3, 2, 1]
(0, (0, 1, 1), (2, 0)): [45, 74, 74, 41, 25, 14, 4, 5, 3, 0, 0, 1]
(0, (0, 1, 1), (2, 2)): [39, 41, 52, 21, 13, 5, 2, 2, 2]
(0, (0, 1, 1), (3, 0)): [28, 46, 39, 28, 19, 12, 2, 1, 0, 0, 0, 1]
(0, (0, 1, 1), (3, 2)): [20, 25, 41, 17, 11, 3, 2, 4, 3]
(0, (1, 0, 0), (0, 0)): [275925, 92185, 57848, 28557, 13514, 6058, 2533, 1105, 457, 207, 94, 38, 19, 4, 2, 1, 0, 1]
(0, (1, 0, 0), (0, 1)): [4893, 1331, 928, 465, 228, 100, 37, 17, 8, 1]
(0, (1, 0, 0), (0, 2)): [1863, 404, 301, 134, 67, 25, 15, 2, 5, 1]
(0, (1, 0, 0), (1, 0)): [4267, 1425, 1009, 489, 241, 99, 49, 20, 10, 6, 2, 1]
(0, (1, 0, 0), (1, 1)): [3611, 1071, 786, 375, 181, 72, 28, 17, 7, 4, 0, 1]
(0, (1, 0, 0), (1, 2)): [2322, 585, 442, 195, 96, 33, 19, 9, 4, 2]
(0, (1, 0, 0), (2, 0)): [1344, 467, 330, 189, 99, 45, 16, 10, 5, 2, 2]
(0, (1, 0, 0), (2, 1)): [1751, 548, 408, 213, 103, 48, 16, 7, 6, 3, 0, 1]
(0, (1, 0, 0), (2, 2)): [1633, 453, 333, 157, 84, 29, 16, 8, 5, 3]
(0, (1, 0, 0), (3, 0)): [392, 163, 122, 85, 50, 18, 5, 5, 0, 1, 1]
(0, (1, 0, 0), (3, 1)): [662, 232, 179, 118, 69, 24, 6, 3, 4, 1, 1, 1]
(0, (1, 0, 0), (3, 2)): [814, 273, 198, 108, 74, 23, 8, 6, 3, 3]
(0, (1, 0, 1), (0, 0)): [6584, 19580, 8088, 5493, 2911, 1322, 646, 270, 125, 50, 26, 12, 5, 1, 1, 0, 0, 1]
(0, (1, 0, 1), (0, 1)): [106, 301, 119, 82, 39, 20, 13, 4, 1, 0, 0, 0, 1]
(0, (1, 0, 1), (0, 2)): [40, 116, 29, 28, 15, 9, 5, 2, 1]
(0, (1, 0, 1), (1, 0)): [103, 321, 124, 93, 48, 26, 4, 4, 4, 1, 1]
(0, (1, 0, 1), (1, 1)): [91, 234, 90, 62, 33, 15, 8, 1, 2, 0, 1]
(0, (1, 0, 1), (1, 2)): [72, 140, 43, 32, 16, 11, 3, 2, 2]
(0, (1, 0, 1), (2, 0)): [36, 113, 51, 34, 18, 13, 0, 3, 1, 1]
(0, (1, 0, 1), (2, 1)): [29, 139, 57, 39, 21, 9, 2, 0, 2, 0, 1]
(0, (1, 0, 1), (2, 2)): [52, 114, 43, 26, 17, 7, 2, 2, 1, 0, 1]
(0, (1, 0, 1), (3, 0)): [19, 40, 20, 16, 8, 8, 0, 3]
(0, (1, 0, 1), (3, 1)): [14, 51, 22, 19, 11, 6, 1]
(0, (1, 0, 1), (3, 2)): [19, 56, 32, 15, 10, 6, 2, 0, 1, 0, 1]
(0, (1, 1, 0), (0, 0)): [37503, 24015, 18326, 12905, 6831, 3229, 1380, 662, 263, 127, 58, 24, 9, 1]
(0, (1, 1, 0), (0, 1)): [695, 381, 265, 204, 111, 45, 20, 12, 3, 0, 1, 1]
(0, (1, 1, 0), (0, 2)): [272, 134, 87, 62, 39, 14, 9, 6, 1]
(0, (1, 1, 0), (1, 0)): [561, 346, 272, 206, 102, 63, 25, 15, 3, 3]
(0, (1, 1, 0), (1, 1)): [477, 259, 212, 161, 69, 42, 16, 10, 3, 1, 1]
(0, (1, 1, 0), (1, 2)): [331, 150, 113, 85, 45, 20, 6, 10, 1, 1]
(0, (1, 1, 0), (2, 0)): [161, 111, 87, 71, 38, 24, 9, 7, 2, 1]
(0, (1, 1, 0), (2, 1)): [223, 133, 93, 89, 45, 24, 11, 5, 2, 1]
(0, (1, 1, 0), (2, 2)): [228, 118, 84, 68, 35, 19, 3, 7, 2, 2]
(0, (1, 1, 0), (3, 0)): [37, 39, 32, 26, 14, 8, 4, 4, 1]
(0, (1, 1, 0), (3, 1)): [77, 60, 42, 45, 18, 14, 10, 3, 2]
(0, (1, 1, 0), (3, 2)): [123, 71, 49, 46, 21, 13, 3, 5, 2]
(0, (1, 1, 1), (0, 0)): [3766, 6966, 5758, 4402, 3443, 1724, 801, 404, 174, 79, 39, 14, 4, 1, 1]
(0, (1, 1, 1), (0, 1)): [86, 113, 99, 62, 49, 30, 10, 5, 6, 2, 1, 1]
(0, (1, 1, 1), (0, 2)): [39, 49, 33, 21, 23, 8, 2, 1, 3, 0, 0, 1]
(0, (1, 1, 1), (1, 0)): [56, 127, 119, 86, 71, 38, 11, 12, 3, 0, 1, 1]
(0, (1, 1, 1), (1, 1)): [59, 94, 98, 64, 39, 28, 11, 7, 2, 1, 1]
(0, (1, 1, 1), (1, 2)): [48, 68, 52, 28, 20, 14, 3, 2, 4, 0, 0, 1]
(0, (1, 1, 1), (2, 0)): [15, 50, 30, 36, 34, 11, 3, 6, 1, 0, 1]
(0, (1, 1, 1), (2, 1)): [29, 46, 40, 37, 29, 15, 4, 5, 2]
(0, (1, 1, 1), (2, 2)): [30, 46, 38, 33, 16, 13, 3, 4, 1, 0, 0, 1]
(0, (1, 1, 1), (3, 1)): [5, 22, 14, 24, 11, 4, 1, 2, 1, 0, 1]
(0, (1, 1, 1), (3, 2)): [10, 17, 21, 25, 12, 9, 3, 2, 2, 0, 0, 1]
(1, (0, 0, 0), (0, 0)): [1029199, 110882, 45470, 17924, 6972, 2673, 1019, 398, 148, 59, 26, 14, 6, 3, 0, 1]
(1, (0, 0, 0), (0, 1)): [18922, 1888, 802, 294, 122, 34, 13, 9, 1, 0, 0, 0, 0, 1]
(1, (0, 0, 0), (0, 2)): [6962, 560, 232, 84, 35, 12, 1, 2]
(1, (0, 0, 0), (1, 0)): [18262, 2258, 965, 371, 153, 56, 25, 10, 0, 1, 0, 0, 0, 0, 0, 1]
(1, (0, 0, 0), (1, 1)): [16278, 1776, 725, 274, 118, 44, 20, 7, 1, 1, 0, 0, 0, 1]
(1, (0, 0, 0), (1, 2)): [10329, 909, 353, 150, 67, 32, 10, 2]
(1, (0, 0, 0), (2, 0)): [6355, 894, 431, 154, 60, 23, 10, 5, 0, 0, 0, 0, 0, 0, 0, 1]
(1, (0, 0, 0), (2, 1)): [8980, 1094, 474, 179, 80, 23, 11, 6, 0, 1]
(1, (0, 0, 0), (2, 2)): [8543, 840, 364, 143, 71, 33, 12, 4]
(1, (0, 0, 0), (3, 0)): [2050, 327, 208, 69, 29, 9, 6, 1, 0, 0, 0, 0, 0, 0, 0, 1]
(1, (0, 0, 0), (3, 1)): [3813, 592, 298, 110, 51, 9, 5, 3]
(1, (0, 0, 0), (3, 2)): [4919, 615, 304, 106, 57, 20, 12, 3]
(1, (0, 0, 1), (0, 0)): [29180, 41765, 8150, 3464, 1459, 583, 232, 99, 42, 15, 8, 4, 4, 1]
(1, (0, 0, 1), (0, 1)): [471, 508, 115, 37, 19, 7, 6, 1]
(1, (0, 0, 1), (0, 2)): [197, 173, 37, 8, 3, 1, 4]
(1, (0, 0, 1), (1, 0)): [500, 688, 141, 74, 30, 12, 6, 3, 1]
(1, (0, 0, 1), (1, 1)): [426, 472, 99, 43, 23, 6, 2, 3]
(1, (0, 0, 1), (1, 2)): [311, 261, 41, 16, 13, 2, 3]
(1, (0, 0, 1), (2, 0)): [216, 286, 60, 36, 15, 7, 5, 1, 1]
(1, (0, 0, 1), (2, 1)): [205, 292, 57, 27, 13, 7, 5, 3]
(1, (0, 0, 1), (2, 2)): [225, 226, 45, 18, 7, 2, 2, 1]
(1, (0, 0, 1), (3, 0)): [98, 119, 37, 25, 8, 3, 2, 1, 1]
(1, (0, 0, 1), (3, 1)): [111, 146, 26, 17, 7, 3, 3, 2]
(1, (0, 0, 1), (3, 2)): [142, 142, 34, 14, 6, 2, 3, 1]
(1, (0, 1, 0), (0, 0)): [140716, 63332, 22528, 9529, 3854, 1535, 524, 244, 67, 34, 20, 7, 8, 2, 1]
(1, (0, 1, 0), (0, 1)): [2237, 862, 313, 122, 41, 17, 7, 3, 1]
(1, (0, 1, 0), (0, 2)): [876, 304, 94, 27, 11, 6, 3]
(1, (0, 1, 0), (1, 0)): [2625, 1162, 410, 232, 108, 32, 12, 4, 0, 0, 1, 0, 0, 1]
(1, (0, 1, 0), (1, 1)): [1949, 741, 289, 130, 51, 21, 7, 4, 1, 0, 0, 0, 0, 1]
(1, (0, 1, 0), (1, 2)): [1290, 451, 168, 50, 17, 9, 5, 2]
(1, (0, 1, 0), (2, 0)): [1158, 509, 185, 122, 56, 16, 8, 3, 0, 0, 1]
(1, (0, 1, 0), (2, 1)): [1046, 433, 151, 93, 43, 14, 6, 3, 0, 0, 1, 0, 0, 1]
(1, (0, 1, 0), (2, 2)): [1015, 390, 144, 47, 29, 7, 3, 1]
(1, (0, 1, 0), (3, 0)): [627, 236, 81, 80, 40, 9, 5, 2]
(1, (0, 1, 0), (3, 1)): [549, 200, 74, 61, 29, 8, 3, 1, 0, 0, 0, 0, 0, 1]
(1, (0, 1, 0), (3, 2)): [606, 216, 95, 51, 27, 2, 4, 1, 0, 0, 0, 0, 0, 1]
(1, (0, 1, 1), (0, 0)): [23114, 18610, 17236, 6810, 3443, 1353, 535, 215, 103, 32, 10, 7, 1, 2, 0, 1]
(1, (0, 1, 1), (0, 1)): [320, 203, 174, 74, 34, 17, 7, 3]
(1, (0, 1, 1), (0, 2)): [161, 69, 58, 25, 9, 5, 3]
(1, (0, 1, 1), (1, 0)): [532, 406, 317, 155, 102, 38, 16, 10, 3, 1]
(1, (0, 1, 1), (1, 1)): [258, 179, 168, 65, 34, 10, 6, 4]
(1, (0, 1, 1), (1, 2)): [209, 98, 93, 46, 16, 6, 4]
(1, (0, 1, 1), (2, 0)): [348, 266, 182, 105, 80, 32, 13, 8, 3, 1]
(1, (0, 1, 1), (2, 1)): [145, 119, 97, 39, 19, 9, 7, 2]
(1, (0, 1, 1), (2, 2)): [146, 92, 86, 40, 20, 3, 2, 2]
(1, (0, 1, 1), (3, 0)): [284, 211, 134, 79, 70, 28, 9, 8, 3, 1]
(1, (0, 1, 1), (3, 2)): [89, 61, 46, 21, 12, 3, 1, 1]
(1, (1, 0, 0), (0, 0)): [397220, 70842, 44685, 18974, 7668, 3037, 1185, 436, 192, 77, 30, 20, 4, 3, 0, 2]
(1, (1, 0, 0), (0, 1)): [7003, 984, 731, 307, 117, 46, 19, 4, 1, 2]
(1, (1, 0, 0), (0, 2)): [2544, 303, 263, 86, 33, 13, 6, 1, 0, 2]
(1, (1, 0, 0), (1, 0)): [6715, 1222, 861, 393, 163, 57, 26, 9, 1, 2, 0, 0, 1, 0, 0, 1]
(1, (1, 0, 0), (1, 1)): [5562, 838, 621, 264, 104, 40, 16, 7, 1, 0, 0, 0, 0, 0, 0, 1]
(1, (1, 0, 0), (1, 2)): [3485, 446, 360, 129, 52, 18, 5, 5, 0, 1]
(1, (1, 0, 0), (2, 0)): [2197, 451, 329, 173, 65, 27, 10, 0, 1, 2, 0, 0, 1]
(1, (1, 0, 0), (2, 1)): [2837, 491, 381, 170, 68, 23, 12, 2, 2, 0, 0, 0, 0, 0, 0, 1]
(1, (1, 0, 0), (2, 2)): [2621, 376, 325, 121, 48, 14, 6, 3, 1, 1]
(1, (1, 0, 0), (3, 0)): [674, 162, 109, 77, 30, 12, 4, 0, 0, 2, 0, 0, 1]
(1, (1, 0, 0), (3, 1)): [1091, 268, 176, 100, 37, 14, 6, 1, 0, 1, 0, 0, 0, 0, 0, 1]
(1, (1, 0, 0), (3, 2)): [1332, 264, 193, 96, 32, 15, 5, 1, 1, 1, 0, 0, 0, 0, 0, 1]
(1, (1, 0, 1), (0, 0)): [31672, 37441, 12221, 7949, 3386, 1386, 540, 219, 78, 49, 13, 5, 0, 1]
(1, (1, 0, 1), (0, 1)): [579, 516, 143, 124, 56, 19, 10, 5, 3, 2]
(1, (1, 0, 1), (0, 2)): [254, 160, 53, 47, 8, 7, 4, 3, 0, 1]
(1, (1, 0, 1), (1, 0)): [564, 621, 196, 143, 76, 26, 9, 4, 0, 2]
(1, (1, 0, 1), (1, 1)): [448, 422, 120, 101, 55, 8, 9, 3, 2]
(1, (1, 0, 1), (1, 2)): [320, 228, 69, 61, 21, 8, 6, 3, 0, 1]
(1, (1, 0, 1), (2, 0)): [219, 213, 68, 46, 32, 15, 1, 1, 0, 1]
(1, (1, 0, 1), (2, 1)): [217, 221, 66, 53, 33, 8, 6, 1, 2]
(1, (1, 0, 1), (2, 2)): [216, 171, 57, 34, 22, 7, 6, 1, 1]
(1, (1, 0, 1), (3, 0)): [84, 84, 24, 21, 15, 7, 0, 0, 0, 1]
(1, (1, 0, 1), (3, 1)): [91, 102, 25, 27, 21, 7, 0, 1]
(1, (1, 0, 1), (3, 2)): [109, 96, 34, 27, 21, 10, 4, 2, 1]
(1, (1, 1, 0), (0, 0)): [108030, 33476, 22632, 15805, 6693, 2769, 1090, 440, 178, 68, 25, 13, 8, 5, 1]
(1, (1, 1, 0), (0, 1)): [1973, 530, 319, 251, 99, 35, 19, 5, 3]
(1, (1, 1, 0), (0, 2)): [792, 199, 106, 91, 30, 8, 4, 0, 1]
(1, (1, 1, 0), (1, 0)): [1767, 598, 419, 317, 139, 49, 25, 10, 1, 3, 0, 0, 2, 1]
(1, (1, 1, 0), (1, 1)): [1473, 427, 291, 210, 94, 33, 19, 8, 0, 2]
(1, (1, 1, 0), (1, 2)): [1054, 254, 163, 128, 48, 15, 8, 2]
(1, (1, 1, 0), (2, 0)): [598, 209, 140, 123, 53, 19, 8, 2, 1, 1, 0, 0, 2, 1]
(1, (1, 1, 0), (2, 1)): [742, 265, 172, 122, 51, 20, 12, 3, 0, 1, 0, 0, 1]
(1, (1, 1, 0), (2, 2)): [767, 211, 122, 93, 43, 13, 6, 1]
(1, (1, 1, 0), (3, 0)): [164, 79, 42, 43, 26, 11, 4, 2, 1, 1, 0, 0, 1]
(1, (1, 1, 0), (3, 1)): [308, 123, 81, 66, 33, 12, 10, 3, 0, 2, 0, 0, 1]
(1, (1, 1, 0), (3, 2)): [398, 128, 83, 58, 35, 14, 9, 4, 0, 2, 0, 0, 1]
(1, (1, 1, 1), (0, 0)): [22236, 17565, 11342, 7519, 5385, 2293, 937, 359, 146, 54, 20, 15, 6, 3, 1, 1]
(1, (1, 1, 1), (0, 1)): [461, 292, 181, 118, 99, 36, 17, 7, 3]
(1, (1, 1, 1), (0, 2)): [229, 103, 67, 37, 38, 12, 9, 1]
(1, (1, 1, 1), (1, 0)): [404, 300, 205, 133, 111, 45, 20, 6, 2, 2, 0, 1, 1]
(1, (1, 1, 1), (1, 1)): [336, 219, 149, 107, 88, 35, 8, 6, 1]
(1, (1, 1, 1), (1, 2)): [258, 118, 93, 64, 45, 27, 8, 3]
(1, (1, 1, 1), (2, 0)): [125, 114, 84, 51, 38, 19, 12, 3, 1, 1, 0, 1, 1]
(1, (1, 1, 1), (2, 1)): [164, 138, 89, 62, 50, 15, 11, 4, 1, 1, 0, 1]
(1, (1, 1, 1), (2, 2)): [175, 98, 75, 66, 43, 18, 8, 2]
(1, (1, 1, 1), (3, 0)): [28, 42, 28, 22, 11, 11, 4, 0, 1, 0, 0, 0, 1]
(1, (1, 1, 1), (3, 1)): [49, 76, 34, 30, 22, 10, 5, 3, 0, 0, 0, 0, 1]
(1, (1, 1, 1), (3, 2)): [88, 65, 40, 41, 28, 14, 3, 2]
(2, (0, 0, 0), (0, 0)): [890882, 39628, 13250, 4231, 1402, 463, 161, 50, 10, 5, 5, 0, 1]
(2, (0, 0, 0), (0, 1)): [16382, 679, 234, 63, 31, 9, 6, 1]
(2, (0, 0, 0), (0, 2)): [5919, 179, 49, 18, 8, 2, 1, 1]
(2, (0, 0, 0), (1, 0)): [16616, 967, 316, 97, 40, 12, 3, 0, 0, 0, 0, 0, 1]
(2, (0, 0, 0), (1, 1)): [14502, 713, 241, 56, 33, 8, 6]
(2, (0, 0, 0), (1, 2)): [9098, 314, 105, 29, 15, 5, 3]
(2, (0, 0, 0), (2, 0)): [6147, 376, 151, 56, 19, 6, 1, 0, 0, 0, 0, 0, 1]
(2, (0, 0, 0), (2, 1)): [8420, 449, 157, 52, 11, 6, 3]
(2, (0, 0, 0), (2, 2)): [7683, 323, 116, 35, 14, 7, 1]
(2, (0, 0, 0), (3, 0)): [2132, 149, 88, 29, 15, 3, 1, 0, 0, 0, 0, 0, 1]
(2, (0, 0, 0), (3, 1)): [3892, 233, 113, 37, 14, 6, 2]
(2, (0, 0, 0), (3, 2)): [4849, 258, 112, 31, 11, 6]
(2, (0, 0, 1), (0, 0)): [84008, 26479, 5054, 1725, 624, 209, 61, 20, 3, 2, 0, 1]
(2, (0, 0, 1), (0, 1)): [1346, 372, 77, 22, 12, 3, 1]
(2, (0, 0, 1), (0, 2)): [520, 104, 26, 4, 2, 1]
(2, (0, 0, 1), (1, 0)): [1610, 462, 106, 44, 12, 6, 0, 2]
(2, (0, 0, 1), (1, 1)): [1269, 311, 71, 20, 10, 2, 1, 1]
(2, (0, 0, 1), (1, 2)): [838, 160, 36, 10, 2, 1, 1]
(2, (0, 0, 1), (2, 0)): [696, 199, 49, 29, 7, 5, 0, 1]
(2, (0, 0, 1), (2, 1)): [733, 172, 50, 18, 10, 2, 0, 2]
(2, (0, 0, 1), (2, 2)): [691, 130, 43, 7, 3, 2, 1]
(2, (0, 0, 1), (3, 0)): [365, 90, 26, 18, 3, 4]
(2, (0, 0, 1), (3, 1)): [391, 96, 21, 16, 7, 2, 0, 1]
(2, (0, 0, 1), (3, 2)): [445, 98, 30, 10, 3, 1]
(2, (0, 1, 0), (0, 0)): [223082, 48304, 12651, 4403, 1422, 488, 152, 44, 9, 7, 5, 0, 1]
(2, (0, 1, 0), (0, 1)): [3442, 635, 165, 57, 19, 1, 1]
(2, (0, 1, 0), (0, 2)): [1284, 184, 43, 11, 6]
(2, (0, 1, 0), (1, 0)): [4542, 789, 315, 131, 33, 18, 5, 1, 0, 0, 0, 0, 1]
(2, (0, 1, 0), (1, 1)): [3201, 553, 193, 63, 17, 5, 3, 1]
(2, (0, 1, 0), (1, 2)): [2023, 279, 70, 35, 6]
(2, (0, 1, 0), (2, 0)): [2133, 359, 158, 89, 25, 12, 3, 0, 0, 0, 0, 0, 1]
(2, (0, 1, 0), (2, 1)): [1914, 348, 124, 47, 13, 9, 3, 1, 0, 0, 0, 0, 1]
(2, (0, 1, 0), (2, 2)): [1771, 263, 70, 38, 8, 4, 0, 1]
(2, (0, 1, 0), (3, 0)): [1210, 172, 91, 60, 17, 5, 2]
(2, (0, 1, 0), (3, 1)): [938, 169, 86, 31, 14, 5, 3, 0, 0, 0, 0, 0, 1]
(2, (0, 1, 0), (3, 2)): [1158, 180, 76, 34, 9, 5, 1, 0, 0, 0, 0, 0, 1]
(2, (0, 1, 1), (0, 0)): [51642, 4518, 11512, 3072, 1196, 378, 134, 46, 17, 4, 3, 1, 0, 1]
(2, (0, 1, 1), (0, 1)): [736, 60, 127, 30, 8, 3, 1, 3]
(2, (0, 1, 1), (0, 2)): [319, 23, 42, 11, 5, 1, 1]
(2, (0, 1, 1), (1, 0)): [1052, 106, 213, 75, 36, 7, 4, 0, 0, 0, 1]
(2, (0, 1, 1), (1, 1)): [673, 55, 121, 34, 7, 3, 1, 2]
(2, (0, 1, 1), (1, 2)): [453, 29, 67, 16, 5, 1, 2, 1]
(2, (0, 1, 1), (2, 0)): [534, 62, 107, 43, 28, 6, 1, 0, 0, 0, 1]
(2, (0, 1, 1), (2, 1)): [375, 33, 84, 19, 8, 4]
(2, (0, 1, 1), (2, 2)): [387, 30, 67, 19, 4, 4, 1, 1]
(2, (0, 1, 1), (3, 0)): [378, 46, 66, 29, 24, 5, 1, 0, 0, 0, 1]
(2, (0, 1, 1), (3, 1)): [198, 17, 40, 13, 5, 1]
(2, (0, 1, 1), (3, 2)): [254, 23, 55, 15, 5, 4, 0, 1]
(2, (1, 0, 0), (0, 0)): [482367, 35033, 22039, 7034, 2235, 718, 284, 79, 18, 10, 6, 0, 1]
(2, (1, 0, 0), (0, 1)): [8034, 445, 349, 93, 36, 10, 6, 1]
(2, (1, 0, 0), (0, 2)): [2893, 125, 91, 16, 13, 2, 1]
(2, (1, 0, 0), (1, 0)): [8370, 664, 480, 190, 45, 15, 7, 2, 0, 0, 0, 0, 1]
(2, (1, 0, 0), (1, 1)): [6621, 406, 328, 111, 26, 4, 4, 1]
(2, (1, 0, 0), (1, 2)): [4091, 194, 140, 48, 14, 3]
(2, (1, 0, 0), (2, 0)): [2856, 273, 162, 89, 20, 7, 4, 0, 0, 0, 0, 0, 1]
(2, (1, 0, 0), (2, 1)): [3422, 228, 180, 71, 23, 6, 2, 1, 0, 0, 0, 0, 1]
(2, (1, 0, 0), (2, 2)): [3137, 180, 136, 44, 18, 5, 1, 1]
(2, (1, 0, 0), (3, 0)): [928, 128, 51, 51, 6, 3, 3]
(2, (1, 0, 0), (3, 1)): [1470, 158, 86, 54, 9, 4, 2, 0, 0, 0, 0, 0, 1]
(2, (1, 0, 0), (3, 2)): [1747, 155, 92, 46, 11, 8, 1, 1, 0, 0, 0, 0, 1]
(2, (1, 0, 1), (0, 0)): [80858, 19985, 7961, 4607, 1481, 500, 175, 58, 21, 7, 0, 2, 1]
(2, (1, 0, 1), (0, 1)): [1429, 292, 114, 79, 25, 5, 2, 2, 0, 0, 0, 1]
(2, (1, 0, 1), (0, 2)): [571, 87, 33, 18, 10, 0, 0, 1]
(2, (1, 0, 1), (1, 0)): [1335, 293, 143, 108, 38, 15, 5]
(2, (1, 0, 1), (1, 1)): [1068, 223, 88, 78, 19, 10, 5, 1, 0, 0, 0, 1]
(2, (1, 0, 1), (1, 2)): [739, 118, 43, 34, 11, 5, 1, 2, 0, 0, 0, 1]
(2, (1, 0, 1), (2, 0)): [502, 104, 69, 35, 15, 5, 2]
(2, (1, 0, 1), (2, 1)): [593, 126, 48, 40, 16, 5, 1]
(2, (1, 0, 1), (2, 2)): [520, 90, 35, 25, 10, 3, 1, 2, 0, 0, 0, 1]
(2, (1, 0, 1), (3, 0)): [179, 33, 32, 14, 8, 2, 2]
(2, (1, 0, 1), (3, 1)): [276, 55, 34, 21, 7, 2, 3]
(2, (1, 0, 1), (3, 2)): [303, 61, 36, 15, 8, 3, 2, 2]
(2, (1, 1, 0), (0, 0)): [185375, 28586, 14463, 9573, 3043, 1008, 327, 107, 40, 18, 7, 1, 2, 1]
(2, (1, 1, 0), (0, 1)): [3319, 451, 207, 149, 43, 7, 5, 3, 0, 0, 0, 0, 1]
(2, (1, 1, 0), (0, 2)): [1326, 138, 61, 35, 11, 1, 2, 1]
(2, (1, 1, 0), (1, 0)): [3218, 496, 270, 224, 70, 23, 8, 2, 1, 1]
(2, (1, 1, 0), (1, 1)): [2680, 365, 167, 143, 34, 9, 4, 2, 1, 1, 0, 0, 1]
(2, (1, 1, 0), (1, 2)): [1843, 206, 92, 58, 14, 4, 2, 2]
(2, (1, 1, 0), (2, 0)): [1134, 190, 122, 92, 38, 13, 3, 1]
(2, (1, 1, 0), (2, 1)): [1434, 184, 117, 95, 27, 11, 4, 1, 1, 1, 0, 0, 1]
(2, (1, 1, 0), (2, 2)): [1375, 166, 77, 78, 16, 4, 4, 2, 1]
(2, (1, 1, 0), (3, 0)): [408, 75, 53, 36, 16, 6, 1]
(2, (1, 1, 0), (3, 1)): [632, 99, 76, 52, 15, 9, 2, 1, 0, 0, 0, 0, 1]
(2, (1, 1, 0), (3, 2)): [770, 102, 67, 55, 18, 4, 3, 2, 1]
(2, (1, 1, 1), (0, 0)): [53824, 7880, 9074, 4538, 3213, 1020, 346, 119, 40, 8, 6, 0, 1, 1]
(2, (1, 1, 1), (0, 1)): [1128, 114, 161, 79, 57, 9, 6, 3, 1, 0, 0, 0, 1]
(2, (1, 1, 1), (0, 2)): [522, 32, 41, 25, 16, 2, 2, 1, 1]
(2, (1, 1, 1), (1, 0)): [873, 244, 166, 101, 60, 26, 8, 1, 2, 0, 1]
(2, (1, 1, 1), (1, 1)): [823, 124, 135, 70, 46, 7, 4, 0, 0, 0, 1, 0, 1]
(2, (1, 1, 1), (1, 2)): [623, 55, 59, 34, 18, 4, 3, 1, 0, 0, 1]
(2, (1, 1, 1), (2, 0)): [249, 162, 47, 45, 31, 16, 4, 1, 1]
(2, (1, 1, 1), (2, 1)): [366, 110, 80, 40, 36, 10, 4, 0, 0, 0, 0, 0, 1]
(2, (1, 1, 1), (2, 2)): [407, 70, 57, 39, 21, 5, 3, 0, 0, 0, 1]
(2, (1, 1, 1), (3, 0)): [52, 110, 17, 26, 12, 8, 1, 0, 1]
(2, (1, 1, 1), (3, 1)): [117, 111, 32, 27, 26, 8, 4]
(2, (1, 1, 1), (3, 2)): [193, 95, 39, 42, 23, 8, 5, 0, 0, 0, 1]
