(0, (0, 0, 0)): [2577343, 527052, 242699, 111415, 50008, 21386, 8895, 3615, 1470, 637, 285, 132, 46, 24, 6, 1, 1, 1]
(0, (0, 0, 1)): [9094, 28406, 7807, 3829, 1833, 789, 351, 144, 57, 35, 20, 4, 4, 3]
(0, (0, 1, 0)): [95939, 89042, 35418, 17639, 8363, 3637, 1572, 647, 273, 140, 49, 20, 9, 6, 3, 0, 1]
(0, (0, 1, 1)): [7617, 13323, 15800, 7387, 3909, 1873, 806, 361, 178, 75, 27, 16, 4, 4, 2, 0, 1, 1]
(0, (1, 0, 0)): [534952, 174993, 115554, 57689, 27705, 12376, 5163, 2222, 935, 404, 195, 78, 28, 17, 4, 1, 1, 1]
(0, (1, 0, 1)): [12426, 37595, 15323, 11086, 5772, 2690, 1273, 520, 251, 104, 55, 20, 11, 3, 2, 0, 0, 1]
(0, (1, 1, 0)): [77282, 48211, 35468, 26234, 13966, 6536, 2798, 1291, 536, 247, 111, 48, 14, 6, 1, 0, 1]
(0, (1, 1, 1)): [7476, 14484, 11610, 8436, 6977, 3486, 1625, 775, 365, 154, 73, 28, 8, 4, 1, 0, 1]
(1, (0, 0, 0)): [2111963, 237088, 96653, 38532, 15055, 5730, 2220, 796, 280, 113, 42, 25, 8, 3, 0, 1]
(1, (0, 0, 1)): [55972, 80251, 16122, 7120, 2908, 1181, 461, 173, 79, 27, 15, 9, 4, 2]
(1, (0, 1, 0)): [281837, 121140, 45356, 19732, 7987, 3194, 1142, 484, 145, 73, 36, 10, 10, 2, 1]
(1, (0, 1, 1)): [43899, 37057, 31944, 13103, 6722, 2689, 1083, 429, 177, 61, 24, 10, 3, 2, 0, 1]
(1, (1, 0, 0)): [781222, 136117, 91298, 39071, 15915, 6323, 2477, 911, 355, 148, 58, 33, 7, 3, 0, 2]
(1, (1, 0, 1)): [63163, 71074, 22871, 15814, 6835, 2831, 1106, 442, 158, 85, 24, 10, 2, 1]
(1, (1, 1, 0)): [219488, 65503, 43669, 32416, 13638, 5667, 2221, 882, 337, 136, 54, 26, 10, 5, 1]
(1, (1, 1, 1)): [44860, 35843, 22319, 14513, 11321, 4848, 1974, 741, 298, 110, 38, 22, 9, 4, 1, 1]
(2, (0, 0, 0)): [1847465, 88326, 29080, 9300, 3109, 957, 329, 113, 21, 10, 5, 1, 1]
(2, (0, 0, 1)): [172169, 49850, 10682, 3690, 1282, 438, 132, 47, 10, 7, 1, 2]
(2, (0, 1, 0)): [454641, 92781, 26438, 9395, 3150, 1003, 324, 98, 24, 14, 7, 0, 1]
(2, (0, 1, 1)): [106513, 8840, 21877, 6447, 2539, 842, 275, 86, 26, 7, 5, 1, 0, 1]
(2, (1, 0, 0)): [945863, 68037, 46421, 14872, 4871, 1545, 573, 174, 41, 17, 7, 2, 1]
(2, (1, 0, 1)): [166726, 38410, 15231, 9884, 3286, 1049, 361, 113, 36, 14, 2, 4, 2]
(2, (1, 1, 0)): [370338, 54964, 27908, 20065, 6466, 2063, 691, 237, 71, 34, 12, 4, 2, 1]
(2, (1, 1, 1)): [110580, 16116, 18211, 9105, 7048, 2183, 741, 249, 83, 23, 10, 4, 1, 1]
