(0, (0, 0, 0), (0, 0)): [1612104, 322258, 147488, 66787, 29648, 12542, 5166, 2129, 857, 381, 165, 68, 32, 11, 4, 1, 0, 1]
(0, (0, 0, 0), (0, 1)): [88340, 16143, 7193, 3188, 1295, 551, 222, 83, 33, 17, 8, 0, 2, 1, 0, 1]
(0, (0, 0, 0), (0, 2)): [32863, 5332, 2335, 981, 399, 175, 68, 28, 15, 4, 1, 0, 1]
(0, (0, 0, 0), (1, 0)): [81728, 17451, 8127, 3734, 1747, 678, 303, 122, 51, 16, 8, 0, 0, 1, 1]
(0, (0, 0, 0), (1, 1)): [76079, 14696, 6714, 3016, 1325, 529, 232, 83, 33, 11, 11, 0, 1, 1, 0, 1]
(0, (0, 0, 0), (1, 2)): [50508, 8615, 3829, 1596, 729, 316, 118, 46, 20, 7, 2, 0, 2]
(0, (0, 0, 0), (2, 0)): [26688, 6326, 3118, 1500, 715, 263, 124, 59, 21, 7, 4, 0, 0, 0, 1]
(0, (0, 0, 0), (2, 1)): [40092, 8409, 4089, 1900, 856, 328, 159, 72, 26, 5, 6, 0, 0, 1]
(0, (0, 0, 0), (2, 2)): [40094, 7335, 3456, 1537, 683, 266, 102, 38, 24, 8, 1, 0, 2]
(0, (0, 0, 0), (3, 0)): [8047, 2282, 1238, 656, 301, 118, 54, 19, 8, 3, 2, 0, 0, 0, 1]
(0, (0, 0, 0), (3, 1)): [15518, 3976, 2048, 1032, 467, 185, 90, 41, 16, 3, 2, 0, 0, 0, 1]
(0, (0, 0, 0), (3, 2)): [21313, 4640, 2513, 1102, 524, 213, 80, 36, 18, 7, 2, 0, 2, 0, 1]
(0, (0, 0, 1), (0, 0)): [6706, 20115, 5490, 2584, 1242, 516, 234, 108, 39, 23, 11, 3, 3, 2]
(0, (0, 0, 1), (0, 1)): [281, 809, 237, 92, 46, 13, 7, 5, 2, 1, 1, 0, 0, 1]
(0, (0, 0, 1), (0, 2)): [117, 321, 78, 36, 18, 4, 0, 1, 2]
(0, (0, 0, 1), (1, 0)): [286, 953, 259, 133, 69, 29, 12, 7, 1, 1, 2]
(0, (0, 0, 1), (1, 1)): [263, 734, 212, 83, 49, 17, 9, 5, 0, 1, 2, 0, 0, 1]
(0, (0, 0, 1), (1, 2)): [192, 492, 129, 51, 27, 9, 3, 4, 2, 1, 1]
(0, (0, 0, 1), (2, 0)): [107, 383, 105, 62, 27, 15, 3, 4, 1, 1]
(0, (0, 0, 1), (2, 1)): [148, 424, 142, 65, 38, 10, 4, 3, 0, 1, 1]
(0, (0, 0, 1), (2, 2)): [170, 427, 126, 45, 37, 9, 3, 0, 1, 1, 1]
(0, (0, 0, 1), (3, 0)): [32, 140, 35, 22, 10, 8, 3, 1, 1]
(0, (0, 0, 1), (3, 1)): [64, 193, 58, 38, 18, 8, 0, 3]
(0, (0, 0, 1), (3, 2)): [96, 248, 71, 39, 30, 5, 1, 1, 1, 1, 1]
(0, (0, 1, 0), (0, 0)): [57414, 53557, 20786, 9976, 4748, 2041, 862, 364, 149, 83, 29, 7, 3, 3, 2]
(0, (0, 1, 0), (0, 1)): [3130, 2805, 1047, 459, 203, 94, 50, 21, 8, 3]
(0, (0, 1, 0), (0, 2)): [1249, 944, 346, 134, 70, 32, 25, 7, 4, 1]
(0, (0, 1, 0), (1, 0)): [3106, 3023, 1250, 596, 268, 124, 42, 22, 6, 2, 1, 1, 0, 1, 1]
(0, (0, 1, 0), (1, 1)): [2700, 2464, 996, 458, 183, 85, 31, 20, 2, 3]
(0, (0, 1, 0), (1, 2)): [1874, 1462, 584, 250, 109, 47, 23, 15, 1, 2]
(0, (0, 1, 0), (2, 0)): [1159, 1092, 456, 232, 101, 58, 18, 9, 3, 1, 1, 1, 0, 1]
(0, (0, 1, 0), (2, 1)): [1474, 1377, 577, 267, 108, 65, 22, 10, 1, 2, 1, 0, 0, 1]
(0, (0, 1, 0), (2, 2)): [1617, 1199, 543, 215, 94, 39, 21, 9, 2, 1, 1]
(0, (0, 1, 0), (3, 0)): [396, 319, 161, 95, 47, 23, 11, 7, 3, 0, 0, 1]
(0, (0, 1, 0), (3, 1)): [627, 567, 252, 159, 61, 37, 13, 8, 0, 0, 0, 1, 0, 1]
(0, (0, 1, 0), (3, 2)): [921, 723, 346, 160, 73, 28, 20, 4, 1, 1, 1]
(0, (0, 1, 1), (0, 0)): [4752, 8133, 9717, 4490, 2359, 1098, 472, 210, 106, 47, 11, 6, 2, 2, 1, 0, 0, 1]
(0, (0, 1, 1), (0, 1)): [257, 385, 453, 201, 105, 48, 25, 7, 3, 2, 1]
(0, (0, 1, 1), (0, 2)): [127, 143, 162, 73, 36, 15, 12, 2, 1, 1]
(0, (0, 1, 1), (1, 0)): [249, 503, 579, 279, 149, 62, 28, 11, 8, 2, 0, 1]
(0, (0, 1, 1), (1, 1)): [205, 380, 424, 196, 106, 40, 18, 9, 2, 1, 1]
(0, (0, 1, 1), (1, 2)): [167, 221, 230, 103, 69, 22, 14, 3, 2, 1]
(0, (0, 1, 1), (2, 0)): [116, 223, 242, 127, 76, 38, 13, 6, 5, 2, 0, 1]
(0, (0, 1, 1), (2, 1)): [115, 221, 257, 118, 56, 24, 9, 9, 4, 2]
(0, (0, 1, 1), (2, 2)): [137, 196, 193, 92, 48, 20, 11, 6, 2, 1]
(0, (0, 1, 1), (3, 0)): [63, 107, 102, 63, 53, 29, 6, 2, 1, 1, 0, 1]
(0, (0, 1, 1), (3, 1)): [50, 91, 106, 55, 42, 8, 4, 2, 3, 1]
(0, (0, 1, 1), (3, 2)): [72, 105, 128, 62, 36, 18, 5, 6, 4]
(0, (1, 0, 0), (0, 0)): [343963, 115521, 72456, 35649, 16911, 7503, 3129, 1336, 558, 253, 115, 42, 22, 5, 3, 1, 0, 1]
(0, (1, 0, 0), (0, 1)): [17256, 5164, 3283, 1526, 744, 334, 124, 63, 23, 6]
(0, (1, 0, 0), (0, 2)): [6242, 1652, 1090, 463, 237, 88, 44, 13, 9, 2]
(0, (1, 0, 0), (1, 0)): [15646, 5624, 3710, 1841, 892, 372, 176, 66, 30, 17, 11, 1, 0, 1, 1]
(0, (1, 0, 0), (1, 1)): [13146, 4205, 2718, 1323, 635, 286, 113, 48, 17, 8, 4, 1]
(0, (1, 0, 0), (1, 2)): [8245, 2328, 1524, 698, 352, 137, 68, 24, 10, 5]
(0, (1, 0, 0), (2, 0)): [4841, 1847, 1256, 709, 350, 147, 73, 33, 12, 7, 7, 0, 0, 1]
(0, (1, 0, 0), (2, 1)): [6357, 2144, 1475, 775, 369, 168, 63, 28, 10, 7, 4, 1, 0, 1]
(0, (1, 0, 0), (2, 2)): [5882, 1782, 1196, 547, 284, 110, 61, 24, 11, 7, 2]
(0, (1, 0, 0), (3, 0)): [1272, 563, 410, 288, 143, 53, 30, 15, 5, 2, 3]
(0, (1, 0, 0), (3, 1)): [2247, 884, 610, 418, 213, 79, 31, 14, 7, 2, 3, 1, 0, 1]
(0, (1, 0, 0), (3, 2)): [2832, 993, 682, 370, 210, 75, 32, 18, 6, 3, 1]
(0, (1, 0, 1), (0, 0)): [8215, 24831, 10170, 6966, 3651, 1670, 791, 321, 159, 61, 34, 15, 5, 1, 2, 0, 0, 1]
(0, (1, 0, 1), (0, 1)): [403, 1203, 475, 313, 165, 80, 34, 10, 9, 1, 1, 0, 1]
(0, (1, 0, 1), (0, 2)): [183, 428, 159, 105, 48, 29, 12, 4, 4]
(0, (1, 0, 1), (1, 0)): [377, 1285, 498, 370, 177, 92, 29, 14, 8, 3, 3, 0, 0, 0, 1]
(0, (1, 0, 1), (1, 1)): [324, 925, 379, 260, 135, 56, 23, 9, 5, 0, 3]
(0, (1, 0, 1), (1, 2)): [260, 549, 218, 137, 72, 27, 14, 5, 4]
(0, (1, 0, 1), (2, 0)): [133, 449, 177, 130, 72, 47, 11, 6, 2, 2, 1]
(0, (1, 0, 1), (2, 1)): [144, 494, 210, 142, 74, 38, 14, 4, 6, 0, 2]
(0, (1, 0, 1), (2, 2)): [188, 425, 171, 102, 60, 21, 13, 7, 2, 0, 2]
(0, (1, 0, 1), (3, 0)): [47, 144, 65, 39, 29, 21, 2, 4, 0, 1, 1]
(0, (1, 0, 1), (3, 1)): [50, 164, 78, 64, 46, 20, 4, 2, 2, 1]
(0, (1, 0, 1), (3, 2)): [85, 187, 103, 63, 51, 22, 6, 4, 4, 1, 2]
(0, (1, 1, 0), (0, 0)): [47259, 30109, 22629, 16009, 8526, 3971, 1690, 796, 321, 152, 71, 24, 10, 3]
(0, (1, 1, 0), (0, 1)): [2586, 1418, 990, 704, 416, 162, 77, 32, 8, 4, 3, 1]
(0, (1, 1, 0), (0, 2)): [1041, 475, 324, 224, 133, 53, 29, 11, 3, 1, 1]
(0, (1, 1, 0), (1, 0)): [2076, 1348, 995, 741, 389, 200, 89, 42, 17, 6, 2, 0, 0, 2]
(0, (1, 1, 0), (1, 1)): [1823, 1033, 776, 575, 317, 147, 62, 29, 8, 5, 3, 0, 0, 1]
(0, (1, 1, 0), (1, 2)): [1283, 643, 449, 344, 181, 64, 30, 18, 2, 4, 1, 0, 0, 1]
(0, (1, 1, 0), (2, 0)): [599, 424, 346, 249, 137, 67, 38, 16, 9, 2, 0, 0, 0, 1]
(0, (1, 1, 0), (2, 1)): [827, 513, 400, 309, 174, 82, 42, 14, 7, 3, 2]
(0, (1, 1, 0), (2, 2)): [877, 463, 341, 262, 145, 60, 30, 15, 4, 4, 1]
(0, (1, 1, 0), (3, 0)): [144, 135, 122, 80, 51, 28, 13, 9, 5, 1, 0, 0, 0, 1]
(0, (1, 1, 0), (3, 1)): [295, 210, 169, 129, 82, 46, 26, 9, 4, 1, 1]
(0, (1, 1, 0), (3, 2)): [404, 227, 194, 166, 96, 41, 20, 12, 4, 0, 1]
(0, (1, 1, 1), (0, 0)): [4580, 8661, 7112, 5345, 4231, 2102, 971, 472, 211, 94, 46, 15, 5, 2, 1]
(0, (1, 1, 1), (0, 1)): [252, 428, 368, 218, 200, 94, 44, 18, 12, 5, 1, 1, 1, 1]
(0, (1, 1, 1), (0, 2)): [119, 178, 138, 72, 75, 39, 14, 5, 6, 1, 0, 1, 1]
(0, (1, 1, 1), (1, 0)): [194, 415, 357, 273, 217, 113, 43, 18, 8, 2, 3, 1]
(0, (1, 1, 1), (1, 1)): [180, 341, 295, 194, 164, 76, 38, 17, 4, 5, 3, 0, 0, 1]
(0, (1, 1, 1), (1, 2)): [152, 242, 184, 110, 97, 42, 14, 9, 6, 1, 0, 1, 0, 1]
(0, (1, 1, 1), (2, 0)): [59, 131, 113, 101, 84, 45, 12, 9, 5, 0, 1]
(0, (1, 1, 1), (2, 1)): [88, 154, 138, 114, 81, 41, 20, 10, 5, 2, 1]
(0, (1, 1, 1), (2, 2)): [87, 176, 136, 97, 72, 36, 13, 8, 1, 2, 0, 1]
(0, (1, 1, 1), (3, 0)): [13, 40, 36, 37, 27, 19, 6, 4, 2, 0, 1]
(0, (1, 1, 1), (3, 1)): [28, 67, 61, 59, 31, 17, 11, 2, 2, 0, 1]
(0, (1, 1, 1), (3, 2)): [37, 78, 74, 66, 49, 23, 12, 5, 3, 0, 0, 1]
(1, (0, 0, 0), (0, 0)): [1307689, 141739, 57778, 22768, 8780, 3302, 1277, 470, 174, 68, 28, 15, 7, 3, 0, 1]
(1, (0, 0, 0), (0, 1)): [72687, 7041, 2813, 1121, 423, 133, 38, 25, 7, 0, 0, 0, 0, 1]
(1, (0, 0, 0), (0, 2)): [27136, 2214, 864, 337, 126, 41, 7, 5]
(1, (0, 0, 0), (1, 0)): [69689, 8315, 3409, 1360, 515, 164, 77, 22, 5, 4, 1, 0, 0, 0, 0, 1]
(1, (0, 0, 0), (1, 1)): [64092, 6679, 2706, 1066, 405, 131, 52, 24, 7, 1, 0, 0, 0, 1]
(1, (0, 0, 0), (1, 2)): [42123, 3657, 1473, 586, 235, 84, 23, 9, 2]
(1, (0, 0, 0), (2, 0)): [23400, 3216, 1418, 557, 216, 69, 37, 9, 0, 3, 1, 0, 0, 0, 0, 1]
(1, (0, 0, 0), (2, 1)): [34351, 4065, 1730, 673, 244, 81, 26, 11, 2, 3, 1]
(1, (0, 0, 0), (2, 2)): [34040, 3318, 1388, 562, 222, 82, 25, 8, 3, 0, 1]
(1, (0, 0, 0), (3, 0)): [7057, 1108, 620, 223, 104, 32, 23, 3, 0, 1, 0, 0, 0, 0, 0, 1]
(1, (0, 0, 0), (3, 1)): [13821, 2044, 977, 383, 163, 44, 22, 6, 1, 2]
(1, (0, 0, 0), (3, 2)): [18595, 2288, 1063, 424, 185, 52, 24, 5, 2, 0, 1]
(1, (0, 0, 1), (0, 0)): [36669, 52711, 10373, 4384, 1816, 727, 283, 114, 49, 20, 11, 5, 4, 1]
(1, (0, 0, 1), (0, 1)): [1889, 2200, 467, 158, 66, 24, 11, 4, 0, 0, 1]
(1, (0, 0, 1), (0, 2)): [798, 720, 146, 40, 24, 6, 5, 1]
(1, (0, 0, 1), (1, 0)): [1998, 3028, 607, 289, 106, 45, 18, 5, 3, 2]
(1, (0, 0, 1), (1, 1)): [1752, 2182, 444, 182, 68, 22, 5, 4, 0, 1, 1]
(1, (0, 0, 1), (1, 2)): [1264, 1224, 223, 82, 37, 13, 3, 1]
(1, (0, 0, 1), (2, 0)): [823, 1211, 277, 136, 57, 24, 14, 1, 3, 1]
(1, (0, 0, 1), (2, 1)): [968, 1294, 272, 125, 52, 18, 11, 3, 0, 0, 1]
(1, (0, 0, 1), (2, 2)): [1066, 1075, 206, 97, 36, 11, 4, 2, 0, 0, 1]
(1, (0, 0, 1), (3, 0)): [388, 510, 138, 77, 29, 13, 5, 1, 1]
(1, (0, 0, 1), (3, 1)): [419, 587, 140, 66, 24, 9, 7, 2]
(1, (0, 0, 1), (3, 2)): [629, 655, 153, 76, 33, 8, 6, 2, 0, 0, 1]
(1, (0, 1, 0), (0, 0)): [178935, 79451, 28405, 12175, 4844, 1911, 652, 299, 93, 41, 23, 9, 9, 2, 1]
(1, (0, 1, 0), (0, 1)): [9144, 3583, 1219, 515, 185, 69, 21, 12, 3, 2, 2]
(1, (0, 1, 0), (0, 2)): [3522, 1240, 397, 159, 51, 21, 6, 2]
(1, (0, 1, 0), (1, 0)): [10420, 4485, 1658, 842, 332, 126, 41, 20, 10, 1, 1, 0, 0, 1]
(1, (0, 1, 0), (1, 1)): [8372, 3242, 1135, 548, 201, 80, 22, 13, 6, 1, 1, 0, 0, 1]
(1, (0, 1, 0), (1, 2)): [5533, 1923, 681, 277, 82, 33, 10, 8, 2, 1]
(1, (0, 1, 0), (2, 0)): [4484, 1903, 761, 450, 174, 66, 27, 14, 5, 0, 1]
(1, (0, 1, 0), (2, 1)): [4706, 1932, 681, 378, 156, 59, 22, 9, 2, 0, 1, 0, 0, 1]
(1, (0, 1, 0), (2, 2)): [4629, 1669, 584, 258, 92, 33, 11, 5, 3]
(1, (0, 1, 0), (3, 0)): [2149, 824, 352, 284, 107, 37, 13, 10, 5]
(1, (0, 1, 0), (3, 1)): [2225, 852, 351, 242, 113, 39, 15, 6, 4, 0, 0, 0, 0, 1]
(1, (0, 1, 0), (3, 2)): [2718, 991, 403, 229, 102, 24, 10, 6, 1, 0, 0, 0, 0, 1]
(1, (0, 1, 1), (0, 0)): [28459, 23386, 21077, 8358, 4263, 1662, 655, 253, 120, 41, 12, 7, 2, 2, 0, 1]
(1, (0, 1, 1), (0, 1)): [1231, 897, 795, 295, 129, 47, 24, 7, 1, 1]
(1, (0, 1, 1), (0, 2)): [574, 294, 274, 101, 48, 13, 9, 2, 0, 1]
(1, (0, 1, 1), (1, 0)): [1803, 1580, 1192, 502, 332, 106, 50, 19, 7, 2]
(1, (0, 1, 1), (1, 1)): [1084, 816, 720, 269, 133, 41, 21, 9, 1, 1]
(1, (0, 1, 1), (1, 2)): [846, 462, 451, 151, 79, 26, 12, 3, 1, 1]
(1, (0, 1, 1), (2, 0)): [1088, 923, 667, 312, 231, 82, 37, 13, 6, 1]
(1, (0, 1, 1), (2, 1)): [570, 482, 387, 164, 86, 25, 16, 4, 0, 1]
(1, (0, 1, 1), (2, 2)): [677, 406, 371, 132, 71, 20, 5, 3, 1, 1]
(1, (0, 1, 1), (3, 0)): [830, 679, 442, 232, 189, 71, 32, 12, 6, 1]
(1, (0, 1, 1), (3, 1)): [249, 219, 175, 76, 46, 19, 11, 3]
(1, (0, 1, 1), (3, 2)): [387, 253, 196, 80, 47, 17, 4, 4, 1, 1]
(1, (1, 0, 0), (0, 0)): [496294, 88627, 56085, 23717, 9565, 3763, 1479, 526, 222, 94, 33, 22, 5, 3, 0, 2]
(1, (1, 0, 0), (0, 1)): [24783, 3814, 2477, 1074, 392, 145, 73, 17, 3, 5]
(1, (1, 0, 0), (0, 2)): [8903, 1174, 806, 325, 113, 50, 24, 6, 1, 3]
(1, (1, 0, 0), (1, 0)): [24608, 4786, 3149, 1329, 524, 200, 76, 31, 8, 5, 1, 0, 1, 0, 0, 1]
(1, (1, 0, 0), (1, 1)): [20180, 3380, 2229, 952, 337, 132, 61, 17, 4, 2, 1, 0, 0, 0, 0, 1]
(1, (1, 0, 0), (1, 2)): [12568, 1791, 1264, 462, 158, 69, 28, 11, 1, 2, 1]
(1, (1, 0, 0), (2, 0)): [7976, 1708, 1140, 540, 218, 88, 32, 9, 5, 3, 0, 0, 1]
(1, (1, 0, 0), (2, 1)): [10168, 1896, 1258, 594, 209, 87, 44, 6, 4, 0, 0, 0, 0, 0, 0, 1]
(1, (1, 0, 0), (2, 2)): [9353, 1491, 1048, 436, 152, 61, 31, 7, 2, 1, 1]
(1, (1, 0, 0), (3, 0)): [2265, 574, 337, 215, 93, 40, 8, 4, 1, 3, 0, 0, 1]
(1, (1, 0, 0), (3, 1)): [3819, 899, 530, 301, 122, 48, 15, 6, 1, 2, 0, 0, 0, 0, 0, 1]
(1, (1, 0, 0), (3, 2)): [4563, 936, 587, 317, 105, 47, 20, 3, 3, 2, 1, 0, 0, 0, 0, 1]
(1, (1, 0, 1), (0, 0)): [39954, 46622, 15079, 9955, 4267, 1723, 683, 263, 88, 58, 16, 6, 0, 1]
(1, (1, 0, 1), (0, 1)): [2216, 1995, 649, 426, 186, 69, 28, 7, 5, 6]
(1, (1, 0, 1), (0, 2)): [957, 612, 220, 138, 51, 23, 10, 5, 2, 3]
(1, (1, 0, 1), (1, 0)): [2002, 2332, 784, 504, 240, 82, 33, 11, 3, 4]
(1, (1, 0, 1), (1, 1)): [1718, 1606, 532, 377, 151, 46, 25, 5, 3, 3]
(1, (1, 0, 1), (1, 2)): [1242, 907, 309, 212, 76, 33, 10, 7, 2, 3]
(1, (1, 0, 1), (2, 0)): [705, 805, 286, 181, 101, 40, 11, 4, 2, 2]
(1, (1, 0, 1), (2, 1)): [837, 808, 289, 208, 97, 27, 14, 3, 4, 1]
(1, (1, 0, 1), (2, 2)): [861, 670, 258, 149, 75, 23, 11, 4, 4, 2]
(1, (1, 0, 1), (3, 0)): [241, 286, 103, 59, 46, 21, 5, 1, 0, 1]
(1, (1, 0, 1), (3, 1)): [300, 340, 135, 96, 48, 21, 3, 2, 0, 1]
(1, (1, 0, 1), (3, 2)): [418, 365, 154, 106, 53, 22, 7, 5, 2, 2]
(1, (1, 1, 0), (0, 0)): [135903, 41887, 27999, 19772, 8271, 3392, 1319, 543, 217, 81, 26, 15, 9, 5, 1]
(1, (1, 1, 0), (0, 1)): [7368, 1968, 1187, 906, 371, 146, 54, 25, 7, 2]
(1, (1, 1, 0), (0, 2)): [2975, 698, 398, 306, 117, 45, 19, 7, 2]
(1, (1, 1, 0), (1, 0)): [6420, 2167, 1476, 1055, 452, 177, 73, 32, 9, 3, 0, 0, 2, 1]
(1, (1, 1, 0), (1, 1)): [5612, 1655, 1091, 788, 331, 125, 46, 24, 3, 4]
(1, (1, 1, 0), (1, 2)): [3968, 979, 615, 464, 192, 60, 27, 14, 1, 1]
(1, (1, 1, 0), (2, 0)): [2075, 764, 509, 389, 178, 82, 34, 15, 6, 1, 0, 0, 2, 1]
(1, (1, 1, 0), (2, 1)): [2773, 938, 619, 416, 176, 85, 33, 13, 7, 1, 0, 0, 1]
(1, (1, 1, 0), (2, 2)): [2942, 790, 490, 357, 156, 65, 18, 6, 1, 1]
(1, (1, 1, 0), (3, 0)): [523, 288, 165, 113, 81, 34, 12, 8, 2, 1, 0, 0, 1]
(1, (1, 1, 0), (3, 1)): [1043, 451, 299, 186, 106, 34, 23, 10, 5, 2, 0, 0, 1]
(1, (1, 1, 0), (3, 2)): [1419, 507, 323, 189, 116, 43, 21, 9, 3, 3, 0, 0, 1]
(1, (1, 1, 1), (0, 0)): [27632, 22094, 14055, 9197, 6689, 2820, 1144, 433, 187, 66, 20, 15, 8, 3, 1, 1]
(1, (1, 1, 1), (0, 1)): [1559, 1076, 695, 411, 310, 115, 49, 22, 12, 1]
(1, (1, 1, 1), (0, 2)): [740, 362, 243, 155, 102, 38, 21, 5, 3, 1]
(1, (1, 1, 1), (1, 0)): [1261, 1125, 677, 410, 333, 144, 71, 18, 9, 3, 0, 1, 1]
(1, (1, 1, 1), (1, 1)): [1153, 893, 556, 327, 258, 106, 44, 18, 7]
(1, (1, 1, 1), (1, 2)): [877, 502, 343, 208, 136, 65, 32, 11, 4]
(1, (1, 1, 1), (2, 0)): [333, 358, 245, 146, 120, 60, 27, 8, 1, 2, 0, 1, 1]
(1, (1, 1, 1), (2, 1)): [513, 482, 285, 180, 125, 58, 29, 7, 2, 1, 0, 1]
(1, (1, 1, 1), (2, 2)): [626, 406, 273, 166, 120, 55, 23, 7, 3]
(1, (1, 1, 1), (3, 0)): [61, 117, 72, 59, 38, 26, 8, 4, 1, 0, 0, 0, 1]
(1, (1, 1, 1), (3, 1)): [122, 202, 124, 89, 61, 28, 11, 5, 0, 0, 0, 0, 1]
(1, (1, 1, 1), (3, 2)): [245, 229, 146, 98, 71, 37, 12, 7, 1]
(2, (0, 0, 0), (0, 0)): [1135920, 51021, 17028, 5400, 1780, 566, 196, 63, 11, 6, 5, 0, 1]
(2, (0, 0, 0), (0, 1)): [62600, 2421, 776, 222, 92, 20, 10, 4, 1]
(2, (0, 0, 0), (0, 2)): [23072, 609, 183, 75, 32, 3, 1, 2]
(2, (0, 0, 0), (1, 0)): [62940, 3343, 1133, 364, 122, 26, 14, 3, 0, 0, 0, 0, 1]
(2, (0, 0, 0), (1, 1)): [56458, 2523, 831, 219, 91, 20, 12, 1]
(2, (0, 0, 0), (1, 2)): [36393, 1114, 365, 124, 50, 8, 5, 1]
(2, (0, 0, 0), (2, 0)): [22512, 1327, 561, 175, 57, 12, 8, 2, 0, 0, 0, 0, 1]
(2, (0, 0, 0), (2, 1)): [31700, 1660, 610, 165, 56, 12, 8, 1]
(2, (0, 0, 0), (2, 2)): [30608, 1173, 432, 125, 50, 10, 2]
(2, (0, 0, 0), (3, 0)): [7289, 469, 277, 79, 30, 6, 5, 1, 0, 0, 0, 0, 1]
(2, (0, 0, 0), (3, 1)): [13690, 840, 396, 118, 36, 10, 5, 1]
(2, (0, 0, 0), (3, 2)): [18090, 902, 401, 109, 40, 9, 1, 1]
(2, (0, 0, 1), (0, 0)): [107268, 33076, 6517, 2182, 775, 260, 74, 26, 5, 2, 0, 1]
(2, (0, 0, 1), (0, 1)): [5580, 1417, 289, 84, 32, 12, 4, 2, 1]
(2, (0, 0, 1), (0, 2)): [2176, 427, 89, 22, 7, 3]
(2, (0, 0, 1), (1, 0)): [6660, 1864, 437, 160, 53, 19, 3, 3]
(2, (0, 0, 1), (1, 1)): [5291, 1316, 282, 96, 35, 17, 4, 3, 1]
(2, (0, 0, 1), (1, 2)): [3603, 692, 142, 40, 19, 7, 2, 1]
(2, (0, 0, 1), (2, 0)): [2885, 804, 201, 97, 27, 8, 1, 1]
(2, (0, 0, 1), (2, 1)): [3116, 847, 208, 84, 26, 10, 2, 3]
(2, (0, 0, 1), (2, 2)): [3139, 638, 161, 50, 17, 11, 2, 1]
(2, (0, 0, 1), (3, 0)): [1408, 314, 103, 61, 10, 5]
(2, (0, 0, 1), (3, 1)): [1506, 416, 106, 55, 18, 5, 2, 2]
(2, (0, 0, 1), (3, 2)): [2021, 446, 121, 56, 12, 10, 2]
(2, (0, 1, 0), (0, 0)): [283540, 60223, 16045, 5613, 1816, 609, 186, 57, 15, 8, 6, 0, 1]
(2, (0, 1, 0), (0, 1)): [14177, 2519, 629, 194, 65, 15, 8, 2, 1, 0, 1]
(2, (0, 1, 0), (0, 2)): [5484, 734, 175, 50, 17, 2, 2]
(2, (0, 1, 0), (1, 0)): [17645, 3380, 1134, 472, 132, 43, 13, 6, 0, 0, 0, 0, 1]
(2, (0, 1, 0), (1, 1)): [13488, 2425, 719, 228, 78, 18, 12, 3, 1, 0, 1]
(2, (0, 1, 0), (1, 2)): [8791, 1247, 300, 114, 27, 5, 3, 2]
(2, (0, 1, 0), (2, 0)): [8133, 1484, 550, 297, 81, 27, 6, 4, 0, 0, 0, 0, 1]
(2, (0, 1, 0), (2, 1)): [7993, 1528, 494, 176, 54, 16, 8, 1, 1, 0, 1, 0, 1]
(2, (0, 1, 0), (2, 2)): [7776, 1188, 337, 134, 38, 9, 3, 3]
(2, (0, 1, 0), (3, 0)): [4338, 676, 299, 213, 58, 17, 5, 4]
(2, (0, 1, 0), (3, 1)): [3814, 700, 287, 131, 45, 11, 7, 0, 1, 0, 1, 0, 1]
(2, (0, 1, 0), (3, 2)): [4908, 747, 296, 140, 37, 11, 5, 1, 0, 0, 0, 0, 1]
(2, (0, 1, 1), (0, 0)): [64786, 5620, 14169, 3788, 1494, 481, 162, 51, 19, 4, 3, 1, 0, 1]
(2, (0, 1, 1), (0, 1)): [3221, 214, 518, 114, 39, 20, 4, 4]
(2, (0, 1, 1), (0, 2)): [1393, 84, 161, 39, 18, 5, 1, 1]
(2, (0, 1, 1), (1, 0)): [4008, 415, 785, 253, 123, 37, 14, 1, 1, 0, 1]
(2, (0, 1, 1), (1, 1)): [2858, 213, 505, 131, 35, 23, 3, 3, 1]
(2, (0, 1, 1), (1, 2)): [2092, 124, 279, 70, 28, 8, 2, 2]
(2, (0, 1, 1), (2, 0)): [2029, 235, 358, 143, 89, 24, 10, 0, 0, 0, 1]
(2, (0, 1, 1), (2, 1)): [1686, 139, 325, 76, 30, 17, 2]
(2, (0, 1, 1), (2, 2)): [1818, 132, 246, 62, 24, 17, 1, 2]
(2, (0, 1, 1), (3, 0)): [1262, 169, 201, 94, 69, 17, 9, 0, 0, 0, 1]
(2, (0, 1, 1), (3, 1)): [801, 66, 166, 49, 18, 5, 3]
(2, (0, 1, 1), (3, 2)): [1147, 103, 194, 51, 24, 14, 2, 2]
(2, (1, 0, 0), (0, 0)): [601871, 43774, 27924, 8841, 2826, 906, 350, 97, 19, 12, 6, 0, 1]
(2, (1, 0, 0), (0, 1)): [29569, 1769, 1160, 354, 120, 33, 16, 4, 1]
(2, (1, 0, 0), (0, 2)): [10627, 490, 285, 86, 38, 6, 5]
(2, (1, 0, 0), (1, 0)): [30619, 2558, 1688, 597, 169, 48, 23, 6, 0, 1, 0, 0, 1]
(2, (1, 0, 0), (1, 1)): [24832, 1611, 1089, 374, 100, 28, 11, 4, 1]
(2, (1, 0, 0), (1, 2)): [15334, 776, 469, 159, 46, 12, 3, 1]
(2, (1, 0, 0), (2, 0)): [10354, 1035, 624, 279, 74, 23, 14, 3, 0, 1, 0, 0, 1]
(2, (1, 0, 0), (2, 1)): [12955, 995, 630, 243, 74, 18, 9, 4, 0, 0, 0, 0, 1]
(2, (1, 0, 0), (2, 2)): [11826, 737, 443, 162, 50, 14, 4, 3]
(2, (1, 0, 0), (3, 0)): [3102, 395, 213, 147, 31, 11, 6, 1, 0, 1]
(2, (1, 0, 0), (3, 1)): [5265, 535, 311, 173, 32, 14, 5, 1, 0, 1, 0, 0, 1]
(2, (1, 0, 0), (3, 2)): [6179, 543, 299, 154, 38, 16, 4, 4, 0, 1, 0, 0, 1]
(2, (1, 0, 1), (0, 0)): [102986, 24955, 9851, 5821, 1890, 622, 204, 69, 23, 8, 0, 3, 1]
(2, (1, 0, 1), (0, 1)): [5641, 1100, 409, 275, 74, 22, 5, 3, 0, 1, 0, 1]
(2, (1, 0, 1), (0, 2)): [2256, 338, 123, 73, 27, 6, 1, 1]
(2, (1, 0, 1), (1, 0)): [5573, 1250, 560, 355, 119, 39, 9, 2]
(2, (1, 0, 1), (1, 1)): [4600, 932, 373, 245, 82, 26, 7, 2, 0, 1, 0, 1]
(2, (1, 0, 1), (1, 2)): [3060, 499, 194, 119, 44, 14, 2, 2, 0, 0, 0, 1]
(2, (1, 0, 1), (2, 0)): [2011, 432, 236, 144, 45, 16, 4, 2]
(2, (1, 0, 1), (2, 1)): [2532, 499, 249, 132, 52, 19, 1, 1, 0, 1]
(2, (1, 0, 1), (2, 2)): [2317, 399, 185, 95, 35, 12, 2, 2, 0, 0, 0, 1]
(2, (1, 0, 1), (3, 0)): [680, 131, 98, 54, 25, 4, 4]
(2, (1, 0, 1), (3, 1)): [1076, 193, 112, 67, 38, 8, 3, 0, 0, 1]
(2, (1, 0, 1), (3, 2)): [1255, 214, 137, 66, 31, 11, 3, 2]
(2, (1, 1, 0), (0, 0)): [232825, 35593, 17872, 12018, 3819, 1232, 416, 135, 46, 21, 8, 1, 2, 1]
(2, (1, 1, 0), (0, 1)): [12271, 1676, 743, 503, 146, 31, 16, 10, 1, 1, 0, 0, 1]
(2, (1, 1, 0), (0, 2)): [4990, 487, 218, 130, 45, 8, 4, 6, 1]
(2, (1, 1, 0), (1, 0)): [11962, 1838, 987, 720, 240, 60, 29, 4, 2, 1, 1]
(2, (1, 1, 0), (1, 1)): [10298, 1426, 682, 508, 129, 30, 17, 5, 1, 2, 0, 0, 1]
(2, (1, 1, 0), (1, 2)): [7179, 738, 363, 236, 64, 15, 7, 7, 1]
(2, (1, 1, 0), (2, 0)): [4028, 659, 401, 274, 127, 35, 14, 1]
(2, (1, 1, 0), (2, 1)): [5416, 782, 452, 308, 99, 20, 16, 2, 1, 1, 0, 0, 1]
(2, (1, 1, 0), (2, 2)): [5536, 627, 323, 253, 77, 14, 14, 4, 2]
(2, (1, 1, 0), (3, 0)): [1309, 228, 159, 86, 66, 18, 5]
(2, (1, 1, 0), (3, 1)): [2269, 350, 255, 147, 69, 18, 9, 2, 0, 0, 0, 0, 1]
(2, (1, 1, 0), (3, 2)): [3040, 366, 265, 173, 85, 11, 10, 3, 1]
(2, (1, 1, 1), (0, 0)): [67214, 9802, 11295, 5570, 4016, 1259, 425, 142, 47, 10, 7, 1, 1, 1]
(2, (1, 1, 1), (0, 1)): [3952, 408, 542, 250, 192, 40, 16, 4, 1, 0, 0, 0, 1]
(2, (1, 1, 1), (0, 2)): [1765, 134, 160, 75, 50, 11, 5, 2, 1]
(2, (1, 1, 1), (1, 0)): [3072, 741, 568, 336, 219, 72, 26, 5, 2, 0, 1]
(2, (1, 1, 1), (1, 1)): [3000, 416, 468, 255, 177, 39, 12, 4, 0, 0, 1, 0, 1]
(2, (1, 1, 1), (1, 2)): [2343, 210, 241, 110, 86, 18, 5, 4, 0, 0, 1]
(2, (1, 1, 1), (2, 0)): [846, 454, 187, 132, 91, 36, 13, 1, 1]
(2, (1, 1, 1), (2, 1)): [1353, 367, 265, 159, 106, 32, 13, 0, 0, 0, 0, 0, 1]
(2, (1, 1, 1), (2, 2)): [1558, 236, 205, 119, 89, 20, 8, 3, 0, 0, 1]
(2, (1, 1, 1), (3, 0)): [145, 292, 53, 64, 34, 19, 4, 0, 1]
(2, (1, 1, 1), (3, 1)): [389, 338, 94, 100, 57, 25, 8]
(2, (1, 1, 1), (3, 2)): [665, 275, 118, 115, 67, 19, 11, 1, 0, 0, 1]
