(0, (0, 0, 0)): [15240, 3411, 1731, 870, 374, 165, 80, 42, 13, 9, 3, 4, 1]
(0, (0, 0, 1)): [68, 225, 69, 30, 15, 5, 3, 0, 1, 2]
(0, (0, 1, 0)): [560, 598, 248, 112, 65, 35, 17, 12, 6, 4, 0, 1]
(0, (0, 1, 1)): [42, 114, 129, 58, 30, 14, 11, 3, 2]
(0, (1, 0, 0)): [3370, 1331, 819, 465, 213, 95, 46, 27, 9, 5, 2, 2, 1]
(0, (1, 0, 1)): [89, 347, 159, 103, 55, 29, 12, 9, 1, 0, 1, 1]
(0, (1, 1, 0)): [510, 364, 277, 213, 106, 44, 26, 13, 6, 2, 0, 2, 1]
(0, (1, 1, 1)): [57, 107, 91, 86, 63, 25, 21, 10, 3, 0, 1]
(1, (0, 0, 0)): [12092, 1390, 679, 298, 105, 43, 19, 8, 3, 1, 1, 1]
(1, (0, 0, 1)): [356, 559, 117, 46, 27, 11, 9, 2, 2, 1]
(1, (0, 1, 0)): [1763, 867, 305, 127, 57, 29, 7, 7, 1, 1, 1, 1]
(1, (0, 1, 1)): [319, 301, 288, 119, 60, 23, 9, 3, 3, 2]
(1, (1, 0, 0)): [5098, 1036, 652, 333, 124, 50, 23, 13, 5, 4, 1]
(1, (1, 0, 1)): [444, 572, 192, 137, 62, 34, 12, 5, 2, 1]
(1, (1, 1, 0)): [1402, 501, 357, 248, 104, 52, 31, 8, 3, 2]
(1, (1, 1, 1)): [342, 276, 185, 141, 81, 33, 15, 2, 6, 3]
(2, (0, 0, 0)): [10308, 479, 215, 60, 20, 10, 2, 1]
(2, (0, 0, 1)): [1172, 364, 76, 34, 11, 7, 2, 2]
(2, (0, 1, 0)): [2821, 708, 184, 73, 14, 3, 2, 1]
(2, (0, 1, 1)): [725, 53, 177, 45, 26, 11, 2, 0, 0, 1]
(2, (1, 0, 0)): [6387, 494, 340, 114, 36, 13, 6, 3, 0, 1]
(2, (1, 0, 1)): [1207, 314, 152, 83, 25, 10, 6, 1]
(2, (1, 1, 0)): [2417, 394, 249, 148, 41, 21, 8, 5]
(2, (1, 1, 1)): [761, 109, 165, 69, 46, 25, 8, 1]
