(0, (0, 0, 0), (0, 0)): [2277299, 465881, 214161, 97943, 43999, 18793, 7859, 3139, 1289, 555, 252, 116, 41, 22, 6, 1, 1, 1]
(0, (0, 0, 0), (0, 1)): [408888, 79658, 36307, 16855, 7445, 3229, 1338, 458, 212, 90, 44, 23, 6, 4, 1, 1]
(0, (0, 0, 0), (0, 2)): [157649, 27137, 12198, 5545, 2387, 1032, 417, 140, 66, 31, 8, 4, 4, 0, 1]
(0, (0, 0, 0), (1, 0)): [338339, 76484, 36247, 16902, 7961, 3348, 1470, 601, 230, 87, 49, 17, 4, 6, 2, 0, 1]
(0, (0, 0, 0), (1, 1)): [338943, 69490, 32227, 15009, 6766, 2889, 1235, 451, 204, 71, 46, 19, 3, 6, 0, 1, 1]
(0, (0, 0, 0), (1, 2)): [236117, 42213, 19337, 8736, 3857, 1628, 694, 253, 114, 41, 14, 8, 5, 1, 1]
(0, (0, 0, 0), (2, 0)): [107989, 26953, 13773, 6467, 3181, 1317, 576, 262, 88, 39, 21, 8, 2, 3, 1]
(0, (0, 0, 0), (2, 1)): [172246, 38783, 18995, 8839, 4176, 1773, 718, 313, 125, 48, 28, 12, 2, 4, 0, 0, 1]
(0, (0, 0, 0), (2, 2)): [186191, 36419, 17222, 7960, 3566, 1474, 635, 244, 115, 39, 17, 5, 5, 2, 1, 0, 1]
(0, (0, 0, 0), (3, 0)): [31175, 8840, 5207, 2602, 1297, 539, 244, 108, 37, 19, 12, 3, 0, 2, 1]
(0, (0, 0, 0), (3, 1)): [65223, 17191, 9288, 4496, 2211, 962, 381, 193, 76, 29, 12, 10, 1, 4, 1]
(0, (0, 0, 0), (3, 2)): [97547, 22305, 11805, 5500, 2623, 1102, 453, 202, 91, 34, 12, 10, 4, 2, 1, 0, 1]
(0, (0, 0, 1), (0, 0)): [8419, 26127, 7155, 3490, 1674, 727, 324, 129, 53, 30, 20, 4, 4, 3]
(0, (0, 0, 1), (0, 1)): [1061, 3320, 889, 428, 204, 96, 39, 15, 9, 4, 4, 1, 0, 1]
(0, (0, 0, 1), (0, 2)): [474, 1237, 311, 148, 68, 36, 14, 5, 6, 0, 1]
(0, (0, 0, 1), (1, 0)): [1035, 3575, 1026, 565, 285, 127, 55, 17, 7, 4, 7]
(0, (0, 0, 1), (1, 1)): [966, 3042, 813, 417, 217, 101, 38, 13, 4, 7, 3, 1, 0, 1]
(0, (0, 0, 1), (1, 2)): [759, 1951, 496, 238, 113, 61, 19, 8, 4, 3, 2]
(0, (0, 0, 1), (2, 0)): [383, 1300, 414, 256, 117, 53, 22, 10, 4, 1, 5]
(0, (0, 0, 1), (2, 1)): [516, 1706, 505, 303, 143, 62, 32, 10, 5, 4, 2, 1]
(0, (0, 0, 1), (2, 2)): [686, 1756, 479, 238, 123, 59, 20, 5, 3, 3, 2]
(0, (0, 0, 1), (3, 0)): [128, 444, 135, 102, 46, 22, 9, 3, 1, 0, 3]
(0, (0, 0, 1), (3, 1)): [216, 755, 225, 187, 81, 31, 19, 4, 2, 2, 0, 1]
(0, (0, 0, 1), (3, 2)): [384, 1070, 295, 204, 110, 41, 17, 2, 3, 2, 1]
(0, (0, 1, 0), (0, 0)): [84485, 79267, 31120, 15435, 7339, 3166, 1381, 553, 238, 121, 44, 17, 7, 6, 3, 0, 1]
(0, (0, 1, 0), (0, 1)): [14975, 13159, 5232, 2512, 1178, 503, 241, 88, 38, 17, 5, 4, 1, 1, 1]
(0, (0, 1, 0), (0, 2)): [6145, 4557, 1827, 828, 404, 171, 88, 28, 15, 4, 0, 1, 1]
(0, (0, 1, 0), (1, 0)): [14217, 13622, 5701, 3088, 1439, 661, 281, 114, 50, 18, 10, 3, 2, 2, 1, 0, 1]
(0, (0, 1, 0), (1, 1)): [12861, 11351, 4652, 2378, 1105, 477, 214, 91, 27, 20, 8, 3, 0, 2, 1]
(0, (0, 1, 0), (1, 2)): [9052, 6985, 2903, 1388, 635, 272, 122, 59, 18, 7, 2, 3, 1, 0, 1]
(0, (0, 1, 0), (2, 0)): [5182, 4901, 2183, 1268, 578, 296, 114, 49, 22, 5, 2, 3, 2, 1, 0, 0, 1]
(0, (0, 1, 0), (2, 1)): [6984, 6337, 2716, 1422, 681, 316, 147, 54, 19, 15, 4, 1, 1, 1, 0, 0, 1]
(0, (0, 1, 0), (2, 2)): [7640, 5926, 2623, 1235, 582, 248, 117, 48, 19, 8, 3, 2, 1, 0, 1, 0, 1]
(0, (0, 1, 0), (3, 0)): [1803, 1450, 761, 521, 241, 129, 55, 24, 10, 2, 0, 1, 1]
(0, (0, 1, 0), (3, 1)): [3097, 2619, 1262, 829, 368, 181, 79, 34, 7, 5, 1, 1, 0, 1]
(0, (0, 1, 0), (3, 2)): [4485, 3423, 1672, 917, 427, 207, 108, 37, 9, 8, 2, 0, 0, 0, 1, 0, 1]
(0, (0, 1, 1), (0, 0)): [6673, 11789, 14023, 6513, 3424, 1657, 710, 306, 152, 67, 21, 13, 3, 4, 2, 0, 1, 1]
(0, (0, 1, 1), (0, 1)): [1143, 1957, 2188, 975, 530, 248, 118, 44, 18, 11, 3, 2, 1, 0, 0, 0, 1]
(0, (0, 1, 1), (0, 2)): [543, 745, 800, 362, 189, 97, 43, 22, 2, 4, 0, 1]
(0, (0, 1, 1), (1, 0)): [1070, 2044, 2456, 1224, 634, 346, 136, 55, 34, 9, 6, 5, 0, 1, 1]
(0, (0, 1, 1), (1, 1)): [930, 1703, 2001, 876, 481, 226, 96, 33, 18, 6, 6, 1, 1, 0, 0, 0, 1]
(0, (0, 1, 1), (1, 2)): [762, 1097, 1222, 528, 315, 146, 59, 23, 9, 2, 1, 1, 0, 0, 0, 0, 1]
(0, (0, 1, 1), (2, 0)): [438, 875, 917, 514, 296, 181, 63, 26, 22, 6, 2, 2, 0, 1, 1]
(0, (0, 1, 1), (2, 1)): [472, 926, 1086, 524, 243, 137, 54, 24, 11, 9, 4, 1, 1, 0, 1]
(0, (0, 1, 1), (2, 2)): [593, 950, 1043, 472, 259, 125, 48, 19, 8, 7, 2, 1, 0, 0, 0, 0, 1]
(0, (0, 1, 1), (3, 0)): [237, 414, 396, 253, 169, 93, 34, 9, 15, 1, 1, 2, 0, 1]
(0, (0, 1, 1), (3, 1)): [194, 376, 438, 233, 148, 80, 29, 13, 12, 3, 1, 1, 0, 0, 1]
(0, (0, 1, 1), (3, 2)): [344, 525, 597, 317, 165, 98, 42, 18, 12, 4, 3, 0, 0, 0, 0, 0, 1]
(0, (1, 0, 0), (0, 0)): [477463, 158421, 102857, 51141, 24495, 10979, 4599, 1941, 823, 357, 173, 68, 26, 17, 4, 1, 1, 1]
(0, (1, 0, 0), (0, 1)): [76769, 22699, 15635, 7650, 3634, 1626, 681, 262, 130, 47, 23, 11, 1, 3]
(0, (1, 0, 0), (0, 2)): [29571, 7565, 5318, 2432, 1129, 499, 233, 88, 37, 16, 8, 2]
(0, (1, 0, 0), (1, 0)): [65901, 23144, 16281, 8531, 4214, 1899, 797, 336, 136, 66, 39, 12, 2, 6, 2, 0, 1]
(0, (1, 0, 0), (1, 1)): [58256, 18331, 12781, 6507, 3047, 1437, 581, 235, 104, 45, 22, 11, 1, 4, 1]
(0, (1, 0, 0), (1, 2)): [38730, 10572, 7456, 3630, 1671, 759, 328, 127, 60, 20, 4, 4, 0, 0, 1]
(0, (1, 0, 0), (2, 0)): [20509, 7880, 5793, 3211, 1666, 745, 310, 133, 46, 33, 20, 3, 2, 3, 0, 0, 1]
(0, (1, 0, 0), (2, 1)): [28119, 9646, 6831, 3638, 1761, 836, 336, 144, 63, 35, 20, 7, 0, 6, 0, 0, 1]
(0, (1, 0, 0), (2, 2)): [28029, 8349, 5910, 2898, 1414, 601, 284, 107, 55, 25, 11, 3, 0, 3]
(0, (1, 0, 0), (3, 0)): [5288, 2473, 1889, 1269, 663, 298, 125, 50, 20, 14, 7, 1, 1]
(0, (1, 0, 0), (3, 1)): [10067, 4107, 2976, 1874, 921, 454, 183, 83, 32, 16, 11, 3, 1, 2]
(0, (1, 0, 0), (3, 2)): [13229, 4928, 3404, 1920, 948, 418, 197, 83, 41, 17, 8, 3, 0, 1]
(0, (1, 0, 1), (0, 0)): [11203, 34077, 13914, 9909, 5225, 2431, 1146, 463, 229, 95, 52, 20, 9, 3, 2, 0, 0, 1]
(0, (1, 0, 1), (0, 1)): [1839, 4876, 1990, 1497, 741, 359, 165, 55, 29, 13, 6, 1, 4, 1]
(0, (1, 0, 1), (0, 2)): [858, 1749, 701, 518, 245, 121, 52, 17, 7, 1, 2, 1, 2, 1]
(0, (1, 0, 1), (1, 0)): [1522, 5045, 2062, 1536, 862, 425, 178, 82, 47, 22, 15, 2, 0, 1, 1]
(0, (1, 0, 1), (1, 1)): [1412, 3888, 1648, 1180, 625, 275, 127, 55, 35, 15, 8, 1]
(0, (1, 0, 1), (1, 2)): [1143, 2323, 985, 677, 356, 152, 67, 29, 15, 5, 2, 1, 2]
(0, (1, 0, 1), (2, 0)): [507, 1702, 703, 545, 316, 184, 69, 30, 17, 12, 5, 1]
(0, (1, 0, 1), (2, 1)): [665, 1988, 866, 640, 333, 179, 75, 29, 22, 14, 6]
(0, (1, 0, 1), (2, 2)): [844, 1784, 796, 558, 287, 139, 64, 29, 10, 9, 3]
(0, (1, 0, 1), (3, 0)): [165, 531, 244, 150, 119, 78, 27, 10, 7, 2, 1, 1]
(0, (1, 0, 1), (3, 1)): [266, 699, 368, 265, 181, 94, 35, 16, 14, 8, 3]
(0, (1, 0, 1), (3, 2)): [413, 909, 480, 313, 206, 104, 43, 19, 14, 11, 5]
(0, (1, 1, 0), (0, 0)): [68083, 42956, 31875, 23192, 12321, 5792, 2481, 1130, 479, 217, 102, 39, 13, 6, 1, 0, 1]
(0, (1, 1, 0), (0, 1)): [12226, 6721, 4589, 3533, 1931, 846, 404, 164, 66, 25, 15, 7, 0, 1, 1, 0, 1]
(0, (1, 1, 0), (0, 2)): [5094, 2351, 1567, 1205, 657, 294, 126, 66, 26, 12, 4]
(0, (1, 1, 0), (1, 0)): [9611, 6231, 4700, 3679, 1928, 970, 415, 174, 80, 31, 17, 6, 3, 3]
(0, (1, 1, 0), (1, 1)): [9009, 5192, 3744, 2960, 1497, 706, 318, 124, 40, 17, 15, 2, 2, 2, 1, 0, 1]
(0, (1, 1, 0), (1, 2)): [6605, 3172, 2172, 1796, 896, 384, 175, 76, 29, 17, 5, 1, 0, 1, 0, 0, 1]
(0, (1, 1, 0), (2, 0)): [2824, 2090, 1607, 1243, 744, 390, 175, 73, 39, 13, 6, 4, 0, 1]
(0, (1, 1, 0), (2, 1)): [4166, 2625, 1992, 1528, 846, 400, 191, 73, 37, 10, 10, 3, 2, 0, 1]
(0, (1, 1, 0), (2, 2)): [4637, 2462, 1775, 1398, 730, 333, 152, 70, 27, 15, 6, 1, 0, 0, 0, 0, 1]
(0, (1, 1, 0), (3, 0)): [636, 680, 558, 424, 295, 157, 66, 30, 14, 6, 2, 2, 0, 1]
(0, (1, 1, 0), (3, 1)): [1430, 1117, 885, 702, 460, 251, 113, 35, 21, 8, 5, 1, 2, 0, 1]
(0, (1, 1, 0), (3, 2)): [2143, 1397, 1090, 875, 514, 255, 112, 55, 20, 9, 6, 0, 0, 0, 0, 0, 1]
(0, (1, 1, 1), (0, 0)): [6534, 12846, 10311, 7504, 6148, 3083, 1423, 671, 327, 137, 67, 24, 7, 4, 1, 0, 1]
(0, (1, 1, 1), (0, 1)): [1270, 2244, 1752, 1150, 983, 509, 222, 102, 61, 21, 8, 5, 2, 1]
(0, (1, 1, 1), (0, 2)): [680, 881, 635, 406, 353, 172, 69, 32, 19, 7, 5, 2, 1]
(0, (1, 1, 1), (1, 0)): [850, 1984, 1610, 1135, 976, 531, 229, 89, 55, 24, 10, 4, 0, 1, 0, 0, 1]
(0, (1, 1, 1), (1, 1)): [842, 1745, 1390, 907, 791, 443, 194, 92, 47, 18, 6, 3, 1, 1, 0, 0, 1]
(0, (1, 1, 1), (1, 2)): [780, 1212, 904, 568, 502, 237, 107, 50, 25, 9, 4, 3, 0, 1, 0, 0, 1]
(0, (1, 1, 1), (2, 0)): [241, 592, 542, 410, 367, 195, 76, 31, 17, 12, 4, 2, 0, 1]
(0, (1, 1, 1), (2, 1)): [385, 807, 700, 488, 402, 245, 94, 49, 33, 12, 3, 0, 1]
(0, (1, 1, 1), (2, 2)): [510, 884, 696, 459, 386, 209, 91, 49, 26, 12, 2, 1, 1]
(0, (1, 1, 1), (3, 0)): [46, 159, 149, 144, 111, 72, 37, 16, 4, 5, 3, 1, 0, 1]
(0, (1, 1, 1), (3, 1)): [109, 291, 284, 214, 178, 108, 54, 20, 10, 6, 2, 1, 0, 1]
(0, (1, 1, 1), (3, 2)): [189, 433, 390, 283, 251, 130, 76, 27, 18, 7, 2, 1, 1, 1]
(1, (0, 0, 0), (0, 0)): [1859589, 207746, 84956, 33709, 13271, 5032, 1959, 695, 245, 100, 36, 23, 8, 3, 0, 1]
(1, (0, 0, 0), (0, 1)): [336194, 35301, 14296, 5629, 2268, 829, 322, 119, 33, 11, 4, 5, 1, 1]
(1, (0, 0, 0), (0, 2)): [130840, 11657, 4711, 1715, 700, 253, 82, 30, 3, 4, 1, 3]
(1, (0, 0, 0), (1, 0)): [289811, 36990, 15548, 6316, 2577, 973, 380, 117, 44, 21, 5, 3, 0, 0, 0, 1]
(1, (0, 0, 0), (1, 1)): [285243, 32250, 13146, 5292, 2156, 760, 337, 111, 39, 11, 5, 2, 1, 1]
(1, (0, 0, 0), (1, 2)): [196650, 18690, 7525, 2896, 1210, 418, 168, 46, 15, 7, 1, 2, 1]
(1, (0, 0, 0), (2, 0)): [96164, 13805, 6222, 2642, 1085, 429, 159, 51, 15, 13, 2, 2, 0, 0, 0, 1]
(1, (0, 0, 0), (2, 1)): [149314, 18887, 8122, 3297, 1392, 513, 181, 77, 17, 15, 5, 2]
(1, (0, 0, 0), (2, 2)): [159518, 16804, 7100, 2885, 1170, 409, 146, 56, 20, 8, 1, 1]
(1, (0, 0, 0), (3, 0)): [28290, 4576, 2545, 1128, 436, 189, 87, 19, 11, 5, 1, 1, 0, 0, 0, 1]
(1, (0, 0, 0), (3, 1)): [59187, 8950, 4435, 1903, 807, 309, 114, 41, 11, 6, 3]
(1, (0, 0, 0), (3, 2)): [86986, 11099, 5355, 2229, 951, 335, 116, 49, 12, 7, 3]
(1, (0, 0, 1), (0, 0)): [50730, 72919, 14547, 6371, 2603, 1061, 418, 149, 74, 26, 14, 8, 4, 2]
(1, (0, 0, 1), (0, 1)): [8018, 9820, 2000, 812, 289, 135, 65, 17, 4, 1, 3, 1]
(1, (0, 0, 1), (0, 2)): [3530, 3239, 624, 244, 96, 41, 19, 2, 3, 0, 1, 1]
(1, (0, 0, 1), (1, 0)): [8367, 12342, 2620, 1323, 530, 222, 80, 26, 22, 5, 1, 1]
(1, (0, 0, 1), (1, 1)): [7314, 9326, 1921, 873, 324, 133, 56, 17, 7, 3, 1, 1]
(1, (0, 0, 1), (1, 2)): [5547, 5235, 1043, 455, 177, 73, 36, 5, 5, 1, 1, 2]
(1, (0, 0, 1), (2, 0)): [3456, 5016, 1167, 671, 272, 113, 46, 16, 12, 3, 1]
(1, (0, 0, 1), (2, 1)): [4151, 5535, 1203, 606, 232, 96, 31, 16, 7, 2, 1]
(1, (0, 0, 1), (2, 2)): [4822, 4803, 1035, 484, 171, 68, 38, 9, 3, 1, 2, 2]
(1, (0, 0, 1), (3, 0)): [1614, 2021, 533, 372, 148, 65, 24, 8, 4, 1, 1]
(1, (0, 0, 1), (3, 1)): [1814, 2408, 609, 337, 137, 62, 19, 11, 4, 2]
(1, (0, 0, 1), (3, 2)): [2902, 2977, 733, 390, 142, 67, 33, 11, 3, 0, 1]
(1, (0, 1, 0), (0, 0)): [252821, 109801, 40513, 17632, 7138, 2846, 1005, 433, 132, 64, 32, 10, 10, 2, 1]
(1, (0, 1, 0), (0, 1)): [41231, 16133, 5989, 2510, 1029, 434, 147, 64, 16, 11, 6, 1, 1]
(1, (0, 1, 0), (0, 2)): [16307, 5621, 2018, 776, 311, 141, 44, 17, 6, 4, 1, 1, 1]
(1, (0, 1, 0), (1, 0)): [43785, 18440, 7406, 3705, 1504, 591, 224, 92, 35, 15, 6, 0, 0, 1]
(1, (0, 1, 0), (1, 1)): [37167, 14710, 5681, 2559, 1060, 414, 158, 54, 19, 6, 5, 0, 0, 1]
(1, (0, 1, 0), (1, 2)): [25203, 8883, 3240, 1363, 523, 217, 78, 36, 12, 7, 1, 1]
(1, (0, 1, 0), (2, 0)): [18249, 7435, 3227, 1886, 791, 307, 111, 57, 18, 10, 5]
(1, (0, 1, 0), (2, 1)): [21484, 8531, 3597, 1761, 763, 283, 111, 41, 14, 6, 3, 0, 0, 1]
(1, (0, 1, 0), (2, 2)): [21960, 7784, 3054, 1352, 545, 228, 79, 28, 10, 6, 2]
(1, (0, 1, 0), (3, 0)): [8130, 3026, 1417, 1022, 450, 174, 65, 31, 10, 6, 2]
(1, (0, 1, 0), (3, 1)): [10003, 3729, 1816, 1090, 484, 165, 76, 36, 14, 5, 2, 0, 0, 1]
(1, (0, 1, 0), (3, 2)): [13519, 4733, 2154, 1136, 496, 174, 72, 26, 6, 7, 2, 0, 0, 1]
(1, (0, 1, 1), (0, 0)): [39326, 33163, 28849, 11733, 6021, 2382, 962, 369, 165, 56, 17, 9, 3, 2, 0, 1]
(1, (0, 1, 1), (0, 1)): [5668, 4305, 3682, 1486, 679, 240, 122, 47, 13, 2, 3]
(1, (0, 1, 1), (0, 2)): [2676, 1393, 1305, 525, 247, 74, 42, 18, 2, 1, 3]
(1, (0, 1, 1), (1, 0)): [7164, 6498, 4931, 2207, 1338, 549, 225, 82, 34, 15, 1, 2, 1]
(1, (0, 1, 1), (1, 1)): [4855, 3936, 3233, 1321, 652, 234, 103, 37, 15, 6, 0, 1]
(1, (0, 1, 1), (1, 2)): [3967, 2247, 2015, 789, 398, 127, 61, 27, 5, 4, 2, 1]
(1, (0, 1, 1), (2, 0)): [3981, 3446, 2513, 1245, 887, 377, 159, 57, 25, 9, 1, 1]
(1, (0, 1, 1), (2, 1)): [2635, 2227, 1820, 822, 409, 170, 74, 18, 9, 3]
(1, (0, 1, 1), (2, 2)): [3303, 1971, 1748, 723, 359, 117, 56, 17, 5, 2, 1, 1]
(1, (0, 1, 1), (3, 0)): [2860, 2285, 1522, 855, 728, 303, 124, 50, 21, 7, 1, 1]
(1, (0, 1, 1), (3, 1)): [1141, 976, 795, 376, 228, 118, 41, 17, 8, 3]
(1, (0, 1, 1), (3, 2)): [1853, 1246, 996, 485, 289, 105, 42, 17, 7, 3, 0, 1]
(1, (1, 0, 0), (0, 0)): [693347, 122425, 80564, 34325, 14077, 5582, 2200, 797, 307, 132, 50, 32, 7, 3, 0, 2]
(1, (1, 0, 0), (0, 1)): [112102, 17630, 12089, 5121, 2052, 822, 334, 118, 32, 16, 9, 4, 1]
(1, (1, 0, 0), (0, 2)): [42699, 5783, 3922, 1575, 622, 279, 114, 33, 8, 4, 4]
(1, (1, 0, 0), (1, 0)): [103526, 19503, 13869, 6223, 2621, 1043, 431, 153, 47, 26, 8, 4, 2, 0, 0, 1]
(1, (1, 0, 0), (1, 1)): [89882, 15154, 10573, 4615, 1869, 721, 298, 110, 36, 16, 6, 6, 1, 0, 0, 1]
(1, (1, 0, 0), (1, 2)): [59096, 8621, 5972, 2495, 978, 371, 158, 60, 18, 5, 5, 1]
(1, (1, 0, 0), (2, 0)): [33769, 6924, 5119, 2551, 1099, 428, 186, 62, 23, 9, 3, 0, 1]
(1, (1, 0, 0), (2, 1)): [45039, 8302, 5897, 2857, 1144, 462, 187, 62, 22, 9, 5, 4, 1, 0, 0, 1]
(1, (1, 0, 0), (2, 2)): [44654, 7092, 4867, 2211, 875, 348, 146, 53, 13, 5, 3, 1, 1]
(1, (1, 0, 0), (3, 0)): [9542, 2290, 1615, 1007, 467, 172, 86, 22, 8, 4, 1, 0, 1]
(1, (1, 0, 0), (3, 1)): [17303, 3870, 2653, 1540, 634, 242, 120, 29, 15, 5, 3, 1, 0, 0, 0, 1]
(1, (1, 0, 0), (3, 2)): [22329, 4520, 2939, 1587, 624, 253, 117, 32, 16, 6, 4, 2, 1, 0, 0, 1]
(1, (1, 0, 1), (0, 0)): [56484, 64234, 20709, 14126, 6121, 2502, 983, 381, 136, 77, 22, 9, 2, 1]
(1, (1, 0, 1), (0, 1)): [9733, 8824, 2817, 1981, 854, 348, 124, 38, 22, 9, 3, 1, 2]
(1, (1, 0, 1), (0, 2)): [4309, 2892, 952, 687, 292, 108, 46, 21, 9, 4, 2, 0, 1]
(1, (1, 0, 1), (1, 0)): [8516, 9529, 3215, 2337, 1095, 448, 174, 74, 24, 17, 0, 2]
(1, (1, 0, 1), (1, 1)): [7555, 7282, 2413, 1691, 700, 309, 110, 28, 13, 6, 0, 2, 1]
(1, (1, 0, 1), (1, 2)): [5597, 4097, 1420, 985, 399, 167, 55, 29, 9, 4, 2]
(1, (1, 0, 1), (2, 0)): [2934, 3149, 1158, 865, 460, 188, 73, 35, 8, 8, 0, 1]
(1, (1, 0, 1), (2, 1)): [3762, 3688, 1257, 928, 442, 177, 70, 22, 12, 6, 0, 3]
(1, (1, 0, 1), (2, 2)): [4128, 3117, 1165, 791, 374, 135, 57, 20, 10, 4, 1]
(1, (1, 0, 1), (3, 0)): [976, 1035, 410, 301, 189, 86, 27, 9, 1, 4]
(1, (1, 0, 1), (3, 1)): [1396, 1418, 586, 423, 223, 107, 30, 15, 2, 3, 0, 2]
(1, (1, 0, 1), (3, 2)): [2028, 1757, 734, 495, 283, 108, 37, 14, 7, 3, 0, 2]
(1, (1, 1, 0), (0, 0)): [194918, 58819, 39228, 28649, 12060, 4995, 1958, 784, 299, 123, 46, 25, 10, 5, 1]
(1, (1, 1, 0), (0, 1)): [34544, 9084, 5751, 4428, 1879, 763, 275, 119, 49, 17, 8, 4, 1]
(1, (1, 1, 0), (0, 2)): [14050, 3234, 1946, 1511, 623, 245, 72, 37, 14, 2, 2]
(1, (1, 1, 0), (1, 0)): [29358, 9502, 6370, 4942, 2138, 883, 399, 142, 37, 25, 11, 4, 2, 1]
(1, (1, 1, 0), (1, 1)): [27150, 7688, 5122, 3904, 1672, 662, 269, 115, 37, 23, 9, 4, 1]
(1, (1, 1, 0), (1, 2)): [19298, 4696, 2923, 2253, 957, 329, 117, 59, 21, 5, 6, 2, 1]
(1, (1, 1, 0), (2, 0)): [9337, 3528, 2240, 1762, 882, 388, 180, 59, 16, 11, 6, 2, 2, 1]
(1, (1, 1, 0), (2, 1)): [13389, 4249, 2880, 2203, 1014, 448, 192, 62, 24, 11, 7, 2, 1]
(1, (1, 1, 0), (2, 2)): [14531, 3883, 2486, 1904, 891, 341, 131, 55, 20, 7, 3, 2, 1]
(1, (1, 1, 0), (3, 0)): [2399, 1278, 807, 536, 354, 152, 72, 30, 4, 6, 1, 2, 1]
(1, (1, 1, 0), (3, 1)): [4874, 2081, 1393, 1015, 565, 252, 102, 38, 12, 8, 4, 2, 1]
(1, (1, 1, 0), (3, 2)): [7140, 2436, 1667, 1221, 665, 243, 97, 38, 16, 8, 2, 1, 1]
(1, (1, 1, 1), (0, 0)): [39900, 31957, 20011, 13052, 9974, 4230, 1739, 656, 267, 94, 30, 22, 9, 4, 1, 1]
(1, (1, 1, 1), (0, 1)): [7601, 5159, 3148, 2013, 1603, 645, 267, 99, 47, 11, 3, 1, 0, 1]
(1, (1, 1, 1), (0, 2)): [3661, 1799, 1130, 734, 552, 198, 92, 26, 10, 6, 2, 0, 0, 1]
(1, (1, 1, 1), (1, 0)): [5587, 5089, 3092, 1987, 1719, 744, 349, 118, 43, 16, 5, 7, 2]
(1, (1, 1, 1), (1, 1)): [5508, 4215, 2602, 1676, 1343, 556, 260, 93, 39, 8, 3, 3]
(1, (1, 1, 1), (1, 2)): [4500, 2461, 1620, 1045, 787, 332, 144, 50, 22, 7, 1, 3, 0, 1]
(1, (1, 1, 1), (2, 0)): [1471, 1712, 1084, 682, 626, 298, 140, 52, 16, 8, 2, 3, 1]
(1, (1, 1, 1), (2, 1)): [2380, 2245, 1356, 863, 711, 325, 152, 52, 21, 6, 3, 2]
(1, (1, 1, 1), (2, 2)): [3047, 2030, 1312, 842, 667, 284, 133, 45, 20, 10, 1, 3, 0, 1]
(1, (1, 1, 1), (3, 0)): [249, 534, 378, 236, 190, 102, 51, 22, 5, 3, 0, 1, 1]
(1, (1, 1, 1), (3, 1)): [618, 959, 623, 389, 323, 167, 65, 29, 13, 2, 2, 1, 1]
(1, (1, 1, 1), (3, 2)): [1175, 1203, 788, 504, 403, 204, 92, 34, 14, 4, 2, 1, 0, 1]
(2, (0, 0, 0), (0, 0)): [1623526, 76663, 25508, 8122, 2722, 857, 296, 101, 20, 8, 5, 0, 1]
(2, (0, 0, 0), (0, 1)): [291093, 12115, 4066, 1296, 480, 135, 48, 16, 3]
(2, (0, 0, 0), (0, 2)): [112195, 3297, 1136, 347, 138, 32, 3, 7]
(2, (0, 0, 0), (1, 0)): [262444, 15402, 5317, 1660, 574, 159, 64, 17, 7, 0, 0, 0, 1]
(2, (0, 0, 0), (1, 1)): [253286, 12084, 4160, 1297, 475, 144, 58, 12, 5]
(2, (0, 0, 0), (1, 2)): [170972, 5795, 2049, 650, 229, 66, 23, 8, 1]
(2, (0, 0, 0), (2, 0)): [91510, 6085, 2498, 745, 260, 68, 26, 7, 3, 0, 0, 0, 1]
(2, (0, 0, 0), (2, 1)): [138340, 7766, 2971, 862, 314, 89, 37, 10, 5]
(2, (0, 0, 0), (2, 2)): [144556, 5935, 2265, 682, 237, 71, 26, 7, 1]
(2, (0, 0, 0), (3, 0)): [28568, 2052, 1142, 348, 117, 36, 11, 4, 0, 0, 0, 0, 1]
(2, (0, 0, 0), (3, 1)): [57976, 3915, 1882, 588, 188, 54, 18, 7, 3]
(2, (0, 0, 0), (3, 2)): [83833, 4448, 2082, 628, 211, 67, 22, 7, 2]
(2, (0, 0, 1), (0, 0)): [153851, 45160, 9495, 3270, 1156, 390, 111, 37, 9, 6, 0, 2]
(2, (0, 0, 1), (0, 1)): [25529, 6000, 1337, 451, 147, 56, 13, 4, 1, 3]
(2, (0, 0, 1), (0, 2)): [10244, 1807, 399, 134, 42, 16, 4, 0, 0, 1]
(2, (0, 0, 1), (1, 0)): [28383, 7729, 1952, 758, 290, 89, 28, 11, 3, 1, 0, 1]
(2, (0, 0, 1), (1, 1)): [23758, 5827, 1321, 506, 175, 59, 13, 6, 1, 2]
(2, (0, 0, 1), (1, 2)): [16370, 3061, 647, 230, 90, 33, 8, 2, 0, 2]
(2, (0, 0, 1), (2, 0)): [12402, 3255, 955, 427, 168, 50, 16, 6, 2, 1, 0, 1]
(2, (0, 0, 1), (2, 1)): [14303, 3643, 970, 396, 143, 35, 11, 7, 0, 2]
(2, (0, 0, 1), (2, 2)): [14891, 3019, 754, 277, 103, 36, 7, 3]
(2, (0, 0, 1), (3, 0)): [5901, 1336, 469, 270, 97, 33, 11, 1, 2, 0, 0, 1]
(2, (0, 0, 1), (3, 1)): [6754, 1720, 543, 289, 94, 25, 10, 4, 0, 1]
(2, (0, 0, 1), (3, 2)): [9461, 2086, 611, 292, 105, 26, 9, 3, 0, 1]
(2, (0, 1, 0), (0, 0)): [404919, 83792, 23451, 8331, 2803, 904, 288, 85, 20, 13, 7, 0, 1]
(2, (0, 1, 0), (0, 1)): [66273, 11555, 3256, 1051, 397, 107, 35, 9, 5, 3, 1]
(2, (0, 1, 0), (0, 2)): [26467, 3447, 973, 295, 104, 22, 9, 2, 2, 1]
(2, (0, 1, 0), (1, 0)): [74471, 14693, 4928, 2076, 680, 216, 78, 24, 1, 2, 0, 0, 1]
(2, (0, 1, 0), (1, 1)): [61184, 11151, 3310, 1170, 429, 115, 49, 13, 3, 2, 1]
(2, (0, 1, 0), (1, 2)): [41794, 5862, 1612, 579, 196, 41, 25, 7, 0, 1]
(2, (0, 1, 0), (2, 0)): [33383, 6255, 2374, 1242, 418, 133, 38, 14, 1, 2, 0, 0, 1]
(2, (0, 1, 0), (2, 1)): [36303, 6881, 2287, 889, 325, 93, 28, 6, 2, 2, 1, 0, 1]
(2, (0, 1, 0), (2, 2)): [37522, 5672, 1683, 665, 234, 58, 31, 8, 0, 2]
(2, (0, 1, 0), (3, 0)): [16965, 2703, 1192, 829, 269, 85, 27, 13, 1, 2]
(2, (0, 1, 0), (3, 1)): [16889, 3202, 1261, 643, 230, 66, 20, 6, 2, 1, 1, 0, 1]
(2, (0, 1, 0), (3, 2)): [23589, 3769, 1342, 699, 232, 61, 36, 8, 0, 1, 0, 0, 1]
(2, (0, 1, 1), (0, 0)): [93832, 7909, 19647, 5659, 2251, 737, 241, 75, 24, 7, 5, 1, 0, 1]
(2, (0, 1, 1), (0, 1)): [15587, 1002, 2663, 778, 270, 96, 23, 9, 1, 2]
(2, (0, 1, 1), (0, 2)): [6697, 344, 825, 245, 92, 27, 7, 2, 0, 2]
(2, (0, 1, 1), (1, 0)): [17877, 1695, 3425, 1234, 583, 197, 66, 19, 5, 0, 3]
(2, (0, 1, 1), (1, 1)): [14024, 975, 2515, 788, 294, 112, 26, 11, 4, 0, 1]
(2, (0, 1, 1), (1, 2)): [10529, 577, 1431, 418, 162, 54, 9, 4, 1, 2, 1]
(2, (0, 1, 1), (2, 0)): [8627, 961, 1565, 644, 386, 121, 43, 13, 1, 0, 2]
(2, (0, 1, 1), (2, 1)): [8274, 648, 1549, 519, 250, 78, 22, 7, 3, 0, 1]
(2, (0, 1, 1), (2, 2)): [9378, 608, 1334, 455, 176, 67, 11, 4, 3, 1]
(2, (0, 1, 1), (3, 0)): [5024, 657, 801, 383, 261, 94, 27, 11, 0, 0, 1]
(2, (0, 1, 1), (3, 1)): [3894, 362, 719, 276, 164, 52, 18, 8, 1, 0, 1]
(2, (0, 1, 1), (3, 2)): [5923, 480, 926, 344, 168, 68, 12, 7, 4, 1]
(2, (1, 0, 0), (0, 0)): [839288, 60888, 40825, 13010, 4294, 1362, 524, 152, 38, 15, 7, 1, 1]
(2, (1, 0, 0), (0, 1)): [135056, 8345, 5715, 1844, 633, 205, 84, 32, 10, 1, 0, 1]
(2, (1, 0, 0), (0, 2)): [51301, 2292, 1504, 516, 170, 46, 25, 9, 4]
(2, (1, 0, 0), (1, 0)): [128095, 10629, 7654, 2641, 907, 259, 110, 27, 8, 2, 0, 0, 1]
(2, (1, 0, 0), (1, 1)): [111633, 7573, 5346, 1796, 605, 183, 74, 23, 7, 1]
(2, (1, 0, 0), (1, 2)): [73079, 3701, 2435, 888, 285, 75, 31, 10, 4]
(2, (1, 0, 0), (2, 0)): [43086, 4148, 2869, 1188, 412, 124, 49, 17, 6, 2, 0, 0, 1]
(2, (1, 0, 0), (2, 1)): [58074, 4585, 3283, 1206, 405, 123, 53, 13, 5, 0, 0, 0, 1]
(2, (1, 0, 0), (2, 2)): [57093, 3555, 2286, 871, 292, 83, 39, 9, 4]
(2, (1, 0, 0), (3, 0)): [12741, 1548, 915, 539, 183, 56, 20, 9, 3, 2]
(2, (1, 0, 0), (3, 1)): [23404, 2416, 1588, 770, 229, 72, 29, 8, 3, 1, 0, 0, 1]
(2, (1, 0, 0), (3, 2)): [30252, 2625, 1619, 767, 242, 82, 29, 13, 1, 1, 0, 0, 1]
(2, (1, 0, 1), (0, 0)): [148116, 34676, 13784, 8710, 2894, 942, 316, 92, 32, 11, 2, 4, 2]
(2, (1, 0, 1), (0, 1)): [25779, 4963, 1840, 1255, 437, 145, 53, 9, 4, 2, 1, 1, 1]
(2, (1, 0, 1), (0, 2)): [10460, 1479, 536, 337, 129, 34, 12, 3, 1, 1]
(2, (1, 0, 1), (1, 0)): [24541, 5434, 2523, 1759, 647, 188, 62, 16, 3, 2, 0, 1]
(2, (1, 0, 1), (1, 1)): [21482, 4277, 1819, 1209, 457, 144, 50, 11, 3, 2, 1, 2, 1]
(2, (1, 0, 1), (1, 2)): [14844, 2243, 925, 560, 224, 74, 27, 6, 3, 1, 0, 1]
(2, (1, 0, 1), (2, 0)): [8838, 1898, 1036, 694, 284, 87, 28, 9, 3]
(2, (1, 0, 1), (2, 1)): [11552, 2326, 1134, 723, 325, 99, 29, 9, 0, 1, 0, 1]
(2, (1, 0, 1), (2, 2)): [11606, 1787, 866, 531, 208, 80, 28, 7, 3, 0, 0, 1]
(2, (1, 0, 1), (3, 0)): [2995, 583, 427, 265, 123, 38, 17, 3, 3]
(2, (1, 0, 1), (3, 1)): [4984, 945, 597, 363, 208, 45, 25, 4, 3, 1]
(2, (1, 0, 1), (3, 2)): [6498, 951, 673, 385, 199, 65, 19, 7, 5]
(2, (1, 1, 0), (0, 0)): [330465, 49573, 25157, 17648, 5714, 1843, 627, 208, 67, 29, 10, 3, 2, 1]
(2, (1, 1, 0), (0, 1)): [57638, 7236, 3526, 2595, 799, 248, 90, 34, 5, 4, 2, 1, 1]
(2, (1, 1, 0), (0, 2)): [23858, 2139, 1063, 727, 245, 69, 23, 13, 2, 1]
(2, (1, 1, 0), (1, 0)): [51461, 7882, 4421, 3330, 1231, 357, 130, 38, 17, 5, 1, 1]
(2, (1, 1, 0), (1, 1)): [47844, 6441, 3337, 2490, 771, 253, 80, 31, 9, 5, 2, 2, 1]
(2, (1, 1, 0), (1, 2)): [34308, 3357, 1762, 1193, 376, 129, 31, 17, 6, 1, 1, 1]
(2, (1, 1, 0), (2, 0)): [17664, 2776, 1788, 1287, 625, 167, 65, 17, 8, 3]
(2, (1, 1, 0), (2, 1)): [25093, 3521, 2081, 1534, 598, 155, 65, 22, 6, 4, 0, 0, 1]
(2, (1, 1, 0), (2, 2)): [27254, 2918, 1701, 1160, 432, 120, 43, 17, 10, 1, 1, 1]
(2, (1, 1, 0), (3, 0)): [5650, 864, 726, 434, 302, 91, 28, 7, 5, 2]
(2, (1, 1, 0), (3, 1)): [10623, 1518, 1170, 772, 417, 112, 41, 9, 4, 2, 0, 0, 1]
(2, (1, 1, 0), (3, 2)): [15141, 1796, 1398, 863, 436, 102, 39, 13, 7, 1, 1]
(2, (1, 1, 1), (0, 0)): [98099, 14278, 16277, 8167, 6185, 1919, 647, 217, 74, 18, 10, 4, 1, 1]
(2, (1, 1, 1), (0, 1)): [19114, 2004, 2493, 1258, 975, 298, 105, 30, 16, 3, 3, 0, 1]
(2, (1, 1, 1), (0, 2)): [8441, 643, 738, 389, 262, 81, 34, 6, 4, 1, 2]
(2, (1, 1, 1), (1, 0)): [14561, 3217, 2751, 1531, 1229, 394, 129, 45, 14, 4, 1, 2]
(2, (1, 1, 1), (1, 1)): [15014, 2094, 2274, 1216, 938, 293, 95, 28, 13, 3, 1, 0, 1]
(2, (1, 1, 1), (1, 2)): [11688, 1107, 1203, 600, 459, 157, 50, 13, 4, 2, 2]
(2, (1, 1, 1), (2, 0)): [4063, 1850, 951, 609, 494, 164, 54, 20, 5, 3, 0, 2]
(2, (1, 1, 1), (2, 1)): [6786, 1711, 1279, 790, 605, 208, 62, 14, 8, 2, 0, 0, 1]
(2, (1, 1, 1), (2, 2)): [8316, 1292, 1070, 622, 462, 171, 51, 11, 5, 4, 2]
(2, (1, 1, 1), (3, 0)): [679, 1134, 271, 259, 153, 76, 30, 13, 2, 3, 0, 1]
(2, (1, 1, 1), (3, 1)): [1937, 1424, 505, 436, 316, 119, 42, 10, 4, 3, 0, 1]
(2, (1, 1, 1), (3, 2)): [3537, 1454, 662, 558, 349, 148, 48, 11, 4, 3, 2]
