(0, (0, 0, 0), (0, 0)): [561164, 113587, 53085, 24521, 11111, 4829, 2020, 866, 358, 179, 75, 26, 17, 4, 2]
(0, (0, 0, 0), (0, 1)): [2339, 445, 188, 79, 42, 8, 4, 6, 0, 1, 1]
(0, (0, 0, 0), (0, 2)): [886, 163, 63, 23, 11, 2, 2, 3]
(0, (0, 0, 0), (1, 0)): [2159, 433, 226, 98, 56, 28, 10, 4, 0, 3]
(0, (0, 0, 0), (1, 1)): [1890, 365, 175, 82, 38, 10, 5, 4, 0, 1, 1]
(0, (0, 0, 0), (1, 2)): [1159, 218, 83, 34, 14, 4, 4, 3]
(0, (0, 0, 0), (2, 0)): [764, 173, 94, 44, 29, 15, 4, 3, 0, 1]
(0, (0, 0, 0), (2, 1)): [1055, 211, 105, 55, 27, 11, 3, 2]
(0, (0, 0, 0), (2, 2)): [938, 190, 66, 33, 24, 8, 2, 2]
(0, (0, 0, 0), (3, 0)): [315, 77, 47, 24, 14, 12, 2, 1]
(0, (0, 0, 0), (3, 1)): [448, 93, 66, 34, 11, 6, 3, 1]
(0, (0, 0, 0), (3, 2)): [590, 124, 69, 32, 17, 5, 2, 1]
(0, (0, 0, 1), (0, 0)): [2636, 8604, 2405, 1133, 573, 224, 117, 63, 24, 11, 4, 1, 3]
(0, (0, 0, 1), (0, 1)): [8, 15, 8, 2, 2, 0, 3]
(0, (0, 0, 1), (0, 2)): [3, 7, 1, 0, 1]
(0, (0, 0, 1), (1, 0)): [6, 29, 8, 4, 3]
(0, (0, 0, 1), (1, 1)): [5, 15, 9, 1, 2, 0, 3]
(0, (0, 0, 1), (1, 2)): [3, 4, 3, 0, 1, 0, 1]
(0, (0, 0, 1), (2, 0)): [4, 13, 2, 2, 1]
(0, (0, 0, 1), (2, 1)): [4, 9, 4, 2, 2, 0, 1]
(0, (0, 0, 1), (2, 2)): [4, 3, 2, 0, 2, 0, 1]
(0, (0, 0, 1), (3, 0)): [1, 7, 0, 1, 1]
(0, (0, 0, 1), (3, 1)): [2, 4, 2, 0, 1]
(0, (0, 0, 1), (3, 2)): [1, 4, 0, 0, 1, 0, 1]
(0, (0, 1, 0), (0, 0)): [18456, 18789, 7138, 3380, 1718, 757, 319, 140, 60, 37, 13, 4, 2]
(0, (0, 1, 0), (0, 1)): [71, 61, 24, 6, 6, 2, 0, 1]
(0, (0, 1, 0), (0, 2)): [21, 14, 9, 3, 1, 2]
(0, (0, 1, 0), (1, 0)): [68, 66, 22, 17, 8, 3, 2]
(0, (0, 1, 0), (1, 1)): [55, 42, 14, 7, 5, 3, 0, 1]
(0, (0, 1, 0), (1, 2)): [29, 22, 11, 5, 4, 1]
(0, (0, 1, 0), (2, 0)): [20, 33, 13, 10, 4, 0, 1]
(0, (0, 1, 0), (2, 1)): [16, 24, 13, 8, 2, 2, 1, 1]
(0, (0, 1, 0), (2, 2)): [21, 17, 11, 9, 1, 1]
(0, (0, 1, 0), (3, 0)): [15, 15, 6, 4, 3]
(0, (0, 1, 0), (3, 1)): [12, 12, 6, 4, 3, 2, 1, 1]
(0, (0, 1, 0), (3, 2)): [11, 11, 6, 5, 4, 1, 1]
(0, (0, 1, 1), (0, 0)): [1642, 2941, 3852, 1728, 914, 430, 191, 82, 47, 17, 6, 3, 0, 1, 1]
(0, (0, 1, 1), (0, 1)): [4, 6, 9, 5, 5, 0, 0, 0, 1]
(0, (0, 1, 1), (0, 2)): [3, 4, 2, 2, 4]
(0, (0, 1, 1), (1, 0)): [7, 11, 16, 17, 5, 3, 3]
(0, (0, 1, 1), (1, 1)): [3, 4, 8, 6, 2, 1, 0, 0, 1]
(0, (0, 1, 1), (1, 2)): [0, 2, 5, 5, 5]
(0, (0, 1, 1), (2, 0)): [4, 7, 10, 11, 3, 2, 1]
(0, (0, 1, 1), (2, 1)): [2, 4, 3, 3, 0, 1, 0, 0, 1]
(0, (0, 1, 1), (2, 2)): [1, 1, 4, 3, 3]
(0, (0, 1, 1), (3, 0)): [3, 4, 8, 9, 3, 2, 1]
(0, (0, 1, 1), (3, 1)): [2, 4, 3, 4, 1, 1, 0, 0, 1]
(0, (0, 1, 1), (3, 2)): [0, 2, 4, 2, 1, 0, 0, 0, 1]
(0, (1, 0, 0), (0, 0)): [125234, 44094, 27217, 13610, 6508, 2932, 1252, 543, 231, 119, 52, 17, 11, 3, 2]
(0, (1, 0, 0), (0, 1)): [487, 117, 99, 39, 27, 8, 5, 2, 1, 1]
(0, (1, 0, 0), (0, 2)): [181, 31, 33, 9, 7, 3, 1, 1, 0, 1]
(0, (1, 0, 0), (1, 0)): [407, 159, 93, 43, 21, 10, 8, 4, 2, 2]
(0, (1, 0, 0), (1, 1)): [334, 103, 78, 33, 19, 5, 4, 2, 0, 1]
(0, (1, 0, 0), (1, 2)): [189, 44, 55, 6, 8, 4, 2, 2]
(0, (1, 0, 0), (2, 0)): [140, 63, 28, 16, 11, 5, 3, 3, 2, 1]
(0, (1, 0, 0), (2, 1)): [163, 57, 31, 23, 10, 2, 2, 0, 2, 1]
(0, (1, 0, 0), (2, 2)): [152, 41, 32, 14, 6, 2, 1, 1, 1]
(0, (1, 0, 0), (3, 0)): [56, 22, 9, 8, 5, 3, 0, 1, 0, 1]
(0, (1, 0, 0), (3, 1)): [62, 25, 11, 10, 8, 2, 1, 0, 1, 1]
(0, (1, 0, 0), (3, 2)): [75, 24, 15, 7, 5, 3, 1, 0, 1]
(0, (1, 0, 1), (0, 0)): [2885, 9205, 4013, 2668, 1450, 671, 349, 140, 64, 28, 12, 8, 3, 0, 1]
(0, (1, 0, 1), (0, 1)): [9, 27, 9, 8, 5, 1, 3, 1]
(0, (1, 0, 1), (0, 2)): [4, 13, 2, 3, 1, 0, 2, 1]
(0, (1, 0, 1), (1, 0)): [14, 43, 17, 4, 7, 7, 0, 1]
(0, (1, 0, 1), (1, 1)): [8, 25, 12, 2, 4, 4, 1]
(0, (1, 0, 1), (1, 2)): [5, 14, 4, 2, 2, 0, 0, 1]
(0, (1, 0, 1), (2, 0)): [5, 16, 6, 1, 3, 3]
(0, (1, 0, 1), (2, 1)): [5, 18, 6, 1, 3, 3]
(0, (1, 0, 1), (2, 2)): [5, 9, 5, 0, 1, 1, 0, 1]
(0, (1, 0, 1), (3, 0)): [3, 6, 2, 0, 1, 2]
(0, (1, 0, 1), (3, 1)): [3, 6, 3, 0, 2, 1]
(0, (1, 0, 1), (3, 2)): [2, 6, 5]
(0, (1, 1, 0), (0, 0)): [16597, 11079, 9127, 6152, 3341, 1543, 680, 336, 134, 70, 35, 9, 5, 1]
(0, (1, 1, 0), (0, 1)): [83, 43, 29, 21, 11, 9, 3, 1]
(0, (1, 1, 0), (0, 2)): [22, 13, 13, 7, 9, 3, 1, 1]
(0, (1, 1, 0), (1, 0)): [60, 41, 30, 28, 14, 7, 4, 2, 1, 1]
(0, (1, 1, 0), (1, 1)): [57, 29, 22, 19, 5, 8, 2, 0, 1, 1]
(0, (1, 1, 0), (1, 2)): [39, 14, 12, 9, 6, 1, 0, 1, 0, 1]
(0, (1, 1, 0), (2, 0)): [19, 13, 11, 10, 7, 2, 2, 2]
(0, (1, 1, 0), (2, 1)): [23, 15, 10, 8, 7, 5, 2]
(0, (1, 1, 0), (2, 2)): [21, 14, 9, 8, 2, 2, 1, 0, 0, 1]
(0, (1, 1, 0), (3, 0)): [6, 7, 7, 5, 2, 1, 0, 2]
(0, (1, 1, 0), (3, 1)): [10, 8, 5, 5, 3, 3, 1, 1]
(0, (1, 1, 0), (3, 2)): [19, 6, 7, 7, 2, 1, 0, 1]
(0, (1, 1, 1), (0, 0)): [1718, 3172, 2736, 2240, 1732, 851, 391, 204, 91, 43, 24, 7, 1, 1, 1]
(0, (1, 1, 1), (0, 1)): [11, 11, 14, 8, 4, 1, 1, 0, 1, 1]
(0, (1, 1, 1), (0, 2)): [4, 3, 4, 4, 1]
(0, (1, 1, 1), (1, 0)): [5, 14, 18, 15, 11, 5, 3, 2, 1]
(0, (1, 1, 1), (1, 1)): [6, 11, 10, 9, 8, 1, 2, 0, 1]
(0, (1, 1, 1), (1, 2)): [4, 5, 5, 3, 4]
(0, (1, 1, 1), (2, 0)): [1, 4, 7, 9, 5, 2, 0, 1]
(0, (1, 1, 1), (2, 1)): [3, 4, 7, 5, 4, 1, 0, 1, 1]
(0, (1, 1, 1), (2, 2)): [2, 5, 4, 5, 1, 1]
(0, (1, 1, 1), (3, 0)): [0, 1, 3, 6, 3]
(0, (1, 1, 1), (3, 1)): [1, 0, 3, 7, 3, 0, 0, 0, 1]
(0, (1, 1, 1), (3, 2)): [1, 0, 4, 8, 3, 0, 0, 0, 1]
(1, (0, 0, 0), (0, 0)): [444607, 48037, 19794, 7924, 3143, 1257, 481, 199, 73, 27, 11, 6, 2, 1]
(1, (0, 0, 0), (0, 1)): [1834, 171, 66, 17, 17, 1, 0, 1]
(1, (0, 0, 0), (0, 2)): [689, 45, 24, 10, 3, 0, 0, 1]
(1, (0, 0, 0), (1, 0)): [1748, 222, 85, 26, 12, 7, 1, 1]
(1, (0, 0, 0), (1, 1)): [1510, 167, 56, 18, 11, 5, 1]
(1, (0, 0, 0), (1, 2)): [901, 77, 24, 14, 6, 2]
(1, (0, 0, 0), (2, 0)): [591, 91, 42, 10, 5, 2]
(1, (0, 0, 0), (2, 1)): [813, 102, 53, 11, 8, 1, 1]
(1, (0, 0, 0), (2, 2)): [728, 74, 31, 11, 6, 2, 1]
(1, (0, 0, 0), (3, 0)): [213, 34, 15, 6, 3, 1]
(1, (0, 0, 0), (3, 1)): [346, 68, 24, 8, 4]
(1, (0, 0, 0), (3, 2)): [433, 65, 33, 10, 3, 2]
(1, (0, 0, 1), (0, 0)): [14183, 22222, 4311, 1815, 790, 305, 134, 65, 29, 11, 6, 4, 3, 1]
(1, (0, 0, 1), (0, 1)): [42, 65, 10, 4, 1]
(1, (0, 0, 1), (0, 2)): [16, 26, 3]
(1, (0, 0, 1), (1, 0)): [61, 64, 14, 6, 6, 0, 1, 0, 1]
(1, (0, 0, 1), (1, 1)): [47, 49, 8, 5, 3]
(1, (0, 0, 1), (1, 2)): [23, 29, 5, 1]
(1, (0, 0, 1), (2, 0)): [24, 22, 9, 4, 4, 0, 1, 0, 1]
(1, (0, 0, 1), (2, 1)): [21, 26, 4, 4, 3]
(1, (0, 0, 1), (2, 2)): [21, 21, 3, 0, 1]
(1, (0, 0, 1), (3, 0)): [12, 13, 7, 3, 3, 0, 1, 0, 1]
(1, (0, 0, 1), (3, 1)): [13, 16, 2, 3, 2]
(1, (0, 0, 1), (3, 2)): [15, 12, 2, 1, 1]
(1, (0, 1, 0), (0, 0)): [64988, 31902, 10854, 4500, 1858, 771, 282, 124, 35, 24, 7, 5, 4]
(1, (0, 1, 0), (0, 1)): [234, 100, 32, 15, 3, 3, 2, 1]
(1, (0, 1, 0), (0, 2)): [83, 33, 8, 1, 0, 2, 1]
(1, (0, 1, 0), (1, 0)): [270, 144, 38, 24, 19, 3, 1, 1]
(1, (0, 1, 0), (1, 1)): [212, 95, 21, 15, 8, 2, 2, 1]
(1, (0, 1, 0), (1, 2)): [132, 54, 13, 4, 1, 1]
(1, (0, 1, 0), (2, 0)): [119, 50, 24, 16, 10, 2, 0, 1]
(1, (0, 1, 0), (2, 1)): [102, 51, 13, 12, 8, 2, 2, 1]
(1, (0, 1, 0), (2, 2)): [92, 41, 11, 6, 5, 1]
(1, (0, 1, 0), (3, 0)): [68, 28, 12, 11, 8, 0, 0, 1]
(1, (0, 1, 0), (3, 1)): [58, 25, 9, 11, 5, 1, 1]
(1, (0, 1, 0), (3, 2)): [62, 17, 8, 9, 3, 1]
(1, (0, 1, 1), (0, 0)): [11007, 9496, 9485, 3707, 1755, 709, 273, 110, 56, 19, 8, 4, 1, 1]
(1, (0, 1, 1), (0, 1)): [52, 21, 33, 7, 5, 0, 0, 1]
(1, (0, 1, 1), (0, 2)): [28, 3, 9, 4]
(1, (0, 1, 1), (1, 0)): [63, 34, 33, 14, 20, 6, 2, 1]
(1, (0, 1, 1), (1, 1)): [29, 14, 23, 5, 7, 0, 1]
(1, (0, 1, 1), (1, 2)): [28, 4, 11, 3, 0, 0, 1]
(1, (0, 1, 1), (2, 0)): [43, 28, 18, 9, 15, 6, 1, 1]
(1, (0, 1, 1), (2, 1)): [16, 11, 14, 3, 2]
(1, (0, 1, 1), (2, 2)): [20, 4, 10, 3]
(1, (0, 1, 1), (3, 0)): [35, 22, 14, 6, 15, 6, 1, 1]
(1, (0, 1, 1), (3, 1)): [9, 5, 4, 2, 2]
(1, (0, 1, 1), (3, 2)): [10, 4, 8]
(1, (1, 0, 0), (0, 0)): [181405, 34462, 20494, 9005, 3572, 1503, 558, 223, 96, 41, 16, 11, 2, 2]
(1, (1, 0, 0), (0, 1)): [709, 99, 74, 30, 15, 5, 5]
(1, (1, 0, 0), (0, 2)): [248, 34, 28, 8, 3, 0, 1]
(1, (1, 0, 0), (1, 0)): [656, 130, 108, 39, 12, 4, 0, 2]
(1, (1, 0, 0), (1, 1)): [535, 95, 60, 23, 10, 6, 2, 1]
(1, (1, 0, 0), (1, 2)): [321, 42, 30, 9, 4, 1, 1]
(1, (1, 0, 0), (2, 0)): [231, 44, 47, 19, 5, 1]
(1, (1, 0, 0), (2, 1)): [278, 53, 37, 16, 6, 3, 0, 1]
(1, (1, 0, 0), (2, 2)): [243, 34, 30, 10, 5, 1]
(1, (1, 0, 0), (3, 0)): [79, 21, 18, 9, 4]
(1, (1, 0, 0), (3, 1)): [105, 30, 18, 12, 3, 1, 0, 1]
(1, (1, 0, 0), (3, 2)): [122, 26, 18, 12, 2, 1]
(1, (1, 0, 1), (0, 0)): [14177, 18388, 6303, 3947, 1679, 733, 268, 106, 40, 27, 10, 2]
(1, (1, 0, 1), (0, 1)): [61, 59, 17, 12, 7, 2, 2, 1, 2]
(1, (1, 0, 1), (0, 2)): [38, 18, 5, 7, 1, 1, 1, 1]
(1, (1, 0, 1), (1, 0)): [56, 75, 14, 15, 8, 5, 0, 1]
(1, (1, 0, 1), (1, 1)): [33, 45, 11, 10, 7, 0, 1, 0, 1]
(1, (1, 0, 1), (1, 2)): [32, 18, 10, 9, 5, 0, 1, 1]
(1, (1, 0, 1), (2, 0)): [24, 26, 7, 4, 5, 3]
(1, (1, 0, 1), (2, 1)): [18, 27, 1, 4, 1, 1, 1, 0, 1]
(1, (1, 0, 1), (2, 2)): [16, 17, 7, 3, 2, 1, 0, 0, 1]
(1, (1, 0, 1), (3, 0)): [11, 10, 4, 1, 3, 2]
(1, (1, 0, 1), (3, 1)): [8, 13, 2, 3, 3, 1]
(1, (1, 0, 1), (3, 2)): [9, 16, 6, 3, 4, 1, 0, 0, 1]
(1, (1, 1, 0), (0, 0)): [47661, 15256, 11024, 7235, 3140, 1349, 535, 214, 83, 36, 11, 6, 2, 3]
(1, (1, 1, 0), (0, 1)): [184, 46, 47, 24, 11, 4, 2, 1]
(1, (1, 1, 0), (0, 2)): [72, 24, 16, 10, 4]
(1, (1, 1, 0), (1, 0)): [176, 58, 47, 46, 19, 4, 0, 1]
(1, (1, 1, 0), (1, 1)): [139, 28, 36, 24, 9, 1, 2, 1]
(1, (1, 1, 0), (1, 2)): [85, 12, 18, 11, 7, 0, 1]
(1, (1, 1, 0), (2, 0)): [63, 22, 16, 18, 10, 2]
(1, (1, 1, 0), (2, 1)): [85, 33, 20, 17, 4, 1, 1, 1]
(1, (1, 1, 0), (2, 2)): [63, 17, 15, 10, 5]
(1, (1, 1, 0), (3, 0)): [16, 2, 8, 7, 5, 1]
(1, (1, 1, 0), (3, 1)): [33, 15, 11, 8, 2, 0, 1, 1]
(1, (1, 1, 0), (3, 2)): [36, 11, 10, 9, 4, 0, 0, 1]
(1, (1, 1, 1), (0, 0)): [9623, 7994, 5245, 3709, 2499, 1117, 461, 185, 75, 28, 11, 6, 2, 1]
(1, (1, 1, 1), (0, 1)): [50, 34, 24, 19, 11, 5, 1, 1]
(1, (1, 1, 1), (0, 2)): [28, 11, 10, 7, 3, 3, 1]
(1, (1, 1, 1), (1, 0)): [49, 33, 36, 12, 20, 4, 3, 2]
(1, (1, 1, 1), (1, 1)): [35, 29, 17, 14, 11, 3, 1, 1]
(1, (1, 1, 1), (1, 2)): [24, 9, 8, 12, 6, 4, 2, 1]
(1, (1, 1, 1), (2, 0)): [17, 11, 21, 6, 10, 2, 1, 2]
(1, (1, 1, 1), (2, 1)): [23, 16, 15, 5, 10, 1, 1, 1]
(1, (1, 1, 1), (2, 2)): [23, 10, 11, 6, 8, 3, 3, 1]
(1, (1, 1, 1), (3, 0)): [5, 5, 6, 4, 5, 2]
(1, (1, 1, 1), (3, 1)): [11, 5, 3, 4, 3, 1, 0, 1]
(1, (1, 1, 1), (3, 2)): [18, 5, 5, 7, 4, 3, 1]
(2, (0, 0, 0), (0, 0)): [381347, 16286, 5529, 1726, 620, 229, 77, 29, 7, 2, 2]
(2, (0, 0, 0), (0, 1)): [1633, 74, 22, 7, 3, 2]
(2, (0, 0, 0), (0, 2)): [580, 18, 6, 4]
(2, (0, 0, 0), (1, 0)): [1670, 108, 31, 11, 5, 1, 1]
(2, (0, 0, 0), (1, 1)): [1420, 66, 22, 4, 5, 3, 1]
(2, (0, 0, 0), (1, 2)): [814, 27, 15, 3, 1, 1, 1]
(2, (0, 0, 0), (2, 0)): [627, 45, 16, 6, 1]
(2, (0, 0, 0), (2, 1)): [853, 45, 10, 5, 3, 2]
(2, (0, 0, 0), (2, 2)): [704, 28, 11, 7, 2, 2]
(2, (0, 0, 0), (3, 0)): [224, 23, 13, 3, 1]
(2, (0, 0, 0), (3, 1)): [389, 30, 7, 1, 2, 1]
(2, (0, 0, 0), (3, 2)): [464, 31, 12, 3, 1, 2]
(2, (0, 0, 1), (0, 0)): [42430, 14418, 2544, 860, 296, 111, 39, 12, 1, 2, 0, 1]
(2, (0, 0, 1), (0, 1)): [142, 50, 9, 0, 1]
(2, (0, 0, 1), (0, 2)): [62, 13, 5]
(2, (0, 0, 1), (1, 0)): [153, 61, 11, 2, 0, 1]
(2, (0, 0, 1), (1, 1)): [108, 36, 7, 1, 1]
(2, (0, 0, 1), (1, 2)): [76, 19, 6, 0, 1]
(2, (0, 0, 1), (2, 0)): [72, 25, 5, 1, 0, 1]
(2, (0, 0, 1), (2, 1)): [61, 20, 4, 1]
(2, (0, 0, 1), (2, 2)): [61, 15, 7, 0, 1]
(2, (0, 0, 1), (3, 0)): [42, 13, 4, 1, 0, 1]
(2, (0, 0, 1), (3, 1)): [30, 10, 2, 1]
(2, (0, 0, 1), (3, 2)): [37, 12, 5]
(2, (0, 1, 0), (0, 0)): [105320, 24648, 5933, 2025, 652, 236, 76, 22, 6, 1]
(2, (0, 1, 0), (0, 1)): [348, 76, 11, 2, 8]
(2, (0, 1, 0), (0, 2)): [124, 15, 2, 1, 4]
(2, (0, 1, 0), (1, 0)): [480, 85, 31, 12, 2, 3]
(2, (0, 1, 0), (1, 1)): [323, 65, 15, 1, 4, 2]
(2, (0, 1, 0), (1, 2)): [187, 29, 7, 2, 5]
(2, (0, 1, 0), (2, 0)): [244, 46, 18, 11, 2, 1]
(2, (0, 1, 0), (2, 1)): [204, 35, 8, 2, 1, 2]
(2, (0, 1, 0), (2, 2)): [184, 24, 7, 2, 4]
(2, (0, 1, 0), (3, 0)): [150, 27, 13, 6, 1]
(2, (0, 1, 0), (3, 1)): [110, 24, 5, 2, 2, 1]
(2, (0, 1, 0), (3, 2)): [130, 22, 7, 1, 2, 1]
(2, (0, 1, 1), (0, 0)): [26017, 2325, 6253, 1627, 606, 207, 68, 25, 10, 3, 1]
(2, (0, 1, 1), (0, 1)): [83, 7, 18, 2, 2, 0, 0, 1]
(2, (0, 1, 1), (0, 2)): [36, 1, 5, 2, 2]
(2, (0, 1, 1), (1, 0)): [134, 9, 29, 10, 6, 1]
(2, (0, 1, 1), (1, 1)): [74, 7, 18, 3, 2, 0, 0, 1]
(2, (0, 1, 1), (1, 2)): [48, 1, 9, 2, 1]
(2, (0, 1, 1), (2, 0)): [75, 6, 16, 7, 3, 1]
(2, (0, 1, 1), (2, 1)): [35, 5, 8, 2, 1]
(2, (0, 1, 1), (2, 2)): [36, 1, 9, 1]
(2, (0, 1, 1), (3, 0)): [62, 3, 11, 5, 3, 1]
(2, (0, 1, 1), (3, 1)): [21, 3, 5, 2]
(2, (0, 1, 1), (3, 2)): [28, 1, 10, 1]
(2, (1, 0, 0), (0, 0)): [222270, 17230, 9558, 3139, 1034, 339, 130, 45, 12, 3, 3]
(2, (1, 0, 0), (0, 1)): [791, 45, 31, 10, 4, 2, 1]
(2, (1, 0, 0), (0, 2)): [282, 14, 6, 1, 2, 2, 1]
(2, (1, 0, 0), (1, 0)): [855, 48, 42, 18, 9, 2, 1]
(2, (1, 0, 0), (1, 1)): [616, 35, 26, 13, 4]
(2, (1, 0, 0), (1, 2)): [358, 18, 13, 6, 2, 1]
(2, (1, 0, 0), (2, 0)): [308, 26, 17, 10, 5, 0, 1]
(2, (1, 0, 0), (2, 1)): [308, 27, 12, 2, 4]
(2, (1, 0, 0), (2, 2)): [262, 14, 14, 2, 3, 1]
(2, (1, 0, 0), (3, 0)): [104, 12, 6, 6, 3, 0, 1]
(2, (1, 0, 0), (3, 1)): [136, 19, 10, 3, 2, 0, 1]
(2, (1, 0, 0), (3, 2)): [145, 17, 7, 2, 2, 1]
(2, (1, 0, 1), (0, 0)): [37125, 9998, 4273, 2194, 697, 260, 82, 32, 11, 2, 0, 1]
(2, (1, 0, 1), (0, 1)): [138, 34, 9, 12, 4, 1]
(2, (1, 0, 1), (0, 2)): [53, 8, 3, 4, 1]
(2, (1, 0, 1), (1, 0)): [145, 24, 11, 14, 7, 1]
(2, (1, 0, 1), (1, 1)): [100, 26, 4, 7, 4]
(2, (1, 0, 1), (1, 2)): [59, 12, 3, 3, 1]
(2, (1, 0, 1), (2, 0)): [53, 5, 8, 10, 2]
(2, (1, 0, 1), (2, 1)): [50, 10, 3, 6, 3]
(2, (1, 0, 1), (2, 2)): [36, 5, 3, 3, 2]
(2, (1, 0, 1), (3, 0)): [27, 1, 3, 4]
(2, (1, 0, 1), (3, 1)): [24, 3, 3, 5, 2]
(2, (1, 0, 1), (3, 2)): [23, 4, 4, 1, 2]
(2, (1, 1, 0), (0, 0)): [80082, 12706, 6859, 4057, 1279, 461, 141, 47, 19, 7, 4, 0, 0, 1]
(2, (1, 1, 0), (0, 1)): [328, 50, 28, 12, 6, 2]
(2, (1, 1, 0), (0, 2)): [133, 18, 10, 3, 1]
(2, (1, 1, 0), (1, 0)): [323, 43, 29, 28, 5, 4, 2, 1]
(2, (1, 1, 0), (1, 1)): [246, 34, 15, 11, 3, 3]
(2, (1, 1, 0), (1, 2)): [149, 23, 11, 7, 1, 1]
(2, (1, 1, 0), (2, 0)): [129, 16, 15, 13, 2, 2, 1, 1]
(2, (1, 1, 0), (2, 1)): [143, 15, 9, 6, 2, 2]
(2, (1, 1, 0), (2, 2)): [116, 20, 9, 7, 1, 1]
(2, (1, 1, 0), (3, 0)): [59, 4, 7, 5, 1, 2, 1]
(2, (1, 1, 0), (3, 1)): [67, 3, 6, 7, 1, 3, 1]
(2, (1, 1, 0), (3, 2)): [86, 7, 11, 7, 1, 0, 1]
(2, (1, 1, 1), (0, 0)): [23653, 3592, 4120, 2159, 1418, 485, 159, 56, 23, 6, 4, 0, 0, 1]
(2, (1, 1, 1), (0, 1)): [136, 15, 18, 11, 8, 1]
(2, (1, 1, 1), (0, 2)): [70, 5, 1, 1, 3, 1]
(2, (1, 1, 1), (1, 0)): [99, 31, 21, 19, 4, 3, 1]
(2, (1, 1, 1), (1, 1)): [85, 12, 20, 10, 3, 1]
(2, (1, 1, 1), (1, 2)): [65, 7, 5, 4, 4, 1]
(2, (1, 1, 1), (2, 0)): [35, 27, 7, 10, 3, 1, 1]
(2, (1, 1, 1), (2, 1)): [38, 10, 11, 9, 2, 1, 1]
(2, (1, 1, 1), (2, 2)): [43, 11, 6, 4, 2, 0, 1]
(2, (1, 1, 1), (3, 0)): [12, 22, 2, 5, 1, 1]
(2, (1, 1, 1), (3, 1)): [19, 13, 2, 6, 1]
(2, (1, 1, 1), (3, 2)): [25, 12, 4, 8, 2, 0, 1]
