(0, (0, 0, 0)): [855674, 172040, 80802, 36914, 16737, 7292, 3016, 1273, 531, 240, 108, 48, 24, 6, 3, 1, 0, 1]
(0, (0, 0, 1)): [3775, 11753, 3264, 1532, 752, 338, 151, 81, 31, 18, 6, 1, 3, 1]
(0, (0, 1, 0)): [28079, 27154, 10583, 5008, 2491, 1088, 447, 194, 86, 48, 17, 5, 3, 0, 1]
(0, (0, 1, 1)): [2519, 4322, 5496, 2478, 1348, 612, 270, 128, 62, 29, 9, 6, 0, 2, 1, 0, 0, 1]
(0, (1, 0, 0)): [188770, 63873, 40486, 20053, 9668, 4406, 1861, 812, 352, 155, 73, 31, 15, 4, 2, 1, 0, 1]
(0, (1, 0, 1)): [4262, 13514, 5647, 3824, 2056, 967, 464, 201, 90, 38, 20, 10, 4, 0, 1, 0, 0, 1]
(0, (1, 1, 0)): [25687, 16608, 13116, 9123, 4942, 2341, 1027, 499, 198, 90, 45, 18, 7, 1]
(0, (1, 1, 1)): [2672, 4839, 4075, 3204, 2528, 1248, 598, 311, 132, 61, 33, 12, 2, 1, 1]
(1, (0, 0, 0)): [683994, 74430, 30970, 12259, 4912, 1894, 718, 282, 108, 43, 21, 11, 5, 2, 0, 1]
(1, (0, 0, 1)): [19888, 29917, 5874, 2459, 1052, 448, 177, 77, 35, 12, 6, 4, 3, 1]
(1, (0, 1, 0)): [94200, 44276, 15660, 6560, 2699, 1080, 371, 172, 51, 28, 14, 7, 5, 1, 1]
(1, (0, 1, 1)): [15916, 13244, 12806, 5030, 2537, 1005, 398, 159, 81, 22, 9, 4, 1, 2, 0, 1]
(1, (1, 0, 0)): [272721, 49680, 31047, 13440, 5523, 2227, 850, 321, 143, 62, 23, 15, 4, 2, 0, 2]
(1, (1, 0, 1)): [21161, 26332, 8720, 5661, 2455, 1029, 381, 160, 61, 43, 13, 3, 0, 1]
(1, (1, 1, 0)): [73342, 23077, 16170, 11065, 4837, 2045, 801, 324, 130, 56, 19, 10, 6, 4, 1]
(1, (1, 1, 1)): [15143, 12171, 7910, 5406, 3913, 1681, 694, 265, 110, 42, 15, 11, 6, 2, 1, 1]
(2, (0, 0, 0)): [589972, 26199, 8975, 2802, 997, 332, 121, 40, 8, 3, 4, 0, 1]
(2, (0, 0, 1)): [58515, 19262, 3551, 1217, 433, 160, 48, 15, 2, 2, 0, 1]
(2, (0, 1, 0)): [151955, 34172, 8715, 3022, 982, 332, 109, 27, 6, 2, 2, 0, 1]
(2, (0, 1, 1)): [36440, 3273, 8513, 2227, 870, 285, 102, 34, 11, 4, 3, 1, 0, 1]
(2, (1, 0, 0)): [333310, 24849, 15181, 4819, 1607, 508, 209, 61, 14, 8, 5, 0, 1]
(2, (1, 0, 1)): [54340, 14084, 5790, 3220, 1061, 357, 129, 43, 15, 4, 0, 2, 1]
(2, (1, 1, 0)): [125941, 19762, 10240, 6514, 2082, 718, 219, 77, 29, 13, 6, 1, 2, 1]
(2, (1, 1, 1)): [36868, 5539, 6250, 3223, 2233, 742, 241, 88, 34, 7, 5, 0, 1, 1]
