(0, (0, 0, 0), (0, 0)): [248980, 48966, 22134, 10018, 4485, 1889, 795, 322, 117, 50, 33, 4, 6, 3, 2]
(0, (0, 0, 0), (0, 1)): [788, 154, 53, 26, 11, 3, 1, 1, 0, 1]
(0, (0, 0, 0), (0, 2)): [312, 61, 20, 7, 3, 2, 1, 1]
(0, (0, 0, 0), (1, 0)): [756, 159, 61, 31, 14, 9, 3, 1, 0, 1]
(0, (0, 0, 0), (1, 1)): [622, 135, 40, 24, 9, 1, 0, 1]
(0, (0, 0, 0), (1, 2)): [396, 81, 19, 10, 3, 2, 0, 1]
(0, (0, 0, 0), (2, 0)): [300, 60, 33, 18, 9, 7, 1, 0, 0, 1]
(0, (0, 0, 0), (2, 1)): [349, 76, 24, 16, 5, 2]
(0, (0, 0, 0), (2, 2)): [331, 68, 12, 8, 5, 2]
(0, (0, 0, 0), (3, 0)): [141, 28, 25, 12, 7, 6, 1]
(0, (0, 0, 0), (3, 1)): [159, 37, 22, 9, 2, 1, 1]
(0, (0, 0, 0), (3, 2)): [203, 43, 21, 8, 6, 2, 1]
(0, (0, 0, 1), (0, 0)): [1407, 4225, 1203, 547, 265, 101, 57, 30, 5, 3, 2, 0, 2]
(0, (0, 0, 1), (1, 0)): [3, 11, 3, 3, 2]
(0, (0, 0, 1), (1, 1)): [3, 6, 3, 0, 1, 0, 1]
(0, (0, 0, 1), (2, 1)): [1, 3, 2, 1, 1, 0, 1]
(0, (0, 1, 0), (0, 0)): [8098, 8134, 2964, 1352, 698, 294, 115, 37, 26, 11, 6]
(0, (0, 1, 0), (0, 1)): [22, 29, 2, 2, 0, 1]
(0, (0, 1, 0), (0, 2)): [5, 8, 1, 2, 0, 1]
(0, (0, 1, 0), (1, 0)): [31, 20, 2, 6, 3]
(0, (0, 1, 0), (1, 1)): [20, 17, 1]
(0, (0, 1, 0), (1, 2)): [9, 12, 2, 2]
(0, (0, 1, 0), (2, 0)): [11, 11, 0, 5, 2]
(0, (0, 1, 0), (2, 1)): [6, 7, 0, 4]
(0, (0, 1, 0), (2, 2)): [8, 9, 1, 3]
(0, (0, 1, 0), (3, 0)): [8, 7, 0, 1, 2]
(0, (0, 1, 0), (3, 1)): [4, 1, 0, 3, 1]
(0, (0, 1, 0), (3, 2)): [3, 6, 1, 2, 1]
(0, (0, 1, 1), (0, 0)): [692, 1266, 1661, 742, 381, 168, 77, 31, 16, 5, 2, 1, 0, 1, 1]
(0, (1, 0, 0), (0, 0)): [56634, 20128, 11682, 5818, 2649, 1165, 505, 207, 78, 33, 24, 3, 5, 3, 2]
(0, (1, 0, 0), (0, 1)): [165, 31, 31, 11, 7, 3, 2, 1, 1]
(0, (1, 0, 0), (0, 2)): [56, 10, 14, 2, 2, 2, 1, 1]
(0, (1, 0, 0), (1, 0)): [130, 54, 33, 15, 3, 2, 0, 0, 2]
(0, (1, 0, 0), (1, 1)): [105, 30, 25, 10, 4, 2]
(0, (1, 0, 0), (1, 2)): [54, 14, 19, 0, 3, 2]
(0, (1, 0, 0), (2, 0)): [45, 24, 8, 8, 2, 0, 0, 0, 2]
(0, (1, 0, 0), (2, 1)): [51, 23, 6, 10, 1, 0, 0, 0, 2]
(0, (1, 0, 0), (2, 2)): [50, 13, 9, 4, 1, 1, 0, 0, 1]
(0, (1, 0, 0), (3, 0)): [21, 7, 3, 5, 1]
(0, (1, 0, 0), (3, 1)): [18, 8, 1, 6, 0, 0, 0, 0, 1]
(0, (1, 0, 0), (3, 2)): [19, 9, 3, 3, 0, 0, 0, 0, 1]
(0, (1, 0, 1), (0, 0)): [1331, 3579, 1719, 1071, 595, 266, 140, 53, 25, 11, 6, 3, 1, 0, 1]
(0, (1, 0, 1), (0, 1)): [4, 10, 0, 5, 0, 0, 3]
(0, (1, 0, 1), (0, 2)): [2, 5, 0, 2, 0, 0, 2]
(0, (1, 0, 1), (1, 0)): [7, 18, 4, 1, 2, 3]
(0, (1, 0, 1), (1, 1)): [3, 10, 1, 1, 1, 0, 1]
(0, (1, 0, 1), (1, 2)): [1, 6, 1, 1]
(0, (1, 0, 1), (2, 1)): [1, 9, 0, 1, 1]
(0, (1, 0, 1), (2, 2)): [1, 5, 1, 0, 1]
(0, (1, 0, 1), (3, 1)): [2, 4]
(0, (1, 0, 1), (3, 2)): [1, 5]
(0, (1, 1, 0), (0, 0)): [7284, 4778, 3997, 2612, 1390, 638, 281, 126, 43, 25, 19, 1, 2, 1]
(0, (1, 1, 0), (0, 1)): [28, 14, 10, 8, 1, 2]
(0, (1, 1, 0), (1, 0)): [17, 12, 8, 13, 4, 4, 2, 1]
(0, (1, 1, 0), (1, 1)): [12, 11, 5, 8, 1, 3]
(0, (1, 1, 0), (1, 2)): [12, 6, 3, 5]
(0, (1, 1, 0), (2, 0)): [9, 2, 6, 5, 3, 0, 1, 1]
(0, (1, 1, 0), (2, 1)): [7, 3, 3, 3, 4, 1, 1]
(0, (1, 1, 0), (2, 2)): [8, 3, 0, 4, 1, 0, 1]
(0, (1, 1, 0), (3, 2)): [4, 2, 3, 2, 2]
(0, (1, 1, 1), (0, 0)): [823, 1357, 1160, 1022, 784, 388, 171, 90, 38, 25, 12, 1, 1, 1, 1]
(0, (1, 1, 1), (1, 0)): [1, 2, 5, 4, 4, 1, 0, 0, 1]
(0, (1, 1, 1), (1, 1)): [1, 2, 3, 3, 4, 1, 0, 0, 1]
(0, (1, 1, 1), (2, 0)): [0, 1, 3, 1, 2]
(0, (1, 1, 1), (2, 1)): [0, 1, 1, 3, 1, 1, 0, 0, 1]
(0, (1, 1, 1), (2, 2)): [0, 1, 1, 3, 1, 1]
(0, (1, 1, 1), (3, 2)): [0, 0, 2, 3, 0, 0, 0, 0, 1]
(1, (0, 0, 0), (0, 0)): [195771, 20145, 8041, 3068, 1246, 509, 171, 74, 15, 9, 4, 1]
(1, (0, 0, 0), (0, 1)): [623, 75, 18, 8, 4]
(1, (0, 0, 0), (0, 2)): [251, 23, 8, 5]
(1, (0, 0, 0), (1, 0)): [581, 62, 27, 6, 2, 2, 0, 1]
(1, (0, 0, 0), (1, 1)): [485, 55, 16, 7, 3, 1]
(1, (0, 0, 0), (1, 2)): [289, 35, 4, 7, 0, 1]
(1, (0, 0, 0), (2, 0)): [200, 26, 15, 2, 1]
(1, (0, 0, 0), (2, 1)): [257, 29, 17, 4, 2]
(1, (0, 0, 0), (2, 2)): [232, 22, 9, 7, 0, 1]
(1, (0, 0, 0), (3, 0)): [86, 8, 4, 0, 1]
(1, (0, 0, 0), (3, 1)): [114, 20, 9, 0, 1]
(1, (0, 0, 0), (3, 2)): [138, 19, 13, 4, 0, 1]
(1, (0, 0, 1), (0, 0)): [7371, 11221, 2157, 869, 385, 149, 58, 28, 11, 2, 0, 2, 1]
(1, (0, 0, 1), (0, 1)): [19, 32, 2, 1, 1]
(1, (0, 1, 0), (0, 0)): [31130, 15148, 4992, 1993, 783, 330, 112, 44, 11, 5, 1, 2, 2]
(1, (0, 1, 0), (0, 1)): [107, 39, 9, 4, 1, 1, 1]
(1, (0, 1, 0), (0, 2)): [42, 15, 2, 0, 0, 1, 1]
(1, (0, 1, 0), (1, 0)): [122, 53, 17, 10, 5, 2]
(1, (0, 1, 0), (1, 1)): [101, 35, 7, 8, 3, 1]
(1, (0, 1, 0), (1, 2)): [69, 21, 6, 1, 1]
(1, (0, 1, 0), (2, 0)): [52, 16, 9, 4, 2, 1]
(1, (0, 1, 0), (2, 1)): [45, 20, 3, 8, 2, 2]
(1, (0, 1, 0), (2, 2)): [47, 13, 8, 5, 2, 1]
(1, (0, 1, 0), (3, 0)): [32, 10, 4, 2, 2]
(1, (0, 1, 0), (3, 1)): [27, 9, 2, 4, 2, 1]
(1, (0, 1, 0), (3, 2)): [35, 2, 6, 6, 0, 1]
(1, (0, 1, 1), (0, 0)): [5099, 4314, 4602, 1761, 731, 292, 106, 37, 14, 7, 4, 2, 0, 1]
(1, (0, 1, 1), (0, 1)): [17, 5, 16, 3, 1, 0, 0, 1]
(1, (0, 1, 1), (0, 2)): [11, 1, 5, 1]
(1, (0, 1, 1), (1, 0)): [18, 5, 10, 4, 3]
(1, (0, 1, 1), (1, 1)): [10, 2, 13, 3, 1]
(1, (0, 1, 1), (1, 2)): [10, 0, 7, 1]
(1, (0, 1, 1), (2, 0)): [9, 5, 2, 1, 1]
(1, (0, 1, 1), (2, 1)): [5, 3, 8, 1]
(1, (0, 1, 1), (2, 2)): [7, 1, 4, 2]
(1, (0, 1, 1), (3, 0)): [7, 4, 1, 0, 1]
(1, (1, 0, 0), (0, 0)): [79911, 15275, 8439, 3628, 1439, 613, 193, 87, 23, 11, 7, 3, 1, 2]
(1, (1, 0, 0), (0, 1)): [269, 35, 26, 12, 4, 3, 1]
(1, (1, 0, 0), (0, 2)): [109, 17, 12, 4]
(1, (1, 0, 0), (1, 0)): [247, 50, 47, 18, 3, 3, 0, 1]
(1, (1, 0, 0), (1, 1)): [196, 28, 23, 11, 1, 3, 0, 1]
(1, (1, 0, 0), (1, 2)): [140, 15, 15, 5, 1]
(1, (1, 0, 0), (2, 0)): [86, 21, 23, 8, 3, 1]
(1, (1, 0, 0), (2, 1)): [94, 16, 16, 8, 0, 3, 0, 1]
(1, (1, 0, 0), (2, 2)): [95, 13, 15, 6, 0, 1]
(1, (1, 0, 0), (3, 0)): [30, 13, 9, 4, 3]
(1, (1, 0, 0), (3, 2)): [48, 9, 11, 8, 0, 1]
(1, (1, 0, 1), (0, 0)): [6160, 7677, 2837, 1639, 712, 295, 94, 44, 15, 12, 5, 1]
(1, (1, 0, 1), (0, 1)): [17, 16, 8, 4, 1, 1]
(1, (1, 0, 1), (1, 0)): [14, 18, 1, 7, 2, 2]
(1, (1, 0, 1), (1, 1)): [5, 15, 2, 6, 1]
(1, (1, 0, 1), (1, 2)): [6, 6, 4, 5, 1]
(1, (1, 0, 1), (2, 0)): [8, 6, 0, 1, 2, 1]
(1, (1, 1, 0), (0, 0)): [19899, 6292, 4496, 2914, 1229, 509, 173, 73, 29, 10, 4, 2, 0, 3]
(1, (1, 1, 0), (0, 1)): [63, 17, 11, 13, 4, 2]
(1, (1, 1, 0), (0, 2)): [23, 8, 3, 5, 2]
(1, (1, 1, 0), (1, 0)): [48, 15, 14, 17, 6, 1]
(1, (1, 1, 0), (1, 1)): [56, 12, 5, 11, 2]
(1, (1, 1, 0), (1, 2)): [36, 4, 4, 6, 2]
(1, (1, 1, 0), (2, 1)): [25, 12, 2, 7, 2]
(1, (1, 1, 0), (2, 2)): [28, 5, 2, 4, 2]
(1, (1, 1, 0), (3, 1)): [5, 7, 2, 1, 1]
(1, (1, 1, 1), (0, 0)): [3818, 3115, 2035, 1539, 993, 435, 169, 80, 23, 6, 2, 0, 0, 1]
(1, (1, 1, 1), (0, 1)): [14, 11, 7, 3, 0, 1]
(1, (1, 1, 1), (0, 2)): [8, 5, 4, 2, 0, 1]
(1, (1, 1, 1), (1, 1)): [10, 9, 5, 4, 3, 1]
(2, (0, 0, 0), (0, 0)): [168482, 6664, 2109, 659, 231, 74, 24, 11, 1, 1, 1]
(2, (0, 0, 0), (0, 1)): [555, 30, 5, 2]
(2, (0, 0, 0), (0, 2)): [206, 7, 3, 1]
(2, (0, 0, 0), (1, 0)): [646, 44, 12, 4, 2]
(2, (0, 0, 0), (1, 1)): [506, 27, 5, 1]
(2, (0, 0, 0), (1, 2)): [289, 8, 6, 1]
(2, (0, 0, 0), (2, 0)): [260, 16, 6, 3, 1]
(2, (0, 0, 0), (2, 1)): [336, 19, 3, 1]
(2, (0, 0, 0), (2, 2)): [275, 13, 6, 2]
(2, (0, 0, 0), (3, 0)): [97, 8, 5, 2, 1]
(2, (0, 0, 0), (3, 1)): [157, 11, 2]
(2, (0, 0, 0), (3, 2)): [202, 14, 6, 1]
(2, (0, 0, 1), (0, 0)): [21492, 7622, 1212, 382, 130, 43, 18, 3]
(2, (0, 0, 1), (0, 1)): [57, 20, 3]
(2, (0, 0, 1), (1, 0)): [58, 25, 4]
(2, (0, 0, 1), (1, 1)): [40, 11, 1]
(2, (0, 0, 1), (1, 2)): [30, 11, 2]
(2, (0, 0, 1), (2, 0)): [30, 8, 3]
(2, (0, 0, 1), (2, 2)): [22, 6, 2]
(2, (0, 0, 1), (3, 0)): [17, 3, 2]
(2, (0, 0, 1), (3, 2)): [21, 3, 2]
(2, (0, 1, 0), (0, 0)): [50472, 11525, 2711, 858, 259, 87, 32, 12, 1, 1]
(2, (0, 1, 0), (0, 1)): [129, 23, 3, 1, 4]
(2, (0, 1, 0), (0, 2)): [53, 6, 0, 0, 2]
(2, (0, 1, 0), (1, 0)): [178, 29, 13, 2, 1, 1]
(2, (0, 1, 0), (1, 1)): [123, 23, 4, 0, 2]
(2, (0, 1, 0), (1, 2)): [77, 11, 1, 0, 4]
(2, (0, 1, 0), (2, 0)): [88, 13, 9, 2, 1, 1]
(2, (0, 1, 0), (2, 1)): [85, 15, 4, 0, 0, 1]
(2, (0, 1, 0), (2, 2)): [73, 7, 3, 0, 3]
(2, (0, 1, 0), (3, 0)): [45, 8, 5, 1, 1]
(2, (0, 1, 0), (3, 1)): [47, 9, 1, 0, 1, 1]
(2, (0, 1, 0), (3, 2)): [59, 6, 4, 0, 1, 1]
(2, (0, 1, 1), (0, 0)): [12944, 1205, 3080, 777, 263, 89, 23, 5, 3, 0, 1]
(2, (0, 1, 1), (0, 1)): [40, 5, 7, 2, 1]
(2, (0, 1, 1), (0, 2)): [16, 0, 2, 2, 1]
(2, (0, 1, 1), (1, 0)): [48, 3, 16, 5, 2]
(2, (0, 1, 1), (1, 1)): [31, 4, 11, 2]
(2, (0, 1, 1), (1, 2)): [19, 1, 4, 2, 1]
(2, (0, 1, 1), (2, 1)): [14, 2, 5]
(2, (0, 1, 1), (2, 2)): [18, 1, 3]
(2, (0, 1, 1), (3, 2)): [14, 0, 6]
(2, (1, 0, 0), (0, 0)): [97338, 7535, 3621, 1195, 369, 125, 45, 17, 3, 0, 1]
(2, (1, 0, 0), (0, 1)): [259, 6, 9, 2, 0, 1]
(2, (1, 0, 0), (0, 2)): [77, 2, 2, 0, 0, 1]
(2, (1, 0, 0), (1, 0)): [285, 15, 13, 4, 1]
(2, (1, 0, 0), (1, 1)): [214, 6, 11, 3, 1]
(2, (1, 0, 0), (1, 2)): [105, 2, 6, 2]
(2, (1, 0, 0), (2, 0)): [103, 8, 4, 2]
(2, (1, 0, 0), (2, 1)): [103, 4, 4, 0, 1]
(2, (1, 0, 0), (2, 2)): [78, 3, 8, 1]
(2, (1, 0, 0), (3, 0)): [38, 5, 1, 2]
(2, (1, 0, 0), (3, 1)): [42, 2, 1]
(2, (1, 0, 0), (3, 2)): [36, 3, 1, 1]
(2, (1, 0, 1), (0, 0)): [15883, 4537, 1969, 854, 275, 96, 31, 9, 3, 0, 0, 1]
(2, (1, 0, 1), (0, 1)): [32, 8, 3, 6, 1, 1]
(2, (1, 0, 1), (0, 2)): [13, 3, 1, 4]
(2, (1, 0, 1), (1, 0)): [41, 3, 6, 7]
(2, (1, 0, 1), (1, 1)): [15, 3, 1, 2, 1]
(2, (1, 0, 1), (1, 2)): [7, 4, 0, 3]
(2, (1, 0, 1), (2, 0)): [20, 2, 4, 4]
(2, (1, 0, 1), (2, 1)): [9, 1, 1, 2, 1]
(2, (1, 0, 1), (2, 2)): [10, 1, 0, 2]
(2, (1, 0, 1), (3, 0)): [12, 1, 2, 1]
(2, (1, 0, 1), (3, 1)): [8, 0, 2, 1, 1]
(2, (1, 0, 1), (3, 2)): [6, 0, 2, 1]
(2, (1, 1, 0), (0, 0)): [30985, 4713, 2618, 1495, 427, 153, 41, 14, 6, 2, 2, 0, 0, 1]
(2, (1, 1, 0), (0, 1)): [94, 13, 4, 2, 2]
(2, (1, 1, 0), (1, 0)): [83, 9, 9, 9, 0, 2, 0, 1]
(2, (1, 1, 0), (1, 1)): [55, 8, 3, 3, 1]
(2, (1, 1, 0), (1, 2)): [37, 4, 0, 1]
(2, (1, 1, 0), (2, 0)): [43, 5, 5, 5, 0, 1, 0, 1]
(2, (1, 1, 0), (2, 1)): [35, 5, 2, 2, 1]
(2, (1, 1, 0), (2, 2)): [29, 4, 1, 1, 1]
(2, (1, 1, 0), (3, 0)): [25, 2, 4, 2, 0, 1]
(2, (1, 1, 0), (3, 1)): [19, 1, 3, 3]
(2, (1, 1, 0), (3, 2)): [21, 1, 3, 1, 1]
(2, (1, 1, 1), (0, 0)): [9223, 1441, 1554, 880, 523, 159, 55, 17, 7, 2, 2, 0, 0, 1]
(2, (1, 1, 1), (0, 1)): [35, 3, 6, 3, 2, 1]
(2, (1, 1, 1), (0, 2)): [21, 2, 1, 0, 0, 1]
(2, (1, 1, 1), (1, 0)): [29, 9, 3, 8, 0, 1]
(2, (1, 1, 1), (1, 1)): [17, 2, 5, 4]
(2, (1, 1, 1), (1, 2)): [12, 0, 2, 1, 0, 1]
(2, (1, 1, 1), (2, 0)): [15, 8, 1, 4, 0, 1]
(2, (1, 1, 1), (2, 1)): [12, 5, 3, 4]
(2, (1, 1, 1), (2, 2)): [11, 2, 2, 2]
