(0, (0, 0, 0)): [1467427, 293269, 134707, 61039, 27141, 11535, 4749, 1974, 788, 353, 150, 67, 32, 10, 3, 1, 0, 1]
(0, (0, 0, 1)): [6290, 18668, 5086, 2405, 1162, 491, 224, 99, 37, 21, 9, 3, 3, 2]
(0, (0, 1, 0)): [51946, 48145, 18732, 9023, 4336, 1848, 787, 330, 134, 76, 27, 6, 3, 2, 1]
(0, (0, 1, 1)): [4349, 7359, 8830, 4098, 2162, 1009, 429, 199, 100, 44, 10, 6, 2, 2, 1, 0, 0, 1]
(0, (1, 0, 0)): [314961, 105636, 66323, 32717, 15482, 6898, 2863, 1230, 517, 231, 103, 42, 22, 4, 2, 1, 0, 1]
(0, (1, 0, 1)): [7566, 22591, 9285, 6346, 3335, 1509, 733, 300, 141, 56, 30, 15, 5, 1, 1, 0, 0, 1]
(0, (1, 1, 0)): [43077, 27518, 20800, 14686, 7798, 3660, 1546, 734, 298, 143, 65, 24, 10, 1]
(0, (1, 1, 1)): [4231, 7926, 6505, 4932, 3879, 1937, 893, 448, 195, 87, 43, 15, 4, 1, 1]
(1, (0, 0, 0)): [1187932, 128843, 52710, 20679, 8024, 3058, 1182, 438, 163, 66, 26, 15, 7, 3, 0, 1]
(1, (0, 0, 1)): [33463, 47991, 9434, 3987, 1677, 665, 262, 108, 46, 17, 9, 5, 4, 1]
(1, (0, 1, 0)): [162612, 72587, 25976, 11073, 4439, 1741, 602, 275, 81, 38, 20, 9, 9, 2, 1]
(1, (0, 1, 1)): [26126, 21237, 19358, 7722, 3911, 1546, 596, 234, 113, 39, 12, 7, 2, 2, 0, 1]
(1, (1, 0, 0)): [453860, 81038, 51278, 21667, 8781, 3472, 1361, 485, 210, 87, 31, 22, 5, 3, 0, 2]
(1, (1, 0, 1)): [36370, 42711, 13787, 9130, 3906, 1591, 631, 246, 83, 52, 14, 6, 0, 1]
(1, (1, 1, 0)): [123979, 38346, 25730, 18078, 7588, 3119, 1223, 491, 203, 78, 26, 15, 9, 5, 1]
(1, (1, 1, 1)): [25321, 20103, 12888, 8503, 6121, 2602, 1049, 399, 167, 63, 20, 15, 8, 3, 1, 1]
(2, (0, 0, 0)): [1031019, 46243, 15508, 4924, 1624, 532, 182, 57, 10, 6, 5, 0, 1]
(2, (0, 0, 1)): [97014, 30252, 5895, 1997, 707, 231, 68, 22, 4, 2, 0, 1]
(2, (0, 1, 0)): [257400, 55132, 14597, 5089, 1657, 563, 170, 50, 12, 8, 5, 0, 1]
(2, (0, 1, 1)): [58881, 5127, 13070, 3496, 1368, 433, 148, 49, 18, 4, 3, 1, 0, 1]
(2, (1, 0, 0)): [550773, 40001, 25534, 8085, 2585, 830, 322, 90, 18, 11, 6, 0, 1]
(2, (1, 0, 1)): [93267, 22836, 9042, 5307, 1735, 574, 196, 65, 22, 7, 0, 3, 1]
(2, (1, 1, 0)): [212536, 32578, 16398, 11008, 3494, 1154, 380, 124, 44, 20, 7, 1, 2, 1]
(2, (1, 1, 1)): [61369, 8966, 10372, 5107, 3672, 1170, 394, 137, 45, 10, 7, 1, 1, 1]
