(0, (0, 0, 0), (0, 0)): [141620, 26089, 11314, 4965, 2128, 852, 342, 127, 51, 15, 18]
(0, (0, 0, 0), (0, 1)): [426, 64, 24, 10, 4, 1, 1, 1]
(0, (0, 0, 0), (0, 2)): [168, 31, 7, 4, 2, 1, 1, 1]
(0, (0, 0, 0), (1, 0)): [356, 58, 23, 7, 3, 4, 2]
(0, (0, 0, 0), (1, 1)): [323, 46, 21, 8, 2, 1]
(0, (0, 0, 0), (1, 2)): [221, 31, 9, 5, 1, 1, 0, 1]
(0, (0, 0, 0), (2, 0)): [115, 26, 9, 3, 2, 3, 1]
(0, (0, 0, 0), (2, 1)): [160, 32, 9, 5, 0, 2]
(0, (0, 0, 0), (2, 2)): [173, 29, 3, 3, 1, 2]
(0, (0, 0, 0), (3, 0)): [42, 12, 7, 1, 2, 2, 1]
(0, (0, 0, 0), (3, 1)): [56, 13, 10, 1, 0, 0, 1]
(0, (0, 0, 0), (3, 2)): [81, 23, 8, 3, 1, 2, 1]
(0, (0, 0, 1), (0, 0)): [876, 2376, 668, 292, 126, 46, 26, 10, 2, 1, 2]
(0, (0, 0, 1), (1, 0)): [2, 5, 1, 0, 1]
(0, (0, 0, 1), (1, 1)): [3, 2, 1, 0, 1]
(0, (0, 0, 1), (1, 2)): [1, 1, 1]
(0, (0, 0, 1), (2, 1)): [0, 1, 0, 0, 1]
(0, (0, 0, 1), (2, 2)): [0, 0, 1, 0, 1]
(0, (0, 1, 0), (0, 0)): [4657, 4389, 1540, 708, 323, 115, 51, 11, 8, 3, 4]
(0, (0, 1, 0), (0, 1)): [16, 10, 1, 2]
(0, (0, 1, 0), (1, 0)): [13, 8, 1, 1]
(0, (0, 1, 0), (1, 1)): [12, 7, 1]
(0, (0, 1, 0), (1, 2)): [5, 3, 1, 2]
(0, (0, 1, 0), (2, 1)): [3, 2, 0, 1]
(0, (0, 1, 0), (2, 2)): [8, 2, 0, 2]
(0, (0, 1, 0), (3, 2)): [3, 0, 0, 1]
(0, (0, 1, 1), (0, 0)): [400, 667, 844, 379, 169, 77, 35, 14, 5, 4, 1]
(0, (0, 1, 1), (1, 0)): [2, 1, 0, 1, 0, 0, 1]
(0, (0, 1, 1), (1, 1)): [1, 0, 1]
(0, (0, 1, 1), (2, 1)): [1, 1]
(0, (0, 1, 1), (2, 2)): [1]
(0, (1, 0, 0), (0, 0)): [31966, 11208, 6045, 2955, 1281, 546, 212, 84, 35, 11, 13]
(0, (1, 0, 0), (0, 1)): [81, 12, 7, 5, 0, 1, 1]
(0, (1, 0, 0), (0, 2)): [25, 5, 1, 2, 0, 1, 1]
(0, (1, 0, 0), (1, 0)): [56, 24, 10, 4, 1, 2]
(0, (1, 0, 0), (1, 1)): [43, 11, 9, 1, 1, 1]
(0, (1, 0, 0), (1, 2)): [27, 3, 5, 0, 1, 2]
(0, (1, 0, 0), (2, 0)): [15, 9, 1, 3]
(0, (1, 0, 0), (2, 1)): [17, 13, 3, 3]
(0, (1, 0, 0), (2, 2)): [17, 4, 4, 1, 1, 1]
(0, (1, 0, 0), (3, 0)): [5, 2, 0, 1]
(0, (1, 0, 0), (3, 1)): [4, 3, 0, 1]
(0, (1, 0, 0), (3, 2)): [3, 3, 1, 1]
(0, (1, 0, 1), (0, 0)): [755, 1767, 873, 518, 258, 103, 56, 23, 11, 2, 3]
(0, (1, 0, 1), (0, 1)): [2, 2, 0, 3, 0, 0, 1]
(0, (1, 0, 1), (1, 0)): [3, 7, 1, 0, 1]
(0, (1, 0, 1), (1, 1)): [1, 3, 0, 0, 1]
(0, (1, 0, 1), (1, 2)): [1, 1]
(0, (1, 0, 1), (2, 0)): [0, 3]
(0, (1, 0, 1), (2, 2)): [0, 1, 0, 0, 1]
(0, (1, 1, 0), (0, 0)): [4028, 2631, 2117, 1343, 706, 305, 123, 48, 17, 12, 9]
(0, (1, 1, 0), (0, 1)): [9, 7, 3, 3, 0, 1]
(0, (1, 1, 0), (0, 2)): [4, 3, 1, 2, 0, 1]
(0, (1, 1, 0), (1, 0)): [5, 3, 0, 2, 0, 1, 1]
(0, (1, 1, 0), (1, 1)): [2, 3, 2, 2]
(0, (1, 1, 0), (1, 2)): [3, 2, 1, 2]
(0, (1, 1, 0), (2, 1)): [2, 1]
(0, (1, 1, 0), (2, 2)): [2, 1, 0, 1]
(0, (1, 1, 0), (3, 2)): [1, 0, 0, 1]
(0, (1, 1, 1), (0, 0)): [486, 773, 644, 559, 396, 192, 86, 45, 22, 13, 6]
(0, (1, 1, 1), (0, 1)): [0, 0, 1, 3, 1]
(0, (1, 1, 1), (0, 2)): [0, 0, 0, 3]
(0, (1, 1, 1), (1, 0)): [0, 2]
(1, (0, 0, 0), (0, 0)): [111533, 10545, 4083, 1448, 571, 230, 70, 37, 8, 2, 2]
(1, (0, 0, 0), (0, 1)): [339, 27, 8, 4, 2]
(1, (0, 0, 0), (0, 2)): [122, 9, 2, 3]
(1, (0, 0, 0), (1, 0)): [266, 26, 13, 2, 0, 2, 0, 1]
(1, (0, 0, 0), (1, 1)): [259, 20, 6, 1, 0, 1]
(1, (0, 0, 0), (1, 2)): [152, 13, 2, 3, 0, 1]
(1, (0, 0, 0), (2, 0)): [80, 8, 7, 2]
(1, (0, 0, 0), (2, 1)): [122, 9, 7, 2]
(1, (0, 0, 0), (2, 2)): [119, 5, 2, 2, 0, 1]
(1, (0, 0, 0), (3, 0)): [26, 3, 3]
(1, (0, 0, 0), (3, 1)): [40, 7, 6]
(1, (0, 0, 0), (3, 2)): [65, 5, 6, 1, 0, 1]
(1, (0, 0, 1), (0, 0)): [4500, 6476, 1188, 460, 194, 68, 29, 13, 5, 1]
(1, (0, 0, 1), (0, 1)): [12, 16]
(1, (0, 0, 1), (0, 2)): [7, 7]
(1, (0, 0, 1), (1, 0)): [13, 13, 3, 1, 1]
(1, (0, 0, 1), (1, 1)): [11, 11, 1, 1, 1]
(1, (0, 0, 1), (1, 2)): [6, 6, 0, 1]
(1, (0, 0, 1), (2, 0)): [2, 1, 1]
(1, (0, 0, 1), (3, 0)): [0, 1, 1]
(1, (0, 1, 0), (0, 0)): [18256, 8521, 2685, 1038, 378, 153, 49, 19, 7]
(1, (0, 1, 0), (0, 1)): [48, 18, 4, 2, 0, 1]
(1, (0, 1, 0), (0, 2)): [16, 5, 0, 0, 0, 1]
(1, (0, 1, 0), (1, 0)): [49, 23, 4, 4, 1, 1]
(1, (0, 1, 0), (1, 1)): [43, 17, 2, 3, 1, 1]
(1, (0, 1, 0), (1, 2)): [32, 9, 2, 1, 1]
(1, (0, 1, 0), (2, 0)): [20, 5, 3, 1]
(1, (0, 1, 0), (2, 1)): [13, 7, 1, 2, 0, 1]
(1, (0, 1, 0), (2, 2)): [17, 8, 2, 3, 1, 1]
(1, (0, 1, 0), (3, 0)): [10, 3, 1, 1]
(1, (0, 1, 0), (3, 1)): [7, 3, 2]
(1, (0, 1, 0), (3, 2)): [12, 0, 1, 1, 0, 1]
(1, (0, 1, 1), (0, 0)): [3009, 2386, 2477, 929, 359, 148, 49, 14, 5, 3, 1]
(1, (0, 1, 1), (0, 1)): [7, 1, 8, 1, 0, 0, 0, 1]
(1, (0, 1, 1), (1, 0)): [10, 2, 2, 2, 1]
(1, (0, 1, 1), (1, 1)): [6, 0, 6, 2]
(1, (0, 1, 1), (2, 0)): [5, 2]
(1, (0, 1, 1), (2, 1)): [3, 1, 3]
(1, (0, 1, 1), (2, 2)): [4, 1, 1, 1]
(1, (0, 1, 1), (3, 1)): [2]
(1, (0, 1, 1), (3, 2)): [2, 1, 1]
(1, (1, 0, 0), (0, 0)): [43935, 8262, 4257, 1725, 660, 285, 77, 40, 9, 3, 2]
(1, (1, 0, 0), (0, 1)): [121, 11, 9, 5, 3, 1, 1]
(1, (1, 0, 0), (0, 2)): [42, 7, 4, 2]
(1, (1, 0, 0), (1, 0)): [84, 18, 11, 3, 0, 2]
(1, (1, 0, 0), (1, 1)): [78, 7, 3, 3, 1, 1]
(1, (1, 0, 0), (1, 2)): [59, 6, 3, 2, 1]
(1, (1, 0, 0), (2, 0)): [23, 5, 5]
(1, (1, 0, 0), (2, 1)): [25, 4, 3, 1, 0, 1]
(1, (1, 0, 0), (2, 2)): [32, 5, 3, 3, 0, 1]
(1, (1, 0, 0), (3, 0)): [5, 3, 2]
(1, (1, 0, 0), (3, 1)): [8, 3, 1]
(1, (1, 0, 0), (3, 2)): [11, 6, 2, 1, 0, 1]
(1, (1, 0, 1), (0, 0)): [3196, 3909, 1455, 808, 338, 121, 31, 17, 6, 2, 1]
(1, (1, 0, 1), (0, 1)): [10, 8, 1, 2, 1]
(1, (1, 0, 1), (0, 2)): [7, 2, 1, 1]
(1, (1, 0, 1), (1, 0)): [8, 8, 0, 0, 1, 1]
(1, (1, 0, 1), (1, 1)): [3, 8, 0, 1, 1]
(1, (1, 0, 1), (1, 2)): [4, 4, 1, 0, 1]
(1, (1, 0, 1), (2, 1)): [2, 2, 0, 1]
(1, (1, 0, 1), (2, 2)): [1, 2, 1]
(1, (1, 0, 1), (3, 2)): [0, 2, 1]
(1, (1, 1, 0), (0, 0)): [10742, 3289, 2353, 1424, 587, 225, 74, 27, 9, 1]
(1, (1, 1, 0), (0, 1)): [27, 5, 7, 4, 1]
(1, (1, 1, 0), (0, 2)): [6, 3, 2, 2]
(1, (1, 1, 0), (1, 0)): [22, 8, 6, 4, 1, 1]
(1, (1, 1, 0), (1, 1)): [32, 5, 3, 1, 1]
(1, (1, 1, 0), (1, 2)): [17, 2, 3, 1]
(1, (1, 1, 0), (2, 0)): [3, 1, 1, 1]
(1, (1, 1, 0), (2, 1)): [12, 4, 2, 2]
(1, (1, 1, 0), (2, 2)): [13, 1, 2, 1]
(1, (1, 1, 0), (3, 0)): [1]
(1, (1, 1, 0), (3, 2)): [5, 2, 1, 1]
(1, (1, 1, 1), (0, 0)): [2105, 1691, 1087, 817, 489, 219, 87, 38, 8, 2]
(1, (1, 1, 1), (0, 1)): [4, 0, 1, 0, 0, 1]
(1, (1, 1, 1), (1, 0)): [4, 5, 3, 2, 2]
(1, (1, 1, 1), (1, 1)): [5, 4, 2, 2, 1]
(1, (1, 1, 1), (1, 2)): [4, 1, 0, 2, 1, 1]
(1, (1, 1, 1), (2, 0)): [0, 1, 1, 0, 1]
(1, (1, 1, 1), (2, 1)): [0, 3]
(1, (1, 1, 1), (2, 2)): [0, 1, 0, 0, 0, 1]
(1, (1, 1, 1), (3, 2)): [0, 1, 0, 0, 0, 1]
(2, (0, 0, 0), (0, 0)): [96711, 3384, 1040, 297, 99, 30, 12, 4, 1, 0, 1]
(2, (0, 0, 0), (0, 1)): [283, 6, 2]
(2, (0, 0, 0), (0, 2)): [104, 2, 1]
(2, (0, 0, 0), (1, 0)): [256, 13, 4, 0, 1]
(2, (0, 0, 0), (1, 1)): [224, 9, 1]
(2, (0, 0, 0), (1, 2)): [131, 3, 2]
(2, (0, 0, 0), (2, 0)): [88, 2, 3]
(2, (0, 0, 0), (2, 1)): [130, 7]
(2, (0, 0, 0), (2, 2)): [109, 5, 2]
(2, (0, 0, 0), (3, 0)): [25, 2, 3]
(2, (0, 0, 0), (3, 1)): [59, 3, 1]
(2, (0, 0, 0), (3, 2)): [77, 4, 1]
(2, (0, 0, 1), (0, 0)): [12117, 4311, 639, 195, 57, 13, 9, 2]
(2, (0, 0, 1), (0, 1)): [30, 12, 2]
(2, (0, 0, 1), (0, 2)): [16, 6, 2]
(2, (0, 0, 1), (1, 0)): [25, 12, 1]
(2, (0, 0, 1), (1, 1)): [17, 5]
(2, (0, 0, 1), (1, 2)): [17, 8, 2]
(2, (0, 0, 1), (2, 0)): [12, 3, 1]
(2, (0, 0, 1), (2, 1)): [11, 1]
(2, (0, 0, 1), (2, 2)): [12, 3, 2]
(2, (0, 0, 1), (3, 0)): [4, 2]
(2, (0, 0, 1), (3, 1)): [9, 2]
(2, (0, 0, 1), (3, 2)): [8, 1, 2]
(2, (0, 1, 0), (0, 0)): [29745, 6541, 1464, 435, 110, 37, 14, 8]
(2, (0, 1, 0), (0, 1)): [68, 11, 2, 1, 1]
(2, (0, 1, 0), (0, 2)): [28, 1]
(2, (0, 1, 0), (1, 0)): [88, 15, 6, 0, 0, 1]
(2, (0, 1, 0), (1, 1)): [61, 13, 2, 0, 1]
(2, (0, 1, 0), (1, 2)): [40, 5, 0, 0, 1]
(2, (0, 1, 0), (2, 0)): [40, 6, 3, 0, 0, 1]
(2, (0, 1, 0), (2, 1)): [39, 10, 2, 0, 0, 1]
(2, (0, 1, 0), (2, 2)): [37, 2]
(2, (0, 1, 0), (3, 1)): [19, 7, 1, 0, 0, 1]
(2, (0, 1, 0), (3, 2)): [23, 5, 1, 0, 0, 1]
(2, (0, 1, 1), (0, 0)): [7342, 720, 1665, 399, 130, 44, 9, 2]
(2, (0, 1, 1), (0, 1)): [22, 3, 3]
(2, (0, 1, 1), (0, 2)): [7]
(2, (0, 1, 1), (1, 0)): [17, 1, 11, 1, 1]
(2, (0, 1, 1), (1, 1)): [17, 3, 7, 1]
(2, (0, 1, 1), (1, 2)): [9, 1, 3, 1]
(2, (0, 1, 1), (2, 0)): [7, 1, 5]
(2, (0, 1, 1), (2, 1)): [9, 1, 3]
(2, (0, 1, 1), (2, 2)): [9, 1, 1]
(2, (0, 1, 1), (3, 0)): [5, 0, 4]
(2, (0, 1, 1), (3, 1)): [4, 1, 3]
(2, (0, 1, 1), (3, 2)): [8, 0, 3]
(2, (1, 0, 0), (0, 0)): [53226, 3949, 1720, 527, 158, 57, 20, 6, 1, 0, 1]
(2, (1, 0, 0), (0, 1)): [128, 2, 3]
(2, (1, 0, 0), (0, 2)): [33]
(2, (1, 0, 0), (1, 0)): [140, 4, 5, 1, 1]
(2, (1, 0, 0), (1, 1)): [97, 2, 2, 0, 1]
(2, (1, 0, 0), (1, 2)): [44]
(2, (1, 0, 0), (2, 0)): [42, 3, 2, 1]
(2, (1, 0, 0), (2, 1)): [40, 2, 0, 0, 1]
(2, (1, 0, 0), (2, 2)): [21]
(2, (1, 0, 0), (3, 0)): [13, 1, 1, 1]
(2, (1, 0, 0), (3, 1)): [15, 1]
(2, (1, 0, 1), (0, 0)): [7932, 2272, 1030, 371, 126, 36, 9, 2]
(2, (1, 0, 1), (0, 1)): [9, 2, 1, 2, 0, 1]
(2, (1, 0, 1), (0, 2)): [2, 1, 0, 2]
(2, (1, 0, 1), (1, 0)): [18, 1, 5]
(2, (1, 0, 1), (1, 1)): [4, 1]
(2, (1, 0, 1), (1, 2)): [2, 2, 0, 1]
(2, (1, 0, 1), (2, 0)): [7, 0, 3]
(2, (1, 0, 1), (2, 2)): [1, 1, 0, 1]
(2, (1, 0, 1), (3, 0)): [2, 0, 1]
(2, (1, 0, 1), (3, 1)): [2, 0, 2]
(2, (1, 0, 1), (3, 2)): [0, 0, 2, 1]
(2, (1, 1, 0), (0, 0)): [16326, 2321, 1313, 685, 167, 63, 16, 6, 3, 1, 1]
(2, (1, 1, 0), (0, 1)): [40, 3, 3, 0, 1]
(2, (1, 1, 0), (0, 2)): [13, 1]
(2, (1, 1, 0), (1, 0)): [25, 4, 2, 1]
(2, (1, 1, 0), (1, 1)): [21, 1, 1]
(2, (1, 1, 0), (1, 2)): [11, 1]
(2, (1, 1, 0), (2, 1)): [11, 1]
(2, (1, 1, 0), (2, 2)): [9, 1]
(2, (1, 1, 0), (3, 1)): [5, 0, 1]
(2, (1, 1, 0), (3, 2)): [5, 0, 1]
(2, (1, 1, 1), (0, 0)): [4986, 785, 775, 422, 241, 74, 25, 6, 2, 2, 1]
(2, (1, 1, 1), (0, 1)): [15, 1, 3, 1, 1]
(2, (1, 1, 1), (1, 0)): [6, 1, 1]
(2, (1, 1, 1), (1, 1)): [7, 1, 2, 1]
(2, (1, 1, 1), (2, 1)): [6, 1, 2, 1]
(2, (1, 1, 1), (2, 2)): [5, 0, 1]
(2, (1, 1, 1), (3, 1)): [1, 1, 0, 1]
(2, (1, 1, 1), (3, 2)): [4, 0, 1, 1]
