(0, (0, 0, 0)): [1663320, 333740, 152717, 69219, 30738, 13024, 5355, 2207, 889, 391, 169, 72, 32, 13, 4, 1, 0, 1]
(0, (0, 0, 1)): [6856, 20652, 5651, 2673, 1282, 533, 243, 110, 40, 23, 11, 3, 3, 2]
(0, (0, 1, 0)): [59492, 55664, 21613, 10405, 4950, 2130, 900, 375, 155, 86, 30, 7, 3, 3, 2]
(0, (0, 1, 1)): [4910, 8398, 10055, 4641, 2427, 1158, 485, 218, 111, 47, 11, 8, 2, 2, 1, 0, 0, 1]
(0, (1, 0, 0)): [354447, 119199, 74871, 36928, 17493, 7783, 3228, 1379, 576, 258, 118, 45, 22, 7, 3, 1, 0, 1]
(0, (1, 0, 1)): [8430, 25655, 10500, 7209, 3780, 1727, 817, 328, 162, 62, 35, 15, 5, 1, 2, 0, 0, 1]
(0, (1, 1, 0)): [48778, 31119, 23383, 16603, 8810, 4109, 1744, 822, 335, 157, 73, 24, 11, 4]
(0, (1, 1, 1)): [4704, 8961, 7353, 5512, 4379, 2174, 1002, 487, 221, 95, 46, 15, 6, 2, 1]
(1, (0, 0, 0)): [1350185, 146974, 59910, 23599, 9127, 3435, 1331, 491, 182, 72, 29, 16, 7, 3, 0, 1]
(1, (0, 0, 1)): [37835, 54540, 10734, 4539, 1886, 772, 290, 115, 53, 21, 11, 5, 4, 1]
(1, (0, 1, 0)): [184822, 82072, 29423, 12601, 5034, 1985, 676, 313, 98, 42, 24, 9, 9, 2, 1]
(1, (0, 1, 1)): [29298, 24164, 21722, 8633, 4409, 1719, 682, 263, 122, 42, 12, 7, 2, 2, 0, 1]
(1, (1, 0, 0)): [511719, 91534, 57991, 24538, 9908, 3887, 1535, 545, 230, 96, 35, 23, 5, 3, 0, 2]
(1, (1, 0, 1)): [41280, 48171, 15553, 10296, 4413, 1778, 704, 276, 91, 59, 16, 6, 0, 1]
(1, (1, 1, 0)): [140417, 43294, 28891, 20444, 8546, 3502, 1365, 552, 225, 84, 30, 16, 9, 5, 1]
(1, (1, 1, 1)): [28517, 22888, 14524, 9501, 6944, 2930, 1181, 442, 191, 68, 21, 15, 8, 3, 1, 1]
(2, (0, 0, 0)): [1173573, 52980, 17653, 5601, 1865, 591, 205, 69, 12, 7, 5, 0, 1]
(2, (0, 0, 1)): [110969, 34116, 6762, 2273, 805, 273, 80, 27, 5, 2, 0, 1]
(2, (0, 1, 0)): [293081, 62163, 16636, 5816, 1900, 633, 192, 60, 16, 9, 6, 0, 1]
(2, (0, 1, 1)): [67049, 5825, 14642, 3941, 1555, 503, 169, 53, 19, 5, 3, 1, 0, 1]
(2, (1, 0, 0)): [620439, 45151, 28878, 9170, 2946, 941, 365, 105, 20, 13, 6, 0, 1]
(2, (1, 0, 1)): [106686, 25800, 10228, 6063, 1961, 653, 218, 72, 24, 8, 0, 3, 1]
(2, (1, 1, 0)): [240406, 36749, 18467, 12461, 3972, 1279, 433, 146, 48, 22, 8, 1, 2, 1]
(2, (1, 1, 1)): [69525, 10121, 11683, 5780, 4166, 1315, 443, 145, 49, 10, 7, 1, 1, 1]
