(0, (0, 0, 0)): [2109800, 431642, 198578, 90933, 40836, 17532, 7292, 2945, 1200, 515, 235, 111, 37, 21, 5, 1, 1, 1]
(0, (0, 0, 1)): [7983, 24665, 6784, 3293, 1578, 686, 305, 125, 51, 29, 18, 3, 4, 3]
(0, (0, 1, 0)): [77667, 73147, 28688, 14198, 6773, 2921, 1261, 513, 214, 113, 40, 17, 6, 6, 3, 0, 1]
(0, (0, 1, 1)): [6206, 10937, 13026, 6078, 3183, 1539, 657, 282, 148, 62, 19, 11, 3, 4, 2, 0, 1, 1]
(0, (1, 0, 0)): [444581, 148381, 95733, 47669, 22868, 10307, 4291, 1823, 769, 329, 162, 64, 24, 16, 3, 1, 1, 1]
(0, (1, 0, 1)): [10478, 31950, 13083, 9263, 4905, 2278, 1072, 432, 213, 86, 47, 19, 8, 3, 2, 0, 0, 1]
(0, (1, 1, 0)): [62936, 39983, 29774, 21616, 11533, 5429, 2313, 1061, 444, 203, 97, 37, 12, 5, 0, 0, 1]
(0, (1, 1, 1)): [6037, 11834, 9565, 7022, 5730, 2880, 1330, 625, 301, 128, 65, 21, 7, 4, 1, 0, 1]
(1, (0, 0, 0)): [1720493, 192028, 78662, 31229, 12265, 4674, 1817, 653, 230, 95, 36, 22, 7, 3, 0, 1]
(1, (0, 0, 1)): [47303, 68202, 13579, 5923, 2429, 996, 386, 140, 70, 25, 14, 8, 4, 2]
(1, (0, 1, 0)): [234812, 102600, 37772, 16417, 6619, 2670, 931, 409, 120, 60, 32, 9, 10, 2, 1]
(1, (0, 1, 1)): [36652, 30900, 27066, 10962, 5660, 2212, 884, 350, 158, 53, 15, 8, 2, 2, 0, 1]
(1, (1, 0, 0)): [644657, 114440, 74783, 31954, 13078, 5201, 2059, 743, 290, 123, 47, 32, 5, 3, 0, 2]
(1, (1, 0, 1)): [52531, 60103, 19420, 13192, 5738, 2347, 919, 364, 125, 73, 22, 7, 1, 1]
(1, (1, 1, 0)): [180737, 54876, 36628, 26690, 11244, 4667, 1828, 729, 282, 114, 44, 25, 9, 5, 1]
(1, (1, 1, 1)): [36914, 29633, 18661, 12197, 9256, 3905, 1609, 613, 248, 89, 30, 20, 9, 4, 1, 1]
(2, (0, 0, 0)): [1501271, 70638, 23589, 7477, 2519, 799, 270, 92, 18, 8, 5, 0, 1]
(2, (0, 0, 1)): [142505, 42368, 8850, 3016, 1079, 368, 105, 36, 8, 5, 0, 2]
(2, (0, 1, 0)): [375035, 78171, 21774, 7700, 2589, 854, 269, 83, 19, 12, 7, 0, 1]
(2, (0, 1, 1)): [86618, 7358, 18375, 5261, 2077, 680, 218, 71, 23, 6, 4, 1, 0, 1]
(2, (1, 0, 0)): [780796, 56746, 37809, 12031, 3996, 1271, 482, 140, 35, 15, 7, 1, 1]
(2, (1, 0, 1)): [137396, 32381, 12847, 8065, 2703, 866, 296, 89, 30, 10, 2, 4, 1]
(2, (1, 1, 0)): [307213, 46343, 23482, 16392, 5306, 1724, 582, 193, 64, 28, 10, 2, 2, 1]
(2, (1, 1, 1)): [90737, 13221, 15102, 7617, 5712, 1772, 603, 200, 67, 16, 10, 3, 1, 1]
