(0, (0, 0, 0), (0, 0)): [2076832, 424718, 195273, 89489, 40138, 17230, 7129, 2889, 1178, 505, 229, 110, 37, 21, 5, 1, 1, 1]
(0, (0, 0, 0), (0, 1)): [304691, 60120, 27303, 12924, 5683, 2531, 1003, 372, 159, 70, 38, 19, 5, 4, 1, 1]
(0, (0, 0, 0), (0, 2)): [116246, 20285, 9084, 4205, 1807, 793, 315, 110, 47, 25, 8, 4, 3, 0, 1]
(0, (0, 0, 0), (1, 0)): [261556, 59652, 28373, 13285, 6250, 2649, 1171, 466, 187, 60, 36, 16, 2, 5, 1, 0, 1]
(0, (0, 0, 0), (1, 1)): [256239, 53111, 24645, 11594, 5185, 2281, 945, 358, 158, 51, 35, 17, 3, 6, 0, 1, 1]
(0, (0, 0, 0), (1, 2)): [175578, 31944, 14544, 6708, 2937, 1265, 533, 200, 92, 30, 12, 8, 5, 1, 1]
(0, (0, 0, 0), (2, 0)): [83957, 21192, 10801, 5136, 2527, 1050, 458, 206, 71, 26, 16, 7, 1, 2, 1]
(0, (0, 0, 0), (2, 1)): [131865, 29851, 14628, 6880, 3232, 1405, 547, 250, 94, 34, 22, 12, 1, 3, 0, 0, 1]
(0, (0, 0, 0), (2, 2)): [139126, 27575, 13001, 6105, 2741, 1155, 483, 191, 90, 27, 13, 5, 4, 2, 1, 0, 1]
(0, (0, 0, 0), (3, 0)): [24472, 7018, 4139, 2082, 1046, 437, 193, 87, 29, 10, 9, 2, 0, 2, 1]
(0, (0, 0, 0), (3, 1)): [50181, 13404, 7239, 3553, 1723, 755, 293, 155, 59, 19, 8, 9, 1, 3, 1]
(0, (0, 0, 0), (3, 2)): [73433, 16985, 8990, 4247, 2028, 875, 346, 157, 66, 25, 8, 9, 4, 2, 1, 0, 1]
(0, (0, 0, 1), (0, 0)): [7904, 24376, 6703, 3245, 1558, 670, 300, 124, 49, 29, 18, 3, 4, 3]
(0, (0, 0, 1), (0, 1)): [806, 2552, 708, 326, 163, 69, 33, 13, 6, 3, 3, 0, 0, 1]
(0, (0, 0, 1), (0, 2)): [362, 944, 237, 116, 50, 29, 10, 4, 4]
(0, (0, 0, 1), (1, 0)): [815, 2811, 812, 456, 220, 103, 40, 14, 6, 4, 6]
(0, (0, 0, 1), (1, 1)): [749, 2365, 661, 312, 174, 77, 32, 12, 3, 6, 3, 0, 0, 1]
(0, (0, 0, 1), (1, 2)): [579, 1517, 389, 183, 87, 48, 15, 7, 3, 3, 2]
(0, (0, 0, 1), (2, 0)): [295, 1043, 324, 210, 89, 43, 15, 8, 3, 1, 4]
(0, (0, 0, 1), (2, 1)): [401, 1336, 406, 229, 120, 51, 25, 9, 4, 3, 2]
(0, (0, 0, 1), (2, 2)): [524, 1353, 369, 179, 103, 45, 17, 5, 1, 2, 2]
(0, (0, 0, 1), (3, 0)): [90, 357, 114, 84, 36, 18, 7, 2, 1, 0, 2]
(0, (0, 0, 1), (3, 1)): [157, 601, 187, 140, 65, 25, 12, 4, 2, 2]
(0, (0, 0, 1), (3, 2)): [295, 839, 233, 155, 90, 33, 10, 2, 3, 1, 1]
(0, (0, 1, 0), (0, 0)): [76304, 71869, 28156, 13926, 6660, 2866, 1222, 505, 209, 112, 40, 17, 6, 6, 3, 0, 1]
(0, (0, 1, 0), (0, 1)): [11201, 10019, 4015, 1878, 912, 386, 184, 69, 29, 15, 4, 4, 1, 1, 1]
(0, (0, 1, 0), (0, 2)): [4579, 3440, 1377, 593, 306, 129, 65, 22, 9, 4, 0, 1, 1]
(0, (0, 1, 0), (1, 0)): [10860, 10546, 4409, 2421, 1122, 526, 202, 92, 33, 13, 7, 3, 2, 2, 1, 0, 1]
(0, (0, 1, 0), (1, 1)): [9732, 8753, 3589, 1822, 851, 369, 163, 69, 19, 16, 6, 3, 0, 2, 1]
(0, (0, 1, 0), (1, 2)): [6816, 5330, 2223, 1060, 488, 205, 90, 47, 10, 6, 2, 3, 1, 0, 1]
(0, (0, 1, 0), (2, 0)): [3952, 3762, 1667, 1003, 439, 240, 83, 40, 16, 3, 1, 3, 2, 1, 0, 0, 1]
(0, (0, 1, 0), (2, 1)): [5307, 4883, 2105, 1095, 517, 265, 107, 40, 14, 11, 1, 1, 1, 1, 0, 0, 1]
(0, (0, 1, 0), (2, 2)): [5794, 4489, 2018, 931, 437, 200, 84, 38, 10, 6, 2, 2, 1, 0, 1, 0, 1]
(0, (0, 1, 0), (3, 0)): [1373, 1122, 570, 411, 185, 99, 42, 21, 8, 1, 0, 1, 1]
(0, (0, 1, 0), (3, 1)): [2318, 2032, 956, 641, 290, 148, 55, 23, 4, 3, 0, 1, 0, 1]
(0, (0, 1, 0), (3, 2)): [3373, 2635, 1291, 694, 329, 166, 73, 31, 6, 5, 2, 0, 0, 0, 1, 0, 1]
(0, (0, 1, 1), (0, 0)): [6091, 10758, 12803, 5974, 3134, 1503, 642, 274, 147, 61, 19, 11, 3, 4, 2, 0, 1, 1]
(0, (0, 1, 1), (0, 1)): [859, 1464, 1659, 742, 396, 185, 98, 29, 17, 8, 3, 2, 1, 0, 0, 0, 1]
(0, (0, 1, 1), (0, 2)): [398, 544, 594, 276, 138, 71, 38, 15, 2, 3, 0, 1]
(0, (0, 1, 1), (1, 0)): [823, 1616, 1928, 992, 512, 269, 101, 40, 31, 6, 4, 3, 0, 1, 1]
(0, (0, 1, 1), (1, 1)): [722, 1317, 1529, 695, 375, 169, 73, 25, 17, 4, 4, 0, 1, 0, 0, 0, 1]
(0, (0, 1, 1), (1, 2)): [589, 824, 912, 409, 241, 111, 48, 14, 8, 2, 1, 1, 0, 0, 0, 0, 1]
(0, (0, 1, 1), (2, 0)): [331, 696, 730, 424, 250, 143, 45, 18, 20, 5, 2, 1, 0, 1, 1]
(0, (0, 1, 1), (2, 1)): [364, 730, 848, 419, 194, 102, 39, 19, 11, 7, 3, 0, 1, 0, 1]
(0, (0, 1, 1), (2, 2)): [461, 739, 778, 372, 195, 98, 35, 15, 8, 6, 2, 1, 0, 0, 0, 0, 1]
(0, (0, 1, 1), (3, 0)): [174, 331, 313, 209, 141, 77, 23, 8, 13, 1, 1, 1, 0, 1]
(0, (0, 1, 1), (3, 1)): [148, 287, 337, 191, 123, 59, 24, 10, 12, 2, 0, 0, 0, 0, 1]
(0, (0, 1, 1), (3, 2)): [257, 390, 453, 253, 123, 77, 32, 14, 12, 2, 2, 0, 0, 0, 0, 0, 1]
(0, (1, 0, 0), (0, 0)): [437962, 146355, 94212, 46954, 22528, 10132, 4199, 1787, 760, 324, 159, 63, 24, 16, 3, 1, 1, 1]
(0, (1, 0, 0), (0, 1)): [57998, 17483, 11820, 5895, 2855, 1295, 522, 207, 107, 33, 18, 7, 1, 3]
(0, (1, 0, 0), (0, 2)): [21921, 5722, 3971, 1880, 890, 396, 185, 66, 30, 10, 7, 2]
(0, (1, 0, 0), (1, 0)): [51041, 18133, 12781, 6712, 3351, 1529, 624, 271, 110, 52, 30, 11, 1, 5, 1, 0, 1]
(0, (1, 0, 0), (1, 1)): [44495, 14266, 9882, 5071, 2394, 1140, 444, 183, 87, 38, 16, 7, 1, 3]
(0, (1, 0, 0), (1, 2)): [29072, 8073, 5664, 2818, 1315, 591, 254, 97, 51, 15, 4, 3]
(0, (1, 0, 0), (2, 0)): [15872, 6185, 4533, 2545, 1317, 611, 245, 109, 37, 24, 16, 2, 1, 3, 0, 0, 1]
(0, (1, 0, 0), (2, 1)): [21564, 7547, 5300, 2860, 1387, 665, 262, 111, 52, 27, 15, 5, 0, 5, 0, 0, 1]
(0, (1, 0, 0), (2, 2)): [21122, 6417, 4524, 2249, 1112, 460, 219, 89, 46, 21, 9, 3, 0, 2]
(0, (1, 0, 0), (3, 0)): [4097, 1927, 1488, 993, 527, 242, 98, 41, 15, 12, 5, 1]
(0, (1, 0, 0), (3, 1)): [7694, 3168, 2334, 1477, 730, 370, 147, 61, 25, 13, 10, 2, 0, 2]
(0, (1, 0, 0), (3, 2)): [9895, 3741, 2594, 1491, 751, 329, 155, 70, 34, 17, 6, 2, 0, 1]
(0, (1, 0, 1), (0, 0)): [10307, 31504, 12899, 9151, 4834, 2237, 1049, 423, 210, 85, 47, 19, 8, 3, 2, 0, 0, 1]
(0, (1, 0, 1), (0, 1)): [1359, 3829, 1565, 1161, 596, 290, 130, 39, 24, 10, 4, 1, 3, 1]
(0, (1, 0, 1), (0, 2)): [635, 1354, 539, 390, 193, 97, 40, 11, 6, 1, 1, 1, 1, 1]
(0, (1, 0, 1), (1, 0)): [1206, 3971, 1638, 1253, 687, 335, 128, 64, 35, 16, 12, 1, 0, 1, 1]
(0, (1, 0, 1), (1, 1)): [1080, 3075, 1300, 957, 509, 222, 95, 44, 27, 10, 6]
(0, (1, 0, 1), (1, 2)): [856, 1808, 755, 526, 279, 118, 54, 21, 11, 3, 1, 1, 1]
(0, (1, 0, 1), (2, 0)): [406, 1337, 560, 445, 249, 141, 50, 20, 9, 9, 5, 1]
(0, (1, 0, 1), (2, 1)): [523, 1582, 685, 521, 263, 142, 50, 21, 16, 9, 5]
(0, (1, 0, 1), (2, 2)): [644, 1410, 602, 442, 227, 110, 51, 22, 4, 4, 3]
(0, (1, 0, 1), (3, 0)): [133, 406, 195, 126, 96, 65, 20, 7, 3, 2, 1, 1]
(0, (1, 0, 1), (3, 1)): [208, 538, 293, 222, 149, 77, 22, 8, 10, 7, 2]
(0, (1, 0, 1), (3, 2)): [320, 700, 380, 251, 159, 87, 30, 13, 8, 9, 4]
(0, (1, 1, 0), (0, 0)): [61927, 39334, 29309, 21260, 11342, 5342, 2262, 1047, 439, 200, 94, 36, 12, 5, 0, 0, 1]
(0, (1, 1, 0), (0, 1)): [9262, 5111, 3514, 2712, 1556, 663, 312, 129, 51, 17, 13, 6, 0, 1, 0, 0, 1]
(0, (1, 1, 0), (0, 2)): [3776, 1762, 1187, 908, 513, 229, 99, 49, 21, 10, 3]
(0, (1, 1, 0), (1, 0)): [7313, 4866, 3652, 2892, 1500, 798, 322, 139, 62, 27, 12, 5, 2, 2]
(0, (1, 1, 0), (1, 1)): [6840, 3943, 2883, 2275, 1186, 574, 237, 100, 29, 14, 11, 2, 2, 2, 0, 0, 1]
(0, (1, 1, 0), (1, 2)): [4902, 2371, 1650, 1391, 706, 310, 126, 59, 21, 14, 3, 1, 0, 1, 0, 0, 1]
(0, (1, 1, 0), (2, 0)): [2148, 1644, 1257, 966, 579, 317, 141, 58, 34, 12, 6, 4, 0, 1]
(0, (1, 1, 0), (2, 1)): [3149, 2032, 1549, 1173, 653, 320, 142, 56, 32, 9, 10, 3, 2]
(0, (1, 1, 0), (2, 2)): [3436, 1845, 1352, 1074, 563, 271, 112, 50, 20, 11, 4, 1, 0, 0, 0, 0, 1]
(0, (1, 1, 0), (3, 0)): [502, 528, 440, 329, 230, 132, 54, 25, 12, 6, 2, 2, 0, 1]
(0, (1, 1, 0), (3, 1)): [1121, 870, 698, 546, 350, 209, 88, 30, 18, 8, 5, 1, 2]
(0, (1, 1, 0), (3, 2)): [1600, 1038, 837, 675, 386, 214, 83, 40, 16, 6, 4, 0, 0, 0, 0, 0, 1]
(0, (1, 1, 1), (0, 0)): [5930, 11623, 9401, 6915, 5632, 2832, 1298, 613, 298, 127, 64, 21, 7, 4, 1, 0, 1]
(0, (1, 1, 1), (0, 1)): [951, 1673, 1336, 889, 773, 400, 169, 80, 50, 20, 7, 3, 2, 1]
(0, (1, 1, 1), (0, 2)): [506, 666, 493, 310, 272, 137, 49, 25, 16, 6, 4, 1, 1]
(0, (1, 1, 1), (1, 0)): [645, 1529, 1246, 909, 766, 419, 178, 64, 43, 17, 9, 4, 0, 1, 0, 0, 1]
(0, (1, 1, 1), (1, 1)): [628, 1334, 1072, 731, 616, 351, 148, 69, 37, 17, 6, 2, 1, 1, 0, 0, 1]
(0, (1, 1, 1), (1, 2)): [576, 923, 700, 449, 395, 198, 85, 37, 19, 7, 4, 2, 0, 1, 0, 0, 1]
(0, (1, 1, 1), (2, 0)): [186, 448, 413, 323, 292, 156, 57, 25, 12, 6, 3, 2, 0, 1]
(0, (1, 1, 1), (2, 1)): [294, 615, 528, 387, 313, 190, 72, 40, 25, 10, 3, 0, 1]
(0, (1, 1, 1), (2, 2)): [376, 664, 538, 366, 296, 168, 69, 39, 18, 10, 2, 1, 1]
(0, (1, 1, 1), (3, 0)): [38, 125, 109, 118, 89, 58, 26, 13, 3, 2, 2, 1, 0, 1]
(0, (1, 1, 1), (3, 1)): [91, 227, 218, 170, 140, 81, 43, 13, 7, 3, 2, 1, 0, 1]
(0, (1, 1, 1), (3, 2)): [148, 320, 305, 221, 183, 102, 62, 23, 12, 5, 2, 1, 1, 1]
(1, (0, 0, 0), (0, 0)): [1693299, 188840, 77346, 30742, 12004, 4600, 1780, 644, 224, 92, 34, 22, 7, 3, 0, 1]
(1, (0, 0, 0), (0, 1)): [250868, 26616, 10810, 4311, 1714, 647, 241, 97, 23, 9, 3, 4, 0, 1]
(1, (0, 0, 0), (0, 2)): [96171, 8656, 3511, 1304, 516, 196, 60, 27, 3, 3, 0, 3]
(1, (0, 0, 0), (1, 0)): [224412, 28822, 12189, 4968, 1985, 765, 303, 96, 33, 15, 4, 3, 0, 0, 0, 1]
(1, (0, 0, 0), (1, 1)): [216463, 24614, 10094, 4081, 1638, 599, 262, 93, 28, 9, 4, 1, 0, 1]
(1, (0, 0, 0), (1, 2)): [146484, 14067, 5674, 2253, 924, 340, 132, 39, 12, 5, 0, 2]
(1, (0, 0, 0), (2, 0)): [74920, 10812, 4921, 2064, 836, 340, 131, 41, 12, 8, 2, 2, 0, 0, 0, 1]
(1, (0, 0, 0), (2, 1)): [114624, 14563, 6338, 2534, 1072, 401, 143, 67, 13, 10, 5, 1]
(1, (0, 0, 0), (2, 2)): [119417, 12667, 5404, 2226, 906, 331, 115, 47, 16, 7, 1]
(1, (0, 0, 0), (3, 0)): [22251, 3613, 2015, 884, 327, 150, 70, 14, 8, 4, 1, 1, 0, 0, 0, 1]
(1, (0, 0, 0), (3, 1)): [45822, 6958, 3472, 1485, 606, 241, 88, 34, 6, 5, 3]
(1, (0, 0, 0), (3, 2)): [65699, 8455, 4059, 1723, 723, 263, 88, 39, 10, 7, 3]
(1, (0, 0, 1), (0, 0)): [46616, 67217, 13391, 5834, 2393, 975, 380, 140, 69, 24, 13, 8, 4, 2]
(1, (0, 0, 1), (0, 1)): [6103, 7556, 1557, 625, 228, 105, 50, 12, 4, 0, 2, 1]
(1, (0, 0, 1), (0, 2)): [2669, 2482, 486, 181, 78, 34, 18, 2, 3, 0, 0, 1]
(1, (0, 0, 1), (1, 0)): [6537, 9719, 2047, 1042, 420, 176, 60, 22, 17, 4, 1, 1]
(1, (0, 0, 1), (1, 1)): [5662, 7263, 1482, 682, 255, 103, 39, 12, 5, 2, 1, 1]
(1, (0, 0, 1), (1, 2)): [4252, 4037, 784, 352, 146, 57, 25, 4, 4, 0, 0, 2]
(1, (0, 0, 1), (2, 0)): [2686, 3960, 925, 529, 217, 88, 36, 14, 10, 2, 1]
(1, (0, 0, 1), (2, 1)): [3205, 4341, 950, 477, 179, 75, 25, 12, 6, 2, 1]
(1, (0, 0, 1), (2, 2)): [3701, 3686, 787, 378, 132, 57, 26, 7, 3, 0, 1, 2]
(1, (0, 0, 1), (3, 0)): [1262, 1604, 422, 290, 124, 50, 18, 7, 3, 0, 1]
(1, (0, 0, 1), (3, 1)): [1414, 1847, 482, 265, 110, 46, 17, 8, 3, 1]
(1, (0, 0, 1), (3, 2)): [2242, 2274, 553, 303, 118, 55, 25, 9, 3, 0, 1]
(1, (0, 1, 0), (0, 0)): [231269, 101130, 37209, 16157, 6492, 2627, 916, 406, 119, 58, 31, 9, 10, 2, 1]
(1, (0, 1, 0), (0, 1)): [31187, 12347, 4584, 1947, 757, 352, 118, 52, 13, 9, 5, 0, 1]
(1, (0, 1, 0), (0, 2)): [12161, 4307, 1527, 610, 220, 118, 38, 16, 3, 3, 0, 0, 1]
(1, (0, 1, 0), (1, 0)): [34200, 14429, 5874, 2911, 1189, 474, 174, 80, 25, 11, 6, 0, 0, 1]
(1, (0, 1, 0), (1, 1)): [28570, 11347, 4385, 2006, 820, 338, 116, 43, 15, 4, 5, 0, 0, 1]
(1, (0, 1, 0), (1, 2)): [19057, 6761, 2468, 1049, 384, 178, 62, 30, 7, 6]
(1, (0, 1, 0), (2, 0)): [14351, 5843, 2588, 1478, 619, 245, 91, 49, 13, 7, 5]
(1, (0, 1, 0), (2, 1)): [16606, 6629, 2796, 1380, 589, 222, 80, 37, 10, 5, 3, 0, 0, 1]
(1, (0, 1, 0), (2, 2)): [16660, 5919, 2320, 1025, 419, 182, 60, 24, 8, 5, 1]
(1, (0, 1, 0), (3, 0)): [6505, 2403, 1155, 812, 360, 142, 54, 25, 9, 3, 2]
(1, (0, 1, 0), (3, 1)): [7815, 2914, 1413, 850, 386, 131, 55, 28, 12, 2, 2, 0, 0, 1]
(1, (0, 1, 0), (3, 2)): [10291, 3620, 1644, 876, 386, 140, 51, 23, 5, 6, 2, 0, 0, 1]
(1, (0, 1, 1), (0, 0)): [36120, 30410, 26656, 10809, 5574, 2174, 871, 345, 155, 52, 15, 7, 2, 2, 0, 1]
(1, (0, 1, 1), (0, 1)): [4270, 3291, 2803, 1168, 524, 182, 92, 39, 11, 2, 1]
(1, (0, 1, 1), (0, 2)): [1990, 1055, 986, 417, 198, 58, 32, 17, 2, 1, 1]
(1, (0, 1, 1), (1, 0)): [5588, 5100, 3880, 1721, 1093, 418, 170, 70, 27, 12, 1]
(1, (0, 1, 1), (1, 1)): [3696, 3025, 2502, 1029, 507, 175, 80, 33, 14, 5]
(1, (0, 1, 1), (1, 2)): [2982, 1733, 1551, 627, 317, 96, 45, 24, 5, 4, 1]
(1, (0, 1, 1), (2, 0)): [3158, 2744, 1992, 986, 735, 291, 118, 49, 19, 7, 1]
(1, (0, 1, 1), (2, 1)): [2014, 1718, 1400, 638, 321, 124, 56, 16, 7, 3]
(1, (0, 1, 1), (2, 2)): [2462, 1494, 1334, 575, 296, 82, 41, 15, 5, 2]
(1, (0, 1, 1), (3, 0)): [2290, 1837, 1236, 683, 607, 234, 93, 42, 16, 6, 1]
(1, (0, 1, 1), (3, 1)): [872, 758, 619, 291, 169, 89, 32, 13, 5, 3]
(1, (0, 1, 1), (3, 2)): [1392, 955, 744, 373, 230, 76, 30, 16, 6, 3]
(1, (1, 0, 0), (0, 0)): [634780, 112833, 73580, 31445, 12859, 5114, 2019, 734, 284, 121, 45, 32, 5, 3, 0, 2]
(1, (1, 0, 0), (0, 1)): [84416, 13473, 9132, 3959, 1592, 638, 257, 93, 23, 13, 6, 4]
(1, (1, 0, 0), (0, 2)): [31619, 4377, 2908, 1193, 475, 209, 88, 24, 4, 4, 2]
(1, (1, 0, 0), (1, 0)): [80256, 15327, 10868, 4893, 2051, 823, 343, 123, 36, 21, 6, 4, 1, 0, 0, 1]
(1, (1, 0, 0), (1, 1)): [68569, 11729, 8149, 3608, 1455, 559, 227, 87, 27, 12, 6, 6, 0, 0, 0, 1]
(1, (1, 0, 0), (1, 2)): [44401, 6572, 4489, 1919, 758, 295, 119, 45, 10, 5, 4, 1]
(1, (1, 0, 0), (2, 0)): [26230, 5452, 3989, 1992, 849, 348, 150, 49, 18, 6, 1, 0, 1]
(1, (1, 0, 0), (2, 1)): [34470, 6475, 4570, 2223, 874, 369, 145, 48, 18, 6, 4, 4, 0, 0, 0, 1]
(1, (1, 0, 0), (2, 2)): [33508, 5426, 3696, 1703, 679, 285, 110, 42, 9, 4, 3, 1]
(1, (1, 0, 0), (3, 0)): [7420, 1809, 1252, 790, 366, 141, 70, 18, 6, 4, 0, 0, 1]
(1, (1, 0, 0), (3, 1)): [13292, 3012, 2060, 1187, 493, 193, 89, 21, 11, 4, 2, 1, 0, 0, 0, 1]
(1, (1, 0, 0), (3, 2)): [16836, 3484, 2217, 1196, 487, 207, 91, 24, 12, 4, 4, 2, 0, 0, 0, 1]
(1, (1, 0, 1), (0, 0)): [51706, 59309, 19149, 13009, 5646, 2310, 903, 360, 125, 72, 22, 7, 1, 1]
(1, (1, 0, 1), (0, 1)): [7480, 6793, 2175, 1531, 675, 276, 101, 30, 20, 9, 3, 0, 1]
(1, (1, 0, 1), (0, 2)): [3266, 2207, 742, 527, 228, 92, 40, 18, 8, 4, 2]
(1, (1, 0, 1), (1, 0)): [6630, 7546, 2548, 1850, 862, 356, 134, 65, 19, 14, 0, 1]
(1, (1, 0, 1), (1, 1)): [5843, 5623, 1873, 1326, 550, 240, 81, 23, 12, 4, 0, 1, 1]
(1, (1, 0, 1), (1, 2)): [4270, 3141, 1094, 766, 306, 135, 38, 26, 8, 4, 2]
(1, (1, 0, 1), (2, 0)): [2279, 2517, 912, 675, 378, 150, 52, 31, 6, 7]
(1, (1, 0, 1), (2, 1)): [2892, 2891, 984, 726, 358, 131, 58, 19, 9, 4, 0, 1]
(1, (1, 0, 1), (2, 2)): [3086, 2383, 905, 616, 294, 100, 45, 20, 9, 3, 1]
(1, (1, 0, 1), (3, 0)): [771, 835, 324, 233, 157, 68, 19, 9, 1, 3]
(1, (1, 0, 1), (3, 1)): [1102, 1151, 453, 318, 184, 83, 23, 12, 2, 2, 0, 1]
(1, (1, 0, 1), (3, 2)): [1533, 1362, 570, 387, 226, 85, 32, 13, 7, 2, 0, 1]
(1, (1, 1, 0), (0, 0)): [177783, 54025, 36086, 26257, 11046, 4599, 1784, 718, 278, 112, 43, 25, 9, 5, 1]
(1, (1, 1, 0), (0, 1)): [26255, 6938, 4370, 3419, 1453, 607, 212, 89, 36, 13, 7, 4]
(1, (1, 1, 0), (0, 2)): [10578, 2449, 1455, 1163, 468, 199, 53, 27, 11, 1, 2]
(1, (1, 1, 0), (1, 0)): [22628, 7433, 5000, 3907, 1689, 695, 311, 113, 30, 19, 9, 4, 2, 1]
(1, (1, 1, 0), (1, 1)): [20689, 5963, 3931, 3020, 1323, 523, 211, 86, 25, 21, 7, 4]
(1, (1, 1, 0), (1, 2)): [14631, 3592, 2225, 1758, 743, 247, 82, 50, 14, 4, 6, 2]
(1, (1, 1, 0), (2, 0)): [7208, 2699, 1779, 1406, 691, 316, 136, 47, 14, 6, 5, 2, 2, 1]
(1, (1, 1, 0), (2, 1)): [10192, 3285, 2223, 1724, 799, 366, 157, 42, 18, 8, 6, 2, 1]
(1, (1, 1, 0), (2, 2)): [11009, 3012, 1885, 1470, 705, 265, 103, 43, 14, 5, 3, 2]
(1, (1, 1, 0), (3, 0)): [1845, 990, 641, 412, 279, 127, 51, 25, 4, 3, 1, 2, 1]
(1, (1, 1, 0), (3, 1)): [3735, 1586, 1086, 792, 446, 206, 80, 26, 9, 5, 4, 2, 1]
(1, (1, 1, 0), (3, 2)): [5383, 1884, 1280, 922, 524, 190, 75, 31, 10, 5, 2, 1, 1]
(1, (1, 1, 1), (0, 0)): [36268, 29105, 18338, 11988, 9090, 3833, 1572, 603, 245, 86, 29, 20, 9, 4, 1, 1]
(1, (1, 1, 1), (0, 1)): [5708, 3927, 2417, 1552, 1240, 490, 209, 80, 35, 9, 3, 1, 0, 1]
(1, (1, 1, 1), (0, 2)): [2692, 1355, 864, 549, 416, 146, 68, 22, 6, 5, 2, 0, 0, 1]
(1, (1, 1, 1), (1, 0)): [4299, 3928, 2419, 1552, 1337, 573, 260, 92, 35, 12, 4, 5, 2]
(1, (1, 1, 1), (1, 1)): [4218, 3239, 2025, 1315, 1045, 436, 199, 76, 32, 7, 3, 3]
(1, (1, 1, 1), (1, 2)): [3361, 1863, 1246, 796, 618, 261, 106, 41, 15, 5, 1, 3, 0, 1]
(1, (1, 1, 1), (2, 0)): [1122, 1300, 838, 525, 490, 233, 102, 41, 10, 5, 2, 2, 1]
(1, (1, 1, 1), (2, 1)): [1799, 1724, 1035, 665, 541, 259, 117, 42, 15, 4, 3, 1]
(1, (1, 1, 1), (2, 2)): [2256, 1527, 1002, 660, 522, 225, 103, 37, 13, 7, 1, 2, 0, 1]
(1, (1, 1, 1), (3, 0)): [192, 404, 281, 191, 149, 79, 37, 17, 4, 2, 0, 1, 1]
(1, (1, 1, 1), (3, 1)): [476, 734, 467, 291, 250, 135, 42, 22, 9, 2, 2, 1, 1]
(1, (1, 1, 1), (3, 2)): [884, 904, 589, 392, 314, 161, 65, 28, 8, 3, 2, 1, 0, 1]
(2, (0, 0, 0), (0, 0)): [1477389, 69395, 23160, 7366, 2458, 789, 266, 91, 15, 7, 5, 0, 1]
(2, (0, 0, 0), (0, 1)): [217673, 9223, 3070, 984, 349, 104, 36, 11, 3]
(2, (0, 0, 0), (0, 2)): [82705, 2464, 853, 273, 103, 24, 3, 5]
(2, (0, 0, 0), (1, 0)): [203460, 11929, 4194, 1294, 457, 129, 48, 14, 2, 0, 0, 0, 1]
(2, (0, 0, 0), (1, 1)): [192051, 9277, 3227, 986, 359, 112, 42, 8, 3]
(2, (0, 0, 0), (1, 2)): [127412, 4381, 1566, 514, 172, 54, 17, 6, 1]
(2, (0, 0, 0), (2, 0)): [71703, 4733, 1968, 580, 208, 57, 22, 7, 1, 0, 0, 0, 1]
(2, (0, 0, 0), (2, 1)): [106275, 6013, 2314, 657, 231, 70, 26, 7, 2]
(2, (0, 0, 0), (2, 2)): [108429, 4521, 1742, 516, 175, 59, 18, 6, 1]
(2, (0, 0, 0), (3, 0)): [22577, 1590, 907, 268, 98, 31, 10, 4, 0, 0, 0, 0, 1]
(2, (0, 0, 0), (3, 1)): [44781, 3028, 1458, 451, 142, 44, 13, 6, 1]
(2, (0, 0, 0), (3, 2)): [63275, 3432, 1600, 471, 157, 55, 17, 6, 2]
(2, (0, 0, 1), (0, 0)): [140231, 41795, 8728, 2967, 1058, 361, 104, 35, 8, 5, 0, 2]
(2, (0, 0, 1), (0, 1)): [19352, 4662, 1054, 334, 115, 45, 13, 4, 1, 2]
(2, (0, 0, 1), (0, 2)): [7675, 1417, 314, 98, 32, 12, 4, 0, 0, 1]
(2, (0, 0, 1), (1, 0)): [22060, 6091, 1557, 595, 228, 75, 22, 9, 2, 1, 0, 1]
(2, (0, 0, 1), (1, 1)): [18228, 4524, 1041, 380, 141, 49, 10, 6, 1, 1]
(2, (0, 0, 1), (1, 2)): [12414, 2369, 521, 165, 72, 26, 7, 2, 0, 1]
(2, (0, 0, 1), (2, 0)): [9642, 2575, 762, 343, 133, 42, 14, 4, 1, 1, 0, 1]
(2, (0, 0, 1), (2, 1)): [11016, 2867, 767, 312, 115, 31, 9, 6, 0, 2]
(2, (0, 0, 1), (2, 2)): [11354, 2324, 608, 206, 87, 29, 6, 2]
(2, (0, 0, 1), (3, 0)): [4607, 1059, 371, 210, 72, 27, 10, 1, 1, 0, 0, 1]
(2, (0, 0, 1), (3, 1)): [5222, 1386, 409, 225, 75, 22, 9, 4, 0, 1]
(2, (0, 0, 1), (3, 2)): [7273, 1607, 478, 215, 84, 22, 8, 2, 0, 1]
(2, (0, 1, 0), (0, 0)): [369107, 77032, 21427, 7565, 2548, 835, 263, 81, 18, 12, 7, 0, 1]
(2, (0, 1, 0), (0, 1)): [49944, 8773, 2468, 782, 302, 80, 27, 7, 4, 3, 1]
(2, (0, 1, 0), (0, 2)): [19668, 2604, 732, 217, 85, 15, 8, 1, 1, 1]
(2, (0, 1, 0), (1, 0)): [57827, 11421, 3902, 1625, 538, 180, 61, 22, 0, 1, 0, 0, 1]
(2, (0, 1, 0), (1, 1)): [46705, 8441, 2586, 906, 329, 95, 40, 13, 3, 2, 1]
(2, (0, 1, 0), (1, 2)): [31371, 4431, 1216, 425, 154, 35, 20, 7, 0, 1]
(2, (0, 1, 0), (2, 0)): [26116, 4945, 1897, 967, 333, 106, 26, 12, 0, 1, 0, 0, 1]
(2, (0, 1, 0), (2, 1)): [27928, 5310, 1837, 700, 258, 73, 22, 5, 2, 2, 1, 0, 1]
(2, (0, 1, 0), (2, 2)): [28251, 4281, 1275, 495, 188, 44, 25, 7, 0, 2]
(2, (0, 1, 0), (3, 0)): [13356, 2151, 959, 651, 208, 67, 20, 12, 0, 1]
(2, (0, 1, 0), (3, 1)): [13049, 2482, 1017, 502, 176, 54, 15, 5, 2, 1, 1, 0, 1]
(2, (0, 1, 0), (3, 2)): [17870, 2823, 1047, 540, 182, 51, 29, 7, 0, 1, 0, 0, 1]
(2, (0, 1, 1), (0, 0)): [85195, 7240, 18096, 5184, 2038, 668, 212, 70, 23, 6, 4, 1, 0, 1]
(2, (0, 1, 1), (0, 1)): [11671, 741, 2028, 579, 195, 70, 16, 8, 1, 1]
(2, (0, 1, 1), (0, 2)): [4927, 252, 629, 176, 70, 19, 6, 1, 0, 1]
(2, (0, 1, 1), (1, 0)): [13788, 1328, 2671, 1000, 458, 160, 45, 16, 4, 0, 2]
(2, (0, 1, 1), (1, 1)): [10634, 744, 1933, 615, 222, 89, 19, 10, 3]
(2, (0, 1, 1), (1, 2)): [7880, 424, 1078, 315, 122, 36, 8, 3, 0, 1]
(2, (0, 1, 1), (2, 0)): [6697, 757, 1226, 531, 301, 98, 27, 11, 1, 0, 2]
(2, (0, 1, 1), (2, 1)): [6256, 504, 1188, 408, 182, 68, 14, 6, 3, 0, 1]
(2, (0, 1, 1), (2, 2)): [6988, 462, 1007, 334, 132, 53, 8, 4, 2]
(2, (0, 1, 1), (3, 0)): [3947, 520, 635, 317, 210, 72, 21, 10, 0, 0, 1]
(2, (0, 1, 1), (3, 1)): [2981, 275, 552, 222, 117, 43, 13, 7, 1, 0, 1]
(2, (0, 1, 1), (3, 2)): [4438, 372, 689, 266, 126, 56, 9, 7, 3]
(2, (1, 0, 0), (0, 0)): [769051, 55900, 37184, 11852, 3915, 1254, 475, 140, 31, 14, 7, 1, 1]
(2, (1, 0, 0), (0, 1)): [101838, 6263, 4358, 1426, 491, 163, 64, 25, 8, 1, 0, 1]
(2, (1, 0, 0), (0, 2)): [37961, 1692, 1126, 395, 135, 34, 19, 5, 4]
(2, (1, 0, 0), (1, 0)): [99506, 8310, 5974, 2046, 722, 207, 87, 22, 4, 1, 0, 0, 1]
(2, (1, 0, 0), (1, 1)): [85446, 5789, 4087, 1378, 470, 146, 56, 18, 4, 1]
(2, (1, 0, 0), (1, 2)): [54845, 2749, 1821, 677, 229, 62, 25, 7, 4]
(2, (1, 0, 0), (2, 0)): [33621, 3271, 2256, 954, 327, 96, 38, 14, 3, 1, 0, 0, 1]
(2, (1, 0, 0), (2, 1)): [44741, 3553, 2523, 925, 313, 95, 40, 11, 1, 0, 0, 0, 1]
(2, (1, 0, 0), (2, 2)): [43021, 2681, 1759, 645, 235, 67, 32, 6, 3]
(2, (1, 0, 0), (3, 0)): [9953, 1223, 739, 440, 147, 42, 15, 6, 2, 1]
(2, (1, 0, 0), (3, 1)): [18101, 1871, 1237, 619, 176, 55, 20, 6, 1, 1, 0, 0, 1]
(2, (1, 0, 0), (3, 2)): [22862, 1979, 1275, 585, 184, 64, 22, 9, 1, 1, 0, 0, 1]
(2, (1, 0, 1), (0, 0)): [135186, 31945, 12674, 7928, 2649, 857, 289, 89, 30, 10, 2, 4, 1]
(2, (1, 0, 1), (0, 1)): [19708, 3797, 1441, 973, 343, 112, 37, 7, 4, 1, 1, 1]
(2, (1, 0, 1), (0, 2)): [7951, 1147, 413, 261, 100, 26, 8, 2, 1]
(2, (1, 0, 1), (1, 0)): [19097, 4250, 1933, 1380, 521, 144, 53, 15, 1, 2, 0, 1]
(2, (1, 0, 1), (1, 1)): [16509, 3280, 1408, 913, 370, 112, 42, 10, 3, 2, 1, 2]
(2, (1, 0, 1), (1, 2)): [11269, 1708, 712, 439, 175, 55, 22, 4, 3, 0, 0, 1]
(2, (1, 0, 1), (2, 0)): [6893, 1512, 800, 557, 223, 65, 21, 8, 1]
(2, (1, 0, 1), (2, 1)): [9001, 1791, 874, 543, 269, 78, 23, 8, 0, 1, 0, 1]
(2, (1, 0, 1), (2, 2)): [8808, 1391, 664, 395, 162, 60, 21, 4, 3, 0, 0, 1]
(2, (1, 0, 1), (3, 0)): [2312, 473, 323, 214, 89, 25, 13, 3, 1]
(2, (1, 0, 1), (3, 1)): [3892, 739, 447, 283, 170, 33, 20, 4, 1, 1]
(2, (1, 0, 1), (3, 2)): [4985, 749, 519, 277, 162, 49, 15, 5, 3]
(2, (1, 1, 0), (0, 0)): [302332, 45655, 23138, 16100, 5208, 1691, 568, 192, 59, 27, 10, 2, 2, 1]
(2, (1, 1, 0), (0, 1)): [43825, 5587, 2683, 1999, 608, 188, 68, 29, 3, 3, 2, 1, 1]
(2, (1, 1, 0), (0, 2)): [17987, 1651, 789, 581, 181, 55, 19, 10, 2, 1]
(2, (1, 1, 0), (1, 0)): [40115, 6162, 3486, 2612, 971, 288, 108, 28, 11, 4, 1]
(2, (1, 1, 0), (1, 1)): [36689, 4989, 2581, 1906, 586, 190, 64, 26, 6, 3, 2, 1, 1]
(2, (1, 1, 0), (1, 2)): [25987, 2593, 1359, 922, 283, 96, 25, 17, 4, 1, 1]
(2, (1, 1, 0), (2, 0)): [13855, 2179, 1421, 1025, 495, 136, 54, 12, 4, 3]
(2, (1, 1, 0), (2, 1)): [19341, 2722, 1629, 1207, 461, 122, 52, 15, 4, 2, 0, 0, 1]
(2, (1, 1, 0), (2, 2)): [20571, 2211, 1312, 898, 330, 88, 37, 17, 7, 1, 1]
(2, (1, 1, 0), (3, 0)): [4474, 693, 579, 346, 244, 76, 26, 5, 2, 2]
(2, (1, 1, 0), (3, 1)): [8237, 1198, 923, 611, 334, 85, 34, 5, 1, 0, 0, 0, 1]
(2, (1, 1, 0), (3, 2)): [11475, 1365, 1066, 664, 354, 77, 32, 12, 5, 0, 1]
(2, (1, 1, 1), (0, 0)): [89109, 12974, 14855, 7476, 5592, 1731, 590, 199, 63, 15, 10, 3, 1, 1]
(2, (1, 1, 1), (0, 1)): [14445, 1524, 1912, 981, 750, 212, 80, 22, 10, 0, 3, 0, 1]
(2, (1, 1, 1), (0, 2)): [6287, 486, 554, 297, 190, 62, 24, 6, 1, 0, 2]
(2, (1, 1, 1), (1, 0)): [11228, 2474, 2133, 1213, 952, 309, 100, 36, 9, 4, 1, 2]
(2, (1, 1, 1), (1, 1)): [11402, 1608, 1747, 959, 724, 215, 71, 21, 7, 1, 1, 0, 1]
(2, (1, 1, 1), (1, 2)): [8798, 819, 905, 457, 348, 116, 32, 10, 3, 1, 2]
(2, (1, 1, 1), (2, 0)): [3152, 1428, 740, 489, 389, 125, 40, 14, 4, 3, 0, 2]
(2, (1, 1, 1), (2, 1)): [5151, 1332, 974, 624, 458, 163, 50, 8, 4, 0, 0, 0, 1]
(2, (1, 1, 1), (2, 2)): [6195, 976, 810, 480, 344, 130, 36, 8, 3, 1, 2]
(2, (1, 1, 1), (3, 0)): [530, 874, 209, 214, 122, 57, 22, 10, 2, 3, 0, 1]
(2, (1, 1, 1), (3, 1)): [1509, 1088, 377, 352, 241, 87, 34, 7, 2, 3, 0, 1]
(2, (1, 1, 1), (3, 2)): [2624, 1105, 491, 436, 270, 108, 40, 8, 2, 1, 2]
