(0, (0, 0, 0)): [16243, 3211, 1554, 684, 299, 150, 54, 19, 9, 4, 2, 2, 0, 1]
(0, (0, 0, 1)): [60, 176, 56, 21, 11, 4, 0, 1, 3, 0, 0, 0, 0, 1]
(0, (0, 1, 0)): [550, 452, 202, 80, 43, 11, 4, 2, 1, 2]
(0, (0, 1, 1)): [47, 72, 96, 48, 18, 9, 5, 1, 0, 0, 1]
(0, (1, 0, 0)): [3500, 1148, 736, 358, 163, 90, 29, 13, 6, 3, 2, 1]
(0, (1, 0, 1)): [61, 248, 103, 54, 33, 19, 3, 5, 3]
(0, (1, 1, 0)): [519, 350, 218, 161, 87, 45, 16, 5, 3, 1, 0, 1]
(0, (1, 1, 1)): [63, 105, 75, 59, 44, 23, 3, 4, 3, 0, 1, 1]
(1, (0, 0, 0)): [13072, 1415, 620, 247, 95, 41, 15, 3, 1, 1, 0, 0, 1]
(1, (0, 0, 1)): [315, 402, 94, 33, 19, 9, 1]
(1, (0, 1, 0)): [1661, 674, 249, 123, 39, 24, 3, 0, 1, 1]
(1, (0, 1, 1)): [286, 218, 160, 72, 45, 14, 9, 1, 2, 1]
(1, (1, 0, 0)): [5041, 884, 581, 238, 104, 40, 26, 6, 2, 1, 1]
(1, (1, 0, 1)): [361, 473, 134, 79, 38, 18, 1, 0, 1, 1]
(1, (1, 1, 0)): [1545, 454, 323, 199, 100, 43, 21, 6, 2, 2, 1]
(1, (1, 1, 1)): [359, 242, 157, 94, 87, 25, 16, 6, 6, 2]
(2, (0, 0, 0)): [11301, 527, 185, 59, 22, 3, 1, 0, 0, 0, 0, 0, 1]
(2, (0, 0, 1)): [872, 251, 59, 15, 9, 2, 1]
(2, (0, 1, 0)): [2564, 559, 144, 46, 12, 5, 1]
(2, (0, 1, 1)): [583, 55, 118, 29, 10, 3, 1, 1, 0, 0, 1]
(2, (1, 0, 0)): [6139, 432, 289, 97, 29, 6, 3, 1, 0, 0, 0, 0, 1]
(2, (1, 0, 1)): [902, 224, 83, 55, 16, 3, 1]
(2, (1, 1, 0)): [2653, 429, 204, 148, 46, 10, 3, 0, 0, 0, 0, 0, 1]
(2, (1, 1, 1)): [831, 117, 118, 57, 33, 11, 3, 1, 0, 0, 1, 0, 1]
