(0, (0, 0, 0)): [278884, 55397, 25186, 11412, 5120, 2175, 922, 372, 137, 61, 35, 6, 6, 3, 2]
(0, (0, 0, 1)): [1547, 4728, 1339, 613, 297, 112, 63, 34, 5, 3, 2, 0, 2]
(0, (0, 1, 0)): [9065, 9207, 3398, 1563, 782, 334, 133, 48, 27, 14, 6]
(0, (0, 1, 1)): [778, 1443, 1888, 840, 434, 197, 89, 35, 17, 8, 2, 1, 0, 1, 1]
(0, (1, 0, 0)): [63330, 22673, 13254, 6568, 3031, 1343, 583, 238, 89, 39, 26, 5, 5, 3, 2]
(0, (1, 0, 1)): [1491, 4131, 1960, 1277, 697, 318, 158, 61, 27, 12, 6, 3, 1, 0, 1]
(0, (1, 1, 0)): [8137, 5403, 4490, 2932, 1584, 725, 326, 147, 50, 30, 21, 2, 2, 1]
(0, (1, 1, 1)): [914, 1530, 1307, 1146, 881, 438, 196, 97, 42, 26, 12, 2, 1, 1, 1]
(1, (0, 0, 0)): [219402, 22811, 9142, 3529, 1421, 581, 207, 85, 20, 11, 4, 1]
(1, (0, 0, 1)): [8133, 12513, 2398, 975, 425, 158, 65, 33, 11, 2, 0, 2, 1]
(1, (0, 1, 0)): [34550, 16896, 5576, 2255, 870, 375, 138, 50, 13, 5, 1, 2, 2]
(1, (0, 1, 1)): [5729, 4874, 5193, 1956, 824, 332, 122, 40, 17, 8, 5, 2, 0, 1]
(1, (1, 0, 0)): [89840, 17179, 9672, 4136, 1633, 694, 225, 97, 29, 14, 7, 4, 1, 2]
(1, (1, 0, 1)): [7048, 8776, 3213, 1866, 808, 333, 109, 51, 16, 12, 5, 1]
(1, (1, 1, 0)): [22465, 7114, 5060, 3307, 1398, 598, 208, 87, 33, 13, 5, 3, 0, 3]
(1, (1, 1, 1)): [4332, 3543, 2308, 1746, 1126, 499, 191, 88, 25, 9, 4, 0, 0, 1]
(2, (0, 0, 0)): [188742, 7597, 2396, 759, 261, 87, 32, 12, 1, 1, 1]
(2, (0, 0, 1)): [24055, 8422, 1383, 440, 145, 51, 20, 4]
(2, (0, 1, 0)): [55987, 12821, 3045, 971, 298, 107, 39, 13, 1, 1]
(2, (0, 1, 1)): [14425, 1324, 3434, 876, 300, 96, 27, 7, 3, 1, 1]
(2, (1, 0, 0)): [109494, 8536, 4147, 1361, 426, 144, 54, 18, 3, 0, 1]
(2, (1, 0, 1)): [18157, 5140, 2235, 978, 327, 112, 37, 11, 4, 0, 0, 1]
(2, (1, 1, 0)): [35140, 5365, 2994, 1708, 499, 183, 53, 16, 7, 2, 2, 0, 0, 1]
(2, (1, 1, 1)): [10483, 1619, 1748, 980, 601, 185, 66, 20, 9, 2, 2, 0, 0, 1]
