(0, (0, 0, 0), (0, 0)): [14456, 3239, 1572, 774, 352, 156, 68, 33, 8, 11, 4, 1, 2, 2]
(0, (0, 0, 0), (0, 1)): [51, 10, 6, 3, 2, 1]
(0, (0, 0, 0), (0, 2)): [23, 5, 3, 2, 1]
(0, (0, 0, 0), (1, 0)): [42, 13, 8, 1, 2, 1]
(0, (0, 0, 0), (1, 1)): [34, 8, 3, 0, 1]
(0, (0, 0, 0), (1, 2)): [23, 3, 1, 1]
(0, (0, 0, 0), (2, 0)): [21, 5, 6, 0, 1, 1]
(0, (0, 0, 0), (2, 1)): [16, 3, 1, 0, 1]
(0, (0, 0, 0), (2, 2)): [19, 2, 1, 0, 1]
(0, (0, 0, 0), (3, 0)): [14, 4, 6, 0, 1, 1]
(0, (0, 0, 0), (3, 1)): [9, 2, 1]
(0, (0, 0, 0), (3, 2)): [11, 2, 2]
(0, (0, 0, 1), (0, 0)): [69, 244, 83, 32, 22, 6, 5, 2, 0, 1]
(0, (0, 0, 1), (1, 0)): [0, 1]
(0, (0, 0, 1), (2, 0)): [0, 1]
(0, (0, 0, 1), (3, 0)): [0, 1]
(0, (0, 1, 0), (0, 0)): [458, 540, 227, 115, 53, 28, 11, 5, 2, 1]
(0, (0, 1, 0), (0, 1)): [2, 3, 0, 0, 0, 1]
(0, (0, 1, 0), (0, 2)): [0, 1, 0, 0, 0, 1]
(0, (0, 1, 0), (1, 0)): [2, 3]
(0, (0, 1, 0), (1, 1)): [2, 1]
(0, (0, 1, 0), (1, 2)): [2, 1]
(0, (0, 1, 0), (2, 0)): [1, 1]
(0, (0, 1, 0), (2, 2)): [0, 1]
(0, (0, 1, 0), (3, 0)): [1]
(0, (0, 1, 0), (3, 1)): [1]
(0, (0, 1, 0), (3, 2)): [0, 1]
(0, (0, 1, 1), (0, 0)): [41, 90, 128, 62, 32, 9, 4, 6, 2, 0, 0, 1, 0, 1]
(0, (0, 1, 1), (0, 1)): [1, 2, 0, 0, 1]
(0, (0, 1, 1), (0, 2)): [1, 1, 0, 0, 1]
(0, (0, 1, 1), (1, 0)): [0, 0, 1]
(0, (0, 1, 1), (1, 1)): [0, 1]
(0, (0, 1, 1), (2, 0)): [0, 0, 1]
(0, (0, 1, 1), (3, 0)): [0, 0, 1]
(0, (1, 0, 0), (0, 0)): [3395, 1243, 803, 429, 205, 95, 39, 21, 4, 10, 4, 1, 2, 2]
(0, (1, 0, 0), (0, 1)): [11, 4, 4, 0, 1, 1, 1, 1]
(0, (1, 0, 0), (0, 2)): [2, 0, 3, 0, 1, 1, 0, 1]
(0, (1, 0, 0), (1, 0)): [6, 3, 2, 2]
(0, (1, 0, 0), (1, 1)): [6, 3]
(0, (1, 0, 0), (1, 2)): [1, 1, 1]
(0, (1, 0, 0), (2, 0)): [1, 0, 1, 1]
(0, (1, 0, 0), (2, 1)): [2, 1]
(0, (1, 0, 0), (2, 2)): [2]
(0, (1, 0, 0), (3, 0)): [1, 0, 1, 1]
(0, (1, 0, 0), (3, 1)): [1]
(0, (1, 0, 0), (3, 2)): [1]
(0, (1, 0, 1), (0, 0)): [83, 287, 137, 94, 46, 24, 12, 4, 5, 5, 2, 2]
(0, (1, 0, 1), (1, 0)): [0, 2]
(0, (1, 0, 1), (2, 0)): [0, 2]
(0, (1, 0, 1), (3, 0)): [0, 2]
(0, (1, 1, 0), (0, 0)): [490, 284, 272, 158, 102, 47, 23, 16, 2, 6, 4, 0, 1]
(0, (1, 1, 0), (0, 1)): [3, 1, 2]
(0, (1, 1, 0), (0, 2)): [0, 0, 2]
(0, (1, 1, 0), (1, 0)): [1]
(0, (1, 1, 0), (1, 1)): [0, 1]
(0, (1, 1, 0), (2, 0)): [1]
(0, (1, 1, 0), (2, 1)): [0, 1]
(0, (1, 1, 0), (3, 0)): [1]
(0, (1, 1, 0), (3, 1)): [1, 1]
(0, (1, 1, 0), (3, 2)): [1]
(0, (1, 1, 1), (0, 0)): [50, 85, 69, 52, 46, 25, 8, 7, 1, 3, 1, 0, 0, 1]
(0, (1, 1, 1), (0, 1)): [0, 1]
(0, (1, 1, 1), (1, 0)): [1, 0, 1, 0, 1]
(0, (1, 1, 1), (1, 1)): [1, 1, 1]
(0, (1, 1, 1), (1, 2)): [1, 1, 1]
(0, (1, 1, 1), (2, 0)): [0, 0, 0, 0, 1]
(0, (1, 1, 1), (2, 2)): [0, 1]
(1, (0, 0, 0), (0, 0)): [11329, 1380, 574, 247, 97, 40, 21, 6, 2, 1]
(1, (0, 0, 0), (0, 1)): [46, 5, 3, 0, 1]
(1, (0, 0, 0), (0, 2)): [22, 1, 1]
(1, (0, 0, 0), (1, 0)): [32, 3, 1, 1]
(1, (0, 0, 0), (1, 1)): [28, 2, 2, 1, 1]
(1, (0, 0, 0), (1, 2)): [14, 1]
(1, (0, 0, 0), (2, 0)): [10, 2, 1]
(1, (0, 0, 0), (2, 1)): [17, 0, 1]
(1, (0, 0, 0), (2, 2)): [13, 1]
(1, (0, 0, 0), (3, 0)): [5, 1, 1]
(1, (0, 0, 0), (3, 1)): [5, 1, 1]
(1, (0, 0, 0), (3, 2)): [7, 1]
(1, (0, 0, 1), (0, 0)): [369, 613, 154, 58, 26, 17, 6, 3, 1, 0, 0, 1]
(1, (0, 0, 1), (0, 1)): [1]
(1, (0, 0, 1), (1, 0)): [0, 2, 1]
(1, (0, 0, 1), (1, 1)): [1, 0, 1]
(1, (0, 0, 1), (1, 2)): [1, 0, 1]
(1, (0, 0, 1), (2, 0)): [0, 2]
(1, (0, 0, 1), (3, 0)): [0, 2]
(1, (0, 0, 1), (3, 1)): [0, 1]
(1, (0, 1, 0), (0, 0)): [1681, 904, 322, 151, 51, 24, 12, 6, 1, 2, 0, 1, 1]
(1, (0, 1, 0), (0, 1)): [8, 2]
(1, (0, 1, 0), (0, 2)): [3]
(1, (0, 1, 0), (1, 0)): [7, 3, 2, 0, 1]
(1, (0, 1, 0), (1, 1)): [7, 1, 1]
(1, (0, 1, 0), (1, 2)): [2, 1, 1]
(1, (0, 1, 0), (2, 0)): [2, 2, 1, 0, 1]
(1, (0, 1, 0), (2, 1)): [4]
(1, (0, 1, 0), (2, 2)): [1, 0, 1]
(1, (0, 1, 0), (3, 0)): [1, 2, 0, 0, 1]
(1, (0, 1, 0), (3, 1)): [2, 0, 0, 0, 1]
(1, (0, 1, 0), (3, 2)): [1, 0, 1]
(1, (0, 1, 1), (0, 0)): [264, 252, 284, 128, 58, 20, 10, 5, 2]
(1, (0, 1, 1), (0, 1)): [1, 1, 1]
(1, (0, 1, 1), (1, 0)): [1, 1, 0, 0, 2]
(1, (0, 1, 1), (1, 1)): [2, 0, 1]
(1, (0, 1, 1), (1, 2)): [1]
(1, (0, 1, 1), (2, 0)): [0, 1, 0, 0, 1]
(1, (0, 1, 1), (2, 1)): [1, 0, 1]
(1, (0, 1, 1), (3, 0)): [0, 1, 0, 0, 1]
(1, (0, 1, 1), (3, 1)): [1, 0, 1]
(1, (1, 0, 0), (0, 0)): [4938, 1021, 576, 289, 118, 55, 24, 5, 4, 2, 2, 0, 0, 1]
(1, (1, 0, 0), (0, 1)): [19, 1, 3, 0, 1]
(1, (1, 0, 0), (0, 2)): [7, 1, 2]
(1, (1, 0, 0), (1, 0)): [14, 2, 2, 0, 2]
(1, (1, 0, 0), (1, 1)): [13, 1, 2]
(1, (1, 0, 0), (1, 2)): [12, 0, 2]
(1, (1, 0, 0), (2, 0)): [6, 1, 1, 0, 2]
(1, (1, 0, 0), (2, 1)): [6]
(1, (1, 0, 0), (2, 2)): [5, 0, 1]
(1, (1, 0, 0), (3, 0)): [4, 1, 0, 0, 2]
(1, (1, 0, 0), (3, 1)): [4]
(1, (1, 0, 0), (3, 2)): [4, 0, 1]
(1, (1, 0, 1), (0, 0)): [442, 566, 198, 126, 59, 35, 13, 5, 3, 4, 2]
(1, (1, 0, 1), (0, 1)): [3, 1, 1, 0, 0, 1]
(1, (1, 0, 1), (0, 2)): [3, 0, 0, 0, 0, 1]
(1, (1, 0, 1), (1, 0)): [1, 2]
(1, (1, 0, 1), (1, 1)): [1, 1]
(1, (1, 0, 1), (1, 2)): [1]
(1, (1, 0, 1), (2, 0)): [0, 1]
(1, (1, 0, 1), (2, 1)): [0, 1]
(1, (1, 0, 1), (2, 2)): [0, 1]
(1, (1, 0, 1), (3, 0)): [0, 1]
(1, (1, 0, 1), (3, 2)): [0, 1]
(1, (1, 1, 0), (0, 0)): [1319, 451, 305, 229, 96, 47, 21, 7, 5, 2, 0, 0, 0, 1]
(1, (1, 1, 0), (0, 1)): [7, 0, 2]
(1, (1, 1, 0), (0, 2)): [3]
(1, (1, 1, 0), (1, 0)): [4, 0, 2, 0, 3]
(1, (1, 1, 0), (1, 1)): [5]
(1, (1, 1, 0), (1, 2)): [2]
(1, (1, 1, 0), (2, 0)): [1, 0, 1, 0, 3]
(1, (1, 1, 0), (2, 1)): [2]
(1, (1, 1, 0), (2, 2)): [3]
(1, (1, 1, 0), (3, 0)): [0, 0, 0, 0, 2]
(1, (1, 1, 0), (3, 2)): [1]
(1, (1, 1, 1), (0, 0)): [251, 214, 133, 100, 72, 38, 18, 5, 3]
(1, (1, 1, 1), (0, 1)): [3, 0, 3, 1]
(1, (1, 1, 1), (0, 2)): [2, 0, 2]
(1, (1, 1, 1), (1, 0)): [0, 2, 4, 1, 2, 0, 1, 1]
(1, (1, 1, 1), (1, 1)): [1, 1, 2, 1, 1]
(1, (1, 1, 1), (1, 2)): [0, 0, 0, 1]
(1, (1, 1, 1), (2, 0)): [0, 1, 3, 1, 1, 0, 1, 1]
(1, (1, 1, 1), (2, 1)): [0, 1, 2, 0, 2, 0, 1]
(1, (1, 1, 1), (2, 2)): [0, 1, 2, 0, 0, 0, 1]
(1, (1, 1, 1), (3, 0)): [0, 1, 2, 1]
(1, (1, 1, 1), (3, 1)): [0, 0, 1, 1, 2]
(1, (1, 1, 1), (3, 2)): [0, 0, 0, 1, 1]
(2, (0, 0, 0), (0, 0)): [9719, 494, 164, 52, 17, 6, 3, 1]
(2, (0, 0, 0), (0, 1)): [30, 2]
(2, (0, 0, 0), (0, 2)): [15]
(2, (0, 0, 0), (1, 0)): [27, 1, 0, 1]
(2, (0, 0, 0), (1, 1)): [21, 2]
(2, (0, 0, 0), (1, 2)): [19]
(2, (0, 0, 0), (2, 0)): [10, 1, 0, 1]
(2, (0, 0, 0), (2, 1)): [12, 1]
(2, (0, 0, 0), (2, 2)): [16]
(2, (0, 0, 0), (3, 0)): [3]
(2, (0, 0, 0), (3, 1)): [3, 1]
(2, (0, 0, 0), (3, 2)): [5, 1]
(2, (0, 0, 1), (0, 0)): [1254, 434, 78, 24, 10, 6, 1]
(2, (0, 0, 1), (0, 1)): [3, 2]
(2, (0, 0, 1), (0, 2)): [2, 1]
(2, (0, 0, 1), (1, 0)): [5, 1]
(2, (0, 0, 1), (1, 1)): [3, 1]
(2, (0, 0, 1), (1, 2)): [1, 1]
(2, (0, 0, 1), (2, 0)): [1, 1]
(2, (0, 0, 1), (2, 1)): [2, 2]
(2, (0, 0, 1), (3, 0)): [1]
(2, (0, 0, 1), (3, 1)): [3]
(2, (0, 0, 1), (3, 2)): [1]
(2, (0, 1, 0), (0, 0)): [2702, 694, 172, 59, 22, 9, 2]
(2, (0, 1, 0), (0, 1)): [12, 1, 0, 0, 1]
(2, (0, 1, 0), (0, 2)): [5, 0, 0, 0, 1]
(2, (0, 1, 0), (1, 0)): [13, 1, 2, 1]
(2, (0, 1, 0), (1, 1)): [11, 1]
(2, (0, 1, 0), (1, 2)): [7, 0, 0, 0, 1]
(2, (0, 1, 0), (2, 0)): [6, 1, 2, 1]
(2, (0, 1, 0), (2, 1)): [9, 0, 1]
(2, (0, 1, 0), (2, 2)): [4, 0, 1, 0, 1]
(2, (0, 1, 0), (3, 0)): [2, 1, 1]
(2, (0, 1, 0), (3, 1)): [9, 1]
(2, (0, 1, 0), (3, 2)): [8, 1, 1, 0, 1]
(2, (0, 1, 1), (0, 0)): [741, 69, 190, 46, 24, 8, 1, 2]
(2, (0, 1, 1), (0, 1)): [1, 0, 2]
(2, (0, 1, 1), (0, 2)): [0, 0, 1]
(2, (0, 1, 1), (1, 0)): [4, 0, 1]
(2, (0, 1, 1), (1, 1)): [0, 0, 1]
(2, (0, 1, 1), (2, 0)): [4]
(2, (0, 1, 1), (3, 0)): [4]
(2, (0, 1, 1), (3, 1)): [1]
(2, (0, 1, 1), (3, 2)): [1]
(2, (1, 0, 0), (0, 0)): [6123, 483, 304, 104, 29, 8, 4, 1]
(2, (1, 0, 0), (0, 1)): [9, 0, 1]
(2, (1, 0, 0), (0, 2)): [3, 0, 1]
(2, (1, 0, 0), (1, 0)): [12, 1, 1]
(2, (1, 0, 0), (1, 1)): [8, 1, 1]
(2, (1, 0, 0), (1, 2)): [4, 0, 2]
(2, (1, 0, 0), (2, 0)): [4]
(2, (1, 0, 0), (2, 1)): [5]
(2, (1, 0, 0), (2, 2)): [4, 0, 1]
(2, (1, 0, 0), (3, 0)): [1]
(2, (1, 0, 0), (3, 1)): [1]
(2, (1, 0, 0), (3, 2)): [2]
(2, (1, 0, 1), (0, 0)): [1171, 323, 117, 73, 24, 13, 3, 2]
(2, (1, 0, 1), (0, 1)): [4, 1]
(2, (1, 0, 1), (0, 2)): [3]
(2, (1, 0, 1), (1, 0)): [3, 1]
(2, (1, 0, 1), (2, 0)): [2, 1]
(2, (1, 0, 1), (3, 0)): [2, 1]
(2, (1, 1, 0), (0, 0)): [2075, 346, 215, 123, 38, 10, 6, 0, 1]
(2, (1, 1, 0), (0, 1)): [10]
(2, (1, 1, 0), (0, 2)): [3]
(2, (1, 1, 0), (1, 0)): [8, 3, 1, 1]
(2, (1, 1, 0), (1, 1)): [7, 1, 1, 1]
(2, (1, 1, 0), (1, 2)): [4]
(2, (1, 1, 0), (2, 0)): [5, 2]
(2, (1, 1, 0), (2, 1)): [7, 1]
(2, (1, 1, 0), (2, 2)): [3]
(2, (1, 1, 0), (3, 0)): [2, 2]
(2, (1, 1, 0), (3, 1)): [2]
(2, (1, 1, 0), (3, 2)): [1]
(2, (1, 1, 1), (0, 0)): [582, 91, 108, 64, 45, 15, 4, 1]
(2, (1, 1, 1), (0, 1)): [4, 0, 2, 0, 1, 1]
(2, (1, 1, 1), (0, 2)): [3, 0, 1, 0, 0, 1]
(2, (1, 1, 1), (1, 0)): [3, 2, 1]
(2, (1, 1, 1), (1, 1)): [3, 0, 2]
(2, (1, 1, 1), (1, 2)): [2, 0, 2, 0, 0, 1]
(2, (1, 1, 1), (2, 0)): [1, 2]
(2, (1, 1, 1), (2, 2)): [1, 0, 1]
(2, (1, 1, 1), (3, 0)): [1, 2]
(2, (1, 1, 1), (3, 1)): [1]
(2, (1, 1, 1), (3, 2)): [1]
