(0, (0, 0, 0)): [14946, 3207, 1549, 723, 317, 139, 66, 18, 8, 7, 3]
(0, (0, 0, 1)): [68, 263, 71, 34, 22, 10, 3, 0, 0, 1]
(0, (0, 1, 0)): [476, 552, 215, 76, 52, 23, 10, 0, 4, 1, 2]
(0, (0, 1, 1)): [42, 104, 127, 46, 31, 10, 5, 2, 3]
(0, (1, 0, 0)): [3387, 1255, 804, 425, 175, 80, 37, 15, 3, 5, 1]
(0, (1, 0, 1)): [67, 277, 125, 84, 41, 28, 13, 1, 2, 2]
(0, (1, 1, 0)): [422, 300, 255, 196, 91, 41, 12, 11, 3, 3]
(0, (1, 1, 1)): [50, 85, 65, 71, 60, 26, 8, 6, 3, 2]
(1, (0, 0, 0)): [11775, 1319, 553, 228, 94, 41, 16, 4, 1, 2]
(1, (0, 0, 1)): [407, 638, 144, 42, 22, 7, 4, 0, 0, 1]
(1, (0, 1, 0)): [1713, 900, 320, 125, 46, 25, 7, 3, 0, 0, 1]
(1, (0, 1, 1)): [274, 264, 299, 108, 45, 19, 10, 2, 1, 3]
(1, (1, 0, 0)): [5115, 984, 604, 274, 101, 40, 17, 5, 2, 2]
(1, (1, 0, 1)): [429, 530, 217, 120, 42, 19, 5, 3, 1, 1]
(1, (1, 1, 0)): [1264, 433, 320, 213, 86, 33, 10, 6, 6, 1, 1]
(1, (1, 1, 1)): [248, 188, 132, 104, 74, 27, 14, 9, 5, 1]
(2, (0, 0, 0)): [9933, 465, 139, 48, 22, 7, 4, 1]
(2, (0, 0, 1)): [1238, 425, 79, 24, 11, 6, 4]
(2, (0, 1, 0)): [2925, 733, 163, 51, 16, 7, 4, 1]
(2, (0, 1, 1)): [752, 62, 211, 51, 22, 4, 2]
(2, (1, 0, 0)): [6254, 504, 230, 91, 35, 12, 8, 1]
(2, (1, 0, 1)): [1094, 335, 124, 75, 22, 10, 5]
(2, (1, 1, 0)): [2115, 352, 202, 113, 34, 15, 5, 2]
(2, (1, 1, 1)): [576, 86, 104, 66, 35, 14, 8, 2, 1]
