(0, (0, 0, 0)): [1847710, 375029, 172390, 78524, 35073, 14951, 6192, 2526, 1026, 442, 188, 95, 34, 17, 4, 1, 1, 1]
(0, (0, 0, 1)): [7328, 22384, 6188, 2943, 1405, 595, 270, 117, 43, 23, 12, 3, 4, 3]
(0, (0, 1, 0)): [66961, 62953, 24541, 11997, 5750, 2451, 1050, 439, 182, 100, 33, 13, 5, 6, 2, 0, 1]
(0, (0, 1, 1)): [5464, 9477, 11337, 5261, 2743, 1322, 556, 247, 130, 55, 14, 10, 2, 2, 2, 0, 1, 1]
(0, (1, 0, 0)): [392387, 131949, 83997, 41587, 19799, 8879, 3699, 1568, 666, 286, 136, 56, 23, 11, 3, 1, 1, 1]
(0, (1, 0, 1)): [9282, 28413, 11644, 8144, 4274, 1979, 942, 371, 182, 68, 39, 18, 7, 2, 2, 0, 0, 1]
(0, (1, 1, 0)): [54678, 34889, 26269, 18786, 9988, 4682, 1972, 928, 382, 179, 84, 32, 11, 4, 0, 0, 1]
(0, (1, 1, 1)): [5227, 10124, 8349, 6142, 4947, 2453, 1126, 549, 252, 110, 55, 19, 6, 3, 1, 0, 1]
(1, (0, 0, 0)): [1502826, 165871, 67870, 26882, 10447, 3968, 1541, 566, 197, 80, 30, 20, 7, 3, 0, 1]
(1, (0, 0, 1)): [41750, 60360, 11933, 5116, 2125, 869, 327, 128, 58, 23, 13, 6, 4, 2]
(1, (0, 1, 0)): [206106, 90876, 33018, 14257, 5728, 2272, 792, 349, 110, 49, 26, 9, 9, 2, 1]
(1, (0, 1, 1)): [32377, 27078, 23953, 9624, 4925, 1946, 762, 304, 136, 46, 13, 7, 2, 2, 0, 1]
(1, (1, 0, 0)): [567501, 101508, 65240, 27735, 11282, 4469, 1767, 633, 254, 107, 40, 28, 5, 3, 0, 2]
(1, (1, 0, 1)): [46017, 53427, 17243, 11537, 4974, 2027, 792, 307, 105, 63, 18, 7, 0, 1]
(1, (1, 1, 0)): [157313, 48256, 32225, 23131, 9737, 4032, 1572, 628, 250, 99, 38, 20, 9, 5, 1]
(1, (1, 1, 1)): [31930, 25621, 16281, 10629, 7887, 3367, 1368, 520, 216, 76, 25, 18, 9, 4, 1, 1]
(2, (0, 0, 0)): [1308803, 60381, 20181, 6397, 2149, 686, 232, 82, 12, 7, 5, 0, 1]
(2, (0, 0, 1)): [124400, 37740, 7675, 2609, 908, 313, 93, 32, 7, 3, 0, 1]
(2, (0, 1, 0)): [327541, 68931, 18814, 6598, 2173, 719, 224, 70, 16, 10, 6, 0, 1]
(2, (0, 1, 1)): [75462, 6475, 16272, 4495, 1773, 588, 191, 60, 21, 5, 4, 1, 0, 1]
(2, (1, 0, 0)): [687986, 50075, 32787, 10402, 3384, 1086, 418, 121, 24, 13, 7, 1, 1]
(2, (1, 0, 1)): [119866, 28753, 11396, 6934, 2257, 749, 247, 82, 27, 9, 2, 3, 1]
(2, (1, 1, 0)): [268245, 40763, 20630, 14126, 4550, 1472, 500, 165, 52, 24, 8, 2, 2, 1]
(2, (1, 1, 1)): [78356, 11459, 13119, 6525, 4807, 1514, 517, 172, 55, 11, 9, 3, 1, 1]
