(0, (0, 0, 0)): [1612104, 322258, 147488, 66787, 29648, 12542, 5166, 2129, 857, 381, 165, 68, 32, 11, 4, 1, 0, 1]
(0, (0, 0, 1)): [6706, 20115, 5490, 2584, 1242, 516, 234, 108, 39, 23, 11, 3, 3, 2]
(0, (0, 1, 0)): [57414, 53557, 20786, 9976, 4748, 2041, 862, 364, 149, 83, 29, 7, 3, 3, 2]
(0, (0, 1, 1)): [4752, 8133, 9717, 4490, 2359, 1098, 472, 210, 106, 47, 11, 6, 2, 2, 1, 0, 0, 1]
(0, (1, 0, 0)): [343963, 115521, 72456, 35649, 16911, 7503, 3129, 1336, 558, 253, 115, 42, 22, 5, 3, 1, 0, 1]
(0, (1, 0, 1)): [8215, 24831, 10170, 6966, 3651, 1670, 791, 321, 159, 61, 34, 15, 5, 1, 2, 0, 0, 1]
(0, (1, 1, 0)): [47259, 30109, 22629, 16009, 8526, 3971, 1690, 796, 321, 152, 71, 24, 10, 3]
(0, (1, 1, 1)): [4580, 8661, 7112, 5345, 4231, 2102, 971, 472, 211, 94, 46, 15, 5, 2, 1]
(1, (0, 0, 0)): [1307689, 141739, 57778, 22768, 8780, 3302, 1277, 470, 174, 68, 28, 15, 7, 3, 0, 1]
(1, (0, 0, 1)): [36669, 52711, 10373, 4384, 1816, 727, 283, 114, 49, 20, 11, 5, 4, 1]
(1, (0, 1, 0)): [178935, 79451, 28405, 12175, 4844, 1911, 652, 299, 93, 41, 23, 9, 9, 2, 1]
(1, (0, 1, 1)): [28459, 23386, 21077, 8358, 4263, 1662, 655, 253, 120, 41, 12, 7, 2, 2, 0, 1]
(1, (1, 0, 0)): [496294, 88627, 56085, 23717, 9565, 3763, 1479, 526, 222, 94, 33, 22, 5, 3, 0, 2]
(1, (1, 0, 1)): [39954, 46622, 15079, 9955, 4267, 1723, 683, 263, 88, 58, 16, 6, 0, 1]
(1, (1, 1, 0)): [135903, 41887, 27999, 19772, 8271, 3392, 1319, 543, 217, 81, 26, 15, 9, 5, 1]
(1, (1, 1, 1)): [27632, 22094, 14055, 9197, 6689, 2820, 1144, 433, 187, 66, 20, 15, 8, 3, 1, 1]
(2, (0, 0, 0)): [1135920, 51021, 17028, 5400, 1780, 566, 196, 63, 11, 6, 5, 0, 1]
(2, (0, 0, 1)): [107268, 33076, 6517, 2182, 775, 260, 74, 26, 5, 2, 0, 1]
(2, (0, 1, 0)): [283540, 60223, 16045, 5613, 1816, 609, 186, 57, 15, 8, 6, 0, 1]
(2, (0, 1, 1)): [64786, 5620, 14169, 3788, 1494, 481, 162, 51, 19, 4, 3, 1, 0, 1]
(2, (1, 0, 0)): [601871, 43774, 27924, 8841, 2826, 906, 350, 97, 19, 12, 6, 0, 1]
(2, (1, 0, 1)): [102986, 24955, 9851, 5821, 1890, 622, 204, 69, 23, 8, 0, 3, 1]
(2, (1, 1, 0)): [232825, 35593, 17872, 12018, 3819, 1232, 416, 135, 46, 21, 8, 1, 2, 1]
(2, (1, 1, 1)): [67214, 9802, 11295, 5570, 4016, 1259, 425, 142, 47, 10, 7, 1, 1, 1]
