(0, (0, 0, 0)): [15238, 3363, 1733, 823, 382, 161, 75, 38, 15, 9, 5, 1, 1]
(0, (0, 0, 1)): [57, 251, 85, 36, 17, 12, 3, 1, 2, 2, 0, 0, 1]
(0, (0, 1, 0)): [498, 564, 256, 113, 65, 20, 8, 10, 1, 2, 0, 1]
(0, (0, 1, 1)): [53, 88, 135, 86, 37, 23, 6, 6, 2, 0, 1]
(0, (1, 0, 0)): [3436, 1282, 828, 463, 219, 86, 54, 19, 8, 7, 4, 1]
(0, (1, 0, 1)): [87, 291, 136, 92, 71, 19, 23, 8, 4, 4, 2, 1]
(0, (1, 1, 0)): [462, 324, 255, 213, 92, 43, 21, 13, 8, 4, 1]
(0, (1, 1, 1)): [45, 83, 79, 54, 47, 19, 17, 11, 4, 1]
(1, (0, 0, 0)): [12109, 1439, 681, 241, 111, 52, 19, 10, 6]
(1, (0, 0, 1)): [359, 678, 147, 48, 25, 15, 5, 1, 2, 1, 1]
(1, (0, 1, 0)): [1683, 889, 325, 122, 62, 22, 9, 3, 1, 3]
(1, (0, 1, 1)): [323, 288, 296, 126, 60, 27, 13, 2, 1, 1]
(1, (1, 0, 0)): [5094, 1026, 704, 275, 135, 61, 24, 7, 5, 2, 0, 1]
(1, (1, 0, 1)): [427, 591, 214, 136, 61, 29, 12, 3, 2, 1]
(1, (1, 1, 0)): [1351, 462, 325, 228, 111, 47, 20, 4, 3, 2]
(1, (1, 1, 1)): [260, 226, 146, 104, 103, 45, 16, 3, 5, 1]
(2, (0, 0, 0)): [10533, 500, 184, 68, 17, 8, 6, 3, 1]
(2, (0, 0, 1)): [1253, 450, 102, 28, 9, 3, 0, 1]
(2, (0, 1, 0)): [2816, 691, 196, 64, 21, 10, 6, 1, 1]
(2, (0, 1, 1)): [784, 74, 194, 50, 23, 7, 5, 1, 1]
(2, (1, 0, 0)): [6404, 504, 341, 100, 29, 5, 7, 3, 1, 1]
(2, (1, 0, 1)): [1255, 321, 146, 82, 13, 11, 0, 5]
(2, (1, 1, 0)): [2153, 338, 175, 109, 38, 9, 7, 0, 0, 2]
(2, (1, 1, 1)): [684, 111, 121, 59, 40, 13, 5, 2, 1, 1]
