(0, (0, 0, 0)): [14708, 2911, 1394, 668, 339, 135, 57, 24, 14, 3, 2]
(0, (0, 0, 1)): [69, 171, 62, 24, 3, 5, 0, 2, 0, 1]
(0, (0, 1, 0)): [471, 453, 170, 86, 35, 23, 8, 4, 1, 0, 1]
(0, (0, 1, 1)): [49, 79, 99, 38, 28, 11, 4, 2, 1]
(0, (1, 0, 0)): [3313, 1063, 691, 353, 210, 77, 43, 17, 9, 2, 1]
(0, (1, 0, 1)): [64, 234, 89, 67, 34, 20, 3, 5, 2, 1, 1]
(0, (1, 1, 0)): [475, 313, 250, 175, 105, 48, 33, 11, 6, 2]
(0, (1, 1, 1)): [57, 93, 89, 60, 43, 18, 17, 6, 4, 1]
(1, (0, 0, 0)): [11668, 1229, 541, 236, 98, 35, 9, 3, 4, 1]
(1, (0, 0, 1)): [273, 467, 78, 39, 17, 9, 2, 3]
(1, (0, 1, 0)): [1518, 737, 277, 107, 55, 16, 7, 6, 1, 1]
(1, (0, 1, 1)): [271, 238, 212, 78, 46, 22, 9, 1, 2]
(1, (1, 0, 0)): [4637, 821, 522, 251, 108, 46, 13, 1, 5]
(1, (1, 0, 1)): [334, 450, 120, 87, 38, 14, 3, 5, 4, 1]
(1, (1, 1, 0)): [1364, 459, 311, 226, 107, 56, 21, 7, 3]
(1, (1, 1, 1)): [301, 282, 176, 105, 106, 47, 18, 4, 6]
(2, (0, 0, 0)): [10111, 423, 160, 63, 26, 7, 3, 1]
(2, (0, 0, 1)): [787, 278, 56, 21, 10, 3, 2]
(2, (0, 1, 0)): [2449, 525, 141, 55, 22, 7, 2]
(2, (0, 1, 1)): [545, 61, 123, 34, 14, 2, 3, 1]
(2, (1, 0, 0)): [5823, 393, 276, 92, 37, 8, 6, 1]
(2, (1, 0, 1)): [807, 206, 72, 51, 19, 3, 1, 1]
(2, (1, 1, 0)): [2642, 383, 222, 143, 50, 10, 3, 3, 1]
(2, (1, 1, 1)): [817, 119, 141, 76, 43, 12, 4, 2, 2]
