(0, (0, 0, 0), (0, 0)): [25019, 4668, 1975, 924, 419, 137, 50, 20, 6, 1, 1]
(0, (0, 0, 0), (0, 1)): [28, 4, 1]
(0, (0, 0, 0), (0, 2)): [16, 1]
(0, (0, 0, 0), (1, 0)): [26, 6, 1]
(0, (0, 0, 0), (1, 1)): [19, 6, 1]
(0, (0, 0, 0), (1, 2)): [20, 3]
(0, (0, 0, 0), (2, 0)): [9, 2, 1]
(0, (0, 0, 0), (2, 1)): [8, 4, 1]
(0, (0, 0, 0), (2, 2)): [12, 3]
(0, (0, 0, 0), (3, 0)): [4, 1, 1]
(0, (0, 0, 0), (3, 1)): [7, 0, 2]
(0, (0, 0, 0), (3, 2)): [8, 2, 2]
(0, (0, 0, 1), (0, 0)): [175, 439, 115, 53, 31, 7, 4, 2, 0, 0, 1]
(0, (0, 0, 1), (1, 0)): [1, 1]
(0, (0, 0, 1), (1, 1)): [1]
(0, (0, 0, 1), (1, 2)): [1]
(0, (0, 0, 1), (2, 0)): [0, 1]
(0, (0, 0, 1), (2, 1)): [0, 1]
(0, (0, 1, 0), (0, 0)): [864, 828, 286, 145, 70, 18, 11, 1, 0, 0, 1]
(0, (0, 1, 0), (0, 1)): [1]
(0, (0, 1, 0), (0, 2)): [1]
(0, (0, 1, 0), (1, 0)): [2, 1]
(0, (0, 1, 0), (1, 1)): [1]
(0, (0, 1, 0), (1, 2)): [1]
(0, (0, 1, 0), (2, 0)): [0, 1]
(0, (0, 1, 0), (2, 2)): [1]
(0, (0, 1, 0), (3, 0)): [0, 1]
(0, (0, 1, 1), (0, 0)): [78, 111, 145, 70, 24, 15, 4, 1]
(0, (1, 0, 0), (0, 0)): [5708, 1961, 1078, 543, 239, 92, 28, 11, 5, 1]
(0, (1, 0, 0), (0, 1)): [5, 0, 1]
(0, (1, 0, 0), (0, 2)): [2]
(0, (1, 0, 0), (1, 0)): [4, 3, 1]
(0, (1, 0, 0), (1, 1)): [3, 1, 1]
(0, (1, 0, 0), (1, 2)): [3, 0, 1]
(0, (1, 0, 0), (2, 0)): [2, 1]
(0, (1, 0, 0), (2, 1)): [0, 2]
(0, (1, 0, 0), (2, 2)): [1]
(0, (1, 0, 0), (3, 0)): [1]
(0, (1, 0, 1), (0, 0)): [137, 307, 147, 70, 46, 12, 9, 4, 1, 0, 1]
(0, (1, 1, 0), (0, 0)): [710, 471, 378, 257, 123, 43, 13, 5, 4, 2]
(0, (1, 1, 0), (1, 0)): [1]
(0, (1, 1, 0), (2, 0)): [1]
(0, (1, 1, 0), (2, 1)): [1]
(0, (1, 1, 0), (2, 2)): [1]
(0, (1, 1, 1), (0, 0)): [100, 120, 103, 107, 64, 32, 14, 5, 4, 1]
(1, (0, 0, 0), (0, 0)): [19740, 1879, 706, 282, 110, 36, 12, 7]
(1, (0, 0, 0), (0, 1)): [18, 3]
(1, (0, 0, 0), (0, 2)): [5]
(1, (0, 0, 0), (1, 0)): [25, 3, 1]
(1, (0, 0, 0), (1, 1)): [21, 3]
(1, (0, 0, 0), (1, 2)): [12]
(1, (0, 0, 0), (2, 0)): [6, 2, 1]
(1, (0, 0, 0), (2, 1)): [10, 3]
(1, (0, 0, 0), (2, 2)): [6, 1]
(1, (0, 0, 0), (3, 0)): [2, 1, 1]
(1, (0, 0, 0), (3, 1)): [5, 3, 1]
(1, (0, 0, 0), (3, 2)): [5, 3, 1]
(1, (0, 0, 1), (0, 0)): [871, 1211, 213, 98, 41, 7, 7, 3]
(1, (0, 0, 1), (0, 1)): [1, 2]
(1, (0, 0, 1), (0, 2)): [1, 1]
(1, (0, 0, 1), (1, 0)): [1, 1]
(1, (0, 0, 1), (1, 1)): [1, 1]
(1, (0, 0, 1), (2, 1)): [1]
(1, (0, 1, 0), (0, 0)): [3373, 1487, 480, 197, 87, 30, 5, 2]
(1, (0, 1, 0), (0, 1)): [2, 2]
(1, (0, 1, 0), (0, 2)): [0, 1]
(1, (0, 1, 0), (1, 0)): [5, 2]
(1, (0, 1, 0), (1, 1)): [1, 1]
(1, (0, 1, 0), (1, 2)): [1, 1]
(1, (0, 1, 0), (2, 0)): [5]
(1, (0, 1, 0), (2, 1)): [2]
(1, (0, 1, 0), (2, 2)): [1]
(1, (0, 1, 0), (3, 0)): [3]
(1, (0, 1, 0), (3, 1)): [2]
(1, (0, 1, 1), (0, 0)): [553, 427, 455, 168, 50, 24, 6, 0, 0, 1]
(1, (0, 1, 1), (1, 0)): [1]
(1, (0, 1, 1), (1, 1)): [1]
(1, (0, 1, 1), (1, 2)): [1]
(1, (0, 1, 1), (2, 2)): [1]
(1, (0, 1, 1), (3, 2)): [1]
(1, (1, 0, 0), (0, 0)): [7874, 1491, 756, 338, 130, 52, 15, 6]
(1, (1, 0, 0), (0, 1)): [6, 1]
(1, (1, 0, 0), (0, 2)): [4, 1]
(1, (1, 0, 0), (1, 0)): [4, 1, 1, 1]
(1, (1, 0, 0), (1, 1)): [4, 1, 0, 1]
(1, (1, 0, 0), (1, 2)): [6, 1, 0, 1]
(1, (1, 0, 0), (2, 0)): [1, 0, 1]
(1, (1, 0, 0), (2, 2)): [2, 1, 0, 1]
(1, (1, 0, 0), (3, 0)): [1, 0, 1]
(1, (1, 0, 0), (3, 1)): [1, 0, 1]
(1, (1, 0, 0), (3, 2)): [3, 0, 1, 1]
(1, (1, 0, 1), (0, 0)): [566, 676, 245, 131, 67, 14, 1, 5]
(1, (1, 0, 1), (0, 1)): [1]
(1, (1, 0, 1), (0, 2)): [1]
(1, (1, 0, 1), (1, 0)): [0, 2]
(1, (1, 0, 1), (1, 1)): [0, 1]
(1, (1, 0, 1), (1, 2)): [0, 1]
(1, (1, 0, 1), (2, 0)): [0, 1]
(1, (1, 1, 0), (0, 0)): [1909, 572, 420, 278, 101, 44, 13, 5]
(1, (1, 1, 0), (1, 0)): [2, 0, 0, 1]
(1, (1, 1, 0), (1, 1)): [2]
(1, (1, 1, 0), (1, 2)): [2]
(1, (1, 1, 0), (2, 2)): [1]
(1, (1, 1, 1), (0, 0)): [395, 286, 196, 157, 88, 40, 14, 9, 0, 1]
(1, (1, 1, 1), (0, 1)): [1]
(2, (0, 0, 0), (0, 0)): [17219, 601, 184, 47, 10, 3]
(2, (0, 0, 0), (0, 1)): [18]
(2, (0, 0, 0), (0, 2)): [6]
(2, (0, 0, 0), (1, 0)): [18, 2]
(2, (0, 0, 0), (1, 1)): [18, 2]
(2, (0, 0, 0), (1, 2)): [7]
(2, (0, 0, 0), (2, 0)): [8]
(2, (0, 0, 0), (2, 1)): [14, 2]
(2, (0, 0, 0), (2, 2)): [10]
(2, (0, 0, 0), (3, 0)): [2]
(2, (0, 0, 0), (3, 1)): [4, 1]
(2, (0, 0, 0), (3, 2)): [8]
(2, (0, 0, 1), (0, 0)): [2183, 758, 115, 33, 12, 1]
(2, (0, 0, 1), (0, 1)): [4]
(2, (0, 0, 1), (0, 2)): [3]
(2, (0, 0, 1), (1, 0)): [1, 1]
(2, (0, 0, 1), (1, 1)): [1]
(2, (0, 0, 1), (1, 2)): [3]
(2, (0, 0, 1), (2, 1)): [1]
(2, (0, 0, 1), (2, 2)): [2]
(2, (0, 0, 1), (3, 1)): [1]
(2, (0, 1, 0), (0, 0)): [5433, 1121, 248, 82, 24, 3, 1]
(2, (0, 1, 0), (0, 1)): [5, 2]
(2, (0, 1, 0), (0, 2)): [3]
(2, (0, 1, 0), (1, 0)): [9, 1]
(2, (0, 1, 0), (1, 1)): [2, 1]
(2, (0, 1, 0), (1, 2)): [4]
(2, (0, 1, 0), (2, 0)): [6]
(2, (0, 1, 0), (2, 1)): [4, 1]
(2, (0, 1, 0), (2, 2)): [6]
(2, (0, 1, 0), (3, 0)): [3]
(2, (0, 1, 0), (3, 1)): [2]
(2, (0, 1, 0), (3, 2)): [3]
(2, (0, 1, 1), (0, 0)): [1254, 127, 281, 71, 20, 5, 2]
(2, (0, 1, 1), (0, 1)): [1]
(2, (0, 1, 1), (1, 0)): [0, 0, 2]
(2, (0, 1, 1), (1, 1)): [1]
(2, (0, 1, 1), (2, 0)): [0, 0, 2]
(2, (0, 1, 1), (2, 1)): [1, 0, 1]
(2, (0, 1, 1), (2, 2)): [0, 0, 1]
(2, (0, 1, 1), (3, 0)): [0, 0, 1]
(2, (0, 1, 1), (3, 1)): [0, 0, 1]
(2, (0, 1, 1), (3, 2)): [0, 0, 2]
(2, (1, 0, 0), (0, 0)): [9471, 695, 311, 85, 25, 6, 1]
(2, (1, 0, 0), (0, 1)): [10, 1]
(2, (1, 0, 0), (0, 2)): [1]
(2, (1, 0, 0), (1, 0)): [9]
(2, (1, 0, 0), (1, 1)): [5]
(2, (1, 0, 0), (1, 2)): [2]
(2, (1, 0, 0), (2, 0)): [4]
(2, (1, 0, 0), (2, 1)): [4]
(2, (1, 0, 0), (2, 2)): [2]
(2, (1, 0, 0), (3, 0)): [2]
(2, (1, 0, 0), (3, 1)): [2]
(2, (1, 0, 1), (0, 0)): [1388, 402, 178, 63, 21, 1, 2]
(2, (1, 0, 1), (1, 0)): [1]
(2, (1, 0, 1), (2, 0)): [1]
(2, (1, 1, 0), (0, 0)): [2781, 391, 250, 125, 31, 8, 1]
(2, (1, 1, 0), (0, 1)): [4]
(2, (1, 1, 0), (0, 2)): [1]
(2, (1, 1, 0), (1, 0)): [3]
(2, (1, 1, 0), (1, 1)): [3]
(2, (1, 1, 0), (1, 2)): [2]
(2, (1, 1, 1), (0, 0)): [890, 135, 132, 78, 47, 10, 4]
(2, (1, 1, 1), (0, 1)): [0, 0, 1]
(2, (1, 1, 1), (1, 1)): [0, 0, 1]
(2, (1, 1, 1), (2, 1)): [0, 0, 1]
