(0, (0, 0, 0)): [2547357, 520851, 239673, 109957, 49374, 21094, 8791, 3561, 1447, 624, 281, 129, 44, 23, 6, 1, 1, 1]
(0, (0, 0, 1)): [9032, 28194, 7747, 3786, 1817, 778, 349, 142, 57, 35, 20, 4, 4, 3]
(0, (0, 1, 0)): [94776, 88081, 34944, 17409, 8235, 3585, 1549, 634, 268, 139, 49, 20, 9, 6, 3, 0, 1]
(0, (0, 1, 1)): [7504, 13172, 15609, 7299, 3856, 1843, 797, 356, 176, 75, 26, 16, 4, 4, 2, 0, 1, 1]
(0, (1, 0, 0)): [529134, 173295, 114214, 57012, 27376, 12208, 5104, 2191, 920, 397, 194, 76, 27, 17, 4, 1, 1, 1]
(0, (1, 0, 1)): [12311, 37277, 15146, 10957, 5713, 2662, 1259, 514, 250, 103, 55, 20, 11, 3, 2, 0, 0, 1]
(0, (1, 1, 0)): [76335, 47679, 35097, 25939, 13802, 6446, 2763, 1274, 529, 242, 111, 47, 14, 6, 1, 0, 1]
(0, (1, 1, 1)): [7365, 14316, 11461, 8346, 6891, 3434, 1607, 766, 360, 151, 73, 28, 8, 4, 1, 0, 1]
(1, (0, 0, 0)): [2086729, 234104, 95423, 37990, 14863, 5663, 2193, 784, 278, 111, 41, 25, 8, 3, 0, 1]
(1, (0, 0, 1)): [55439, 79607, 15962, 7029, 2875, 1173, 458, 169, 77, 27, 15, 9, 4, 2]
(1, (0, 1, 0)): [278977, 119917, 44827, 19511, 7890, 3152, 1127, 479, 143, 72, 36, 10, 10, 2, 1]
(1, (0, 1, 1)): [43411, 36658, 31619, 12956, 6656, 2650, 1068, 422, 176, 61, 24, 10, 3, 2, 0, 1]
(1, (1, 0, 0)): [772254, 134673, 90155, 38539, 15715, 6250, 2449, 899, 350, 146, 56, 33, 7, 3, 0, 2]
(1, (1, 0, 1)): [62490, 70358, 22637, 15646, 6755, 2798, 1093, 436, 155, 83, 24, 10, 2, 1]
(1, (1, 1, 0)): [217003, 64793, 43197, 32009, 13472, 5600, 2189, 868, 335, 135, 52, 26, 10, 5, 1]
(1, (1, 1, 1)): [44373, 35465, 22081, 14352, 11179, 4782, 1946, 733, 296, 109, 38, 22, 9, 4, 1, 1]
(2, (0, 0, 0)): [1825042, 87155, 28708, 9173, 3071, 947, 323, 111, 21, 9, 5, 1, 1]
(2, (0, 0, 1)): [170367, 49416, 10554, 3642, 1270, 434, 131, 45, 10, 7, 1, 2]
(2, (0, 1, 0)): [449583, 91855, 26115, 9295, 3122, 990, 321, 96, 24, 14, 7, 0, 1]
(2, (0, 1, 1)): [105150, 8744, 21626, 6366, 2512, 835, 272, 84, 26, 7, 5, 1, 0, 1]
(2, (1, 0, 0)): [935065, 67280, 45811, 14653, 4805, 1523, 567, 172, 41, 16, 7, 2, 1]
(2, (1, 0, 1)): [164786, 37995, 15065, 9744, 3240, 1034, 355, 110, 36, 13, 2, 4, 2]
(2, (1, 1, 0)): [366422, 54392, 27612, 19804, 6378, 2039, 688, 234, 70, 32, 11, 4, 2, 1]
(2, (1, 1, 1)): [109275, 15908, 17998, 9000, 6954, 2155, 734, 247, 82, 21, 10, 4, 1, 1]
