(0, (0, 0, 0)): [1690424, 339679, 155531, 70545, 31360, 13299, 5476, 2250, 907, 396, 169, 77, 32, 13, 4, 1, 0, 1]
(0, (0, 0, 1)): [6955, 20899, 5732, 2713, 1309, 546, 247, 111, 40, 23, 11, 3, 3, 2]
(0, (0, 1, 0)): [60569, 56769, 22062, 10634, 5060, 2179, 918, 382, 160, 88, 30, 8, 3, 3, 2]
(0, (0, 1, 1)): [4972, 8557, 10254, 4729, 2465, 1178, 496, 223, 116, 47, 11, 8, 2, 2, 1, 0, 0, 1]
(0, (1, 0, 0)): [360037, 121070, 76211, 37590, 17835, 7944, 3301, 1403, 586, 260, 118, 48, 22, 7, 3, 1, 0, 1]
(0, (1, 0, 1)): [8547, 26072, 10671, 7359, 3855, 1771, 836, 334, 165, 62, 36, 15, 5, 1, 2, 0, 0, 1]
(0, (1, 1, 0)): [49638, 31661, 23826, 16926, 8991, 4189, 1778, 834, 339, 161, 73, 27, 11, 4]
(0, (1, 1, 1)): [4784, 9141, 7498, 5610, 4452, 2207, 1022, 495, 224, 98, 47, 16, 6, 2, 1]
(1, (0, 0, 0)): [1372576, 149654, 61005, 24067, 9297, 3507, 1362, 500, 184, 73, 29, 17, 7, 3, 0, 1]
(1, (0, 0, 1)): [38438, 55458, 10915, 4611, 1919, 789, 293, 119, 53, 21, 12, 6, 4, 1]
(1, (0, 1, 0)): [187970, 83382, 29952, 12835, 5141, 2034, 696, 319, 100, 44, 24, 9, 9, 2, 1]
(1, (0, 1, 1)): [29717, 24609, 22053, 8772, 4476, 1743, 690, 268, 124, 42, 12, 7, 2, 2, 0, 1]
(1, (1, 0, 0)): [519863, 93014, 59017, 24986, 10090, 3962, 1563, 554, 232, 98, 35, 24, 5, 3, 0, 2]
(1, (1, 0, 1)): [41982, 48892, 15795, 10489, 4499, 1818, 713, 279, 91, 59, 16, 7, 0, 1]
(1, (1, 1, 0)): [142860, 44011, 29378, 20811, 8710, 3577, 1391, 561, 229, 85, 30, 17, 9, 5, 1]
(1, (1, 1, 1)): [29013, 23255, 14778, 9647, 7073, 2990, 1205, 450, 194, 69, 23, 17, 8, 3, 1, 1]
(2, (0, 0, 0)): [1193381, 54026, 17973, 5717, 1897, 609, 210, 70, 12, 7, 5, 0, 1]
(2, (0, 0, 1)): [113009, 34687, 6890, 2323, 820, 279, 82, 27, 5, 2, 0, 1]
(2, (0, 1, 0)): [298068, 63161, 16937, 5933, 1936, 651, 199, 62, 16, 10, 6, 0, 1]
(2, (0, 1, 1)): [68278, 5925, 14877, 4027, 1584, 514, 175, 54, 20, 5, 4, 1, 0, 1]
(2, (1, 0, 0)): [630323, 45866, 29383, 9355, 3003, 970, 379, 107, 20, 13, 6, 0, 1]
(2, (1, 0, 1)): [108656, 26244, 10411, 6190, 2005, 664, 225, 73, 25, 8, 0, 3, 1]
(2, (1, 1, 0)): [244404, 37345, 18750, 12717, 4061, 1317, 446, 149, 49, 23, 8, 1, 2, 1]
(2, (1, 1, 1)): [70819, 10318, 11902, 5901, 4261, 1346, 456, 147, 50, 10, 8, 2, 1, 1]
