(0, (0, 0, 0), (0, 0)): [1946012, 396468, 182094, 83152, 37221, 15936, 6563, 2692, 1096, 468, 207, 97, 36, 19, 5, 1, 1, 1]
(0, (0, 0, 0), (0, 1)): [238992, 46814, 21168, 9949, 4392, 1947, 757, 292, 118, 53, 25, 11, 5, 3, 1, 1]
(0, (0, 0, 0), (0, 2)): [90755, 15774, 6953, 3199, 1386, 617, 233, 87, 38, 18, 6, 3, 3, 0, 1]
(0, (0, 0, 0), (1, 0)): [211094, 48254, 22890, 10644, 4993, 2110, 920, 372, 157, 48, 28, 12, 1, 4, 1, 0, 1]
(0, (0, 0, 0), (1, 1)): [203498, 42112, 19486, 9134, 4058, 1789, 747, 283, 127, 36, 27, 11, 3, 4, 0, 1, 1]
(0, (0, 0, 0), (1, 2)): [138330, 25032, 11299, 5220, 2297, 989, 406, 158, 74, 23, 11, 5, 5, 0, 1]
(0, (0, 0, 0), (2, 0)): [68145, 17237, 8787, 4139, 2039, 845, 361, 161, 57, 22, 12, 5, 0, 2, 1]
(0, (0, 0, 0), (2, 1)): [105627, 23908, 11746, 5445, 2555, 1131, 436, 200, 71, 27, 17, 8, 1, 2, 0, 0, 1]
(0, (0, 0, 0), (2, 2)): [110041, 21717, 10228, 4781, 2145, 907, 364, 153, 72, 22, 11, 3, 4, 1, 1, 0, 1]
(0, (0, 0, 0), (3, 0)): [20015, 5796, 3378, 1703, 851, 347, 150, 68, 25, 6, 5, 1, 0, 2, 1]
(0, (0, 0, 0), (3, 1)): [40436, 10815, 5777, 2826, 1369, 608, 237, 118, 47, 14, 6, 6, 1, 2, 1]
(0, (0, 0, 0), (3, 2)): [58385, 13525, 7128, 3339, 1587, 683, 265, 118, 50, 19, 8, 7, 4, 1, 1, 0, 1]
(0, (0, 0, 1), (0, 0)): [7559, 23249, 6419, 3067, 1471, 627, 280, 118, 45, 27, 13, 3, 4, 3]
(0, (0, 0, 1), (0, 1)): [652, 2071, 583, 250, 133, 50, 27, 9, 5, 2, 3, 0, 0, 1]
(0, (0, 0, 1), (0, 2)): [292, 775, 193, 86, 39, 21, 8, 2, 3]
(0, (0, 0, 1), (1, 0)): [659, 2308, 687, 379, 172, 81, 32, 12, 3, 3, 2]
(0, (0, 0, 1), (1, 1)): [609, 1931, 555, 250, 141, 55, 28, 10, 1, 4, 3, 0, 0, 1]
(0, (0, 0, 1), (1, 2)): [466, 1239, 321, 144, 67, 35, 13, 5, 2, 3, 2]
(0, (0, 0, 1), (2, 0)): [238, 862, 281, 174, 68, 38, 11, 6, 3, 1]
(0, (0, 0, 1), (2, 1)): [330, 1095, 353, 187, 97, 43, 19, 7, 3, 1, 1]
(0, (0, 0, 1), (2, 2)): [421, 1111, 304, 150, 82, 30, 15, 3, 1, 2, 1]
(0, (0, 0, 1), (3, 0)): [68, 294, 96, 71, 28, 15, 7, 2, 1]
(0, (0, 0, 1), (3, 1)): [131, 497, 156, 112, 54, 21, 8, 4, 2]
(0, (0, 0, 1), (3, 2)): [241, 697, 193, 129, 73, 23, 7, 2, 3, 1, 1]
(0, (0, 1, 0), (0, 0)): [70964, 66761, 26094, 12817, 6137, 2637, 1122, 472, 197, 105, 35, 13, 5, 6, 3, 0, 1]
(0, (0, 1, 0), (0, 1)): [8804, 7949, 3124, 1459, 706, 301, 147, 58, 24, 12, 1, 2, 0, 1, 1]
(0, (0, 1, 0), (0, 2)): [3581, 2704, 1062, 464, 223, 102, 61, 18, 8, 3, 0, 1]
(0, (0, 1, 0), (1, 0)): [8700, 8445, 3553, 1914, 892, 414, 155, 76, 30, 9, 5, 2, 2, 2, 1, 0, 1]
(0, (0, 1, 0), (1, 1)): [7787, 7010, 2848, 1433, 663, 285, 121, 58, 14, 11, 3, 1, 0, 2, 1]
(0, (0, 1, 0), (1, 2)): [5412, 4242, 1732, 835, 367, 159, 75, 40, 8, 4, 2, 2, 0, 0, 1]
(0, (0, 1, 0), (2, 0)): [3154, 3022, 1340, 784, 352, 195, 65, 32, 15, 3, 1, 2, 2, 1, 0, 0, 1]
(0, (0, 1, 0), (2, 1)): [4269, 3938, 1677, 860, 416, 214, 79, 29, 11, 8, 1, 1, 1, 1, 0, 0, 1]
(0, (0, 1, 0), (2, 2)): [4646, 3610, 1595, 732, 344, 159, 66, 28, 10, 4, 2, 2, 0, 0, 1, 0, 1]
(0, (0, 1, 0), (3, 0)): [1099, 918, 448, 323, 153, 82, 35, 19, 8, 1, 0, 1, 1]
(0, (0, 1, 0), (3, 1)): [1862, 1617, 766, 507, 230, 127, 43, 19, 2, 2, 0, 1, 0, 1]
(0, (0, 1, 0), (3, 2)): [2684, 2109, 1032, 547, 253, 128, 57, 20, 5, 4, 2, 0, 0, 0, 1, 0, 1]
(0, (0, 1, 1), (0, 0)): [5739, 10014, 11942, 5554, 2904, 1406, 584, 253, 136, 56, 15, 11, 3, 4, 2, 0, 1, 1]
(0, (0, 1, 1), (0, 1)): [707, 1135, 1301, 582, 301, 152, 68, 17, 12, 6, 2, 2, 1, 0, 0, 0, 1]
(0, (0, 1, 1), (0, 2)): [329, 417, 459, 221, 102, 55, 27, 7, 2, 3, 0, 1]
(0, (0, 1, 1), (1, 0)): [665, 1299, 1550, 780, 404, 215, 78, 32, 25, 5, 2, 3, 0, 1, 1]
(0, (0, 1, 1), (1, 1)): [588, 1026, 1212, 550, 293, 144, 53, 19, 13, 3, 2, 0, 1, 0, 0, 0, 1]
(0, (0, 1, 1), (1, 2)): [483, 649, 708, 325, 185, 97, 31, 9, 6, 2, 1, 1, 0, 0, 0, 0, 1]
(0, (0, 1, 1), (2, 0)): [265, 577, 596, 346, 199, 115, 36, 14, 14, 4, 1, 1, 0, 1, 1]
(0, (0, 1, 1), (2, 1)): [301, 585, 698, 342, 157, 83, 28, 16, 10, 5, 0, 0, 1, 0, 1]
(0, (0, 1, 1), (2, 2)): [382, 584, 606, 297, 148, 85, 28, 12, 6, 4, 1, 1, 0, 0, 0, 0, 1]
(0, (0, 1, 1), (3, 0)): [140, 268, 253, 165, 118, 66, 21, 6, 9, 1, 1, 1, 0, 1]
(0, (0, 1, 1), (3, 1)): [124, 227, 274, 155, 105, 47, 16, 8, 10, 2, 0, 0, 0, 0, 1]
(0, (0, 1, 1), (3, 2)): [216, 303, 365, 202, 96, 67, 24, 10, 11, 1, 1, 0, 0, 0, 0, 0, 1]
(0, (1, 0, 0), (0, 0)): [411836, 138120, 88317, 43891, 20970, 9406, 3886, 1665, 707, 298, 145, 57, 24, 14, 3, 1, 1, 1]
(0, (1, 0, 0), (0, 1)): [45869, 14050, 9338, 4599, 2221, 1009, 403, 163, 84, 24, 9, 4, 1, 1]
(0, (1, 0, 0), (0, 2)): [17162, 4586, 3088, 1457, 674, 295, 143, 49, 25, 6, 4, 2]
(0, (1, 0, 0), (1, 0)): [41181, 14704, 10351, 5399, 2689, 1207, 482, 219, 89, 39, 26, 8, 1, 5, 1, 0, 1]
(0, (1, 0, 0), (1, 1)): [35522, 11510, 7871, 4017, 1910, 908, 342, 142, 66, 28, 9, 4, 1, 2]
(0, (1, 0, 0), (1, 2)): [22879, 6461, 4459, 2187, 1030, 445, 191, 76, 41, 12, 2, 2]
(0, (1, 0, 0), (2, 0)): [12794, 5002, 3694, 2039, 1054, 476, 197, 92, 29, 18, 13, 2, 1, 3, 0, 0, 1]
(0, (1, 0, 0), (2, 1)): [17344, 6112, 4259, 2296, 1091, 519, 203, 85, 39, 18, 9, 4, 0, 4, 0, 0, 1]
(0, (1, 0, 0), (2, 2)): [16708, 5124, 3589, 1755, 869, 352, 171, 73, 38, 15, 6, 2, 0, 2]
(0, (1, 0, 0), (3, 0)): [3293, 1571, 1205, 801, 427, 191, 79, 36, 11, 7, 5, 1]
(0, (1, 0, 0), (3, 1)): [6141, 2568, 1867, 1191, 582, 281, 104, 46, 20, 9, 7, 2, 0, 2]
(0, (1, 0, 0), (3, 2)): [7833, 2960, 2059, 1188, 595, 247, 114, 55, 26, 9, 5, 1, 0, 1]
(0, (1, 0, 1), (0, 0)): [9712, 29768, 12201, 8580, 4529, 2090, 989, 397, 196, 75, 41, 18, 7, 2, 2, 0, 0, 1]
(0, (1, 0, 1), (0, 1)): [1074, 3103, 1249, 928, 474, 231, 107, 28, 17, 7, 2, 0, 2, 1]
(0, (1, 0, 1), (0, 2)): [496, 1091, 422, 297, 158, 80, 33, 9, 5, 1, 0, 0, 0, 1]
(0, (1, 0, 1), (1, 0)): [978, 3277, 1355, 1024, 567, 273, 103, 51, 30, 10, 8, 1, 0, 0, 1]
(0, (1, 0, 1), (1, 1)): [859, 2517, 1047, 767, 405, 176, 78, 35, 23, 7, 4]
(0, (1, 0, 1), (1, 2)): [687, 1464, 594, 411, 226, 86, 43, 16, 9, 2]
(0, (1, 0, 1), (2, 0)): [326, 1113, 469, 361, 204, 120, 39, 18, 6, 4, 4, 1]
(0, (1, 0, 1), (2, 1)): [410, 1305, 552, 417, 215, 120, 43, 16, 16, 6, 4]
(0, (1, 0, 1), (2, 2)): [527, 1123, 474, 352, 188, 86, 44, 20, 4, 3, 2]
(0, (1, 0, 1), (3, 0)): [107, 347, 168, 100, 78, 53, 16, 7, 1, 1, 1, 1]
(0, (1, 0, 1), (3, 1)): [153, 443, 236, 182, 121, 67, 16, 6, 9, 4, 2]
(0, (1, 0, 1), (3, 2)): [252, 547, 290, 209, 130, 72, 26, 11, 8, 7, 3]
(0, (1, 1, 0), (0, 0)): [57699, 36809, 27569, 19883, 10567, 4966, 2084, 977, 408, 184, 88, 33, 12, 5, 0, 0, 1]
(0, (1, 1, 0), (0, 1)): [7253, 4043, 2784, 2156, 1221, 520, 231, 102, 40, 15, 10, 5, 0, 1, 0, 0, 1]
(0, (1, 1, 0), (0, 2)): [2922, 1389, 933, 727, 400, 171, 72, 35, 17, 8, 3]
(0, (1, 1, 0), (1, 0)): [5772, 3890, 3001, 2323, 1195, 630, 248, 108, 46, 19, 10, 4, 2, 2]
(0, (1, 1, 0), (1, 1)): [5368, 3120, 2309, 1827, 941, 460, 179, 80, 25, 11, 9, 2, 2, 2, 0, 0, 1]
(0, (1, 1, 0), (1, 2)): [3800, 1861, 1317, 1098, 550, 237, 95, 43, 17, 11, 3, 1, 0, 1, 0, 0, 1]
(0, (1, 1, 0), (2, 0)): [1718, 1298, 1044, 783, 459, 246, 109, 49, 23, 9, 5, 3, 0, 1]
(0, (1, 1, 0), (2, 1)): [2490, 1579, 1266, 964, 522, 254, 111, 49, 23, 8, 8, 3, 2]
(0, (1, 1, 0), (2, 2)): [2688, 1434, 1074, 873, 448, 213, 86, 43, 17, 10, 3, 1, 0, 0, 0, 0, 1]
(0, (1, 1, 0), (3, 0)): [402, 417, 371, 262, 177, 102, 42, 22, 10, 4, 2, 1, 0, 1]
(0, (1, 1, 0), (3, 1)): [874, 672, 567, 431, 274, 158, 67, 25, 14, 7, 4, 1, 2]
(0, (1, 1, 0), (3, 2)): [1253, 797, 669, 543, 297, 154, 67, 36, 13, 4, 2, 0, 0, 0, 0, 0, 1]
(0, (1, 1, 1), (0, 0)): [5503, 10763, 8792, 6485, 5240, 2610, 1201, 578, 272, 113, 59, 20, 7, 4, 1, 0, 1]
(0, (1, 1, 1), (0, 1)): [737, 1288, 1054, 706, 618, 311, 128, 64, 37, 13, 5, 3, 2, 1]
(0, (1, 1, 1), (0, 2)): [388, 504, 380, 250, 217, 111, 38, 21, 13, 4, 3, 1, 1]
(0, (1, 1, 1), (1, 0)): [490, 1202, 1026, 733, 601, 324, 137, 49, 35, 10, 7, 3, 0, 1, 0, 0, 1]
(0, (1, 1, 1), (1, 1)): [488, 1046, 873, 581, 485, 268, 119, 52, 26, 11, 4, 1, 1, 1, 0, 0, 1]
(0, (1, 1, 1), (1, 2)): [444, 711, 552, 363, 313, 152, 64, 29, 15, 2, 3, 1, 0, 1, 0, 0, 1]
(0, (1, 1, 1), (2, 0)): [133, 362, 338, 264, 235, 124, 42, 21, 10, 4, 2, 2, 0, 1]
(0, (1, 1, 1), (2, 1)): [223, 468, 428, 310, 250, 144, 54, 30, 20, 8, 1, 0, 1]
(0, (1, 1, 1), (2, 2)): [276, 511, 425, 293, 233, 125, 49, 27, 14, 6, 0, 1, 1]
(0, (1, 1, 1), (3, 0)): [27, 111, 92, 95, 74, 50, 22, 11, 2, 1, 2, 1, 0, 1]
(0, (1, 1, 1), (3, 1)): [71, 176, 180, 134, 109, 62, 33, 12, 6, 3, 1, 1, 0, 1]
(0, (1, 1, 1), (3, 2)): [107, 257, 240, 169, 152, 77, 42, 17, 12, 4, 0, 1, 1, 1]
(1, (0, 0, 0), (0, 0)): [1584811, 175916, 71871, 28472, 11078, 4245, 1642, 604, 211, 85, 33, 20, 7, 3, 0, 1]
(1, (0, 0, 0), (0, 1)): [196855, 20832, 8332, 3319, 1305, 481, 174, 80, 17, 5, 2, 3, 0, 1]
(1, (0, 0, 0), (0, 2)): [74927, 6718, 2698, 988, 397, 144, 45, 24, 2, 2, 0, 2]
(1, (0, 0, 0), (1, 0)): [181201, 23199, 9773, 3956, 1577, 618, 248, 79, 28, 12, 4, 2, 0, 0, 0, 1]
(1, (0, 0, 0), (1, 1)): [172360, 19402, 7883, 3209, 1272, 466, 197, 71, 22, 8, 4, 1, 0, 1]
(1, (0, 0, 0), (1, 2)): [115408, 10999, 4392, 1748, 710, 268, 101, 33, 7, 5, 0, 1]
(1, (0, 0, 0), (2, 0)): [60719, 8814, 3990, 1650, 656, 271, 111, 38, 11, 5, 2, 2, 0, 0, 0, 1]
(1, (0, 0, 0), (2, 1)): [92075, 11617, 5014, 2012, 823, 313, 110, 56, 12, 7, 5, 1]
(1, (0, 0, 0), (2, 2)): [94520, 9997, 4240, 1735, 687, 268, 88, 40, 11, 6, 1]
(1, (0, 0, 0), (3, 0)): [18173, 2959, 1644, 695, 272, 118, 58, 14, 7, 3, 1, 1, 0, 0, 0, 1]
(1, (0, 0, 0), (3, 1)): [36880, 5637, 2754, 1165, 472, 192, 76, 28, 6, 3, 3]
(1, (0, 0, 0), (3, 2)): [52036, 6741, 3218, 1368, 552, 212, 72, 34, 9, 6, 3]
(1, (0, 0, 1), (0, 0)): [43781, 63305, 12564, 5415, 2234, 923, 347, 133, 62, 23, 13, 7, 4, 2]
(1, (0, 0, 1), (0, 1)): [4845, 6005, 1230, 497, 182, 82, 37, 10, 2, 0, 2, 1]
(1, (0, 0, 1), (0, 2)): [2115, 1962, 374, 140, 64, 23, 17, 2, 2, 0, 0, 1]
(1, (0, 0, 1), (1, 0)): [5226, 7931, 1666, 816, 331, 156, 44, 17, 12, 3, 1]
(1, (0, 0, 1), (1, 1)): [4522, 5895, 1223, 531, 211, 89, 27, 9, 4, 2, 1]
(1, (0, 0, 1), (1, 2)): [3339, 3237, 621, 276, 121, 46, 20, 3, 4, 0, 0, 1]
(1, (0, 0, 1), (2, 0)): [2144, 3232, 745, 418, 170, 80, 27, 11, 7, 1, 1]
(1, (0, 0, 1), (2, 1)): [2584, 3594, 775, 365, 145, 68, 20, 9, 4, 1, 1]
(1, (0, 0, 1), (2, 2)): [2901, 2996, 626, 293, 112, 48, 22, 6, 2, 0, 1, 1]
(1, (0, 0, 1), (3, 0)): [1006, 1297, 349, 232, 93, 45, 12, 5, 1, 0, 1]
(1, (0, 0, 1), (3, 1)): [1141, 1536, 390, 212, 78, 39, 13, 6, 2]
(1, (0, 0, 1), (3, 2)): [1773, 1877, 438, 240, 101, 42, 18, 7, 2, 0, 1]
(1, (0, 1, 0), (0, 0)): [217009, 95211, 34766, 15026, 6051, 2445, 848, 375, 116, 53, 28, 9, 9, 2, 1]
(1, (0, 1, 0), (0, 1)): [24749, 9808, 3592, 1507, 592, 272, 91, 42, 12, 7, 4]
(1, (0, 1, 0), (0, 2)): [9672, 3425, 1190, 470, 164, 93, 32, 12, 3, 3]
(1, (0, 1, 0), (1, 0)): [27756, 11718, 4707, 2317, 959, 383, 139, 61, 23, 8, 4, 0, 0, 1]
(1, (0, 1, 0), (1, 1)): [22871, 9108, 3464, 1600, 661, 269, 93, 32, 14, 3, 3, 0, 0, 1]
(1, (0, 1, 0), (1, 2)): [15178, 5444, 1932, 813, 290, 135, 48, 24, 7, 5]
(1, (0, 1, 0), (2, 0)): [11734, 4755, 2084, 1176, 498, 197, 75, 41, 13, 5, 4]
(1, (0, 1, 0), (2, 1)): [13380, 5336, 2238, 1093, 487, 183, 70, 28, 9, 4, 3, 0, 0, 1]
(1, (0, 1, 0), (2, 2)): [13234, 4760, 1850, 810, 330, 146, 44, 17, 8, 5, 1]
(1, (0, 1, 0), (3, 0)): [5345, 1970, 924, 656, 290, 111, 43, 21, 9, 2, 2]
(1, (0, 1, 0), (3, 1)): [6326, 2385, 1126, 667, 318, 104, 47, 23, 11, 2, 2, 0, 0, 1]
(1, (0, 1, 0), (3, 2)): [8199, 2924, 1313, 692, 307, 109, 40, 16, 5, 6, 2, 0, 0, 1]
(1, (0, 1, 1), (0, 0)): [34017, 28552, 25075, 10121, 5207, 2040, 805, 322, 147, 47, 13, 7, 2, 2, 0, 1]
(1, (0, 1, 1), (0, 1)): [3392, 2642, 2212, 910, 406, 154, 72, 31, 8, 1, 1]
(1, (0, 1, 1), (0, 2)): [1587, 862, 765, 325, 156, 48, 25, 14, 1, 1, 1]
(1, (0, 1, 1), (1, 0)): [4522, 4137, 3097, 1374, 879, 328, 131, 55, 22, 8]
(1, (0, 1, 1), (1, 1)): [2965, 2430, 2005, 821, 395, 142, 57, 25, 11, 3]
(1, (0, 1, 1), (1, 2)): [2397, 1401, 1225, 498, 243, 81, 34, 18, 3, 2, 1]
(1, (0, 1, 1), (2, 0)): [2582, 2231, 1607, 784, 595, 229, 98, 39, 15, 5]
(1, (0, 1, 1), (2, 1)): [1597, 1394, 1122, 508, 261, 100, 42, 14, 6, 3]
(1, (0, 1, 1), (2, 2)): [1983, 1206, 1046, 451, 230, 69, 26, 9, 4, 2]
(1, (0, 1, 1), (3, 0)): [1883, 1519, 1016, 547, 486, 183, 78, 32, 12, 4]
(1, (0, 1, 1), (3, 1)): [678, 634, 490, 231, 136, 72, 27, 12, 3, 2]
(1, (0, 1, 1), (3, 2)): [1113, 785, 577, 289, 170, 61, 21, 11, 3, 2]
(1, (1, 0, 0), (0, 0)): [596337, 106423, 68741, 29316, 11926, 4739, 1879, 679, 266, 111, 44, 28, 5, 3, 0, 2]
(1, (1, 0, 0), (0, 1)): [66872, 10767, 7151, 3097, 1235, 494, 205, 75, 18, 11, 6, 2]
(1, (1, 0, 0), (0, 2)): [24830, 3441, 2282, 924, 368, 159, 72, 18, 4, 4, 2]
(1, (1, 0, 0), (1, 0)): [64670, 12490, 8730, 3902, 1613, 654, 266, 95, 28, 14, 5, 2, 1, 0, 0, 1]
(1, (1, 0, 0), (1, 1)): [54628, 9442, 6434, 2858, 1127, 445, 172, 69, 19, 8, 6, 4, 0, 0, 0, 1]
(1, (1, 0, 0), (1, 2)): [35004, 5261, 3538, 1504, 577, 226, 93, 39, 7, 5, 4, 1]
(1, (1, 0, 0), (2, 0)): [21157, 4442, 3207, 1609, 662, 277, 118, 37, 15, 6, 1, 0, 1]
(1, (1, 0, 0), (2, 1)): [27671, 5205, 3646, 1774, 693, 297, 118, 37, 15, 3, 4, 2, 0, 0, 0, 1]
(1, (1, 0, 0), (2, 2)): [26518, 4318, 2930, 1326, 535, 222, 84, 35, 5, 4, 3]
(1, (1, 0, 0), (3, 0)): [5939, 1506, 988, 637, 289, 112, 47, 12, 5, 4, 0, 0, 1]
(1, (1, 0, 0), (3, 1)): [10618, 2468, 1625, 946, 389, 149, 65, 15, 9, 4, 2, 1, 0, 0, 0, 1]
(1, (1, 0, 0), (3, 2)): [13352, 2771, 1748, 942, 378, 165, 64, 18, 8, 4, 4, 1, 0, 0, 0, 1]
(1, (1, 0, 1), (0, 0)): [48422, 55915, 18053, 12176, 5263, 2163, 839, 333, 111, 66, 19, 7, 0, 1]
(1, (1, 0, 1), (0, 1)): [5965, 5455, 1746, 1195, 523, 227, 77, 24, 11, 7, 1]
(1, (1, 0, 1), (0, 2)): [2567, 1729, 592, 394, 179, 76, 33, 13, 5, 3]
(1, (1, 0, 1), (1, 0)): [5317, 6129, 2057, 1503, 691, 278, 103, 50, 14, 10, 0, 1]
(1, (1, 0, 1), (1, 1)): [4712, 4554, 1474, 1062, 442, 195, 61, 19, 7, 4, 0, 1]
(1, (1, 0, 1), (1, 2)): [3414, 2514, 887, 596, 246, 115, 28, 22, 4, 3]
(1, (1, 0, 1), (2, 0)): [1825, 2029, 741, 552, 294, 117, 45, 21, 6, 5]
(1, (1, 0, 1), (2, 1)): [2331, 2316, 773, 589, 283, 103, 44, 11, 8, 2, 0, 1]
(1, (1, 0, 1), (2, 2)): [2471, 1927, 721, 485, 237, 83, 33, 13, 7, 2]
(1, (1, 0, 1), (3, 0)): [611, 697, 269, 193, 129, 55, 17, 6, 1, 3]
(1, (1, 0, 1), (3, 1)): [873, 932, 363, 258, 149, 62, 19, 7, 2, 1, 0, 1]
(1, (1, 0, 1), (3, 2)): [1231, 1094, 451, 307, 186, 71, 25, 9, 6, 2, 0, 1]
(1, (1, 1, 0), (0, 0)): [165985, 50744, 33877, 24453, 10287, 4252, 1658, 658, 259, 104, 42, 20, 9, 5, 1]
(1, (1, 1, 0), (0, 1)): [20690, 5511, 3451, 2643, 1140, 467, 164, 65, 23, 11, 6, 3]
(1, (1, 1, 0), (0, 2)): [8323, 1944, 1149, 882, 376, 153, 46, 17, 6, 1, 2]
(1, (1, 1, 0), (1, 0)): [18018, 6022, 4035, 3136, 1351, 556, 243, 83, 26, 15, 9, 1, 2, 1]
(1, (1, 1, 0), (1, 1)): [16307, 4748, 3163, 2379, 1033, 414, 149, 67, 17, 18, 6, 2]
(1, (1, 1, 0), (1, 2)): [11602, 2843, 1787, 1384, 585, 190, 66, 36, 7, 3, 6, 2]
(1, (1, 1, 0), (2, 0)): [5771, 2167, 1408, 1124, 556, 249, 112, 34, 13, 4, 5, 1, 2, 1]
(1, (1, 1, 0), (2, 1)): [8036, 2641, 1803, 1353, 623, 290, 121, 33, 14, 7, 5, 0, 1]
(1, (1, 1, 0), (2, 2)): [8679, 2352, 1516, 1139, 538, 205, 83, 31, 9, 3, 3, 1]
(1, (1, 1, 0), (3, 0)): [1484, 806, 498, 335, 224, 102, 43, 18, 4, 1, 1, 1, 1]
(1, (1, 1, 0), (3, 1)): [3022, 1255, 858, 626, 354, 168, 62, 20, 8, 4, 3, 1, 1]
(1, (1, 1, 0), (3, 2)): [4212, 1475, 1004, 715, 401, 154, 62, 23, 6, 4, 1, 1, 1]
(1, (1, 1, 1), (0, 0)): [33795, 27107, 17119, 11182, 8397, 3557, 1462, 546, 225, 81, 27, 18, 9, 4, 1, 1]
(1, (1, 1, 1), (0, 1)): [4476, 3065, 1887, 1205, 944, 378, 168, 58, 28, 7, 3, 1, 0, 1]
(1, (1, 1, 1), (0, 2)): [2107, 1051, 656, 437, 324, 109, 53, 15, 4, 3, 2, 0, 0, 1]
(1, (1, 1, 1), (1, 0)): [3426, 3123, 1910, 1220, 1050, 452, 206, 67, 25, 11, 3, 3, 2]
(1, (1, 1, 1), (1, 1)): [3329, 2565, 1599, 1024, 807, 337, 159, 58, 28, 7, 2, 2]
(1, (1, 1, 1), (1, 2)): [2640, 1470, 961, 625, 482, 193, 87, 31, 12, 3, 1, 2, 0, 1]
(1, (1, 1, 1), (2, 0)): [877, 1030, 674, 416, 386, 187, 80, 32, 5, 4, 2, 1, 1]
(1, (1, 1, 1), (2, 1)): [1432, 1360, 820, 511, 418, 209, 87, 28, 10, 3, 2, 1]
(1, (1, 1, 1), (2, 2)): [1778, 1187, 791, 509, 401, 170, 84, 24, 8, 4, 1, 2, 0, 1]
(1, (1, 1, 1), (3, 0)): [152, 325, 216, 156, 116, 65, 32, 13, 3, 2, 0, 0, 1]
(1, (1, 1, 1), (3, 1)): [360, 573, 368, 227, 192, 108, 32, 21, 6, 2, 1, 0, 1]
(1, (1, 1, 1), (3, 2)): [700, 699, 465, 302, 246, 119, 46, 23, 5, 2, 2, 1, 0, 1]
(2, (0, 0, 0), (0, 0)): [1381475, 64345, 21460, 6788, 2279, 727, 247, 85, 14, 7, 5, 0, 1]
(2, (0, 0, 0), (0, 1)): [171139, 7204, 2390, 751, 273, 74, 29, 9, 2]
(2, (0, 0, 0), (0, 2)): [64582, 1920, 646, 208, 85, 17, 2, 5]
(2, (0, 0, 0), (1, 0)): [164074, 9582, 3352, 1012, 376, 102, 37, 12, 2, 0, 0, 0, 1]
(2, (0, 0, 0), (1, 1)): [152801, 7345, 2560, 750, 278, 82, 34, 5, 2]
(2, (0, 0, 0), (1, 2)): [100424, 3436, 1228, 392, 135, 38, 16, 6]
(2, (0, 0, 0), (2, 0)): [58116, 3829, 1580, 459, 178, 45, 16, 7, 1, 0, 0, 0, 1]
(2, (0, 0, 0), (2, 1)): [85214, 4792, 1855, 502, 176, 48, 21, 5, 2]
(2, (0, 0, 0), (2, 2)): [85760, 3603, 1393, 396, 137, 46, 15, 5]
(2, (0, 0, 0), (3, 0)): [18452, 1293, 735, 214, 84, 25, 6, 4, 0, 0, 0, 0, 1]
(2, (0, 0, 0), (3, 1)): [36094, 2430, 1180, 351, 110, 28, 7, 5, 1]
(2, (0, 0, 0), (3, 2)): [50206, 2735, 1290, 372, 123, 40, 11, 4, 1]
(2, (0, 0, 1), (0, 0)): [131182, 39479, 8119, 2760, 964, 333, 98, 32, 8, 4, 0, 2]
(2, (0, 0, 1), (0, 1)): [15368, 3721, 834, 258, 87, 36, 13, 4, 1, 2]
(2, (0, 0, 1), (0, 2)): [6067, 1129, 247, 75, 24, 10, 4, 0, 0, 1]
(2, (0, 0, 1), (1, 0)): [17778, 5008, 1244, 477, 167, 61, 16, 6, 2, 0, 0, 1]
(2, (0, 0, 1), (1, 1)): [14635, 3622, 820, 294, 99, 41, 8, 4, 1, 1]
(2, (0, 0, 1), (1, 2)): [9940, 1887, 410, 121, 54, 23, 6, 1, 0, 1]
(2, (0, 0, 1), (2, 0)): [7719, 2158, 622, 276, 97, 35, 10, 3, 1, 0, 0, 1]
(2, (0, 0, 1), (2, 1)): [8821, 2324, 624, 256, 85, 26, 7, 4, 0, 1]
(2, (0, 0, 1), (2, 2)): [9083, 1867, 491, 159, 62, 24, 5, 1]
(2, (0, 0, 1), (3, 0)): [3678, 903, 300, 164, 48, 21, 7, 1, 1, 0, 0, 1]
(2, (0, 0, 1), (3, 1)): [4184, 1140, 336, 176, 52, 18, 6, 3]
(2, (0, 0, 1), (3, 2)): [5817, 1301, 379, 167, 53, 18, 6, 1]
(2, (0, 1, 0), (0, 0)): [345498, 72372, 19909, 6994, 2328, 770, 239, 76, 17, 11, 7, 0, 1]
(2, (0, 1, 0), (0, 1)): [39479, 6882, 1925, 600, 231, 64, 19, 6, 3, 2, 1]
(2, (0, 1, 0), (0, 2)): [15467, 2050, 561, 157, 64, 12, 6, 1, 0, 1]
(2, (0, 1, 0), (1, 0)): [46656, 9217, 3121, 1298, 408, 136, 48, 19, 0, 1, 0, 0, 1]
(2, (0, 1, 0), (1, 1)): [37172, 6737, 2056, 699, 253, 71, 29, 11, 3, 1, 1]
(2, (0, 1, 0), (1, 2)): [24765, 3503, 929, 329, 118, 25, 13, 6, 0, 1]
(2, (0, 1, 0), (2, 0)): [21258, 3963, 1539, 786, 260, 81, 23, 10, 0, 1, 0, 0, 1]
(2, (0, 1, 0), (2, 1)): [22408, 4266, 1465, 546, 194, 57, 19, 5, 2, 1, 1, 0, 1]
(2, (0, 1, 0), (2, 2)): [22351, 3399, 988, 388, 147, 33, 19, 7, 0, 2]
(2, (0, 1, 0), (3, 0)): [10863, 1732, 781, 533, 165, 50, 17, 10, 0, 1]
(2, (0, 1, 0), (3, 1)): [10485, 2000, 816, 403, 137, 44, 14, 5, 2, 0, 1, 0, 1]
(2, (0, 1, 0), (3, 2)): [14243, 2255, 842, 419, 146, 41, 22, 7, 0, 1, 0, 0, 1]
(2, (0, 1, 1), (0, 0)): [79657, 6808, 17038, 4770, 1886, 628, 196, 66, 22, 6, 4, 1, 0, 1]
(2, (0, 1, 1), (0, 1)): [9266, 596, 1592, 427, 152, 59, 11, 7, 1, 1]
(2, (0, 1, 1), (0, 2)): [3867, 207, 476, 135, 54, 18, 4, 1, 0, 1]
(2, (0, 1, 1), (1, 0)): [11089, 1069, 2158, 783, 356, 131, 35, 13, 3, 0, 2]
(2, (0, 1, 1), (1, 1)): [8523, 595, 1526, 452, 165, 70, 13, 8, 3]
(2, (0, 1, 1), (1, 2)): [6263, 335, 847, 237, 94, 31, 5, 3, 0, 1]
(2, (0, 1, 1), (2, 0)): [5422, 614, 993, 428, 238, 83, 22, 9, 1, 0, 2]
(2, (0, 1, 1), (2, 1)): [4997, 403, 944, 308, 132, 53, 9, 4, 3, 0, 1]
(2, (0, 1, 1), (2, 2)): [5511, 377, 783, 240, 97, 46, 7, 3, 2]
(2, (0, 1, 1), (3, 0)): [3218, 429, 509, 258, 168, 62, 18, 8, 0, 0, 1]
(2, (0, 1, 1), (3, 1)): [2425, 210, 441, 169, 87, 32, 8, 5, 1, 0, 1]
(2, (0, 1, 1), (3, 2)): [3541, 294, 537, 191, 94, 50, 7, 5, 3]
(2, (1, 0, 0), (0, 0)): [722620, 52528, 34674, 10991, 3610, 1155, 444, 128, 29, 13, 7, 1, 1]
(2, (1, 0, 0), (0, 1)): [80533, 4948, 3453, 1101, 378, 125, 54, 18, 7, 0, 0, 1]
(2, (1, 0, 0), (0, 2)): [29831, 1338, 866, 290, 109, 27, 17, 2, 3]
(2, (1, 0, 0), (1, 0)): [80239, 6675, 4793, 1643, 564, 159, 70, 18, 3, 1, 0, 0, 1]
(2, (1, 0, 0), (1, 1)): [68121, 4578, 3267, 1098, 354, 110, 46, 15, 4]
(2, (1, 0, 0), (1, 2)): [43355, 2147, 1437, 531, 175, 47, 22, 3, 3]
(2, (1, 0, 0), (2, 0)): [27208, 2627, 1803, 770, 263, 74, 35, 12, 2, 1, 0, 0, 1]
(2, (1, 0, 0), (2, 1)): [35792, 2828, 1992, 727, 248, 71, 33, 10, 1, 0, 0, 0, 1]
(2, (1, 0, 0), (2, 2)): [33986, 2092, 1379, 496, 191, 48, 27, 4, 2]
(2, (1, 0, 0), (3, 0)): [8091, 996, 595, 372, 117, 35, 13, 5, 1, 1]
(2, (1, 0, 0), (3, 1)): [14491, 1498, 967, 505, 134, 46, 18, 5, 1, 1, 0, 0, 1]
(2, (1, 0, 0), (3, 2)): [18049, 1580, 994, 453, 146, 49, 19, 6, 0, 1, 0, 0, 1]
(2, (1, 0, 1), (0, 0)): [126306, 30096, 11906, 7363, 2431, 796, 267, 84, 29, 9, 2, 4, 1]
(2, (1, 0, 1), (0, 1)): [15556, 3054, 1127, 755, 262, 86, 24, 7, 4, 1, 1, 1]
(2, (1, 0, 1), (0, 2)): [6250, 909, 338, 208, 72, 19, 3, 2, 1]
(2, (1, 0, 1), (1, 0)): [15372, 3418, 1559, 1101, 407, 118, 46, 11, 0, 1, 0, 1]
(2, (1, 0, 1), (1, 1)): [13145, 2660, 1097, 705, 285, 89, 35, 6, 3, 1, 1, 2]
(2, (1, 0, 1), (1, 2)): [8895, 1370, 553, 344, 133, 42, 16, 4, 3, 0, 0, 1]
(2, (1, 0, 1), (2, 0)): [5531, 1204, 650, 449, 177, 51, 18, 8]
(2, (1, 0, 1), (2, 1)): [7176, 1442, 702, 421, 201, 65, 19, 5, 0, 1, 0, 1]
(2, (1, 0, 1), (2, 2)): [6913, 1116, 526, 300, 119, 49, 15, 4, 3, 0, 0, 1]
(2, (1, 0, 1), (3, 0)): [1870, 374, 265, 177, 73, 18, 11, 3]
(2, (1, 0, 1), (3, 1)): [3105, 579, 350, 226, 126, 28, 15, 3, 0, 1]
(2, (1, 0, 1), (3, 2)): [3861, 596, 408, 220, 112, 40, 12, 4, 3]
(2, (1, 1, 0), (0, 0)): [282778, 42818, 21683, 14939, 4825, 1560, 528, 179, 56, 27, 10, 2, 2, 1]
(2, (1, 1, 0), (0, 1)): [34421, 4409, 2080, 1545, 455, 141, 51, 25, 3, 3, 2, 1, 1]
(2, (1, 1, 0), (0, 2)): [14038, 1306, 618, 439, 130, 42, 13, 9, 2, 1]
(2, (1, 1, 0), (1, 0)): [32174, 4941, 2823, 2067, 779, 220, 88, 23, 8, 4, 1]
(2, (1, 1, 0), (1, 1)): [29110, 3931, 2031, 1488, 451, 147, 51, 21, 6, 3, 2, 1, 1]
(2, (1, 1, 0), (1, 2)): [20466, 2049, 1052, 714, 216, 77, 21, 14, 4, 1, 1]
(2, (1, 1, 0), (2, 0)): [11055, 1765, 1161, 813, 404, 107, 44, 10, 2, 3]
(2, (1, 1, 0), (2, 1)): [15388, 2146, 1321, 920, 350, 93, 41, 13, 4, 2, 0, 0, 1]
(2, (1, 1, 0), (2, 2)): [16205, 1748, 1043, 692, 257, 68, 34, 15, 7, 1, 1]
(2, (1, 1, 0), (3, 0)): [3560, 568, 476, 271, 206, 61, 23, 4, 0, 2]
(2, (1, 1, 0), (3, 1)): [6494, 953, 740, 458, 257, 62, 28, 3, 0, 0, 0, 0, 1]
(2, (1, 1, 0), (3, 2)): [9011, 1052, 838, 501, 278, 61, 29, 10, 4, 0, 1]
(2, (1, 1, 1), (0, 0)): [82897, 12107, 13816, 6912, 5133, 1603, 551, 185, 59, 15, 10, 3, 1, 1]
(2, (1, 1, 1), (0, 1)): [11311, 1199, 1473, 764, 583, 161, 64, 18, 6, 0, 3, 0, 1]
(2, (1, 1, 1), (0, 2)): [4903, 377, 422, 226, 152, 44, 17, 5, 1, 0, 2]
(2, (1, 1, 1), (1, 0)): [8839, 1991, 1682, 941, 730, 243, 82, 28, 9, 4, 1, 2]
(2, (1, 1, 1), (1, 1)): [8971, 1268, 1386, 754, 563, 168, 62, 18, 6, 1, 1, 0, 1]
(2, (1, 1, 1), (1, 2)): [6871, 649, 701, 351, 275, 90, 23, 9, 3, 1, 2]
(2, (1, 1, 1), (2, 0)): [2473, 1161, 566, 372, 300, 103, 32, 11, 4, 3, 0, 2]
(2, (1, 1, 1), (2, 1)): [4060, 1059, 763, 487, 354, 123, 44, 8, 3, 0, 0, 0, 1]
(2, (1, 1, 1), (2, 2)): [4865, 775, 624, 387, 270, 96, 29, 8, 3, 1, 2]
(2, (1, 1, 1), (3, 0)): [420, 720, 160, 168, 93, 49, 17, 8, 2, 3, 0, 1]
(2, (1, 1, 1), (3, 1)): [1195, 879, 299, 273, 184, 69, 25, 7, 1, 3, 0, 1]
(2, (1, 1, 1), (3, 2)): [2054, 880, 378, 339, 205, 81, 33, 8, 2, 1, 2]
