(0, (0, 0, 0)): [21947, 4442, 2132, 942, 450, 178, 69, 35, 8, 5, 2, 2, 1]
(0, (0, 0, 1)): [103, 271, 57, 33, 20, 6, 4, 1]
(0, (0, 1, 0)): [741, 678, 262, 126, 66, 25, 6, 3, 0, 1]
(0, (0, 1, 1)): [65, 101, 132, 64, 28, 19, 9, 8, 1, 3, 0, 1]
(0, (1, 0, 0)): [4733, 1497, 1070, 495, 226, 105, 44, 29, 6, 4, 2, 2, 1]
(0, (1, 0, 1)): [111, 321, 136, 94, 47, 25, 8, 3, 1, 1, 2]
(0, (1, 1, 0)): [650, 360, 277, 224, 111, 51, 18, 18, 3, 2, 1, 2]
(0, (1, 1, 1)): [67, 108, 97, 74, 60, 30, 14, 13, 1, 2, 1]
(1, (0, 0, 0)): [17924, 1973, 846, 317, 160, 40, 17, 3, 2]
(1, (0, 0, 1)): [485, 613, 120, 55, 27, 12, 4]
(1, (0, 1, 0)): [2206, 951, 389, 146, 62, 12, 10, 2, 1]
(1, (0, 1, 1)): [356, 277, 266, 95, 50, 14, 4, 5, 0, 1]
(1, (1, 0, 0)): [6855, 1143, 828, 319, 157, 46, 21, 4, 3, 0, 0, 0, 1]
(1, (1, 0, 1)): [567, 635, 180, 138, 62, 25, 8, 2, 3, 1]
(1, (1, 1, 0)): [1839, 520, 378, 255, 127, 42, 16, 6, 3, 1, 0, 1, 1]
(1, (1, 1, 1)): [368, 266, 167, 113, 96, 37, 11, 8, 1, 1, 0, 1, 1]
(2, (0, 0, 0)): [15740, 782, 267, 77, 42, 10, 2]
(2, (0, 0, 1)): [1245, 389, 91, 38, 15, 2, 0, 0, 1]
(2, (0, 1, 0)): [3559, 701, 205, 69, 31, 8, 1]
(2, (0, 1, 1)): [783, 57, 167, 54, 21, 4, 1, 0, 0, 0, 1]
(2, (1, 0, 0)): [8355, 589, 433, 131, 50, 11, 6, 1]
(2, (1, 0, 1)): [1414, 324, 113, 91, 38, 5, 8, 0, 1]
(2, (1, 1, 0)): [3281, 507, 244, 159, 68, 21, 2, 2, 0, 0, 0, 1]
(2, (1, 1, 1)): [893, 117, 142, 70, 54, 15, 5, 1, 1]
