(0, (0, 0, 0)): [1913221, 389247, 178893, 81560, 36509, 15606, 6439, 2629, 1082, 460, 200, 97, 35, 18, 4, 1, 1, 1]
(0, (0, 0, 1)): [7481, 22978, 6348, 3032, 1447, 621, 275, 117, 45, 27, 13, 3, 4, 3]
(0, (0, 1, 0)): [69667, 65516, 25578, 12540, 5990, 2581, 1106, 460, 194, 104, 34, 13, 5, 6, 2, 0, 1]
(0, (0, 1, 1)): [5652, 9837, 11743, 5455, 2848, 1385, 573, 252, 135, 55, 15, 11, 2, 3, 2, 0, 1, 1]
(0, (1, 0, 0)): [405381, 135970, 86903, 43084, 20590, 9235, 3826, 1625, 700, 291, 142, 57, 23, 12, 3, 1, 1, 1]
(0, (1, 0, 1)): [9563, 29328, 12020, 8447, 4435, 2054, 973, 388, 193, 70, 40, 18, 7, 2, 2, 0, 0, 1]
(0, (1, 1, 0)): [56706, 36132, 27152, 19506, 10376, 4861, 2046, 957, 401, 182, 87, 33, 11, 4, 0, 0, 1]
(0, (1, 1, 1)): [5417, 10547, 8647, 6366, 5130, 2555, 1177, 569, 266, 110, 57, 19, 6, 4, 1, 0, 1]
(1, (0, 0, 0)): [1557490, 172573, 70543, 27928, 10880, 4146, 1605, 593, 208, 84, 32, 20, 7, 3, 0, 1]
(1, (0, 0, 1)): [43165, 62315, 12349, 5297, 2192, 906, 343, 132, 62, 23, 13, 6, 4, 2]
(1, (0, 1, 0)): [213395, 93701, 34178, 14760, 5946, 2385, 827, 366, 115, 52, 27, 9, 9, 2, 1]
(1, (0, 1, 1)): [33500, 28073, 24710, 9950, 5109, 2013, 789, 319, 144, 47, 13, 7, 2, 2, 0, 1]
(1, (1, 0, 0)): [586688, 104784, 67586, 28770, 11713, 4659, 1838, 668, 262, 109, 43, 28, 5, 3, 0, 2]
(1, (1, 0, 1)): [47612, 55093, 17774, 11957, 5168, 2118, 826, 329, 109, 65, 18, 7, 0, 1]
(1, (1, 1, 0)): [163098, 49907, 33325, 24003, 10104, 4189, 1630, 647, 258, 102, 42, 20, 9, 5, 1]
(1, (1, 1, 1)): [33170, 26596, 16840, 10994, 8223, 3503, 1430, 536, 220, 79, 27, 18, 9, 4, 1, 1]
(2, (0, 0, 0)): [1357305, 63058, 21022, 6653, 2237, 713, 243, 84, 14, 7, 5, 0, 1]
(2, (0, 0, 1)): [128935, 38851, 7966, 2707, 944, 328, 97, 32, 8, 4, 0, 1]
(2, (0, 1, 0)): [339499, 71202, 19545, 6863, 2276, 753, 235, 75, 17, 10, 6, 0, 1]
(2, (0, 1, 1)): [78299, 6708, 16798, 4686, 1858, 617, 194, 65, 21, 6, 4, 1, 0, 1]
(2, (1, 0, 0)): [710979, 51688, 34029, 10795, 3537, 1132, 437, 126, 28, 13, 7, 1, 1]
(2, (1, 0, 1)): [124138, 29635, 11730, 7222, 2369, 782, 265, 82, 29, 9, 2, 3, 1]
(2, (1, 1, 0)): [277842, 42110, 21319, 14660, 4732, 1531, 520, 175, 54, 26, 9, 2, 2, 1]
(2, (1, 1, 1)): [81363, 11876, 13580, 6776, 5019, 1575, 545, 181, 56, 12, 9, 3, 1, 1]
