(0, (0, 0, 0)): [1353223, 269109, 123848, 56198, 24891, 10642, 4372, 1844, 733, 327, 144, 63, 29, 10, 3, 1, 0, 1]
(0, (0, 0, 1)): [5893, 17408, 4749, 2234, 1071, 454, 205, 96, 36, 21, 8, 1, 3, 2]
(0, (0, 1, 0)): [47468, 43846, 17008, 8154, 3920, 1672, 708, 302, 122, 72, 26, 6, 3, 2, 1]
(0, (0, 1, 1)): [4027, 6747, 8157, 3777, 1995, 922, 394, 184, 89, 42, 10, 6, 1, 2, 1, 0, 0, 1]
(0, (1, 0, 0)): [291693, 97633, 61234, 30213, 14271, 6379, 2658, 1159, 480, 215, 98, 40, 20, 4, 2, 1, 0, 1]
(0, (1, 0, 1)): [6957, 20816, 8576, 5849, 3076, 1401, 682, 280, 136, 54, 27, 13, 5, 1, 1, 0, 0, 1]
(0, (1, 1, 0)): [39763, 25438, 19301, 13608, 7218, 3399, 1434, 697, 277, 131, 62, 24, 10, 1]
(0, (1, 1, 1)): [3966, 7352, 6051, 4624, 3625, 1809, 831, 423, 180, 80, 40, 14, 4, 1, 1]
(1, (0, 0, 0)): [1093168, 117837, 48253, 18968, 7328, 2829, 1081, 410, 154, 60, 26, 15, 6, 3, 0, 1]
(1, (0, 0, 1)): [30933, 44317, 8659, 3658, 1536, 615, 245, 102, 44, 16, 9, 4, 4, 1]
(1, (0, 1, 0)): [149854, 67032, 23936, 10128, 4067, 1609, 552, 256, 72, 35, 20, 8, 8, 2, 1]
(1, (0, 1, 1)): [24309, 19693, 18078, 7168, 3620, 1436, 553, 222, 106, 33, 11, 7, 2, 2, 0, 1]
(1, (1, 0, 0)): [419811, 74888, 47253, 20009, 8064, 3198, 1260, 456, 198, 79, 30, 21, 4, 3, 0, 2]
(1, (1, 0, 1)): [33473, 39535, 12791, 8441, 3574, 1458, 582, 232, 80, 51, 13, 5, 0, 1]
(1, (1, 1, 0)): [114369, 35403, 23884, 16681, 7036, 2908, 1143, 455, 192, 70, 25, 14, 8, 5, 1]
(1, (1, 1, 1)): [23447, 18555, 11952, 7905, 5655, 2415, 979, 374, 153, 56, 20, 15, 7, 3, 1, 1]
(2, (0, 0, 0)): [946936, 42161, 14129, 4500, 1470, 495, 168, 53, 10, 5, 5, 0, 1]
(2, (0, 0, 1)): [89208, 28008, 5382, 1822, 651, 216, 66, 20, 3, 2, 0, 1]
(2, (0, 1, 0)): [236958, 51046, 13454, 4659, 1510, 521, 159, 46, 10, 7, 5, 0, 1]
(2, (0, 1, 1)): [54445, 4737, 12090, 3226, 1251, 393, 138, 47, 17, 4, 3, 1, 0, 1]
(2, (1, 0, 0)): [509675, 37061, 23394, 7429, 2331, 764, 297, 85, 18, 10, 6, 0, 1]
(2, (1, 0, 1)): [85705, 21119, 8377, 4867, 1559, 529, 186, 59, 21, 7, 0, 2, 1]
(2, (1, 1, 0)): [196207, 30154, 15244, 10121, 3196, 1073, 343, 114, 42, 18, 7, 1, 2, 1]
(2, (1, 1, 1)): [56817, 8264, 9622, 4775, 3369, 1083, 362, 124, 42, 9, 6, 0, 1, 1]
