(0, (0, 0, 0), (0, 0)): [28718, 5878, 2592, 1115, 523, 217, 94, 34, 12, 4, 1, 1]
(0, (0, 0, 0), (0, 1)): [295, 57, 29, 12, 3, 4, 3, 1]
(0, (0, 0, 0), (0, 2)): [112, 18, 9, 3, 1, 1, 1, 1]
(0, (0, 0, 0), (1, 0)): [275, 70, 31, 15, 6, 0, 1, 2]
(0, (0, 0, 0), (1, 1)): [241, 53, 18, 10, 4, 3, 2, 1]
(0, (0, 0, 0), (1, 2)): [161, 32, 16, 4, 2, 1, 2, 2]
(0, (0, 0, 0), (2, 0)): [82, 20, 18, 9, 4]
(0, (0, 0, 0), (2, 1)): [126, 32, 13, 11, 3, 2, 1]
(0, (0, 0, 0), (2, 2)): [133, 18, 12, 4, 0, 1, 0, 1]
(0, (0, 0, 0), (3, 0)): [25, 2, 8, 2, 1]
(0, (0, 0, 0), (3, 1)): [40, 17, 7, 4, 2, 1]
(0, (0, 0, 0), (3, 2)): [51, 14, 10, 4, 1, 1, 0, 1]
(0, (0, 0, 1), (0, 0)): [104, 316, 91, 45, 32, 8, 5, 0, 0, 0, 0, 1]
(0, (0, 0, 1), (0, 1)): [2, 2, 1, 1]
(0, (0, 0, 1), (0, 2)): [0, 0, 1, 1]
(0, (0, 0, 1), (1, 0)): [2, 10, 0, 1]
(0, (0, 0, 1), (1, 1)): [1, 6]
(0, (0, 0, 1), (1, 2)): [1, 4, 0, 1]
(0, (0, 0, 1), (2, 0)): [1, 4]
(0, (0, 0, 1), (2, 1)): [1, 2]
(0, (0, 0, 1), (2, 2)): [0, 4]
(0, (0, 0, 1), (3, 0)): [0, 4]
(0, (0, 0, 1), (3, 1)): [1, 2]
(0, (0, 0, 1), (3, 2)): [1, 3]
(0, (0, 1, 0), (0, 0)): [1095, 1044, 422, 187, 97, 36, 11, 7, 4]
(0, (0, 1, 0), (0, 1)): [15, 6, 3, 2, 0, 1, 0, 1]
(0, (0, 1, 0), (0, 2)): [9, 0, 2, 0, 0, 0, 0, 1]
(0, (0, 1, 0), (1, 0)): [7, 19, 3, 2, 1, 0, 2]
(0, (0, 1, 0), (1, 1)): [5, 11, 1, 2, 1, 1]
(0, (0, 1, 0), (1, 2)): [4, 4, 2]
(0, (0, 1, 0), (2, 0)): [5, 9, 1, 1, 0, 0, 2]
(0, (0, 1, 0), (2, 1)): [6, 10, 1, 1, 1, 1]
(0, (0, 1, 0), (2, 2)): [8, 6, 1]
(0, (0, 1, 0), (3, 0)): [1, 3, 1, 0, 0, 0, 2]
(0, (0, 1, 0), (3, 1)): [2, 7, 0, 1, 1, 1]
(0, (0, 1, 0), (3, 2)): [3, 6, 0, 0, 0, 1]
(0, (0, 1, 1), (0, 0)): [83, 151, 159, 61, 44, 21, 10, 4, 1]
(0, (0, 1, 1), (0, 1)): [0, 1, 1, 0, 1]
(0, (0, 1, 1), (0, 2)): [0, 1, 1]
(0, (0, 1, 1), (1, 0)): [1, 1, 2]
(0, (0, 1, 1), (1, 1)): [1]
(0, (0, 1, 1), (1, 2)): [1, 1]
(0, (0, 1, 1), (2, 0)): [0, 0, 1]
(0, (0, 1, 1), (2, 1)): [0, 0, 1]
(0, (0, 1, 1), (2, 2)): [0, 1, 1]
(0, (0, 1, 1), (3, 2)): [0, 1]
(0, (1, 0, 0), (0, 0)): [5759, 2044, 1211, 584, 281, 133, 55, 20, 8, 2, 1]
(0, (1, 0, 0), (0, 1)): [56, 18, 17, 4, 0, 3, 0, 2]
(0, (1, 0, 0), (0, 2)): [25, 7, 7, 2, 0, 1, 0, 1]
(0, (1, 0, 0), (1, 0)): [47, 19, 15, 9, 3, 1, 2]
(0, (1, 0, 0), (1, 1)): [36, 9, 13, 7, 3, 2]
(0, (1, 0, 0), (1, 2)): [25, 8, 9, 3]
(0, (1, 0, 0), (2, 0)): [21, 10, 5, 1, 0, 0, 2]
(0, (1, 0, 0), (2, 1)): [20, 3, 3, 3, 2, 1, 1]
(0, (1, 0, 0), (2, 2)): [18, 2, 5, 4]
(0, (1, 0, 0), (3, 0)): [6, 4, 2]
(0, (1, 0, 0), (3, 1)): [7, 5, 2, 1, 1, 1]
(0, (1, 0, 0), (3, 2)): [9, 4, 2, 3, 0, 1]
(0, (1, 0, 1), (0, 0)): [152, 463, 197, 119, 63, 25, 8, 4, 1, 0, 1]
(0, (1, 0, 1), (0, 1)): [2, 2, 1, 2, 1]
(0, (1, 0, 1), (0, 2)): [1, 0, 0, 1, 1]
(0, (1, 0, 1), (1, 0)): [4, 10, 3, 0, 0, 0, 1]
(0, (1, 0, 1), (1, 1)): [3, 2, 2, 1, 0, 0, 1]
(0, (1, 0, 1), (1, 2)): [1, 1, 1, 0, 1]
(0, (1, 0, 1), (2, 0)): [2, 7]
(0, (1, 0, 1), (2, 1)): [4, 4, 1, 0, 0, 0, 1]
(0, (1, 0, 1), (2, 2)): [3, 0, 1, 0, 0, 0, 1]
(0, (1, 0, 1), (3, 0)): [0, 4]
(0, (1, 0, 1), (3, 1)): [1, 1, 1]
(0, (1, 0, 1), (3, 2)): [3]
(0, (1, 1, 0), (0, 0)): [818, 519, 372, 236, 135, 75, 33, 13, 6, 2]
(0, (1, 1, 0), (0, 1)): [11, 4, 2, 1, 0, 1]
(0, (1, 1, 0), (0, 2)): [7, 1, 0, 0, 0, 1]
(0, (1, 1, 0), (1, 0)): [7, 5, 4, 0, 1, 2, 3]
(0, (1, 1, 0), (1, 1)): [5, 4, 3, 0, 0, 1, 1]
(0, (1, 1, 0), (1, 2)): [4, 4, 3, 0, 0, 1]
(0, (1, 1, 0), (2, 0)): [0, 1, 1, 0, 0, 1, 2]
(0, (1, 1, 0), (2, 1)): [1, 0, 0, 0, 0, 1, 1]
(0, (1, 1, 0), (2, 2)): [2, 3, 1, 0, 0, 2, 1]
(0, (1, 1, 0), (3, 0)): [0, 1, 1]
(0, (1, 1, 0), (3, 1)): [1, 1]
(0, (1, 1, 0), (3, 2)): [1, 0, 0, 0, 0, 2, 1]
(0, (1, 1, 1), (0, 0)): [65, 151, 124, 79, 65, 36, 17, 7, 3]
(0, (1, 1, 1), (0, 1)): [1, 5, 1, 1, 0, 0, 1]
(0, (1, 1, 1), (0, 2)): [0, 2, 0, 1, 0, 0, 1]
(0, (1, 1, 1), (1, 0)): [1, 4, 0, 1, 0, 1]
(0, (1, 1, 1), (1, 1)): [1, 5, 0, 0, 0, 1]
(0, (1, 1, 1), (1, 2)): [0, 3, 0, 0, 0, 0, 1]
(0, (1, 1, 1), (2, 0)): [0, 0, 0, 1]
(0, (1, 1, 1), (2, 1)): [0, 1, 0, 1]
(0, (1, 1, 1), (2, 2)): [0, 1]
(0, (1, 1, 1), (3, 1)): [0, 0, 0, 1]
(0, (1, 1, 1), (3, 2)): [0, 1]
(1, (0, 0, 0), (0, 0)): [23836, 2668, 1046, 409, 169, 56, 29, 7, 3, 2]
(1, (0, 0, 0), (0, 1)): [265, 38, 12, 6, 1]
(1, (0, 0, 0), (0, 2)): [105, 9, 6, 3, 1]
(1, (0, 0, 0), (1, 0)): [239, 21, 13, 5, 3, 1]
(1, (0, 0, 0), (1, 1)): [238, 25, 8, 3, 1]
(1, (0, 0, 0), (1, 2)): [155, 12, 4, 4, 1]
(1, (0, 0, 0), (2, 0)): [77, 5, 9, 3, 2, 1]
(1, (0, 0, 0), (2, 1)): [127, 12, 8, 1, 1]
(1, (0, 0, 0), (2, 2)): [127, 11, 6, 3, 1]
(1, (0, 0, 0), (3, 0)): [28, 2, 4, 3, 0, 1]
(1, (0, 0, 0), (3, 1)): [44, 7, 1, 2, 0, 1]
(1, (0, 0, 0), (3, 2)): [55, 7, 5, 3]
(1, (0, 0, 1), (0, 0)): [621, 923, 177, 79, 33, 11, 3, 0, 0, 0, 0, 1]
(1, (0, 0, 1), (0, 1)): [10, 6, 2]
(1, (0, 0, 1), (0, 2)): [5, 1, 1]
(1, (0, 0, 1), (1, 0)): [5, 12, 1, 3]
(1, (0, 0, 1), (1, 1)): [9, 8, 1, 2]
(1, (0, 0, 1), (1, 2)): [6, 3, 1]
(1, (0, 0, 1), (2, 0)): [0, 1, 1, 1]
(1, (0, 0, 1), (2, 1)): [4, 1, 0, 1]
(1, (0, 0, 1), (2, 2)): [5, 2, 1]
(1, (0, 0, 1), (3, 0)): [0, 0, 0, 1]
(1, (0, 0, 1), (3, 1)): [1, 1, 0, 1]
(1, (0, 0, 1), (3, 2)): [2, 2]
(1, (0, 1, 0), (0, 0)): [3083, 1351, 490, 224, 84, 33, 12, 6, 2, 1]
(1, (0, 1, 0), (0, 1)): [29, 17, 4, 3]
(1, (0, 1, 0), (0, 2)): [11, 6, 0, 1]
(1, (0, 1, 0), (1, 0)): [32, 18, 4, 4, 2, 1, 0, 1]
(1, (0, 1, 0), (1, 1)): [22, 16, 7, 3, 1]
(1, (0, 1, 0), (1, 2)): [19, 9, 1, 3]
(1, (0, 1, 0), (2, 0)): [17, 5, 1, 2, 0, 1, 0, 1]
(1, (0, 1, 0), (2, 1)): [11, 9, 2, 2, 1, 1]
(1, (0, 1, 0), (2, 2)): [11, 10, 1, 3]
(1, (0, 1, 0), (3, 0)): [7, 2, 1, 1, 0, 0, 0, 1]
(1, (0, 1, 0), (3, 1)): [7, 3, 0, 0, 0, 1]
(1, (0, 1, 0), (3, 2)): [9, 7, 0, 3, 0, 1]
(1, (0, 1, 1), (0, 0)): [447, 397, 311, 131, 68, 29, 11, 2, 2, 1]
(1, (0, 1, 1), (0, 1)): [5, 1, 5, 1, 0, 0, 1]
(1, (0, 1, 1), (0, 2)): [1, 0, 1, 0, 0, 0, 1]
(1, (0, 1, 1), (1, 0)): [5, 4, 8, 2, 0, 0, 1]
(1, (0, 1, 1), (1, 1)): [8, 3, 4, 1]
(1, (0, 1, 1), (1, 2)): [3, 2, 1]
(1, (0, 1, 1), (2, 0)): [1, 1, 5, 1, 0, 0, 1]
(1, (0, 1, 1), (2, 1)): [3, 1, 2, 1]
(1, (0, 1, 1), (2, 2)): [1, 1, 0, 1]
(1, (0, 1, 1), (3, 0)): [1, 0, 4, 1, 0, 0, 1]
(1, (0, 1, 1), (3, 1)): [2]
(1, (0, 1, 1), (3, 2)): [1]
(1, (1, 0, 0), (0, 0)): [8634, 1571, 936, 408, 173, 68, 30, 6, 4, 1, 1]
(1, (1, 0, 0), (0, 1)): [84, 17, 7, 7]
(1, (1, 0, 0), (0, 2)): [33, 4, 2, 2]
(1, (1, 0, 0), (1, 0)): [87, 17, 18, 3, 3]
(1, (1, 0, 0), (1, 1)): [66, 18, 10, 5, 1]
(1, (1, 0, 0), (1, 2)): [41, 8, 4, 3]
(1, (1, 0, 0), (2, 0)): [32, 4, 7, 2, 2]
(1, (1, 0, 0), (2, 1)): [41, 7, 7, 4, 1]
(1, (1, 0, 0), (2, 2)): [38, 6, 3, 2]
(1, (1, 0, 0), (3, 0)): [9, 2, 0, 1]
(1, (1, 0, 0), (3, 1)): [12, 2, 1, 2]
(1, (1, 0, 0), (3, 2)): [15, 4, 1, 1]
(1, (1, 0, 1), (0, 0)): [725, 844, 253, 153, 85, 31, 13, 4, 1]
(1, (1, 0, 1), (0, 1)): [11, 5, 2, 2, 1]
(1, (1, 0, 1), (0, 2)): [6, 1, 1, 1]
(1, (1, 0, 1), (1, 0)): [4, 7, 2, 1, 1]
(1, (1, 0, 1), (1, 1)): [7, 5, 2, 1, 1]
(1, (1, 0, 1), (1, 2)): [6, 4]
(1, (1, 0, 1), (2, 0)): [1, 1, 0, 1, 1]
(1, (1, 0, 1), (2, 1)): [4, 3, 1, 2, 1]
(1, (1, 0, 1), (2, 2)): [3, 4, 0, 1]
(1, (1, 0, 1), (3, 1)): [2, 0, 1, 1, 1]
(1, (1, 0, 1), (3, 2)): [1, 1, 0, 1]
(1, (1, 1, 0), (0, 0)): [2452, 731, 429, 335, 140, 58, 23, 8, 3, 2, 1]
(1, (1, 1, 0), (0, 1)): [22, 4, 5, 4, 2, 4, 0, 1]
(1, (1, 1, 0), (0, 2)): [9, 2, 3, 2, 1, 2]
(1, (1, 1, 0), (1, 0)): [16, 9, 4, 3, 0, 2]
(1, (1, 1, 0), (1, 1)): [15, 5, 1, 1, 1, 2, 0, 1]
(1, (1, 1, 0), (1, 2)): [12, 5, 3, 2, 1, 1]
(1, (1, 1, 0), (2, 0)): [5, 3, 0, 2]
(1, (1, 1, 0), (2, 1)): [8, 2, 0, 1, 1, 1, 0, 1]
(1, (1, 1, 0), (2, 2)): [9, 4, 1, 1, 2, 1, 0, 1]
(1, (1, 1, 0), (3, 0)): [0, 1]
(1, (1, 1, 0), (3, 1)): [1, 2]
(1, (1, 1, 0), (3, 2)): [2, 3, 0, 0, 2, 1, 0, 1]
(1, (1, 1, 1), (0, 0)): [440, 383, 225, 158, 115, 45, 23, 6, 6, 2]
(1, (1, 1, 1), (0, 1)): [3, 5, 2, 1, 2, 0, 2, 1]
(1, (1, 1, 1), (0, 2)): [2, 0, 1]
(1, (1, 1, 1), (1, 0)): [2, 2, 1, 1, 1, 1]
(1, (1, 1, 1), (1, 1)): [3, 4, 0, 1, 2, 0, 2]
(1, (1, 1, 1), (1, 2)): [0, 0, 1, 0, 1, 0, 1]
(1, (1, 1, 1), (2, 0)): [0, 1, 1, 1, 0, 1]
(1, (1, 1, 1), (2, 1)): [0, 2]
(1, (1, 1, 1), (2, 2)): [0, 1, 1]
(1, (1, 1, 1), (3, 0)): [0, 0, 0, 1]
(1, (1, 1, 1), (3, 2)): [0, 1]
(2, (0, 0, 0), (0, 0)): [20950, 961, 343, 101, 41, 9, 3]
(2, (0, 0, 0), (0, 1)): [226, 12, 3, 3]
(2, (0, 0, 0), (0, 2)): [89, 2, 0, 1]
(2, (0, 0, 0), (1, 0)): [217, 8, 4, 0, 1]
(2, (0, 0, 0), (1, 1)): [198, 12, 2, 1]
(2, (0, 0, 0), (1, 2)): [139, 6, 2, 2]
(2, (0, 0, 0), (2, 0)): [81, 1, 3, 0, 1]
(2, (0, 0, 0), (2, 1)): [109, 4, 1]
(2, (0, 0, 0), (2, 2)): [121, 6, 3, 1]
(2, (0, 0, 0), (3, 0)): [25, 1, 1]
(2, (0, 0, 0), (3, 1)): [44, 0, 1]
(2, (0, 0, 0), (3, 2)): [66, 4, 4, 1]
(2, (0, 0, 1), (0, 0)): [1847, 506, 126, 43, 12, 5, 0, 2]
(2, (0, 0, 1), (0, 1)): [12, 2, 3, 1, 1]
(2, (0, 0, 1), (0, 2)): [2, 0, 1, 0, 1]
(2, (0, 0, 1), (1, 0)): [36, 4, 0, 1]
(2, (0, 0, 1), (1, 1)): [20, 2, 2, 2]
(2, (0, 0, 1), (1, 2)): [9, 1, 1, 1, 1]
(2, (0, 0, 1), (2, 0)): [20, 2]
(2, (0, 0, 1), (2, 1)): [17, 2, 1, 1]
(2, (0, 0, 1), (2, 2)): [9, 1, 2]
(2, (0, 0, 1), (3, 0)): [7]
(2, (0, 0, 1), (3, 1)): [8, 1, 0, 1]
(2, (0, 0, 1), (3, 2)): [8, 0, 1, 1]
(2, (0, 1, 0), (0, 0)): [5011, 1027, 277, 96, 38, 12, 3]
(2, (0, 1, 0), (0, 1)): [47, 11, 2, 1]
(2, (0, 1, 0), (0, 2)): [13, 3, 1, 1]
(2, (0, 1, 0), (1, 0)): [53, 13, 6, 4, 2]
(2, (0, 1, 0), (1, 1)): [38, 11, 2, 0, 1]
(2, (0, 1, 0), (1, 2)): [25, 6, 1]
(2, (0, 1, 0), (2, 0)): [35, 5, 4, 4, 1]
(2, (0, 1, 0), (2, 1)): [24, 4, 3, 2, 2]
(2, (0, 1, 0), (2, 2)): [25, 7, 1, 0, 1]
(2, (0, 1, 0), (3, 0)): [21, 2, 2, 2]
(2, (0, 1, 0), (3, 1)): [17, 2, 3, 2, 1]
(2, (0, 1, 0), (3, 2)): [20, 3, 2]
(2, (0, 1, 1), (0, 0)): [1036, 92, 221, 55, 30, 9, 2, 0, 1]
(2, (0, 1, 1), (0, 1)): [9, 1]
(2, (0, 1, 1), (0, 2)): [3]
(2, (0, 1, 1), (1, 0)): [6, 1, 1, 1]
(2, (0, 1, 1), (1, 1)): [8, 1, 1]
(2, (0, 1, 1), (1, 2)): [7, 0, 1]
(2, (0, 1, 1), (2, 0)): [4]
(2, (0, 1, 1), (2, 1)): [3, 1]
(2, (0, 1, 1), (2, 2)): [6]
(2, (0, 1, 1), (3, 0)): [3]
(2, (0, 1, 1), (3, 2)): [1]
(2, (1, 0, 0), (0, 0)): [10493, 771, 520, 156, 66, 12, 7]
(2, (1, 0, 0), (0, 1)): [109, 6, 3]
(2, (1, 0, 0), (0, 2)): [43, 0, 1]
(2, (1, 0, 0), (1, 0)): [107, 5, 8, 5]
(2, (1, 0, 0), (1, 1)): [91, 7, 7, 2]
(2, (1, 0, 0), (1, 2)): [58, 4, 3]
(2, (1, 0, 0), (2, 0)): [34, 2, 0, 2]
(2, (1, 0, 0), (2, 1)): [39, 2, 1, 1]
(2, (1, 0, 0), (2, 2)): [38, 3, 3, 1]
(2, (1, 0, 0), (3, 0)): [14, 2, 0, 2]
(2, (1, 0, 0), (3, 1)): [20, 2]
(2, (1, 0, 0), (3, 2)): [25, 0, 2]
(2, (1, 0, 1), (0, 0)): [1897, 440, 152, 121, 40, 12, 1]
(2, (1, 0, 1), (0, 1)): [16, 3, 1]
(2, (1, 0, 1), (0, 2)): [9, 1]
(2, (1, 0, 1), (1, 0)): [20, 7, 0, 2, 0, 1]
(2, (1, 0, 1), (1, 1)): [13, 3, 1, 0, 0, 1]
(2, (1, 0, 1), (1, 2)): [9, 1, 1, 0, 0, 1]
(2, (1, 0, 1), (2, 0)): [10, 2]
(2, (1, 0, 1), (2, 1)): [10, 2]
(2, (1, 0, 1), (2, 2)): [5, 1, 1]
(2, (1, 0, 1), (3, 0)): [5, 1]
(2, (1, 0, 1), (3, 1)): [6, 1]
(2, (1, 0, 1), (3, 2)): [2]
(2, (1, 1, 0), (0, 0)): [4163, 635, 292, 205, 84, 15, 10, 1]
(2, (1, 1, 0), (0, 1)): [56, 2, 1, 5, 1]
(2, (1, 1, 0), (0, 2)): [29, 0, 0, 1]
(2, (1, 1, 0), (1, 0)): [40, 11, 4, 3]
(2, (1, 1, 0), (1, 1)): [38, 4, 4, 4]
(2, (1, 1, 0), (1, 2)): [31, 1, 0, 3]
(2, (1, 1, 0), (2, 0)): [14, 7]
(2, (1, 1, 0), (2, 1)): [17, 4, 2, 2]
(2, (1, 1, 0), (2, 2)): [24, 1, 1, 3]
(2, (1, 1, 0), (3, 0)): [8, 3]
(2, (1, 1, 0), (3, 1)): [9, 3, 0, 1]
(2, (1, 1, 0), (3, 2)): [15, 3, 1, 3]
(2, (1, 1, 1), (0, 0)): [1083, 160, 160, 83, 74, 21, 8]
(2, (1, 1, 1), (0, 1)): [8, 2, 1, 1, 0, 0, 1]
(2, (1, 1, 1), (0, 2)): [6, 1, 1]
(2, (1, 1, 1), (1, 0)): [16, 5, 2, 0, 1]
(2, (1, 1, 1), (1, 1)): [7, 2, 1, 1, 0, 0, 1]
(2, (1, 1, 1), (1, 2)): [5, 1, 0, 1]
(2, (1, 1, 1), (2, 0)): [6, 2, 1, 0, 1]
(2, (1, 1, 1), (2, 1)): [6, 3, 2, 0, 0, 0, 1]
(2, (1, 1, 1), (2, 2)): [4, 2, 1]
(2, (1, 1, 1), (3, 0)): [1, 1, 0, 0, 1]
(2, (1, 1, 1), (3, 1)): [2, 3, 1]
(2, (1, 1, 1), (3, 2)): [1, 2, 1]
