(0, (0, 0, 0), (0, 0)): [1410725, 280844, 129123, 58510, 25930, 11068, 4555, 1909, 759, 342, 148, 64, 30, 10, 3, 1, 0, 1]
(0, (0, 0, 0), (0, 1)): [24516, 4418, 2092, 917, 391, 168, 62, 37, 7, 5, 3, 0, 2, 1, 0, 1]
(0, (0, 0, 0), (0, 2)): [9038, 1435, 672, 287, 116, 46, 23, 14, 2, 1, 0, 0, 1]
(0, (0, 0, 0), (1, 0)): [22853, 4892, 2394, 1108, 541, 217, 101, 40, 14, 6, 3]
(0, (0, 0, 0), (1, 1)): [20768, 3956, 1922, 882, 406, 163, 58, 29, 7, 4, 5, 0, 1, 1, 0, 1]
(0, (0, 0, 0), (1, 2)): [13555, 2258, 1033, 451, 220, 95, 29, 16, 5, 2, 0, 0, 2]
(0, (0, 0, 0), (2, 0)): [7622, 1820, 939, 475, 224, 98, 48, 18, 6, 2, 1]
(0, (0, 0, 0), (2, 1)): [11091, 2312, 1202, 568, 265, 107, 49, 23, 5, 1, 1, 0, 0, 1]
(0, (0, 0, 0), (2, 2)): [10727, 1937, 959, 440, 209, 91, 25, 13, 5, 3, 1, 0, 2]
(0, (0, 0, 0), (3, 0)): [2508, 660, 388, 220, 97, 52, 21, 8, 3, 0, 1]
(0, (0, 0, 0), (3, 1)): [4527, 1127, 658, 343, 142, 64, 29, 16, 4]
(0, (0, 0, 0), (3, 2)): [6145, 1283, 769, 355, 169, 70, 22, 13, 5, 2, 0, 0, 2]
(0, (0, 0, 1), (0, 0)): [6092, 18051, 4940, 2319, 1130, 475, 214, 96, 36, 21, 9, 2, 3, 2]
(0, (0, 0, 1), (0, 1)): [98, 254, 77, 27, 19, 8, 5, 2, 0, 1, 0, 0, 0, 1]
(0, (0, 0, 1), (0, 2)): [39, 98, 23, 8, 8, 2]
(0, (0, 0, 1), (1, 0)): [96, 250, 72, 47, 26, 12, 4, 2, 1, 0, 1]
(0, (0, 0, 1), (1, 1)): [86, 190, 62, 24, 20, 9, 6, 1, 0, 1, 1, 0, 0, 1]
(0, (0, 0, 1), (1, 2)): [57, 134, 37, 14, 11, 2, 3, 1, 0, 1, 1]
(0, (0, 0, 1), (2, 0)): [37, 108, 31, 23, 9, 7, 1, 1, 1]
(0, (0, 0, 1), (2, 1)): [50, 112, 36, 21, 13, 5, 1]
(0, (0, 0, 1), (2, 2)): [56, 102, 30, 10, 12, 2, 2, 0, 0, 0, 1]
(0, (0, 0, 1), (3, 0)): [9, 51, 12, 9, 5, 4, 1, 1, 1]
(0, (0, 0, 1), (3, 1)): [23, 51, 16, 12, 7, 4, 0, 1]
(0, (0, 0, 1), (3, 2)): [33, 60, 17, 10, 10, 4, 1, 1, 0, 0, 1]
(0, (0, 1, 0), (0, 0)): [49650, 45967, 17859, 8547, 4136, 1751, 739, 316, 129, 74, 27, 6, 3, 2, 1]
(0, (0, 1, 0), (0, 1)): [821, 647, 247, 112, 48, 25, 15, 8, 3]
(0, (0, 1, 0), (0, 2)): [326, 195, 91, 31, 14, 11, 5, 3, 1]
(0, (0, 1, 0), (1, 0)): [774, 685, 276, 146, 73, 29, 16, 4, 1]
(0, (0, 1, 0), (1, 1)): [669, 552, 219, 108, 42, 16, 12, 6]
(0, (0, 1, 0), (1, 2)): [449, 327, 130, 61, 25, 11, 6, 4, 1]
(0, (0, 1, 0), (2, 0)): [272, 258, 96, 55, 30, 18, 8, 0, 1]
(0, (0, 1, 0), (2, 1)): [339, 300, 122, 61, 24, 18, 8, 4]
(0, (0, 1, 0), (2, 2)): [354, 255, 111, 52, 20, 8, 7, 1, 1]
(0, (0, 1, 0), (3, 0)): [99, 88, 42, 29, 21, 6, 5, 0, 1]
(0, (0, 1, 0), (3, 1)): [138, 129, 60, 37, 22, 10, 4, 1]
(0, (0, 1, 0), (3, 2)): [210, 156, 75, 39, 21, 7, 7]
(0, (0, 1, 1), (0, 0)): [4196, 7045, 8477, 3928, 2078, 969, 415, 194, 97, 43, 10, 6, 2, 2, 1, 0, 0, 1]
(0, (0, 1, 1), (0, 1)): [65, 84, 118, 52, 30, 12, 8, 3, 2]
(0, (0, 1, 1), (0, 2)): [35, 31, 41, 18, 15, 6, 3, 2]
(0, (0, 1, 1), (1, 0)): [82, 141, 160, 86, 46, 20, 8, 7, 4, 1, 0, 1]
(0, (0, 1, 1), (1, 1)): [52, 83, 104, 56, 27, 9, 5, 3, 2]
(0, (0, 1, 1), (1, 2)): [36, 42, 56, 27, 21, 6, 3, 2, 1]
(0, (0, 1, 1), (2, 0)): [46, 77, 77, 42, 25, 14, 4, 5, 3, 1, 0, 1]
(0, (0, 1, 1), (2, 1)): [37, 58, 70, 34, 15, 7, 2, 5, 3]
(0, (0, 1, 1), (2, 2)): [39, 45, 53, 21, 13, 6, 2, 2, 2]
(0, (0, 1, 1), (3, 0)): [28, 48, 40, 29, 19, 12, 2, 1, 0, 1, 0, 1]
(0, (0, 1, 1), (3, 1)): [16, 30, 32, 19, 11, 1, 0, 2, 2]
(0, (0, 1, 1), (3, 2)): [21, 28, 41, 17, 11, 4, 2, 4, 3]
(0, (1, 0, 0), (0, 0)): [303364, 101611, 63716, 31404, 14829, 6640, 2763, 1197, 499, 223, 101, 40, 21, 4, 2, 1, 0, 1]
(0, (1, 0, 0), (0, 1)): [5149, 1388, 981, 483, 234, 106, 41, 19, 8, 1]
(0, (1, 0, 0), (0, 2)): [1964, 421, 320, 140, 68, 27, 16, 3, 5, 1]
(0, (1, 0, 0), (1, 0)): [4455, 1489, 1072, 522, 253, 104, 51, 20, 10, 6, 3, 1]
(0, (1, 0, 0), (1, 1)): [3785, 1112, 829, 395, 191, 79, 30, 17, 7, 4, 1, 1]
(0, (1, 0, 0), (1, 2)): [2426, 612, 471, 203, 100, 36, 21, 9, 4, 2]
(0, (1, 0, 0), (2, 0)): [1405, 494, 350, 201, 103, 46, 18, 10, 5, 2, 2]
(0, (1, 0, 0), (2, 1)): [1833, 566, 423, 222, 108, 50, 17, 7, 6, 3, 0, 1]
(0, (1, 0, 0), (2, 2)): [1705, 468, 352, 163, 88, 30, 17, 8, 5, 3]
(0, (1, 0, 0), (3, 0)): [407, 172, 129, 89, 52, 19, 5, 5, 0, 1, 1]
(0, (1, 0, 0), (3, 1)): [687, 246, 187, 123, 71, 26, 6, 3, 4, 1, 1, 1]
(0, (1, 0, 0), (3, 2)): [845, 284, 207, 115, 77, 26, 8, 6, 3, 3]
(0, (1, 0, 1), (0, 0)): [7247, 21719, 8937, 6087, 3208, 1452, 702, 289, 139, 56, 29, 13, 5, 1, 1, 0, 0, 1]
(0, (1, 0, 1), (0, 1)): [111, 310, 128, 91, 41, 21, 14, 4, 1, 0, 0, 0, 1]
(0, (1, 0, 1), (0, 2)): [43, 118, 31, 30, 16, 10, 6, 2, 1]
(0, (1, 0, 1), (1, 0)): [110, 353, 132, 100, 51, 26, 5, 4, 4, 1, 1]
(0, (1, 0, 1), (1, 1)): [96, 249, 96, 64, 35, 15, 9, 1, 2, 0, 1]
(0, (1, 0, 1), (1, 2)): [74, 147, 45, 33, 17, 12, 4, 2, 2]
(0, (1, 0, 1), (2, 0)): [40, 124, 54, 37, 18, 13, 0, 3, 1, 1]
(0, (1, 0, 1), (2, 1)): [34, 149, 61, 40, 22, 9, 3, 0, 2, 0, 1]
(0, (1, 0, 1), (2, 2)): [56, 121, 45, 27, 18, 7, 3, 2, 1, 0, 1]
(0, (1, 0, 1), (3, 0)): [20, 46, 20, 17, 8, 8, 0, 3]
(0, (1, 0, 1), (3, 1)): [16, 53, 24, 19, 11, 6, 1]
(0, (1, 0, 1), (3, 2)): [23, 56, 33, 15, 11, 6, 2, 0, 1, 0, 1]
(0, (1, 1, 0), (0, 0)): [41412, 26489, 20037, 14110, 7487, 3537, 1495, 715, 289, 137, 63, 24, 10, 1]
(0, (1, 1, 0), (0, 1)): [734, 393, 273, 215, 115, 48, 22, 12, 3, 0, 1, 1]
(0, (1, 1, 0), (0, 2)): [290, 136, 90, 67, 39, 16, 10, 6, 1]
(0, (1, 1, 0), (1, 0)): [595, 369, 290, 212, 108, 67, 29, 15, 3, 3]
(0, (1, 1, 0), (1, 1)): [496, 271, 219, 164, 72, 46, 18, 10, 3, 1, 1]
(0, (1, 1, 0), (1, 2)): [353, 161, 120, 89, 47, 22, 7, 10, 1, 1]
(0, (1, 1, 0), (2, 0)): [172, 119, 96, 73, 41, 25, 12, 7, 2, 1]
(0, (1, 1, 0), (2, 1)): [230, 138, 99, 91, 46, 27, 12, 5, 2, 1]
(0, (1, 1, 0), (2, 2)): [235, 126, 90, 70, 36, 21, 4, 7, 2, 2]
(0, (1, 1, 0), (3, 0)): [43, 42, 34, 26, 16, 8, 5, 4, 1]
(0, (1, 1, 0), (3, 1)): [86, 63, 43, 45, 18, 14, 11, 3, 2]
(0, (1, 1, 0), (3, 2)): [128, 75, 50, 47, 21, 15, 4, 5, 2]
(0, (1, 1, 1), (0, 0)): [4107, 7649, 6273, 4781, 3756, 1874, 862, 434, 190, 83, 41, 14, 4, 1, 1]
(0, (1, 1, 1), (0, 1)): [88, 121, 104, 65, 49, 30, 11, 5, 6, 3, 1, 1]
(0, (1, 1, 1), (0, 2)): [39, 52, 35, 22, 23, 8, 3, 1, 3, 1, 0, 1]
(0, (1, 1, 1), (1, 0)): [59, 136, 121, 90, 72, 39, 11, 12, 3, 0, 1, 1]
(0, (1, 1, 1), (1, 1)): [60, 103, 100, 67, 40, 29, 11, 7, 2, 1, 1]
(0, (1, 1, 1), (1, 2)): [48, 73, 53, 30, 21, 14, 4, 2, 4, 0, 0, 1]
(0, (1, 1, 1), (2, 0)): [16, 52, 30, 38, 34, 11, 3, 6, 1, 0, 1]
(0, (1, 1, 1), (2, 1)): [29, 50, 42, 40, 29, 15, 4, 5, 2]
(0, (1, 1, 1), (2, 2)): [30, 49, 38, 35, 17, 13, 3, 4, 1, 0, 0, 1]
(0, (1, 1, 1), (3, 1)): [6, 23, 15, 25, 11, 4, 1, 2, 1, 0, 1]
(0, (1, 1, 1), (3, 2)): [11, 19, 21, 27, 12, 9, 3, 2, 2, 0, 0, 1]
(1, (0, 0, 0), (0, 0)): [1140815, 123135, 50376, 19819, 7653, 2941, 1132, 423, 159, 64, 26, 15, 6, 3, 0, 1]
(1, (0, 0, 0), (0, 1)): [19931, 1996, 849, 313, 126, 35, 14, 9, 1, 0, 0, 0, 0, 1]
(1, (0, 0, 0), (0, 2)): [7364, 595, 250, 89, 36, 12, 2, 2]
(1, (0, 0, 0), (1, 0)): [19191, 2371, 1014, 389, 163, 57, 25, 10, 0, 1, 0, 0, 0, 0, 0, 1]
(1, (0, 0, 0), (1, 1)): [17133, 1870, 757, 290, 123, 45, 20, 7, 1, 1, 0, 0, 0, 1]
(1, (0, 0, 0), (1, 2)): [10890, 965, 372, 157, 70, 32, 10, 2]
(1, (0, 0, 0), (2, 0)): [6675, 934, 451, 160, 67, 24, 10, 5, 0, 0, 0, 0, 0, 0, 0, 1]
(1, (0, 0, 0), (2, 1)): [9449, 1145, 498, 186, 84, 24, 11, 6, 0, 1]
(1, (0, 0, 0), (2, 2)): [9001, 882, 381, 150, 73, 33, 12, 4]
(1, (0, 0, 0), (3, 0)): [2157, 338, 214, 73, 32, 10, 6, 1, 0, 0, 0, 0, 0, 0, 0, 1]
(1, (0, 0, 0), (3, 1)): [3975, 619, 307, 114, 52, 11, 5, 3]
(1, (0, 0, 0), (3, 2)): [5151, 642, 317, 112, 57, 20, 12, 3]
(1, (0, 0, 1), (0, 0)): [32143, 46164, 9054, 3817, 1603, 640, 256, 103, 44, 16, 9, 5, 4, 1]
(1, (0, 0, 1), (0, 1)): [501, 540, 120, 37, 19, 7, 6, 1]
(1, (0, 0, 1), (0, 2)): [211, 185, 38, 8, 3, 1, 4]
(1, (0, 0, 1), (1, 0)): [528, 727, 146, 79, 31, 12, 6, 3, 1]
(1, (0, 0, 1), (1, 1)): [455, 502, 104, 46, 23, 6, 2, 3]
(1, (0, 0, 1), (1, 2)): [332, 275, 43, 16, 13, 2, 3]
(1, (0, 0, 1), (2, 0)): [223, 298, 63, 38, 16, 7, 5, 1, 1]
(1, (0, 0, 1), (2, 1)): [217, 306, 60, 29, 13, 7, 5, 3]
(1, (0, 0, 1), (2, 2)): [240, 237, 48, 18, 7, 2, 2, 1]
(1, (0, 0, 1), (3, 0)): [104, 125, 37, 27, 9, 3, 2, 1, 1]
(1, (0, 0, 1), (3, 1)): [115, 152, 27, 20, 7, 3, 3, 2]
(1, (0, 0, 1), (3, 2)): [147, 151, 35, 15, 6, 2, 3, 1]
(1, (0, 1, 0), (0, 0)): [156106, 69743, 24948, 10561, 4240, 1672, 573, 266, 77, 37, 20, 8, 8, 2, 1]
(1, (0, 1, 0), (0, 1)): [2350, 909, 330, 133, 41, 17, 7, 3, 1]
(1, (0, 1, 0), (0, 2)): [922, 322, 98, 30, 11, 6, 3]
(1, (0, 1, 0), (1, 0)): [2749, 1217, 437, 244, 114, 33, 12, 5, 0, 0, 1, 0, 0, 1]
(1, (0, 1, 0), (1, 1)): [2038, 776, 308, 141, 53, 21, 7, 4, 1, 0, 0, 0, 0, 1]
(1, (0, 1, 0), (1, 2)): [1356, 473, 179, 59, 18, 9, 5, 2]
(1, (0, 1, 0), (2, 0)): [1217, 536, 196, 128, 59, 17, 8, 4, 0, 0, 1]
(1, (0, 1, 0), (2, 1)): [1089, 461, 160, 99, 44, 15, 6, 3, 0, 0, 1, 0, 0, 1]
(1, (0, 1, 0), (2, 2)): [1059, 411, 152, 55, 29, 7, 3, 1]
(1, (0, 1, 0), (3, 0)): [657, 250, 87, 83, 43, 9, 5, 3]
(1, (0, 1, 0), (3, 1)): [575, 211, 77, 63, 30, 9, 3, 1, 0, 0, 0, 0, 0, 1]
(1, (0, 1, 0), (3, 2)): [634, 231, 100, 59, 27, 3, 4, 1, 0, 0, 0, 0, 0, 1]
(1, (0, 1, 1), (0, 0)): [25190, 20460, 18668, 7422, 3767, 1490, 577, 228, 109, 36, 11, 7, 2, 2, 0, 1]
(1, (0, 1, 1), (0, 1)): [337, 212, 188, 80, 35, 18, 8, 3]
(1, (0, 1, 1), (0, 2)): [169, 71, 61, 28, 10, 5, 4]
(1, (0, 1, 1), (1, 0)): [561, 427, 334, 160, 105, 38, 17, 10, 3, 1]
(1, (0, 1, 1), (1, 1)): [279, 189, 176, 68, 34, 11, 6, 4]
(1, (0, 1, 1), (1, 2)): [220, 105, 97, 48, 17, 7, 4]
(1, (0, 1, 1), (2, 0)): [361, 280, 193, 108, 83, 32, 14, 8, 3, 1]
(1, (0, 1, 1), (2, 1)): [154, 126, 102, 43, 20, 9, 7, 2]
(1, (0, 1, 1), (2, 2)): [154, 100, 89, 43, 21, 4, 2, 2]
(1, (0, 1, 1), (3, 0)): [295, 217, 141, 81, 72, 28, 10, 8, 3, 1]
(1, (0, 1, 1), (3, 1)): [77, 53, 41, 21, 8, 9, 5]
(1, (0, 1, 1), (3, 2)): [95, 64, 48, 23, 14, 4, 1, 1]
(1, (1, 0, 0), (0, 0)): [437004, 77938, 49145, 20820, 8393, 3328, 1309, 469, 204, 84, 31, 21, 4, 3, 0, 2]
(1, (1, 0, 0), (0, 1)): [7332, 1046, 762, 327, 121, 46, 19, 4, 1, 2]
(1, (1, 0, 0), (0, 2)): [2674, 323, 278, 93, 33, 13, 6, 1, 0, 2]
(1, (1, 0, 0), (1, 0)): [7060, 1289, 917, 403, 172, 58, 28, 10, 1, 2, 0, 0, 1, 0, 0, 1]
(1, (1, 0, 0), (1, 1)): [5830, 892, 649, 279, 108, 41, 18, 8, 1, 0, 0, 0, 0, 0, 0, 1]
(1, (1, 0, 0), (1, 2)): [3642, 471, 377, 137, 54, 18, 6, 6, 0, 1]
(1, (1, 0, 0), (2, 0)): [2316, 469, 351, 177, 69, 27, 10, 0, 1, 2, 0, 0, 1]
(1, (1, 0, 0), (2, 1)): [2973, 522, 402, 177, 71, 23, 13, 2, 2, 0, 0, 0, 0, 0, 0, 1]
(1, (1, 0, 0), (2, 2)): [2731, 397, 336, 127, 48, 14, 7, 3, 1, 1]
(1, (1, 0, 0), (3, 0)): [710, 169, 114, 79, 31, 12, 4, 0, 0, 2, 0, 0, 1]
(1, (1, 0, 0), (3, 1)): [1141, 280, 180, 104, 39, 14, 6, 1, 0, 1, 0, 0, 0, 0, 0, 1]
(1, (1, 0, 0), (3, 2)): [1378, 280, 199, 100, 33, 15, 6, 1, 1, 1, 0, 0, 0, 0, 0, 1]
(1, (1, 0, 1), (0, 0)): [34893, 41134, 13278, 8761, 3737, 1529, 610, 239, 82, 51, 13, 5, 0, 1]
(1, (1, 0, 1), (0, 1)): [613, 538, 149, 130, 58, 19, 10, 5, 3, 2]
(1, (1, 0, 1), (0, 2)): [270, 165, 55, 48, 8, 7, 4, 3, 0, 1]
(1, (1, 0, 1), (1, 0)): [590, 647, 201, 151, 80, 27, 10, 4, 0, 2]
(1, (1, 0, 1), (1, 1)): [470, 442, 125, 107, 59, 8, 9, 3, 2]
(1, (1, 0, 1), (1, 2)): [340, 242, 73, 63, 23, 8, 6, 3, 0, 1]
(1, (1, 0, 1), (2, 0)): [227, 221, 69, 48, 34, 16, 2, 1, 0, 1]
(1, (1, 0, 1), (2, 1)): [227, 228, 68, 57, 35, 9, 6, 1, 2]
(1, (1, 0, 1), (2, 2)): [230, 180, 60, 37, 24, 7, 6, 1, 1]
(1, (1, 0, 1), (3, 0)): [86, 89, 24, 21, 15, 7, 1, 0, 0, 1]
(1, (1, 0, 1), (3, 1)): [97, 105, 26, 28, 23, 8, 0, 1]
(1, (1, 0, 1), (3, 2)): [112, 100, 37, 28, 22, 10, 4, 2, 1]
(1, (1, 1, 0), (0, 0)): [119146, 36877, 24783, 17353, 7307, 3016, 1183, 473, 200, 73, 26, 14, 8, 5, 1]
(1, (1, 1, 0), (0, 1)): [2064, 555, 337, 264, 105, 40, 21, 6, 3]
(1, (1, 1, 0), (0, 2)): [833, 209, 110, 95, 32, 10, 5, 0, 1]
(1, (1, 1, 0), (1, 0)): [1845, 636, 445, 330, 145, 51, 25, 11, 1, 3, 0, 0, 2, 1]
(1, (1, 1, 0), (1, 1)): [1539, 450, 310, 221, 100, 36, 19, 9, 0, 2]
(1, (1, 1, 0), (1, 2)): [1102, 268, 173, 134, 53, 17, 8, 2]
(1, (1, 1, 0), (2, 0)): [620, 222, 144, 129, 55, 19, 8, 2, 1, 1, 0, 0, 2, 1]
(1, (1, 1, 0), (2, 1)): [777, 277, 183, 128, 55, 21, 12, 4, 0, 1, 0, 0, 1]
(1, (1, 1, 0), (2, 2)): [799, 219, 131, 96, 47, 15, 6, 2]
(1, (1, 1, 0), (3, 0)): [168, 84, 42, 43, 27, 11, 4, 2, 1, 1, 0, 0, 1]
(1, (1, 1, 0), (3, 1)): [322, 136, 84, 67, 34, 12, 10, 3, 0, 2, 0, 0, 1]
(1, (1, 1, 0), (3, 2)): [412, 136, 89, 58, 37, 16, 9, 5, 0, 2, 0, 0, 1]
(1, (1, 1, 1), (0, 0)): [24369, 19312, 12375, 8210, 5892, 2514, 1023, 385, 163, 60, 20, 15, 7, 3, 1, 1]
(1, (1, 1, 1), (0, 1)): [482, 305, 188, 124, 104, 37, 20, 8, 3]
(1, (1, 1, 1), (0, 2)): [240, 108, 68, 38, 38, 12, 10, 1]
(1, (1, 1, 1), (1, 0)): [421, 315, 215, 137, 114, 47, 20, 7, 2, 2, 0, 1, 1]
(1, (1, 1, 1), (1, 1)): [349, 229, 156, 111, 93, 36, 10, 6, 1]
(1, (1, 1, 1), (1, 2)): [270, 121, 95, 65, 46, 27, 9, 3]
(1, (1, 1, 1), (2, 0)): [129, 117, 88, 53, 39, 20, 12, 4, 1, 1, 0, 1, 1]
(1, (1, 1, 1), (2, 1)): [167, 143, 91, 65, 52, 15, 11, 4, 1, 1, 0, 1]
(1, (1, 1, 1), (2, 2)): [182, 103, 78, 68, 44, 18, 8, 2]
(1, (1, 1, 1), (3, 0)): [29, 44, 30, 24, 12, 11, 4, 1, 1, 0, 0, 0, 1]
(1, (1, 1, 1), (3, 1)): [50, 78, 34, 31, 24, 10, 5, 3, 0, 0, 0, 0, 1]
(1, (1, 1, 1), (3, 2)): [93, 68, 40, 42, 29, 14, 3, 2]
(2, (0, 0, 0), (0, 0)): [989026, 44136, 14800, 4715, 1542, 517, 173, 53, 10, 6, 5, 0, 1]
(2, (0, 0, 0), (0, 1)): [17249, 717, 240, 70, 31, 9, 6, 1]
(2, (0, 0, 0), (0, 2)): [6236, 188, 50, 19, 8, 2, 1, 1]
(2, (0, 0, 0), (1, 0)): [17478, 1006, 334, 104, 43, 12, 3, 0, 0, 0, 0, 0, 1]
(2, (0, 0, 0), (1, 1)): [15323, 751, 250, 61, 33, 8, 6]
(2, (0, 0, 0), (1, 2)): [9620, 329, 110, 32, 15, 5, 3]
(2, (0, 0, 0), (2, 0)): [6446, 385, 160, 60, 21, 6, 1, 0, 0, 0, 0, 0, 1]
(2, (0, 0, 0), (2, 1)): [8833, 467, 163, 54, 12, 6, 3]
(2, (0, 0, 0), (2, 2)): [8113, 334, 122, 37, 14, 7, 1]
(2, (0, 0, 0), (3, 0)): [2226, 152, 90, 32, 15, 3, 1, 0, 0, 0, 0, 0, 1]
(2, (0, 0, 0), (3, 1)): [4072, 242, 116, 38, 15, 6, 2]
(2, (0, 0, 0), (3, 2)): [5092, 265, 118, 33, 12, 6]
(2, (0, 0, 1), (0, 0)): [92965, 29090, 5639, 1909, 676, 223, 66, 22, 3, 2, 0, 1]
(2, (0, 0, 1), (0, 1)): [1410, 385, 84, 24, 13, 3, 1]
(2, (0, 0, 1), (0, 2)): [545, 110, 28, 4, 3, 1]
(2, (0, 0, 1), (1, 0)): [1712, 480, 110, 47, 12, 6, 0, 2]
(2, (0, 0, 1), (1, 1)): [1335, 320, 73, 23, 10, 2, 1, 1]
(2, (0, 0, 1), (1, 2)): [875, 167, 38, 11, 3, 1, 1]
(2, (0, 0, 1), (2, 0)): [741, 207, 53, 30, 7, 5, 0, 1]
(2, (0, 0, 1), (2, 1)): [778, 179, 53, 19, 10, 2, 0, 2]
(2, (0, 0, 1), (2, 2)): [719, 138, 48, 7, 3, 2, 1]
(2, (0, 0, 1), (3, 0)): [382, 95, 27, 19, 3, 4]
(2, (0, 0, 1), (3, 1)): [412, 99, 22, 18, 7, 2, 0, 1]
(2, (0, 0, 1), (3, 2)): [467, 101, 33, 12, 3, 1]
(2, (0, 1, 0), (0, 0)): [246983, 53053, 14016, 4872, 1584, 540, 164, 47, 11, 8, 5, 0, 1]
(2, (0, 1, 0), (0, 1)): [3634, 667, 174, 59, 20, 1, 1]
(2, (0, 1, 0), (0, 2)): [1356, 193, 46, 12, 7]
(2, (0, 1, 0), (1, 0)): [4774, 838, 336, 140, 37, 19, 5, 1, 0, 0, 0, 0, 1]
(2, (0, 1, 0), (1, 1)): [3364, 584, 200, 65, 18, 5, 3, 1]
(2, (0, 1, 0), (1, 2)): [2123, 297, 74, 36, 6]
(2, (0, 1, 0), (2, 0)): [2264, 381, 169, 95, 28, 12, 3, 0, 0, 0, 0, 0, 1]
(2, (0, 1, 0), (2, 1)): [2035, 366, 130, 50, 16, 9, 3, 1, 0, 0, 0, 0, 1]
(2, (0, 1, 0), (2, 2)): [1871, 279, 75, 39, 9, 4, 0, 1]
(2, (0, 1, 0), (3, 0)): [1286, 183, 97, 63, 18, 5, 2]
(2, (0, 1, 0), (3, 1)): [1009, 184, 90, 35, 16, 5, 3, 0, 0, 0, 0, 0, 1]
(2, (0, 1, 0), (3, 2)): [1233, 193, 81, 36, 10, 5, 1, 0, 0, 0, 0, 0, 1]
(2, (0, 1, 1), (0, 0)): [56542, 4939, 12552, 3348, 1316, 413, 144, 49, 18, 4, 3, 1, 0, 1]
(2, (0, 1, 1), (0, 1)): [779, 64, 129, 32, 8, 3, 1, 3]
(2, (0, 1, 1), (0, 2)): [336, 25, 42, 11, 5, 1, 1]
(2, (0, 1, 1), (1, 0)): [1108, 115, 228, 78, 38, 8, 4, 0, 0, 0, 1]
(2, (0, 1, 1), (1, 1)): [712, 58, 128, 36, 7, 4, 1, 2]
(2, (0, 1, 1), (1, 2)): [481, 32, 71, 17, 5, 1, 2, 1]
(2, (0, 1, 1), (2, 0)): [569, 68, 110, 45, 30, 6, 1, 0, 0, 0, 1]
(2, (0, 1, 1), (2, 1)): [402, 35, 89, 20, 9, 5]
(2, (0, 1, 1), (2, 2)): [408, 31, 71, 20, 4, 4, 1, 1]
(2, (0, 1, 1), (3, 0)): [397, 52, 67, 31, 25, 5, 1, 0, 0, 0, 1]
(2, (0, 1, 1), (3, 1)): [208, 19, 41, 14, 5, 2]
(2, (0, 1, 1), (3, 2)): [260, 24, 57, 17, 5, 4, 0, 1]
(2, (1, 0, 0), (0, 0)): [530538, 38497, 24430, 7749, 2452, 793, 309, 86, 18, 11, 6, 0, 1]
(2, (1, 0, 0), (0, 1)): [8454, 467, 368, 99, 39, 10, 6, 1]
(2, (1, 0, 0), (0, 2)): [3061, 134, 94, 18, 14, 2, 1]
(2, (1, 0, 0), (1, 0)): [8779, 692, 507, 204, 46, 15, 7, 2, 0, 0, 0, 0, 1]
(2, (1, 0, 0), (1, 1)): [6943, 426, 349, 119, 28, 4, 4, 1]
(2, (1, 0, 0), (1, 2)): [4302, 209, 147, 50, 16, 3]
(2, (1, 0, 0), (2, 0)): [2997, 287, 170, 95, 20, 7, 4, 0, 0, 0, 0, 0, 1]
(2, (1, 0, 0), (2, 1)): [3601, 240, 190, 74, 24, 6, 2, 1, 0, 0, 0, 0, 1]
(2, (1, 0, 0), (2, 2)): [3290, 192, 143, 47, 18, 5, 1, 1]
(2, (1, 0, 0), (3, 0)): [966, 133, 55, 55, 6, 3, 3]
(2, (1, 0, 0), (3, 1)): [1531, 166, 91, 54, 10, 4, 2, 0, 0, 0, 0, 0, 1]
(2, (1, 0, 0), (3, 2)): [1829, 159, 98, 47, 11, 8, 1, 1, 0, 0, 0, 0, 1]
(2, (1, 0, 1), (0, 0)): [89419, 21974, 8684, 5095, 1639, 553, 190, 59, 21, 7, 0, 2, 1]
(2, (1, 0, 1), (0, 1)): [1490, 302, 117, 83, 25, 5, 2, 2, 0, 0, 0, 1]
(2, (1, 0, 1), (0, 2)): [593, 93, 33, 18, 10, 0, 0, 1]
(2, (1, 0, 1), (1, 0)): [1412, 315, 151, 112, 40, 17, 5]
(2, (1, 0, 1), (1, 1)): [1129, 235, 93, 80, 19, 12, 5, 1, 0, 0, 0, 1]
(2, (1, 0, 1), (1, 2)): [777, 124, 47, 34, 11, 7, 1, 2, 0, 0, 0, 1]
(2, (1, 0, 1), (2, 0)): [530, 111, 72, 37, 16, 5, 2]
(2, (1, 0, 1), (2, 1)): [626, 136, 51, 42, 16, 5, 1]
(2, (1, 0, 1), (2, 2)): [542, 96, 37, 26, 10, 4, 1, 2, 0, 0, 0, 1]
(2, (1, 0, 1), (3, 0)): [190, 34, 32, 14, 9, 2, 2]
(2, (1, 0, 1), (3, 1)): [295, 58, 35, 21, 8, 2, 3]
(2, (1, 0, 1), (3, 2)): [320, 63, 38, 15, 8, 3, 2, 2]
(2, (1, 1, 0), (0, 0)): [204441, 31342, 15833, 10534, 3354, 1111, 360, 117, 43, 19, 7, 1, 2, 1]
(2, (1, 1, 0), (0, 1)): [3500, 473, 216, 159, 48, 7, 5, 3, 0, 0, 0, 0, 1]
(2, (1, 1, 0), (0, 2)): [1409, 146, 62, 38, 12, 1, 2, 1]
(2, (1, 1, 0), (1, 0)): [3374, 531, 293, 235, 72, 23, 8, 2, 1, 1]
(2, (1, 1, 0), (1, 1)): [2827, 385, 183, 151, 36, 9, 4, 2, 1, 1, 0, 0, 1]
(2, (1, 1, 0), (1, 2)): [1948, 218, 93, 64, 15, 4, 2, 2]
(2, (1, 1, 0), (2, 0)): [1193, 206, 128, 93, 40, 13, 3, 1]
(2, (1, 1, 0), (2, 1)): [1498, 197, 132, 98, 29, 11, 4, 1, 1, 1, 0, 0, 1]
(2, (1, 1, 0), (2, 2)): [1455, 175, 85, 82, 18, 4, 4, 2, 1]
(2, (1, 1, 0), (3, 0)): [432, 81, 54, 36, 16, 6, 1]
(2, (1, 1, 0), (3, 1)): [665, 104, 77, 53, 16, 9, 2, 1, 0, 0, 0, 0, 1]
(2, (1, 1, 0), (3, 2)): [809, 109, 72, 58, 20, 4, 3, 2, 1]
(2, (1, 1, 1), (0, 0)): [59025, 8615, 9979, 4936, 3515, 1123, 377, 126, 43, 9, 6, 0, 1, 1]
(2, (1, 1, 1), (0, 1)): [1182, 119, 167, 82, 57, 10, 7, 3, 1, 0, 0, 0, 1]
(2, (1, 1, 1), (0, 2)): [550, 35, 42, 26, 16, 2, 2, 1, 1]
(2, (1, 1, 1), (1, 0)): [926, 264, 175, 104, 65, 27, 8, 1, 2, 0, 1]
(2, (1, 1, 1), (1, 1)): [865, 129, 143, 74, 46, 8, 5, 0, 0, 0, 1, 0, 1]
(2, (1, 1, 1), (1, 2)): [658, 57, 62, 36, 18, 4, 3, 1, 0, 0, 1]
(2, (1, 1, 1), (2, 0)): [260, 176, 50, 46, 34, 17, 4, 1, 1]
(2, (1, 1, 1), (2, 1)): [379, 117, 84, 43, 38, 11, 5, 0, 0, 0, 0, 0, 1]
(2, (1, 1, 1), (2, 2)): [427, 73, 58, 41, 21, 5, 3, 0, 0, 0, 1]
(2, (1, 1, 1), (3, 0)): [53, 121, 18, 26, 13, 8, 1, 0, 1]
(2, (1, 1, 1), (3, 1)): [121, 121, 35, 28, 27, 8, 4]
(2, (1, 1, 1), (3, 2)): [202, 98, 41, 44, 23, 8, 5, 0, 0, 0, 1]
