(0, (0, 0, 0), (0, 0)): [14002, 2367, 1063, 455, 167, 85, 25, 11, 4, 2, 1]
(0, (0, 0, 0), (0, 1)): [39, 0, 2]
(0, (0, 0, 0), (0, 2)): [13, 0, 1]
(0, (0, 0, 0), (1, 0)): [44, 6, 3, 1]
(0, (0, 0, 0), (1, 1)): [37, 3, 1]
(0, (0, 0, 0), (1, 2)): [19, 1]
(0, (0, 0, 0), (2, 0)): [15, 2, 3, 1]
(0, (0, 0, 0), (2, 1)): [16, 4, 2, 1]
(0, (0, 0, 0), (2, 2)): [13, 2, 0, 1]
(0, (0, 0, 0), (3, 0)): [10, 0, 2]
(0, (0, 0, 0), (3, 1)): [11, 1, 3]
(0, (0, 0, 0), (3, 2)): [11, 2, 0, 1]
(0, (0, 0, 1), (0, 0)): [69, 194, 60, 25, 10, 4, 3]
(0, (0, 0, 1), (0, 1)): [1]
(0, (0, 0, 1), (1, 0)): [1, 1]
(0, (0, 0, 1), (1, 1)): [2, 1]
(0, (0, 1, 0), (0, 0)): [421, 355, 129, 71, 18, 11, 3, 0, 0, 0, 1]
(0, (0, 1, 0), (0, 1)): [2, 1]
(0, (0, 1, 0), (0, 2)): [0, 1]
(0, (0, 1, 0), (1, 0)): [1, 1]
(0, (0, 1, 0), (1, 1)): [1]
(0, (0, 1, 0), (1, 2)): [1]
(0, (0, 1, 0), (2, 2)): [1]
(0, (0, 1, 1), (0, 0)): [32, 60, 87, 27, 17, 4, 2, 1]
(0, (0, 1, 1), (0, 1)): [0, 0, 1]
(0, (0, 1, 1), (1, 1)): [0, 0, 1]
(0, (0, 1, 1), (1, 2)): [0, 0, 1]
(0, (1, 0, 0), (0, 0)): [3106, 1039, 572, 271, 117, 52, 16, 7, 3, 2, 1]
(0, (1, 0, 0), (0, 1)): [14, 0, 1]
(0, (1, 0, 0), (0, 2)): [4, 0, 1]
(0, (1, 0, 0), (1, 0)): [6, 2, 1, 1]
(0, (1, 0, 0), (1, 1)): [9]
(0, (1, 0, 0), (1, 2)): [3, 0, 1]
(0, (1, 0, 0), (2, 0)): [1, 1, 0, 1]
(0, (1, 0, 0), (2, 1)): [4, 1, 0, 1]
(0, (1, 0, 0), (2, 2)): [2, 0, 1]
(0, (1, 0, 0), (3, 1)): [1]
(0, (1, 0, 0), (3, 2)): [1]
(0, (1, 0, 1), (0, 0)): [73, 162, 79, 57, 13, 10, 3]
(0, (1, 0, 1), (1, 0)): [0, 1]
(0, (1, 0, 1), (2, 0)): [0, 1]
(0, (1, 0, 1), (2, 1)): [0, 1]
(0, (1, 1, 0), (0, 0)): [364, 231, 191, 130, 68, 28, 10, 2, 2, 2, 1]
(0, (1, 1, 0), (0, 1)): [1, 1, 2, 1]
(0, (1, 1, 0), (0, 2)): [0, 1, 1, 1]
(0, (1, 1, 0), (1, 0)): [2]
(0, (1, 1, 0), (1, 1)): [1, 0, 1]
(0, (1, 1, 0), (2, 0)): [1]
(0, (1, 1, 0), (2, 1)): [1]
(0, (1, 1, 1), (0, 0)): [49, 68, 69, 44, 39, 19, 9, 4, 4, 3, 1]
(1, (0, 0, 0), (0, 0)): [10984, 999, 394, 130, 44, 26, 4, 4, 1]
(1, (0, 0, 0), (0, 1)): [25, 1]
(1, (0, 0, 0), (0, 2)): [11, 1]
(1, (0, 0, 0), (1, 0)): [27, 0, 1]
(1, (0, 0, 0), (1, 1)): [21, 0, 1]
(1, (0, 0, 0), (1, 2)): [15]
(1, (0, 0, 0), (2, 0)): [7]
(1, (0, 0, 0), (2, 1)): [13]
(1, (0, 0, 0), (2, 2)): [13]
(1, (0, 0, 0), (3, 0)): [1]
(1, (0, 0, 0), (3, 1)): [2]
(1, (0, 0, 0), (3, 2)): [6]
(1, (0, 0, 1), (0, 0)): [371, 571, 88, 42, 15, 7, 2, 1, 1]
(1, (0, 0, 1), (1, 0)): [2]
(1, (0, 0, 1), (1, 1)): [2]
(1, (0, 0, 1), (1, 2)): [1]
(1, (0, 0, 1), (2, 1)): [1]
(1, (0, 0, 1), (2, 2)): [1]
(1, (0, 0, 1), (3, 1)): [1]
(1, (0, 0, 1), (3, 2)): [2]
(1, (0, 1, 0), (0, 0)): [1745, 798, 254, 72, 31, 8, 5, 2, 1]
(1, (0, 1, 0), (0, 1)): [5, 1, 1]
(1, (0, 1, 0), (0, 2)): [3]
(1, (0, 1, 0), (1, 0)): [6, 1, 1]
(1, (0, 1, 0), (1, 1)): [2, 1, 1]
(1, (0, 1, 0), (1, 2)): [4, 1, 1]
(1, (0, 1, 0), (2, 0)): [4, 0, 1]
(1, (0, 1, 0), (2, 1)): [1, 0, 1]
(1, (0, 1, 0), (2, 2)): [1, 1, 1]
(1, (0, 1, 0), (3, 0)): [2]
(1, (0, 1, 0), (3, 1)): [1, 0, 1]
(1, (0, 1, 0), (3, 2)): [1, 0, 1]
(1, (0, 1, 1), (0, 0)): [270, 216, 204, 90, 28, 10, 4, 4]
(1, (0, 1, 1), (0, 1)): [0, 0, 1]
(1, (0, 1, 1), (1, 0)): [2]
(1, (0, 1, 1), (1, 1)): [1]
(1, (0, 1, 1), (1, 2)): [1]
(1, (0, 1, 1), (2, 0)): [1]
(1, (0, 1, 1), (2, 1)): [1]
(1, (0, 1, 1), (2, 2)): [1]
(1, (0, 1, 1), (3, 1)): [1]
(1, (1, 0, 0), (0, 0)): [4277, 785, 400, 163, 57, 28, 5, 6, 1]
(1, (1, 0, 0), (0, 1)): [12, 1, 2]
(1, (1, 0, 0), (0, 2)): [3, 1, 1]
(1, (1, 0, 0), (1, 0)): [6, 0, 1]
(1, (1, 0, 0), (1, 1)): [7]
(1, (1, 0, 0), (1, 2)): [3, 1]
(1, (1, 0, 0), (2, 0)): [3]
(1, (1, 0, 0), (2, 1)): [3]
(1, (1, 0, 0), (2, 2)): [4]
(1, (1, 0, 0), (3, 0)): [1]
(1, (1, 0, 0), (3, 1)): [2]
(1, (1, 0, 1), (0, 0)): [337, 376, 127, 81, 30, 9, 2, 1, 1]
(1, (1, 0, 1), (0, 1)): [1]
(1, (1, 0, 1), (1, 1)): [1]
(1, (1, 0, 1), (1, 2)): [1]
(1, (1, 1, 0), (0, 0)): [1063, 352, 235, 144, 48, 22, 4, 1, 1]
(1, (1, 1, 0), (0, 1)): [7, 1, 1]
(1, (1, 1, 0), (0, 2)): [1, 0, 1]
(1, (1, 1, 0), (1, 0)): [1, 1, 3]
(1, (1, 1, 0), (1, 1)): [4, 1]
(1, (1, 1, 0), (1, 2)): [2, 1, 1]
(1, (1, 1, 0), (2, 1)): [1]
(1, (1, 1, 0), (2, 2)): [1, 0, 1]
(1, (1, 1, 1), (0, 0)): [197, 193, 110, 90, 44, 23, 6, 4, 2]
(2, (0, 0, 0), (0, 0)): [9387, 301, 110, 24, 2, 6, 1]
(2, (0, 0, 0), (0, 1)): [27]
(2, (0, 0, 0), (0, 2)): [7]
(2, (0, 0, 0), (1, 0)): [25, 1]
(2, (0, 0, 0), (1, 1)): [20]
(2, (0, 0, 0), (1, 2)): [10]
(2, (0, 0, 0), (2, 0)): [7, 1]
(2, (0, 0, 0), (2, 1)): [12]
(2, (0, 0, 0), (2, 2)): [10]
(2, (0, 0, 0), (3, 0)): [2, 1]
(2, (0, 0, 0), (3, 1)): [6]
(2, (0, 0, 0), (3, 2)): [5]
(2, (0, 0, 1), (0, 0)): [1091, 368, 63, 15, 4, 1, 2]
(2, (0, 0, 1), (0, 1)): [1, 1]
(2, (0, 0, 1), (1, 1)): [1]
(2, (0, 0, 1), (1, 2)): [1]
(2, (0, 0, 1), (2, 2)): [1]
(2, (0, 0, 1), (3, 2)): [1]
(2, (0, 1, 0), (0, 0)): [2728, 606, 131, 39, 6, 1, 1, 1]
(2, (0, 1, 0), (0, 1)): [7, 2]
(2, (0, 1, 0), (0, 2)): [2]
(2, (0, 1, 0), (1, 0)): [6]
(2, (0, 1, 0), (1, 1)): [5, 2]
(2, (0, 1, 0), (1, 2)): [2, 1]
(2, (0, 1, 0), (2, 0)): [1]
(2, (0, 1, 0), (2, 1)): [2, 1]
(2, (0, 1, 0), (2, 2)): [4, 1]
(2, (0, 1, 0), (3, 0)): [1]
(2, (0, 1, 0), (3, 2)): [2, 1]
(2, (0, 1, 1), (0, 0)): [712, 69, 144, 48, 11, 8, 1]
(2, (0, 1, 1), (0, 1)): [1]
(2, (0, 1, 1), (1, 0)): [3, 0, 1]
(2, (0, 1, 1), (1, 1)): [2, 0, 1]
(2, (0, 1, 1), (1, 2)): [1, 0, 1]
(2, (0, 1, 1), (2, 0)): [2]
(2, (0, 1, 1), (2, 1)): [2]
(2, (0, 1, 1), (2, 2)): [3]
(2, (0, 1, 1), (3, 0)): [1]
(2, (0, 1, 1), (3, 1)): [1]
(2, (0, 1, 1), (3, 2)): [4]
(2, (1, 0, 0), (0, 0)): [5119, 378, 169, 40, 8, 7, 1]
(2, (1, 0, 0), (0, 1)): [14, 1]
(2, (1, 0, 0), (0, 2)): [6]
(2, (1, 0, 0), (1, 0)): [15]
(2, (1, 0, 0), (1, 1)): [9, 1]
(2, (1, 0, 0), (1, 2)): [6]
(2, (1, 0, 0), (2, 0)): [3]
(2, (1, 0, 0), (2, 1)): [7]
(2, (1, 0, 0), (2, 2)): [3]
(2, (1, 0, 0), (3, 1)): [1]
(2, (1, 0, 0), (3, 2)): [1]
(2, (1, 0, 1), (0, 0)): [781, 237, 102, 43, 11, 6, 1]
(2, (1, 0, 1), (0, 1)): [1]
(2, (1, 0, 1), (1, 0)): [1]
(2, (1, 1, 0), (0, 0)): [1618, 256, 137, 58, 10, 7, 2]
(2, (1, 1, 0), (0, 1)): [4]
(2, (1, 1, 0), (0, 2)): [1]
(2, (1, 1, 0), (1, 0)): [2, 0, 1]
(2, (1, 1, 0), (1, 1)): [2]
(2, (1, 1, 0), (1, 2)): [1]
(2, (1, 1, 0), (2, 0)): [1, 0, 1]
(2, (1, 1, 0), (2, 1)): [1]
(2, (1, 1, 0), (3, 0)): [0, 0, 1]
(2, (1, 1, 0), (3, 1)): [1, 0, 1]
(2, (1, 1, 0), (3, 2)): [1, 0, 1]
(2, (1, 1, 1), (0, 0)): [505, 85, 85, 37, 17, 8, 1]
(2, (1, 1, 1), (1, 0)): [1]
(2, (1, 1, 1), (1, 1)): [1]
(2, (1, 1, 1), (2, 1)): [1]
