(0, (0, 0, 0), (0, 0)): [2044201, 417641, 191987, 87898, 39435, 16878, 6985, 2842, 1154, 499, 223, 106, 37, 21, 5, 1, 1, 1]
(0, (0, 0, 0), (0, 1)): [288139, 56766, 25777, 12190, 5366, 2374, 931, 353, 142, 65, 37, 17, 5, 4, 1, 1]
(0, (0, 0, 0), (0, 2)): [109792, 19132, 8559, 3968, 1713, 752, 293, 105, 42, 23, 8, 4, 3, 0, 1]
(0, (0, 0, 0), (1, 0)): [249016, 56778, 26983, 12603, 5957, 2505, 1118, 443, 183, 59, 32, 15, 2, 5, 1, 0, 1]
(0, (0, 0, 0), (1, 1)): [242966, 50333, 23342, 10964, 4906, 2145, 895, 343, 149, 48, 32, 14, 3, 6, 0, 1, 1]
(0, (0, 0, 0), (1, 2)): [166150, 30207, 13713, 6351, 2783, 1198, 492, 189, 84, 29, 11, 8, 5, 1, 1]
(0, (0, 0, 0), (2, 0)): [80073, 20186, 10293, 4891, 2413, 988, 439, 194, 68, 25, 15, 7, 1, 2, 1]
(0, (0, 0, 0), (2, 1)): [125336, 28314, 13894, 6510, 3071, 1325, 528, 239, 87, 32, 22, 9, 1, 3, 0, 0, 1]
(0, (0, 0, 0), (2, 2)): [131806, 26075, 12302, 5771, 2593, 1089, 452, 182, 85, 26, 12, 5, 4, 2, 1, 0, 1]
(0, (0, 0, 0), (3, 0)): [23362, 6751, 3952, 1985, 1003, 410, 184, 80, 29, 9, 8, 2, 0, 2, 1]
(0, (0, 0, 0), (3, 1)): [47735, 12759, 6868, 3369, 1639, 713, 281, 145, 56, 18, 7, 7, 1, 3, 1]
(0, (0, 0, 0), (3, 2)): [69722, 16105, 8488, 4016, 1913, 820, 324, 146, 62, 24, 8, 9, 4, 2, 1, 0, 1]
(0, (0, 0, 1), (0, 0)): [7815, 24061, 6627, 3188, 1540, 662, 294, 124, 48, 29, 16, 3, 4, 3]
(0, (0, 0, 1), (0, 1)): [771, 2418, 674, 302, 158, 66, 32, 13, 6, 3, 3, 0, 0, 1]
(0, (0, 0, 1), (0, 2)): [346, 903, 226, 105, 49, 27, 10, 4, 4]
(0, (0, 0, 1), (1, 0)): [770, 2666, 780, 434, 208, 99, 38, 14, 5, 4, 5]
(0, (0, 0, 1), (1, 1)): [710, 2224, 633, 293, 168, 74, 30, 12, 2, 6, 3, 0, 0, 1]
(0, (0, 0, 1), (1, 2)): [552, 1428, 370, 171, 84, 46, 14, 7, 2, 3, 2]
(0, (0, 0, 1), (2, 0)): [277, 1000, 314, 199, 85, 42, 15, 8, 3, 1, 3]
(0, (0, 0, 1), (2, 1)): [376, 1265, 391, 216, 115, 50, 24, 9, 4, 3, 2]
(0, (0, 0, 1), (2, 2)): [492, 1280, 351, 171, 99, 42, 15, 5, 1, 2, 2]
(0, (0, 0, 1), (3, 0)): [82, 343, 108, 82, 35, 17, 7, 2, 1, 0, 1]
(0, (0, 0, 1), (3, 1)): [149, 579, 179, 130, 65, 25, 12, 4, 2, 2]
(0, (0, 0, 1), (3, 2)): [281, 800, 221, 147, 88, 32, 8, 2, 3, 1, 1]
(0, (0, 1, 0), (0, 0)): [74955, 70539, 27603, 13620, 6521, 2792, 1200, 501, 204, 111, 40, 17, 6, 6, 3, 0, 1]
(0, (0, 1, 0), (0, 1)): [10566, 9503, 3778, 1765, 854, 352, 175, 66, 26, 14, 4, 4, 1, 1, 1]
(0, (0, 1, 0), (0, 2)): [4309, 3255, 1298, 557, 283, 117, 63, 21, 9, 3, 0, 1, 1]
(0, (0, 1, 0), (1, 0)): [10320, 9945, 4178, 2279, 1068, 492, 193, 91, 32, 13, 7, 3, 2, 2, 1, 0, 1]
(0, (0, 1, 0), (1, 1)): [9206, 8298, 3385, 1713, 800, 340, 153, 68, 17, 16, 6, 3, 0, 2, 1]
(0, (0, 1, 0), (1, 2)): [6429, 5053, 2096, 998, 455, 189, 84, 46, 10, 6, 2, 3, 1, 0, 1]
(0, (0, 1, 0), (2, 0)): [3765, 3554, 1577, 944, 420, 228, 79, 39, 15, 3, 1, 3, 2, 1, 0, 0, 1]
(0, (0, 1, 0), (2, 1)): [5035, 4640, 1980, 1025, 488, 245, 100, 39, 12, 11, 1, 1, 1, 1, 0, 0, 1]
(0, (0, 1, 0), (2, 2)): [5503, 4270, 1899, 869, 411, 184, 80, 37, 10, 6, 2, 2, 1, 0, 1, 0, 1]
(0, (0, 1, 0), (3, 0)): [1301, 1065, 537, 389, 178, 93, 41, 20, 8, 1, 0, 1, 1]
(0, (0, 1, 0), (3, 1)): [2192, 1922, 908, 603, 279, 140, 52, 21, 3, 3, 0, 1, 0, 1]
(0, (0, 1, 0), (3, 2)): [3203, 2498, 1220, 646, 308, 151, 70, 29, 6, 5, 2, 0, 0, 0, 1, 0, 1]
(0, (0, 1, 1), (0, 0)): [6008, 10557, 12568, 5856, 3072, 1469, 633, 266, 143, 61, 17, 11, 3, 4, 2, 0, 1, 1]
(0, (0, 1, 1), (0, 1)): [826, 1371, 1555, 695, 375, 177, 93, 26, 16, 8, 3, 2, 1, 0, 0, 0, 1]
(0, (0, 1, 1), (0, 2)): [381, 510, 564, 262, 133, 69, 35, 14, 2, 3, 0, 1]
(0, (0, 1, 1), (1, 0)): [785, 1528, 1832, 930, 479, 246, 97, 36, 28, 6, 3, 3, 0, 1, 1]
(0, (0, 1, 1), (1, 1)): [699, 1248, 1441, 649, 353, 158, 69, 22, 17, 4, 4, 0, 1, 0, 0, 0, 1]
(0, (0, 1, 1), (1, 2)): [569, 784, 866, 389, 228, 108, 44, 13, 8, 2, 1, 1, 0, 0, 0, 0, 1]
(0, (0, 1, 1), (2, 0)): [307, 665, 698, 401, 235, 131, 43, 16, 17, 5, 1, 1, 0, 1, 1]
(0, (0, 1, 1), (2, 1)): [347, 692, 808, 395, 183, 89, 36, 16, 11, 7, 2, 0, 1, 0, 1]
(0, (0, 1, 1), (2, 2)): [447, 700, 736, 352, 182, 92, 34, 13, 8, 6, 2, 1, 0, 0, 0, 0, 1]
(0, (0, 1, 1), (3, 0)): [160, 316, 297, 196, 137, 75, 23, 8, 11, 1, 1, 1, 0, 1]
(0, (0, 1, 1), (3, 1)): [140, 272, 321, 180, 120, 53, 21, 8, 11, 2, 0, 0, 0, 0, 1]
(0, (0, 1, 1), (3, 2)): [254, 371, 431, 239, 120, 73, 30, 11, 12, 2, 2, 0, 0, 0, 0, 0, 1]
(0, (1, 0, 0), (0, 0)): [431479, 144269, 92713, 46183, 22143, 9927, 4130, 1757, 743, 319, 155, 60, 24, 16, 3, 1, 1, 1]
(0, (1, 0, 0), (0, 1)): [54904, 16579, 11177, 5573, 2696, 1219, 495, 194, 101, 33, 15, 6, 1, 3]
(0, (1, 0, 0), (0, 2)): [20714, 5427, 3760, 1783, 832, 366, 175, 61, 30, 10, 6, 2]
(0, (1, 0, 0), (1, 0)): [48648, 17267, 12154, 6381, 3182, 1432, 592, 260, 102, 48, 29, 9, 1, 5, 1, 0, 1]
(0, (1, 0, 0), (1, 1)): [42242, 13562, 9334, 4806, 2265, 1069, 423, 173, 78, 37, 14, 4, 1, 3]
(0, (1, 0, 0), (1, 2)): [27484, 7661, 5377, 2667, 1243, 548, 237, 92, 47, 15, 4, 2]
(0, (1, 0, 0), (2, 0)): [15130, 5884, 4309, 2418, 1252, 578, 235, 107, 34, 21, 15, 2, 1, 3, 0, 0, 1]
(0, (1, 0, 0), (2, 1)): [20534, 7174, 5026, 2707, 1305, 620, 249, 104, 46, 25, 12, 4, 0, 5, 0, 0, 1]
(0, (1, 0, 0), (2, 2)): [20015, 6100, 4278, 2123, 1040, 427, 207, 85, 42, 20, 8, 2, 0, 2]
(0, (1, 0, 0), (3, 0)): [3893, 1835, 1414, 950, 499, 229, 95, 40, 15, 10, 5, 1]
(0, (1, 0, 0), (3, 1)): [7281, 3012, 2208, 1404, 696, 351, 138, 58, 23, 12, 9, 2, 0, 2]
(0, (1, 0, 0), (3, 2)): [9370, 3548, 2449, 1421, 706, 300, 143, 66, 31, 16, 6, 1, 0, 1]
(0, (1, 0, 1), (0, 0)): [10164, 31041, 12724, 8991, 4750, 2202, 1035, 419, 207, 82, 44, 19, 8, 3, 2, 0, 0, 1]
(0, (1, 0, 1), (0, 1)): [1296, 3631, 1481, 1103, 560, 273, 125, 37, 23, 8, 2, 1, 3, 1]
(0, (1, 0, 1), (0, 2)): [601, 1284, 513, 371, 184, 93, 39, 11, 6, 1, 0, 1, 1, 1]
(0, (1, 0, 1), (1, 0)): [1144, 3777, 1570, 1181, 653, 323, 122, 62, 33, 15, 11, 1, 0, 1, 1]
(0, (1, 0, 1), (1, 1)): [1035, 2913, 1223, 902, 474, 212, 94, 43, 26, 9, 6]
(0, (1, 0, 1), (1, 2)): [820, 1708, 712, 496, 267, 111, 53, 21, 11, 3, 1, 1, 1]
(0, (1, 0, 1), (2, 0)): [384, 1278, 545, 416, 237, 135, 47, 19, 8, 8, 5, 1]
(0, (1, 0, 1), (2, 1)): [498, 1504, 645, 489, 243, 136, 49, 19, 16, 8, 5]
(0, (1, 0, 1), (2, 2)): [619, 1323, 564, 413, 211, 108, 51, 22, 4, 4, 3]
(0, (1, 0, 1), (3, 0)): [128, 385, 193, 118, 92, 61, 18, 7, 2, 2, 1, 1]
(0, (1, 0, 1), (3, 1)): [193, 507, 282, 207, 141, 74, 20, 7, 10, 6, 2]
(0, (1, 0, 1), (3, 2)): [304, 655, 357, 236, 151, 87, 30, 12, 8, 9, 4]
(0, (1, 1, 0), (0, 0)): [60864, 38712, 28850, 20921, 11152, 5240, 2219, 1031, 428, 197, 92, 35, 12, 5, 0, 0, 1]
(0, (1, 1, 0), (0, 1)): [8750, 4864, 3308, 2569, 1479, 625, 292, 123, 45, 15, 12, 5, 0, 1, 0, 0, 1]
(0, (1, 1, 0), (0, 2)): [3557, 1674, 1110, 860, 483, 213, 89, 47, 19, 8, 3]
(0, (1, 1, 0), (1, 0)): [6932, 4609, 3483, 2752, 1424, 755, 304, 133, 57, 26, 11, 5, 2, 2]
(0, (1, 1, 0), (1, 1)): [6466, 3736, 2740, 2161, 1129, 543, 222, 92, 28, 13, 9, 2, 2, 2, 0, 0, 1]
(0, (1, 1, 0), (1, 2)): [4615, 2258, 1570, 1316, 665, 286, 116, 54, 19, 13, 3, 1, 0, 1, 0, 0, 1]
(0, (1, 1, 0), (2, 0)): [2046, 1557, 1198, 932, 552, 299, 134, 58, 30, 12, 6, 4, 0, 1]
(0, (1, 1, 0), (2, 1)): [2991, 1916, 1482, 1124, 628, 297, 134, 54, 29, 9, 9, 3, 2]
(0, (1, 1, 0), (2, 2)): [3245, 1752, 1277, 1021, 533, 253, 103, 47, 19, 11, 3, 1, 0, 0, 0, 0, 1]
(0, (1, 1, 0), (3, 0)): [476, 499, 420, 318, 213, 126, 53, 25, 11, 6, 2, 2, 0, 1]
(0, (1, 1, 0), (3, 1)): [1058, 812, 669, 524, 329, 191, 83, 28, 18, 8, 5, 1, 2]
(0, (1, 1, 0), (3, 2)): [1522, 977, 793, 647, 362, 189, 77, 39, 15, 6, 3, 0, 0, 0, 0, 0, 1]
(0, (1, 1, 1), (0, 0)): [5822, 11389, 9240, 6810, 5535, 2772, 1263, 600, 292, 124, 63, 21, 7, 4, 1, 0, 1]
(0, (1, 1, 1), (0, 1)): [900, 1559, 1258, 852, 730, 373, 155, 74, 47, 18, 6, 3, 2, 1]
(0, (1, 1, 1), (0, 2)): [476, 619, 458, 298, 255, 132, 46, 24, 16, 6, 3, 1, 1]
(0, (1, 1, 1), (1, 0)): [606, 1448, 1188, 862, 729, 395, 164, 59, 40, 16, 9, 4, 0, 1, 0, 0, 1]
(0, (1, 1, 1), (1, 1)): [596, 1261, 1023, 702, 584, 328, 138, 65, 34, 16, 6, 2, 1, 1, 0, 0, 1]
(0, (1, 1, 1), (1, 2)): [544, 867, 658, 436, 370, 186, 79, 34, 19, 6, 4, 2, 0, 1, 0, 0, 1]
(0, (1, 1, 1), (2, 0)): [172, 423, 394, 305, 279, 146, 53, 24, 10, 5, 3, 2, 0, 1]
(0, (1, 1, 1), (2, 1)): [277, 578, 498, 366, 298, 175, 66, 38, 22, 9, 3, 0, 1]
(0, (1, 1, 1), (2, 2)): [349, 618, 508, 352, 280, 156, 62, 35, 17, 8, 2, 1, 1]
(0, (1, 1, 1), (3, 0)): [36, 122, 103, 110, 84, 56, 24, 13, 2, 2, 2, 1, 0, 1]
(0, (1, 1, 1), (3, 1)): [87, 215, 209, 158, 128, 76, 40, 13, 6, 3, 2, 1, 0, 1]
(0, (1, 1, 1), (3, 2)): [142, 304, 286, 211, 176, 92, 57, 20, 12, 5, 2, 1, 1, 1]
(1, (0, 0, 0), (0, 0)): [1666256, 185604, 76031, 30174, 11793, 4511, 1733, 634, 222, 92, 34, 22, 7, 3, 0, 1]
(1, (0, 0, 0), (0, 1)): [237417, 25175, 10213, 4067, 1627, 605, 220, 93, 22, 9, 3, 4, 0, 1]
(1, (0, 0, 0), (0, 2)): [90833, 8169, 3306, 1236, 486, 177, 56, 26, 3, 3, 0, 3]
(1, (0, 0, 0), (1, 0)): [213608, 27399, 11612, 4704, 1889, 724, 285, 92, 33, 15, 4, 3, 0, 0, 0, 1]
(1, (0, 0, 0), (1, 1)): [205382, 23295, 9595, 3850, 1564, 565, 239, 90, 28, 9, 4, 1, 0, 1]
(1, (0, 0, 0), (1, 2)): [138647, 13270, 5350, 2118, 879, 326, 119, 36, 12, 5, 0, 2]
(1, (0, 0, 0), (2, 0)): [71380, 10309, 4687, 1945, 796, 322, 126, 39, 12, 8, 2, 2, 0, 0, 0, 1]
(1, (0, 0, 0), (2, 1)): [109018, 13819, 6030, 2397, 1018, 375, 134, 65, 13, 10, 5, 1]
(1, (0, 0, 0), (2, 2)): [113082, 11967, 5127, 2091, 855, 317, 105, 44, 16, 7, 1]
(1, (0, 0, 0), (3, 0)): [21220, 3457, 1926, 832, 315, 144, 68, 14, 8, 4, 1, 1, 0, 0, 0, 1]
(1, (0, 0, 0), (3, 1)): [43562, 6630, 3307, 1396, 582, 222, 84, 33, 6, 5, 3]
(1, (0, 0, 0), (3, 2)): [62231, 7993, 3841, 1623, 684, 248, 82, 37, 10, 7, 3]
(1, (0, 0, 1), (0, 0)): [45907, 66191, 13198, 5712, 2350, 961, 372, 140, 66, 24, 13, 8, 4, 2]
(1, (0, 0, 1), (0, 1)): [5773, 7158, 1487, 587, 214, 99, 48, 12, 3, 0, 2, 1]
(1, (0, 0, 1), (0, 2)): [2539, 2361, 457, 170, 73, 31, 18, 2, 2, 0, 0, 1]
(1, (0, 0, 1), (1, 0)): [6223, 9243, 1954, 976, 396, 172, 55, 22, 15, 4, 1, 1]
(1, (0, 0, 1), (1, 1)): [5365, 6901, 1424, 629, 245, 99, 35, 12, 5, 2, 1, 1]
(1, (0, 0, 1), (1, 2)): [4005, 3841, 749, 326, 137, 53, 24, 4, 4, 0, 0, 2]
(1, (0, 0, 1), (2, 0)): [2564, 3759, 882, 496, 201, 88, 34, 14, 9, 2, 1]
(1, (0, 0, 1), (2, 1)): [3060, 4142, 907, 441, 173, 74, 22, 12, 6, 2, 1]
(1, (0, 0, 1), (2, 2)): [3504, 3510, 747, 348, 126, 54, 25, 7, 3, 0, 1, 2]
(1, (0, 0, 1), (3, 0)): [1203, 1511, 405, 272, 114, 50, 17, 7, 2, 0, 1]
(1, (0, 0, 1), (3, 1)): [1363, 1767, 458, 248, 101, 45, 15, 8, 3, 1]
(1, (0, 0, 1), (3, 2)): [2135, 2175, 528, 281, 115, 52, 23, 9, 3, 0, 1]
(1, (0, 1, 0), (0, 0)): [227697, 99608, 36558, 15843, 6398, 2576, 896, 399, 118, 57, 31, 9, 10, 2, 1]
(1, (0, 1, 0), (0, 1)): [29605, 11714, 4339, 1831, 716, 332, 109, 48, 13, 8, 5, 0, 1]
(1, (0, 1, 0), (0, 2)): [11544, 4100, 1443, 569, 207, 112, 36, 15, 3, 3, 0, 0, 1]
(1, (0, 1, 0), (1, 0)): [32533, 13706, 5545, 2744, 1145, 444, 165, 77, 24, 11, 6, 0, 0, 1]
(1, (0, 1, 0), (1, 1)): [27151, 10767, 4137, 1893, 789, 317, 107, 39, 14, 4, 5, 0, 0, 1]
(1, (0, 1, 0), (1, 2)): [18120, 6430, 2327, 987, 360, 166, 59, 28, 7, 6]
(1, (0, 1, 0), (2, 0)): [13658, 5558, 2454, 1403, 595, 229, 88, 48, 13, 7, 5]
(1, (0, 1, 0), (2, 1)): [15768, 6299, 2660, 1304, 569, 206, 75, 35, 9, 5, 3, 0, 0, 1]
(1, (0, 1, 0), (2, 2)): [15818, 5637, 2202, 965, 400, 168, 56, 23, 8, 5, 1]
(1, (0, 1, 0), (3, 0)): [6208, 2291, 1093, 773, 347, 134, 53, 24, 9, 3, 2]
(1, (0, 1, 0), (3, 1)): [7453, 2774, 1327, 806, 372, 123, 53, 27, 11, 2, 2, 0, 0, 1]
(1, (0, 1, 0), (3, 2)): [9786, 3441, 1548, 829, 368, 131, 50, 22, 5, 6, 2, 0, 0, 1]
(1, (0, 1, 1), (0, 0)): [35632, 29956, 26247, 10632, 5494, 2147, 858, 339, 153, 52, 14, 7, 2, 2, 0, 1]
(1, (0, 1, 1), (0, 1)): [4061, 3123, 2649, 1098, 503, 175, 90, 38, 10, 2, 1]
(1, (0, 1, 1), (0, 2)): [1898, 1012, 934, 395, 192, 54, 32, 16, 2, 1, 1]
(1, (0, 1, 1), (1, 0)): [5334, 4870, 3681, 1639, 1040, 400, 161, 65, 26, 12, 1]
(1, (0, 1, 1), (1, 1)): [3507, 2876, 2372, 972, 482, 167, 74, 31, 13, 5]
(1, (0, 1, 1), (1, 2)): [2846, 1651, 1472, 594, 303, 92, 45, 23, 5, 4, 1]
(1, (0, 1, 1), (2, 0)): [3027, 2622, 1896, 939, 701, 282, 115, 46, 18, 7, 1]
(1, (0, 1, 1), (2, 1)): [1911, 1638, 1332, 608, 306, 119, 52, 16, 7, 3]
(1, (0, 1, 1), (2, 2)): [2346, 1429, 1268, 546, 280, 79, 37, 14, 5, 2]
(1, (0, 1, 1), (3, 0)): [2201, 1757, 1176, 649, 579, 226, 90, 39, 15, 6, 1]
(1, (0, 1, 1), (3, 1)): [832, 731, 581, 274, 163, 84, 32, 13, 5, 3]
(1, (0, 1, 1), (3, 2)): [1332, 923, 699, 353, 215, 71, 28, 15, 6, 3]
(1, (1, 0, 0), (0, 0)): [625041, 111174, 72392, 30910, 12631, 5018, 1986, 719, 281, 120, 45, 30, 5, 3, 0, 2]
(1, (1, 0, 0), (0, 1)): [80002, 12757, 8666, 3745, 1504, 605, 247, 89, 23, 13, 6, 4]
(1, (1, 0, 0), (0, 2)): [29937, 4106, 2766, 1116, 454, 197, 84, 21, 4, 4, 2]
(1, (1, 0, 0), (1, 0)): [76273, 14580, 10328, 4642, 1948, 777, 322, 115, 34, 20, 6, 2, 1, 0, 0, 1]
(1, (1, 0, 0), (1, 1)): [65015, 11156, 7717, 3430, 1365, 532, 214, 81, 27, 12, 6, 5, 0, 0, 0, 1]
(1, (1, 0, 0), (1, 2)): [42013, 6222, 4257, 1825, 718, 278, 114, 43, 10, 5, 4, 1]
(1, (1, 0, 0), (2, 0)): [24909, 5170, 3796, 1893, 808, 325, 144, 46, 17, 6, 1, 0, 1]
(1, (1, 0, 0), (2, 1)): [32733, 6147, 4331, 2117, 827, 353, 139, 44, 18, 6, 4, 3, 0, 0, 0, 1]
(1, (1, 0, 0), (2, 2)): [31678, 5148, 3486, 1611, 646, 270, 105, 39, 9, 4, 3, 1]
(1, (1, 0, 0), (3, 0)): [7027, 1716, 1186, 750, 347, 132, 65, 16, 5, 4, 0, 0, 1]
(1, (1, 0, 0), (3, 1)): [12582, 2864, 1949, 1123, 464, 180, 85, 19, 10, 4, 2, 1, 0, 0, 0, 1]
(1, (1, 0, 0), (3, 2)): [15933, 3312, 2092, 1132, 457, 196, 84, 22, 12, 4, 4, 2, 0, 0, 0, 1]
(1, (1, 0, 1), (0, 0)): [50888, 58447, 18870, 12782, 5555, 2268, 887, 355, 123, 69, 21, 7, 1, 1]
(1, (1, 0, 1), (0, 1)): [7093, 6435, 2064, 1441, 631, 261, 94, 28, 19, 7, 3, 0, 1]
(1, (1, 0, 1), (0, 2)): [3077, 2066, 703, 492, 216, 86, 37, 16, 7, 3, 2]
(1, (1, 0, 1), (1, 0)): [6313, 7194, 2416, 1756, 828, 336, 128, 64, 18, 13, 0, 1]
(1, (1, 0, 1), (1, 1)): [5571, 5375, 1762, 1255, 525, 229, 75, 23, 11, 4, 0, 1, 1]
(1, (1, 0, 1), (1, 2)): [4050, 2980, 1024, 725, 291, 129, 35, 24, 8, 3, 2]
(1, (1, 0, 1), (2, 0)): [2174, 2394, 873, 641, 360, 140, 52, 31, 6, 6]
(1, (1, 0, 1), (2, 1)): [2743, 2746, 930, 682, 340, 121, 53, 19, 8, 3, 0, 1]
(1, (1, 0, 1), (2, 2)): [2935, 2284, 853, 576, 278, 94, 41, 19, 8, 2, 1]
(1, (1, 0, 1), (3, 0)): [742, 810, 308, 222, 151, 65, 19, 9, 1, 3]
(1, (1, 0, 1), (3, 1)): [1047, 1099, 428, 299, 177, 79, 21, 12, 2, 2, 0, 1]
(1, (1, 0, 1), (3, 2)): [1460, 1305, 539, 362, 216, 82, 29, 13, 7, 2, 0, 1]
(1, (1, 1, 0), (0, 0)): [174699, 53168, 35540, 25802, 10839, 4512, 1758, 700, 271, 112, 43, 23, 9, 5, 1]
(1, (1, 1, 0), (0, 1)): [24775, 6554, 4155, 3217, 1362, 566, 203, 81, 31, 13, 7, 3]
(1, (1, 1, 0), (0, 2)): [9957, 2318, 1383, 1091, 437, 185, 52, 24, 9, 1, 2]
(1, (1, 1, 0), (1, 0)): [21455, 7067, 4745, 3707, 1599, 669, 296, 103, 29, 19, 9, 3, 2, 1]
(1, (1, 1, 0), (1, 1)): [19562, 5637, 3740, 2849, 1247, 497, 199, 77, 23, 21, 7, 3]
(1, (1, 1, 0), (1, 2)): [13829, 3394, 2114, 1668, 695, 230, 80, 46, 11, 4, 6, 2]
(1, (1, 1, 0), (2, 0)): [6860, 2553, 1684, 1327, 658, 303, 129, 44, 14, 6, 5, 1, 2, 1]
(1, (1, 1, 0), (2, 1)): [9668, 3107, 2116, 1599, 751, 350, 149, 39, 17, 8, 6, 1, 1]
(1, (1, 1, 0), (2, 2)): [10423, 2844, 1791, 1384, 651, 254, 99, 41, 11, 5, 3, 2]
(1, (1, 1, 0), (3, 0)): [1753, 938, 611, 391, 265, 123, 47, 23, 4, 3, 1, 1, 1]
(1, (1, 1, 0), (3, 1)): [3562, 1487, 1037, 740, 422, 195, 75, 23, 9, 5, 4, 1, 1]
(1, (1, 1, 0), (3, 2)): [5101, 1764, 1219, 863, 487, 182, 72, 29, 7, 5, 2, 1, 1]
(1, (1, 1, 1), (0, 0)): [35683, 28573, 18013, 11768, 8914, 3777, 1543, 589, 240, 86, 28, 19, 9, 4, 1, 1]
(1, (1, 1, 1), (0, 1)): [5405, 3697, 2268, 1447, 1162, 468, 197, 74, 32, 9, 3, 1, 0, 1]
(1, (1, 1, 1), (0, 2)): [2539, 1270, 805, 514, 390, 139, 63, 21, 5, 5, 2, 0, 0, 1]
(1, (1, 1, 1), (1, 0)): [4096, 3715, 2287, 1471, 1265, 547, 247, 85, 33, 12, 3, 4, 2]
(1, (1, 1, 1), (1, 1)): [4004, 3052, 1914, 1238, 990, 416, 189, 72, 31, 7, 2, 3]
(1, (1, 1, 1), (1, 2)): [3183, 1764, 1173, 744, 576, 243, 103, 41, 14, 5, 1, 3, 0, 1]
(1, (1, 1, 1), (2, 0)): [1063, 1238, 789, 498, 461, 224, 98, 39, 10, 5, 2, 1, 1]
(1, (1, 1, 1), (2, 1)): [1701, 1621, 973, 624, 509, 253, 110, 38, 15, 4, 2, 1]
(1, (1, 1, 1), (2, 2)): [2137, 1440, 940, 614, 486, 208, 98, 35, 12, 7, 1, 2, 0, 1]
(1, (1, 1, 1), (3, 0)): [183, 386, 259, 183, 143, 74, 36, 16, 4, 2, 0, 0, 1]
(1, (1, 1, 1), (3, 1)): [441, 683, 443, 274, 241, 131, 40, 21, 9, 2, 1, 0, 1]
(1, (1, 1, 1), (3, 2)): [838, 843, 556, 367, 289, 148, 61, 27, 8, 3, 2, 1, 0, 1]
(2, (0, 0, 0), (0, 0)): [1453627, 68170, 22758, 7228, 2412, 772, 257, 89, 15, 7, 5, 0, 1]
(2, (0, 0, 0), (0, 1)): [206007, 8718, 2905, 931, 334, 94, 33, 11, 3]
(2, (0, 0, 0), (0, 2)): [78101, 2327, 803, 263, 99, 22, 2, 5]
(2, (0, 0, 0), (1, 0)): [193730, 11370, 3991, 1221, 435, 123, 43, 14, 2, 0, 0, 0, 1]
(2, (0, 0, 0), (1, 1)): [182217, 8810, 3068, 921, 340, 102, 39, 8, 3]
(2, (0, 0, 0), (1, 2)): [120607, 4149, 1480, 485, 164, 50, 16, 6, 1]
(2, (0, 0, 0), (2, 0)): [68432, 4511, 1865, 549, 199, 55, 19, 7, 1, 0, 0, 0, 1]
(2, (0, 0, 0), (2, 1)): [101046, 5714, 2209, 615, 219, 62, 25, 7, 2]
(2, (0, 0, 0), (2, 2)): [102805, 4299, 1654, 487, 170, 55, 16, 6, 1]
(2, (0, 0, 0), (3, 0)): [21566, 1517, 859, 255, 93, 31, 8, 4, 0, 0, 0, 0, 1]
(2, (0, 0, 0), (3, 1)): [42604, 2872, 1393, 423, 136, 38, 11, 6, 1]
(2, (0, 0, 0), (3, 2)): [59983, 3258, 1523, 450, 154, 52, 14, 6, 2]
(2, (0, 0, 1), (0, 0)): [137988, 41198, 8582, 2911, 1030, 352, 101, 35, 8, 5, 0, 2]
(2, (0, 0, 1), (0, 1)): [18347, 4447, 1003, 316, 107, 43, 13, 4, 1, 2]
(2, (0, 0, 1), (0, 2)): [7279, 1345, 295, 91, 30, 11, 4, 0, 0, 1]
(2, (0, 0, 1), (1, 0)): [20996, 5777, 1483, 560, 209, 69, 19, 9, 2, 1, 0, 1]
(2, (0, 0, 1), (1, 1)): [17333, 4288, 995, 356, 130, 45, 9, 6, 1, 1]
(2, (0, 0, 1), (1, 2)): [11820, 2244, 499, 150, 65, 24, 6, 2, 0, 1]
(2, (0, 0, 1), (2, 0)): [9172, 2458, 732, 324, 120, 39, 12, 4, 1, 1, 0, 1]
(2, (0, 0, 1), (2, 1)): [10450, 2722, 736, 299, 110, 29, 9, 6, 0, 2]
(2, (0, 0, 1), (2, 2)): [10795, 2203, 579, 192, 79, 26, 5, 2]
(2, (0, 0, 1), (3, 0)): [4384, 1019, 358, 196, 63, 24, 8, 1, 1, 0, 0, 1]
(2, (0, 0, 1), (3, 1)): [4945, 1317, 396, 212, 68, 21, 8, 4, 0, 1]
(2, (0, 0, 1), (3, 2)): [6896, 1521, 456, 203, 74, 19, 7, 2, 0, 1]
(2, (0, 1, 0), (0, 0)): [363247, 75864, 21042, 7419, 2499, 813, 256, 79, 18, 12, 7, 0, 1]
(2, (0, 1, 0), (0, 1)): [47346, 8309, 2330, 735, 286, 74, 25, 6, 4, 3, 1]
(2, (0, 1, 0), (0, 2)): [18654, 2469, 694, 196, 81, 14, 8, 1, 1, 1]
(2, (0, 1, 0), (1, 0)): [55034, 10870, 3699, 1539, 508, 166, 56, 21, 0, 1, 0, 0, 1]
(2, (0, 1, 0), (1, 1)): [44314, 8021, 2439, 859, 312, 89, 37, 12, 3, 2, 1]
(2, (0, 1, 0), (1, 2)): [29673, 4194, 1145, 396, 145, 32, 17, 6, 0, 1]
(2, (0, 1, 0), (2, 0)): [24881, 4711, 1812, 919, 316, 97, 24, 11, 0, 1, 0, 0, 1]
(2, (0, 1, 0), (2, 1)): [26544, 5042, 1743, 671, 246, 68, 22, 5, 2, 2, 1, 0, 1]
(2, (0, 1, 0), (2, 2)): [26739, 4056, 1193, 465, 177, 41, 22, 7, 0, 2]
(2, (0, 1, 0), (3, 0)): [12733, 2060, 918, 617, 197, 61, 18, 11, 0, 1]
(2, (0, 1, 0), (3, 1)): [12405, 2368, 971, 480, 168, 52, 15, 5, 2, 1, 1, 0, 1]
(2, (0, 1, 0), (3, 2)): [16925, 2674, 990, 510, 174, 48, 26, 7, 0, 1, 0, 0, 1]
(2, (0, 1, 1), (0, 0)): [83792, 7124, 17808, 5075, 1993, 658, 208, 70, 23, 6, 4, 1, 0, 1]
(2, (0, 1, 1), (0, 1)): [11040, 696, 1918, 541, 180, 69, 14, 8, 1, 1]
(2, (0, 1, 1), (0, 2)): [4628, 240, 586, 166, 65, 18, 4, 1, 0, 1]
(2, (0, 1, 1), (1, 0)): [13116, 1266, 2531, 943, 430, 151, 44, 16, 4, 0, 2]
(2, (0, 1, 1), (1, 1)): [10117, 709, 1834, 571, 203, 87, 19, 10, 3]
(2, (0, 1, 1), (1, 2)): [7465, 407, 1015, 294, 113, 34, 6, 3, 0, 1]
(2, (0, 1, 1), (2, 0)): [6374, 724, 1154, 508, 283, 92, 26, 11, 1, 0, 2]
(2, (0, 1, 1), (2, 1)): [5939, 480, 1129, 378, 167, 67, 13, 6, 3, 0, 1]
(2, (0, 1, 1), (2, 2)): [6610, 447, 958, 308, 122, 51, 8, 4, 2]
(2, (0, 1, 1), (3, 0)): [3765, 501, 597, 305, 197, 68, 21, 10, 0, 0, 1]
(2, (0, 1, 1), (3, 1)): [2840, 260, 522, 209, 108, 43, 12, 7, 1, 0, 1]
(2, (0, 1, 1), (3, 2)): [4198, 356, 657, 250, 116, 55, 9, 7, 3]
(2, (1, 0, 0), (0, 0)): [757402, 55059, 36567, 11641, 3837, 1227, 462, 136, 31, 13, 7, 1, 1]
(2, (1, 0, 0), (0, 1)): [96364, 5942, 4137, 1342, 460, 156, 60, 23, 8, 0, 0, 1]
(2, (1, 0, 0), (0, 2)): [35846, 1596, 1069, 368, 127, 32, 19, 4, 4]
(2, (1, 0, 0), (1, 0)): [94800, 7891, 5676, 1951, 683, 190, 79, 21, 4, 1, 0, 0, 1]
(2, (1, 0, 0), (1, 1)): [81137, 5475, 3862, 1305, 436, 138, 50, 17, 4]
(2, (1, 0, 0), (1, 2)): [51914, 2597, 1722, 638, 216, 57, 23, 6, 4]
(2, (1, 0, 0), (2, 0)): [32055, 3106, 2150, 919, 309, 87, 37, 14, 3, 1, 0, 0, 1]
(2, (1, 0, 0), (2, 1)): [42557, 3373, 2395, 877, 292, 93, 38, 11, 1, 0, 0, 0, 1]
(2, (1, 0, 0), (2, 2)): [40781, 2537, 1655, 607, 225, 64, 30, 5, 3]
(2, (1, 0, 0), (3, 0)): [9512, 1159, 706, 429, 140, 38, 14, 6, 2, 1]
(2, (1, 0, 0), (3, 1)): [17234, 1774, 1165, 593, 163, 54, 20, 6, 1, 1, 0, 0, 1]
(2, (1, 0, 0), (3, 2)): [21696, 1872, 1204, 549, 176, 61, 21, 8, 1, 1, 0, 0, 1]
(2, (1, 0, 1), (0, 0)): [132944, 31483, 12464, 7795, 2595, 841, 283, 88, 30, 9, 2, 4, 1]
(2, (1, 0, 1), (0, 1)): [18644, 3618, 1354, 915, 325, 105, 32, 7, 4, 1, 1, 1]
(2, (1, 0, 1), (0, 2)): [7494, 1093, 390, 251, 96, 24, 7, 2, 1]
(2, (1, 0, 1), (1, 0)): [18169, 4044, 1827, 1320, 490, 138, 52, 14, 1, 1, 0, 1]
(2, (1, 0, 1), (1, 1)): [15661, 3132, 1316, 864, 345, 108, 38, 9, 3, 1, 1, 2]
(2, (1, 0, 1), (1, 2)): [10658, 1634, 667, 417, 164, 51, 20, 4, 3, 0, 0, 1]
(2, (1, 0, 1), (2, 0)): [6570, 1437, 761, 533, 214, 60, 21, 8, 1]
(2, (1, 0, 1), (2, 1)): [8536, 1703, 819, 518, 253, 77, 20, 8, 0, 1, 0, 1]
(2, (1, 0, 1), (2, 2)): [8302, 1324, 626, 374, 155, 56, 20, 4, 3, 0, 0, 1]
(2, (1, 0, 1), (3, 0)): [2207, 449, 311, 205, 83, 21, 13, 3, 1]
(2, (1, 0, 1), (3, 1)): [3697, 697, 417, 270, 156, 31, 17, 4, 1, 1]
(2, (1, 0, 1), (3, 2)): [4680, 710, 489, 259, 151, 46, 13, 5, 3]
(2, (1, 1, 0), (0, 0)): [297403, 44935, 22788, 15784, 5110, 1657, 555, 188, 58, 27, 10, 2, 2, 1]
(2, (1, 1, 0), (0, 1)): [41450, 5280, 2540, 1866, 568, 179, 62, 28, 3, 3, 2, 1, 1]
(2, (1, 1, 0), (0, 2)): [16974, 1568, 749, 546, 168, 52, 17, 9, 2, 1]
(2, (1, 1, 0), (1, 0)): [38116, 5853, 3324, 2469, 922, 269, 101, 25, 10, 4, 1]
(2, (1, 1, 0), (1, 1)): [34809, 4701, 2444, 1788, 552, 181, 58, 24, 6, 3, 2, 1, 1]
(2, (1, 1, 0), (1, 2)): [24594, 2459, 1283, 868, 260, 92, 25, 16, 4, 1, 1]
(2, (1, 1, 0), (2, 0)): [13157, 2086, 1358, 968, 471, 127, 52, 11, 3, 3]
(2, (1, 1, 0), (2, 1)): [18336, 2560, 1541, 1127, 435, 115, 45, 14, 4, 2, 0, 0, 1]
(2, (1, 1, 0), (2, 2)): [19483, 2085, 1238, 840, 307, 86, 36, 16, 7, 1, 1]
(2, (1, 1, 0), (3, 0)): [4271, 663, 558, 326, 235, 71, 26, 4, 1, 2]
(2, (1, 1, 0), (3, 1)): [7820, 1137, 873, 570, 320, 80, 32, 3, 1, 0, 0, 0, 1]
(2, (1, 1, 0), (3, 2)): [10871, 1277, 991, 621, 331, 76, 31, 11, 5, 0, 1]
(2, (1, 1, 1), (0, 0)): [87545, 12752, 14576, 7328, 5480, 1703, 580, 197, 62, 15, 10, 3, 1, 1]
(2, (1, 1, 1), (0, 1)): [13641, 1437, 1791, 929, 708, 204, 75, 22, 9, 0, 3, 0, 1]
(2, (1, 1, 1), (0, 2)): [5950, 456, 517, 282, 177, 59, 23, 6, 1, 0, 2]
(2, (1, 1, 1), (1, 0)): [10636, 2352, 2012, 1139, 893, 296, 96, 34, 9, 4, 1, 2]
(2, (1, 1, 1), (1, 1)): [10775, 1525, 1656, 903, 688, 201, 70, 21, 7, 1, 1, 0, 1]
(2, (1, 1, 1), (1, 2)): [8313, 773, 851, 429, 328, 108, 31, 10, 3, 1, 2]
(2, (1, 1, 1), (2, 0)): [2972, 1356, 692, 453, 364, 122, 38, 12, 4, 3, 0, 2]
(2, (1, 1, 1), (2, 1)): [4855, 1256, 915, 585, 427, 152, 49, 8, 4, 0, 0, 0, 1]
(2, (1, 1, 1), (2, 2)): [5852, 922, 763, 452, 325, 120, 35, 8, 3, 1, 2]
(2, (1, 1, 1), (3, 0)): [504, 837, 192, 198, 115, 56, 20, 9, 2, 3, 0, 1]
(2, (1, 1, 1), (3, 1)): [1424, 1034, 347, 332, 220, 82, 32, 7, 2, 3, 0, 1]
(2, (1, 1, 1), (3, 2)): [2460, 1037, 456, 411, 253, 101, 39, 8, 2, 1, 2]
