(0, (0, 0, 0), (0, 0)): [1847710, 375029, 172390, 78524, 35073, 14951, 6192, 2526, 1026, 442, 188, 95, 34, 17, 4, 1, 1, 1]
(0, (0, 0, 0), (0, 1)): [190932, 37063, 16875, 7816, 3428, 1504, 607, 216, 87, 41, 18, 10, 4, 3, 0, 1]
(0, (0, 0, 0), (0, 2)): [71960, 12421, 5499, 2472, 1083, 471, 186, 63, 30, 13, 5, 2, 2]
(0, (0, 0, 0), (1, 0)): [172736, 39541, 18753, 8725, 4096, 1701, 745, 306, 130, 42, 18, 12, 0, 2, 1, 0, 1]
(0, (0, 0, 0), (1, 1)): [164444, 33920, 15790, 7362, 3243, 1394, 603, 227, 100, 30, 21, 11, 2, 3, 0, 1, 1]
(0, (0, 0, 0), (1, 2)): [110746, 20007, 9031, 4106, 1820, 779, 336, 124, 57, 20, 11, 5, 4]
(0, (0, 0, 0), (2, 0)): [56118, 14214, 7208, 3411, 1685, 699, 299, 131, 48, 19, 9, 5, 0, 1, 1]
(0, (0, 0, 0), (2, 1)): [85939, 19432, 9531, 4421, 2074, 883, 360, 164, 60, 19, 10, 8, 0, 1, 0, 0, 1]
(0, (0, 0, 0), (2, 2)): [88381, 17453, 8227, 3825, 1700, 713, 291, 122, 58, 19, 9, 3, 3, 0, 0, 0, 1]
(0, (0, 0, 0), (3, 0)): [16671, 4880, 2818, 1426, 711, 308, 123, 54, 20, 6, 4, 1, 0, 1, 1]
(0, (0, 0, 0), (3, 1)): [33115, 8891, 4742, 2316, 1122, 482, 195, 94, 38, 10, 3, 6, 0, 1, 1]
(0, (0, 0, 0), (3, 2)): [47047, 10966, 5778, 2715, 1276, 549, 210, 91, 41, 15, 6, 7, 2, 0, 1, 0, 1]
(0, (0, 0, 1), (0, 0)): [7328, 22384, 6188, 2943, 1405, 595, 270, 117, 43, 23, 12, 3, 4, 3]
(0, (0, 0, 1), (0, 1)): [541, 1694, 484, 199, 110, 39, 21, 9, 4, 1, 2, 0, 0, 1]
(0, (0, 0, 1), (0, 2)): [242, 636, 158, 70, 35, 15, 5, 2, 2]
(0, (0, 0, 1), (1, 0)): [559, 1938, 586, 322, 140, 68, 28, 11, 2, 1, 2]
(0, (0, 0, 1), (1, 1)): [519, 1615, 461, 210, 117, 43, 26, 9, 1, 1, 3, 0, 0, 1]
(0, (0, 0, 1), (1, 2)): [389, 1031, 272, 116, 55, 28, 11, 5, 2, 1, 2]
(0, (0, 0, 1), (2, 0)): [193, 728, 244, 150, 54, 33, 9, 6, 2, 1]
(0, (0, 0, 1), (2, 1)): [279, 916, 303, 159, 84, 32, 18, 6, 2, 1, 1]
(0, (0, 0, 1), (2, 2)): [354, 926, 257, 123, 72, 25, 13, 2, 1, 1, 1]
(0, (0, 0, 1), (3, 0)): [56, 245, 83, 62, 22, 14, 6, 2, 1]
(0, (0, 0, 1), (3, 1)): [109, 426, 135, 98, 45, 16, 8, 4, 1]
(0, (0, 0, 1), (3, 2)): [201, 573, 161, 107, 61, 15, 6, 2, 2, 1, 1]
(0, (0, 1, 0), (0, 0)): [66961, 62953, 24541, 11997, 5750, 2451, 1050, 439, 182, 100, 33, 13, 5, 6, 2, 0, 1]
(0, (0, 1, 0), (0, 1)): [7057, 6375, 2468, 1162, 558, 234, 120, 47, 20, 10, 0, 2, 0, 1]
(0, (0, 1, 0), (0, 2)): [2830, 2139, 841, 370, 177, 84, 48, 15, 6, 3, 0, 1]
(0, (0, 1, 0), (1, 0)): [7005, 6882, 2902, 1540, 710, 327, 121, 60, 20, 8, 4, 2, 2, 2, 1, 0, 1]
(0, (0, 1, 0), (1, 1)): [6297, 5645, 2273, 1145, 528, 222, 99, 48, 10, 8, 1, 1, 0, 2]
(0, (0, 1, 0), (1, 2)): [4361, 3399, 1383, 679, 291, 128, 58, 32, 6, 3, 1, 2]
(0, (0, 1, 0), (2, 0)): [2544, 2472, 1097, 635, 276, 155, 52, 26, 11, 3, 1, 2, 2, 1, 0, 0, 1]
(0, (0, 1, 0), (2, 1)): [3438, 3197, 1355, 684, 324, 168, 63, 25, 8, 6, 1, 1, 1, 1, 0, 0, 1]
(0, (0, 1, 0), (2, 2)): [3743, 2894, 1288, 595, 275, 122, 53, 20, 9, 3, 1, 2, 0, 0, 0, 0, 1]
(0, (0, 1, 0), (3, 0)): [896, 750, 378, 258, 121, 69, 29, 16, 7, 1, 0, 1, 1]
(0, (0, 1, 0), (3, 1)): [1501, 1316, 633, 403, 182, 104, 36, 18, 2, 1, 0, 1, 0, 1]
(0, (0, 1, 0), (3, 2)): [2169, 1687, 846, 439, 205, 100, 47, 16, 5, 4, 1, 0, 0, 0, 0, 0, 1]
(0, (0, 1, 1), (0, 0)): [5464, 9477, 11337, 5261, 2743, 1322, 556, 247, 130, 55, 14, 10, 2, 2, 2, 0, 1, 1]
(0, (0, 1, 1), (0, 1)): [568, 887, 1054, 461, 240, 122, 54, 16, 10, 6, 1, 2, 0, 0, 0, 0, 1]
(0, (0, 1, 1), (0, 2)): [263, 339, 370, 174, 78, 43, 23, 7, 1, 3, 0, 1]
(0, (0, 1, 1), (1, 0)): [558, 1075, 1284, 653, 329, 172, 65, 29, 22, 4, 2, 2, 0, 0, 1]
(0, (0, 1, 1), (1, 1)): [478, 813, 984, 444, 233, 110, 41, 17, 12, 3, 1, 0, 0, 0, 0, 0, 1]
(0, (0, 1, 1), (1, 2)): [367, 526, 571, 267, 148, 77, 27, 9, 5, 2, 0, 1, 0, 0, 0, 0, 1]
(0, (0, 1, 1), (2, 0)): [233, 482, 501, 292, 164, 98, 29, 14, 12, 3, 1, 1, 0, 0, 1]
(0, (0, 1, 1), (2, 1)): [263, 477, 570, 283, 129, 62, 20, 16, 9, 4, 0, 0, 0, 0, 1]
(0, (0, 1, 1), (2, 2)): [302, 480, 496, 245, 119, 66, 22, 12, 5, 3, 0, 1, 0, 0, 0, 0, 1]
(0, (0, 1, 1), (3, 0)): [121, 218, 211, 134, 100, 56, 16, 6, 7, 1, 1, 1]
(0, (0, 1, 1), (3, 1)): [113, 185, 229, 134, 89, 37, 13, 8, 9, 2, 0, 0, 0, 0, 1]
(0, (0, 1, 1), (3, 2)): [173, 247, 307, 165, 83, 52, 18, 10, 10, 1, 0, 0, 0, 0, 0, 0, 1]
(0, (1, 0, 0), (0, 0)): [392387, 131949, 83997, 41587, 19799, 8879, 3699, 1568, 666, 286, 136, 56, 23, 11, 3, 1, 1, 1]
(0, (1, 0, 0), (0, 1)): [37027, 11454, 7559, 3675, 1755, 790, 326, 134, 66, 19, 8, 4]
(0, (1, 0, 0), (0, 2)): [13723, 3727, 2496, 1183, 548, 238, 113, 36, 18, 3, 4, 2]
(0, (1, 0, 0), (1, 0)): [33853, 12200, 8528, 4390, 2169, 983, 410, 173, 73, 35, 20, 8, 1, 5, 1, 0, 1]
(0, (1, 0, 0), (1, 1)): [28882, 9431, 6405, 3210, 1490, 713, 276, 119, 53, 26, 9, 4, 0, 2]
(0, (1, 0, 0), (1, 2)): [18425, 5234, 3588, 1754, 802, 357, 150, 60, 31, 10, 2, 2]
(0, (1, 0, 0), (2, 0)): [10537, 4135, 3035, 1680, 857, 392, 175, 74, 26, 15, 10, 2, 1, 3, 0, 0, 1]
(0, (1, 0, 0), (2, 1)): [14213, 4971, 3489, 1851, 873, 424, 173, 69, 32, 17, 8, 4, 0, 4, 0, 0, 1]
(0, (1, 0, 0), (2, 2)): [13417, 4135, 2907, 1385, 684, 279, 132, 58, 33, 14, 5, 2, 0, 2]
(0, (1, 0, 0), (3, 0)): [2722, 1303, 997, 659, 349, 154, 70, 29, 11, 5, 4, 1]
(0, (1, 0, 0), (3, 1)): [5010, 2074, 1523, 979, 453, 235, 86, 39, 17, 8, 6, 2, 0, 2]
(0, (1, 0, 0), (3, 2)): [6305, 2371, 1675, 962, 480, 205, 91, 43, 22, 9, 4, 1, 0, 1]
(0, (1, 0, 1), (0, 0)): [9282, 28413, 11644, 8144, 4274, 1979, 942, 371, 182, 68, 39, 18, 7, 2, 2, 0, 0, 1]
(0, (1, 0, 1), (0, 1)): [871, 2547, 1008, 747, 375, 188, 93, 20, 12, 5, 2, 0, 2, 1]
(0, (1, 0, 1), (0, 2)): [391, 893, 332, 236, 120, 69, 29, 7, 4, 1, 0, 0, 0, 1]
(0, (1, 0, 1), (1, 0)): [803, 2748, 1128, 846, 459, 226, 78, 40, 23, 6, 7, 1, 0, 0, 1]
(0, (1, 0, 1), (1, 1)): [705, 2101, 870, 620, 323, 141, 62, 23, 17, 4, 4]
(0, (1, 0, 1), (1, 2)): [547, 1180, 495, 331, 176, 74, 34, 12, 6, 2]
(0, (1, 0, 1), (2, 0)): [265, 935, 384, 301, 173, 101, 30, 16, 4, 2, 3, 1]
(0, (1, 0, 1), (2, 1)): [341, 1097, 460, 349, 167, 97, 35, 13, 13, 2, 3]
(0, (1, 0, 1), (2, 2)): [424, 937, 397, 295, 141, 71, 35, 16, 4, 2, 2]
(0, (1, 0, 1), (3, 0)): [86, 287, 136, 78, 65, 44, 11, 7, 0, 1, 1, 1]
(0, (1, 0, 1), (3, 1)): [121, 364, 196, 144, 101, 55, 12, 5, 7, 2, 1]
(0, (1, 0, 1), (3, 2)): [194, 456, 248, 174, 98, 58, 22, 11, 6, 4, 3]
(0, (1, 1, 0), (0, 0)): [54678, 34889, 26269, 18786, 9988, 4682, 1972, 928, 382, 179, 84, 32, 11, 4, 0, 0, 1]
(0, (1, 1, 0), (0, 1)): [5783, 3240, 2261, 1726, 981, 410, 188, 78, 31, 13, 7, 5, 0, 0, 0, 0, 1]
(0, (1, 1, 0), (0, 2)): [2331, 1126, 749, 576, 318, 132, 63, 28, 13, 6, 2]
(0, (1, 1, 0), (1, 0)): [4721, 3157, 2481, 1850, 965, 513, 199, 91, 38, 16, 9, 3, 1, 2]
(0, (1, 1, 0), (1, 1)): [4303, 2513, 1893, 1473, 757, 368, 145, 65, 22, 9, 8, 2, 1, 1, 0, 0, 1]
(0, (1, 1, 0), (1, 2)): [3049, 1512, 1069, 871, 438, 180, 80, 36, 13, 9, 3, 1, 0, 1, 0, 0, 1]
(0, (1, 1, 0), (2, 0)): [1420, 1044, 857, 622, 374, 206, 86, 40, 19, 8, 4, 3, 0, 1]
(0, (1, 1, 0), (2, 1)): [2003, 1269, 1039, 797, 427, 203, 88, 39, 21, 7, 7, 3, 1]
(0, (1, 1, 0), (2, 2)): [2135, 1141, 876, 706, 357, 170, 73, 35, 14, 9, 3, 1, 0, 0, 0, 0, 1]
(0, (1, 1, 0), (3, 0)): [332, 334, 313, 213, 143, 84, 31, 18, 9, 4, 2, 1, 0, 1]
(0, (1, 1, 0), (3, 1)): [722, 544, 461, 346, 223, 126, 53, 17, 11, 6, 3, 1, 1]
(0, (1, 1, 0), (3, 2)): [1002, 629, 536, 443, 244, 123, 55, 27, 10, 3, 2, 0, 0, 0, 0, 0, 1]
(0, (1, 1, 1), (0, 0)): [5227, 10124, 8349, 6142, 4947, 2453, 1126, 549, 252, 110, 55, 19, 6, 3, 1, 0, 1]
(0, (1, 1, 1), (0, 1)): [587, 1007, 873, 561, 490, 240, 98, 48, 28, 12, 3, 2, 2, 1]
(0, (1, 1, 1), (0, 2)): [306, 397, 322, 202, 167, 91, 28, 15, 9, 3, 2, 1, 1]
(0, (1, 1, 1), (1, 0)): [403, 947, 838, 589, 494, 258, 104, 41, 26, 8, 6, 3, 0, 1, 0, 0, 1]
(0, (1, 1, 1), (1, 1)): [398, 827, 717, 470, 391, 210, 90, 42, 20, 11, 4, 1, 1, 1, 0, 0, 1]
(0, (1, 1, 1), (1, 2)): [364, 567, 460, 297, 243, 126, 42, 23, 11, 1, 2, 1, 0, 1, 0, 0, 1]
(0, (1, 1, 1), (2, 0)): [113, 290, 277, 206, 194, 104, 32, 19, 9, 2, 2, 2, 0, 1]
(0, (1, 1, 1), (2, 1)): [184, 370, 347, 244, 198, 113, 43, 26, 15, 7, 1, 0, 1]
(0, (1, 1, 1), (2, 2)): [220, 398, 358, 240, 184, 100, 32, 22, 8, 5, 0, 1, 1]
(0, (1, 1, 1), (3, 0)): [24, 88, 75, 78, 61, 45, 16, 9, 2, 0, 2, 1, 0, 1]
(0, (1, 1, 1), (3, 1)): [62, 147, 140, 108, 90, 52, 28, 10, 5, 2, 1, 1, 0, 1]
(0, (1, 1, 1), (3, 2)): [86, 209, 195, 137, 119, 60, 32, 15, 8, 3, 0, 1, 1, 1]
(1, (0, 0, 0), (0, 0)): [1502826, 165871, 67870, 26882, 10447, 3968, 1541, 566, 197, 80, 30, 20, 7, 3, 0, 1]
(1, (0, 0, 0), (0, 1)): [157003, 16439, 6576, 2638, 1036, 369, 133, 63, 14, 3, 1, 3, 0, 1]
(1, (0, 0, 0), (0, 2)): [59359, 5239, 2053, 789, 328, 116, 34, 19, 2, 1, 0, 2]
(1, (0, 0, 0), (1, 0)): [148257, 18868, 8006, 3242, 1290, 486, 202, 65, 18, 10, 2, 2, 0, 0, 0, 1]
(1, (0, 0, 0), (1, 1)): [139076, 15530, 6294, 2594, 1014, 364, 156, 56, 17, 6, 1, 1, 0, 1]
(1, (0, 0, 0), (1, 2)): [92249, 8657, 3455, 1409, 566, 218, 78, 27, 5, 2, 0, 1]
(1, (0, 0, 0), (2, 0)): [49898, 7225, 3326, 1342, 535, 208, 93, 33, 8, 4, 2, 2, 0, 0, 0, 1]
(1, (0, 0, 0), (2, 1)): [74720, 9398, 4093, 1620, 656, 243, 85, 45, 8, 7, 2, 1]
(1, (0, 0, 0), (2, 2)): [75839, 7967, 3368, 1400, 552, 216, 70, 35, 7, 5, 1]
(1, (0, 0, 0), (3, 0)): [14986, 2449, 1384, 566, 231, 90, 49, 11, 6, 2, 1, 1, 0, 0, 0, 1]
(1, (0, 0, 0), (3, 1)): [30096, 4621, 2252, 942, 375, 149, 61, 19, 5, 3, 1]
(1, (0, 0, 0), (3, 2)): [41804, 5434, 2587, 1089, 430, 164, 60, 29, 6, 6, 1]
(1, (0, 0, 1), (0, 0)): [41750, 60360, 11933, 5116, 2125, 869, 327, 128, 58, 23, 13, 6, 4, 2]
(1, (0, 0, 1), (0, 1)): [3964, 4873, 978, 389, 153, 64, 30, 8, 2, 0, 2, 1]
(1, (0, 0, 1), (0, 2)): [1722, 1583, 308, 113, 54, 16, 13, 1, 2, 0, 0, 1]
(1, (0, 0, 1), (1, 0)): [4283, 6551, 1391, 666, 263, 127, 36, 14, 8, 3, 1]
(1, (0, 0, 1), (1, 1)): [3743, 4846, 994, 419, 179, 74, 19, 9, 1, 2, 1]
(1, (0, 0, 1), (1, 2)): [2738, 2673, 499, 214, 96, 33, 14, 2, 2, 0, 0, 1]
(1, (0, 0, 1), (2, 0)): [1739, 2651, 623, 341, 131, 66, 24, 8, 6, 1, 1]
(1, (0, 0, 1), (2, 1)): [2150, 2915, 644, 298, 124, 56, 15, 6, 3, 1, 1]
(1, (0, 0, 1), (2, 2)): [2399, 2428, 504, 233, 91, 41, 15, 3, 2, 0, 1, 1]
(1, (0, 0, 1), (3, 0)): [812, 1094, 295, 183, 70, 37, 11, 5, 1, 0, 1]
(1, (0, 0, 1), (3, 1)): [922, 1241, 325, 179, 65, 31, 12, 6, 1]
(1, (0, 0, 1), (3, 2)): [1441, 1519, 367, 197, 80, 32, 13, 4, 2, 0, 1]
(1, (0, 1, 0), (0, 0)): [206106, 90876, 33018, 14257, 5728, 2272, 792, 349, 110, 49, 26, 9, 9, 2, 1]
(1, (0, 1, 0), (0, 1)): [19925, 7944, 2889, 1223, 474, 195, 71, 30, 10, 4, 2]
(1, (0, 1, 0), (0, 2)): [7731, 2772, 939, 388, 129, 65, 22, 8, 3, 1]
(1, (0, 1, 0), (1, 0)): [22786, 9754, 3843, 1914, 793, 303, 111, 48, 19, 7, 4, 0, 0, 1]
(1, (0, 1, 0), (1, 1)): [18649, 7438, 2778, 1305, 532, 207, 76, 25, 11, 3, 1, 0, 0, 1]
(1, (0, 1, 0), (1, 2)): [12353, 4442, 1564, 659, 231, 94, 34, 17, 6, 3]
(1, (0, 1, 0), (2, 0)): [9679, 3965, 1725, 970, 415, 156, 63, 31, 11, 4, 4]
(1, (0, 1, 0), (2, 1)): [10894, 4360, 1806, 906, 406, 141, 60, 23, 8, 3, 1, 0, 0, 1]
(1, (0, 1, 0), (2, 2)): [10751, 3857, 1485, 648, 266, 100, 31, 12, 7, 4]
(1, (0, 1, 0), (3, 0)): [4438, 1683, 760, 545, 242, 88, 36, 17, 7, 2, 2]
(1, (0, 1, 0), (3, 1)): [5165, 1946, 921, 564, 266, 87, 41, 17, 9, 2, 2, 0, 0, 1]
(1, (0, 1, 0), (3, 2)): [6662, 2351, 1066, 573, 259, 76, 32, 12, 4, 5, 1, 0, 0, 1]
(1, (0, 1, 1), (0, 0)): [32377, 27078, 23953, 9624, 4925, 1946, 762, 304, 136, 46, 13, 7, 2, 2, 0, 1]
(1, (0, 1, 1), (0, 1)): [2757, 2137, 1790, 721, 323, 123, 63, 25, 3, 1, 1]
(1, (0, 1, 1), (0, 2)): [1294, 708, 622, 244, 122, 36, 23, 10, 1, 1, 1]
(1, (0, 1, 1), (1, 0)): [3667, 3358, 2561, 1126, 709, 273, 103, 44, 17, 7]
(1, (0, 1, 1), (1, 1)): [2399, 1954, 1612, 672, 311, 119, 48, 23, 5, 3]
(1, (0, 1, 1), (1, 2)): [1941, 1143, 982, 383, 191, 69, 30, 13, 2, 2, 1]
(1, (0, 1, 1), (2, 0)): [2110, 1809, 1350, 642, 484, 189, 76, 29, 13, 4]
(1, (0, 1, 1), (2, 1)): [1301, 1111, 915, 416, 210, 85, 35, 13, 2, 3]
(1, (0, 1, 1), (2, 2)): [1590, 959, 830, 352, 182, 57, 22, 9, 1, 2]
(1, (0, 1, 1), (3, 0)): [1541, 1259, 856, 454, 398, 150, 62, 24, 11, 3]
(1, (0, 1, 1), (3, 1)): [552, 509, 412, 189, 115, 64, 25, 10, 2, 2]
(1, (0, 1, 1), (3, 2)): [893, 626, 463, 224, 132, 53, 18, 10, 1, 2]
(1, (1, 0, 0), (0, 0)): [567501, 101508, 65240, 27735, 11282, 4469, 1767, 633, 254, 107, 40, 28, 5, 3, 0, 2]
(1, (1, 0, 0), (0, 1)): [53640, 8749, 5743, 2473, 974, 382, 165, 55, 12, 8, 4, 2]
(1, (1, 0, 0), (0, 2)): [19722, 2763, 1812, 728, 276, 129, 58, 15, 4, 3, 1]
(1, (1, 0, 0), (1, 0)): [53163, 10330, 7159, 3174, 1324, 538, 215, 80, 23, 13, 3, 2, 1, 0, 0, 1]
(1, (1, 0, 0), (1, 1)): [44334, 7668, 5218, 2290, 901, 356, 136, 53, 13, 8, 4, 4, 0, 0, 0, 1]
(1, (1, 0, 0), (1, 2)): [28103, 4253, 2868, 1172, 455, 180, 72, 27, 5, 4, 2, 1]
(1, (1, 0, 0), (2, 0)): [17388, 3694, 2642, 1314, 562, 230, 94, 28, 12, 5, 1, 0, 1]
(1, (1, 0, 0), (2, 1)): [22556, 4271, 2952, 1447, 562, 241, 99, 30, 12, 3, 3, 2, 0, 0, 0, 1]
(1, (1, 0, 0), (2, 2)): [21306, 3502, 2376, 1062, 435, 173, 70, 23, 5, 4, 2]
(1, (1, 0, 0), (3, 0)): [4886, 1263, 815, 514, 243, 98, 37, 9, 4, 4, 0, 0, 1]
(1, (1, 0, 0), (3, 1)): [8640, 2013, 1297, 762, 323, 126, 53, 11, 6, 4, 2, 1, 0, 0, 0, 1]
(1, (1, 0, 0), (3, 2)): [10651, 2229, 1416, 749, 313, 133, 55, 12, 8, 4, 4, 1, 0, 0, 0, 1]
(1, (1, 0, 1), (0, 0)): [46017, 53427, 17243, 11537, 4974, 2027, 792, 307, 105, 63, 18, 7, 0, 1]
(1, (1, 0, 1), (0, 1)): [4878, 4486, 1428, 951, 411, 184, 62, 20, 8, 6]
(1, (1, 0, 1), (0, 2)): [2093, 1422, 490, 292, 137, 64, 27, 11, 3, 3]
(1, (1, 0, 1), (1, 0)): [4325, 5098, 1721, 1226, 569, 210, 81, 33, 11, 9, 0, 1]
(1, (1, 0, 1), (1, 1)): [3846, 3718, 1209, 875, 342, 147, 47, 13, 5, 4, 0, 1]
(1, (1, 0, 1), (1, 2)): [2805, 2075, 739, 465, 190, 92, 21, 17, 3, 3]
(1, (1, 0, 1), (2, 0)): [1496, 1700, 618, 453, 245, 90, 35, 15, 5, 4]
(1, (1, 0, 1), (2, 1)): [1900, 1890, 626, 482, 216, 79, 33, 9, 6, 2, 0, 1]
(1, (1, 0, 1), (2, 2)): [2022, 1584, 593, 391, 190, 62, 24, 11, 5, 2]
(1, (1, 0, 1), (3, 0)): [491, 586, 231, 157, 108, 42, 14, 4, 1, 3]
(1, (1, 0, 1), (3, 1)): [694, 762, 298, 211, 111, 51, 13, 6, 1, 1, 0, 1]
(1, (1, 0, 1), (3, 2)): [999, 905, 378, 249, 141, 50, 19, 9, 4, 2, 0, 1]
(1, (1, 1, 0), (0, 0)): [157313, 48256, 32225, 23131, 9737, 4032, 1572, 628, 250, 99, 38, 20, 9, 5, 1]
(1, (1, 1, 0), (0, 1)): [16599, 4470, 2756, 2112, 907, 373, 139, 51, 20, 7, 5, 3]
(1, (1, 1, 0), (0, 2)): [6664, 1569, 903, 696, 299, 124, 37, 14, 6, 1, 2]
(1, (1, 1, 0), (1, 0)): [14691, 4910, 3324, 2547, 1115, 470, 190, 70, 21, 14, 6, 1, 2, 1]
(1, (1, 1, 0), (1, 1)): [13128, 3838, 2559, 1913, 835, 338, 127, 55, 10, 13, 6, 2]
(1, (1, 1, 0), (1, 2)): [9268, 2276, 1434, 1111, 465, 154, 56, 31, 3, 2, 6, 2]
(1, (1, 1, 0), (2, 0)): [4710, 1771, 1148, 933, 454, 208, 87, 31, 12, 4, 3, 1, 2, 1]
(1, (1, 1, 0), (2, 1)): [6532, 2168, 1441, 1093, 511, 242, 98, 27, 14, 4, 4, 0, 1]
(1, (1, 1, 0), (2, 2)): [6997, 1910, 1189, 912, 435, 168, 62, 26, 7, 2, 3, 1]
(1, (1, 1, 0), (3, 0)): [1199, 656, 409, 281, 177, 82, 33, 17, 4, 1, 0, 1, 1]
(1, (1, 1, 0), (3, 1)): [2420, 1019, 705, 520, 282, 131, 52, 19, 8, 4, 2, 1, 1]
(1, (1, 1, 0), (3, 2)): [3376, 1207, 796, 588, 328, 122, 48, 21, 6, 4, 1, 1, 1]
(1, (1, 1, 1), (0, 0)): [31930, 25621, 16281, 10629, 7887, 3367, 1368, 520, 216, 76, 25, 18, 9, 4, 1, 1]
(1, (1, 1, 1), (0, 1)): [3503, 2435, 1540, 965, 735, 314, 125, 52, 23, 3, 2, 1, 0, 1]
(1, (1, 1, 1), (0, 2)): [1636, 834, 548, 354, 240, 87, 42, 12, 4, 2, 2, 0, 0, 1]
(1, (1, 1, 1), (1, 0)): [2783, 2510, 1566, 1006, 829, 375, 169, 57, 22, 10, 2, 3, 2]
(1, (1, 1, 1), (1, 1)): [2661, 2054, 1302, 823, 642, 288, 119, 51, 23, 4, 1, 2]
(1, (1, 1, 1), (1, 2)): [2061, 1164, 791, 499, 371, 161, 65, 27, 10, 2, 1, 2, 0, 1]
(1, (1, 1, 1), (2, 0)): [719, 824, 541, 347, 305, 151, 67, 27, 4, 4, 1, 1, 1]
(1, (1, 1, 1), (2, 1)): [1159, 1081, 675, 419, 327, 179, 76, 25, 10, 2, 1, 1]
(1, (1, 1, 1), (2, 2)): [1390, 926, 645, 417, 311, 144, 69, 19, 7, 3, 1, 2, 0, 1]
(1, (1, 1, 1), (3, 0)): [126, 271, 174, 134, 93, 56, 23, 10, 2, 2, 0, 0, 1]
(1, (1, 1, 1), (3, 1)): [293, 474, 301, 191, 157, 91, 28, 19, 5, 2, 0, 0, 1]
(1, (1, 1, 1), (3, 2)): [563, 545, 372, 241, 189, 99, 39, 20, 3, 1, 1, 1, 0, 1]
(2, (0, 0, 0), (0, 0)): [1308803, 60381, 20181, 6397, 2149, 686, 232, 82, 12, 7, 5, 0, 1]
(2, (0, 0, 0), (0, 1)): [136326, 5696, 1915, 587, 219, 60, 23, 9, 1]
(2, (0, 0, 0), (0, 2)): [51027, 1505, 496, 170, 67, 13, 2, 5]
(2, (0, 0, 0), (1, 0)): [134165, 7714, 2688, 832, 317, 83, 29, 11, 1, 0, 0, 0, 1]
(2, (0, 0, 0), (1, 1)): [123205, 5885, 2061, 584, 221, 70, 25, 4, 1]
(2, (0, 0, 0), (1, 2)): [80214, 2706, 968, 307, 110, 32, 13, 5]
(2, (0, 0, 0), (2, 0)): [47776, 3072, 1276, 383, 152, 35, 13, 7, 0, 0, 0, 0, 1]
(2, (0, 0, 0), (2, 1)): [69156, 3850, 1481, 416, 149, 40, 14, 5]
(2, (0, 0, 0), (2, 2)): [68658, 2890, 1091, 323, 121, 39, 10, 5]
(2, (0, 0, 0), (3, 0)): [15299, 1071, 588, 175, 72, 18, 6, 4, 0, 0, 0, 0, 1]
(2, (0, 0, 0), (3, 1)): [29435, 1966, 929, 284, 96, 23, 7, 5]
(2, (0, 0, 0), (3, 2)): [40429, 2214, 1022, 298, 104, 32, 8, 4]
(2, (0, 0, 1), (0, 0)): [124400, 37740, 7675, 2609, 908, 313, 93, 32, 7, 3, 0, 1]
(2, (0, 0, 1), (0, 1)): [12387, 3062, 672, 218, 70, 26, 12, 4, 1, 1]
(2, (0, 0, 1), (0, 2)): [4869, 917, 200, 58, 20, 6, 4, 0, 0, 1]
(2, (0, 0, 1), (1, 0)): [14561, 4127, 1027, 389, 134, 53, 12, 6, 1]
(2, (0, 0, 1), (1, 1)): [11860, 3011, 666, 252, 81, 31, 7, 4, 1]
(2, (0, 0, 1), (1, 2)): [7987, 1527, 334, 100, 43, 16, 6, 1, 0, 1]
(2, (0, 0, 1), (2, 0)): [6335, 1752, 506, 219, 73, 31, 7, 3, 1]
(2, (0, 0, 1), (2, 1)): [7209, 1945, 511, 205, 71, 23, 4, 4]
(2, (0, 0, 1), (2, 2)): [7357, 1515, 396, 132, 49, 20, 3, 1]
(2, (0, 0, 1), (3, 0)): [3013, 732, 243, 138, 32, 18, 6, 1, 1]
(2, (0, 0, 1), (3, 1)): [3461, 944, 279, 136, 42, 16, 5, 3]
(2, (0, 0, 1), (3, 2)): [4740, 1067, 313, 135, 42, 16, 5, 1]
(2, (0, 1, 0), (0, 0)): [327541, 68931, 18814, 6598, 2173, 719, 224, 70, 16, 10, 6, 0, 1]
(2, (0, 1, 0), (0, 1)): [31686, 5575, 1520, 462, 173, 50, 18, 6, 2, 1, 1]
(2, (0, 1, 0), (0, 2)): [12391, 1645, 437, 121, 50, 9, 6, 1, 0, 1]
(2, (0, 1, 0), (1, 0)): [38142, 7530, 2564, 1065, 328, 106, 36, 13, 0, 1, 0, 0, 1]
(2, (0, 1, 0), (1, 1)): [30012, 5496, 1657, 545, 193, 56, 26, 9, 2, 0, 1]
(2, (0, 1, 0), (1, 2)): [19886, 2833, 735, 256, 87, 21, 11, 5, 0, 1]
(2, (0, 1, 0), (2, 0)): [17484, 3254, 1276, 662, 211, 66, 15, 7, 0, 1, 0, 0, 1]
(2, (0, 1, 0), (2, 1)): [18205, 3483, 1195, 432, 153, 47, 17, 4, 2, 0, 1, 0, 1]
(2, (0, 1, 0), (2, 2)): [17985, 2781, 793, 306, 107, 27, 17, 7, 0, 1]
(2, (0, 1, 0), (3, 0)): [8962, 1409, 645, 458, 133, 39, 12, 7, 0, 1]
(2, (0, 1, 0), (3, 1)): [8535, 1618, 676, 328, 113, 40, 10, 3, 2, 0, 1, 0, 1]
(2, (0, 1, 0), (3, 2)): [11484, 1830, 691, 339, 105, 35, 20, 5, 0, 0, 0, 0, 1]
(2, (0, 1, 1), (0, 0)): [75462, 6475, 16272, 4495, 1773, 588, 191, 60, 21, 5, 4, 1, 0, 1]
(2, (0, 1, 1), (0, 1)): [7463, 492, 1282, 333, 118, 49, 9, 6]
(2, (0, 1, 1), (0, 2)): [3118, 175, 386, 107, 45, 13, 4, 1]
(2, (0, 1, 1), (1, 0)): [9047, 867, 1790, 639, 284, 101, 33, 8, 3, 0, 2]
(2, (0, 1, 1), (1, 1)): [6853, 477, 1241, 357, 123, 58, 12, 6, 2]
(2, (0, 1, 1), (1, 2)): [5023, 279, 678, 194, 71, 25, 5, 3]
(2, (0, 1, 1), (2, 0)): [4446, 494, 841, 350, 194, 64, 21, 6, 1, 0, 2]
(2, (0, 1, 1), (2, 1)): [4051, 324, 791, 243, 100, 42, 9, 3, 2, 0, 1]
(2, (0, 1, 1), (2, 2)): [4456, 303, 634, 195, 71, 38, 7, 3, 1]
(2, (0, 1, 1), (3, 0)): [2616, 344, 428, 213, 139, 49, 17, 5, 0, 0, 1]
(2, (0, 1, 1), (3, 1)): [1962, 165, 364, 128, 66, 25, 8, 4, 1, 0, 1]
(2, (0, 1, 1), (3, 2)): [2852, 230, 445, 148, 68, 39, 7, 5, 2]
(2, (1, 0, 0), (0, 0)): [687986, 50075, 32787, 10402, 3384, 1086, 418, 121, 24, 13, 7, 1, 1]
(2, (1, 0, 0), (0, 1)): [64965, 3983, 2760, 889, 296, 103, 46, 15, 3, 0, 0, 1]
(2, (1, 0, 0), (0, 2)): [23816, 1053, 684, 239, 85, 23, 16, 1]
(2, (1, 0, 0), (1, 0)): [65749, 5515, 3918, 1345, 444, 128, 52, 14, 3, 1, 0, 0, 1]
(2, (1, 0, 0), (1, 1)): [55324, 3714, 2614, 888, 277, 88, 37, 12, 3]
(2, (1, 0, 0), (1, 2)): [34886, 1698, 1152, 429, 125, 36, 18, 2, 2]
(2, (1, 0, 0), (2, 0)): [22309, 2193, 1478, 634, 202, 61, 25, 10, 2, 1, 0, 0, 1]
(2, (1, 0, 0), (2, 1)): [29108, 2319, 1591, 598, 200, 58, 27, 8, 0, 0, 0, 0, 1]
(2, (1, 0, 0), (2, 2)): [27384, 1679, 1092, 396, 146, 40, 20, 4, 1]
(2, (1, 0, 0), (3, 0)): [6663, 836, 494, 300, 94, 27, 10, 4, 1, 1]
(2, (1, 0, 0), (3, 1)): [11785, 1220, 777, 414, 109, 37, 15, 3, 1, 1, 0, 0, 1]
(2, (1, 0, 0), (3, 2)): [14487, 1291, 787, 367, 114, 43, 16, 5, 0, 1, 0, 0, 1]
(2, (1, 0, 1), (0, 0)): [119866, 28753, 11396, 6934, 2257, 749, 247, 82, 27, 9, 2, 3, 1]
(2, (1, 0, 1), (0, 1)): [12657, 2490, 925, 597, 191, 67, 17, 7, 4, 1, 1, 1]
(2, (1, 0, 1), (0, 2)): [5058, 730, 280, 158, 53, 16, 3, 2, 1]
(2, (1, 0, 1), (1, 0)): [12577, 2836, 1316, 907, 322, 97, 35, 9, 0, 1]
(2, (1, 0, 1), (1, 1)): [10642, 2196, 891, 581, 219, 73, 26, 6, 3, 1, 1, 1]
(2, (1, 0, 1), (1, 2)): [7132, 1132, 456, 272, 99, 32, 12, 4, 3, 0, 0, 1]
(2, (1, 0, 1), (2, 0)): [4570, 1005, 546, 363, 139, 41, 13, 7]
(2, (1, 0, 1), (2, 1)): [5875, 1184, 565, 345, 152, 53, 12, 4, 0, 1]
(2, (1, 0, 1), (2, 2)): [5592, 907, 424, 244, 87, 39, 10, 4, 3, 0, 0, 1]
(2, (1, 0, 1), (3, 0)): [1551, 314, 224, 142, 57, 17, 8, 3]
(2, (1, 0, 1), (3, 1)): [2525, 478, 289, 185, 106, 24, 10, 2, 0, 1]
(2, (1, 0, 1), (3, 2)): [3110, 488, 333, 179, 85, 35, 7, 3, 3]
(2, (1, 1, 0), (0, 0)): [268245, 40763, 20630, 14126, 4550, 1472, 500, 165, 52, 24, 8, 2, 2, 1]
(2, (1, 1, 0), (0, 1)): [27546, 3568, 1680, 1234, 372, 107, 42, 22, 2, 2, 0, 1, 1]
(2, (1, 1, 0), (0, 2)): [11177, 1054, 493, 347, 103, 29, 11, 8, 2]
(2, (1, 1, 0), (1, 0)): [26271, 4062, 2314, 1674, 611, 179, 75, 16, 5, 2, 1]
(2, (1, 1, 0), (1, 1)): [23539, 3181, 1650, 1208, 362, 113, 41, 16, 3, 3, 0, 1, 1]
(2, (1, 1, 0), (1, 2)): [16455, 1634, 840, 587, 177, 58, 18, 12, 2]
(2, (1, 1, 0), (2, 0)): [8966, 1463, 938, 645, 318, 91, 39, 7, 1, 1]
(2, (1, 1, 0), (2, 1)): [12446, 1745, 1078, 727, 273, 70, 33, 8, 3, 2, 0, 0, 1]
(2, (1, 1, 0), (2, 2)): [12973, 1399, 819, 581, 197, 49, 27, 11, 5, 1]
(2, (1, 1, 0), (3, 0)): [2903, 476, 381, 216, 163, 54, 20, 2]
(2, (1, 1, 0), (3, 1)): [5252, 771, 606, 346, 201, 53, 26, 2, 0, 0, 0, 0, 1]
(2, (1, 1, 0), (3, 2)): [7230, 836, 653, 413, 212, 45, 24, 6, 3]
(2, (1, 1, 1), (0, 0)): [78356, 11459, 13119, 6525, 4807, 1514, 517, 172, 55, 11, 9, 3, 1, 1]
(2, (1, 1, 1), (0, 1)): [9006, 973, 1189, 607, 452, 122, 48, 13, 3, 0, 2, 0, 1]
(2, (1, 1, 1), (0, 2)): [3922, 306, 346, 171, 121, 35, 12, 4, 1, 0, 1]
(2, (1, 1, 1), (1, 0)): [7148, 1635, 1378, 767, 585, 205, 68, 20, 8, 1, 1, 2]
(2, (1, 1, 1), (1, 1)): [7155, 1027, 1115, 595, 443, 142, 49, 13, 4, 0, 1, 0, 1]
(2, (1, 1, 1), (1, 2)): [5451, 525, 575, 281, 212, 72, 18, 8, 2, 0, 1]
(2, (1, 1, 1), (2, 0)): [2027, 960, 464, 321, 242, 89, 28, 8, 3, 1, 0, 2]
(2, (1, 1, 1), (2, 1)): [3292, 870, 627, 376, 281, 103, 37, 6, 1, 0, 0, 0, 1]
(2, (1, 1, 1), (2, 2)): [3879, 626, 500, 291, 210, 76, 24, 7, 2, 0, 1]
(2, (1, 1, 1), (3, 0)): [337, 589, 133, 156, 79, 46, 15, 5, 2, 1, 0, 1]
(2, (1, 1, 1), (3, 1)): [957, 719, 251, 234, 153, 58, 22, 5, 0, 1, 0, 1]
(2, (1, 1, 1), (3, 2)): [1642, 718, 314, 266, 176, 61, 29, 6, 2, 0, 1]
