(0, (0, 0, 0)): [414813, 84870, 39763, 18379, 8330, 3604, 1561, 650, 270, 126, 57, 22, 13, 3, 2]
(0, (0, 0, 1)): [2075, 6799, 1925, 920, 448, 181, 93, 47, 16, 8, 4, 1, 3]
(0, (0, 1, 0)): [13679, 14181, 5387, 2537, 1311, 574, 242, 102, 48, 29, 9, 3, 1]
(0, (0, 1, 1)): [1216, 2224, 2947, 1339, 687, 326, 148, 66, 34, 13, 6, 1, 0, 1, 1]
(0, (1, 0, 0)): [93111, 33444, 20400, 10301, 4858, 2194, 961, 410, 170, 83, 41, 14, 8, 3, 2]
(0, (1, 0, 1)): [2236, 6743, 3101, 2045, 1140, 529, 274, 113, 50, 26, 11, 7, 2, 0, 1]
(0, (1, 1, 0)): [12172, 8227, 6812, 4583, 2454, 1143, 524, 243, 93, 51, 28, 7, 4, 1]
(0, (1, 1, 1)): [1285, 2320, 1999, 1684, 1300, 645, 326, 152, 69, 39, 16, 4, 1, 1, 1]
(1, (0, 0, 0)): [327765, 35568, 14810, 5832, 2346, 936, 371, 152, 55, 18, 8, 5, 2]
(1, (0, 0, 1)): [11222, 17735, 3493, 1472, 636, 244, 106, 55, 20, 9, 5, 3, 2]
(1, (0, 1, 0)): [49466, 24626, 8329, 3446, 1408, 603, 212, 91, 29, 17, 3, 4, 3]
(1, (0, 1, 1)): [8431, 7321, 7540, 2895, 1312, 530, 214, 85, 42, 15, 7, 3, 1, 1]
(1, (1, 0, 0)): [134890, 25998, 15366, 6721, 2723, 1132, 425, 166, 73, 32, 11, 9, 2, 2]
(1, (1, 0, 1)): [10868, 13933, 4941, 3086, 1305, 563, 206, 83, 32, 24, 7, 2]
(1, (1, 1, 0)): [34331, 11034, 8061, 5291, 2333, 1008, 388, 146, 57, 26, 6, 6, 1, 3]
(1, (1, 1, 1)): [6762, 5630, 3662, 2703, 1801, 807, 331, 137, 56, 22, 6, 3, 1, 1]
(2, (0, 0, 0)): [281598, 11974, 4060, 1262, 444, 164, 58, 23, 3, 1, 2]
(2, (0, 0, 1)): [34097, 11745, 2075, 681, 239, 92, 33, 11, 0, 1]
(2, (0, 1, 0)): [80658, 18959, 4590, 1536, 485, 173, 61, 19, 4, 1]
(2, (0, 1, 1)): [20496, 1865, 4977, 1302, 469, 171, 52, 17, 8, 2, 1]
(2, (1, 0, 0)): [165750, 13008, 6989, 2316, 763, 262, 105, 32, 9, 2, 2]
(2, (1, 0, 1)): [28692, 7830, 3444, 1699, 566, 212, 65, 26, 8, 1, 0, 1]
(2, (1, 1, 0)): [55527, 8693, 4864, 2874, 887, 333, 99, 28, 16, 6, 3, 0, 0, 1]
(2, (1, 1, 1)): [16633, 2550, 2919, 1571, 1040, 356, 117, 42, 18, 3, 3, 0, 0, 1]
