(0, (0, 0, 0)): [1783674, 360441, 165224, 75118, 33498, 14213, 5876, 2405, 972, 422, 177, 88, 33, 17, 4, 1, 1, 1]
(0, (0, 0, 1)): [7184, 21784, 5990, 2835, 1372, 578, 260, 113, 41, 23, 11, 3, 4, 3]
(0, (0, 1, 0)): [64301, 60347, 23491, 11423, 5465, 2338, 988, 414, 175, 96, 33, 9, 4, 6, 2, 0, 1]
(0, (0, 1, 1)): [5251, 9134, 10898, 5041, 2630, 1255, 533, 239, 122, 52, 12, 10, 2, 2, 2, 0, 1, 1]
(0, (1, 0, 0)): [379115, 127532, 80696, 39908, 18966, 8467, 3532, 1496, 629, 276, 124, 54, 22, 11, 3, 1, 1, 1]
(0, (1, 0, 1)): [9006, 27431, 11243, 7810, 4095, 1891, 895, 351, 177, 64, 38, 16, 6, 2, 2, 0, 0, 1]
(0, (1, 1, 0)): [52556, 33539, 25227, 18020, 9551, 4462, 1886, 891, 359, 171, 79, 30, 11, 4, 0, 0, 1]
(0, (1, 1, 1)): [5029, 9717, 7996, 5928, 4720, 2348, 1074, 522, 237, 105, 54, 17, 6, 3, 1, 0, 1]
(1, (0, 0, 0)): [1449810, 159205, 64967, 25670, 9974, 3763, 1456, 536, 189, 75, 29, 20, 7, 3, 0, 1]
(1, (0, 0, 1)): [40401, 58352, 11481, 4924, 2042, 837, 313, 126, 56, 23, 12, 6, 4, 2]
(1, (0, 1, 0)): [198836, 87910, 31750, 13644, 5500, 2173, 745, 338, 106, 47, 26, 9, 9, 2, 1]
(1, (0, 1, 1)): [31368, 26051, 23180, 9240, 4729, 1853, 725, 293, 130, 44, 12, 7, 2, 2, 0, 1]
(1, (1, 0, 0)): [547843, 98019, 62627, 26583, 10762, 4240, 1677, 600, 243, 101, 36, 28, 5, 3, 0, 2]
(1, (1, 0, 1)): [44372, 51531, 16660, 11087, 4763, 1946, 759, 295, 99, 61, 16, 7, 0, 1]
(1, (1, 1, 0)): [151196, 46444, 31025, 22150, 9308, 3822, 1492, 600, 243, 92, 34, 20, 9, 5, 1]
(1, (1, 1, 1)): [30714, 24617, 15703, 10199, 7518, 3194, 1302, 490, 207, 73, 24, 18, 9, 4, 1, 1]
(2, (0, 0, 0)): [1261817, 57704, 19218, 6092, 2045, 654, 221, 72, 12, 7, 5, 0, 1]
(2, (0, 0, 1)): [119779, 36497, 7344, 2489, 872, 293, 89, 30, 7, 2, 0, 1]
(2, (0, 1, 0)): [315419, 66595, 18015, 6318, 2077, 686, 213, 67, 16, 10, 6, 0, 1]
(2, (0, 1, 1)): [72586, 6257, 15680, 4298, 1693, 546, 185, 59, 21, 5, 4, 1, 0, 1]
(2, (1, 0, 0)): [664209, 48300, 31336, 9941, 3217, 1037, 400, 111, 21, 13, 7, 1, 1]
(2, (1, 0, 1)): [115263, 27735, 10990, 6598, 2170, 719, 237, 79, 26, 8, 1, 3, 1]
(2, (1, 1, 0)): [258162, 39319, 19818, 13529, 4342, 1407, 471, 154, 50, 23, 8, 2, 2, 1]
(2, (1, 1, 1)): [75187, 10985, 12612, 6271, 4576, 1440, 483, 160, 52, 10, 9, 3, 1, 1]
