(0, (0, 0, 0)): [2011733, 410464, 188625, 86247, 38681, 16574, 6856, 2790, 1128, 485, 218, 103, 37, 21, 5, 1, 1, 1]
(0, (0, 0, 1)): [7736, 23785, 6559, 3143, 1518, 650, 292, 122, 47, 29, 16, 3, 4, 3]
(0, (0, 1, 0)): [73587, 69237, 27097, 13353, 6398, 2735, 1169, 490, 201, 108, 37, 16, 6, 6, 3, 0, 1]
(0, (0, 1, 1)): [5909, 10373, 12375, 5748, 3015, 1448, 620, 261, 143, 61, 17, 11, 3, 4, 2, 0, 1, 1]
(0, (1, 0, 0)): [424960, 142208, 91264, 45383, 21740, 9762, 4055, 1727, 724, 309, 152, 59, 24, 16, 3, 1, 1, 1]
(0, (1, 0, 1)): [10029, 30587, 12558, 8841, 4677, 2166, 1022, 413, 201, 81, 43, 19, 8, 3, 2, 0, 0, 1]
(0, (1, 1, 0)): [59814, 38076, 28390, 20560, 10945, 5146, 2170, 1010, 417, 187, 92, 34, 12, 5, 0, 0, 1]
(0, (1, 1, 1)): [5720, 11168, 9087, 6704, 5435, 2713, 1239, 591, 283, 120, 63, 20, 7, 4, 1, 0, 1]
(1, (0, 0, 0)): [1639314, 182310, 74586, 29586, 11539, 4422, 1706, 624, 217, 89, 34, 21, 7, 3, 0, 1]
(1, (0, 0, 1)): [45185, 65228, 12995, 5609, 2309, 952, 362, 139, 63, 24, 13, 8, 4, 2]
(1, (0, 1, 0)): [224168, 98139, 35962, 15533, 6278, 2536, 881, 391, 117, 54, 29, 9, 10, 2, 1]
(1, (0, 1, 1)): [35078, 29456, 25825, 10454, 5403, 2112, 832, 336, 150, 51, 14, 7, 2, 2, 0, 1]
(1, (1, 0, 0)): [615563, 109606, 71155, 30362, 12397, 4931, 1950, 702, 276, 116, 44, 29, 5, 3, 0, 2]
(1, (1, 0, 1)): [50072, 57606, 18606, 12574, 5468, 2235, 871, 348, 120, 68, 21, 7, 1, 1]
(1, (1, 1, 0)): [171785, 52381, 34959, 25343, 10664, 4427, 1721, 682, 265, 109, 43, 22, 9, 5, 1]
(1, (1, 1, 1)): [35052, 28064, 17701, 11563, 8733, 3689, 1513, 574, 231, 84, 28, 18, 9, 4, 1, 1]
(2, (0, 0, 0)): [1429698, 66853, 22320, 7091, 2374, 760, 254, 89, 15, 7, 5, 0, 1]
(2, (0, 0, 1)): [135681, 40626, 8418, 2856, 1009, 345, 101, 35, 8, 5, 0, 2]
(2, (0, 1, 0)): [357355, 74653, 20632, 7256, 2451, 805, 252, 79, 17, 11, 7, 0, 1]
(2, (0, 1, 1)): [82342, 7026, 17525, 4985, 1960, 647, 203, 69, 22, 6, 4, 1, 0, 1]
(2, (1, 0, 0)): [745814, 54186, 35941, 11425, 3766, 1205, 457, 134, 31, 13, 7, 1, 1]
(2, (1, 0, 1)): [130752, 31015, 12285, 7648, 2550, 827, 281, 88, 30, 9, 2, 4, 1]
(2, (1, 1, 0)): [292559, 44213, 22405, 15502, 5021, 1625, 547, 186, 57, 27, 10, 2, 2, 1]
(2, (1, 1, 1)): [86023, 12532, 14314, 7171, 5369, 1669, 573, 194, 60, 15, 10, 3, 1, 1]
