(0, (0, 0, 0)): [788405, 159248, 74767, 34307, 15583, 6811, 2829, 1187, 500, 229, 103, 45, 23, 6, 3, 1, 0, 1]
(0, (0, 0, 1)): [3505, 11018, 3093, 1442, 700, 318, 143, 80, 30, 18, 6, 1, 3, 1]
(0, (0, 1, 0)): [25739, 25210, 9776, 4651, 2312, 1026, 425, 178, 81, 46, 17, 5, 3, 0, 1]
(0, (0, 1, 1)): [2304, 4035, 5138, 2298, 1261, 574, 252, 118, 60, 24, 8, 5, 0, 2, 1, 0, 0, 1]
(0, (1, 0, 0)): [174806, 59611, 37649, 18736, 9054, 4126, 1752, 754, 331, 147, 69, 28, 14, 4, 2, 1, 0, 1]
(0, (1, 0, 1)): [3923, 12599, 5284, 3576, 1928, 905, 443, 187, 87, 36, 17, 10, 4, 0, 1, 0, 0, 1]
(0, (1, 1, 0)): [23835, 15566, 12348, 8539, 4665, 2186, 969, 469, 189, 86, 43, 15, 7, 1]
(0, (1, 1, 1)): [2499, 4548, 3830, 3015, 2381, 1169, 558, 290, 127, 56, 31, 11, 2, 1, 1]
(1, (0, 0, 0)): [628650, 68670, 28503, 11322, 4542, 1769, 666, 265, 102, 42, 20, 11, 5, 2, 0, 1]
(1, (0, 0, 1)): [18506, 28182, 5527, 2305, 993, 419, 169, 77, 35, 12, 6, 4, 3, 1]
(1, (0, 1, 0)): [87439, 41487, 14565, 6155, 2521, 1034, 352, 160, 47, 28, 14, 7, 5, 1, 1]
(1, (0, 1, 1)): [14817, 12484, 12101, 4764, 2384, 954, 381, 151, 78, 21, 9, 4, 1, 2, 0, 1]
(1, (1, 0, 0)): [252478, 46501, 28768, 12505, 5105, 2099, 790, 302, 138, 60, 23, 15, 3, 2, 0, 2]
(1, (1, 0, 1)): [19548, 24614, 8193, 5277, 2282, 960, 352, 151, 58, 41, 13, 3, 0, 1]
(1, (1, 1, 0)): [68031, 21514, 15133, 10328, 4512, 1939, 754, 303, 122, 53, 19, 9, 5, 4, 1]
(1, (1, 1, 1)): [14048, 11382, 7433, 5088, 3667, 1588, 656, 254, 106, 39, 15, 10, 5, 2, 1, 1]
(2, (0, 0, 0)): [541620, 24002, 8222, 2584, 918, 308, 116, 38, 8, 3, 3, 0, 1]
(2, (0, 0, 1)): [54766, 18190, 3331, 1136, 400, 151, 48, 14, 1, 2, 0, 1]
(2, (0, 1, 0)): [141321, 32105, 8113, 2815, 901, 307, 106, 24, 6, 2, 2, 0, 1]
(2, (0, 1, 1)): [34059, 3094, 8014, 2086, 804, 271, 95, 34, 11, 4, 2, 1, 0, 1]
(2, (1, 0, 0)): [308770, 23272, 13987, 4455, 1486, 478, 190, 57, 14, 8, 4, 0, 1]
(2, (1, 0, 1)): [50240, 13155, 5436, 2976, 967, 336, 115, 38, 14, 3, 0, 2, 1]
(2, (1, 1, 0)): [116446, 18363, 9576, 6027, 1924, 668, 204, 68, 28, 13, 5, 0, 2, 1]
(2, (1, 1, 1)): [34210, 5198, 5827, 3027, 2064, 696, 223, 81, 32, 7, 5, 0, 1, 1]
