(0, (0, 0, 0)): [2445600, 500018, 229617, 105169, 47232, 20148, 8397, 3390, 1385, 600, 266, 122, 44, 23, 6, 1, 1, 1]
(0, (0, 0, 1)): [8816, 27492, 7540, 3682, 1759, 763, 343, 137, 56, 34, 20, 4, 4, 3]
(0, (0, 1, 0)): [90978, 84957, 33522, 16660, 7888, 3427, 1479, 602, 255, 130, 47, 19, 9, 6, 3, 0, 1]
(0, (0, 1, 1)): [7212, 12637, 14989, 6993, 3663, 1769, 761, 333, 167, 73, 23, 16, 4, 4, 2, 0, 1, 1]
(0, (1, 0, 0)): [509954, 167910, 109691, 54688, 26268, 11675, 4898, 2089, 883, 383, 183, 72, 27, 17, 4, 1, 1, 1]
(0, (1, 0, 1)): [11888, 36148, 14702, 10577, 5533, 2575, 1212, 500, 242, 100, 54, 20, 11, 3, 2, 0, 0, 1]
(0, (1, 1, 0)): [73267, 45904, 33848, 24824, 13227, 6158, 2643, 1219, 509, 232, 108, 43, 14, 6, 1, 0, 1]
(0, (1, 1, 1)): [7063, 13773, 11009, 8014, 6596, 3283, 1525, 722, 347, 145, 70, 26, 8, 4, 1, 0, 1]
(1, (0, 0, 0)): [2000566, 223869, 91318, 36246, 14206, 5417, 2085, 748, 265, 108, 38, 23, 8, 3, 0, 1]
(1, (0, 0, 1)): [53880, 77384, 15451, 6806, 2773, 1138, 445, 161, 75, 26, 15, 9, 4, 2]
(1, (0, 1, 0)): [269536, 116300, 43161, 18749, 7595, 3038, 1082, 460, 142, 70, 34, 10, 10, 2, 1]
(1, (0, 1, 1)): [41866, 35363, 30536, 12446, 6395, 2542, 1027, 412, 171, 59, 20, 10, 3, 2, 0, 1]
(1, (1, 0, 0)): [742264, 130047, 86383, 36815, 15032, 5976, 2340, 857, 331, 143, 51, 32, 7, 3, 0, 2]
(1, (1, 0, 1)): [60341, 68085, 21924, 15051, 6511, 2694, 1045, 416, 147, 79, 23, 10, 2, 1]
(1, (1, 1, 0)): [208753, 62545, 41672, 30686, 12906, 5359, 2088, 827, 323, 133, 49, 25, 10, 5, 1]
(1, (1, 1, 1)): [42739, 34145, 21294, 13879, 10675, 4552, 1857, 701, 285, 104, 34, 22, 9, 4, 1, 1]
(2, (0, 0, 0)): [1748293, 82991, 27410, 8772, 2944, 920, 314, 105, 21, 8, 5, 0, 1]
(2, (0, 0, 1)): [164545, 47933, 10124, 3489, 1227, 424, 122, 43, 9, 6, 0, 2]
(2, (0, 1, 0)): [433038, 88857, 25066, 8927, 3000, 958, 308, 90, 22, 13, 7, 0, 1]
(2, (0, 1, 1)): [100896, 8433, 20840, 6099, 2394, 800, 256, 82, 25, 7, 5, 1, 0, 1]
(2, (1, 0, 0)): [898289, 64830, 43805, 14004, 4601, 1462, 550, 160, 38, 15, 7, 1, 1]
(2, (1, 0, 1)): [158667, 36755, 14568, 9308, 3100, 996, 337, 101, 32, 11, 2, 4, 2]
(2, (1, 1, 0)): [352910, 52572, 26651, 18948, 6116, 1958, 657, 221, 69, 30, 10, 3, 2, 1]
(2, (1, 1, 1)): [104946, 15252, 17307, 8673, 6622, 2055, 697, 238, 80, 20, 10, 4, 1, 1]
