(0, (0, 0, 0), (0, 0)): [1913221, 389247, 178893, 81560, 36509, 15606, 6439, 2629, 1082, 460, 200, 97, 35, 18, 4, 1, 1, 1]
(0, (0, 0, 0), (0, 1)): [222965, 43476, 19668, 9186, 4050, 1798, 709, 270, 111, 50, 21, 11, 4, 3, 0, 1]
(0, (0, 0, 0), (0, 2)): [84488, 14624, 6446, 2953, 1282, 575, 219, 81, 36, 17, 6, 3, 2]
(0, (0, 0, 0), (1, 0)): [198135, 45292, 21575, 10005, 4720, 1973, 863, 339, 153, 47, 25, 12, 1, 3, 1, 0, 1]
(0, (0, 0, 0), (1, 1)): [190289, 39343, 18243, 8529, 3805, 1649, 702, 259, 121, 34, 22, 11, 3, 4, 0, 1, 1]
(0, (0, 0, 0), (1, 2)): [129197, 23349, 10522, 4843, 2138, 916, 386, 147, 69, 23, 11, 5, 4]
(0, (0, 0, 0), (2, 0)): [64112, 16189, 8278, 3872, 1933, 795, 337, 149, 56, 22, 12, 5, 0, 1, 1]
(0, (0, 0, 0), (2, 1)): [98999, 22377, 11009, 5093, 2415, 1036, 412, 185, 68, 25, 13, 8, 1, 2, 0, 0, 1]
(0, (0, 0, 0), (2, 2)): [102972, 20271, 9563, 4454, 2007, 839, 336, 141, 70, 22, 10, 3, 3, 1, 0, 0, 1]
(0, (0, 0, 0), (3, 0)): [18886, 5465, 3194, 1606, 811, 335, 139, 62, 24, 6, 5, 1, 0, 1, 1]
(0, (0, 0, 0), (3, 1)): [37925, 10144, 5406, 2646, 1296, 564, 222, 108, 46, 12, 5, 6, 1, 1, 1]
(0, (0, 0, 0), (3, 2)): [54597, 12632, 6682, 3124, 1497, 633, 243, 110, 49, 18, 7, 7, 3, 0, 1, 0, 1]
(0, (0, 0, 1), (0, 0)): [7481, 22978, 6348, 3032, 1447, 621, 275, 117, 45, 27, 13, 3, 4, 3]
(0, (0, 0, 1), (0, 1)): [615, 1945, 552, 234, 126, 48, 24, 9, 5, 2, 3, 0, 0, 1]
(0, (0, 0, 1), (0, 2)): [276, 729, 184, 82, 38, 20, 6, 2, 3]
(0, (0, 0, 1), (1, 0)): [625, 2200, 657, 364, 158, 78, 30, 11, 3, 3, 2]
(0, (0, 0, 1), (1, 1)): [580, 1840, 525, 237, 131, 52, 27, 9, 1, 4, 3, 0, 0, 1]
(0, (0, 0, 1), (1, 2)): [438, 1175, 306, 135, 61, 35, 12, 5, 2, 3, 2]
(0, (0, 0, 1), (2, 0)): [221, 819, 273, 168, 63, 38, 10, 6, 3, 1]
(0, (0, 0, 1), (2, 1)): [312, 1044, 334, 180, 91, 40, 19, 6, 3, 1, 1]
(0, (0, 0, 1), (2, 2)): [394, 1057, 287, 144, 77, 29, 14, 2, 1, 2, 1]
(0, (0, 0, 1), (3, 0)): [65, 276, 94, 68, 26, 15, 7, 2, 1]
(0, (0, 0, 1), (3, 1)): [124, 475, 148, 106, 48, 19, 8, 4, 2]
(0, (0, 0, 1), (3, 2)): [227, 659, 183, 123, 66, 21, 6, 2, 3, 1, 1]
(0, (0, 1, 0), (0, 0)): [69667, 65516, 25578, 12540, 5990, 2581, 1106, 460, 194, 104, 34, 13, 5, 6, 2, 0, 1]
(0, (0, 1, 0), (0, 1)): [8220, 7427, 2906, 1359, 653, 284, 140, 55, 24, 11, 1, 2, 0, 1]
(0, (0, 1, 0), (0, 2)): [3330, 2503, 988, 435, 207, 98, 57, 17, 8, 3, 0, 1]
(0, (0, 1, 0), (1, 0)): [8157, 7929, 3339, 1783, 820, 387, 147, 70, 28, 9, 4, 2, 2, 2, 1, 0, 1]
(0, (0, 1, 0), (1, 1)): [7301, 6567, 2659, 1327, 614, 265, 117, 54, 13, 10, 2, 1, 0, 2]
(0, (0, 1, 0), (1, 2)): [5066, 3951, 1623, 784, 343, 153, 71, 36, 8, 4, 2, 2]
(0, (0, 1, 0), (2, 0)): [2966, 2832, 1259, 727, 321, 182, 61, 29, 14, 3, 1, 2, 2, 1, 0, 0, 1]
(0, (0, 1, 0), (2, 1)): [4008, 3685, 1568, 790, 377, 199, 75, 28, 10, 7, 1, 1, 1, 1, 0, 0, 1]
(0, (0, 1, 0), (2, 2)): [4373, 3377, 1489, 680, 317, 149, 64, 26, 10, 4, 2, 2, 0, 0, 0, 0, 1]
(0, (0, 1, 0), (3, 0)): [1026, 869, 427, 299, 140, 77, 33, 16, 8, 1, 0, 1, 1]
(0, (0, 1, 0), (3, 1)): [1743, 1523, 719, 466, 211, 117, 41, 18, 2, 2, 0, 1, 0, 1]
(0, (0, 1, 0), (3, 2)): [2520, 1972, 970, 500, 235, 116, 55, 18, 5, 4, 2, 0, 0, 0, 0, 0, 1]
(0, (0, 1, 1), (0, 0)): [5652, 9837, 11743, 5455, 2848, 1385, 573, 252, 135, 55, 15, 11, 2, 3, 2, 0, 1, 1]
(0, (0, 1, 1), (0, 1)): [667, 1062, 1216, 545, 281, 146, 62, 17, 12, 6, 2, 2, 0, 0, 0, 0, 1]
(0, (0, 1, 1), (0, 2)): [311, 395, 427, 207, 91, 53, 25, 7, 2, 3, 0, 1]
(0, (0, 1, 1), (1, 0)): [631, 1217, 1471, 736, 377, 203, 73, 31, 24, 4, 2, 3, 0, 1, 1]
(0, (0, 1, 1), (1, 1)): [556, 959, 1139, 516, 275, 137, 47, 19, 13, 3, 2, 0, 0, 0, 0, 0, 1]
(0, (0, 1, 1), (1, 2)): [443, 613, 653, 306, 172, 94, 28, 9, 6, 2, 1, 1, 0, 0, 0, 0, 1]
(0, (0, 1, 1), (2, 0)): [251, 544, 571, 327, 189, 108, 34, 14, 13, 3, 1, 1, 0, 1, 1]
(0, (0, 1, 1), (2, 1)): [291, 553, 663, 319, 148, 75, 25, 16, 10, 4, 0, 0, 0, 0, 1]
(0, (0, 1, 1), (2, 2)): [353, 556, 566, 278, 135, 81, 25, 12, 6, 3, 1, 1, 0, 0, 0, 0, 1]
(0, (0, 1, 1), (3, 0)): [133, 252, 242, 152, 111, 62, 19, 6, 8, 1, 1, 1, 0, 1]
(0, (0, 1, 1), (3, 1)): [123, 212, 258, 144, 101, 41, 14, 8, 10, 2, 0, 0, 0, 0, 1]
(0, (0, 1, 1), (3, 2)): [201, 286, 343, 188, 91, 63, 20, 10, 11, 1, 1, 0, 0, 0, 0, 0, 1]
(0, (1, 0, 0), (0, 0)): [405381, 135970, 86903, 43084, 20590, 9235, 3826, 1625, 700, 291, 142, 57, 23, 12, 3, 1, 1, 1]
(0, (1, 0, 0), (0, 1)): [42899, 13129, 8745, 4283, 2072, 943, 375, 156, 81, 21, 8, 4]
(0, (1, 0, 0), (0, 2)): [16031, 4283, 2889, 1343, 635, 282, 131, 45, 24, 4, 4, 2]
(0, (1, 0, 0), (1, 0)): [38775, 13824, 9761, 5041, 2517, 1135, 461, 194, 87, 37, 25, 8, 1, 5, 1, 0, 1]
(0, (1, 0, 0), (1, 1)): [33326, 10810, 7407, 3748, 1769, 844, 322, 134, 63, 26, 9, 4, 0, 2]
(0, (1, 0, 0), (1, 2)): [21421, 6062, 4172, 2034, 962, 419, 176, 70, 39, 10, 2, 2]
(0, (1, 0, 0), (2, 0)): [12039, 4684, 3468, 1911, 992, 448, 187, 80, 28, 17, 12, 2, 1, 3, 0, 0, 1]
(0, (1, 0, 0), (2, 1)): [16328, 5709, 4012, 2133, 1016, 487, 194, 78, 38, 17, 9, 4, 0, 4, 0, 0, 1]
(0, (1, 0, 0), (2, 2)): [15640, 4799, 3362, 1619, 807, 328, 159, 68, 38, 14, 6, 2, 0, 2]
(0, (1, 0, 0), (3, 0)): [3102, 1474, 1138, 754, 404, 175, 76, 33, 11, 7, 5, 1]
(0, (1, 0, 0), (3, 1)): [5803, 2385, 1761, 1107, 542, 268, 99, 44, 20, 9, 7, 2, 0, 2]
(0, (1, 0, 0), (3, 2)): [7334, 2750, 1927, 1104, 565, 231, 110, 52, 26, 9, 5, 1, 0, 1]
(0, (1, 0, 1), (0, 0)): [9563, 29328, 12020, 8447, 4435, 2054, 973, 388, 193, 70, 40, 18, 7, 2, 2, 0, 0, 1]
(0, (1, 0, 1), (0, 1)): [1001, 2910, 1156, 872, 439, 213, 103, 25, 16, 6, 2, 0, 2, 1]
(0, (1, 0, 1), (0, 2)): [457, 1023, 387, 279, 150, 77, 31, 9, 5, 1, 0, 0, 0, 1]
(0, (1, 0, 1), (1, 0)): [920, 3122, 1295, 975, 531, 258, 94, 46, 29, 7, 8, 1, 0, 0, 1]
(0, (1, 0, 1), (1, 1)): [802, 2391, 990, 725, 370, 162, 72, 29, 22, 5, 4]
(0, (1, 0, 1), (1, 2)): [634, 1360, 559, 388, 209, 81, 41, 14, 9, 2]
(0, (1, 0, 1), (2, 0)): [309, 1063, 450, 342, 197, 113, 37, 18, 6, 2, 4, 1]
(0, (1, 0, 1), (2, 1)): [383, 1249, 525, 397, 200, 110, 37, 14, 15, 3, 4]
(0, (1, 0, 1), (2, 2)): [492, 1062, 455, 336, 174, 79, 41, 18, 4, 2, 2]
(0, (1, 0, 1), (3, 0)): [102, 329, 159, 95, 73, 50, 16, 7, 1, 1, 1, 1]
(0, (1, 0, 1), (3, 1)): [141, 428, 223, 171, 114, 61, 13, 5, 8, 3, 2]
(0, (1, 0, 1), (3, 2)): [228, 525, 281, 195, 121, 65, 25, 11, 7, 5, 3]
(0, (1, 1, 0), (0, 0)): [56706, 36132, 27152, 19506, 10376, 4861, 2046, 957, 401, 182, 87, 33, 11, 4, 0, 0, 1]
(0, (1, 1, 0), (0, 1)): [6763, 3768, 2605, 1996, 1144, 476, 213, 91, 37, 14, 10, 5, 0, 0, 0, 0, 1]
(0, (1, 1, 0), (0, 2)): [2733, 1305, 869, 669, 377, 154, 68, 32, 15, 7, 3]
(0, (1, 1, 0), (1, 0)): [5434, 3624, 2839, 2165, 1119, 590, 232, 103, 43, 18, 9, 4, 1, 2]
(0, (1, 1, 0), (1, 1)): [5004, 2893, 2170, 1699, 877, 425, 166, 75, 25, 11, 9, 2, 1, 1, 0, 0, 1]
(0, (1, 1, 0), (1, 2)): [3533, 1744, 1231, 1012, 514, 213, 90, 40, 16, 10, 3, 1, 0, 1, 0, 0, 1]
(0, (1, 1, 0), (2, 0)): [1629, 1210, 991, 733, 429, 231, 101, 45, 20, 8, 4, 3, 0, 1]
(0, (1, 1, 0), (2, 1)): [2338, 1464, 1195, 902, 488, 239, 102, 47, 22, 8, 7, 3, 1]
(0, (1, 1, 0), (2, 2)): [2514, 1339, 1010, 807, 417, 196, 83, 40, 17, 9, 3, 1, 0, 0, 0, 0, 1]
(0, (1, 1, 0), (3, 0)): [384, 389, 357, 246, 165, 96, 39, 19, 9, 4, 2, 1, 0, 1]
(0, (1, 1, 0), (3, 1)): [827, 618, 536, 399, 255, 145, 59, 22, 12, 7, 3, 1, 1]
(0, (1, 1, 0), (3, 2)): [1180, 736, 631, 502, 275, 142, 63, 32, 11, 3, 2, 0, 0, 0, 0, 0, 1]
(0, (1, 1, 1), (0, 0)): [5417, 10547, 8647, 6366, 5130, 2555, 1177, 569, 266, 110, 57, 19, 6, 4, 1, 0, 1]
(0, (1, 1, 1), (0, 1)): [697, 1190, 988, 655, 574, 286, 119, 59, 34, 12, 4, 2, 2, 1]
(0, (1, 1, 1), (0, 2)): [370, 465, 361, 239, 203, 102, 36, 19, 12, 3, 3, 1, 1]
(0, (1, 1, 1), (1, 0)): [456, 1121, 964, 689, 561, 303, 127, 45, 32, 8, 6, 3, 0, 1, 0, 0, 1]
(0, (1, 1, 1), (1, 1)): [456, 976, 815, 545, 455, 249, 114, 49, 23, 11, 4, 1, 1, 1, 0, 0, 1]
(0, (1, 1, 1), (1, 2)): [424, 664, 525, 345, 296, 138, 63, 28, 14, 1, 3, 1, 0, 1, 0, 0, 1]
(0, (1, 1, 1), (2, 0)): [126, 338, 316, 244, 216, 115, 36, 20, 10, 2, 2, 2, 0, 1]
(0, (1, 1, 1), (2, 1)): [206, 435, 397, 281, 226, 132, 49, 28, 18, 7, 1, 0, 1]
(0, (1, 1, 1), (2, 2)): [260, 479, 407, 275, 218, 114, 46, 26, 11, 5, 0, 1, 1]
(0, (1, 1, 1), (3, 0)): [26, 106, 86, 89, 67, 48, 18, 10, 2, 0, 2, 1, 0, 1]
(0, (1, 1, 1), (3, 1)): [66, 168, 158, 121, 101, 56, 31, 12, 6, 2, 1, 1, 0, 1]
(0, (1, 1, 1), (3, 2)): [99, 243, 223, 157, 143, 69, 40, 17, 11, 3, 0, 1, 1, 1]
(1, (0, 0, 0), (0, 0)): [1557490, 172573, 70543, 27928, 10880, 4146, 1605, 593, 208, 84, 32, 20, 7, 3, 0, 1]
(1, (0, 0, 0), (0, 1)): [183341, 19369, 7726, 3082, 1213, 440, 160, 76, 17, 5, 1, 3, 0, 1]
(1, (0, 0, 0), (0, 2)): [69701, 6227, 2470, 921, 375, 135, 41, 24, 2, 2, 0, 2]
(1, (0, 0, 0), (1, 0)): [170340, 21740, 9195, 3716, 1499, 572, 230, 73, 25, 11, 4, 2, 0, 0, 0, 1]
(1, (0, 0, 0), (1, 1)): [161283, 18099, 7359, 2978, 1194, 425, 185, 64, 21, 8, 3, 1, 0, 1]
(1, (0, 0, 0), (1, 2)): [107571, 10220, 4082, 1616, 665, 251, 94, 32, 7, 5, 0, 1]
(1, (0, 0, 0), (2, 0)): [57149, 8293, 3770, 1544, 624, 254, 105, 36, 9, 4, 2, 2, 0, 0, 0, 1]
(1, (0, 0, 0), (2, 1)): [86360, 10878, 4706, 1869, 776, 292, 100, 49, 9, 7, 4, 1]
(1, (0, 0, 0), (2, 2)): [88268, 9311, 3960, 1612, 645, 251, 82, 36, 9, 6, 1]
(1, (0, 0, 0), (3, 0)): [17099, 2795, 1556, 656, 263, 110, 56, 13, 7, 2, 1, 1, 0, 0, 0, 1]
(1, (0, 0, 0), (3, 1)): [34644, 5308, 2579, 1089, 446, 178, 72, 23, 5, 3, 2]
(1, (0, 0, 0), (3, 2)): [48645, 6309, 3009, 1264, 515, 199, 66, 32, 8, 6, 2]
(1, (0, 0, 1), (0, 0)): [43165, 62315, 12349, 5297, 2192, 906, 343, 132, 62, 23, 13, 6, 4, 2]
(1, (0, 0, 1), (0, 1)): [4576, 5607, 1134, 451, 166, 76, 35, 9, 2, 0, 2, 1]
(1, (0, 0, 1), (0, 2)): [1991, 1831, 350, 125, 58, 22, 17, 2, 2, 0, 0, 1]
(1, (0, 0, 1), (1, 0)): [4935, 7475, 1583, 759, 309, 147, 44, 17, 12, 3, 1]
(1, (0, 0, 1), (1, 1)): [4277, 5539, 1138, 489, 197, 83, 25, 9, 4, 2, 1]
(1, (0, 0, 1), (1, 2)): [3151, 3046, 579, 246, 110, 43, 20, 3, 4, 0, 0, 1]
(1, (0, 0, 1), (2, 0)): [2029, 3044, 715, 391, 156, 74, 27, 11, 7, 1, 1]
(1, (0, 0, 1), (2, 1)): [2455, 3368, 726, 343, 134, 60, 19, 9, 4, 1, 1]
(1, (0, 0, 1), (2, 2)): [2749, 2800, 585, 268, 102, 46, 22, 6, 2, 0, 1, 1]
(1, (0, 0, 1), (3, 0)): [955, 1239, 336, 216, 87, 43, 12, 5, 1, 0, 1]
(1, (0, 0, 1), (3, 1)): [1082, 1443, 367, 200, 73, 34, 13, 6, 2]
(1, (0, 0, 1), (3, 2)): [1684, 1768, 413, 224, 90, 37, 18, 7, 2, 0, 1]
(1, (0, 1, 0), (0, 0)): [213395, 93701, 34178, 14760, 5946, 2385, 827, 366, 115, 52, 27, 9, 9, 2, 1]
(1, (0, 1, 0), (0, 1)): [23139, 9150, 3364, 1411, 555, 247, 85, 38, 11, 6, 3]
(1, (0, 1, 0), (0, 2)): [9059, 3193, 1123, 443, 153, 84, 30, 11, 3, 2]
(1, (0, 1, 0), (1, 0)): [26113, 11044, 4402, 2180, 905, 357, 127, 57, 23, 8, 4, 0, 0, 1]
(1, (0, 1, 0), (1, 1)): [21435, 8522, 3227, 1493, 625, 247, 86, 29, 13, 3, 2, 0, 0, 1]
(1, (0, 1, 0), (1, 2)): [14256, 5098, 1818, 758, 271, 120, 45, 22, 6, 4]
(1, (0, 1, 0), (2, 0)): [11073, 4496, 1962, 1112, 469, 183, 68, 39, 13, 5, 4]
(1, (0, 1, 0), (2, 1)): [12542, 4988, 2096, 1037, 459, 170, 64, 27, 9, 4, 2, 0, 0, 1]
(1, (0, 1, 0), (2, 2)): [12406, 4448, 1722, 758, 306, 130, 42, 16, 7, 5, 1]
(1, (0, 1, 0), (3, 0)): [5057, 1892, 869, 622, 275, 102, 39, 20, 9, 2, 2]
(1, (0, 1, 0), (3, 1)): [5953, 2233, 1056, 640, 297, 97, 41, 22, 11, 2, 2, 0, 0, 1]
(1, (0, 1, 0), (3, 2)): [7687, 2727, 1233, 658, 289, 98, 36, 15, 4, 6, 2, 0, 0, 1]
(1, (0, 1, 1), (0, 0)): [33500, 28073, 24710, 9950, 5109, 2013, 789, 319, 144, 47, 13, 7, 2, 2, 0, 1]
(1, (0, 1, 1), (0, 1)): [3207, 2469, 2062, 842, 380, 147, 69, 31, 7, 1, 1]
(1, (0, 1, 1), (0, 2)): [1508, 809, 721, 291, 146, 44, 25, 14, 1, 1, 1]
(1, (0, 1, 1), (1, 0)): [4245, 3889, 2924, 1294, 818, 308, 121, 53, 20, 8]
(1, (0, 1, 1), (1, 1)): [2776, 2269, 1860, 772, 370, 135, 53, 25, 10, 3]
(1, (0, 1, 1), (1, 2)): [2249, 1319, 1137, 455, 229, 77, 33, 18, 3, 2, 1]
(1, (0, 1, 1), (2, 0)): [2438, 2098, 1525, 739, 551, 216, 90, 37, 14, 5]
(1, (0, 1, 1), (2, 1)): [1514, 1309, 1055, 474, 241, 95, 38, 14, 5, 3]
(1, (0, 1, 1), (2, 2)): [1855, 1134, 967, 416, 215, 66, 24, 9, 3, 2]
(1, (0, 1, 1), (3, 0)): [1771, 1431, 962, 515, 450, 172, 72, 30, 11, 4]
(1, (0, 1, 1), (3, 1)): [640, 599, 462, 215, 126, 68, 26, 11, 3, 2]
(1, (0, 1, 1), (3, 2)): [1049, 743, 538, 264, 158, 57, 19, 11, 2, 2]
(1, (1, 0, 0), (0, 0)): [586688, 104784, 67586, 28770, 11713, 4659, 1838, 668, 262, 109, 43, 28, 5, 3, 0, 2]
(1, (1, 0, 0), (0, 1)): [62443, 10103, 6692, 2872, 1148, 454, 194, 68, 16, 9, 6, 2]
(1, (1, 0, 0), (0, 2)): [23126, 3213, 2140, 858, 339, 150, 70, 17, 4, 3, 2]
(1, (1, 0, 0), (1, 0)): [60829, 11759, 8208, 3663, 1521, 624, 244, 92, 27, 14, 4, 2, 1, 0, 0, 1]
(1, (1, 0, 0), (1, 1)): [51169, 8850, 6020, 2662, 1046, 417, 160, 64, 17, 8, 5, 4, 0, 0, 0, 1]
(1, (1, 0, 0), (1, 2)): [32702, 4941, 3327, 1388, 526, 207, 90, 36, 6, 4, 3, 1]
(1, (1, 0, 0), (2, 0)): [19936, 4188, 3027, 1518, 631, 261, 107, 35, 15, 6, 1, 0, 1]
(1, (1, 0, 0), (2, 1)): [25964, 4895, 3425, 1679, 650, 283, 109, 35, 15, 3, 4, 2, 0, 0, 0, 1]
(1, (1, 0, 0), (2, 2)): [24752, 4062, 2756, 1237, 499, 205, 79, 31, 5, 4, 3]
(1, (1, 0, 0), (3, 0)): [5588, 1420, 926, 600, 274, 109, 42, 11, 5, 4, 0, 0, 1]
(1, (1, 0, 0), (3, 1)): [9970, 2315, 1524, 888, 368, 142, 61, 14, 9, 4, 2, 1, 0, 0, 0, 1]
(1, (1, 0, 0), (3, 2)): [12455, 2602, 1648, 879, 352, 153, 60, 14, 8, 4, 4, 1, 0, 0, 0, 1]
(1, (1, 0, 1), (0, 0)): [47612, 55093, 17774, 11957, 5168, 2118, 826, 329, 109, 65, 18, 7, 0, 1]
(1, (1, 0, 1), (0, 1)): [5592, 5115, 1643, 1105, 483, 212, 72, 24, 10, 7]
(1, (1, 0, 1), (0, 2)): [2407, 1620, 559, 354, 164, 74, 30, 13, 4, 3]
(1, (1, 0, 1), (1, 0)): [4994, 5786, 1936, 1409, 651, 255, 99, 48, 13, 10, 0, 1]
(1, (1, 0, 1), (1, 1)): [4416, 4272, 1384, 996, 406, 180, 59, 19, 6, 4, 0, 1]
(1, (1, 0, 1), (1, 2)): [3215, 2370, 833, 549, 230, 112, 27, 22, 4, 3]
(1, (1, 0, 1), (2, 0)): [1729, 1912, 697, 522, 281, 104, 42, 20, 6, 5]
(1, (1, 0, 1), (2, 1)): [2183, 2176, 718, 550, 261, 93, 40, 11, 7, 2, 0, 1]
(1, (1, 0, 1), (2, 2)): [2311, 1806, 665, 446, 219, 77, 32, 13, 6, 2]
(1, (1, 0, 1), (3, 0)): [580, 663, 261, 184, 123, 50, 17, 6, 1, 3]
(1, (1, 0, 1), (3, 1)): [808, 881, 340, 240, 138, 58, 17, 7, 2, 1, 0, 1]
(1, (1, 0, 1), (3, 2)): [1143, 1029, 425, 285, 173, 64, 23, 9, 5, 2, 0, 1]
(1, (1, 1, 0), (0, 0)): [163098, 49907, 33325, 24003, 10104, 4189, 1630, 647, 258, 102, 42, 20, 9, 5, 1]
(1, (1, 1, 0), (0, 1)): [19292, 5162, 3210, 2469, 1072, 439, 154, 59, 23, 9, 6, 3]
(1, (1, 1, 0), (0, 2)): [7745, 1824, 1072, 821, 356, 143, 43, 15, 6, 1, 2]
(1, (1, 1, 0), (1, 0)): [16926, 5644, 3811, 2928, 1265, 535, 229, 79, 25, 15, 9, 1, 2, 1]
(1, (1, 1, 0), (1, 1)): [15267, 4431, 2967, 2213, 964, 393, 143, 65, 16, 16, 6, 2]
(1, (1, 1, 0), (1, 2)): [10849, 2644, 1687, 1290, 553, 178, 62, 34, 6, 3, 6, 2]
(1, (1, 1, 0), (2, 0)): [5419, 2037, 1318, 1055, 519, 244, 107, 31, 13, 4, 5, 1, 2, 1]
(1, (1, 1, 0), (2, 1)): [7534, 2477, 1689, 1260, 578, 278, 118, 31, 14, 6, 5, 0, 1]
(1, (1, 1, 0), (2, 2)): [8139, 2191, 1415, 1068, 505, 194, 79, 29, 8, 3, 3, 1]
(1, (1, 1, 0), (3, 0)): [1396, 756, 457, 314, 208, 99, 42, 17, 4, 1, 1, 1, 1]
(1, (1, 1, 0), (3, 1)): [2835, 1183, 800, 588, 327, 161, 61, 20, 8, 4, 3, 1, 1]
(1, (1, 1, 0), (3, 2)): [3944, 1378, 925, 678, 371, 145, 59, 22, 6, 4, 1, 1, 1]
(1, (1, 1, 1), (0, 0)): [33170, 26596, 16840, 10994, 8223, 3503, 1430, 536, 220, 79, 27, 18, 9, 4, 1, 1]
(1, (1, 1, 1), (0, 1)): [4155, 2834, 1763, 1121, 873, 357, 153, 56, 26, 5, 3, 1, 0, 1]
(1, (1, 1, 1), (0, 2)): [1961, 980, 618, 403, 296, 103, 51, 14, 4, 2, 2, 0, 0, 1]
(1, (1, 1, 1), (1, 0)): [3209, 2919, 1804, 1148, 975, 431, 192, 64, 22, 11, 3, 3, 2]
(1, (1, 1, 1), (1, 1)): [3095, 2374, 1505, 956, 756, 326, 140, 56, 25, 6, 2, 2]
(1, (1, 1, 1), (1, 2)): [2447, 1363, 907, 583, 448, 185, 77, 31, 11, 2, 1, 2, 0, 1]
(1, (1, 1, 1), (2, 0)): [818, 962, 627, 388, 358, 174, 75, 31, 4, 4, 2, 1, 1]
(1, (1, 1, 1), (2, 1)): [1330, 1260, 770, 480, 389, 196, 83, 26, 10, 3, 2, 1]
(1, (1, 1, 1), (2, 2)): [1634, 1096, 746, 483, 369, 162, 76, 23, 7, 3, 1, 2, 0, 1]
(1, (1, 1, 1), (3, 0)): [140, 307, 195, 143, 111, 64, 30, 12, 2, 2, 0, 0, 1]
(1, (1, 1, 1), (3, 1)): [332, 535, 343, 210, 184, 103, 32, 20, 5, 2, 1, 0, 1]
(1, (1, 1, 1), (3, 2)): [650, 649, 434, 280, 226, 111, 43, 22, 3, 1, 2, 1, 0, 1]
(2, (0, 0, 0), (0, 0)): [1357305, 63058, 21022, 6653, 2237, 713, 243, 84, 14, 7, 5, 0, 1]
(2, (0, 0, 0), (0, 1)): [159411, 6717, 2230, 702, 253, 68, 27, 9, 2]
(2, (0, 0, 0), (0, 2)): [60038, 1787, 591, 199, 77, 15, 2, 5]
(2, (0, 0, 0), (1, 0)): [154214, 8976, 3128, 940, 358, 96, 35, 12, 2, 0, 0, 0, 1]
(2, (0, 0, 0), (1, 1)): [142925, 6862, 2386, 688, 267, 79, 31, 5, 2]
(2, (0, 0, 0), (1, 2)): [93625, 3190, 1136, 360, 126, 33, 15, 6]
(2, (0, 0, 0), (2, 0)): [54732, 3586, 1486, 428, 167, 39, 15, 7, 1, 0, 0, 0, 1]
(2, (0, 0, 0), (2, 1)): [79958, 4490, 1721, 471, 168, 46, 19, 5, 2]
(2, (0, 0, 0), (2, 2)): [80083, 3365, 1280, 364, 133, 42, 12, 5]
(2, (0, 0, 0), (3, 0)): [17397, 1220, 695, 196, 80, 21, 6, 4, 0, 0, 0, 0, 1]
(2, (0, 0, 0), (3, 1)): [33852, 2288, 1103, 329, 104, 26, 7, 5, 1]
(2, (0, 0, 0), (3, 2)): [46911, 2560, 1183, 341, 118, 36, 8, 4, 1]
(2, (0, 0, 1), (0, 0)): [128935, 38851, 7966, 2707, 944, 328, 97, 32, 8, 4, 0, 1]
(2, (0, 0, 1), (0, 1)): [14382, 3486, 775, 243, 79, 32, 13, 4, 1, 2]
(2, (0, 0, 1), (0, 2)): [5660, 1048, 233, 68, 22, 9, 4, 0, 0, 1]
(2, (0, 0, 1), (1, 0)): [16703, 4682, 1173, 446, 158, 61, 15, 6, 2]
(2, (0, 0, 1), (1, 1)): [13717, 3406, 766, 279, 91, 38, 8, 4, 1, 1]
(2, (0, 0, 1), (1, 2)): [9284, 1764, 385, 115, 48, 20, 6, 1, 0, 1]
(2, (0, 0, 1), (2, 0)): [7267, 2000, 583, 258, 91, 35, 9, 3, 1]
(2, (0, 0, 1), (2, 1)): [8278, 2180, 585, 237, 80, 26, 6, 4, 0, 1]
(2, (0, 0, 1), (2, 2)): [8512, 1737, 461, 149, 58, 23, 5, 1]
(2, (0, 0, 1), (3, 0)): [3461, 833, 281, 154, 44, 21, 7, 1, 1]
(2, (0, 0, 1), (3, 1)): [3944, 1057, 312, 162, 48, 18, 5, 3]
(2, (0, 0, 1), (3, 2)): [5478, 1218, 360, 159, 49, 18, 6, 1]
(2, (0, 1, 0), (0, 0)): [339499, 71202, 19545, 6863, 2276, 753, 235, 75, 17, 10, 6, 0, 1]
(2, (0, 1, 0), (0, 1)): [36917, 6433, 1791, 557, 210, 61, 18, 6, 3, 1, 1]
(2, (0, 1, 0), (0, 2)): [14415, 1908, 521, 145, 59, 12, 6, 1, 0, 1]
(2, (0, 1, 0), (1, 0)): [43753, 8648, 2927, 1216, 380, 123, 45, 18, 0, 1, 0, 0, 1]
(2, (0, 1, 0), (1, 1)): [34842, 6340, 1912, 652, 230, 64, 28, 10, 3, 0, 1]
(2, (0, 1, 0), (1, 2)): [23178, 3280, 860, 305, 105, 25, 12, 5, 0, 1]
(2, (0, 1, 0), (2, 0)): [19940, 3715, 1448, 745, 242, 76, 22, 10, 0, 1, 0, 0, 1]
(2, (0, 1, 0), (2, 1)): [21014, 3996, 1368, 513, 178, 51, 19, 5, 2, 0, 1, 0, 1]
(2, (0, 1, 0), (2, 2)): [20957, 3195, 920, 364, 133, 32, 18, 7, 0, 1]
(2, (0, 1, 0), (3, 0)): [10203, 1627, 733, 505, 152, 47, 16, 10, 0, 1]
(2, (0, 1, 0), (3, 1)): [9835, 1866, 774, 385, 131, 42, 13, 5, 2, 0, 1, 0, 1]
(2, (0, 1, 0), (3, 2)): [13372, 2107, 799, 398, 133, 40, 21, 7, 0, 0, 0, 0, 1]
(2, (0, 1, 1), (0, 0)): [78299, 6708, 16798, 4686, 1858, 617, 194, 65, 21, 6, 4, 1, 0, 1]
(2, (0, 1, 1), (0, 1)): [8685, 563, 1492, 401, 143, 54, 10, 7, 0, 1]
(2, (0, 1, 1), (0, 2)): [3620, 199, 444, 126, 51, 15, 4, 1, 0, 1]
(2, (0, 1, 1), (1, 0)): [10440, 1013, 2046, 737, 339, 125, 34, 12, 3, 0, 2]
(2, (0, 1, 1), (1, 1)): [7989, 551, 1438, 419, 156, 67, 12, 8, 2]
(2, (0, 1, 1), (1, 2)): [5866, 316, 795, 222, 86, 29, 5, 3, 0, 1]
(2, (0, 1, 1), (2, 0)): [5116, 584, 948, 404, 227, 78, 22, 8, 1, 0, 2]
(2, (0, 1, 1), (2, 1)): [4701, 370, 893, 282, 126, 52, 9, 4, 2, 0, 1]
(2, (0, 1, 1), (2, 2)): [5160, 357, 737, 226, 91, 45, 7, 3, 1]
(2, (0, 1, 1), (3, 0)): [3027, 408, 490, 247, 159, 58, 18, 7, 0, 0, 1]
(2, (0, 1, 1), (3, 1)): [2286, 187, 413, 150, 82, 31, 8, 5, 1, 0, 1]
(2, (0, 1, 1), (3, 2)): [3314, 275, 507, 174, 86, 49, 7, 5, 2]
(2, (1, 0, 0), (0, 0)): [710979, 51688, 34029, 10795, 3537, 1132, 437, 126, 28, 13, 7, 1, 1]
(2, (1, 0, 0), (0, 1)): [75272, 4618, 3241, 1029, 350, 114, 52, 18, 6, 0, 0, 1]
(2, (1, 0, 0), (0, 2)): [27765, 1249, 811, 277, 102, 25, 17, 2, 2]
(2, (1, 0, 0), (1, 0)): [75369, 6274, 4472, 1539, 526, 150, 65, 16, 3, 1, 0, 0, 1]
(2, (1, 0, 0), (1, 1)): [63923, 4279, 3051, 1023, 328, 102, 41, 15, 4]
(2, (1, 0, 0), (1, 2)): [40578, 2003, 1362, 495, 157, 44, 20, 3, 3]
(2, (1, 0, 0), (2, 0)): [25495, 2467, 1685, 726, 242, 71, 34, 10, 2, 1, 0, 0, 1]
(2, (1, 0, 0), (2, 1)): [33539, 2634, 1840, 684, 230, 65, 32, 9, 1, 0, 0, 0, 1]
(2, (1, 0, 0), (2, 2)): [31786, 1944, 1291, 461, 172, 45, 24, 4, 2]
(2, (1, 0, 0), (3, 0)): [7568, 945, 559, 347, 106, 34, 13, 4, 1, 1]
(2, (1, 0, 0), (3, 1)): [13577, 1394, 893, 476, 123, 41, 18, 4, 1, 1, 0, 0, 1]
(2, (1, 0, 0), (3, 2)): [16802, 1485, 925, 424, 133, 45, 19, 5, 0, 1, 0, 0, 1]
(2, (1, 0, 1), (0, 0)): [124138, 29635, 11730, 7222, 2369, 782, 265, 82, 29, 9, 2, 3, 1]
(2, (1, 0, 1), (0, 1)): [14552, 2879, 1053, 704, 239, 81, 24, 7, 4, 1, 1, 1]
(2, (1, 0, 1), (0, 2)): [5850, 849, 313, 190, 67, 19, 3, 2, 1]
(2, (1, 0, 1), (1, 0)): [14452, 3199, 1478, 1037, 376, 112, 44, 9, 0, 1]
(2, (1, 0, 1), (1, 1)): [12267, 2500, 1031, 667, 261, 84, 35, 6, 3, 1, 1, 1]
(2, (1, 0, 1), (1, 2)): [8314, 1284, 517, 322, 120, 40, 16, 4, 3, 0, 0, 1]
(2, (1, 0, 1), (2, 0)): [5245, 1134, 616, 426, 163, 50, 17, 7]
(2, (1, 0, 1), (2, 1)): [6724, 1359, 659, 396, 187, 61, 19, 4, 0, 1]
(2, (1, 0, 1), (2, 2)): [6474, 1038, 486, 282, 106, 47, 15, 4, 3, 0, 0, 1]
(2, (1, 0, 1), (3, 0)): [1771, 352, 250, 167, 65, 18, 10, 3]
(2, (1, 0, 1), (3, 1)): [2909, 544, 329, 213, 120, 27, 14, 2, 0, 1]
(2, (1, 0, 1), (3, 2)): [3615, 554, 374, 205, 99, 39, 12, 3, 3]
(2, (1, 1, 0), (0, 0)): [277842, 42110, 21319, 14660, 4732, 1531, 520, 175, 54, 26, 9, 2, 2, 1]
(2, (1, 1, 0), (0, 1)): [32106, 4142, 1933, 1436, 433, 128, 47, 24, 2, 3, 1, 1, 1]
(2, (1, 1, 0), (0, 2)): [13047, 1230, 581, 402, 119, 36, 11, 9, 2, 1]
(2, (1, 1, 0), (1, 0)): [30109, 4609, 2649, 1927, 716, 209, 84, 20, 7, 3, 1]
(2, (1, 1, 0), (1, 1)): [27208, 3663, 1888, 1391, 420, 140, 47, 18, 4, 3, 1, 1, 1]
(2, (1, 1, 0), (1, 2)): [19091, 1906, 981, 673, 202, 71, 19, 13, 3, 1]
(2, (1, 1, 0), (2, 0)): [10311, 1665, 1089, 757, 379, 101, 43, 9, 2, 2]
(2, (1, 1, 0), (2, 1)): [14348, 2013, 1237, 854, 318, 88, 38, 10, 4, 2, 0, 0, 1]
(2, (1, 1, 0), (2, 2)): [15089, 1629, 963, 660, 239, 62, 32, 11, 7, 1]
(2, (1, 1, 0), (3, 0)): [3337, 536, 444, 253, 196, 58, 23, 4, 0, 1]
(2, (1, 1, 0), (3, 1)): [6047, 891, 696, 423, 237, 61, 28, 3, 0, 0, 0, 0, 1]
(2, (1, 1, 0), (3, 2)): [8385, 986, 775, 475, 257, 55, 28, 6, 4]
(2, (1, 1, 1), (0, 0)): [81363, 11876, 13580, 6776, 5019, 1575, 545, 181, 56, 12, 9, 3, 1, 1]
(2, (1, 1, 1), (0, 1)): [10536, 1115, 1385, 707, 540, 151, 61, 17, 4, 0, 2, 0, 1]
(2, (1, 1, 1), (0, 2)): [4572, 347, 397, 211, 145, 43, 17, 5, 1, 0, 1]
(2, (1, 1, 1), (1, 0)): [8269, 1865, 1575, 879, 676, 228, 79, 25, 8, 2, 1, 2]
(2, (1, 1, 1), (1, 1)): [8359, 1180, 1293, 691, 522, 159, 59, 16, 5, 1, 1, 0, 1]
(2, (1, 1, 1), (1, 2)): [6407, 599, 661, 321, 255, 85, 22, 8, 3, 1, 1]
(2, (1, 1, 1), (2, 0)): [2319, 1093, 528, 354, 277, 98, 31, 11, 3, 1, 0, 2]
(2, (1, 1, 1), (2, 1)): [3775, 993, 714, 445, 324, 117, 41, 8, 1, 0, 0, 0, 1]
(2, (1, 1, 1), (2, 2)): [4508, 716, 582, 344, 249, 91, 27, 8, 3, 1, 1]
(2, (1, 1, 1), (3, 0)): [394, 675, 149, 165, 89, 47, 17, 8, 2, 1, 0, 1]
(2, (1, 1, 1), (3, 1)): [1120, 816, 277, 261, 172, 64, 24, 7, 0, 1, 0, 1]
(2, (1, 1, 1), (3, 2)): [1913, 820, 355, 307, 191, 75, 31, 8, 2, 1, 1]
