(0, (0, 0, 0), (0, 0)): [414813, 84870, 39763, 18379, 8330, 3604, 1561, 650, 270, 126, 57, 22, 13, 3, 2]
(0, (0, 0, 0), (0, 1)): [1259, 247, 101, 41, 17, 5, 2, 4, 0, 1, 1]
(0, (0, 0, 0), (0, 2)): [510, 97, 36, 13, 4, 2, 1, 2]
(0, (0, 0, 0), (1, 0)): [1154, 248, 100, 48, 25, 17, 5, 2, 0, 2]
(0, (0, 0, 0), (1, 1)): [981, 204, 76, 39, 14, 3, 1, 3, 0, 1, 1]
(0, (0, 0, 0), (1, 2)): [635, 127, 33, 15, 4, 2, 1, 2]
(0, (0, 0, 0), (2, 0)): [431, 99, 47, 26, 17, 12, 3, 1, 0, 1]
(0, (0, 0, 0), (2, 1)): [545, 112, 43, 24, 11, 5, 1, 1]
(0, (0, 0, 0), (2, 2)): [509, 106, 22, 12, 8, 4, 1, 1]
(0, (0, 0, 0), (3, 0)): [191, 46, 32, 18, 8, 10, 2, 1]
(0, (0, 0, 0), (3, 1)): [236, 54, 33, 15, 4, 2, 3, 1]
(0, (0, 0, 0), (3, 2)): [307, 66, 35, 14, 7, 2, 2, 1]
(0, (0, 0, 1), (0, 0)): [2075, 6799, 1925, 920, 448, 181, 93, 47, 16, 8, 4, 1, 3]
(0, (0, 1, 0), (0, 0)): [13679, 14181, 5387, 2537, 1311, 574, 242, 102, 48, 29, 9, 3, 1]
(0, (0, 1, 0), (0, 1)): [41, 38, 10, 3, 2, 1]
(0, (0, 1, 0), (0, 2)): [8, 10, 5, 3, 0, 1]
(0, (0, 1, 0), (1, 0)): [44, 34, 7, 10, 3, 1, 1]
(0, (0, 1, 0), (1, 1)): [35, 20, 4, 2, 1, 1]
(0, (0, 1, 0), (1, 2)): [15, 12, 6, 3, 1]
(0, (0, 1, 0), (2, 2)): [11, 12, 3, 4]
(0, (0, 1, 1), (0, 0)): [1216, 2224, 2947, 1339, 687, 326, 148, 66, 34, 13, 6, 1, 0, 1, 1]
(0, (0, 1, 1), (1, 0)): [3, 7, 9, 5, 2, 3, 3]
(0, (0, 1, 1), (2, 0)): [0, 5, 5, 3, 1, 2, 1]
(0, (0, 1, 1), (3, 0)): [0, 4, 5, 2, 1, 2, 1]
(0, (1, 0, 0), (0, 0)): [93111, 33444, 20400, 10301, 4858, 2194, 961, 410, 170, 83, 41, 14, 8, 3, 2]
(0, (1, 0, 0), (0, 1)): [265, 66, 47, 20, 14, 5, 3, 1, 1, 1]
(0, (1, 0, 0), (0, 2)): [92, 21, 17, 4, 4, 2, 1, 1, 0, 1]
(0, (1, 0, 0), (1, 0)): [201, 84, 54, 18, 8, 4, 3, 4, 2]
(0, (1, 0, 0), (1, 1)): [170, 49, 38, 15, 9, 2, 1, 1]
(0, (1, 0, 0), (1, 2)): [95, 24, 25, 3, 5, 2, 1, 1]
(0, (1, 0, 0), (2, 0)): [76, 38, 18, 9, 4, 1, 2, 3, 2]
(0, (1, 0, 0), (2, 1)): [84, 31, 16, 10, 3, 0, 1, 0, 2]
(0, (1, 0, 0), (2, 2)): [83, 23, 17, 5, 2, 1, 0, 0, 1]
(0, (1, 0, 0), (3, 0)): [33, 16, 7, 5, 2, 1, 0, 1]
(0, (1, 0, 0), (3, 1)): [29, 14, 6, 6, 2, 1, 0, 0, 1]
(0, (1, 0, 1), (0, 0)): [2236, 6743, 3101, 2045, 1140, 529, 274, 113, 50, 26, 11, 7, 2, 0, 1]
(0, (1, 0, 1), (1, 0)): [11, 23, 7, 2, 4, 5, 0, 1]
(0, (1, 0, 1), (1, 1)): [5, 13, 4, 1, 2, 2, 1]
(0, (1, 0, 1), (1, 2)): [3, 8, 2, 1, 1, 0, 0, 1]
(0, (1, 1, 0), (0, 0)): [12172, 8227, 6812, 4583, 2454, 1143, 524, 243, 93, 51, 28, 7, 4, 1]
(0, (1, 1, 0), (0, 1)): [46, 22, 17, 11, 2, 6, 1]
(0, (1, 1, 0), (0, 2)): [12, 7, 7, 5, 1, 1]
(0, (1, 1, 0), (1, 0)): [25, 20, 15, 16, 5, 5, 4, 2, 1]
(0, (1, 1, 0), (1, 1)): [26, 19, 11, 9, 1, 7, 1, 0, 1]
(0, (1, 1, 0), (1, 2)): [20, 9, 6, 6, 0, 1]
(0, (1, 1, 0), (2, 0)): [11, 3, 7, 7, 4, 1, 2, 2]
(0, (1, 1, 0), (2, 1)): [11, 7, 3, 4, 4, 4, 2]
(0, (1, 1, 0), (2, 2)): [10, 7, 1, 5, 1, 1, 1]
(0, (1, 1, 0), (3, 0)): [4, 1, 5, 4, 1, 0, 0, 2]
(0, (1, 1, 0), (3, 1)): [4, 2, 3, 3, 3, 2, 1, 1]
(0, (1, 1, 0), (3, 2)): [7, 2, 3, 3, 2, 1, 0, 1]
(0, (1, 1, 1), (0, 0)): [1285, 2320, 1999, 1684, 1300, 645, 326, 152, 69, 39, 16, 4, 1, 1, 1]
(0, (1, 1, 1), (1, 0)): [1, 5, 8, 5, 5, 3, 1, 1, 1]
(0, (1, 1, 1), (1, 1)): [1, 6, 4, 3, 6, 1, 2, 0, 1]
(0, (1, 1, 1), (2, 0)): [0, 1, 5, 2, 2, 1, 0, 1]
(0, (1, 1, 1), (2, 1)): [0, 2, 2, 3, 3, 1, 0, 1, 1]
(1, (0, 0, 0), (0, 0)): [327765, 35568, 14810, 5832, 2346, 936, 371, 152, 55, 18, 8, 5, 2]
(1, (0, 0, 0), (0, 1)): [1018, 109, 32, 10, 6, 0, 0, 1]
(1, (0, 0, 0), (0, 2)): [418, 29, 13, 6, 2, 0, 0, 1]
(1, (0, 0, 0), (1, 0)): [899, 106, 45, 12, 2, 3, 0, 1]
(1, (0, 0, 0), (1, 1)): [793, 90, 31, 10, 3, 1]
(1, (0, 0, 0), (1, 2)): [503, 52, 16, 10, 2, 1]
(1, (0, 0, 0), (2, 0)): [306, 44, 22, 4, 1, 1]
(1, (0, 0, 0), (2, 1)): [404, 48, 27, 6, 2]
(1, (0, 0, 0), (2, 2)): [404, 40, 20, 9, 2, 1]
(1, (0, 0, 0), (3, 0)): [123, 14, 7, 1, 1, 1]
(1, (0, 0, 0), (3, 1)): [166, 31, 13, 1, 1]
(1, (0, 0, 0), (3, 2)): [231, 31, 20, 4, 0, 1]
(1, (0, 0, 1), (0, 0)): [11222, 17735, 3493, 1472, 636, 244, 106, 55, 20, 9, 5, 3, 2]
(1, (0, 0, 1), (0, 1)): [28, 46, 7, 1, 1]
(1, (0, 0, 1), (1, 1)): [27, 26, 7, 2, 2]
(1, (0, 0, 1), (1, 2)): [15, 19, 4, 1]
(1, (0, 1, 0), (0, 0)): [49466, 24626, 8329, 3446, 1408, 603, 212, 91, 29, 17, 3, 4, 3]
(1, (0, 1, 0), (0, 1)): [144, 54, 14, 7, 1, 1, 1, 1]
(1, (0, 1, 0), (1, 0)): [162, 75, 24, 11, 9, 2]
(1, (0, 1, 0), (1, 1)): [135, 49, 9, 9, 4, 1, 0, 1]
(1, (0, 1, 0), (1, 2)): [88, 28, 9, 1, 1]
(1, (0, 1, 0), (2, 0)): [62, 23, 13, 5, 5, 1]
(1, (0, 1, 0), (2, 1)): [57, 26, 6, 9, 2, 2, 0, 1]
(1, (0, 1, 0), (2, 2)): [57, 20, 8, 5, 2, 1]
(1, (0, 1, 0), (3, 0)): [35, 12, 5, 2, 5]
(1, (0, 1, 0), (3, 1)): [30, 13, 3, 5, 4, 1]
(1, (0, 1, 0), (3, 2)): [42, 6, 6, 6, 0, 1]
(1, (0, 1, 1), (0, 0)): [8431, 7321, 7540, 2895, 1312, 530, 214, 85, 42, 15, 7, 3, 1, 1]
(1, (1, 0, 0), (0, 0)): [134890, 25998, 15366, 6721, 2723, 1132, 425, 166, 73, 32, 11, 9, 2, 2]
(1, (1, 0, 0), (0, 1)): [403, 55, 43, 17, 6, 3, 2]
(1, (1, 0, 0), (0, 2)): [159, 24, 19, 4, 1]
(1, (1, 0, 0), (1, 0)): [362, 73, 61, 24, 4, 4, 0, 1]
(1, (1, 0, 0), (1, 1)): [299, 48, 30, 15, 3, 4, 1, 1]
(1, (1, 0, 0), (1, 2)): [198, 24, 17, 6, 2, 0, 1]
(1, (1, 0, 0), (2, 0)): [115, 26, 31, 12, 3, 1]
(1, (1, 0, 0), (2, 1)): [135, 28, 25, 10, 1, 3, 0, 1]
(1, (1, 0, 0), (2, 2)): [126, 19, 19, 6, 2, 1]
(1, (1, 0, 0), (3, 1)): [51, 17, 11, 7, 0, 1, 0, 1]
(1, (1, 0, 0), (3, 2)): [70, 15, 11, 8, 0, 1]
(1, (1, 0, 1), (0, 0)): [10868, 13933, 4941, 3086, 1305, 563, 206, 83, 32, 24, 7, 2]
(1, (1, 0, 1), (0, 1)): [29, 29, 10, 7, 4, 1, 1, 1]
(1, (1, 0, 1), (1, 0)): [26, 39, 5, 11, 3, 4, 0, 1]
(1, (1, 0, 1), (1, 1)): [12, 26, 6, 8, 3, 0, 1]
(1, (1, 0, 1), (2, 0)): [12, 14, 1, 3, 2, 2]
(1, (1, 0, 1), (2, 1)): [5, 16, 0, 4, 0, 1, 1]
(1, (1, 0, 1), (2, 2)): [6, 9, 4, 3, 1, 1]
(1, (1, 0, 1), (3, 0)): [6, 6, 0, 0, 1, 1]
(1, (1, 0, 1), (3, 1)): [3, 6, 0, 2, 1]
(1, (1, 1, 0), (0, 0)): [34331, 11034, 8061, 5291, 2333, 1008, 388, 146, 57, 26, 6, 6, 1, 3]
(1, (1, 1, 0), (0, 1)): [95, 28, 20, 16, 7, 3, 1]
(1, (1, 1, 0), (0, 2)): [37, 16, 5, 7, 3]
(1, (1, 1, 0), (1, 0)): [85, 24, 24, 25, 11, 2]
(1, (1, 1, 0), (1, 1)): [80, 15, 14, 15, 3, 1, 1]
(1, (1, 1, 0), (1, 2)): [50, 7, 6, 8, 3]
(1, (1, 1, 0), (2, 0)): [25, 8, 10, 8, 8, 1]
(1, (1, 1, 0), (2, 1)): [35, 16, 5, 8, 3, 1, 1]
(1, (1, 1, 0), (2, 2)): [37, 8, 5, 6, 2]
(1, (1, 1, 0), (3, 1)): [9, 7, 6, 2, 2, 0, 1]
(1, (1, 1, 1), (0, 0)): [6762, 5630, 3662, 2703, 1801, 807, 331, 137, 56, 22, 6, 3, 1, 1]
(1, (1, 1, 1), (0, 1)): [22, 20, 11, 10, 2, 1, 0, 1]
(1, (1, 1, 1), (1, 0)): [19, 13, 17, 8, 11, 4, 3, 1]
(1, (1, 1, 1), (1, 1)): [16, 16, 7, 9, 5, 2, 1, 1]
(1, (1, 1, 1), (2, 0)): [4, 5, 10, 3, 6, 2, 1, 1]
(1, (1, 1, 1), (2, 1)): [7, 6, 8, 4, 5, 1, 1]
(1, (1, 1, 1), (3, 1)): [4, 2, 2, 4, 2, 1]
(1, (1, 1, 1), (3, 2)): [6, 3, 2, 5, 3, 3]
(2, (0, 0, 0), (0, 0)): [281598, 11974, 4060, 1262, 444, 164, 58, 23, 3, 1, 2]
(2, (0, 0, 0), (0, 1)): [900, 40, 8, 3, 1]
(2, (0, 0, 0), (0, 2)): [331, 11, 3, 2]
(2, (0, 0, 0), (1, 0)): [923, 62, 19, 7, 2]
(2, (0, 0, 0), (1, 1)): [796, 39, 13, 3, 1]
(2, (0, 0, 0), (1, 2)): [458, 11, 9, 2]
(2, (0, 0, 0), (2, 0)): [348, 23, 8, 4, 1]
(2, (0, 0, 0), (2, 1)): [478, 26, 7, 4, 1]
(2, (0, 0, 0), (2, 2)): [403, 14, 10, 5]
(2, (0, 0, 0), (3, 0)): [122, 12, 6, 2, 1]
(2, (0, 0, 0), (3, 1)): [210, 16, 3, 0, 1]
(2, (0, 0, 0), (3, 2)): [279, 18, 9, 2]
(2, (0, 0, 1), (0, 0)): [34097, 11745, 2075, 681, 239, 92, 33, 11, 0, 1]
(2, (0, 0, 1), (0, 1)): [86, 30, 7]
(2, (0, 0, 1), (1, 0)): [78, 31, 5, 0, 0, 1]
(2, (0, 0, 1), (1, 1)): [59, 20, 2]
(2, (0, 0, 1), (2, 0)): [37, 11, 4, 0, 0, 1]
(2, (0, 0, 1), (2, 1)): [36, 12, 2]
(2, (0, 0, 1), (3, 0)): [19, 4, 3, 0, 0, 1]
(2, (0, 1, 0), (0, 0)): [80658, 18959, 4590, 1536, 485, 173, 61, 19, 4, 1]
(2, (0, 1, 0), (0, 1)): [202, 40, 7, 2, 4]
(2, (0, 1, 0), (0, 2)): [84, 7, 1, 1, 2]
(2, (0, 1, 0), (1, 0)): [256, 42, 16, 3, 1, 1]
(2, (0, 1, 0), (1, 1)): [179, 39, 7, 0, 2]
(2, (0, 1, 0), (1, 2)): [112, 17, 4, 1, 4]
(2, (0, 1, 0), (2, 0)): [123, 20, 12, 3, 1, 1]
(2, (0, 1, 0), (2, 1)): [115, 19, 6, 1, 0, 1]
(2, (0, 1, 0), (2, 2)): [109, 14, 5, 1, 3]
(2, (0, 1, 0), (3, 0)): [70, 12, 7, 1, 1]
(2, (0, 1, 0), (3, 1)): [62, 12, 2, 1, 1, 1]
(2, (0, 1, 1), (0, 0)): [20496, 1865, 4977, 1302, 469, 171, 52, 17, 8, 2, 1]
(2, (0, 1, 1), (1, 0)): [72, 5, 19, 7, 2, 1]
(2, (0, 1, 1), (2, 0)): [39, 2, 9, 5, 1, 1]
(2, (0, 1, 1), (3, 0)): [33, 0, 7, 3, 1, 1]
(2, (0, 1, 1), (3, 1)): [11, 1, 4, 1]
(2, (1, 0, 0), (0, 0)): [165750, 13008, 6989, 2316, 763, 262, 105, 32, 9, 2, 2]
(2, (1, 0, 0), (0, 1)): [426, 18, 16, 6, 1, 1]
(2, (1, 0, 0), (0, 2)): [149, 7, 4, 0, 0, 1]
(2, (1, 0, 0), (1, 0)): [447, 21, 22, 8, 2, 1]
(2, (1, 0, 0), (1, 1)): [341, 12, 14, 8, 1]
(2, (1, 0, 0), (1, 2)): [188, 7, 8, 3]
(2, (1, 0, 0), (2, 0)): [161, 12, 6, 5, 1]
(2, (1, 0, 0), (2, 1)): [162, 10, 5, 0, 1]
(2, (1, 0, 0), (2, 2)): [140, 10, 10, 1]
(2, (1, 0, 0), (3, 0)): [56, 6, 2, 4, 1]
(2, (1, 0, 0), (3, 1)): [66, 5, 3, 1]
(2, (1, 0, 0), (3, 2)): [75, 8, 3, 1]
(2, (1, 0, 1), (0, 0)): [28692, 7830, 3444, 1699, 566, 212, 65, 26, 8, 1, 0, 1]
(2, (1, 0, 1), (0, 1)): [67, 16, 6, 7, 1, 1]
(2, (1, 0, 1), (1, 0)): [65, 9, 7, 9, 0, 1]
(2, (1, 0, 1), (1, 1)): [41, 10, 2, 2, 1]
(2, (1, 0, 1), (1, 2)): [24, 6, 1, 3]
(2, (1, 0, 1), (2, 1)): [20, 4, 2, 3, 1]
(2, (1, 1, 0), (0, 0)): [55527, 8693, 4864, 2874, 887, 333, 99, 28, 16, 6, 3, 0, 0, 1]
(2, (1, 1, 0), (0, 1)): [165, 21, 12, 6, 3]
(2, (1, 1, 0), (0, 2)): [74, 8, 5, 1]
(2, (1, 1, 0), (1, 0)): [151, 17, 12, 15, 2, 2, 0, 1]
(2, (1, 1, 0), (1, 1)): [109, 16, 5, 5, 2]
(2, (1, 1, 0), (1, 2)): [71, 12, 3, 2, 1]
(2, (1, 1, 0), (2, 0)): [69, 6, 6, 9, 1, 1, 0, 1]
(2, (1, 1, 0), (2, 1)): [63, 6, 3, 2, 1]
(2, (1, 1, 0), (2, 2)): [57, 9, 2, 2, 1]
(2, (1, 1, 0), (3, 0)): [34, 2, 5, 5, 1, 1]
(2, (1, 1, 0), (3, 1)): [30, 1, 4, 5]
(2, (1, 1, 0), (3, 2)): [36, 1, 5, 3, 1]
(2, (1, 1, 1), (0, 0)): [16633, 2550, 2919, 1571, 1040, 356, 117, 42, 18, 3, 3, 0, 0, 1]
(2, (1, 1, 1), (0, 1)): [59, 7, 12, 5, 2, 1]
(2, (1, 1, 1), (0, 2)): [36, 4, 1, 0, 0, 1]
(2, (1, 1, 1), (1, 0)): [50, 16, 8, 13, 0, 1]
(2, (1, 1, 1), (1, 1)): [31, 5, 12, 6]
(2, (1, 1, 1), (2, 0)): [22, 14, 2, 8, 0, 1]
(2, (1, 1, 1), (2, 1)): [16, 6, 7, 5]
(2, (1, 1, 1), (3, 0)): [8, 10, 0, 5, 0, 1]
(2, (1, 1, 1), (3, 1)): [10, 6, 1, 3]
