(0, (0, 0, 0)): [15293, 3327, 1571, 802, 380, 154, 61, 20, 18, 8, 2, 0, 1]
(0, (0, 0, 1)): [47, 231, 55, 30, 27, 12, 3, 0, 3]
(0, (0, 1, 0)): [492, 570, 205, 106, 56, 23, 8, 3, 1, 2, 0, 0, 1]
(0, (0, 1, 1)): [52, 74, 107, 52, 26, 11, 5, 1, 3]
(0, (1, 0, 0)): [3354, 1139, 794, 440, 197, 81, 44, 12, 10, 4, 1]
(0, (1, 0, 1)): [72, 275, 128, 91, 34, 18, 7, 5, 3, 2, 1]
(0, (1, 1, 0)): [440, 340, 257, 190, 99, 37, 26, 10, 2, 4, 0, 0, 1]
(0, (1, 1, 1)): [43, 90, 67, 65, 43, 29, 15, 6, 1, 2]
(1, (0, 0, 0)): [12246, 1464, 606, 272, 128, 40, 12, 7, 5, 1, 1]
(1, (0, 0, 1)): [316, 555, 111, 51, 24, 8, 3, 4, 1, 1]
(1, (0, 1, 0)): [1702, 845, 325, 140, 65, 18, 6, 5, 3, 1]
(1, (0, 1, 1)): [308, 291, 221, 100, 62, 21, 5, 6, 3, 0, 0, 0, 1]
(1, (1, 0, 0)): [5004, 997, 622, 280, 129, 47, 19, 5, 5, 0, 1]
(1, (1, 0, 1)): [404, 515, 186, 128, 62, 18, 7, 2, 1, 2]
(1, (1, 1, 0)): [1344, 473, 369, 227, 99, 42, 18, 4, 4, 1, 1]
(1, (1, 1, 1)): [300, 268, 165, 116, 73, 28, 13, 6, 2, 1]
(2, (0, 0, 0)): [10544, 511, 171, 70, 25, 11, 3, 1, 0, 0, 1]
(2, (0, 0, 1)): [1060, 366, 67, 28, 9, 3, 2]
(2, (0, 1, 0)): [2773, 675, 174, 60, 27, 8, 2, 1]
(2, (0, 1, 1)): [676, 55, 143, 39, 18, 5, 4, 2]
(2, (1, 0, 0)): [6181, 508, 296, 120, 40, 16, 5, 0, 2, 0, 1]
(2, (1, 0, 1)): [1118, 296, 117, 85, 33, 8, 2, 1, 1]
(2, (1, 1, 0)): [2463, 435, 220, 145, 43, 13, 6, 2, 4, 1, 1]
(2, (1, 1, 1)): [739, 130, 144, 73, 48, 16, 5, 3, 1, 0, 1]
