(0, (0, 0, 0), (0, 0)): [1190238, 235902, 109003, 49582, 22117, 9439, 3901, 1644, 654, 298, 130, 56, 28, 9, 3, 1, 0, 1]
(0, (0, 0, 0), (0, 1)): [22017, 3980, 1871, 828, 361, 153, 54, 33, 7, 5, 2, 0, 2, 1, 0, 1]
(0, (0, 0, 0), (0, 2)): [8094, 1268, 601, 265, 110, 40, 19, 13, 2, 1, 0, 0, 1]
(0, (0, 0, 0), (1, 0)): [20394, 4357, 2149, 979, 483, 201, 90, 35, 13, 6, 3]
(0, (0, 0, 0), (1, 1)): [18572, 3563, 1730, 799, 369, 149, 51, 26, 6, 4, 4, 0, 1, 1, 0, 1]
(0, (0, 0, 0), (1, 2)): [12061, 2023, 925, 407, 198, 87, 24, 14, 5, 2, 0, 0, 2]
(0, (0, 0, 0), (2, 0)): [6809, 1616, 833, 415, 200, 93, 42, 16, 6, 2, 1]
(0, (0, 0, 0), (2, 1)): [9946, 2079, 1091, 515, 239, 99, 42, 22, 5, 1, 1, 0, 0, 1]
(0, (0, 0, 0), (2, 2)): [9556, 1743, 863, 402, 187, 87, 23, 12, 5, 3, 1, 0, 2]
(0, (0, 0, 0), (3, 0)): [2238, 576, 339, 192, 89, 48, 19, 7, 3, 0, 1]
(0, (0, 0, 0), (3, 1)): [4046, 996, 596, 312, 128, 59, 25, 15, 4]
(0, (0, 0, 0), (3, 2)): [5488, 1152, 688, 330, 155, 64, 18, 12, 5, 2, 0, 0, 2]
(0, (0, 0, 1), (0, 0)): [5245, 15394, 4188, 1997, 950, 407, 179, 90, 35, 20, 7, 1, 3, 2]
(0, (0, 0, 1), (1, 0)): [86, 214, 62, 39, 22, 10, 2, 2, 1]
(0, (0, 0, 1), (1, 1)): [78, 164, 55, 21, 20, 7, 5, 1, 0, 1, 0, 0, 0, 1]
(0, (0, 0, 1), (1, 2)): [52, 114, 33, 12, 9, 0, 3, 1, 0, 1]
(0, (0, 0, 1), (2, 0)): [34, 90, 26, 19, 6, 7, 1, 1, 1]
(0, (0, 0, 1), (2, 1)): [45, 96, 30, 18, 13, 5, 1]
(0, (0, 0, 1), (2, 2)): [52, 84, 25, 9, 10, 1, 2]
(0, (0, 0, 1), (3, 0)): [9, 40, 11, 7, 2, 4, 1, 1, 1]
(0, (0, 0, 1), (3, 1)): [21, 40, 14, 10, 7, 4, 0, 1]
(0, (0, 0, 1), (3, 2)): [31, 47, 15, 9, 9, 4, 1, 1]
(0, (0, 1, 0), (0, 0)): [40542, 37624, 14568, 6938, 3384, 1441, 609, 253, 105, 61, 21, 5, 3, 2, 1]
(0, (0, 1, 0), (0, 1)): [712, 579, 210, 101, 40, 21, 12, 5, 1]
(0, (0, 1, 0), (0, 2)): [282, 175, 73, 30, 10, 9, 4, 0, 1]
(0, (0, 1, 0), (1, 0)): [668, 587, 243, 127, 63, 29, 12, 3, 1]
(0, (0, 1, 0), (1, 1)): [577, 486, 195, 94, 37, 15, 10, 6]
(0, (0, 1, 0), (1, 2)): [383, 291, 109, 56, 21, 10, 5, 2, 1]
(0, (0, 1, 0), (2, 0)): [229, 214, 84, 51, 26, 18, 5, 0, 1]
(0, (0, 1, 0), (2, 1)): [290, 257, 106, 57, 18, 17, 7, 4]
(0, (0, 1, 0), (2, 2)): [300, 216, 97, 49, 16, 7, 7, 1, 1]
(0, (0, 1, 0), (3, 0)): [86, 77, 37, 28, 19, 6, 2, 0, 1]
(0, (0, 1, 0), (3, 1)): [119, 110, 55, 33, 19, 9, 3, 1]
(0, (0, 1, 0), (3, 2)): [186, 133, 70, 37, 19, 6, 7]
(0, (0, 1, 1), (0, 0)): [3579, 5901, 7233, 3348, 1769, 807, 350, 170, 79, 35, 10, 6, 1, 2, 1, 0, 0, 1]
(0, (0, 1, 1), (0, 1)): [56, 74, 107, 47, 27, 10, 8, 3, 2]
(0, (0, 1, 1), (0, 2)): [29, 26, 37, 15, 14, 6, 3, 2]
(0, (0, 1, 1), (1, 0)): [73, 124, 147, 79, 44, 19, 8, 6, 4, 0, 0, 1]
(0, (0, 1, 1), (1, 1)): [46, 74, 96, 52, 26, 6, 5, 2, 2]
(0, (0, 1, 1), (1, 2)): [33, 38, 51, 26, 19, 5, 3, 2, 1]
(0, (0, 1, 1), (2, 0)): [42, 68, 70, 39, 23, 14, 4, 5, 3, 0, 0, 1]
(0, (0, 1, 1), (2, 1)): [32, 51, 65, 30, 15, 5, 2, 5, 3]
(0, (0, 1, 1), (2, 2)): [36, 38, 48, 20, 12, 5, 2, 2, 2]
(0, (0, 1, 1), (3, 0)): [26, 41, 36, 27, 17, 12, 2, 1, 0, 0, 0, 1]
(0, (0, 1, 1), (3, 1)): [13, 30, 29, 17, 10, 1, 0, 2, 2]
(0, (0, 1, 1), (3, 2)): [19, 24, 39, 16, 9, 3, 2, 4, 3]
(0, (1, 0, 0), (0, 0)): [258195, 86054, 54138, 26706, 12700, 5674, 2397, 1039, 430, 194, 88, 36, 19, 4, 2, 1, 0, 1]
(0, (1, 0, 0), (0, 1)): [4648, 1251, 879, 431, 218, 97, 32, 15, 8, 1]
(0, (1, 0, 0), (0, 2)): [1773, 378, 283, 121, 62, 23, 13, 2, 5, 1]
(0, (1, 0, 0), (1, 0)): [4014, 1323, 957, 459, 229, 90, 47, 20, 9, 6, 2, 1]
(0, (1, 0, 0), (1, 1)): [3417, 1005, 747, 351, 175, 69, 26, 15, 6, 4, 0, 1]
(0, (1, 0, 0), (1, 2)): [2220, 544, 411, 175, 88, 31, 18, 8, 3, 2]
(0, (1, 0, 0), (2, 0)): [1275, 434, 311, 177, 94, 39, 15, 10, 5, 2, 2]
(0, (1, 0, 0), (2, 1)): [1649, 510, 387, 205, 101, 45, 15, 7, 6, 3, 0, 1]
(0, (1, 0, 0), (2, 2)): [1551, 418, 315, 146, 78, 27, 15, 7, 4, 3]
(0, (1, 0, 0), (3, 0)): [377, 148, 117, 79, 49, 15, 4, 5, 0, 1, 1]
(0, (1, 0, 0), (3, 1)): [623, 218, 171, 112, 69, 22, 5, 3, 4, 1, 1, 1]
(0, (1, 0, 0), (3, 2)): [779, 257, 186, 98, 71, 21, 7, 5, 3, 3]
(0, (1, 0, 1), (0, 0)): [6145, 18233, 7574, 5129, 2755, 1240, 609, 250, 114, 49, 24, 12, 5, 1, 1, 0, 0, 1]
(0, (1, 0, 1), (0, 1)): [99, 279, 113, 80, 36, 17, 13, 4, 1, 0, 0, 0, 1]
(0, (1, 0, 1), (0, 2)): [37, 105, 27, 27, 13, 8, 5, 2, 1]
(0, (1, 0, 1), (1, 0)): [99, 298, 112, 89, 45, 25, 2, 4, 4, 1, 1]
(0, (1, 0, 1), (1, 1)): [87, 219, 81, 57, 32, 14, 6, 1, 2, 0, 1]
(0, (1, 0, 1), (1, 2)): [69, 127, 39, 30, 14, 10, 3, 2, 2]
(0, (1, 0, 1), (2, 0)): [34, 104, 48, 34, 17, 13, 0, 3, 1, 1]
(0, (1, 0, 1), (2, 1)): [29, 128, 50, 36, 20, 9, 1, 0, 2, 0, 1]
(0, (1, 0, 1), (2, 2)): [51, 106, 37, 23, 15, 6, 2, 2, 1, 0, 1]
(0, (1, 0, 1), (3, 0)): [18, 36, 20, 16, 8, 8, 0, 3]
(0, (1, 0, 1), (3, 1)): [14, 48, 21, 19, 11, 6]
(0, (1, 0, 1), (3, 2)): [18, 53, 30, 14, 10, 5, 1, 0, 1, 0, 1]
(0, (1, 1, 0), (0, 0)): [35011, 22447, 17229, 12097, 6418, 3042, 1300, 624, 245, 114, 52, 22, 9, 1]
(0, (1, 1, 0), (0, 1)): [669, 364, 251, 193, 106, 43, 17, 12, 3, 0, 1, 1]
(0, (1, 1, 0), (0, 2)): [264, 127, 82, 59, 38, 14, 8, 6, 1]
(0, (1, 1, 0), (1, 0)): [532, 331, 257, 196, 99, 60, 22, 13, 3, 3]
(0, (1, 1, 0), (1, 1)): [452, 249, 200, 149, 64, 39, 13, 10, 3, 1, 1]
(0, (1, 1, 0), (1, 2)): [314, 143, 106, 79, 42, 18, 4, 10, 1, 1]
(0, (1, 1, 0), (2, 0)): [156, 105, 80, 68, 38, 24, 8, 6, 2, 1]
(0, (1, 1, 0), (2, 1)): [214, 132, 85, 84, 43, 24, 10, 5, 2, 1]
(0, (1, 1, 0), (2, 2)): [216, 114, 77, 63, 32, 17, 3, 7, 2, 2]
(0, (1, 1, 0), (3, 0)): [37, 35, 29, 25, 14, 8, 4, 3, 1]
(0, (1, 1, 0), (3, 1)): [74, 56, 41, 44, 18, 14, 10, 3, 2]
(0, (1, 1, 0), (3, 2)): [118, 65, 45, 45, 19, 12, 3, 5, 2]
(0, (1, 1, 1), (0, 0)): [3527, 6514, 5434, 4149, 3245, 1614, 756, 381, 163, 72, 36, 14, 4, 1, 1]
(0, (1, 1, 1), (1, 0)): [53, 123, 114, 84, 71, 38, 11, 10, 3, 0, 1, 1]
(0, (1, 1, 1), (1, 1)): [57, 91, 95, 64, 39, 26, 10, 7, 2, 1, 1]
(0, (1, 1, 1), (1, 2)): [46, 64, 50, 27, 19, 13, 3, 2, 4, 0, 0, 1]
(0, (1, 1, 1), (2, 0)): [13, 47, 27, 34, 34, 11, 3, 4, 1, 0, 1]
(0, (1, 1, 1), (2, 1)): [28, 44, 39, 36, 29, 14, 3, 4, 2]
(0, (1, 1, 1), (2, 2)): [28, 43, 37, 32, 16, 12, 3, 3, 1, 0, 0, 1]
(1, (0, 0, 0), (0, 0)): [958425, 103027, 42302, 16689, 6527, 2499, 952, 372, 141, 55, 24, 13, 6, 2, 0, 1]
(1, (0, 0, 0), (0, 1)): [17825, 1783, 760, 278, 114, 29, 12, 9, 1, 0, 0, 0, 0, 1]
(1, (0, 0, 0), (0, 2)): [6561, 530, 219, 78, 34, 9, 1, 2]
(1, (0, 0, 0), (1, 0)): [17118, 2117, 905, 347, 146, 53, 21, 9, 0, 1, 0, 0, 0, 0, 0, 1]
(1, (0, 0, 0), (1, 1)): [15317, 1668, 684, 257, 110, 40, 18, 7, 1, 1, 0, 0, 0, 1]
(1, (0, 0, 0), (1, 2)): [9700, 855, 333, 142, 65, 28, 8, 2]
(1, (0, 0, 0), (2, 0)): [5904, 823, 404, 144, 57, 23, 8, 5, 0, 0, 0, 0, 0, 0, 0, 1]
(1, (0, 0, 0), (2, 1)): [8458, 1028, 444, 168, 75, 21, 10, 6, 0, 1]
(1, (0, 0, 0), (2, 2)): [8028, 788, 344, 134, 66, 32, 11, 4]
(1, (0, 0, 0), (3, 0)): [1893, 298, 194, 65, 27, 9, 5, 1, 0, 0, 0, 0, 0, 0, 0, 1]
(1, (0, 0, 0), (3, 1)): [3564, 546, 282, 103, 49, 7, 4, 3]
(1, (0, 0, 0), (3, 2)): [4605, 568, 285, 102, 55, 19, 11, 3]
(1, (0, 0, 1), (0, 0)): [27151, 38893, 7595, 3210, 1359, 547, 221, 88, 40, 14, 6, 4, 4, 1]
(1, (0, 0, 1), (0, 1)): [441, 480, 105, 34, 17, 7, 6]
(1, (0, 0, 1), (0, 2)): [182, 159, 32, 8, 2, 1, 4]
(1, (0, 0, 1), (1, 0)): [462, 628, 127, 66, 29, 12, 6, 3, 1]
(1, (0, 0, 1), (1, 1)): [403, 444, 92, 40, 21, 6, 2, 2]
(1, (0, 0, 1), (1, 2)): [296, 247, 37, 15, 11, 2, 3]
(1, (0, 0, 1), (2, 0)): [198, 259, 53, 30, 15, 7, 5, 1, 1]
(1, (0, 0, 1), (2, 1)): [186, 268, 52, 25, 13, 7, 5, 2]
(1, (0, 0, 1), (2, 2)): [206, 207, 41, 18, 7, 2, 2]
(1, (0, 0, 1), (3, 0)): [89, 104, 31, 21, 8, 3, 2, 1, 1]
(1, (0, 0, 1), (3, 1)): [102, 134, 22, 14, 7, 3, 3, 2]
(1, (0, 0, 1), (3, 2)): [128, 130, 29, 13, 6, 2, 3]
(1, (0, 1, 0), (0, 0)): [130321, 59060, 20945, 8826, 3569, 1402, 486, 229, 65, 32, 19, 7, 8, 2, 1]
(1, (0, 1, 0), (0, 1)): [2074, 810, 292, 116, 36, 17, 7, 3, 1]
(1, (0, 1, 0), (0, 2)): [821, 279, 88, 25, 10, 6, 3]
(1, (0, 1, 0), (1, 0)): [2442, 1086, 392, 216, 103, 29, 12, 4, 0, 0, 1, 0, 0, 1]
(1, (0, 1, 0), (1, 1)): [1808, 696, 276, 122, 47, 18, 7, 4, 1, 0, 0, 0, 0, 1]
(1, (0, 1, 0), (1, 2)): [1199, 414, 162, 48, 17, 8, 5, 2]
(1, (0, 1, 0), (2, 0)): [1074, 473, 173, 114, 52, 16, 8, 3, 0, 0, 1]
(1, (0, 1, 0), (2, 1)): [962, 410, 141, 88, 40, 12, 6, 3, 0, 0, 1, 0, 0, 1]
(1, (0, 1, 0), (2, 2)): [941, 365, 136, 46, 26, 6, 3, 1]
(1, (0, 1, 0), (3, 0)): [579, 221, 75, 76, 36, 9, 5, 2]
(1, (0, 1, 0), (3, 1)): [494, 188, 69, 54, 27, 8, 3, 1, 0, 0, 0, 0, 0, 1]
(1, (0, 1, 0), (3, 2)): [555, 204, 90, 47, 26, 2, 4, 1, 0, 0, 0, 0, 0, 1]
(1, (0, 1, 1), (0, 0)): [21603, 17395, 16249, 6401, 3233, 1277, 499, 204, 94, 30, 9, 6, 1, 2, 0, 1]
(1, (0, 1, 1), (0, 1)): [296, 192, 168, 64, 33, 16, 6, 3]
(1, (0, 1, 1), (0, 2)): [150, 65, 56, 21, 9, 5, 2]
(1, (0, 1, 1), (1, 0)): [507, 378, 299, 146, 96, 36, 14, 10, 3, 1]
(1, (0, 1, 1), (1, 1)): [239, 169, 159, 63, 33, 9, 6, 4]
(1, (0, 1, 1), (1, 2)): [190, 94, 89, 44, 16, 6, 3]
(1, (0, 1, 1), (2, 0)): [333, 245, 170, 98, 74, 30, 11, 8, 3, 1]
(1, (0, 1, 1), (2, 1)): [142, 110, 89, 38, 18, 8, 7, 2]
(1, (0, 1, 1), (2, 2)): [139, 89, 81, 38, 19, 3, 2, 2]
(1, (0, 1, 1), (3, 0)): [269, 194, 127, 73, 65, 26, 7, 8, 3, 1]
(1, (0, 1, 1), (3, 1)): [70, 50, 36, 19, 6, 7, 5]
(1, (0, 1, 1), (3, 2)): [85, 61, 43, 20, 10, 3, 1, 1]
(1, (1, 0, 0), (0, 0)): [372084, 66286, 41724, 17769, 7211, 2867, 1110, 412, 185, 72, 29, 19, 4, 2, 0, 2]
(1, (1, 0, 0), (0, 1)): [6640, 924, 696, 287, 112, 43, 17, 3, 1, 2]
(1, (1, 0, 0), (0, 2)): [2404, 280, 249, 79, 33, 13, 6, 1, 0, 2]
(1, (1, 0, 0), (1, 0)): [6320, 1133, 810, 369, 154, 50, 24, 9, 1, 2, 0, 0, 1, 0, 0, 1]
(1, (1, 0, 0), (1, 1)): [5289, 795, 588, 248, 98, 35, 14, 6, 1, 0, 0, 0, 0, 0, 0, 1]
(1, (1, 0, 0), (1, 2)): [3295, 415, 345, 118, 51, 18, 5, 4, 0, 1]
(1, (1, 0, 0), (2, 0)): [2060, 412, 310, 166, 63, 24, 10, 0, 1, 2, 0, 0, 1]
(1, (1, 0, 0), (2, 1)): [2690, 465, 357, 162, 65, 20, 10, 2, 2, 0, 0, 0, 0, 0, 0, 1]
(1, (1, 0, 0), (2, 2)): [2476, 353, 304, 112, 46, 13, 5, 3, 1, 1]
(1, (1, 0, 0), (3, 0)): [632, 143, 103, 74, 28, 10, 4, 0, 0, 2, 0, 0, 1]
(1, (1, 0, 0), (3, 1)): [1034, 250, 168, 96, 33, 12, 6, 1, 0, 1, 0, 0, 0, 0, 0, 1]
(1, (1, 0, 0), (3, 2)): [1270, 246, 181, 93, 31, 14, 5, 1, 1, 1, 0, 0, 0, 0, 0, 1]
(1, (1, 0, 1), (0, 0)): [29541, 35008, 11464, 7431, 3180, 1301, 499, 206, 71, 45, 13, 5, 0, 1]
(1, (1, 0, 1), (0, 1)): [539, 487, 136, 112, 54, 19, 10, 5, 3, 2]
(1, (1, 0, 1), (0, 2)): [241, 149, 47, 38, 8, 7, 4, 3, 0, 1]
(1, (1, 0, 1), (1, 0)): [532, 585, 188, 138, 71, 23, 7, 2, 0, 2]
(1, (1, 0, 1), (1, 1)): [412, 396, 117, 99, 51, 6, 8, 2, 2]
(1, (1, 0, 1), (1, 2)): [309, 209, 64, 58, 20, 6, 6, 3, 0, 1]
(1, (1, 0, 1), (2, 0)): [208, 202, 66, 43, 31, 14, 1, 1, 0, 1]
(1, (1, 0, 1), (2, 1)): [200, 211, 66, 51, 31, 8, 5, 1, 2]
(1, (1, 0, 1), (2, 2)): [204, 161, 56, 33, 22, 6, 5, 1, 1]
(1, (1, 0, 1), (3, 0)): [80, 80, 23, 18, 14, 6, 0, 0, 0, 1]
(1, (1, 0, 1), (3, 1)): [85, 95, 25, 24, 20, 6, 0, 1]
(1, (1, 0, 1), (3, 2)): [102, 89, 34, 24, 20, 8, 3, 2, 1]
(1, (1, 1, 0), (0, 0)): [100836, 31339, 21220, 14825, 6283, 2613, 1027, 415, 168, 63, 25, 13, 8, 4, 1]
(1, (1, 1, 0), (0, 1)): [1849, 495, 303, 235, 95, 34, 18, 5, 2]
(1, (1, 1, 0), (0, 2)): [748, 188, 101, 83, 29, 8, 4, 0, 1]
(1, (1, 1, 0), (1, 0)): [1678, 562, 390, 301, 130, 47, 23, 10, 1, 2, 0, 0, 2, 1]
(1, (1, 1, 0), (1, 1)): [1399, 401, 271, 198, 85, 31, 18, 8, 0, 2]
(1, (1, 1, 0), (1, 2)): [1014, 246, 153, 117, 45, 14, 8, 2]
(1, (1, 1, 0), (2, 0)): [556, 199, 132, 116, 51, 19, 7, 2, 1, 0, 0, 0, 2, 1]
(1, (1, 1, 0), (2, 1)): [692, 247, 159, 115, 47, 20, 10, 3, 0, 1, 0, 0, 1]
(1, (1, 1, 0), (2, 2)): [728, 200, 111, 86, 40, 13, 5, 1]
(1, (1, 1, 0), (3, 0)): [154, 74, 42, 41, 26, 11, 4, 2, 1, 0, 0, 0, 1]
(1, (1, 1, 0), (3, 1)): [286, 115, 77, 61, 32, 12, 9, 3, 0, 1, 0, 0, 1]
(1, (1, 1, 0), (3, 2)): [375, 118, 80, 52, 34, 14, 9, 4, 0, 1, 0, 0, 1]
(1, (1, 1, 1), (0, 0)): [20862, 16448, 10649, 7094, 5039, 2167, 877, 337, 133, 48, 18, 14, 6, 2, 1, 1]
(1, (1, 1, 1), (0, 1)): [441, 275, 175, 112, 93, 34, 14, 7, 3]
(1, (1, 1, 1), (0, 2)): [221, 95, 63, 35, 36, 12, 7, 1]
(1, (1, 1, 1), (1, 0)): [384, 285, 196, 127, 105, 42, 18, 6, 2, 2, 0, 1, 1]
(1, (1, 1, 1), (1, 1)): [319, 210, 144, 102, 83, 32, 7, 6, 1]
(1, (1, 1, 1), (1, 2)): [246, 110, 91, 61, 42, 24, 8, 3]
(1, (1, 1, 1), (2, 0)): [115, 109, 78, 51, 35, 19, 11, 3, 1, 1, 0, 1, 1]
(1, (1, 1, 1), (2, 1)): [155, 134, 86, 60, 47, 15, 9, 4, 1, 1, 0, 1]
(1, (1, 1, 1), (2, 2)): [165, 91, 73, 64, 40, 18, 7, 2]
(1, (1, 1, 1), (3, 0)): [25, 40, 24, 22, 10, 11, 4, 0, 1, 0, 0, 0, 1]
(1, (1, 1, 1), (3, 1)): [47, 75, 30, 30, 21, 10, 5, 3, 0, 0, 0, 0, 1]
(1, (1, 1, 1), (3, 2)): [84, 60, 35, 41, 28, 14, 3, 2]
(2, (0, 0, 0), (0, 0)): [828845, 36761, 12331, 3938, 1320, 431, 153, 46, 9, 4, 5, 0, 1]
(2, (0, 0, 0), (0, 1)): [15454, 649, 225, 58, 31, 7, 6, 1]
(2, (0, 0, 0), (0, 2)): [5584, 169, 47, 16, 8, 1, 1, 1]
(2, (0, 0, 0), (1, 0)): [15592, 911, 292, 91, 36, 10, 3, 0, 0, 0, 0, 0, 1]
(2, (0, 0, 0), (1, 1)): [13649, 679, 232, 52, 30, 6, 6]
(2, (0, 0, 0), (1, 2)): [8562, 297, 99, 27, 14, 3, 3]
(2, (0, 0, 0), (2, 0)): [5717, 350, 136, 55, 18, 6, 1, 0, 0, 0, 0, 0, 1]
(2, (0, 0, 0), (2, 1)): [7909, 424, 148, 51, 10, 5, 3]
(2, (0, 0, 0), (2, 2)): [7214, 308, 112, 34, 13, 5, 1]
(2, (0, 0, 0), (3, 0)): [1967, 137, 78, 28, 14, 3, 1, 0, 0, 0, 0, 0, 1]
(2, (0, 0, 0), (3, 1)): [3616, 220, 103, 36, 13, 5, 2]
(2, (0, 0, 0), (3, 2)): [4554, 244, 109, 31, 10, 5]
(2, (0, 0, 1), (0, 0)): [78103, 24842, 4701, 1615, 576, 196, 58, 17, 3, 2, 0, 1]
(2, (0, 0, 1), (0, 1)): [1263, 347, 75, 22, 11, 3, 1]
(2, (0, 0, 1), (0, 2)): [490, 93, 25, 4, 2, 1]
(2, (0, 0, 1), (1, 0)): [1480, 428, 92, 41, 11, 5, 0, 2]
(2, (0, 0, 1), (1, 1)): [1182, 283, 65, 19, 9, 1, 1, 1]
(2, (0, 0, 1), (1, 2)): [792, 145, 31, 9, 2, 1, 1]
(2, (0, 0, 1), (2, 0)): [630, 184, 42, 28, 7, 5, 0, 1]
(2, (0, 0, 1), (2, 1)): [678, 159, 47, 17, 9, 1, 0, 2]
(2, (0, 0, 1), (2, 2)): [645, 118, 40, 7, 3, 2, 1]
(2, (0, 0, 1), (3, 0)): [324, 81, 22, 18, 3, 4]
(2, (0, 0, 1), (3, 1)): [353, 86, 20, 15, 6, 1, 0, 1]
(2, (0, 0, 1), (3, 2)): [408, 88, 28, 10, 2, 1]
(2, (0, 1, 0), (0, 0)): [207269, 45118, 11748, 4108, 1327, 439, 140, 39, 8, 6, 5, 0, 1]
(2, (0, 1, 0), (0, 1)): [3221, 591, 155, 54, 18, 1, 1]
(2, (0, 1, 0), (0, 2)): [1197, 167, 38, 11, 6]
(2, (0, 1, 0), (1, 0)): [4225, 732, 299, 125, 29, 16, 5, 1, 0, 0, 0, 0, 1]
(2, (0, 1, 0), (1, 1)): [3006, 521, 183, 61, 16, 4, 3, 1]
(2, (0, 1, 0), (1, 2)): [1883, 259, 68, 35, 6]
(2, (0, 1, 0), (2, 0)): [1965, 329, 149, 84, 21, 11, 3, 0, 0, 0, 0, 0, 1]
(2, (0, 1, 0), (2, 1)): [1793, 332, 114, 45, 11, 8, 3, 1, 0, 0, 0, 0, 1]
(2, (0, 1, 0), (2, 2)): [1655, 243, 68, 38, 8, 4, 0, 1]
(2, (0, 1, 0), (3, 0)): [1105, 155, 88, 56, 15, 4, 2]
(2, (0, 1, 0), (3, 1)): [859, 155, 77, 29, 11, 4, 3, 0, 0, 0, 0, 0, 1]
(2, (0, 1, 0), (3, 2)): [1074, 168, 69, 33, 7, 5, 1, 0, 0, 0, 0, 0, 1]
(2, (0, 1, 1), (0, 0)): [48350, 4259, 10861, 2890, 1126, 359, 124, 43, 17, 4, 3, 1, 0, 1]
(2, (0, 1, 1), (0, 1)): [692, 57, 121, 28, 7, 3, 1, 3]
(2, (0, 1, 1), (0, 2)): [300, 21, 40, 10, 4, 1, 1]
(2, (0, 1, 1), (1, 0)): [979, 98, 192, 71, 32, 7, 4, 0, 0, 0, 1]
(2, (0, 1, 1), (1, 1)): [625, 50, 112, 31, 7, 3, 1, 2]
(2, (0, 1, 1), (1, 2)): [420, 28, 62, 12, 4, 1, 2, 1]
(2, (0, 1, 1), (2, 0)): [499, 59, 97, 41, 24, 6, 1, 0, 0, 0, 1]
(2, (0, 1, 1), (2, 1)): [347, 30, 79, 19, 7, 4]
(2, (0, 1, 1), (2, 2)): [362, 29, 63, 16, 3, 4, 1, 1]
(2, (0, 1, 1), (3, 0)): [349, 44, 57, 27, 21, 5, 1, 0, 0, 0, 1]
(2, (0, 1, 1), (3, 1)): [181, 16, 37, 13, 4, 1]
(2, (0, 1, 1), (3, 2)): [241, 23, 49, 14, 4, 4, 0, 1]
(2, (1, 0, 0), (0, 0)): [452259, 32843, 20573, 6566, 2098, 676, 269, 74, 17, 10, 6, 0, 1]
(2, (1, 0, 0), (0, 1)): [7612, 418, 326, 89, 34, 8, 6, 1]
(2, (1, 0, 0), (0, 2)): [2741, 119, 84, 16, 12, 2, 1]
(2, (1, 0, 0), (1, 0)): [7888, 629, 456, 176, 44, 15, 7, 2, 0, 0, 0, 0, 1]
(2, (1, 0, 0), (1, 1)): [6290, 386, 314, 100, 26, 3, 4, 1]
(2, (1, 0, 0), (1, 2)): [3898, 190, 133, 48, 13, 2]
(2, (1, 0, 0), (2, 0)): [2670, 254, 153, 83, 19, 7, 4, 0, 0, 0, 0, 0, 1]
(2, (1, 0, 0), (2, 1)): [3219, 209, 174, 61, 22, 6, 2, 1, 0, 0, 0, 0, 1]
(2, (1, 0, 0), (2, 2)): [2971, 173, 132, 40, 16, 5, 1, 1]
(2, (1, 0, 0), (3, 0)): [874, 119, 45, 47, 6, 3, 3]
(2, (1, 0, 0), (3, 1)): [1381, 145, 81, 46, 9, 4, 2, 0, 0, 0, 0, 0, 1]
(2, (1, 0, 0), (3, 2)): [1652, 146, 89, 39, 10, 8, 1, 1, 0, 0, 0, 0, 1]
(2, (1, 0, 1), (0, 0)): [75325, 18734, 7444, 4300, 1384, 463, 165, 53, 20, 7, 0, 2, 1]
(2, (1, 0, 1), (0, 1)): [1337, 275, 109, 78, 25, 3, 2, 2, 0, 0, 0, 1]
(2, (1, 0, 1), (0, 2)): [530, 83, 32, 18, 10, 0, 0, 1]
(2, (1, 0, 1), (1, 0)): [1247, 272, 133, 101, 36, 15, 5]
(2, (1, 0, 1), (1, 1)): [999, 210, 82, 75, 19, 9, 5, 1, 0, 0, 0, 1]
(2, (1, 0, 1), (1, 2)): [683, 108, 39, 31, 11, 4, 1, 2, 0, 0, 0, 1]
(2, (1, 0, 1), (2, 0)): [465, 96, 67, 32, 15, 5, 2]
(2, (1, 0, 1), (2, 1)): [559, 122, 46, 39, 16, 5, 1]
(2, (1, 0, 1), (2, 2)): [491, 82, 32, 24, 10, 3, 1, 2, 0, 0, 0, 1]
(2, (1, 0, 1), (3, 0)): [165, 29, 31, 14, 8, 2, 2]
(2, (1, 0, 1), (3, 1)): [259, 51, 32, 20, 7, 2, 3]
(2, (1, 0, 1), (3, 2)): [285, 57, 34, 14, 8, 3, 2, 2]
(2, (1, 1, 0), (0, 0)): [173219, 26719, 13562, 8937, 2836, 952, 303, 102, 38, 18, 7, 1, 2, 1]
(2, (1, 1, 0), (0, 1)): [3127, 433, 196, 137, 40, 7, 4, 3, 0, 0, 0, 0, 1]
(2, (1, 1, 0), (0, 2)): [1238, 132, 58, 30, 10, 1, 1, 1]
(2, (1, 1, 0), (1, 0)): [3037, 465, 256, 209, 63, 20, 7, 2, 1, 1]
(2, (1, 1, 0), (1, 1)): [2531, 348, 159, 137, 32, 8, 3, 2, 1, 1, 0, 0, 1]
(2, (1, 1, 0), (1, 2)): [1738, 197, 88, 54, 14, 3, 2, 2]
(2, (1, 1, 0), (2, 0)): [1069, 180, 116, 87, 34, 12, 3, 1]
(2, (1, 1, 0), (2, 1)): [1361, 174, 110, 87, 25, 11, 3, 1, 1, 1, 0, 0, 1]
(2, (1, 1, 0), (2, 2)): [1297, 156, 76, 71, 16, 4, 4, 2, 1]
(2, (1, 1, 0), (3, 0)): [385, 71, 50, 36, 15, 5, 1]
(2, (1, 1, 0), (3, 1)): [599, 93, 69, 50, 14, 8, 2, 1, 0, 0, 0, 0, 1]
(2, (1, 1, 0), (3, 2)): [730, 98, 62, 50, 17, 3, 3, 2, 1]
(2, (1, 1, 1), (0, 0)): [50482, 7412, 8462, 4269, 3008, 957, 318, 115, 40, 8, 6, 0, 1, 1]
(2, (1, 1, 1), (0, 1)): [1068, 111, 150, 73, 54, 9, 5, 3, 1, 0, 0, 0, 1]
(2, (1, 1, 1), (0, 2)): [494, 31, 35, 23, 16, 2, 1, 1, 1]
(2, (1, 1, 1), (1, 0)): [828, 238, 158, 96, 59, 25, 7, 1, 2, 0, 1]
(2, (1, 1, 1), (1, 1)): [781, 122, 131, 66, 45, 7, 3, 0, 0, 0, 1, 0, 1]
(2, (1, 1, 1), (1, 2)): [595, 55, 55, 32, 18, 4, 2, 1, 0, 0, 1]
(2, (1, 1, 1), (2, 0)): [235, 157, 45, 42, 30, 16, 4, 1, 1]
(2, (1, 1, 1), (2, 1)): [345, 108, 75, 37, 35, 10, 4, 0, 0, 0, 0, 0, 1]
(2, (1, 1, 1), (2, 2)): [389, 69, 53, 35, 20, 5, 2, 0, 0, 0, 1]
(2, (1, 1, 1), (3, 0)): [49, 106, 17, 24, 11, 8, 1, 0, 1]
(2, (1, 1, 1), (3, 1)): [108, 108, 29, 26, 25, 8, 4]
(2, (1, 1, 1), (3, 2)): [181, 92, 36, 39, 22, 8, 4, 0, 0, 0, 1]
