(0, (0, 0, 0), (0, 0)): [14794, 3185, 1530, 659, 309, 145, 67, 21, 6, 5, 1, 2]
(0, (0, 0, 0), (0, 1)): [35, 5, 3, 1, 1]
(0, (0, 0, 0), (0, 2)): [17, 2]
(0, (0, 0, 0), (1, 0)): [14, 7, 1, 2, 1]
(0, (0, 0, 0), (1, 1)): [24, 6, 2, 3, 1]
(0, (0, 0, 0), (1, 2)): [18, 5, 0, 1]
(0, (0, 0, 0), (2, 0)): [2, 1, 0, 0, 1]
(0, (0, 0, 0), (2, 1)): [12, 1, 1, 1, 1]
(0, (0, 0, 0), (2, 2)): [13, 2, 0, 0, 1]
(0, (0, 0, 0), (3, 0)): [1, 1]
(0, (0, 0, 0), (3, 1)): [5, 1, 1, 1]
(0, (0, 0, 0), (3, 2)): [7, 3, 1]
(0, (0, 0, 1), (0, 0)): [68, 242, 61, 27, 15, 7, 5, 1]
(0, (0, 1, 0), (0, 0)): [515, 525, 210, 91, 42, 19, 7, 3, 0, 1]
(0, (0, 1, 0), (0, 1)): [2, 1, 1]
(0, (0, 1, 0), (0, 2)): [1]
(0, (0, 1, 0), (1, 0)): [1, 2, 1]
(0, (0, 1, 0), (1, 1)): [1, 0, 1]
(0, (0, 1, 0), (1, 2)): [2, 0, 1]
(0, (0, 1, 0), (2, 0)): [0, 2, 1]
(0, (0, 1, 0), (2, 1)): [0, 2]
(0, (0, 1, 0), (2, 2)): [1, 1, 1]
(0, (0, 1, 0), (3, 2)): [1, 0, 1]
(0, (0, 1, 1), (0, 0)): [36, 79, 99, 51, 27, 12, 3, 0, 0, 2]
(0, (0, 1, 1), (1, 0)): [0, 0, 0, 1]
(0, (0, 1, 1), (1, 1)): [0, 0, 0, 1]
(0, (0, 1, 1), (1, 2)): [0, 0, 0, 1]
(0, (0, 1, 1), (2, 2)): [0, 0, 0, 1]
(0, (1, 0, 0), (0, 0)): [3318, 1242, 775, 361, 181, 87, 41, 11, 2, 2, 1, 2]
(0, (1, 0, 0), (0, 1)): [4, 3, 1, 2]
(0, (1, 0, 0), (0, 2)): [2, 2]
(0, (1, 0, 0), (1, 0)): [3, 1, 0, 0, 1]
(0, (1, 0, 0), (1, 1)): [3, 0, 0, 1]
(0, (1, 0, 0), (1, 2)): [1]
(0, (1, 0, 0), (2, 0)): [1, 0, 0, 0, 1]
(0, (1, 0, 0), (2, 1)): [1]
(0, (1, 0, 0), (2, 2)): [1]
(0, (1, 0, 0), (3, 0)): [0, 0, 0, 0, 1]
(0, (1, 0, 0), (3, 1)): [0, 0, 0, 0, 1]
(0, (1, 0, 1), (0, 0)): [77, 281, 117, 103, 39, 26, 6, 2, 1]
(0, (1, 0, 1), (0, 1)): [0, 2]
(0, (1, 0, 1), (0, 2)): [0, 1]
(0, (1, 0, 1), (1, 0)): [0, 0, 1]
(0, (1, 0, 1), (1, 1)): [0, 1]
(0, (1, 0, 1), (2, 0)): [0, 0, 1]
(0, (1, 0, 1), (2, 1)): [0, 0, 1]
(0, (1, 0, 1), (2, 2)): [0, 0, 1]
(0, (1, 0, 1), (3, 2)): [0, 0, 1]
(0, (1, 1, 0), (0, 0)): [429, 304, 237, 148, 95, 44, 23, 7, 2, 2, 1, 1]
(0, (1, 1, 0), (0, 1)): [1, 0, 0, 0, 1]
(0, (1, 1, 0), (1, 0)): [1]
(0, (1, 1, 0), (2, 0)): [1]
(0, (1, 1, 1), (0, 0)): [45, 70, 67, 56, 37, 22, 11, 2, 2, 1, 0, 1]
(1, (0, 0, 0), (0, 0)): [11653, 1325, 567, 228, 88, 41, 19, 7, 3, 1]
(1, (0, 0, 0), (0, 1)): [19, 4, 0, 0, 1]
(1, (0, 0, 0), (0, 2)): [7, 1, 0, 0, 1]
(1, (0, 0, 0), (1, 0)): [21, 2, 2, 1]
(1, (0, 0, 0), (1, 1)): [20, 2, 1]
(1, (0, 0, 0), (1, 2)): [12, 1, 0, 0, 1]
(1, (0, 0, 0), (2, 0)): [6, 1, 1]
(1, (0, 0, 0), (2, 1)): [9, 0, 1]
(1, (0, 0, 0), (2, 2)): [14, 1, 1, 0, 1]
(1, (0, 0, 0), (3, 0)): [3, 1, 1]
(1, (0, 0, 0), (3, 1)): [5, 0, 1]
(1, (0, 0, 0), (3, 2)): [8]
(1, (0, 0, 1), (0, 0)): [376, 628, 114, 45, 12, 5, 3, 1]
(1, (0, 0, 1), (0, 1)): [1]
(1, (0, 0, 1), (1, 0)): [1]
(1, (0, 0, 1), (1, 1)): [1]
(1, (0, 0, 1), (2, 0)): [1]
(1, (0, 0, 1), (2, 1)): [1]
(1, (0, 0, 1), (3, 1)): [1]
(1, (0, 1, 0), (0, 0)): [1685, 818, 290, 118, 46, 26, 14, 4, 1]
(1, (0, 1, 0), (0, 1)): [1, 1]
(1, (0, 1, 0), (1, 0)): [1, 1, 1]
(1, (0, 1, 0), (1, 1)): [1, 2]
(1, (0, 1, 0), (1, 2)): [1]
(1, (0, 1, 0), (2, 0)): [0, 0, 1]
(1, (0, 1, 0), (2, 1)): [0, 0, 1]
(1, (0, 1, 0), (2, 2)): [1]
(1, (0, 1, 0), (3, 2)): [1]
(1, (0, 1, 1), (0, 0)): [315, 287, 289, 98, 51, 17, 6, 1, 3, 0, 1]
(1, (0, 1, 1), (1, 0)): [0, 0, 1, 1]
(1, (0, 1, 1), (2, 0)): [0, 0, 1, 1]
(1, (0, 1, 1), (3, 0)): [0, 0, 0, 1]
(1, (0, 1, 1), (3, 1)): [0, 0, 0, 1]
(1, (1, 0, 0), (0, 0)): [4856, 923, 629, 243, 100, 44, 17, 6, 3, 1, 0, 1]
(1, (1, 0, 0), (0, 1)): [8, 0, 1]
(1, (1, 0, 0), (0, 2)): [6]
(1, (1, 0, 0), (1, 0)): [9, 0, 2, 2]
(1, (1, 0, 0), (1, 1)): [7, 0, 2]
(1, (1, 0, 0), (1, 2)): [3]
(1, (1, 0, 0), (2, 0)): [1, 0, 0, 2]
(1, (1, 0, 0), (2, 1)): [4, 0, 1]
(1, (1, 0, 0), (2, 2)): [3, 0, 1]
(1, (1, 0, 0), (3, 0)): [0, 0, 0, 2]
(1, (1, 0, 0), (3, 1)): [1]
(1, (1, 0, 0), (3, 2)): [2]
(1, (1, 0, 1), (0, 0)): [429, 515, 166, 101, 43, 15, 8, 4, 1]
(1, (1, 0, 1), (0, 1)): [1]
(1, (1, 0, 1), (0, 2)): [1]
(1, (1, 0, 1), (1, 0)): [0, 1, 0, 1]
(1, (1, 0, 1), (1, 1)): [0, 1]
(1, (1, 0, 1), (1, 2)): [1]
(1, (1, 0, 1), (2, 0)): [0, 0, 0, 1]
(1, (1, 0, 1), (2, 1)): [0, 1, 0, 1]
(1, (1, 0, 1), (3, 1)): [0, 1, 0, 1]
(1, (1, 0, 1), (3, 2)): [0, 1, 0, 1]
(1, (1, 1, 0), (0, 0)): [1283, 409, 293, 191, 84, 48, 18, 5, 1, 2, 1, 1]
(1, (1, 1, 0), (0, 1)): [2]
(1, (1, 1, 0), (0, 2)): [1]
(1, (1, 1, 0), (1, 0)): [0, 0, 1, 1]
(1, (1, 1, 0), (1, 1)): [1, 0, 1]
(1, (1, 1, 0), (2, 1)): [1, 0, 1]
(1, (1, 1, 0), (2, 2)): [1, 0, 1]
(1, (1, 1, 0), (3, 2)): [1]
(1, (1, 1, 1), (0, 0)): [257, 205, 129, 102, 70, 38, 13, 2, 2, 2, 2]
(1, (1, 1, 1), (0, 1)): [0, 1, 0, 1]
(1, (1, 1, 1), (1, 0)): [0, 0, 1]
(1, (1, 1, 1), (2, 0)): [0, 0, 1]
(1, (1, 1, 1), (2, 1)): [0, 0, 1]
(2, (0, 0, 0), (0, 0)): [10072, 480, 150, 52, 16, 7, 5]
(2, (0, 0, 0), (0, 1)): [12, 1]
(2, (0, 0, 0), (0, 2)): [3]
(2, (0, 0, 0), (1, 0)): [21, 1]
(2, (0, 0, 0), (1, 1)): [20, 1]
(2, (0, 0, 0), (1, 2)): [6]
(2, (0, 0, 0), (2, 0)): [6]
(2, (0, 0, 0), (2, 1)): [12, 1]
(2, (0, 0, 0), (2, 2)): [9]
(2, (0, 0, 0), (3, 0)): [1]
(2, (0, 0, 0), (3, 1)): [3]
(2, (0, 0, 0), (3, 2)): [6]
(2, (0, 0, 1), (0, 0)): [1232, 371, 84, 31, 9, 3, 0, 1]
(2, (0, 0, 1), (0, 1)): [3, 0, 1]
(2, (0, 0, 1), (0, 2)): [2]
(2, (0, 0, 1), (1, 0)): [1]
(2, (0, 0, 1), (1, 1)): [2, 0, 1]
(2, (0, 0, 1), (1, 2)): [3]
(2, (0, 0, 1), (2, 1)): [1, 0, 1]
(2, (0, 0, 1), (2, 2)): [2, 0, 1]
(2, (0, 0, 1), (3, 2)): [0, 0, 1]
(2, (0, 1, 0), (0, 0)): [2653, 637, 172, 53, 22, 12, 2, 1]
(2, (0, 1, 0), (0, 1)): [2, 3]
(2, (0, 1, 0), (0, 2)): [1]
(2, (0, 1, 0), (1, 0)): [2, 2]
(2, (0, 1, 0), (1, 1)): [2, 3]
(2, (0, 1, 0), (1, 2)): [2, 2]
(2, (0, 1, 0), (2, 0)): [0, 2]
(2, (0, 1, 0), (2, 2)): [2, 2]
(2, (0, 1, 0), (3, 2)): [1, 1]
(2, (0, 1, 1), (0, 0)): [719, 65, 158, 55, 15, 4, 2, 1]
(2, (0, 1, 1), (1, 0)): [2]
(2, (0, 1, 1), (1, 1)): [1]
(2, (0, 1, 1), (2, 0)): [1]
(2, (0, 1, 1), (2, 1)): [1]
(2, (0, 1, 1), (3, 0)): [1]
(2, (0, 1, 1), (3, 1)): [1]
(2, (0, 1, 1), (3, 2)): [1]
(2, (1, 0, 0), (0, 0)): [6033, 492, 273, 88, 24, 11, 7]
(2, (1, 0, 0), (0, 1)): [7]
(2, (1, 0, 0), (0, 2)): [2]
(2, (1, 0, 0), (1, 0)): [13, 1, 1]
(2, (1, 0, 0), (1, 1)): [11]
(2, (1, 0, 0), (1, 2)): [3]
(2, (1, 0, 0), (2, 0)): [3, 1, 1]
(2, (1, 0, 0), (2, 1)): [2]
(2, (1, 0, 0), (2, 2)): [1]
(2, (1, 0, 0), (3, 0)): [2]
(2, (1, 0, 0), (3, 1)): [1]
(2, (1, 0, 0), (3, 2)): [2]
(2, (1, 0, 1), (0, 0)): [1130, 293, 135, 61, 24, 6, 2, 1]
(2, (1, 0, 1), (0, 1)): [1, 0, 2]
(2, (1, 0, 1), (0, 2)): [1, 0, 1]
(2, (1, 0, 1), (1, 0)): [2]
(2, (1, 0, 1), (1, 1)): [1, 0, 1]
(2, (1, 0, 1), (1, 2)): [0, 0, 1]
(2, (1, 0, 1), (2, 1)): [1]
(2, (1, 0, 1), (2, 2)): [0, 0, 1]
(2, (1, 1, 0), (0, 0)): [2064, 317, 183, 95, 33, 15, 8, 1]
(2, (1, 1, 0), (0, 1)): [4, 1]
(2, (1, 1, 0), (0, 2)): [3]
(2, (1, 1, 0), (1, 0)): [4]
(2, (1, 1, 0), (1, 1)): [3]
(2, (1, 1, 0), (1, 2)): [4]
(2, (1, 1, 0), (2, 0)): [1]
(2, (1, 1, 0), (2, 1)): [1]
(2, (1, 1, 0), (2, 2)): [2]
(2, (1, 1, 1), (0, 0)): [647, 90, 103, 54, 43, 15, 5, 1, 1]
(2, (1, 1, 1), (1, 0)): [1]
