(0, (0, 0, 0)): [26581, 4679, 2044, 840, 392, 128, 60, 24, 11, 4, 2, 1, 0, 1]
(0, (0, 0, 1)): [96, 264, 60, 37, 9, 3, 0, 0, 1]
(0, (0, 1, 0)): [954, 812, 262, 109, 54, 23, 14, 0, 2, 1, 2, 0, 0, 1]
(0, (0, 1, 1)): [85, 113, 134, 69, 27, 15, 3, 3, 3]
(0, (1, 0, 0)): [5407, 1606, 1015, 456, 250, 83, 36, 17, 9, 2, 0, 1]
(0, (1, 0, 1)): [150, 351, 155, 86, 50, 16, 10, 1, 4, 2]
(0, (1, 1, 0)): [731, 434, 336, 211, 109, 45, 17, 13, 6, 0, 2, 1]
(0, (1, 1, 1)): [62, 129, 107, 71, 43, 24, 10, 4, 4, 1, 2, 1]
(1, (0, 0, 0)): [21835, 2057, 833, 296, 109, 28, 15, 7]
(1, (0, 0, 1)): [536, 643, 124, 53, 18, 7, 1, 0, 1]
(1, (0, 1, 0)): [2767, 1066, 362, 153, 65, 17, 7, 3, 1, 0, 0, 0, 1, 1]
(1, (0, 1, 1)): [443, 302, 258, 103, 50, 16, 6, 6, 1]
(1, (1, 0, 0)): [7908, 1197, 767, 291, 119, 34, 13, 8, 1, 0, 0, 1]
(1, (1, 0, 1)): [662, 610, 199, 123, 44, 19, 7, 2]
(1, (1, 1, 0)): [2175, 626, 361, 265, 109, 30, 13, 12, 4, 0, 0, 1]
(1, (1, 1, 1)): [416, 324, 213, 111, 68, 23, 10, 8, 1, 0, 0, 1]
(2, (0, 0, 0)): [18677, 755, 262, 64, 23, 3, 4, 1]
(2, (0, 0, 1)): [1449, 395, 85, 24, 10, 2]
(2, (0, 1, 0)): [4198, 786, 194, 64, 23, 9, 3, 1]
(2, (0, 1, 1)): [892, 76, 179, 55, 18, 5, 1]
(2, (1, 0, 0)): [9361, 553, 388, 98, 37, 6, 6, 1]
(2, (1, 0, 1)): [1543, 305, 106, 75, 19, 5, 2]
(2, (1, 1, 0)): [3654, 489, 237, 155, 51, 12, 7, 3, 1]
(2, (1, 1, 1)): [1078, 132, 142, 64, 47, 12, 5, 3, 1]
