(0, (0, 0, 0), (0, 0)): [474360, 97300, 45778, 21212, 9602, 4200, 1783, 759, 311, 152, 65, 24, 14, 3, 2]
(0, (0, 0, 0), (0, 1)): [1329, 258, 110, 41, 17, 5, 2, 4, 0, 1, 1]
(0, (0, 0, 0), (0, 2)): [536, 98, 39, 13, 4, 2, 1, 2]
(0, (0, 0, 0), (1, 0)): [1226, 256, 105, 49, 27, 17, 5, 2, 0, 2]
(0, (0, 0, 0), (1, 1)): [1033, 211, 83, 39, 15, 3, 1, 3, 0, 1, 1]
(0, (0, 0, 0), (1, 2)): [671, 130, 35, 15, 4, 2, 1, 2]
(0, (0, 0, 0), (2, 0)): [460, 104, 48, 26, 18, 12, 3, 1, 0, 1]
(0, (0, 0, 0), (2, 1)): [580, 116, 47, 24, 12, 5, 1, 1]
(0, (0, 0, 0), (2, 2)): [547, 108, 23, 12, 9, 4, 1, 1]
(0, (0, 0, 0), (3, 0)): [205, 47, 32, 18, 9, 10, 2, 1]
(0, (0, 0, 0), (3, 1)): [248, 54, 35, 15, 5, 2, 3, 1]
(0, (0, 0, 0), (3, 2)): [323, 66, 36, 14, 9, 2, 2, 1]
(0, (0, 0, 1), (0, 0)): [2320, 7647, 2142, 1016, 500, 204, 102, 53, 22, 8, 4, 1, 3]
(0, (0, 1, 0), (0, 0)): [15687, 16166, 6225, 2930, 1492, 675, 281, 119, 56, 33, 10, 3, 1]
(0, (0, 1, 0), (0, 1)): [44, 42, 10, 3, 2, 1]
(0, (0, 1, 0), (0, 2)): [11, 11, 5, 3, 0, 1]
(0, (0, 1, 0), (1, 0)): [46, 35, 9, 11, 3, 1, 1]
(0, (0, 1, 0), (1, 1)): [36, 22, 5, 3, 1, 1]
(0, (0, 1, 0), (2, 0)): [13, 21, 4, 6, 2, 0, 1]
(0, (0, 1, 0), (2, 1)): [9, 15, 2, 5, 0, 1, 1]
(0, (0, 1, 0), (3, 0)): [10, 9, 2, 2, 2]
(0, (0, 1, 0), (3, 1)): [6, 4, 2, 4, 1, 1, 1]
(0, (0, 1, 1), (0, 0)): [1385, 2543, 3353, 1528, 788, 375, 170, 73, 41, 15, 6, 2, 0, 1, 1]
(0, (0, 1, 1), (1, 0)): [3, 7, 10, 5, 2, 3, 3]
(0, (0, 1, 1), (2, 0)): [0, 5, 6, 3, 1, 2, 1]
(0, (0, 1, 1), (3, 0)): [0, 4, 6, 2, 1, 2, 1]
(0, (0, 1, 1), (3, 1)): [1, 2, 3, 2, 0, 1, 0, 0, 1]
(0, (0, 1, 1), (3, 2)): [0, 1, 3, 2, 1, 0, 0, 0, 1]
(0, (1, 0, 0), (0, 0)): [106134, 37965, 23423, 11793, 5624, 2551, 1090, 484, 198, 102, 46, 15, 9, 3, 2]
(0, (1, 0, 0), (0, 1)): [280, 68, 49, 21, 14, 5, 3, 1, 1, 1]
(0, (1, 0, 0), (0, 2)): [97, 22, 17, 5, 4, 2, 1, 1, 0, 1]
(0, (1, 0, 0), (1, 0)): [216, 87, 58, 18, 8, 4, 3, 4, 2]
(0, (1, 0, 0), (1, 1)): [183, 51, 39, 15, 9, 2, 1, 1]
(0, (1, 0, 0), (1, 2)): [99, 25, 25, 3, 5, 2, 1, 1]
(0, (1, 0, 0), (2, 0)): [82, 40, 19, 9, 4, 1, 2, 3, 2]
(0, (1, 0, 0), (2, 1)): [93, 33, 18, 10, 3, 0, 1, 0, 2]
(0, (1, 0, 0), (2, 2)): [88, 25, 17, 5, 2, 1, 0, 0, 1]
(0, (1, 0, 0), (3, 0)): [34, 16, 7, 5, 2, 1, 0, 1]
(0, (1, 0, 0), (3, 1)): [32, 14, 7, 6, 2, 1, 0, 0, 1]
(0, (1, 0, 0), (3, 2)): [36, 15, 7, 3, 1, 1, 0, 0, 1]
(0, (1, 0, 1), (0, 0)): [2519, 7818, 3524, 2342, 1290, 605, 314, 126, 60, 27, 12, 8, 2, 0, 1]
(0, (1, 0, 1), (0, 1)): [5, 17, 2, 6, 2, 0, 3, 1]
(0, (1, 0, 1), (0, 2)): [3, 10, 0, 2, 0, 0, 2, 1]
(0, (1, 0, 1), (1, 1)): [5, 13, 5, 1, 2, 2, 1]
(0, (1, 0, 1), (1, 2)): [3, 9, 2, 1, 1, 0, 0, 1]
(0, (1, 1, 0), (0, 0)): [13944, 9431, 7817, 5298, 2867, 1324, 585, 293, 110, 59, 32, 7, 5, 1]
(0, (1, 1, 0), (0, 1)): [49, 23, 17, 11, 2, 6, 1]
(0, (1, 1, 0), (0, 2)): [13, 7, 7, 5, 1, 1]
(0, (1, 1, 0), (1, 0)): [25, 20, 16, 16, 5, 5, 4, 2, 1]
(0, (1, 1, 0), (1, 2)): [22, 9, 6, 6, 0, 1]
(0, (1, 1, 0), (2, 0)): [11, 3, 8, 7, 4, 1, 2, 2]
(0, (1, 1, 0), (2, 1)): [11, 7, 4, 4, 4, 4, 2]
(0, (1, 1, 0), (2, 2)): [10, 7, 2, 5, 1, 1, 1]
(0, (1, 1, 0), (3, 2)): [7, 2, 4, 3, 2, 1, 0, 1]
(0, (1, 1, 1), (0, 0)): [1462, 2678, 2338, 1926, 1503, 751, 355, 175, 80, 41, 21, 4, 1, 1, 1]
(0, (1, 1, 1), (0, 1)): [3, 6, 7, 3, 4, 0, 1, 0, 1]
(0, (1, 1, 1), (0, 2)): [2, 1, 3, 3, 1]
(0, (1, 1, 1), (1, 0)): [1, 6, 10, 5, 5, 3, 1, 1, 1]
(1, (0, 0, 0), (0, 0)): [375531, 40989, 17083, 6808, 2718, 1085, 428, 175, 64, 23, 10, 6, 2]
(1, (0, 0, 0), (0, 1)): [1074, 111, 34, 10, 7, 0, 0, 1]
(1, (0, 0, 0), (0, 2)): [441, 29, 13, 6, 3, 0, 0, 1]
(1, (0, 0, 0), (1, 0)): [945, 111, 48, 12, 3, 3, 0, 1]
(1, (0, 0, 0), (1, 1)): [834, 92, 34, 10, 4, 1]
(1, (0, 0, 0), (1, 2)): [528, 52, 17, 10, 3, 1]
(1, (0, 0, 0), (2, 0)): [321, 46, 23, 4, 1, 1]
(1, (0, 0, 0), (2, 1)): [428, 49, 28, 6, 3]
(1, (0, 0, 0), (2, 2)): [423, 40, 21, 9, 3, 1]
(1, (0, 0, 0), (3, 0)): [127, 16, 8, 1, 1, 1]
(1, (0, 0, 0), (3, 1)): [176, 33, 13, 1, 1]
(1, (0, 0, 0), (3, 2)): [243, 31, 20, 4, 0, 1]
(1, (0, 0, 1), (0, 0)): [12488, 19766, 3880, 1622, 702, 278, 120, 61, 22, 9, 5, 3, 2]
(1, (0, 1, 0), (0, 0)): [55749, 27735, 9429, 3905, 1613, 687, 243, 108, 33, 21, 5, 4, 3]
(1, (0, 1, 0), (0, 1)): [147, 56, 15, 7, 1, 1, 1, 1]
(1, (0, 1, 0), (0, 2)): [54, 20, 5, 0, 0, 1, 1]
(1, (0, 1, 0), (1, 0)): [170, 78, 24, 12, 9, 2]
(1, (0, 1, 0), (1, 1)): [138, 49, 9, 9, 4, 1, 0, 1]
(1, (0, 1, 0), (1, 2)): [90, 29, 9, 1, 1]
(1, (0, 1, 0), (2, 0)): [67, 24, 13, 6, 5, 1]
(1, (0, 1, 0), (2, 1)): [59, 26, 6, 9, 2, 2, 0, 1]
(1, (0, 1, 0), (2, 2)): [60, 20, 8, 5, 2, 1]
(1, (0, 1, 0), (3, 0)): [38, 13, 5, 3, 5]
(1, (0, 1, 1), (0, 0)): [9473, 8243, 8399, 3250, 1520, 613, 237, 97, 49, 17, 7, 4, 1, 1]
(1, (0, 1, 1), (1, 0)): [34, 14, 14, 9, 8, 3, 2, 1]
(1, (0, 1, 1), (2, 0)): [20, 12, 5, 5, 5, 3, 1, 1]
(1, (0, 1, 1), (3, 0)): [14, 8, 2, 3, 5, 3, 1, 1]
(1, (1, 0, 0), (0, 0)): [154294, 29621, 17727, 7759, 3125, 1311, 492, 196, 82, 35, 13, 10, 2, 2]
(1, (1, 0, 0), (0, 1)): [423, 57, 45, 18, 6, 3, 2]
(1, (1, 0, 0), (0, 2)): [165, 24, 21, 5, 1]
(1, (1, 0, 0), (1, 0)): [382, 79, 62, 24, 5, 4, 0, 1]
(1, (1, 0, 0), (1, 1)): [310, 49, 31, 15, 3, 4, 1, 1]
(1, (1, 0, 0), (1, 2)): [205, 24, 17, 6, 2, 0, 1]
(1, (1, 0, 0), (2, 0)): [129, 31, 31, 12, 3, 1]
(1, (1, 0, 0), (2, 1)): [146, 31, 25, 10, 1, 3, 0, 1]
(1, (1, 0, 0), (2, 2)): [135, 19, 19, 6, 2, 1]
(1, (1, 0, 0), (3, 0)): [50, 16, 11, 7, 3]
(1, (1, 0, 0), (3, 1)): [58, 19, 11, 7, 0, 1, 0, 1]
(1, (1, 0, 0), (3, 2)): [76, 15, 11, 8, 0, 1]
(1, (1, 0, 1), (0, 0)): [12312, 15835, 5559, 3514, 1479, 644, 237, 95, 36, 27, 8, 2]
(1, (1, 0, 1), (0, 1)): [34, 31, 10, 8, 4, 1, 1, 1]
(1, (1, 0, 1), (1, 0)): [29, 43, 6, 11, 4, 4, 0, 1]
(1, (1, 0, 1), (1, 1)): [15, 29, 6, 8, 3, 0, 1]
(1, (1, 0, 1), (1, 2)): [15, 9, 7, 8, 2, 0, 0, 1]
(1, (1, 0, 1), (2, 0)): [13, 15, 2, 3, 3, 2]
(1, (1, 0, 1), (2, 1)): [9, 18, 0, 4, 0, 1, 1]
(1, (1, 0, 1), (2, 2)): [9, 10, 4, 3, 1, 1]
(1, (1, 0, 1), (3, 1)): [3, 7, 0, 2, 2]
(1, (1, 0, 1), (3, 2)): [4, 10, 3, 3, 3, 1]
(1, (1, 1, 0), (0, 0)): [39849, 12802, 9379, 6169, 2706, 1164, 452, 183, 68, 28, 8, 6, 1, 3]
(1, (1, 1, 0), (0, 1)): [100, 29, 22, 16, 7, 3, 1]
(1, (1, 1, 0), (0, 2)): [40, 16, 5, 7, 3]
(1, (1, 1, 0), (1, 0)): [93, 25, 25, 25, 11, 2]
(1, (1, 1, 0), (1, 1)): [83, 16, 16, 15, 3, 1, 1]
(1, (1, 1, 0), (1, 2)): [51, 8, 7, 8, 3]
(1, (1, 1, 0), (2, 0)): [29, 8, 10, 8, 8, 1]
(1, (1, 1, 0), (2, 1)): [40, 16, 5, 8, 3, 1, 1]
(1, (1, 1, 0), (2, 2)): [39, 8, 6, 6, 2]
(1, (1, 1, 0), (3, 1)): [13, 7, 6, 2, 2, 0, 1]
(1, (1, 1, 0), (3, 2)): [20, 8, 3, 4, 3]
(1, (1, 1, 1), (0, 0)): [7917, 6594, 4344, 3115, 2114, 946, 390, 157, 61, 24, 8, 4, 1, 1]
(1, (1, 1, 1), (0, 1)): [26, 20, 13, 10, 3, 1, 0, 1]
(1, (1, 1, 1), (0, 2)): [17, 7, 5, 4, 0, 1]
(2, (0, 0, 0), (0, 0)): [322682, 13859, 4717, 1482, 521, 197, 69, 27, 5, 1, 2]
(2, (0, 0, 0), (0, 1)): [951, 46, 10, 4, 1]
(2, (0, 0, 0), (0, 2)): [352, 12, 3, 3]
(2, (0, 0, 0), (1, 0)): [968, 63, 21, 7, 3]
(2, (0, 0, 0), (1, 1)): [834, 42, 14, 3, 2]
(2, (0, 0, 0), (1, 2)): [482, 14, 9, 2, 1]
(2, (0, 0, 0), (2, 0)): [363, 24, 10, 4, 1]
(2, (0, 0, 0), (2, 1)): [498, 28, 8, 4, 1]
(2, (0, 0, 0), (2, 2)): [422, 18, 10, 5, 1]
(2, (0, 0, 0), (3, 0)): [125, 12, 7, 2, 1]
(2, (0, 0, 0), (3, 1)): [219, 16, 5, 0, 1]
(2, (0, 0, 0), (3, 2)): [290, 20, 10, 2, 1]
(2, (0, 0, 1), (0, 0)): [37719, 12865, 2285, 773, 261, 98, 39, 11, 0, 1]
(2, (0, 0, 1), (0, 1)): [91, 30, 7]
(2, (0, 0, 1), (1, 0)): [83, 31, 6, 0, 0, 1]
(2, (0, 0, 1), (1, 1)): [63, 20, 3]
(2, (0, 0, 1), (1, 2)): [53, 14, 5]
(2, (0, 0, 1), (2, 0)): [39, 11, 4, 0, 0, 1]
(2, (0, 0, 1), (3, 0)): [20, 4, 3, 0, 0, 1]
(2, (0, 1, 0), (0, 0)): [90994, 21454, 5207, 1747, 561, 200, 72, 20, 5, 1]
(2, (0, 1, 0), (0, 1)): [208, 42, 7, 2, 4]
(2, (0, 1, 0), (1, 0)): [270, 43, 18, 5, 1, 1]
(2, (0, 1, 0), (1, 1)): [187, 41, 8, 0, 2]
(2, (0, 1, 0), (1, 2)): [114, 17, 5, 1, 4]
(2, (0, 1, 0), (2, 0)): [131, 20, 13, 5, 1, 1]
(2, (0, 1, 0), (2, 1)): [120, 21, 6, 1, 0, 1]
(2, (0, 1, 0), (2, 2)): [114, 15, 6, 1, 3]
(2, (0, 1, 0), (3, 0)): [76, 12, 8, 2, 1]
(2, (0, 1, 0), (3, 1)): [63, 13, 2, 1, 1, 1]
(2, (0, 1, 0), (3, 2)): [83, 12, 7, 0, 1, 1]
(2, (0, 1, 1), (0, 0)): [22870, 2046, 5538, 1451, 534, 192, 60, 19, 10, 3, 1]
(2, (0, 1, 1), (0, 1)): [57, 6, 14, 2, 2]
(2, (0, 1, 1), (0, 2)): [26, 1, 5, 2, 2]
(2, (0, 1, 1), (1, 0)): [77, 5, 19, 7, 2, 1]
(2, (0, 1, 1), (1, 1)): [48, 6, 14, 2]
(2, (0, 1, 1), (1, 2)): [31, 1, 9, 2, 1]
(2, (0, 1, 1), (2, 0)): [42, 2, 9, 5, 1, 1]
(2, (0, 1, 1), (2, 2)): [25, 1, 8, 1]
(2, (0, 1, 1), (3, 0)): [36, 0, 7, 3, 1, 1]
(2, (1, 0, 0), (0, 0)): [189410, 14824, 8126, 2688, 891, 300, 117, 38, 11, 2, 2]
(2, (1, 0, 0), (0, 1)): [448, 20, 18, 7, 1, 1]
(2, (1, 0, 0), (0, 2)): [160, 8, 4, 0, 0, 1]
(2, (1, 0, 0), (1, 0)): [475, 22, 22, 8, 3, 1]
(2, (1, 0, 0), (1, 1)): [361, 14, 16, 9, 1]
(2, (1, 0, 0), (1, 2)): [201, 9, 9, 4]
(2, (1, 0, 0), (2, 0)): [169, 12, 6, 5, 1]
(2, (1, 0, 0), (2, 1)): [171, 11, 6, 0, 1]
(2, (1, 0, 0), (2, 2)): [151, 11, 11, 1]
(2, (1, 0, 0), (3, 0)): [58, 6, 2, 4, 1]
(2, (1, 0, 0), (3, 1)): [71, 6, 4, 1]
(2, (1, 0, 0), (3, 2)): [78, 9, 4, 1]
(2, (1, 0, 1), (0, 0)): [32382, 8809, 3800, 1940, 620, 233, 77, 32, 10, 1, 0, 1]
(2, (1, 0, 1), (0, 1)): [71, 16, 8, 8, 1, 1]
(2, (1, 0, 1), (1, 0)): [69, 10, 7, 9, 1, 1]
(2, (1, 0, 1), (1, 1)): [48, 10, 3, 2, 1]
(2, (1, 0, 1), (1, 2)): [27, 6, 3, 3]
(2, (1, 0, 1), (2, 0)): [30, 4, 5, 6, 1]
(2, (1, 0, 1), (2, 1)): [23, 4, 2, 3, 1]
(2, (1, 0, 1), (2, 2)): [18, 2, 3, 2]
(2, (1, 0, 1), (3, 1)): [12, 0, 2, 2, 1]
(2, (1, 0, 1), (3, 2)): [12, 1, 4, 1]
(2, (1, 1, 0), (0, 0)): [65663, 10334, 5729, 3366, 1070, 395, 124, 37, 18, 6, 3, 0, 0, 1]
(2, (1, 1, 0), (0, 1)): [178, 22, 15, 6, 4]
(2, (1, 1, 0), (0, 2)): [79, 8, 7, 1, 1]
(2, (1, 1, 0), (1, 0)): [161, 20, 13, 15, 2, 2, 0, 1]
(2, (1, 1, 0), (1, 1)): [118, 16, 6, 5, 2]
(2, (1, 1, 0), (1, 2)): [78, 12, 5, 2, 1]
(2, (1, 1, 0), (2, 0)): [71, 7, 7, 9, 1, 1, 0, 1]
(2, (1, 1, 0), (2, 1)): [67, 7, 4, 2, 1]
(2, (1, 1, 0), (2, 2)): [60, 9, 4, 2, 1]
(2, (1, 1, 0), (3, 2)): [38, 1, 6, 3, 1]
(2, (1, 1, 1), (0, 0)): [19598, 2962, 3444, 1832, 1226, 423, 140, 47, 21, 4, 3, 0, 0, 1]
(2, (1, 1, 1), (0, 1)): [65, 8, 12, 6, 2, 1]
(2, (1, 1, 1), (0, 2)): [40, 4, 1, 0, 0, 1]
(2, (1, 1, 1), (1, 0)): [51, 16, 10, 13, 0, 1]
(2, (1, 1, 1), (1, 1)): [33, 6, 12, 6]
(2, (1, 1, 1), (1, 2)): [30, 3, 4, 2, 0, 1]
