(0, (0, 0, 0)): [14881, 3212, 1530, 728, 334, 159, 53, 26, 18, 5, 1, 0, 1]
(0, (0, 0, 1)): [61, 239, 71, 38, 13, 8, 2, 1, 1]
(0, (0, 1, 0)): [469, 537, 190, 110, 42, 23, 8, 0, 1, 2]
(0, (0, 1, 1)): [50, 74, 111, 37, 23, 11, 8, 4, 0, 1, 1]
(0, (1, 0, 0)): [3176, 1181, 754, 375, 200, 102, 29, 20, 12, 1, 1, 0, 1]
(0, (1, 0, 1)): [67, 284, 102, 85, 45, 29, 8, 2, 1]
(0, (1, 1, 0)): [394, 286, 253, 173, 91, 50, 17, 11, 11]
(0, (1, 1, 1)): [35, 76, 64, 57, 31, 17, 6, 4, 3]
(1, (0, 0, 0)): [11986, 1394, 582, 241, 97, 29, 14, 8, 3, 2]
(1, (0, 0, 1)): [315, 539, 110, 64, 15, 12, 6, 0, 1, 1]
(1, (0, 1, 0)): [1606, 823, 303, 153, 65, 24, 5, 4, 2, 4, 0, 0, 1]
(1, (0, 1, 1)): [288, 248, 258, 105, 58, 21, 9, 6, 5]
(1, (1, 0, 0)): [4958, 947, 568, 259, 116, 36, 17, 10, 2, 1, 0, 1]
(1, (1, 0, 1)): [422, 578, 177, 124, 49, 27, 10, 3, 3, 3]
(1, (1, 1, 0)): [1305, 406, 325, 212, 105, 39, 12, 8, 1, 1, 0, 1]
(1, (1, 1, 1)): [277, 235, 158, 107, 77, 39, 11, 9, 4, 1]
(2, (0, 0, 0)): [10181, 466, 179, 37, 20, 9, 2, 1]
(2, (0, 0, 1)): [990, 345, 83, 30, 13, 5, 3, 0, 0, 1]
(2, (0, 1, 0)): [2644, 631, 148, 59, 15, 9, 3, 1, 1]
(2, (0, 1, 1)): [631, 58, 172, 45, 17, 9, 2, 2]
(2, (1, 0, 0)): [6190, 492, 304, 78, 39, 15, 4]
(2, (1, 0, 1)): [1125, 287, 129, 67, 22, 11, 2, 1, 1, 1]
(2, (1, 1, 0)): [2315, 370, 175, 121, 38, 18, 4, 2, 2]
(2, (1, 1, 1)): [733, 107, 120, 76, 61, 25, 3, 5]
