(0, (0, 0, 0)): [2243145, 459135, 211108, 96616, 43391, 18581, 7772, 3098, 1275, 551, 251, 115, 41, 22, 6, 1, 1, 1]
(0, (0, 0, 1)): [8326, 25859, 7098, 3449, 1657, 721, 320, 128, 53, 30, 20, 4, 4, 3]
(0, (0, 1, 0)): [83133, 78122, 30658, 15186, 7235, 3115, 1359, 545, 235, 119, 44, 17, 7, 6, 3, 0, 1]
(0, (0, 1, 1)): [6595, 11631, 13823, 6424, 3381, 1633, 701, 304, 150, 67, 20, 13, 3, 4, 2, 0, 1, 1]
(0, (1, 0, 0)): [470806, 156503, 101473, 50485, 24176, 10864, 4547, 1917, 816, 354, 172, 67, 26, 17, 4, 1, 1, 1]
(0, (1, 0, 1)): [11055, 33667, 13749, 9775, 5160, 2395, 1130, 457, 227, 91, 52, 20, 9, 3, 2, 0, 0, 1]
(0, (1, 1, 0)): [67038, 42368, 31465, 22892, 12159, 5733, 2450, 1113, 471, 217, 102, 38, 13, 6, 1, 0, 1]
(0, (1, 1, 1)): [6430, 12667, 10172, 7418, 6082, 3054, 1403, 660, 319, 137, 67, 24, 7, 4, 1, 0, 1]
(1, (0, 0, 0)): [1831291, 204644, 83730, 33246, 13088, 4977, 1944, 689, 243, 100, 36, 23, 8, 3, 0, 1]
(1, (0, 0, 1)): [50081, 72026, 14354, 6286, 2575, 1053, 416, 149, 74, 26, 14, 8, 4, 2]
(1, (0, 1, 0)): [249303, 108426, 40028, 17406, 7056, 2819, 992, 432, 131, 63, 32, 10, 10, 2, 1]
(1, (0, 1, 1)): [38830, 32725, 28491, 11587, 5967, 2347, 949, 364, 164, 56, 17, 8, 3, 2, 0, 1]
(1, (1, 0, 0)): [683596, 120835, 79401, 33863, 13893, 5515, 2187, 786, 305, 131, 50, 32, 7, 3, 0, 2]
(1, (1, 0, 1)): [55705, 63455, 20447, 13945, 6041, 2477, 979, 379, 134, 77, 22, 9, 2, 1]
(1, (1, 1, 0)): [192136, 58004, 38734, 28282, 11918, 4946, 1944, 772, 297, 121, 46, 25, 10, 5, 1]
(1, (1, 1, 1)): [39356, 31528, 19748, 12880, 9834, 4173, 1716, 647, 263, 93, 30, 21, 9, 4, 1, 1]
(2, (0, 0, 0)): [1598652, 75505, 25144, 8008, 2683, 847, 294, 101, 20, 8, 5, 0, 1]
(2, (0, 0, 1)): [151628, 44580, 9380, 3222, 1143, 385, 110, 37, 9, 6, 0, 2]
(2, (0, 1, 0)): [399084, 82715, 23141, 8222, 2761, 893, 287, 85, 20, 13, 7, 0, 1]
(2, (0, 1, 1)): [92405, 7810, 19388, 5586, 2219, 724, 240, 73, 24, 7, 5, 1, 0, 1]
(2, (1, 0, 0)): [827404, 60066, 40228, 12822, 4238, 1347, 521, 152, 38, 15, 7, 1, 1]
(2, (1, 0, 1)): [145964, 34205, 13613, 8579, 2851, 932, 313, 91, 32, 11, 2, 4, 2]
(2, (1, 1, 0)): [325887, 48939, 24838, 17428, 5640, 1823, 623, 207, 67, 29, 10, 3, 2, 1]
(2, (1, 1, 1)): [96697, 14110, 16038, 8060, 6101, 1900, 638, 216, 74, 18, 10, 4, 1, 1]
