(0, (0, 0, 0), (0, 0)): [516977, 105339, 49294, 22767, 10293, 4522, 1886, 802, 333, 163, 72, 25, 16, 4, 2]
(0, (0, 0, 0), (0, 1)): [1394, 267, 115, 43, 18, 6, 2, 4, 0, 1, 1]
(0, (0, 0, 0), (0, 2)): [571, 101, 41, 14, 4, 2, 1, 2]
(0, (0, 0, 0), (1, 0)): [1290, 261, 108, 50, 27, 18, 5, 2, 0, 2]
(0, (0, 0, 0), (1, 1)): [1074, 217, 85, 39, 15, 3, 1, 3, 0, 1, 1]
(0, (0, 0, 0), (1, 2)): [703, 134, 37, 16, 4, 2, 1, 2]
(0, (0, 0, 0), (2, 0)): [478, 106, 51, 27, 18, 12, 3, 1, 0, 1]
(0, (0, 0, 0), (2, 1)): [602, 120, 49, 24, 12, 5, 1, 1]
(0, (0, 0, 0), (2, 2)): [568, 111, 24, 12, 9, 4, 1, 1]
(0, (0, 0, 0), (3, 0)): [213, 48, 33, 19, 9, 10, 2, 1]
(0, (0, 0, 0), (3, 1)): [262, 57, 37, 16, 5, 2, 3, 1]
(0, (0, 0, 0), (3, 2)): [341, 68, 37, 14, 9, 2, 2, 1]
(0, (0, 0, 1), (0, 0)): [2460, 8134, 2268, 1069, 531, 215, 107, 59, 24, 9, 4, 1, 3]
(0, (0, 1, 0), (0, 0)): [16977, 17499, 6673, 3145, 1598, 713, 299, 130, 58, 33, 13, 4, 2]
(0, (0, 1, 0), (0, 1)): [45, 47, 10, 3, 2, 1]
(0, (0, 1, 0), (0, 2)): [12, 11, 5, 3, 0, 1]
(0, (0, 1, 1), (0, 0)): [1524, 2755, 3605, 1619, 846, 413, 176, 76, 42, 16, 6, 3, 0, 1, 1]
(0, (1, 0, 0), (0, 0)): [115447, 41039, 25242, 12685, 6040, 2743, 1161, 504, 211, 112, 49, 16, 10, 3, 2]
(0, (1, 0, 0), (0, 1)): [288, 69, 51, 22, 14, 5, 3, 1, 1, 1]
(0, (1, 0, 0), (0, 2)): [100, 23, 17, 6, 4, 2, 1, 1, 0, 1]
(0, (1, 0, 0), (1, 0)): [224, 92, 60, 18, 8, 4, 3, 4, 2]
(0, (1, 0, 0), (1, 1)): [189, 54, 42, 15, 9, 2, 1, 1]
(0, (1, 0, 0), (2, 0)): [88, 41, 19, 9, 4, 1, 2, 3, 2]
(0, (1, 0, 0), (3, 0)): [39, 17, 7, 5, 2, 1, 0, 1]
(0, (1, 0, 1), (0, 0)): [2700, 8511, 3753, 2500, 1360, 634, 334, 135, 63, 27, 12, 8, 3, 0, 1]
(0, (1, 0, 1), (1, 0)): [12, 24, 8, 2, 5, 5, 0, 1]
(0, (1, 0, 1), (1, 1)): [5, 14, 6, 1, 2, 3, 1]
(0, (1, 0, 1), (1, 2)): [3, 10, 2, 1, 1, 0, 0, 1]
(0, (1, 0, 1), (2, 2)): [2, 7, 4, 0, 1, 0, 0, 1]
(0, (1, 0, 1), (3, 2)): [1, 6, 3]
(0, (1, 1, 0), (0, 0)): [15292, 10263, 8474, 5710, 3092, 1426, 635, 313, 122, 66, 33, 8, 5, 1]
(0, (1, 1, 0), (0, 1)): [51, 23, 18, 11, 2, 6, 1]
(0, (1, 1, 1), (0, 0)): [1586, 2923, 2535, 2077, 1609, 804, 369, 185, 84, 42, 23, 6, 1, 1, 1]
(1, (0, 0, 0), (0, 0)): [409519, 44407, 18393, 7299, 2904, 1175, 448, 186, 69, 24, 11, 6, 2, 1]
(1, (0, 0, 0), (0, 1)): [1131, 117, 35, 10, 7, 0, 0, 1]
(1, (0, 0, 0), (0, 2)): [469, 32, 14, 6, 3, 0, 0, 1]
(1, (0, 0, 0), (1, 0)): [997, 112, 48, 14, 3, 3, 0, 1]
(1, (0, 0, 0), (1, 1)): [876, 94, 34, 11, 4, 1]
(1, (0, 0, 0), (1, 2)): [554, 52, 17, 10, 3, 1]
(1, (0, 0, 0), (2, 0)): [331, 47, 23, 5, 1, 1]
(1, (0, 0, 0), (2, 1)): [449, 50, 28, 6, 3]
(1, (0, 0, 0), (2, 2)): [442, 41, 21, 9, 3, 1]
(1, (0, 0, 0), (3, 0)): [129, 17, 8, 2, 1, 1]
(1, (0, 0, 0), (3, 1)): [183, 33, 13, 1, 1]
(1, (0, 0, 0), (3, 2)): [254, 32, 20, 4, 0, 1]
(1, (0, 0, 1), (0, 0)): [13283, 21007, 4099, 1705, 748, 290, 125, 64, 25, 9, 6, 4, 3, 1]
(1, (0, 0, 1), (0, 1)): [29, 49, 7, 2, 1]
(1, (0, 0, 1), (0, 2)): [13, 23, 1]
(1, (0, 0, 1), (1, 2)): [16, 21, 4, 1]
(1, (0, 0, 1), (2, 2)): [12, 17, 2]
(1, (0, 1, 0), (0, 0)): [60251, 29808, 10102, 4178, 1725, 730, 262, 113, 33, 23, 7, 5, 3]
(1, (0, 1, 0), (0, 1)): [153, 57, 15, 7, 1, 1, 1, 1]
(1, (0, 1, 0), (1, 0)): [175, 79, 25, 12, 9, 2]
(1, (0, 1, 0), (1, 1)): [141, 49, 10, 9, 4, 1, 0, 1]
(1, (0, 1, 0), (1, 2)): [94, 29, 9, 1, 1]
(1, (0, 1, 0), (2, 0)): [71, 25, 13, 6, 5, 1]
(1, (0, 1, 0), (3, 0)): [41, 14, 5, 3, 5]
(1, (0, 1, 1), (0, 0)): [10250, 8898, 8968, 3483, 1621, 659, 255, 102, 53, 18, 8, 4, 1, 1]
(1, (0, 1, 1), (0, 1)): [35, 11, 22, 4, 1, 0, 0, 1]
(1, (0, 1, 1), (0, 2)): [23, 3, 7, 2]
(1, (0, 1, 1), (1, 0)): [40, 15, 15, 9, 8, 4, 2, 1]
(1, (0, 1, 1), (1, 2)): [20, 3, 8, 2, 0, 0, 1]
(1, (0, 1, 1), (2, 0)): [24, 13, 6, 5, 5, 4, 1, 1]
(1, (0, 1, 1), (2, 1)): [11, 7, 9, 3]
(1, (0, 1, 1), (2, 2)): [13, 2, 6, 3]
(1, (0, 1, 1), (3, 0)): [17, 9, 3, 3, 5, 4, 1, 1]
(1, (0, 1, 1), (3, 1)): [7, 4, 3, 2]
(1, (0, 1, 1), (3, 2)): [9, 3, 6]
(1, (1, 0, 0), (0, 0)): [167531, 31997, 19046, 8351, 3329, 1415, 516, 207, 90, 37, 16, 11, 2, 2]
(1, (1, 0, 0), (0, 1)): [439, 57, 47, 19, 7, 3, 2]
(1, (1, 0, 0), (0, 2)): [171, 24, 23, 5, 1]
(1, (1, 0, 0), (1, 0)): [394, 81, 62, 24, 5, 4, 0, 1]
(1, (1, 0, 0), (1, 1)): [316, 50, 31, 15, 3, 4, 1, 1]
(1, (1, 0, 0), (1, 2)): [211, 25, 17, 6, 2, 0, 1]
(1, (1, 0, 0), (2, 0)): [135, 32, 31, 12, 3, 1]
(1, (1, 0, 0), (2, 1)): [150, 31, 25, 10, 1, 3, 0, 1]
(1, (1, 0, 0), (2, 2)): [139, 19, 19, 6, 2, 1]
(1, (1, 0, 0), (3, 0)): [55, 17, 11, 7, 3]
(1, (1, 0, 0), (3, 1)): [62, 20, 11, 7, 0, 1, 0, 1]
(1, (1, 0, 0), (3, 2)): [77, 15, 11, 8, 0, 1]
(1, (1, 0, 1), (0, 0)): [13200, 17084, 5922, 3735, 1576, 685, 250, 99, 37, 27, 10, 2]
(1, (1, 0, 1), (0, 1)): [35, 31, 10, 9, 4, 1, 1, 1]
(1, (1, 0, 1), (0, 2)): [25, 6, 5, 6, 1, 1, 0, 1]
(1, (1, 0, 1), (1, 0)): [31, 45, 7, 11, 4, 4, 0, 1]
(1, (1, 0, 1), (1, 2)): [17, 9, 7, 8, 2, 0, 0, 1]
(1, (1, 0, 1), (2, 2)): [10, 10, 4, 3, 1, 1]
(1, (1, 0, 1), (3, 2)): [5, 11, 3, 3, 3, 1]
(1, (1, 1, 0), (0, 0)): [43623, 13963, 10179, 6665, 2926, 1258, 494, 196, 76, 31, 10, 6, 1, 3]
(1, (1, 1, 0), (0, 1)): [107, 29, 23, 16, 7, 3, 1]
(1, (1, 1, 0), (0, 2)): [45, 16, 6, 7, 3]
(1, (1, 1, 0), (1, 0)): [99, 26, 26, 25, 12, 2]
(1, (1, 1, 0), (1, 1)): [86, 16, 17, 15, 3, 1, 1]
(1, (1, 1, 0), (1, 2)): [53, 8, 8, 8, 3]
(1, (1, 1, 0), (2, 2)): [43, 8, 6, 6, 2]
(1, (1, 1, 1), (0, 0)): [8727, 7273, 4769, 3400, 2294, 1032, 431, 169, 68, 27, 11, 5, 1, 1]
(1, (1, 1, 1), (0, 1)): [29, 21, 13, 10, 3, 3, 0, 1]
(1, (1, 1, 1), (0, 2)): [18, 8, 5, 4, 0, 2]
(1, (1, 1, 1), (1, 0)): [22, 14, 18, 8, 11, 4, 3, 1]
(1, (1, 1, 1), (1, 1)): [18, 17, 8, 9, 5, 2, 1, 1]
(1, (1, 1, 1), (1, 2)): [12, 7, 1, 7, 1, 2, 1, 1]
(2, (0, 0, 0), (0, 0)): [351525, 15024, 5120, 1578, 569, 209, 71, 29, 6, 1, 2]
(2, (0, 0, 0), (0, 1)): [1000, 48, 12, 4, 1]
(2, (0, 0, 0), (0, 2)): [369, 12, 4, 3]
(2, (0, 0, 0), (1, 0)): [1008, 66, 21, 8, 3]
(2, (0, 0, 0), (1, 1)): [862, 44, 14, 3, 2]
(2, (0, 0, 0), (1, 2)): [503, 15, 9, 2, 1]
(2, (0, 0, 0), (2, 0)): [381, 26, 10, 5, 1]
(2, (0, 0, 0), (2, 1)): [520, 30, 8, 5, 1]
(2, (0, 0, 0), (2, 2)): [442, 19, 10, 6, 1]
(2, (0, 0, 0), (3, 0)): [131, 12, 7, 2, 1]
(2, (0, 0, 0), (3, 1)): [230, 18, 5, 0, 1]
(2, (0, 0, 0), (3, 2)): [303, 20, 10, 2, 1]
(2, (0, 0, 1), (0, 0)): [40011, 13599, 2419, 810, 280, 104, 39, 11, 1, 2, 0, 1]
(2, (0, 0, 1), (0, 1)): [95, 33, 8]
(2, (0, 0, 1), (0, 2)): [46, 12, 5]
(2, (0, 0, 1), (1, 0)): [86, 32, 6, 0, 0, 1]
(2, (0, 0, 1), (2, 0)): [40, 11, 4, 0, 0, 1]
(2, (0, 0, 1), (3, 0)): [21, 4, 3, 0, 0, 1]
(2, (0, 1, 0), (0, 0)): [98036, 23065, 5563, 1869, 604, 216, 73, 21, 6, 1]
(2, (0, 1, 0), (0, 1)): [218, 43, 7, 2, 4]
(2, (0, 1, 0), (0, 2)): [89, 7, 1, 1, 2]
(2, (0, 1, 0), (1, 0)): [275, 43, 18, 6, 1, 1]
(2, (0, 1, 0), (1, 1)): [190, 42, 8, 0, 2]
(2, (0, 1, 0), (2, 0)): [133, 20, 13, 6, 1, 1]
(2, (0, 1, 0), (2, 1)): [122, 22, 6, 2, 0, 1]
(2, (0, 1, 0), (2, 2)): [118, 15, 6, 1, 3]
(2, (0, 1, 0), (3, 0)): [78, 12, 8, 2, 1]
(2, (0, 1, 0), (3, 2)): [87, 12, 7, 0, 1, 1]
(2, (0, 1, 1), (0, 0)): [24374, 2187, 5900, 1531, 570, 198, 64, 20, 10, 3, 1]
(2, (0, 1, 1), (0, 1)): [59, 6, 14, 2, 2]
(2, (1, 0, 0), (0, 0)): [205444, 16033, 8810, 2891, 966, 315, 120, 44, 11, 2, 3]
(2, (1, 0, 0), (0, 1)): [473, 20, 18, 7, 2, 1]
(2, (1, 0, 0), (0, 2)): [169, 8, 4, 0, 1, 1]
(2, (1, 0, 0), (1, 0)): [494, 23, 23, 9, 3, 1]
(2, (1, 0, 0), (1, 1)): [377, 14, 16, 9, 1]
(2, (1, 0, 0), (1, 2)): [211, 9, 9, 4, 1]
(2, (1, 0, 0), (2, 0)): [174, 13, 6, 6, 1]
(2, (1, 0, 0), (2, 1)): [176, 11, 6, 0, 1]
(2, (1, 0, 0), (2, 2)): [157, 11, 11, 1, 1]
(2, (1, 0, 0), (3, 0)): [60, 7, 2, 4, 1]
(2, (1, 0, 0), (3, 1)): [75, 7, 4, 1]
(2, (1, 0, 0), (3, 2)): [82, 10, 4, 1, 1]
(2, (1, 0, 1), (0, 0)): [34607, 9355, 4045, 2051, 655, 245, 78, 32, 11, 2, 0, 1]
(2, (1, 0, 1), (0, 1)): [75, 16, 8, 8, 1, 1]
(2, (1, 0, 1), (0, 2)): [29, 5, 3, 4]
(2, (1, 1, 0), (0, 0)): [72554, 11494, 6261, 3699, 1173, 425, 129, 44, 18, 6, 4, 0, 0, 1]
(2, (1, 1, 0), (0, 1)): [185, 23, 17, 6, 5]
(2, (1, 1, 0), (0, 2)): [81, 8, 7, 1, 1]
(2, (1, 1, 0), (1, 0)): [169, 21, 13, 15, 2, 2, 0, 1]
(2, (1, 1, 0), (1, 1)): [121, 18, 6, 5, 2]
(2, (1, 1, 0), (1, 2)): [79, 12, 5, 2, 1]
(2, (1, 1, 0), (2, 0)): [74, 7, 7, 9, 1, 1, 0, 1]
(2, (1, 1, 0), (3, 0)): [37, 2, 5, 5, 1, 1]
(2, (1, 1, 0), (3, 1)): [33, 1, 4, 5]
(2, (1, 1, 0), (3, 2)): [39, 1, 6, 3, 1]
(2, (1, 1, 1), (0, 0)): [21487, 3271, 3755, 1997, 1312, 445, 148, 53, 22, 5, 4, 0, 0, 1]
(2, (1, 1, 1), (0, 1)): [72, 9, 12, 6, 2, 1]
(2, (1, 1, 1), (0, 2)): [42, 4, 1, 0, 0, 1]
(2, (1, 1, 1), (1, 0)): [51, 18, 10, 13, 0, 1]
(2, (1, 1, 1), (1, 2)): [33, 3, 4, 2, 0, 1]
(2, (1, 1, 1), (2, 0)): [23, 16, 2, 8, 0, 1]
(2, (1, 1, 1), (3, 0)): [8, 12, 0, 5, 0, 1]
