(0, (0, 0, 0), (0, 0)): [15149, 3192, 1503, 703, 330, 158, 80, 37, 8, 3, 0, 0, 1, 1]
(0, (0, 0, 0), (0, 1)): [35, 9, 3, 0, 2]
(0, (0, 0, 0), (0, 2)): [17, 1, 2]
(0, (0, 0, 0), (1, 0)): [45, 19, 5, 2, 1, 1, 0, 1, 0, 1]
(0, (0, 0, 0), (1, 1)): [30, 13, 2, 1, 2, 0, 0, 1]
(0, (0, 0, 0), (1, 2)): [17, 4, 2, 1, 1]
(0, (0, 0, 0), (2, 0)): [27, 9, 4, 1, 0, 1, 0, 0, 0, 1]
(0, (0, 0, 0), (2, 1)): [27, 11, 1, 0, 1]
(0, (0, 0, 0), (2, 2)): [22, 6, 1, 1, 1]
(0, (0, 0, 0), (3, 0)): [17, 4, 4, 1, 0, 1]
(0, (0, 0, 0), (3, 1)): [18, 8, 2]
(0, (0, 0, 0), (3, 2)): [22, 5, 2, 0, 1]
(0, (0, 0, 1), (0, 0)): [76, 245, 60, 37, 20, 8, 1, 4]
(0, (0, 0, 1), (1, 0)): [0, 1, 1, 1]
(0, (0, 0, 1), (1, 1)): [0, 1]
(0, (0, 0, 1), (2, 0)): [0, 0, 1, 1]
(0, (0, 0, 1), (2, 1)): [0, 0, 1]
(0, (0, 0, 1), (3, 0)): [0, 0, 0, 1]
(0, (0, 0, 1), (3, 1)): [0, 0, 1]
(0, (0, 1, 0), (0, 0)): [504, 509, 211, 77, 42, 35, 7, 2, 1, 2]
(0, (0, 1, 0), (1, 0)): [2, 1]
(0, (0, 1, 0), (1, 1)): [1]
(0, (0, 1, 0), (2, 0)): [1, 1]
(0, (0, 1, 0), (2, 1)): [1]
(0, (0, 1, 0), (3, 0)): [1, 1]
(0, (0, 1, 0), (3, 1)): [1]
(0, (0, 1, 1), (0, 0)): [37, 72, 111, 45, 35, 20, 7, 2, 2]
(0, (0, 1, 1), (0, 1)): [1]
(0, (0, 1, 1), (0, 2)): [1]
(0, (0, 1, 1), (1, 0)): [0, 0, 1, 1, 1]
(0, (0, 1, 1), (1, 1)): [0, 0, 0, 0, 1]
(0, (0, 1, 1), (1, 2)): [0, 0, 0, 0, 1]
(0, (0, 1, 1), (2, 0)): [0, 0, 1, 1]
(0, (0, 1, 1), (2, 1)): [0, 0, 0, 1]
(0, (0, 1, 1), (3, 0)): [0, 0, 1]
(0, (0, 1, 1), (3, 1)): [0, 0, 0, 1]
(0, (1, 0, 0), (0, 0)): [3536, 1241, 790, 373, 196, 101, 62, 22, 6, 0, 0, 0, 1, 1]
(0, (1, 0, 0), (0, 1)): [8, 1, 2]
(0, (1, 0, 0), (0, 2)): [3, 1, 1]
(0, (1, 0, 0), (1, 0)): [7, 5, 2]
(0, (1, 0, 0), (1, 1)): [6, 0, 1]
(0, (1, 0, 0), (1, 2)): [2, 0, 1]
(0, (1, 0, 0), (2, 0)): [4, 5]
(0, (1, 0, 0), (2, 1)): [7, 1]
(0, (1, 0, 0), (2, 2)): [5, 1]
(0, (1, 0, 0), (3, 0)): [2, 2]
(0, (1, 0, 0), (3, 1)): [4, 1]
(0, (1, 0, 0), (3, 2)): [3]
(0, (1, 0, 1), (0, 0)): [87, 258, 130, 76, 58, 25, 19, 6, 1, 1]
(0, (1, 0, 1), (0, 1)): [0, 1, 0, 0, 0, 0, 2]
(0, (1, 0, 1), (0, 2)): [0, 1, 0, 0, 0, 0, 1]
(0, (1, 0, 1), (1, 0)): [2]
(0, (1, 0, 1), (1, 1)): [0, 0, 0, 0, 0, 0, 1]
(0, (1, 0, 1), (1, 2)): [0, 1]
(0, (1, 0, 1), (2, 0)): [2]
(0, (1, 0, 1), (2, 2)): [0, 1]
(0, (1, 0, 1), (3, 0)): [2]
(0, (1, 0, 1), (3, 1)): [1]
(0, (1, 0, 1), (3, 2)): [0, 1]
(0, (1, 1, 0), (0, 0)): [488, 316, 242, 182, 87, 57, 36, 12, 3, 0, 1, 0, 1]
(0, (1, 1, 0), (0, 1)): [3, 2, 2, 2]
(0, (1, 1, 0), (0, 2)): [2, 1, 2, 1]
(0, (1, 1, 0), (1, 0)): [2, 2, 2, 3, 2, 1, 1]
(0, (1, 1, 0), (1, 1)): [1, 0, 0, 2, 1, 1]
(0, (1, 1, 0), (1, 2)): [2, 0, 1, 1]
(0, (1, 1, 0), (2, 0)): [2, 1, 2, 1, 1, 0, 1]
(0, (1, 1, 0), (2, 1)): [0, 0, 1, 1, 2, 1, 1]
(0, (1, 1, 0), (2, 2)): [0, 0, 0, 0, 0, 0, 1]
(0, (1, 1, 0), (3, 0)): [2, 0, 1, 1]
(0, (1, 1, 0), (3, 1)): [1, 0, 2, 1, 2, 1]
(0, (1, 1, 0), (3, 2)): [1, 0, 2, 0, 1]
(0, (1, 1, 1), (0, 0)): [40, 67, 72, 79, 52, 31, 14, 6, 3, 2, 1, 0, 1]
(0, (1, 1, 1), (0, 1)): [0, 0, 2]
(0, (1, 1, 1), (0, 2)): [0, 0, 1]
(0, (1, 1, 1), (1, 0)): [0, 0, 1, 0, 1]
(0, (1, 1, 1), (2, 0)): [0, 0, 1, 0, 1]
(0, (1, 1, 1), (3, 0)): [0, 0, 1, 0, 1]
(0, (1, 1, 1), (3, 1)): [0, 0, 1]
(0, (1, 1, 1), (3, 2)): [0, 0, 1]
(1, (0, 0, 0), (0, 0)): [11855, 1357, 537, 251, 101, 27, 10, 8, 1]
(1, (0, 0, 0), (0, 1)): [23, 6, 4]
(1, (0, 0, 0), (0, 2)): [17, 5, 3]
(1, (0, 0, 0), (1, 0)): [31, 2, 2, 0, 1]
(1, (0, 0, 0), (1, 1)): [18, 1, 2, 0, 1]
(1, (0, 0, 0), (1, 2)): [10, 3, 1]
(1, (0, 0, 0), (2, 0)): [15, 2, 1]
(1, (0, 0, 0), (2, 1)): [11, 1, 2, 0, 1]
(1, (0, 0, 0), (2, 2)): [10, 1, 3]
(1, (0, 0, 0), (3, 0)): [8, 1]
(1, (0, 0, 0), (3, 1)): [7, 0, 0, 0, 1]
(1, (0, 0, 0), (3, 2)): [6, 1, 2]
(1, (0, 0, 1), (0, 0)): [383, 638, 120, 46, 25, 20, 1, 2]
(1, (0, 0, 1), (0, 1)): [1, 2]
(1, (0, 0, 1), (0, 2)): [0, 1]
(1, (0, 0, 1), (1, 0)): [1, 1, 3, 0, 1]
(1, (0, 0, 1), (1, 1)): [2, 1]
(1, (0, 0, 1), (1, 2)): [0, 1]
(1, (0, 0, 1), (2, 0)): [0, 0, 3, 0, 1]
(1, (0, 0, 1), (2, 1)): [1]
(1, (0, 0, 1), (2, 2)): [1]
(1, (0, 0, 1), (3, 0)): [0, 0, 2, 0, 1]
(1, (0, 0, 1), (3, 2)): [1]
(1, (0, 1, 0), (0, 0)): [1798, 882, 305, 122, 62, 23, 10, 3, 0, 1]
(1, (0, 1, 0), (0, 1)): [7, 1, 2]
(1, (0, 1, 0), (0, 2)): [4, 0, 1]
(1, (0, 1, 0), (1, 0)): [10, 3, 1, 2]
(1, (0, 1, 0), (1, 1)): [7, 2, 0, 1]
(1, (0, 1, 0), (1, 2)): [6]
(1, (0, 1, 0), (2, 0)): [5, 1, 1, 1]
(1, (0, 1, 0), (2, 1)): [3, 2, 0, 1]
(1, (0, 1, 0), (2, 2)): [4, 0, 0, 1]
(1, (0, 1, 0), (3, 0)): [5, 1, 1, 1]
(1, (0, 1, 0), (3, 1)): [2, 1]
(1, (0, 1, 0), (3, 2)): [4, 0, 0, 1]
(1, (0, 1, 1), (0, 0)): [307, 254, 263, 108, 59, 22, 7, 4]
(1, (0, 1, 1), (0, 1)): [1, 1, 1]
(1, (0, 1, 1), (0, 2)): [1]
(1, (0, 1, 1), (1, 0)): [2, 0, 0, 1]
(1, (0, 1, 1), (1, 1)): [0, 1, 1]
(1, (0, 1, 1), (2, 0)): [2, 0, 0, 1]
(1, (0, 1, 1), (2, 1)): [0, 1, 1]
(1, (0, 1, 1), (3, 0)): [2]
(1, (0, 1, 1), (3, 1)): [0, 1, 1]
(1, (0, 1, 1), (3, 2)): [0, 0, 1]
(1, (1, 0, 0), (0, 0)): [5112, 991, 601, 285, 128, 46, 12, 8, 3, 0, 0, 0, 0, 1]
(1, (1, 0, 0), (0, 1)): [20, 6, 4, 0, 0, 1]
(1, (1, 0, 0), (0, 2)): [12, 3, 2]
(1, (1, 0, 0), (1, 0)): [18, 6, 5, 1, 0, 0, 0, 1]
(1, (1, 0, 0), (1, 1)): [13, 2, 2, 1, 0, 1, 0, 1]
(1, (1, 0, 0), (1, 2)): [8, 2, 2]
(1, (1, 0, 0), (2, 0)): [7, 4, 4]
(1, (1, 0, 0), (2, 1)): [14, 0, 3, 1, 0, 0, 0, 1]
(1, (1, 0, 0), (2, 2)): [12, 1, 3]
(1, (1, 0, 0), (3, 0)): [1, 2]
(1, (1, 0, 0), (3, 1)): [4, 0, 1, 1, 0, 0, 0, 1]
(1, (1, 0, 0), (3, 2)): [8, 0, 2, 1]
(1, (1, 0, 1), (0, 0)): [413, 513, 175, 114, 50, 31, 6, 2, 1]
(1, (1, 0, 1), (0, 1)): [3, 1, 0, 1]
(1, (1, 0, 1), (0, 2)): [3, 0, 0, 1]
(1, (1, 0, 1), (1, 0)): [1, 1, 0, 2, 1, 1]
(1, (1, 0, 1), (1, 1)): [0, 1, 0, 1]
(1, (1, 0, 1), (1, 2)): [0, 0, 0, 2]
(1, (1, 0, 1), (2, 0)): [1, 1, 0, 1, 1, 1]
(1, (1, 0, 1), (2, 1)): [0, 2]
(1, (1, 0, 1), (2, 2)): [0, 1, 0, 1]
(1, (1, 0, 1), (3, 0)): [1, 0, 0, 0, 1, 1]
(1, (1, 0, 1), (3, 1)): [0, 0, 0, 0, 1]
(1, (1, 0, 1), (3, 2)): [0, 0, 0, 1, 1]
(1, (1, 1, 0), (0, 0)): [1337, 426, 302, 220, 94, 37, 14, 11, 2, 0, 0, 0, 0, 1]
(1, (1, 1, 0), (0, 1)): [1, 2, 0, 1]
(1, (1, 1, 0), (0, 2)): [1, 1]
(1, (1, 1, 0), (1, 0)): [2, 2, 1, 1]
(1, (1, 1, 0), (1, 1)): [1, 1, 1]
(1, (1, 1, 0), (1, 2)): [1]
(1, (1, 1, 0), (2, 0)): [0, 2]
(1, (1, 1, 0), (2, 1)): [1, 2]
(1, (1, 1, 0), (2, 2)): [1, 1]
(1, (1, 1, 0), (3, 0)): [0, 1]
(1, (1, 1, 0), (3, 1)): [1, 1]
(1, (1, 1, 0), (3, 2)): [0, 2]
(1, (1, 1, 1), (0, 0)): [227, 218, 139, 114, 72, 40, 13, 7]
(1, (1, 1, 1), (0, 1)): [2, 3, 1, 1]
(1, (1, 1, 1), (0, 2)): [2, 2, 0, 1]
(1, (1, 1, 1), (1, 0)): [1, 0, 1, 0, 2, 2]
(1, (1, 1, 1), (1, 1)): [0, 0, 1]
(1, (1, 1, 1), (1, 2)): [0, 1, 0, 1]
(1, (1, 1, 1), (2, 0)): [1, 0, 1, 0, 1, 2]
(1, (1, 1, 1), (2, 1)): [0, 0, 1]
(1, (1, 1, 1), (3, 0)): [1, 0, 1, 0, 1, 2]
(1, (1, 1, 1), (3, 1)): [1, 0, 1, 0, 0, 1]
(1, (1, 1, 1), (3, 2)): [1, 0, 1, 0, 0, 1]
(2, (0, 0, 0), (0, 0)): [10096, 458, 157, 65, 16, 3, 1, 1]
(2, (0, 0, 0), (0, 1)): [29, 6, 2, 1]
(2, (0, 0, 0), (0, 2)): [11, 1, 1, 1]
(2, (0, 0, 0), (1, 0)): [59, 4, 1, 1]
(2, (0, 0, 0), (1, 1)): [36, 4, 1]
(2, (0, 0, 0), (1, 2)): [13, 1, 1, 1]
(2, (0, 0, 0), (2, 0)): [31, 2]
(2, (0, 0, 0), (2, 1)): [35, 1, 1]
(2, (0, 0, 0), (2, 2)): [22, 2, 2, 1]
(2, (0, 0, 0), (3, 0)): [15, 1]
(2, (0, 0, 0), (3, 1)): [19]
(2, (0, 0, 0), (3, 2)): [19, 1, 2]
(2, (0, 0, 1), (0, 0)): [1329, 431, 81, 30, 6, 4]
(2, (0, 0, 1), (0, 1)): [1, 1]
(2, (0, 0, 1), (0, 2)): [1, 1]
(2, (0, 0, 1), (1, 0)): [6, 2]
(2, (0, 0, 1), (1, 1)): [1, 2]
(2, (0, 0, 1), (1, 2)): [1]
(2, (0, 0, 1), (2, 0)): [5]
(2, (0, 0, 1), (2, 1)): [1, 1]
(2, (0, 0, 1), (2, 2)): [1, 1]
(2, (0, 0, 1), (3, 0)): [5]
(2, (0, 0, 1), (3, 2)): [1, 1]
(2, (0, 1, 0), (0, 0)): [2961, 704, 196, 55, 25, 8, 3, 0, 1]
(2, (0, 1, 0), (0, 1)): [4]
(2, (0, 1, 0), (0, 2)): [2]
(2, (0, 1, 0), (1, 0)): [10, 3]
(2, (0, 1, 0), (1, 1)): [4, 1]
(2, (0, 1, 0), (1, 2)): [1]
(2, (0, 1, 0), (2, 0)): [8, 1]
(2, (0, 1, 0), (2, 1)): [4]
(2, (0, 1, 0), (2, 2)): [4]
(2, (0, 1, 0), (3, 0)): [7, 1]
(2, (0, 1, 0), (3, 1)): [2]
(2, (0, 1, 0), (3, 2)): [5]
(2, (0, 1, 1), (0, 0)): [825, 69, 204, 58, 12, 3, 2, 1, 1, 0, 1]
(2, (0, 1, 1), (0, 1)): [3, 0, 0, 1]
(2, (0, 1, 1), (0, 2)): [2, 0, 0, 1]
(2, (0, 1, 1), (1, 0)): [8, 0, 1]
(2, (0, 1, 1), (1, 1)): [3, 0, 1]
(2, (0, 1, 1), (1, 2)): [2, 0, 0, 1]
(2, (0, 1, 1), (2, 0)): [6]
(2, (0, 1, 1), (2, 1)): [1, 0, 1]
(2, (0, 1, 1), (2, 2)): [1]
(2, (0, 1, 1), (3, 0)): [5]
(2, (1, 0, 0), (0, 0)): [6177, 526, 260, 101, 29, 6, 3, 2, 1]
(2, (1, 0, 0), (0, 1)): [9, 0, 1]
(2, (1, 0, 0), (0, 2)): [3]
(2, (1, 0, 0), (1, 0)): [9, 1, 1]
(2, (1, 0, 0), (1, 1)): [9, 1, 2]
(2, (1, 0, 0), (1, 2)): [2, 0, 1]
(2, (1, 0, 0), (2, 0)): [5]
(2, (1, 0, 0), (2, 1)): [8, 1, 1]
(2, (1, 0, 0), (2, 2)): [2, 1, 1]
(2, (1, 0, 0), (3, 0)): [3]
(2, (1, 0, 0), (3, 1)): [6, 0, 1]
(2, (1, 0, 1), (0, 0)): [1123, 335, 139, 73, 23, 8, 6, 0, 1, 0, 0, 1]
(2, (1, 0, 1), (0, 1)): [2, 0, 0, 2]
(2, (1, 0, 1), (0, 2)): [2, 0, 0, 1]
(2, (1, 0, 1), (1, 0)): [4]
(2, (1, 0, 1), (1, 1)): [1, 0, 0, 1]
(2, (1, 0, 1), (1, 2)): [1, 0, 0, 2]
(2, (1, 0, 1), (2, 0)): [2]
(2, (1, 0, 1), (2, 1)): [1]
(2, (1, 0, 1), (2, 2)): [2, 0, 0, 1]
(2, (1, 0, 1), (3, 0)): [2]
(2, (1, 0, 1), (3, 1)): [1]
(2, (1, 0, 1), (3, 2)): [1]
(2, (1, 1, 0), (0, 0)): [2099, 364, 175, 117, 50, 15, 2, 4, 1, 0, 0, 0, 0, 1]
(2, (1, 1, 0), (0, 1)): [8, 2]
(2, (1, 1, 0), (0, 2)): [4, 1]
(2, (1, 1, 0), (1, 0)): [5, 0, 1, 1, 0, 0, 0, 1]
(2, (1, 1, 0), (1, 1)): [3, 1]
(2, (1, 1, 0), (1, 2)): [2, 1]
(2, (1, 1, 0), (2, 0)): [3, 0, 1, 1, 0, 0, 0, 1]
(2, (1, 1, 0), (2, 1)): [2, 1]
(2, (1, 1, 0), (2, 2)): [2, 1]
(2, (1, 1, 0), (3, 0)): [2, 0, 1]
(2, (1, 1, 0), (3, 1)): [1]
(2, (1, 1, 0), (3, 2)): [2, 1]
(2, (1, 1, 1), (0, 0)): [620, 109, 110, 72, 36, 11, 8, 4, 2, 0, 0, 0, 0, 1]
(2, (1, 1, 1), (0, 1)): [1, 0, 0, 1]
(2, (1, 1, 1), (0, 2)): [1]
(2, (1, 1, 1), (1, 0)): [2, 2, 1, 3]
(2, (1, 1, 1), (1, 1)): [0, 0, 0, 2]
(2, (1, 1, 1), (1, 2)): [0, 0, 0, 1]
(2, (1, 1, 1), (2, 0)): [2, 2, 1, 1]
(2, (1, 1, 1), (2, 1)): [0, 1, 0, 1]
(2, (1, 1, 1), (2, 2)): [0, 1, 0, 2]
(2, (1, 1, 1), (3, 0)): [1, 1, 0, 1]
(2, (1, 1, 1), (3, 1)): [1]
(2, (1, 1, 1), (3, 2)): [1, 1, 0, 1]
