(0, (0, 0, 0)): [14728, 3407, 1776, 925, 407, 215, 79, 42, 16, 7, 4, 4, 1]
(0, (0, 0, 1)): [75, 259, 69, 56, 19, 7, 4, 3, 2, 0, 1, 1]
(0, (0, 1, 0)): [578, 593, 245, 106, 66, 43, 11, 10, 1, 2, 2]
(0, (0, 1, 1)): [44, 85, 154, 75, 38, 20, 3, 7, 3, 3]
(0, (1, 0, 0)): [3200, 1183, 863, 500, 234, 118, 38, 27, 11, 4, 2, 3, 1]
(0, (1, 0, 1)): [78, 317, 140, 81, 57, 18, 9, 3, 4, 0, 0, 1, 1]
(0, (1, 1, 0)): [448, 295, 268, 212, 114, 67, 21, 17, 6, 1, 3, 2]
(0, (1, 1, 1)): [39, 80, 57, 63, 70, 29, 13, 5, 4, 1, 2, 1]
(1, (0, 0, 0)): [11850, 1524, 703, 306, 109, 57, 24, 8, 4, 2]
(1, (0, 0, 1)): [374, 667, 147, 66, 28, 14, 5, 3, 1, 0, 3]
(1, (0, 1, 0)): [1590, 876, 301, 132, 60, 28, 15, 7, 4]
(1, (0, 1, 1)): [274, 270, 307, 128, 57, 20, 9, 10, 3, 1, 1, 1]
(1, (1, 0, 0)): [5041, 1014, 679, 359, 146, 64, 30, 11, 4, 4, 0, 1]
(1, (1, 0, 1)): [458, 577, 181, 164, 63, 26, 16, 5, 1, 2, 1, 1]
(1, (1, 1, 0)): [1243, 423, 332, 258, 115, 65, 26, 10, 3, 3]
(1, (1, 1, 1)): [221, 178, 132, 121, 84, 39, 16, 11, 2, 2, 0, 1]
(2, (0, 0, 0)): [10256, 521, 210, 67, 19, 12, 2, 1]
(2, (0, 0, 1)): [1243, 390, 88, 32, 13, 5, 2, 1]
(2, (0, 1, 0)): [2755, 773, 196, 58, 26, 12, 3]
(2, (0, 1, 1)): [671, 68, 168, 61, 28, 8, 5]
(2, (1, 0, 0)): [6348, 535, 354, 133, 44, 20, 6, 2, 1]
(2, (1, 0, 1)): [1233, 316, 161, 97, 37, 15, 7, 3, 1]
(2, (1, 1, 0)): [2098, 363, 216, 142, 54, 27, 3, 0, 1, 1]
(2, (1, 1, 1)): [636, 91, 105, 67, 59, 26, 9, 3, 1]
