(0, (0, 0, 0), (0, 0)): [16822, 3369, 1643, 671, 316, 146, 53, 22, 8, 3, 3, 2]
(0, (0, 0, 0), (0, 1)): [1016, 185, 79, 34, 15, 7, 3, 2, 1]
(0, (0, 0, 0), (0, 2)): [404, 55, 30, 10, 6, 1, 2, 0, 1]
(0, (0, 0, 0), (1, 0)): [974, 195, 95, 45, 21, 11, 2, 1, 1]
(0, (0, 0, 0), (1, 1)): [898, 176, 73, 33, 18, 9, 2, 2]
(0, (0, 0, 0), (1, 2)): [572, 91, 37, 13, 12, 7, 2, 0, 1]
(0, (0, 0, 0), (2, 0)): [309, 65, 30, 21, 5, 5, 1]
(0, (0, 0, 0), (2, 1)): [501, 94, 47, 23, 7, 4, 0, 1]
(0, (0, 0, 0), (2, 2)): [466, 74, 38, 12, 5, 6, 1]
(0, (0, 0, 0), (3, 0)): [105, 27, 13, 10, 3, 3]
(0, (0, 0, 0), (3, 1)): [195, 49, 24, 17, 7, 4, 0, 1]
(0, (0, 0, 0), (3, 2)): [263, 57, 32, 11, 6, 3]
(0, (0, 0, 1), (0, 0)): [52, 159, 45, 17, 3, 6, 2, 0, 0, 1]
(0, (0, 0, 1), (0, 1)): [4, 8, 1, 2, 0, 1]
(0, (0, 0, 1), (0, 2)): [2, 3, 0, 2]
(0, (0, 0, 1), (1, 0)): [3, 7, 1, 3]
(0, (0, 0, 1), (1, 1)): [5, 4, 1, 2]
(0, (0, 0, 1), (1, 2)): [4, 3, 0, 1]
(0, (0, 0, 1), (2, 0)): [0, 4, 0, 1]
(0, (0, 0, 1), (2, 1)): [1, 3, 1, 2]
(0, (0, 0, 1), (2, 2)): [2, 2, 0, 1]
(0, (0, 0, 1), (3, 0)): [0, 1, 0, 1]
(0, (0, 0, 1), (3, 1)): [1, 2, 0, 1]
(0, (0, 0, 1), (3, 2)): [2, 3, 0, 1]
(0, (0, 1, 0), (0, 0)): [564, 469, 224, 90, 48, 23, 14, 3, 2, 1]
(0, (0, 1, 0), (0, 1)): [26, 15, 4, 1, 2, 1, 1]
(0, (0, 1, 0), (0, 2)): [13, 5, 2, 0, 1]
(0, (0, 1, 0), (1, 0)): [22, 20, 12, 9, 3, 2]
(0, (0, 1, 0), (1, 1)): [19, 15, 5, 6, 0, 2, 1]
(0, (0, 1, 0), (1, 2)): [13, 11, 4, 1, 1]
(0, (0, 1, 0), (2, 0)): [8, 5, 3, 3, 2]
(0, (0, 1, 0), (2, 1)): [8, 5, 3, 5, 0, 0, 1]
(0, (0, 1, 0), (2, 2)): [11, 8, 3, 2, 1]
(0, (0, 1, 0), (3, 0)): [2, 2, 1, 2, 2]
(0, (0, 1, 0), (3, 1)): [3, 2, 2, 2, 0, 0, 1]
(0, (0, 1, 0), (3, 2)): [4, 3, 2, 2, 0, 0, 1]
(0, (0, 1, 1), (0, 0)): [51, 70, 85, 40, 28, 6, 4, 2, 1, 2, 1]
(0, (0, 1, 1), (0, 1)): [1, 3, 5, 3, 1]
(0, (0, 1, 1), (0, 2)): [1, 2, 1, 2]
(0, (0, 1, 1), (1, 0)): [2, 4, 6, 2, 2]
(0, (0, 1, 1), (1, 1)): [0, 3, 7, 2, 1]
(0, (0, 1, 1), (1, 2)): [0, 3, 4, 0, 1]
(0, (0, 1, 1), (2, 0)): [2, 2, 2, 0, 2]
(0, (0, 1, 1), (2, 1)): [1, 2, 3, 1]
(0, (0, 1, 1), (2, 2)): [0, 2, 1, 0, 1]
(0, (0, 1, 1), (3, 0)): [1, 1, 1, 0, 2]
(0, (0, 1, 1), (3, 1)): [1, 1, 1, 0, 1]
(0, (0, 1, 1), (3, 2)): [0, 0, 2]
(0, (1, 0, 0), (0, 0)): [3547, 1096, 808, 346, 176, 78, 28, 12, 7, 1, 1, 1]
(0, (1, 0, 0), (0, 1)): [232, 65, 46, 18, 9, 4, 0, 0, 1]
(0, (1, 0, 0), (0, 2)): [95, 26, 20, 5, 3, 0, 0, 0, 1]
(0, (1, 0, 0), (1, 0)): [172, 58, 43, 24, 3, 3, 0, 1, 1]
(0, (1, 0, 0), (1, 1)): [152, 46, 38, 18, 3, 3, 0, 0, 1]
(0, (1, 0, 0), (1, 2)): [112, 28, 28, 10, 2, 0, 0, 0, 1]
(0, (1, 0, 0), (2, 0)): [60, 19, 14, 9, 3, 1]
(0, (1, 0, 0), (2, 1)): [67, 22, 16, 12, 2, 4]
(0, (1, 0, 0), (2, 2)): [77, 26, 18, 11, 1, 2, 0, 0, 1]
(0, (1, 0, 0), (3, 0)): [21, 6, 7, 3, 1]
(0, (1, 0, 0), (3, 1)): [27, 7, 9, 7, 1, 2]
(0, (1, 0, 0), (3, 2)): [31, 19, 9, 10, 1, 3, 0, 0, 1]
(0, (1, 0, 1), (0, 0)): [69, 269, 94, 71, 33, 21, 10, 6, 3, 1]
(0, (1, 0, 1), (0, 1)): [7, 13, 3, 3, 1]
(0, (1, 0, 1), (0, 2)): [5, 3, 1, 1, 1]
(0, (1, 0, 1), (1, 0)): [7, 13, 4, 4, 2, 2, 0, 1, 1]
(0, (1, 0, 1), (1, 1)): [4, 9, 2, 5, 0, 1]
(0, (1, 0, 1), (1, 2)): [6, 3, 2, 2]
(0, (1, 0, 1), (2, 0)): [3, 5, 1, 1, 1, 1, 0, 1]
(0, (1, 0, 1), (2, 1)): [2, 6, 2, 2, 1, 2]
(0, (1, 0, 1), (2, 2)): [5, 2, 1, 1]
(0, (1, 0, 1), (3, 0)): [1, 1, 0, 1, 0, 0, 0, 1]
(0, (1, 0, 1), (3, 1)): [0, 4, 0, 1, 0, 1]
(0, (1, 0, 1), (3, 2)): [1, 2, 0, 0, 0, 1]
(0, (1, 1, 0), (0, 0)): [509, 308, 222, 151, 93, 45, 13, 7, 3, 0, 0, 1]
(0, (1, 1, 0), (0, 1)): [35, 19, 11, 12, 1, 2, 0, 1, 1]
(0, (1, 1, 0), (0, 2)): [17, 12, 3, 1, 0, 1, 0, 1]
(0, (1, 1, 0), (1, 0)): [29, 13, 10, 9, 2, 3, 1]
(0, (1, 1, 0), (1, 1)): [24, 11, 7, 8, 2, 0, 0, 0, 1]
(0, (1, 1, 0), (1, 2)): [26, 9, 3, 5, 1, 1, 0, 1, 1]
(0, (1, 1, 0), (2, 0)): [12, 3, 3, 5, 0, 1]
(0, (1, 1, 0), (2, 1)): [12, 5, 2, 5, 1, 1]
(0, (1, 1, 0), (2, 2)): [17, 3, 3, 3, 1, 0, 0, 0, 1]
(0, (1, 1, 0), (3, 0)): [2, 1, 2, 1]
(0, (1, 1, 0), (3, 1)): [6, 0, 3, 3, 1]
(0, (1, 1, 0), (3, 2)): [9, 0, 2, 1, 1]
(0, (1, 1, 1), (0, 0)): [58, 99, 81, 45, 36, 19, 9, 8, 1, 2]
(0, (1, 1, 1), (0, 1)): [4, 6, 7, 4, 1, 1, 0, 2]
(0, (1, 1, 1), (0, 2)): [1, 4, 2, 1, 1]
(0, (1, 1, 1), (1, 0)): [7, 4, 5, 7, 2, 0, 0, 1]
(0, (1, 1, 1), (1, 1)): [6, 3, 8, 5, 1, 1, 0, 3]
(0, (1, 1, 1), (1, 2)): [5, 4, 6, 1, 0, 1, 0, 1]
(0, (1, 1, 1), (2, 0)): [2, 2, 2, 3, 1]
(0, (1, 1, 1), (2, 1)): [2, 0, 2, 2, 1]
(0, (1, 1, 1), (2, 2)): [4, 1, 4, 1, 1]
(0, (1, 1, 1), (3, 0)): [1, 2, 1, 2, 1]
(0, (1, 1, 1), (3, 1)): [2, 2, 2, 3]
(0, (1, 1, 1), (3, 2)): [1, 1, 3, 3, 1]
(1, (0, 0, 0), (0, 0)): [13772, 1566, 639, 232, 101, 41, 12, 8, 1, 1, 2]
(1, (0, 0, 0), (0, 1)): [820, 81, 35, 7, 7, 0, 1, 2]
(1, (0, 0, 0), (0, 2)): [312, 28, 5, 1, 4, 0, 1]
(1, (0, 0, 0), (1, 0)): [798, 88, 37, 14, 10, 3, 2, 1]
(1, (0, 0, 0), (1, 1)): [724, 63, 34, 9, 4, 2, 1, 2]
(1, (0, 0, 0), (1, 2)): [459, 34, 15, 1, 5, 1, 1]
(1, (0, 0, 0), (2, 0)): [274, 35, 15, 8, 5, 1]
(1, (0, 0, 0), (2, 1)): [385, 38, 20, 10, 3, 0, 1, 1]
(1, (0, 0, 0), (2, 2)): [365, 37, 15, 3, 2, 1, 1]
(1, (0, 0, 0), (3, 0)): [78, 17, 8, 2, 3, 1]
(1, (0, 0, 0), (3, 1)): [148, 18, 11, 4, 5, 0, 0, 1]
(1, (0, 0, 0), (3, 2)): [201, 22, 12, 1, 4, 1, 1]
(1, (0, 0, 1), (0, 0)): [292, 406, 99, 26, 11, 10, 5]
(1, (0, 0, 1), (0, 1)): [21, 18, 5, 0, 0, 1]
(1, (0, 0, 1), (0, 2)): [11, 5]
(1, (0, 0, 1), (1, 0)): [18, 25, 7, 4, 2]
(1, (0, 0, 1), (1, 1)): [14, 18, 3, 3]
(1, (0, 0, 1), (1, 2)): [16, 11, 0, 1]
(1, (0, 0, 1), (2, 0)): [8, 12, 2, 0, 2]
(1, (0, 0, 1), (2, 1)): [5, 10, 3, 2, 1]
(1, (0, 0, 1), (2, 2)): [9, 10, 1, 1]
(1, (0, 0, 1), (3, 0)): [4, 4, 1, 0, 1]
(1, (0, 0, 1), (3, 1)): [4, 6, 1, 2, 1]
(1, (0, 0, 1), (3, 2)): [8, 7, 2, 1]
(1, (0, 1, 0), (0, 0)): [1711, 703, 286, 121, 48, 19, 6, 1, 1]
(1, (0, 1, 0), (0, 1)): [90, 36, 15, 6, 3, 1, 1]
(1, (0, 1, 0), (0, 2)): [39, 9, 2, 0, 0, 1]
(1, (0, 1, 0), (1, 0)): [96, 39, 18, 10, 3, 1]
(1, (0, 1, 0), (1, 1)): [67, 29, 13, 6, 3]
(1, (0, 1, 0), (1, 2)): [57, 16, 5, 2, 0, 1]
(1, (0, 1, 0), (2, 0)): [47, 18, 11, 3, 2, 1]
(1, (0, 1, 0), (2, 1)): [32, 22, 11, 3, 1]
(1, (0, 1, 0), (2, 2)): [35, 22, 5, 1, 1, 1]
(1, (0, 1, 0), (3, 0)): [27, 7, 3, 2, 1, 1]
(1, (0, 1, 0), (3, 1)): [22, 4, 5, 3]
(1, (0, 1, 0), (3, 2)): [23, 9, 1, 1, 1]
(1, (0, 1, 1), (0, 0)): [264, 206, 174, 60, 35, 20, 5, 4]
(1, (0, 1, 1), (0, 1)): [13, 6, 3, 2, 0, 2]
(1, (0, 1, 1), (0, 2)): [8, 3, 1, 2, 0, 2]
(1, (0, 1, 1), (1, 0)): [24, 14, 10, 7, 2, 1]
(1, (0, 1, 1), (1, 1)): [9, 3, 4]
(1, (0, 1, 1), (1, 2)): [7, 3, 2, 1, 0, 2]
(1, (0, 1, 1), (2, 0)): [18, 12, 6, 5, 2, 1]
(1, (0, 1, 1), (2, 1)): [5, 3, 1]
(1, (0, 1, 1), (2, 2)): [4, 3, 0, 0, 0, 1]
(1, (0, 1, 1), (3, 0)): [17, 9, 6, 4, 1, 1]
(1, (0, 1, 1), (3, 1)): [2, 0, 0, 0, 1]
(1, (0, 1, 1), (3, 2)): [2, 1, 0, 0, 1, 1]
(1, (1, 0, 0), (0, 0)): [5103, 848, 625, 233, 111, 39, 14, 9, 0, 1, 1]
(1, (1, 0, 0), (0, 1)): [302, 38, 27, 17, 8, 2, 1]
(1, (1, 0, 0), (0, 2)): [113, 18, 8, 5, 3, 1]
(1, (1, 0, 0), (1, 0)): [283, 41, 37, 15, 10, 1, 1, 1]
(1, (1, 0, 0), (1, 1)): [243, 24, 27, 11, 5, 2, 0, 1]
(1, (1, 0, 0), (1, 2)): [165, 9, 19, 7, 3, 1, 0, 1]
(1, (1, 0, 0), (2, 0)): [88, 13, 12, 4, 4]
(1, (1, 0, 0), (2, 1)): [126, 19, 12, 6, 5]
(1, (1, 0, 0), (2, 2)): [116, 10, 13, 5, 1, 0, 0, 1]
(1, (1, 0, 0), (3, 0)): [21, 4, 8, 0, 2]
(1, (1, 0, 0), (3, 1)): [35, 9, 10, 2, 2]
(1, (1, 0, 0), (3, 2)): [50, 10, 8, 2, 1, 0, 0, 1]
(1, (1, 0, 1), (0, 0)): [440, 426, 120, 90, 42, 9, 10, 2]
(1, (1, 0, 1), (0, 1)): [27, 17, 5, 4, 2, 0, 1]
(1, (1, 0, 1), (0, 2)): [12, 7, 3, 1, 0, 0, 1]
(1, (1, 0, 1), (1, 0)): [31, 25, 7, 8, 1, 0, 1]
(1, (1, 0, 1), (1, 1)): [18, 15, 2, 7, 2, 0, 1]
(1, (1, 0, 1), (1, 2)): [17, 12, 2, 3, 0, 0, 1]
(1, (1, 0, 1), (2, 0)): [13, 8, 1, 1, 1]
(1, (1, 0, 1), (2, 1)): [9, 10, 2, 4, 2, 0, 1]
(1, (1, 0, 1), (2, 2)): [12, 9, 2, 0, 1, 0, 2]
(1, (1, 0, 1), (3, 0)): [4, 2]
(1, (1, 0, 1), (3, 1)): [6, 4, 0, 1]
(1, (1, 0, 1), (3, 2)): [5, 4, 1, 0, 0, 0, 1]
(1, (1, 1, 0), (0, 0)): [1394, 419, 302, 197, 91, 40, 8, 6, 2, 1]
(1, (1, 1, 0), (0, 1)): [82, 24, 13, 10, 8, 3]
(1, (1, 1, 0), (0, 2)): [39, 12, 5, 2, 2, 2]
(1, (1, 1, 0), (1, 0)): [74, 35, 22, 9, 3, 2, 0, 1]
(1, (1, 1, 0), (1, 1)): [52, 19, 13, 7, 4, 1, 0, 1]
(1, (1, 1, 0), (1, 2)): [42, 16, 8, 5, 2, 2]
(1, (1, 1, 0), (2, 0)): [30, 9, 7, 5, 1, 1]
(1, (1, 1, 0), (2, 1)): [29, 8, 8, 5, 5, 1]
(1, (1, 1, 0), (2, 2)): [35, 9, 8, 4, 4, 2]
(1, (1, 1, 0), (3, 0)): [8, 2, 1, 1, 0, 1]
(1, (1, 1, 0), (3, 1)): [8, 4, 5, 2, 2]
(1, (1, 1, 0), (3, 2)): [20, 6, 4, 4, 2, 1]
(1, (1, 1, 1), (0, 0)): [297, 220, 141, 76, 69, 29, 8, 7, 0, 1]
(1, (1, 1, 1), (0, 1)): [24, 13, 11, 2, 3, 3, 1]
(1, (1, 1, 1), (0, 2)): [12, 4, 2, 1, 0, 1]
(1, (1, 1, 1), (1, 0)): [24, 15, 11, 4, 1, 1, 0, 2]
(1, (1, 1, 1), (1, 1)): [17, 9, 12, 2, 2, 1, 1, 1]
(1, (1, 1, 1), (1, 2)): [16, 6, 5, 1, 0, 1, 1]
(1, (1, 1, 1), (2, 0)): [5, 3, 4, 2]
(1, (1, 1, 1), (2, 1)): [7, 4, 7, 1, 2, 0, 0, 1]
(1, (1, 1, 1), (2, 2)): [9, 4, 4, 1, 1, 0, 1]
(1, (1, 1, 1), (3, 0)): [0, 2, 1, 1]
(1, (1, 1, 1), (3, 1)): [0, 3, 3, 2, 0, 0, 0, 1]
(1, (1, 1, 1), (3, 2)): [1, 2, 2, 1]
(2, (0, 0, 0), (0, 0)): [12017, 587, 213, 61, 32, 5, 3, 1, 0, 0, 1]
(2, (0, 0, 0), (0, 1)): [713, 29, 10, 1, 4, 0, 1, 1]
(2, (0, 0, 0), (0, 2)): [248, 8, 3, 0, 1, 0, 0, 1]
(2, (0, 0, 0), (1, 0)): [734, 36, 10, 0, 5]
(2, (0, 0, 0), (1, 1)): [702, 22, 11, 1, 4, 0, 1]
(2, (0, 0, 0), (1, 2)): [407, 12, 2, 1, 1, 0, 1]
(2, (0, 0, 0), (2, 0)): [246, 19, 4, 0, 2]
(2, (0, 0, 0), (2, 1)): [391, 20, 6, 0, 2]
(2, (0, 0, 0), (2, 2)): [349, 16, 3, 0, 1, 0, 1]
(2, (0, 0, 0), (3, 0)): [93, 6, 4, 0, 2]
(2, (0, 0, 0), (3, 1)): [182, 10, 9, 0, 3]
(2, (0, 0, 0), (3, 2)): [236, 13, 4, 0, 1]
(2, (0, 0, 1), (0, 0)): [919, 268, 53, 21, 9, 4]
(2, (0, 0, 1), (0, 1)): [60, 8, 4, 2]
(2, (0, 0, 1), (0, 2)): [19, 4, 1]
(2, (0, 0, 1), (1, 0)): [59, 17, 4, 4]
(2, (0, 0, 1), (1, 1)): [53, 6, 3, 4]
(2, (0, 0, 1), (1, 2)): [37, 5, 1, 1]
(2, (0, 0, 1), (2, 0)): [26, 8, 2, 2]
(2, (0, 0, 1), (2, 1)): [27, 7, 2, 4]
(2, (0, 0, 1), (2, 2)): [31, 6]
(2, (0, 0, 1), (3, 0)): [15, 3, 2, 1]
(2, (0, 0, 1), (3, 1)): [8, 2, 1, 2]
(2, (0, 0, 1), (3, 2)): [12, 3, 1, 1]
(2, (0, 1, 0), (0, 0)): [2669, 547, 168, 60, 15, 5, 0, 0, 0, 0, 1]
(2, (0, 1, 0), (0, 1)): [128, 30, 8, 2, 1]
(2, (0, 1, 0), (0, 2)): [44, 7, 4, 1]
(2, (0, 1, 0), (1, 0)): [188, 33, 19, 6, 1, 2]
(2, (0, 1, 0), (1, 1)): [134, 26, 12, 2, 1]
(2, (0, 1, 0), (1, 2)): [81, 12, 4, 1, 1]
(2, (0, 1, 0), (2, 0)): [87, 14, 9, 4, 1, 2]
(2, (0, 1, 0), (2, 1)): [65, 17, 10, 3]
(2, (0, 1, 0), (2, 2)): [65, 10, 6, 2, 1]
(2, (0, 1, 0), (3, 0)): [53, 6, 5, 3, 1, 2]
(2, (0, 1, 0), (3, 1)): [26, 7, 2, 1, 0, 1]
(2, (0, 1, 0), (3, 2)): [39, 9, 2, 2, 1]
(2, (0, 1, 1), (0, 0)): [603, 59, 134, 34, 14, 4, 2]
(2, (0, 1, 1), (0, 1)): [32, 3, 8, 2]
(2, (0, 1, 1), (0, 2)): [15, 1, 5]
(2, (0, 1, 1), (1, 0)): [54, 4, 5, 5, 1]
(2, (0, 1, 1), (1, 1)): [26, 2, 1, 3]
(2, (0, 1, 1), (1, 2)): [20, 1, 4, 1]
(2, (0, 1, 1), (2, 0)): [32, 0, 5, 3]
(2, (0, 1, 1), (2, 1)): [17, 2, 1, 1]
(2, (0, 1, 1), (2, 2)): [15, 2, 3, 2]
(2, (0, 1, 1), (3, 0)): [18, 0, 4, 2]
(2, (0, 1, 1), (3, 1)): [9, 1, 2]
(2, (0, 1, 1), (3, 2)): [10, 2, 2]
(2, (1, 0, 0), (0, 0)): [6259, 442, 352, 96, 45, 6, 5, 1, 0, 1, 1]
(2, (1, 0, 0), (0, 1)): [350, 15, 15, 5, 8, 1, 2]
(2, (1, 0, 0), (0, 2)): [132, 5, 3, 0, 1]
(2, (1, 0, 0), (1, 0)): [404, 28, 27, 2, 3, 0, 0, 1]
(2, (1, 0, 0), (1, 1)): [297, 11, 14, 5, 4]
(2, (1, 0, 0), (1, 2)): [188, 7, 2, 3, 2]
(2, (1, 0, 0), (2, 0)): [149, 10, 9, 0, 2]
(2, (1, 0, 0), (2, 1)): [168, 7, 5, 1, 3]
(2, (1, 0, 0), (2, 2)): [158, 8, 5, 3, 3]
(2, (1, 0, 0), (3, 0)): [49, 4, 3]
(2, (1, 0, 0), (3, 1)): [76, 7, 3, 0, 1]
(2, (1, 0, 0), (3, 2)): [87, 7, 2, 2, 3]
(2, (1, 0, 1), (0, 0)): [1080, 234, 82, 56, 18, 7, 1, 0, 1]
(2, (1, 0, 1), (0, 1)): [68, 14, 4, 5, 1]
(2, (1, 0, 1), (0, 2)): [26, 5, 2]
(2, (1, 0, 1), (1, 0)): [55, 12, 2, 4, 3]
(2, (1, 0, 1), (1, 1)): [48, 10, 1, 3]
(2, (1, 0, 1), (1, 2)): [36, 5, 2]
(2, (1, 0, 1), (2, 0)): [16, 4, 1, 1, 3]
(2, (1, 0, 1), (2, 1)): [29, 8, 0, 3, 2]
(2, (1, 0, 1), (2, 2)): [24, 4, 2]
(2, (1, 0, 1), (3, 0)): [4, 1, 1, 0, 1]
(2, (1, 0, 1), (3, 1)): [11, 3, 1, 3]
(2, (1, 0, 1), (3, 2)): [10, 5, 3, 1]
(2, (1, 1, 0), (0, 0)): [2535, 412, 192, 127, 52, 10, 4, 3, 0, 1]
(2, (1, 1, 0), (0, 1)): [154, 22, 12, 9, 3, 1, 1, 1]
(2, (1, 1, 0), (0, 2)): [67, 3, 5, 0, 0, 1]
(2, (1, 1, 0), (1, 0)): [152, 28, 11, 8, 4, 1]
(2, (1, 1, 0), (1, 1)): [137, 17, 6, 11, 2, 0, 1, 1]
(2, (1, 1, 0), (1, 2)): [99, 10, 5, 3, 1, 1, 0, 1]
(2, (1, 1, 0), (2, 0)): [45, 12, 8, 3, 2, 1]
(2, (1, 1, 0), (2, 1)): [58, 12, 6, 6, 1, 1]
(2, (1, 1, 0), (2, 2)): [66, 11, 3, 5, 1, 1, 0, 1]
(2, (1, 1, 0), (3, 0)): [19, 3, 5, 1, 1]
(2, (1, 1, 0), (3, 1)): [29, 6, 5, 3]
(2, (1, 1, 0), (3, 2)): [42, 5, 3, 4, 1, 0, 0, 1]
(2, (1, 1, 1), (0, 0)): [697, 95, 112, 52, 56, 11, 4, 1]
(2, (1, 1, 1), (0, 1)): [57, 3, 5, 1]
(2, (1, 1, 1), (0, 2)): [25, 0, 1, 1]
(2, (1, 1, 1), (1, 0)): [42, 9, 12, 5, 3]
(2, (1, 1, 1), (1, 1)): [42, 4, 6, 2, 2]
(2, (1, 1, 1), (1, 2)): [33, 1, 3]
(2, (1, 1, 1), (2, 0)): [12, 7, 2, 2, 1]
(2, (1, 1, 1), (2, 1)): [18, 3, 4, 3, 3]
(2, (1, 1, 1), (2, 2)): [27, 2, 4, 0, 1]
(2, (1, 1, 1), (3, 0)): [2, 6, 0, 1]
(2, (1, 1, 1), (3, 1)): [5, 6, 1, 1, 2]
(2, (1, 1, 1), (3, 2)): [11, 5, 2, 0, 1]
