(0, (0, 0, 0), (0, 0)): [444313, 91097, 42863, 19881, 8989, 3910, 1686, 703, 290, 142, 61, 22, 14, 3, 2]
(0, (0, 0, 0), (0, 1)): [1293, 250, 105, 41, 17, 5, 2, 4, 0, 1, 1]
(0, (0, 0, 0), (0, 2)): [525, 97, 37, 13, 4, 2, 1, 2]
(0, (0, 0, 0), (1, 0)): [1200, 252, 103, 49, 26, 17, 5, 2, 0, 2]
(0, (0, 0, 0), (1, 1)): [1012, 208, 79, 39, 14, 3, 1, 3, 0, 1, 1]
(0, (0, 0, 0), (1, 2)): [657, 128, 34, 15, 4, 2, 1, 2]
(0, (0, 0, 0), (2, 0)): [448, 101, 48, 26, 18, 12, 3, 1, 0, 1]
(0, (0, 0, 0), (2, 1)): [567, 115, 44, 24, 11, 5, 1, 1]
(0, (0, 0, 0), (2, 2)): [532, 107, 22, 12, 8, 4, 1, 1]
(0, (0, 0, 0), (3, 0)): [197, 46, 32, 18, 9, 10, 2, 1]
(0, (0, 0, 0), (3, 1)): [243, 54, 34, 15, 5, 2, 3, 1]
(0, (0, 0, 0), (3, 2)): [316, 66, 35, 14, 8, 2, 2, 1]
(0, (0, 0, 1), (0, 0)): [2204, 7234, 2035, 968, 477, 194, 96, 51, 22, 8, 4, 1, 3]
(0, (0, 1, 0), (0, 0)): [14707, 15196, 5824, 2724, 1399, 623, 262, 111, 53, 32, 9, 3, 1]
(0, (0, 1, 0), (0, 1)): [43, 40, 10, 3, 2, 1]
(0, (0, 1, 0), (1, 0)): [44, 34, 8, 11, 3, 1, 1]
(0, (0, 1, 0), (1, 1)): [35, 20, 5, 3, 1, 1]
(0, (0, 1, 0), (1, 2)): [15, 12, 7, 4, 1]
(0, (0, 1, 0), (2, 2)): [11, 12, 3, 5]
(0, (0, 1, 1), (0, 0)): [1307, 2383, 3163, 1433, 737, 348, 159, 69, 37, 14, 6, 1, 0, 1, 1]
(0, (1, 0, 0), (0, 0)): [99612, 35681, 21962, 11114, 5266, 2375, 1035, 449, 186, 94, 44, 14, 9, 3, 2]
(0, (1, 0, 0), (0, 1)): [274, 67, 48, 21, 14, 5, 3, 1, 1, 1]
(0, (1, 0, 0), (0, 2)): [94, 21, 17, 5, 4, 2, 1, 1, 0, 1]
(0, (1, 0, 0), (1, 0)): [208, 85, 57, 18, 8, 4, 3, 4, 2]
(0, (1, 0, 0), (1, 1)): [180, 51, 39, 15, 9, 2, 1, 1]
(0, (1, 0, 0), (1, 2)): [97, 25, 25, 3, 5, 2, 1, 1]
(0, (1, 0, 0), (2, 0)): [78, 38, 19, 9, 4, 1, 2, 3, 2]
(0, (1, 0, 0), (2, 1)): [91, 32, 18, 10, 3, 0, 1, 0, 2]
(0, (1, 0, 0), (2, 2)): [86, 24, 17, 5, 2, 1, 0, 0, 1]
(0, (1, 0, 0), (3, 1)): [31, 14, 7, 6, 2, 1, 0, 0, 1]
(0, (1, 0, 0), (3, 2)): [34, 15, 7, 3, 1, 1, 0, 0, 1]
(0, (1, 0, 1), (0, 0)): [2384, 7313, 3338, 2210, 1217, 567, 298, 121, 55, 26, 11, 8, 2, 0, 1]
(0, (1, 0, 1), (1, 0)): [12, 23, 7, 2, 4, 5, 0, 1]
(0, (1, 1, 0), (0, 0)): [13057, 8806, 7321, 4978, 2673, 1232, 560, 270, 104, 53, 30, 7, 5, 1]
(0, (1, 1, 0), (0, 1)): [48, 23, 17, 11, 2, 6, 1]
(0, (1, 1, 1), (0, 0)): [1375, 2494, 2170, 1810, 1406, 705, 341, 160, 73, 39, 18, 4, 1, 1, 1]
(0, (1, 1, 1), (1, 0)): [1, 6, 8, 5, 5, 3, 1, 1, 1]
(0, (1, 1, 1), (2, 0)): [0, 2, 5, 2, 2, 1, 0, 1]
(1, (0, 0, 0), (0, 0)): [351331, 38290, 15977, 6344, 2534, 1017, 408, 161, 58, 21, 9, 5, 2]
(1, (0, 0, 0), (0, 1)): [1055, 109, 33, 10, 6, 0, 0, 1]
(1, (0, 0, 0), (0, 2)): [435, 29, 13, 6, 2, 0, 0, 1]
(1, (0, 0, 0), (1, 0)): [920, 109, 47, 12, 3, 3, 0, 1]
(1, (0, 0, 0), (1, 1)): [813, 91, 32, 10, 4, 1]
(1, (0, 0, 0), (1, 2)): [518, 52, 16, 10, 2, 1]
(1, (0, 0, 0), (2, 0)): [314, 45, 23, 4, 1, 1]
(1, (0, 0, 0), (2, 1)): [417, 48, 27, 6, 3]
(1, (0, 0, 0), (2, 2)): [414, 40, 20, 9, 3, 1]
(1, (0, 0, 0), (3, 0)): [125, 15, 8, 1, 1, 1]
(1, (0, 0, 0), (3, 1)): [172, 32, 13, 1, 1]
(1, (0, 0, 0), (3, 2)): [237, 31, 20, 4, 0, 1]
(1, (0, 0, 1), (0, 0)): [11850, 18768, 3688, 1554, 669, 258, 114, 56, 21, 9, 5, 3, 2]
(1, (0, 0, 1), (0, 1)): [29, 46, 7, 2, 1]
(1, (0, 0, 1), (1, 1)): [28, 26, 7, 3, 2]
(1, (0, 1, 0), (0, 0)): [52537, 26168, 8884, 3687, 1527, 654, 230, 98, 32, 20, 3, 4, 3]
(1, (0, 1, 0), (0, 1)): [147, 54, 15, 7, 1, 1, 1, 1]
(1, (0, 1, 0), (1, 0)): [166, 77, 24, 11, 9, 2]
(1, (0, 1, 0), (2, 0)): [65, 24, 13, 5, 5, 1]
(1, (0, 1, 0), (2, 1)): [58, 26, 6, 9, 2, 2, 0, 1]
(1, (0, 1, 0), (2, 2)): [59, 20, 8, 5, 2, 1]
(1, (0, 1, 0), (3, 2)): [43, 7, 6, 6, 0, 1]
(1, (0, 1, 1), (0, 0)): [8952, 7784, 8002, 3090, 1424, 569, 227, 90, 47, 16, 7, 3, 1, 1]
(1, (0, 1, 1), (1, 0)): [34, 14, 14, 9, 7, 3, 2, 1]
(1, (0, 1, 1), (2, 0)): [20, 12, 5, 5, 4, 3, 1, 1]
(1, (0, 1, 1), (3, 0)): [14, 8, 2, 3, 4, 3, 1, 1]
(1, (1, 0, 0), (0, 0)): [144645, 27845, 16567, 7276, 2931, 1230, 466, 182, 76, 35, 13, 9, 2, 2]
(1, (1, 0, 0), (0, 1)): [416, 56, 45, 18, 6, 3, 2]
(1, (1, 0, 0), (0, 2)): [164, 24, 21, 5, 1]
(1, (1, 0, 0), (1, 0)): [371, 75, 62, 24, 5, 4, 0, 1]
(1, (1, 0, 0), (1, 1)): [306, 48, 31, 15, 3, 4, 1, 1]
(1, (1, 0, 0), (1, 2)): [204, 24, 17, 6, 2, 0, 1]
(1, (1, 0, 0), (2, 0)): [120, 28, 31, 12, 3, 1]
(1, (1, 0, 0), (2, 2)): [133, 19, 19, 6, 2, 1]
(1, (1, 0, 0), (3, 0)): [48, 14, 11, 7, 3]
(1, (1, 0, 0), (3, 1)): [52, 18, 11, 7, 0, 1, 0, 1]
(1, (1, 0, 0), (3, 2)): [72, 15, 11, 8, 0, 1]
(1, (1, 0, 1), (0, 0)): [11636, 14908, 5254, 3322, 1404, 612, 226, 90, 33, 25, 8, 2]
(1, (1, 0, 1), (0, 1)): [32, 30, 10, 8, 4, 1, 1, 1]
(1, (1, 0, 1), (1, 0)): [28, 40, 6, 11, 4, 4, 0, 1]
(1, (1, 0, 1), (1, 1)): [14, 27, 6, 8, 3, 0, 1]
(1, (1, 0, 1), (2, 1)): [7, 16, 0, 4, 0, 1, 1]
(1, (1, 0, 1), (2, 2)): [8, 9, 4, 3, 1, 1]
(1, (1, 1, 0), (0, 0)): [37141, 11913, 8748, 5753, 2522, 1092, 424, 165, 62, 28, 6, 6, 1, 3]
(1, (1, 1, 0), (0, 1)): [97, 29, 22, 16, 7, 3, 1]
(1, (1, 1, 0), (1, 0)): [90, 24, 24, 25, 11, 2]
(1, (1, 1, 1), (0, 0)): [7336, 6108, 3996, 2925, 1967, 876, 362, 146, 58, 23, 7, 3, 1, 1]
(1, (1, 1, 1), (0, 1)): [25, 20, 12, 10, 3, 1, 0, 1]
(1, (1, 1, 1), (0, 2)): [16, 7, 4, 4, 0, 1]
(1, (1, 1, 1), (1, 0)): [19, 14, 17, 8, 11, 4, 3, 1]
(1, (1, 1, 1), (1, 1)): [17, 17, 8, 9, 5, 2, 1, 1]
(1, (1, 1, 1), (1, 2)): [11, 7, 1, 7, 1, 2, 1, 1]
(1, (1, 1, 1), (2, 1)): [8, 7, 8, 4, 5, 1, 1]
(1, (1, 1, 1), (2, 2)): [7, 6, 5, 3, 3, 2, 2, 1]
(1, (1, 1, 1), (3, 1)): [4, 3, 2, 4, 2, 1]
(1, (1, 1, 1), (3, 2)): [7, 3, 2, 5, 3, 3]
(2, (0, 0, 0), (0, 0)): [301890, 12920, 4412, 1374, 484, 177, 64, 26, 4, 1, 2]
(2, (0, 0, 0), (0, 1)): [938, 41, 10, 4, 1]
(2, (0, 0, 0), (0, 2)): [346, 11, 3, 3]
(2, (0, 0, 0), (1, 0)): [944, 63, 20, 7, 2]
(2, (0, 0, 0), (1, 1)): [817, 39, 14, 3, 1]
(2, (0, 0, 0), (1, 2)): [472, 11, 9, 2]
(2, (0, 0, 0), (2, 0)): [355, 24, 9, 4, 1]
(2, (0, 0, 0), (2, 1)): [490, 27, 7, 4, 1]
(2, (0, 0, 0), (2, 2)): [413, 14, 10, 5]
(2, (0, 0, 0), (3, 0)): [123, 12, 7, 2, 1]
(2, (0, 0, 0), (3, 1)): [217, 16, 4, 0, 1]
(2, (0, 0, 0), (3, 2)): [286, 18, 10, 2]
(2, (0, 0, 1), (0, 0)): [35901, 12287, 2192, 727, 254, 95, 37, 11, 0, 1]
(2, (0, 0, 1), (1, 0)): [81, 31, 6, 0, 0, 1]
(2, (0, 1, 0), (0, 0)): [85909, 20289, 4903, 1641, 521, 187, 66, 20, 4, 1]
(2, (0, 1, 0), (0, 1)): [206, 41, 7, 2, 4]
(2, (0, 1, 0), (1, 0)): [261, 43, 17, 4, 1, 1]
(2, (0, 1, 0), (1, 1)): [182, 40, 7, 0, 2]
(2, (0, 1, 0), (2, 0)): [126, 20, 13, 4, 1, 1]
(2, (0, 1, 0), (3, 0)): [73, 12, 8, 1, 1]
(2, (0, 1, 1), (0, 0)): [21682, 1951, 5269, 1380, 505, 181, 58, 17, 10, 3, 1]
(2, (0, 1, 1), (0, 1)): [57, 5, 14, 2, 2]
(2, (0, 1, 1), (0, 2)): [26, 0, 5, 2, 2]
(2, (0, 1, 1), (1, 0)): [74, 5, 19, 7, 2, 1]
(2, (0, 1, 1), (2, 0)): [40, 2, 9, 5, 1, 1]
(2, (0, 1, 1), (3, 0)): [34, 0, 7, 3, 1, 1]
(2, (1, 0, 0), (0, 0)): [177648, 13951, 7586, 2526, 832, 276, 114, 35, 10, 2, 2]
(2, (1, 0, 0), (0, 1)): [438, 19, 17, 7, 1, 1]
(2, (1, 0, 0), (0, 2)): [156, 7, 4, 0, 0, 1]
(2, (1, 0, 0), (1, 0)): [460, 21, 22, 8, 2, 1]
(2, (1, 0, 0), (1, 1)): [353, 13, 15, 9, 1]
(2, (1, 0, 0), (1, 2)): [196, 8, 9, 4]
(2, (1, 0, 0), (2, 0)): [162, 12, 6, 5, 1]
(2, (1, 0, 0), (2, 1)): [168, 10, 5, 0, 1]
(2, (1, 0, 0), (2, 2)): [147, 11, 11, 1]
(2, (1, 0, 1), (0, 0)): [30632, 8336, 3649, 1832, 599, 227, 73, 30, 9, 1, 0, 1]
(2, (1, 0, 1), (1, 0)): [67, 9, 7, 9, 1, 1]
(2, (1, 0, 1), (1, 1)): [44, 10, 3, 2, 1]
(2, (1, 1, 0), (0, 0)): [60631, 9546, 5329, 3140, 982, 361, 117, 34, 17, 6, 3, 0, 0, 1]
(2, (1, 1, 0), (0, 1)): [175, 22, 13, 6, 3]
(2, (1, 1, 0), (0, 2)): [78, 8, 6, 1]
(2, (1, 1, 0), (1, 0)): [155, 19, 13, 15, 2, 2, 0, 1]
(2, (1, 1, 0), (1, 2)): [75, 12, 4, 2, 1]
(2, (1, 1, 0), (2, 0)): [70, 6, 7, 9, 1, 1, 0, 1]
(2, (1, 1, 0), (3, 0)): [35, 2, 5, 5, 1, 1]
(2, (1, 1, 0), (3, 1)): [31, 1, 4, 5]
(2, (1, 1, 0), (3, 2)): [37, 1, 6, 3, 1]
(2, (1, 1, 1), (0, 0)): [18114, 2752, 3187, 1709, 1147, 393, 133, 43, 20, 4, 3, 0, 0, 1]
(2, (1, 1, 1), (0, 1)): [63, 7, 12, 5, 2, 1]
(2, (1, 1, 1), (0, 2)): [39, 4, 1, 0, 0, 1]
(2, (1, 1, 1), (1, 2)): [29, 3, 4, 2, 0, 1]
(2, (1, 1, 1), (2, 2)): [20, 5, 4, 4]
