(0, (0, 0, 0)): [504196, 102807, 48184, 22266, 10079, 4412, 1854, 788, 325, 157, 70, 25, 16, 4, 2]
(0, (0, 0, 1)): [2419, 7974, 2223, 1055, 521, 213, 104, 57, 22, 9, 4, 1, 3]
(0, (0, 1, 0)): [16582, 17071, 6535, 3081, 1560, 701, 290, 126, 56, 33, 11, 4, 2]
(0, (0, 1, 1)): [1481, 2674, 3533, 1593, 836, 399, 173, 76, 42, 16, 6, 3, 0, 1, 1]
(0, (1, 0, 0)): [112706, 40058, 24671, 12397, 5912, 2672, 1141, 496, 208, 106, 49, 16, 10, 3, 2]
(0, (1, 0, 1)): [2655, 8295, 3688, 2447, 1339, 624, 328, 133, 61, 27, 12, 8, 3, 0, 1]
(0, (1, 1, 0)): [14896, 10017, 8268, 5587, 3018, 1402, 620, 305, 119, 61, 33, 8, 5, 1]
(0, (1, 1, 1)): [1549, 2842, 2479, 2031, 1583, 795, 367, 183, 83, 42, 23, 6, 1, 1, 1]
(1, (0, 0, 0)): [399278, 43332, 17984, 7142, 2847, 1145, 442, 183, 69, 23, 11, 6, 2, 1]
(1, (0, 0, 1)): [13049, 20598, 4030, 1678, 726, 286, 123, 62, 23, 9, 6, 4, 3, 1]
(1, (0, 1, 0)): [58801, 29165, 9890, 4089, 1680, 712, 254, 112, 33, 22, 6, 5, 3]
(1, (0, 1, 1)): [10016, 8683, 8799, 3414, 1588, 642, 249, 100, 53, 17, 8, 4, 1, 1]
(1, (1, 0, 0)): [163621, 31239, 18655, 8141, 3268, 1377, 512, 202, 88, 36, 16, 11, 2, 2]
(1, (1, 0, 1)): [12946, 16693, 5805, 3651, 1537, 670, 248, 97, 36, 27, 10, 2]
(1, (1, 1, 0)): [42471, 13587, 9921, 6491, 2852, 1226, 477, 188, 73, 30, 10, 6, 1, 3]
(1, (1, 1, 1)): [8474, 7058, 4641, 3317, 2241, 1003, 414, 165, 66, 26, 11, 5, 1, 1]
(2, (0, 0, 0)): [342799, 14649, 4978, 1554, 553, 204, 70, 29, 6, 1, 2]
(2, (0, 0, 1)): [39279, 13369, 2366, 797, 275, 103, 39, 11, 1, 2, 0, 1]
(2, (0, 1, 0)): [95867, 22571, 5456, 1837, 592, 211, 73, 21, 6, 1]
(2, (0, 1, 1)): [23908, 2138, 5787, 1505, 561, 197, 63, 20, 10, 3, 1]
(2, (1, 0, 0)): [200601, 15643, 8587, 2830, 945, 310, 119, 43, 11, 2, 3]
(2, (1, 0, 1)): [33953, 9202, 3969, 2019, 642, 242, 77, 32, 11, 2, 0, 1]
(2, (1, 1, 0)): [70484, 11151, 6091, 3596, 1136, 414, 127, 43, 18, 6, 4, 0, 0, 1]
(2, (1, 1, 1)): [20899, 3171, 3659, 1954, 1283, 439, 146, 52, 22, 5, 4, 0, 0, 1]
