(0, (0, 0, 0)): [1946012, 396468, 182094, 83152, 37221, 15936, 6563, 2692, 1096, 468, 207, 97, 36, 19, 5, 1, 1, 1]
(0, (0, 0, 1)): [7559, 23249, 6419, 3067, 1471, 627, 280, 118, 45, 27, 13, 3, 4, 3]
(0, (0, 1, 0)): [70964, 66761, 26094, 12817, 6137, 2637, 1122, 472, 197, 105, 35, 13, 5, 6, 3, 0, 1]
(0, (0, 1, 1)): [5739, 10014, 11942, 5554, 2904, 1406, 584, 253, 136, 56, 15, 11, 3, 4, 2, 0, 1, 1]
(0, (1, 0, 0)): [411836, 138120, 88317, 43891, 20970, 9406, 3886, 1665, 707, 298, 145, 57, 24, 14, 3, 1, 1, 1]
(0, (1, 0, 1)): [9712, 29768, 12201, 8580, 4529, 2090, 989, 397, 196, 75, 41, 18, 7, 2, 2, 0, 0, 1]
(0, (1, 1, 0)): [57699, 36809, 27569, 19883, 10567, 4966, 2084, 977, 408, 184, 88, 33, 12, 5, 0, 0, 1]
(0, (1, 1, 1)): [5503, 10763, 8792, 6485, 5240, 2610, 1201, 578, 272, 113, 59, 20, 7, 4, 1, 0, 1]
(1, (0, 0, 0)): [1584811, 175916, 71871, 28472, 11078, 4245, 1642, 604, 211, 85, 33, 20, 7, 3, 0, 1]
(1, (0, 0, 1)): [43781, 63305, 12564, 5415, 2234, 923, 347, 133, 62, 23, 13, 7, 4, 2]
(1, (0, 1, 0)): [217009, 95211, 34766, 15026, 6051, 2445, 848, 375, 116, 53, 28, 9, 9, 2, 1]
(1, (0, 1, 1)): [34017, 28552, 25075, 10121, 5207, 2040, 805, 322, 147, 47, 13, 7, 2, 2, 0, 1]
(1, (1, 0, 0)): [596337, 106423, 68741, 29316, 11926, 4739, 1879, 679, 266, 111, 44, 28, 5, 3, 0, 2]
(1, (1, 0, 1)): [48422, 55915, 18053, 12176, 5263, 2163, 839, 333, 111, 66, 19, 7, 0, 1]
(1, (1, 1, 0)): [165985, 50744, 33877, 24453, 10287, 4252, 1658, 658, 259, 104, 42, 20, 9, 5, 1]
(1, (1, 1, 1)): [33795, 27107, 17119, 11182, 8397, 3557, 1462, 546, 225, 81, 27, 18, 9, 4, 1, 1]
(2, (0, 0, 0)): [1381475, 64345, 21460, 6788, 2279, 727, 247, 85, 14, 7, 5, 0, 1]
(2, (0, 0, 1)): [131182, 39479, 8119, 2760, 964, 333, 98, 32, 8, 4, 0, 2]
(2, (0, 1, 0)): [345498, 72372, 19909, 6994, 2328, 770, 239, 76, 17, 11, 7, 0, 1]
(2, (0, 1, 1)): [79657, 6808, 17038, 4770, 1886, 628, 196, 66, 22, 6, 4, 1, 0, 1]
(2, (1, 0, 0)): [722620, 52528, 34674, 10991, 3610, 1155, 444, 128, 29, 13, 7, 1, 1]
(2, (1, 0, 1)): [126306, 30096, 11906, 7363, 2431, 796, 267, 84, 29, 9, 2, 4, 1]
(2, (1, 1, 0)): [282778, 42818, 21683, 14939, 4825, 1560, 528, 179, 56, 27, 10, 2, 2, 1]
(2, (1, 1, 1)): [82897, 12107, 13816, 6912, 5133, 1603, 551, 185, 59, 15, 10, 3, 1, 1]
