(0, (0, 0, 0)): [15879, 3227, 1580, 742, 329, 142, 59, 26, 15, 5, 6, 0, 2, 0, 0, 0, 0, 1]
(0, (0, 0, 1)): [46, 178, 53, 17, 11, 12, 5, 0, 0, 0, 1]
(0, (0, 1, 0)): [514, 444, 197, 105, 43, 21, 7, 6, 3, 1, 2]
(0, (0, 1, 1)): [42, 77, 85, 37, 25, 9, 5, 2, 2, 1, 0, 1, 0, 0, 0, 0, 0, 1]
(0, (1, 0, 0)): [3465, 1120, 743, 365, 175, 85, 35, 18, 10, 5, 4, 0, 1, 0, 0, 1, 0, 1]
(0, (1, 0, 1)): [67, 233, 92, 61, 39, 16, 6, 6, 2, 1, 0, 0, 1, 0, 0, 0, 0, 1]
(0, (1, 1, 0)): [500, 353, 242, 178, 94, 56, 21, 13, 6, 5, 4]
(0, (1, 1, 1)): [48, 103, 79, 68, 45, 26, 14, 7, 5, 1, 3, 1]
(1, (0, 0, 0)): [12872, 1473, 671, 280, 106, 37, 12, 5, 2, 0, 1, 0, 1]
(1, (0, 0, 1)): [283, 416, 76, 35, 17, 11, 4, 2, 1]
(1, (0, 1, 0)): [1566, 673, 249, 128, 46, 16, 4, 5, 3]
(1, (0, 1, 1)): [279, 210, 194, 76, 37, 15, 9, 4, 3, 0, 1, 0, 0, 0, 0, 1]
(1, (1, 0, 0)): [5049, 865, 627, 291, 107, 45, 16, 6, 5, 1, 2, 0, 1, 0, 0, 1]
(1, (1, 0, 1)): [353, 475, 171, 98, 38, 16, 8, 4, 2, 3, 1, 0, 0, 1]
(1, (1, 1, 0)): [1461, 468, 302, 234, 94, 50, 14, 9, 6, 1, 2, 0, 1]
(1, (1, 1, 1)): [308, 237, 155, 114, 70, 26, 11, 7, 5, 1, 2, 1, 1, 0, 0, 1]
(2, (0, 0, 0)): [11196, 564, 207, 71, 29, 6, 1]
(2, (0, 0, 1)): [843, 266, 52, 22, 8, 3, 1]
(2, (0, 1, 0)): [2505, 532, 178, 65, 16, 4, 2]
(2, (0, 1, 1)): [539, 61, 115, 26, 15, 4, 3, 1]
(2, (1, 0, 0)): [6158, 470, 325, 102, 49, 8, 2]
(2, (1, 0, 1)): [870, 242, 84, 58, 25, 3, 3]
(2, (1, 1, 0)): [2616, 407, 202, 142, 53, 16, 5, 2, 1]
(2, (1, 1, 1)): [774, 105, 117, 52, 48, 16, 4, 1]
