(0, (0, 0, 0), (0, 0)): [459456, 94331, 44348, 20555, 9321, 4067, 1725, 738, 298, 148, 65, 23, 14, 3, 2]
(0, (0, 0, 0), (1, 0)): [1201, 253, 103, 49, 26, 17, 5, 2, 0, 2]
(0, (0, 0, 0), (2, 0)): [449, 102, 48, 26, 18, 12, 3, 1, 0, 1]
(0, (0, 0, 0), (3, 0)): [198, 47, 32, 18, 9, 10, 2, 1]
(0, (0, 0, 1), (0, 0)): [2267, 7458, 2081, 990, 495, 203, 99, 52, 22, 8, 4, 1, 3]
(0, (0, 1, 0), (0, 0)): [15228, 15694, 6035, 2839, 1446, 651, 271, 114, 54, 32, 10, 3, 1]
(0, (0, 1, 1), (0, 0)): [1348, 2461, 3253, 1480, 763, 364, 164, 70, 40, 14, 6, 2, 0, 1, 1]
(0, (1, 0, 0), (0, 0)): [102806, 36826, 22715, 11458, 5462, 2469, 1058, 472, 190, 99, 46, 15, 9, 3, 2]
(0, (1, 0, 1), (0, 0)): [2457, 7592, 3438, 2287, 1261, 583, 307, 126, 57, 27, 12, 8, 2, 0, 1]
(0, (1, 1, 0), (0, 0)): [13484, 9140, 7586, 5139, 2771, 1287, 569, 284, 107, 57, 32, 7, 5, 1]
(0, (1, 1, 1), (0, 0)): [1417, 2595, 2252, 1874, 1461, 734, 345, 170, 77, 40, 21, 4, 1, 1, 1]
(1, (0, 0, 0), (0, 0)): [363628, 39731, 16530, 6575, 2633, 1047, 416, 171, 60, 22, 10, 5, 2]
(1, (0, 0, 1), (0, 0)): [12179, 19270, 3790, 1591, 689, 268, 116, 57, 21, 9, 5, 3, 2]
(1, (0, 1, 0), (0, 0)): [54170, 26983, 9153, 3792, 1578, 668, 235, 104, 32, 21, 5, 4, 3]
(1, (0, 1, 0), (1, 0)): [166, 78, 24, 11, 9, 2]
(1, (0, 1, 1), (0, 0)): [9216, 8021, 8196, 3161, 1471, 594, 233, 94, 49, 17, 7, 3, 1, 1]
(1, (1, 0, 0), (0, 0)): [149520, 28735, 17133, 7533, 3022, 1275, 481, 190, 80, 35, 13, 9, 2, 2]
(1, (1, 0, 0), (1, 0)): [371, 76, 62, 24, 5, 4, 0, 1]
(1, (1, 0, 1), (0, 0)): [11999, 15368, 5410, 3419, 1447, 627, 231, 93, 35, 26, 8, 2]
(1, (1, 1, 0), (0, 0)): [38458, 12366, 9051, 5972, 2608, 1129, 439, 178, 65, 28, 8, 6, 1, 3]
(1, (1, 1, 1), (0, 0)): [7619, 6360, 4169, 3014, 2040, 912, 375, 153, 60, 24, 8, 3, 1, 1]
(2, (0, 0, 0), (0, 0)): [312456, 13425, 4579, 1434, 506, 188, 65, 27, 4, 1, 2]
(2, (0, 0, 1), (0, 0)): [36821, 12580, 2238, 751, 258, 95, 37, 11, 0, 1]
(2, (0, 1, 0), (0, 0)): [88521, 20901, 5068, 1689, 544, 194, 66, 20, 4, 1]
(2, (0, 1, 0), (1, 0)): [262, 43, 17, 4, 1, 1]
(2, (0, 1, 0), (2, 0)): [127, 20, 13, 4, 1, 1]
(2, (0, 1, 1), (0, 0)): [22291, 1996, 5410, 1412, 521, 186, 58, 19, 10, 3, 1]
(2, (1, 0, 0), (0, 0)): [183632, 14391, 7878, 2615, 865, 288, 114, 36, 10, 2, 2]
(2, (1, 0, 0), (1, 0)): [461, 21, 22, 8, 2, 1]
(2, (1, 0, 0), (2, 0)): [163, 12, 6, 5, 1]
(2, (1, 0, 1), (0, 0)): [31508, 8566, 3726, 1892, 608, 227, 74, 30, 9, 1, 0, 1]
(2, (1, 0, 1), (1, 0)): [67, 10, 7, 9, 1, 1]
(2, (1, 1, 0), (0, 0)): [63124, 9937, 5514, 3261, 1026, 375, 119, 36, 17, 6, 3, 0, 0, 1]
(2, (1, 1, 1), (0, 0)): [18852, 2856, 3306, 1767, 1189, 408, 137, 46, 20, 4, 3, 0, 0, 1]
(2, (1, 1, 1), (0, 1)): [63, 8, 12, 5, 2, 1]
(2, (1, 1, 1), (1, 1)): [32, 6, 12, 6]
