(0, (0, 0, 0), (0, 0)): [15238, 3363, 1733, 823, 382, 161, 75, 38, 15, 9, 5, 1, 1]
(0, (0, 0, 0), (0, 1)): [45, 6, 4, 6, 0, 1, 0, 0, 0, 0, 1]
(0, (0, 0, 0), (0, 2)): [17, 3, 2, 3]
(0, (0, 0, 0), (1, 0)): [32, 6, 6, 2, 1, 1, 0, 0, 0, 1]
(0, (0, 0, 0), (1, 1)): [35, 3, 3, 3, 0, 1, 0, 0, 0, 1, 1]
(0, (0, 0, 0), (1, 2)): [26, 2, 2, 1]
(0, (0, 0, 0), (2, 0)): [13, 5, 4, 1, 1, 1]
(0, (0, 0, 0), (2, 1)): [13, 2, 1, 2, 0, 1]
(0, (0, 0, 0), (2, 2)): [18, 4, 1, 1, 0, 1]
(0, (0, 0, 0), (3, 0)): [10, 4, 3, 1, 1, 1]
(0, (0, 0, 0), (3, 1)): [4, 1, 1, 1]
(0, (0, 0, 0), (3, 2)): [9, 4, 1, 2]
(0, (0, 0, 1), (0, 0)): [57, 251, 85, 36, 17, 12, 3, 1, 2, 2, 0, 0, 1]
(0, (0, 0, 1), (0, 1)): [1]
(0, (0, 0, 1), (0, 2)): [1]
(0, (0, 0, 1), (1, 0)): [0, 1]
(0, (0, 1, 0), (0, 0)): [498, 564, 256, 113, 65, 20, 8, 10, 1, 2, 0, 1]
(0, (0, 1, 0), (0, 1)): [1]
(0, (0, 1, 0), (0, 2)): [1]
(0, (0, 1, 0), (1, 0)): [2, 1]
(0, (0, 1, 0), (1, 2)): [1]
(0, (0, 1, 0), (2, 0)): [2, 1]
(0, (0, 1, 0), (2, 2)): [1]
(0, (0, 1, 0), (3, 0)): [2, 1]
(0, (0, 1, 0), (3, 1)): [1]
(0, (0, 1, 1), (0, 0)): [53, 88, 135, 86, 37, 23, 6, 6, 2, 0, 1]
(0, (0, 1, 1), (1, 0)): [0, 0, 1]
(0, (0, 1, 1), (2, 0)): [0, 0, 1]
(0, (0, 1, 1), (3, 0)): [0, 0, 1]
(0, (1, 0, 0), (0, 0)): [3436, 1282, 828, 463, 219, 86, 54, 19, 8, 7, 4, 1]
(0, (1, 0, 0), (0, 1)): [10, 1, 0, 1, 0, 0, 0, 0, 0, 1]
(0, (1, 0, 0), (0, 2)): [4, 0, 0, 0, 0, 0, 0, 0, 0, 1]
(0, (1, 0, 0), (1, 0)): [1, 4, 2]
(0, (1, 0, 0), (1, 1)): [6, 1]
(0, (1, 0, 0), (1, 2)): [5]
(0, (1, 0, 0), (2, 0)): [0, 2, 2]
(0, (1, 0, 0), (2, 1)): [1]
(0, (1, 0, 0), (2, 2)): [3]
(0, (1, 0, 0), (3, 0)): [0, 2, 2]
(0, (1, 0, 0), (3, 1)): [0, 0, 1]
(0, (1, 0, 0), (3, 2)): [1]
(0, (1, 0, 1), (0, 0)): [87, 291, 136, 92, 71, 19, 23, 8, 4, 4, 2, 1]
(0, (1, 0, 1), (0, 1)): [0, 0, 0, 0, 0, 0, 0, 1]
(0, (1, 0, 1), (0, 2)): [0, 0, 0, 0, 0, 0, 0, 1]
(0, (1, 0, 1), (1, 0)): [1, 0, 0, 0, 1]
(0, (1, 0, 1), (1, 1)): [1]
(0, (1, 0, 1), (1, 2)): [0, 0, 0, 0, 0, 0, 0, 1]
(0, (1, 0, 1), (2, 2)): [0, 0, 0, 0, 0, 0, 0, 1]
(0, (1, 1, 0), (0, 0)): [462, 324, 255, 213, 92, 43, 21, 13, 8, 4, 1]
(0, (1, 1, 0), (0, 1)): [1, 0, 0, 0, 0, 1]
(0, (1, 1, 0), (1, 0)): [1, 0, 2, 1, 0, 0, 0, 0, 1]
(0, (1, 1, 0), (1, 1)): [1, 0, 1, 0, 0, 1, 0, 0, 1]
(0, (1, 1, 0), (1, 2)): [0, 0, 1, 0, 0, 1]
(0, (1, 1, 0), (2, 0)): [1, 0, 1, 1]
(0, (1, 1, 0), (2, 1)): [1]
(0, (1, 1, 0), (3, 0)): [0, 0, 1, 1]
(0, (1, 1, 1), (0, 0)): [45, 83, 79, 54, 47, 19, 17, 11, 4, 1]
(0, (1, 1, 1), (1, 0)): [0, 0, 1]
(0, (1, 1, 1), (2, 0)): [0, 0, 1]
(0, (1, 1, 1), (3, 0)): [0, 0, 1]
(1, (0, 0, 0), (0, 0)): [12109, 1439, 681, 241, 111, 52, 19, 10, 6]
(1, (0, 0, 0), (0, 1)): [33, 2, 0, 1]
(1, (0, 0, 0), (0, 2)): [17, 1, 0, 1]
(1, (0, 0, 0), (1, 0)): [28, 2, 1, 2]
(1, (0, 0, 0), (1, 1)): [31, 0, 0, 1]
(1, (0, 0, 0), (1, 2)): [22, 0, 0, 2]
(1, (0, 0, 0), (2, 0)): [9, 2, 1, 1]
(1, (0, 0, 0), (2, 1)): [11, 1]
(1, (0, 0, 0), (2, 2)): [19, 1]
(1, (0, 0, 0), (3, 0)): [4, 1, 0, 1]
(1, (0, 0, 0), (3, 1)): [1, 0, 0, 1]
(1, (0, 0, 0), (3, 2)): [8]
(1, (0, 0, 1), (0, 0)): [359, 678, 147, 48, 25, 15, 5, 1, 2, 1, 1]
(1, (0, 0, 1), (0, 1)): [1]
(1, (0, 0, 1), (1, 0)): [2, 3, 1]
(1, (0, 0, 1), (1, 1)): [1, 1]
(1, (0, 0, 1), (2, 0)): [1, 2]
(1, (0, 0, 1), (2, 1)): [1, 1]
(1, (0, 0, 1), (2, 2)): [1]
(1, (0, 0, 1), (3, 0)): [1, 1]
(1, (0, 0, 1), (3, 1)): [0, 1]
(1, (0, 0, 1), (3, 2)): [1]
(1, (0, 1, 0), (0, 0)): [1683, 889, 325, 122, 62, 22, 9, 3, 1, 3]
(1, (0, 1, 0), (0, 1)): [4, 0, 0, 1]
(1, (0, 1, 0), (0, 2)): [3]
(1, (0, 1, 0), (1, 0)): [3, 2, 0, 0, 1]
(1, (0, 1, 0), (1, 1)): [3, 2]
(1, (0, 1, 0), (1, 2)): [1]
(1, (0, 1, 0), (2, 0)): [1, 0, 0, 0, 1]
(1, (0, 1, 0), (2, 1)): [1, 2]
(1, (0, 1, 0), (2, 2)): [0, 1]
(1, (0, 1, 0), (3, 0)): [1, 0, 0, 0, 1]
(1, (0, 1, 0), (3, 1)): [1, 1]
(1, (0, 1, 1), (0, 0)): [323, 288, 296, 126, 60, 27, 13, 2, 1, 1]
(1, (0, 1, 1), (0, 1)): [5]
(1, (0, 1, 1), (0, 2)): [4]
(1, (0, 1, 1), (1, 0)): [2]
(1, (0, 1, 1), (1, 1)): [2]
(1, (0, 1, 1), (1, 2)): [4]
(1, (0, 1, 1), (2, 0)): [1]
(1, (0, 1, 1), (2, 2)): [2]
(1, (0, 1, 1), (3, 0)): [1]
(1, (1, 0, 0), (0, 0)): [5094, 1026, 704, 275, 135, 61, 24, 7, 5, 2, 0, 1]
(1, (1, 0, 0), (0, 1)): [13, 0, 0, 1]
(1, (1, 0, 0), (0, 2)): [8]
(1, (1, 0, 0), (1, 0)): [6, 1, 0, 3]
(1, (1, 0, 0), (1, 1)): [7, 1, 0, 2]
(1, (1, 0, 0), (1, 2)): [4, 1, 0, 1]
(1, (1, 0, 0), (2, 0)): [3, 0, 0, 1]
(1, (1, 0, 0), (2, 1)): [2, 0, 0, 1]
(1, (1, 0, 0), (2, 2)): [2]
(1, (1, 0, 0), (3, 0)): [2, 0, 0, 1]
(1, (1, 0, 0), (3, 1)): [0, 0, 0, 1]
(1, (1, 0, 1), (0, 0)): [427, 591, 214, 136, 61, 29, 12, 3, 2, 1]
(1, (1, 0, 1), (0, 1)): [1, 0, 0, 1, 0, 0, 1, 1]
(1, (1, 0, 1), (0, 2)): [0, 0, 0, 0, 0, 0, 0, 1]
(1, (1, 0, 1), (1, 0)): [0, 3, 1]
(1, (1, 0, 1), (1, 1)): [0, 0, 0, 1, 0, 0, 1]
(1, (1, 0, 1), (1, 2)): [0, 0, 0, 1, 0, 0, 0, 1]
(1, (1, 0, 1), (2, 0)): [0, 3, 1]
(1, (1, 0, 1), (2, 1)): [0, 0, 0, 0, 0, 0, 1]
(1, (1, 0, 1), (2, 2)): [0, 0, 0, 1]
(1, (1, 0, 1), (3, 0)): [0, 2]
(1, (1, 0, 1), (3, 2)): [0, 0, 0, 1]
(1, (1, 1, 0), (0, 0)): [1351, 462, 325, 228, 111, 47, 20, 4, 3, 2]
(1, (1, 1, 0), (0, 1)): [2, 0, 0, 1]
(1, (1, 1, 0), (0, 2)): [1]
(1, (1, 1, 0), (1, 0)): [5, 0, 1, 3, 1]
(1, (1, 1, 0), (1, 1)): [2, 0, 0, 2]
(1, (1, 1, 0), (1, 2)): [0, 0, 0, 1]
(1, (1, 1, 0), (2, 0)): [3, 0, 1, 1, 1]
(1, (1, 1, 0), (2, 1)): [0, 0, 0, 1]
(1, (1, 1, 0), (2, 2)): [0, 0, 0, 1]
(1, (1, 1, 0), (3, 0)): [3, 0, 0, 1, 1]
(1, (1, 1, 0), (3, 1)): [2, 0, 0, 1]
(1, (1, 1, 0), (3, 2)): [1, 0, 0, 2]
(1, (1, 1, 1), (0, 0)): [260, 226, 146, 104, 103, 45, 16, 3, 5, 1]
(1, (1, 1, 1), (0, 1)): [0, 1]
(1, (1, 1, 1), (0, 2)): [0, 1]
(1, (1, 1, 1), (1, 0)): [0, 1, 1, 1, 1]
(1, (1, 1, 1), (1, 1)): [0, 0, 0, 1]
(1, (1, 1, 1), (1, 2)): [0, 0, 0, 1]
(1, (1, 1, 1), (2, 0)): [0, 1, 1, 0, 1]
(1, (1, 1, 1), (2, 1)): [0, 0, 1]
(1, (1, 1, 1), (2, 2)): [0, 0, 1]
(1, (1, 1, 1), (3, 0)): [0, 1, 0, 0, 1]
(2, (0, 0, 0), (0, 0)): [10533, 500, 184, 68, 17, 8, 6, 3, 1]
(2, (0, 0, 0), (0, 1)): [30, 2]
(2, (0, 0, 0), (0, 2)): [15, 2]
(2, (0, 0, 0), (1, 0)): [19, 2, 1, 1]
(2, (0, 0, 0), (1, 1)): [23, 1]
(2, (0, 0, 0), (1, 2)): [16, 2]
(2, (0, 0, 0), (2, 0)): [8, 0, 1, 1]
(2, (0, 0, 0), (2, 1)): [11, 0, 0, 1]
(2, (0, 0, 0), (2, 2)): [10, 0, 0, 1]
(2, (0, 0, 0), (3, 0)): [5, 0, 1]
(2, (0, 0, 0), (3, 1)): [8, 0, 1]
(2, (0, 0, 0), (3, 2)): [11]
(2, (0, 0, 1), (0, 0)): [1253, 450, 102, 28, 9, 3, 0, 1]
(2, (0, 0, 1), (0, 1)): [2, 0, 1]
(2, (0, 0, 1), (0, 2)): [2]
(2, (0, 0, 1), (1, 0)): [1]
(2, (0, 0, 1), (1, 2)): [1]
(2, (0, 0, 1), (2, 0)): [1]
(2, (0, 0, 1), (2, 2)): [1]
(2, (0, 0, 1), (3, 2)): [1]
(2, (0, 1, 0), (0, 0)): [2816, 691, 196, 64, 21, 10, 6, 1, 1]
(2, (0, 1, 0), (0, 1)): [4, 1]
(2, (0, 1, 0), (0, 2)): [3]
(2, (0, 1, 0), (1, 0)): [9, 1, 2]
(2, (0, 1, 0), (1, 1)): [5, 1]
(2, (0, 1, 0), (1, 2)): [3]
(2, (0, 1, 0), (2, 0)): [5, 1, 2]
(2, (0, 1, 0), (2, 1)): [2]
(2, (0, 1, 0), (2, 2)): [2]
(2, (0, 1, 0), (3, 0)): [5, 1, 2]
(2, (0, 1, 0), (3, 1)): [3]
(2, (0, 1, 0), (3, 2)): [1]
(2, (0, 1, 1), (0, 0)): [784, 74, 194, 50, 23, 7, 5, 1, 1]
(2, (0, 1, 1), (0, 1)): [4, 0, 1]
(2, (0, 1, 1), (0, 2)): [3]
(2, (0, 1, 1), (1, 0)): [1, 0, 1]
(2, (0, 1, 1), (1, 1)): [2, 0, 1]
(2, (0, 1, 1), (1, 2)): [2, 0, 1]
(2, (0, 1, 1), (2, 0)): [0, 0, 1]
(2, (0, 1, 1), (2, 1)): [1]
(2, (0, 1, 1), (2, 2)): [2, 0, 1]
(2, (0, 1, 1), (3, 0)): [0, 0, 1]
(2, (0, 1, 1), (3, 2)): [0, 0, 1]
(2, (1, 0, 0), (0, 0)): [6404, 504, 341, 100, 29, 5, 7, 3, 1, 1]
(2, (1, 0, 0), (0, 1)): [14]
(2, (1, 0, 0), (0, 2)): [7]
(2, (1, 0, 0), (1, 0)): [13, 0, 1, 1]
(2, (1, 0, 0), (1, 1)): [8]
(2, (1, 0, 0), (1, 2)): [10]
(2, (1, 0, 0), (2, 0)): [7, 0, 0, 1]
(2, (1, 0, 0), (2, 1)): [4]
(2, (1, 0, 0), (2, 2)): [6]
(2, (1, 0, 0), (3, 0)): [3, 0, 0, 1]
(2, (1, 0, 0), (3, 1)): [2, 0, 0, 1]
(2, (1, 0, 0), (3, 2)): [3]
(2, (1, 0, 1), (0, 0)): [1255, 321, 146, 82, 13, 11, 0, 5]
(2, (1, 0, 1), (0, 1)): [5, 2]
(2, (1, 0, 1), (0, 2)): [2, 1]
(2, (1, 0, 1), (1, 0)): [1, 0, 1]
(2, (1, 0, 1), (1, 1)): [2]
(2, (1, 0, 1), (1, 2)): [1, 1]
(2, (1, 0, 1), (2, 0)): [1, 0, 1]
(2, (1, 0, 1), (2, 1)): [0, 0, 1]
(2, (1, 0, 1), (2, 2)): [1, 1, 1]
(2, (1, 0, 1), (3, 0)): [1]
(2, (1, 0, 1), (3, 2)): [1, 1, 1]
(2, (1, 1, 0), (0, 0)): [2153, 338, 175, 109, 38, 9, 7, 0, 0, 2]
(2, (1, 1, 0), (0, 1)): [7, 0, 2, 2]
(2, (1, 1, 0), (0, 2)): [4, 0, 1]
(2, (1, 1, 0), (1, 0)): [5, 1, 1, 1, 1]
(2, (1, 1, 0), (1, 1)): [7, 1, 1, 1]
(2, (1, 1, 0), (1, 2)): [4, 1, 1]
(2, (1, 1, 0), (2, 0)): [1, 0, 0, 0, 1]
(2, (1, 1, 0), (2, 1)): [3]
(2, (1, 1, 0), (2, 2)): [2, 1, 1]
(2, (1, 1, 0), (3, 0)): [1, 0, 0, 0, 1]
(2, (1, 1, 0), (3, 2)): [1, 0, 1]
(2, (1, 1, 1), (0, 0)): [684, 111, 121, 59, 40, 13, 5, 2, 1, 1]
(2, (1, 1, 1), (0, 1)): [4, 1]
(2, (1, 1, 1), (0, 2)): [3, 1]
(2, (1, 1, 1), (1, 0)): [1, 3, 1]
(2, (1, 1, 1), (1, 1)): [1]
(2, (1, 1, 1), (1, 2)): [1, 1]
(2, (1, 1, 1), (2, 0)): [1, 3, 1]
(2, (1, 1, 1), (2, 1)): [0, 0, 1]
(2, (1, 1, 1), (2, 2)): [1]
(2, (1, 1, 1), (3, 0)): [1, 3]
(2, (1, 1, 1), (3, 1)): [1, 1]
(2, (1, 1, 1), (3, 2)): [1, 1]
