(0, (0, 0, 0)): [28186, 5564, 2530, 1178, 523, 208, 98, 47, 15, 7, 8]
(0, (0, 0, 1)): [191, 582, 154, 73, 33, 13, 10, 3, 1, 1, 1]
(0, (0, 1, 0)): [1027, 1005, 366, 173, 86, 34, 13, 5, 2, 1, 1]
(0, (0, 1, 1)): [88, 146, 216, 104, 46, 20, 10, 5, 4, 3, 1]
(0, (1, 0, 0)): [6483, 2359, 1405, 702, 328, 145, 62, 30, 11, 5, 5]
(0, (1, 0, 1)): [153, 377, 223, 140, 76, 39, 19, 11, 5, 2, 2]
(0, (1, 1, 0)): [835, 573, 511, 313, 173, 86, 37, 16, 2, 5, 2]
(0, (1, 1, 1)): [104, 173, 142, 130, 104, 56, 26, 11, 4, 6, 1]
(1, (0, 0, 0)): [22216, 2290, 884, 346, 133, 48, 20, 15, 2, 1, 1]
(1, (0, 0, 1)): [957, 1442, 289, 120, 54, 25, 9, 5, 2, 1]
(1, (0, 1, 0)): [3717, 1776, 557, 275, 103, 43, 10, 8, 3]
(1, (0, 1, 1)): [592, 520, 569, 219, 90, 38, 20, 6, 4, 1, 1]
(1, (1, 0, 0)): [8999, 1868, 964, 394, 157, 54, 23, 17, 4, 1, 2]
(1, (1, 0, 1)): [681, 818, 298, 195, 90, 31, 8, 6, 1, 1, 1]
(1, (1, 1, 0)): [2171, 698, 529, 307, 131, 41, 15, 10, 3, 1]
(1, (1, 1, 1)): [447, 361, 233, 185, 125, 52, 22, 9, 3, 1]
(2, (0, 0, 0)): [19506, 762, 227, 77, 35, 5, 3, 1]
(2, (0, 0, 1)): [2684, 1002, 159, 56, 16, 5, 3, 2]
(2, (0, 1, 0)): [6367, 1499, 354, 112, 30, 12, 8, 4]
(2, (0, 1, 1)): [1586, 166, 393, 90, 34, 11, 1, 1]
(2, (1, 0, 0)): [11128, 900, 408, 136, 44, 17, 4, 2]
(2, (1, 0, 1)): [1700, 488, 215, 85, 38, 8, 1, 2]
(2, (1, 1, 0)): [3337, 474, 280, 171, 39, 17, 5, 1, 1, 1]
(2, (1, 1, 1)): [1013, 152, 171, 95, 64, 21, 7, 2, 1, 1]
