(0, (0, 0, 0)): [652805, 131944, 61888, 28584, 13027, 5671, 2375, 1034, 428, 206, 94, 36, 22, 4, 3, 1, 0, 1]
(0, (0, 0, 1)): [3003, 9621, 2715, 1272, 627, 264, 131, 73, 25, 14, 6, 1, 3]
(0, (0, 1, 0)): [21407, 21453, 8214, 3920, 1971, 888, 371, 160, 70, 41, 17, 5, 2, 0, 1]
(0, (0, 1, 1)): [1895, 3411, 4396, 1953, 1066, 492, 218, 102, 54, 21, 6, 5, 0, 1, 1, 0, 0, 1]
(0, (1, 0, 0)): [145753, 50636, 31521, 15743, 7621, 3448, 1481, 656, 281, 135, 64, 22, 14, 3, 2, 1, 0, 1]
(0, (1, 0, 1)): [3322, 10643, 4522, 3056, 1658, 775, 388, 166, 77, 32, 15, 10, 4, 0, 1, 0, 0, 1]
(0, (1, 1, 0)): [19620, 13013, 10588, 7219, 3954, 1849, 818, 412, 162, 81, 42, 12, 7, 1]
(0, (1, 1, 1)): [2044, 3768, 3220, 2611, 2034, 1000, 476, 251, 109, 49, 29, 10, 2, 1, 1]
(1, (0, 0, 0)): [518152, 56140, 23294, 9328, 3727, 1473, 554, 234, 87, 36, 15, 10, 4, 2, 0, 1]
(1, (0, 0, 1)): [15947, 24759, 4811, 2031, 873, 350, 156, 73, 32, 12, 6, 4, 3, 1]
(1, (0, 1, 0)): [74098, 35948, 12394, 5209, 2139, 877, 321, 148, 43, 26, 10, 5, 5, 1, 1]
(1, (0, 1, 1)): [12567, 10797, 10650, 4162, 2024, 820, 320, 128, 70, 20, 9, 4, 1, 1, 0, 1]
(1, (1, 0, 0)): [210594, 39523, 23898, 10444, 4215, 1762, 657, 257, 117, 53, 21, 15, 3, 2, 0, 2]
(1, (1, 0, 1)): [16336, 20993, 7107, 4501, 1918, 825, 307, 130, 54, 38, 13, 3, 0, 1]
(1, (1, 1, 0)): [56184, 17942, 12788, 8570, 3753, 1619, 645, 256, 100, 46, 16, 9, 5, 4, 1]
(1, (1, 1, 1)): [11505, 9493, 6215, 4342, 3028, 1341, 555, 216, 93, 35, 14, 10, 5, 2, 1, 1]
(2, (0, 0, 0)): [445175, 19223, 6572, 2081, 744, 263, 89, 34, 8, 2, 2]
(2, (0, 0, 1)): [47224, 15963, 2875, 984, 350, 128, 43, 13, 1, 2, 0, 1]
(2, (0, 1, 0)): [120039, 27755, 6850, 2362, 760, 267, 90, 23, 6, 1, 1, 0, 1]
(2, (0, 1, 1)): [29291, 2657, 6972, 1823, 701, 231, 81, 31, 11, 4, 1]
(2, (1, 0, 0)): [257770, 19791, 11322, 3680, 1232, 399, 152, 49, 13, 5, 3]
(2, (1, 0, 1)): [42259, 11279, 4781, 2522, 802, 286, 99, 33, 12, 2, 0, 2]
(2, (1, 1, 0)): [95628, 15153, 8063, 4870, 1563, 557, 165, 58, 24, 9, 5, 0, 1, 1]
(2, (1, 1, 1)): [28183, 4284, 4858, 2563, 1721, 585, 187, 66, 29, 7, 4, 0, 0, 1]
