(0, (0, 0, 0), (0, 0)): [2011733, 410464, 188625, 86247, 38681, 16574, 6856, 2790, 1128, 485, 218, 103, 37, 21, 5, 1, 1, 1]
(0, (0, 0, 0), (0, 1)): [271795, 53381, 24236, 11409, 5041, 2243, 883, 332, 132, 58, 33, 15, 5, 4, 1, 1]
(0, (0, 0, 0), (0, 2)): [103411, 18009, 8017, 3674, 1593, 717, 270, 102, 39, 20, 8, 3, 3, 0, 1]
(0, (0, 0, 0), (1, 0)): [236483, 53881, 25556, 11924, 5624, 2368, 1058, 421, 168, 55, 31, 14, 2, 5, 1, 0, 1]
(0, (0, 0, 0), (1, 1)): [229846, 47513, 22048, 10329, 4618, 2020, 854, 327, 142, 44, 29, 13, 3, 6, 0, 1, 1]
(0, (0, 0, 0), (1, 2)): [156866, 28448, 12911, 5943, 2610, 1132, 464, 177, 82, 27, 11, 6, 5, 1, 1]
(0, (0, 0, 0), (2, 0)): [76200, 19212, 9753, 4634, 2284, 939, 418, 183, 60, 24, 14, 7, 1, 2, 1]
(0, (0, 0, 0), (2, 1)): [118810, 26813, 13150, 6147, 2899, 1257, 506, 228, 79, 30, 19, 9, 1, 3, 0, 0, 1]
(0, (0, 0, 0), (2, 2)): [124541, 24579, 11615, 5427, 2441, 1027, 426, 170, 79, 25, 11, 3, 4, 2, 1, 0, 1]
(0, (0, 0, 0), (3, 0)): [22267, 6448, 3745, 1891, 947, 389, 174, 75, 27, 8, 7, 2, 0, 2, 1]
(0, (0, 0, 0), (3, 1)): [45338, 12096, 6489, 3176, 1551, 684, 271, 135, 51, 16, 6, 7, 1, 3, 1]
(0, (0, 0, 0), (3, 2)): [65858, 15202, 8055, 3774, 1809, 776, 310, 135, 56, 22, 8, 8, 4, 2, 1, 0, 1]
(0, (0, 0, 1), (0, 0)): [7736, 23785, 6559, 3143, 1518, 650, 292, 122, 47, 29, 16, 3, 4, 3]
(0, (0, 0, 1), (0, 1)): [735, 2306, 643, 280, 149, 62, 32, 12, 5, 3, 3, 0, 0, 1]
(0, (0, 0, 1), (0, 2)): [331, 868, 213, 98, 45, 25, 10, 4, 3]
(0, (0, 0, 1), (1, 0)): [738, 2549, 750, 415, 198, 92, 37, 13, 5, 4, 5]
(0, (0, 0, 1), (1, 1)): [678, 2118, 607, 274, 162, 69, 30, 11, 2, 6, 3, 0, 0, 1]
(0, (0, 0, 1), (1, 2)): [521, 1363, 353, 164, 79, 45, 14, 7, 2, 3, 2]
(0, (0, 0, 1), (2, 0)): [269, 954, 303, 191, 77, 40, 14, 7, 3, 1, 3]
(0, (0, 0, 1), (2, 1)): [366, 1208, 379, 203, 109, 46, 23, 8, 4, 3, 2]
(0, (0, 0, 1), (2, 2)): [468, 1219, 339, 162, 94, 40, 15, 4, 1, 2, 2]
(0, (0, 0, 1), (3, 0)): [80, 326, 102, 77, 32, 16, 7, 2, 1, 0, 1]
(0, (0, 0, 1), (3, 1)): [145, 555, 170, 121, 60, 22, 11, 4, 2, 2]
(0, (0, 0, 1), (3, 2)): [270, 757, 217, 140, 82, 28, 8, 2, 3, 1, 1]
(0, (0, 1, 0), (0, 0)): [73587, 69237, 27097, 13353, 6398, 2735, 1169, 490, 201, 108, 37, 16, 6, 6, 3, 0, 1]
(0, (0, 1, 0), (0, 1)): [9970, 8956, 3546, 1653, 816, 334, 164, 63, 25, 14, 1, 3, 1, 1, 1]
(0, (0, 1, 0), (0, 2)): [4070, 3074, 1216, 535, 269, 110, 62, 19, 9, 3, 0, 1, 1]
(0, (0, 1, 0), (1, 0)): [9741, 9440, 3976, 2168, 1005, 458, 177, 85, 31, 10, 7, 3, 2, 2, 1, 0, 1]
(0, (0, 1, 0), (1, 1)): [8696, 7836, 3196, 1610, 753, 321, 142, 64, 15, 14, 4, 2, 0, 2, 1]
(0, (0, 1, 0), (1, 2)): [6068, 4764, 1961, 946, 433, 173, 82, 43, 10, 6, 2, 2, 1, 0, 1]
(0, (0, 1, 0), (2, 0)): [3540, 3383, 1502, 894, 394, 210, 75, 38, 15, 3, 1, 3, 2, 1, 0, 0, 1]
(0, (0, 1, 0), (2, 1)): [4756, 4415, 1896, 969, 461, 233, 92, 36, 11, 9, 1, 1, 1, 1, 0, 0, 1]
(0, (0, 1, 0), (2, 2)): [5213, 4050, 1793, 823, 393, 173, 76, 32, 10, 5, 2, 2, 1, 0, 1, 0, 1]
(0, (0, 1, 0), (3, 0)): [1233, 1023, 499, 369, 170, 88, 39, 20, 8, 1, 0, 1, 1]
(0, (0, 1, 0), (3, 1)): [2070, 1827, 866, 571, 263, 135, 48, 21, 2, 2, 0, 1, 0, 1]
(0, (0, 1, 0), (3, 2)): [3027, 2361, 1152, 612, 289, 143, 68, 24, 5, 4, 2, 0, 0, 0, 1, 0, 1]
(0, (0, 1, 1), (0, 0)): [5909, 10373, 12375, 5748, 3015, 1448, 620, 261, 143, 61, 17, 11, 3, 4, 2, 0, 1, 1]
(0, (0, 1, 1), (0, 1)): [780, 1289, 1484, 655, 353, 165, 89, 22, 16, 8, 3, 2, 1, 0, 0, 0, 1]
(0, (0, 1, 1), (0, 2)): [359, 478, 538, 249, 122, 61, 34, 11, 2, 3, 0, 1]
(0, (0, 1, 1), (1, 0)): [740, 1451, 1740, 873, 452, 237, 91, 35, 28, 6, 3, 3, 0, 1, 1]
(0, (0, 1, 1), (1, 1)): [664, 1164, 1368, 619, 333, 153, 64, 21, 17, 4, 4, 0, 1, 0, 0, 0, 1]
(0, (0, 1, 1), (1, 2)): [541, 725, 815, 367, 210, 100, 41, 12, 8, 2, 1, 1, 0, 0, 0, 0, 1]
(0, (0, 1, 1), (2, 0)): [290, 639, 661, 377, 224, 127, 41, 15, 17, 5, 1, 1, 0, 1, 1]
(0, (0, 1, 1), (2, 1)): [331, 658, 774, 376, 180, 88, 33, 16, 11, 7, 2, 0, 1, 0, 1]
(0, (0, 1, 1), (2, 2)): [427, 652, 688, 327, 169, 89, 32, 13, 8, 6, 2, 1, 0, 0, 0, 0, 1]
(0, (0, 1, 1), (3, 0)): [152, 302, 279, 185, 131, 72, 22, 7, 11, 1, 1, 1, 0, 1]
(0, (0, 1, 1), (3, 1)): [135, 257, 311, 170, 118, 52, 19, 8, 11, 2, 0, 0, 0, 0, 1]
(0, (0, 1, 1), (3, 2)): [248, 344, 409, 224, 113, 72, 27, 11, 12, 2, 2, 0, 0, 0, 0, 0, 1]
(0, (1, 0, 0), (0, 0)): [424960, 142208, 91264, 45383, 21740, 9762, 4055, 1727, 724, 309, 152, 59, 24, 16, 3, 1, 1, 1]
(0, (1, 0, 0), (0, 1)): [51871, 15721, 10596, 5248, 2541, 1149, 468, 185, 92, 30, 12, 5, 1, 3]
(0, (1, 0, 0), (0, 2)): [19530, 5141, 3532, 1684, 796, 338, 167, 58, 28, 9, 5, 2]
(0, (1, 0, 0), (1, 0)): [46153, 16415, 11533, 6044, 2995, 1365, 561, 246, 94, 43, 29, 9, 1, 5, 1, 0, 1]
(0, (1, 0, 0), (1, 1)): [40024, 12853, 8856, 4522, 2126, 1024, 399, 161, 70, 31, 12, 4, 1, 3]
(0, (1, 0, 0), (1, 2)): [25964, 7244, 5073, 2510, 1183, 519, 224, 87, 45, 14, 3, 2]
(0, (1, 0, 0), (2, 0)): [14327, 5594, 4079, 2302, 1179, 545, 227, 101, 32, 20, 15, 2, 1, 3, 0, 0, 1]
(0, (1, 0, 0), (2, 1)): [19465, 6831, 4785, 2569, 1208, 590, 237, 97, 42, 20, 11, 4, 0, 5, 0, 0, 1]
(0, (1, 0, 0), (2, 2)): [18880, 5775, 4051, 2002, 986, 407, 195, 81, 41, 17, 8, 2, 0, 2]
(0, (1, 0, 0), (3, 0)): [3683, 1743, 1334, 902, 479, 215, 92, 39, 13, 9, 5, 1]
(0, (1, 0, 0), (3, 1)): [6895, 2869, 2088, 1336, 644, 329, 129, 53, 21, 10, 8, 2, 0, 2]
(0, (1, 0, 0), (3, 2)): [8829, 3364, 2314, 1345, 662, 284, 135, 62, 30, 12, 6, 1, 0, 1]
(0, (1, 0, 1), (0, 0)): [10029, 30587, 12558, 8841, 4677, 2166, 1022, 413, 201, 81, 43, 19, 8, 3, 2, 0, 0, 1]
(0, (1, 0, 1), (0, 1)): [1234, 3441, 1412, 1034, 529, 260, 119, 34, 20, 8, 2, 1, 3, 1]
(0, (1, 0, 1), (0, 2)): [573, 1215, 482, 342, 175, 89, 38, 10, 5, 1, 0, 1, 1, 1]
(0, (1, 0, 1), (1, 0)): [1092, 3606, 1499, 1125, 625, 308, 118, 60, 31, 14, 10, 1, 0, 1, 1]
(0, (1, 0, 1), (1, 1)): [984, 2763, 1179, 855, 450, 203, 87, 41, 25, 9, 5]
(0, (1, 0, 1), (1, 2)): [780, 1620, 674, 468, 254, 104, 49, 19, 10, 3, 1, 1, 1]
(0, (1, 0, 1), (2, 0)): [363, 1217, 516, 395, 230, 128, 46, 19, 7, 7, 5, 1]
(0, (1, 0, 1), (2, 1)): [471, 1430, 617, 464, 235, 132, 48, 19, 16, 7, 5]
(0, (1, 0, 1), (2, 2)): [597, 1247, 538, 397, 203, 103, 47, 22, 4, 4, 3]
(0, (1, 0, 1), (3, 0)): [121, 368, 185, 111, 88, 57, 18, 7, 1, 2, 1, 1]
(0, (1, 0, 1), (3, 1)): [179, 482, 268, 196, 135, 72, 20, 7, 9, 5, 2]
(0, (1, 0, 1), (3, 2)): [290, 613, 337, 226, 142, 84, 28, 12, 8, 8, 4]
(0, (1, 1, 0), (0, 0)): [59814, 38076, 28390, 20560, 10945, 5146, 2170, 1010, 417, 187, 92, 34, 12, 5, 0, 0, 1]
(0, (1, 1, 0), (0, 1)): [8249, 4584, 3109, 2425, 1380, 590, 272, 116, 44, 15, 12, 5, 0, 1, 0, 0, 1]
(0, (1, 1, 0), (0, 2)): [3332, 1581, 1044, 812, 455, 201, 84, 43, 19, 8, 3]
(0, (1, 1, 0), (1, 0)): [6531, 4361, 3318, 2601, 1347, 711, 282, 125, 50, 20, 11, 4, 2, 2]
(0, (1, 1, 0), (1, 1)): [6076, 3531, 2585, 2043, 1061, 513, 207, 88, 26, 11, 9, 2, 2, 2, 0, 0, 1]
(0, (1, 1, 0), (1, 2)): [4341, 2135, 1480, 1238, 621, 271, 108, 50, 18, 11, 3, 1, 0, 1, 0, 0, 1]
(0, (1, 1, 0), (2, 0)): [1936, 1463, 1144, 883, 517, 279, 124, 55, 27, 10, 6, 3, 0, 1]
(0, (1, 1, 0), (2, 1)): [2809, 1799, 1405, 1069, 588, 287, 125, 52, 28, 8, 9, 3, 2]
(0, (1, 1, 0), (2, 2)): [3052, 1641, 1205, 972, 504, 246, 95, 45, 18, 10, 3, 1, 0, 0, 0, 0, 1]
(0, (1, 1, 0), (3, 0)): [454, 473, 403, 302, 199, 113, 49, 23, 10, 5, 2, 1, 0, 1]
(0, (1, 1, 0), (3, 1)): [993, 778, 627, 491, 309, 178, 79, 26, 17, 7, 5, 1, 2]
(0, (1, 1, 0), (3, 2)): [1439, 912, 743, 610, 340, 182, 73, 38, 14, 4, 3, 0, 0, 0, 0, 0, 1]
(0, (1, 1, 1), (0, 0)): [5720, 11168, 9087, 6704, 5435, 2713, 1239, 591, 283, 120, 63, 20, 7, 4, 1, 0, 1]
(0, (1, 1, 1), (0, 1)): [849, 1469, 1186, 798, 690, 349, 144, 70, 41, 17, 6, 3, 2, 1]
(0, (1, 1, 1), (0, 2)): [446, 580, 428, 278, 243, 125, 43, 23, 14, 6, 3, 1, 1]
(0, (1, 1, 1), (1, 0)): [567, 1368, 1134, 825, 684, 368, 155, 56, 39, 13, 9, 3, 0, 1, 0, 0, 1]
(0, (1, 1, 1), (1, 1)): [560, 1189, 970, 669, 548, 305, 130, 61, 31, 14, 6, 1, 1, 1, 0, 0, 1]
(0, (1, 1, 1), (1, 2)): [511, 814, 619, 406, 354, 170, 72, 32, 19, 6, 4, 1, 0, 1, 0, 0, 1]
(0, (1, 1, 1), (2, 0)): [156, 406, 372, 292, 262, 136, 50, 23, 10, 5, 3, 2, 0, 1]
(0, (1, 1, 1), (2, 1)): [258, 541, 470, 348, 278, 164, 63, 35, 20, 8, 3, 0, 1]
(0, (1, 1, 1), (2, 2)): [323, 588, 480, 337, 261, 142, 59, 33, 16, 8, 2, 1, 1]
(0, (1, 1, 1), (3, 0)): [32, 119, 99, 106, 79, 53, 23, 12, 2, 2, 2, 1, 0, 1]
(0, (1, 1, 1), (3, 1)): [81, 204, 197, 146, 121, 69, 37, 12, 6, 3, 2, 1, 0, 1]
(0, (1, 1, 1), (3, 2)): [129, 288, 273, 195, 163, 86, 52, 17, 12, 5, 2, 1, 1, 1]
(1, (0, 0, 0), (0, 0)): [1639314, 182310, 74586, 29586, 11539, 4422, 1706, 624, 217, 89, 34, 21, 7, 3, 0, 1]
(1, (0, 0, 0), (0, 1)): [223973, 23682, 9549, 3804, 1524, 567, 206, 91, 21, 7, 3, 3, 0, 1]
(1, (0, 0, 0), (0, 2)): [85427, 7685, 3083, 1158, 465, 166, 54, 26, 3, 2, 0, 2]
(1, (0, 0, 0), (1, 0)): [202922, 25968, 10984, 4446, 1770, 690, 276, 84, 30, 14, 4, 3, 0, 0, 0, 1]
(1, (0, 0, 0), (1, 1)): [194530, 21990, 9014, 3614, 1458, 535, 223, 80, 25, 9, 4, 1, 0, 1]
(1, (0, 0, 0), (1, 2)): [130965, 12522, 4992, 1986, 825, 305, 115, 34, 10, 5, 0, 1]
(1, (0, 0, 0), (2, 0)): [67897, 9810, 4457, 1847, 739, 304, 125, 39, 12, 7, 2, 2, 0, 0, 0, 1]
(1, (0, 0, 0), (2, 1)): [103432, 13054, 5689, 2262, 951, 363, 126, 62, 13, 10, 5, 1]
(1, (0, 0, 0), (2, 2)): [106900, 11316, 4815, 1974, 791, 305, 102, 43, 14, 7, 1]
(1, (0, 0, 0), (3, 0)): [20238, 3307, 1834, 786, 298, 133, 67, 14, 8, 3, 1, 1, 0, 0, 0, 1]
(1, (0, 0, 0), (3, 1)): [41373, 6285, 3109, 1312, 541, 212, 82, 30, 6, 4, 3]
(1, (0, 0, 0), (3, 2)): [58825, 7588, 3616, 1540, 635, 239, 80, 36, 10, 7, 3]
(1, (0, 0, 1), (0, 0)): [45185, 65228, 12995, 5609, 2309, 952, 362, 139, 63, 24, 13, 8, 4, 2]
(1, (0, 0, 1), (0, 1)): [5480, 6756, 1402, 556, 199, 93, 46, 12, 2, 0, 2, 1]
(1, (0, 0, 1), (0, 2)): [2400, 2222, 429, 161, 67, 27, 17, 2, 2, 0, 0, 1]
(1, (0, 0, 1), (1, 0)): [5862, 8805, 1862, 918, 376, 170, 50, 21, 13, 4, 1, 1]
(1, (0, 0, 1), (1, 1)): [5077, 6553, 1360, 591, 232, 97, 34, 11, 4, 2, 1, 1]
(1, (0, 0, 1), (1, 2)): [3775, 3617, 714, 306, 130, 51, 23, 4, 4, 0, 0, 2]
(1, (0, 0, 1), (2, 0)): [2409, 3587, 835, 468, 191, 86, 31, 14, 8, 2, 1]
(1, (0, 0, 1), (2, 1)): [2898, 3959, 860, 416, 164, 72, 22, 11, 5, 2, 1]
(1, (0, 0, 1), (2, 2)): [3294, 3333, 705, 325, 121, 52, 25, 7, 3, 0, 1, 2]
(1, (0, 0, 1), (3, 0)): [1126, 1441, 380, 255, 107, 49, 14, 7, 1, 0, 1]
(1, (0, 0, 1), (3, 1)): [1282, 1690, 435, 235, 95, 42, 15, 7, 2, 1]
(1, (0, 0, 1), (3, 2)): [2010, 2075, 500, 269, 111, 48, 23, 9, 3, 0, 1]
(1, (0, 1, 0), (0, 0)): [224168, 98139, 35962, 15533, 6278, 2536, 881, 391, 117, 54, 29, 9, 10, 2, 1]
(1, (0, 1, 0), (0, 1)): [28001, 11050, 4099, 1696, 677, 316, 104, 47, 13, 7, 5, 0, 1]
(1, (0, 1, 0), (0, 2)): [10926, 3869, 1360, 527, 192, 107, 34, 15, 3, 3, 0, 0, 1]
(1, (0, 1, 0), (1, 0)): [30951, 13077, 5269, 2593, 1080, 422, 156, 70, 23, 9, 4, 0, 0, 1]
(1, (0, 1, 0), (1, 1)): [25710, 10235, 3919, 1788, 748, 304, 106, 36, 14, 3, 4, 0, 0, 1]
(1, (0, 1, 0), (1, 2)): [17118, 6114, 2193, 919, 333, 158, 56, 26, 7, 5]
(1, (0, 1, 0), (2, 0)): [13027, 5293, 2333, 1320, 561, 215, 84, 45, 13, 6, 4]
(1, (0, 1, 0), (2, 1)): [14972, 5982, 2527, 1230, 546, 199, 75, 33, 9, 4, 3, 0, 0, 1]
(1, (0, 1, 0), (2, 2)): [14963, 5355, 2081, 909, 377, 158, 54, 22, 8, 5, 1]
(1, (0, 1, 0), (3, 0)): [5928, 2192, 1036, 728, 331, 124, 49, 22, 9, 3, 2]
(1, (0, 1, 0), (3, 1)): [7087, 2648, 1262, 756, 358, 118, 51, 26, 11, 2, 2, 0, 0, 1]
(1, (0, 1, 0), (3, 2)): [9278, 3263, 1464, 775, 351, 125, 49, 21, 5, 6, 2, 0, 0, 1]
(1, (0, 1, 1), (0, 0)): [35078, 29456, 25825, 10454, 5403, 2112, 832, 336, 150, 51, 14, 7, 2, 2, 0, 1]
(1, (0, 1, 1), (0, 1)): [3839, 2945, 2494, 1036, 473, 168, 82, 37, 10, 2, 1]
(1, (0, 1, 1), (0, 2)): [1792, 963, 871, 369, 180, 53, 28, 15, 2, 1, 1]
(1, (0, 1, 1), (1, 0)): [5048, 4622, 3465, 1542, 989, 377, 146, 63, 23, 11, 1]
(1, (0, 1, 1), (1, 1)): [3317, 2728, 2239, 929, 453, 162, 65, 31, 12, 5]
(1, (0, 1, 1), (1, 2)): [2690, 1569, 1378, 556, 284, 90, 39, 23, 5, 4, 1]
(1, (0, 1, 1), (2, 0)): [2877, 2479, 1795, 879, 671, 263, 109, 44, 16, 6, 1]
(1, (0, 1, 1), (2, 1)): [1811, 1558, 1255, 579, 291, 115, 47, 16, 6, 3]
(1, (0, 1, 1), (2, 2)): [2217, 1353, 1182, 514, 265, 76, 31, 14, 5, 2]
(1, (0, 1, 1), (3, 0)): [2091, 1663, 1121, 608, 553, 209, 87, 37, 13, 5, 1]
(1, (0, 1, 1), (3, 1)): [785, 704, 546, 264, 155, 81, 30, 13, 3, 3]
(1, (0, 1, 1), (3, 2)): [1259, 877, 657, 337, 201, 68, 25, 15, 4, 3]
(1, (1, 0, 0), (0, 0)): [615563, 109606, 71155, 30362, 12397, 4931, 1950, 702, 276, 116, 44, 29, 5, 3, 0, 2]
(1, (1, 0, 0), (0, 1)): [75625, 12105, 8151, 3518, 1417, 570, 233, 81, 20, 12, 6, 3]
(1, (1, 0, 0), (0, 2)): [28233, 3896, 2596, 1049, 425, 187, 80, 19, 4, 4, 2]
(1, (1, 0, 0), (1, 0)): [72485, 13904, 9786, 4390, 1841, 736, 302, 109, 33, 17, 5, 2, 1, 0, 0, 1]
(1, (1, 0, 0), (1, 1)): [61612, 10581, 7295, 3219, 1297, 501, 200, 75, 23, 9, 6, 5, 0, 0, 0, 1]
(1, (1, 0, 0), (1, 2)): [39744, 5926, 4011, 1699, 671, 261, 109, 40, 10, 5, 4, 1]
(1, (1, 0, 0), (2, 0)): [23654, 4937, 3574, 1806, 760, 311, 134, 42, 17, 6, 1, 0, 1]
(1, (1, 0, 0), (2, 1)): [31040, 5836, 4111, 1998, 779, 332, 132, 42, 17, 4, 4, 3, 0, 0, 0, 1]
(1, (1, 0, 0), (2, 2)): [29981, 4867, 3297, 1502, 603, 249, 101, 36, 9, 4, 3, 1]
(1, (1, 0, 0), (3, 0)): [6656, 1650, 1107, 723, 326, 125, 57, 13, 5, 4, 0, 0, 1]
(1, (1, 0, 0), (3, 1)): [11920, 2740, 1836, 1070, 434, 170, 77, 18, 9, 4, 2, 1, 0, 0, 0, 1]
(1, (1, 0, 0), (3, 2)): [15081, 3135, 1972, 1058, 424, 188, 79, 21, 12, 4, 4, 2, 0, 0, 0, 1]
(1, (1, 0, 1), (0, 0)): [50072, 57606, 18606, 12574, 5468, 2235, 871, 348, 120, 68, 21, 7, 1, 1]
(1, (1, 0, 1), (0, 1)): [6736, 6104, 1961, 1354, 602, 253, 90, 26, 18, 7, 3, 0, 1]
(1, (1, 0, 1), (0, 2)): [2915, 1960, 667, 464, 206, 85, 35, 14, 7, 3, 2]
(1, (1, 0, 1), (1, 0)): [5983, 6834, 2296, 1667, 787, 314, 120, 62, 16, 12, 0, 1]
(1, (1, 0, 1), (1, 1)): [5286, 5109, 1674, 1174, 501, 219, 73, 22, 9, 4, 0, 1, 1]
(1, (1, 0, 1), (1, 2)): [3829, 2826, 989, 678, 275, 125, 32, 22, 7, 3, 2]
(1, (1, 0, 1), (2, 0)): [2060, 2262, 818, 612, 342, 129, 48, 30, 6, 6]
(1, (1, 0, 1), (2, 1)): [2606, 2603, 874, 650, 323, 114, 52, 19, 8, 3, 0, 1]
(1, (1, 0, 1), (2, 2)): [2778, 2149, 812, 543, 263, 93, 38, 17, 7, 2, 1]
(1, (1, 0, 1), (3, 0)): [702, 767, 289, 215, 144, 59, 17, 8, 1, 3]
(1, (1, 0, 1), (3, 1)): [987, 1043, 406, 287, 171, 69, 21, 12, 2, 2, 0, 1]
(1, (1, 0, 1), (3, 2)): [1384, 1229, 504, 340, 202, 78, 29, 13, 6, 2, 0, 1]
(1, (1, 1, 0), (0, 0)): [171785, 52381, 34959, 25343, 10664, 4427, 1721, 682, 265, 109, 43, 22, 9, 5, 1]
(1, (1, 1, 0), (0, 1)): [23393, 6226, 3910, 3025, 1295, 533, 190, 74, 26, 12, 7, 3]
(1, (1, 1, 0), (0, 2)): [9390, 2206, 1299, 1027, 422, 177, 50, 21, 6, 1, 2]
(1, (1, 1, 0), (1, 0)): [20316, 6712, 4499, 3501, 1519, 635, 276, 93, 28, 19, 9, 3, 2, 1]
(1, (1, 1, 0), (1, 1)): [18486, 5335, 3548, 2675, 1185, 463, 177, 72, 20, 20, 7, 3]
(1, (1, 1, 0), (1, 2)): [13074, 3214, 2005, 1557, 669, 217, 77, 40, 8, 4, 6, 2]
(1, (1, 1, 0), (2, 0)): [6479, 2424, 1585, 1248, 626, 291, 125, 40, 14, 6, 5, 1, 2, 1]
(1, (1, 1, 0), (2, 1)): [9131, 2945, 2010, 1510, 712, 331, 137, 37, 16, 8, 6, 1, 1]
(1, (1, 1, 0), (2, 2)): [9849, 2674, 1696, 1295, 628, 239, 96, 36, 10, 5, 3, 2]
(1, (1, 1, 0), (3, 0)): [1665, 897, 569, 368, 252, 118, 46, 21, 4, 3, 1, 1, 1]
(1, (1, 1, 0), (3, 1)): [3392, 1414, 977, 694, 401, 183, 69, 21, 9, 5, 4, 1, 1]
(1, (1, 1, 0), (3, 2)): [4809, 1663, 1148, 801, 467, 175, 69, 27, 6, 5, 2, 1, 1]
(1, (1, 1, 1), (0, 0)): [35052, 28064, 17701, 11563, 8733, 3689, 1513, 574, 231, 84, 28, 18, 9, 4, 1, 1]
(1, (1, 1, 1), (0, 1)): [5096, 3477, 2132, 1365, 1093, 431, 189, 70, 30, 8, 3, 1, 0, 1]
(1, (1, 1, 1), (0, 2)): [2394, 1196, 757, 485, 366, 131, 58, 20, 4, 4, 2, 0, 0, 1]
(1, (1, 1, 1), (1, 0)): [3870, 3514, 2152, 1383, 1180, 509, 229, 77, 28, 12, 3, 3, 2]
(1, (1, 1, 1), (1, 1)): [3787, 2880, 1797, 1164, 926, 378, 179, 66, 30, 7, 2, 2]
(1, (1, 1, 1), (1, 2)): [3015, 1669, 1101, 704, 540, 221, 98, 36, 13, 4, 1, 2, 0, 1]
(1, (1, 1, 1), (2, 0)): [998, 1171, 747, 472, 432, 210, 91, 38, 7, 5, 2, 1, 1]
(1, (1, 1, 1), (2, 1)): [1617, 1537, 907, 584, 477, 230, 102, 37, 13, 4, 2, 1]
(1, (1, 1, 1), (2, 2)): [2028, 1355, 880, 582, 460, 191, 94, 30, 11, 6, 1, 2, 0, 1]
(1, (1, 1, 1), (3, 0)): [171, 362, 246, 173, 134, 70, 33, 16, 3, 2, 0, 0, 1]
(1, (1, 1, 1), (3, 1)): [409, 650, 414, 259, 221, 116, 37, 21, 7, 2, 1, 0, 1]
(1, (1, 1, 1), (3, 2)): [796, 797, 522, 343, 273, 131, 57, 24, 6, 3, 2, 1, 0, 1]
(2, (0, 0, 0), (0, 0)): [1429698, 66853, 22320, 7091, 2374, 760, 254, 89, 15, 7, 5, 0, 1]
(2, (0, 0, 0), (0, 1)): [194427, 8215, 2734, 879, 315, 88, 32, 11, 3]
(2, (0, 0, 0), (0, 2)): [73593, 2199, 769, 247, 93, 21, 2, 5]
(2, (0, 0, 0), (1, 0)): [183895, 10742, 3780, 1153, 418, 118, 41, 14, 2, 0, 0, 0, 1]
(2, (0, 0, 0), (1, 1)): [172473, 8303, 2885, 870, 323, 97, 37, 8, 3]
(2, (0, 0, 0), (1, 2)): [113927, 3903, 1396, 461, 156, 48, 16, 6, 1]
(2, (0, 0, 0), (2, 0)): [65059, 4276, 1769, 517, 193, 52, 18, 7, 1, 0, 0, 0, 1]
(2, (0, 0, 0), (2, 1)): [95789, 5395, 2081, 573, 204, 57, 22, 7, 2]
(2, (0, 0, 0), (2, 2)): [97143, 4061, 1560, 460, 162, 53, 15, 6, 1]
(2, (0, 0, 0), (3, 0)): [20571, 1451, 817, 241, 91, 30, 8, 4, 0, 0, 0, 0, 1]
(2, (0, 0, 0), (3, 1)): [40408, 2714, 1318, 397, 128, 36, 10, 6, 1]
(2, (0, 0, 0), (3, 2)): [56782, 3065, 1436, 420, 148, 50, 12, 6, 2]
(2, (0, 0, 1), (0, 0)): [135681, 40626, 8418, 2856, 1009, 345, 101, 35, 8, 5, 0, 2]
(2, (0, 0, 1), (0, 1)): [17319, 4194, 931, 297, 103, 41, 13, 4, 1, 2]
(2, (0, 0, 1), (0, 2)): [6863, 1271, 269, 85, 28, 11, 4, 0, 0, 1]
(2, (0, 0, 1), (1, 0)): [19938, 5531, 1413, 527, 196, 66, 19, 9, 2, 1, 0, 1]
(2, (0, 0, 1), (1, 1)): [16434, 4067, 934, 338, 121, 42, 9, 6, 1, 1]
(2, (0, 0, 1), (1, 2)): [11171, 2123, 460, 144, 63, 24, 6, 2, 0, 1]
(2, (0, 0, 1), (2, 0)): [8697, 2357, 702, 303, 114, 39, 12, 4, 1, 1, 0, 1]
(2, (0, 0, 1), (2, 1)): [9945, 2589, 697, 287, 103, 27, 9, 6, 0, 2]
(2, (0, 0, 1), (2, 2)): [10229, 2095, 539, 184, 76, 25, 5, 2]
(2, (0, 0, 1), (3, 0)): [4149, 975, 346, 182, 59, 24, 8, 1, 1, 0, 0, 1]
(2, (0, 0, 1), (3, 1)): [4685, 1260, 374, 201, 61, 20, 8, 4, 0, 1]
(2, (0, 0, 1), (3, 2)): [6547, 1443, 424, 193, 69, 19, 7, 2, 0, 1]
(2, (0, 1, 0), (0, 0)): [357355, 74653, 20632, 7256, 2451, 805, 252, 79, 17, 11, 7, 0, 1]
(2, (0, 1, 0), (0, 1)): [44736, 7810, 2176, 685, 271, 72, 24, 6, 3, 2, 1]
(2, (0, 1, 0), (0, 2)): [17612, 2341, 645, 187, 77, 13, 8, 1, 0, 1]
(2, (0, 1, 0), (1, 0)): [52256, 10298, 3494, 1448, 481, 161, 54, 21, 0, 1, 0, 0, 1]
(2, (0, 1, 0), (1, 1)): [41986, 7571, 2291, 796, 293, 88, 35, 12, 3, 1, 1]
(2, (0, 1, 0), (1, 2)): [28065, 3957, 1061, 374, 139, 31, 16, 6, 0, 1]
(2, (0, 1, 0), (2, 0)): [23623, 4444, 1717, 871, 300, 93, 24, 11, 0, 1, 0, 0, 1]
(2, (0, 1, 0), (2, 1)): [25163, 4758, 1639, 619, 232, 66, 21, 5, 2, 1, 1, 0, 1]
(2, (0, 1, 0), (2, 2)): [25274, 3813, 1114, 436, 167, 38, 21, 7, 0, 2]
(2, (0, 1, 0), (3, 0)): [12086, 1950, 867, 588, 188, 58, 18, 11, 0, 1]
(2, (0, 1, 0), (3, 1)): [11743, 2252, 914, 444, 162, 51, 15, 5, 2, 0, 1, 0, 1]
(2, (0, 1, 0), (3, 2)): [15994, 2522, 930, 474, 168, 47, 25, 7, 0, 1, 0, 0, 1]
(2, (0, 1, 1), (0, 0)): [82342, 7026, 17525, 4985, 1960, 647, 203, 69, 22, 6, 4, 1, 0, 1]
(2, (0, 1, 1), (0, 1)): [10425, 664, 1795, 512, 170, 65, 13, 8, 1, 1]
(2, (0, 1, 1), (0, 2)): [4338, 229, 550, 161, 63, 18, 4, 1, 0, 1]
(2, (0, 1, 1), (1, 0)): [12399, 1204, 2394, 889, 408, 144, 40, 15, 3, 0, 2]
(2, (0, 1, 1), (1, 1)): [9586, 676, 1708, 538, 191, 79, 17, 10, 3]
(2, (0, 1, 1), (1, 2)): [7033, 386, 951, 280, 110, 31, 6, 3, 0, 1]
(2, (0, 1, 1), (2, 0)): [6031, 685, 1095, 477, 270, 89, 24, 10, 1, 0, 2]
(2, (0, 1, 1), (2, 1)): [5616, 454, 1050, 356, 156, 62, 11, 6, 3, 0, 1]
(2, (0, 1, 1), (2, 2)): [6208, 425, 888, 288, 116, 48, 7, 4, 2]
(2, (0, 1, 1), (3, 0)): [3569, 474, 568, 286, 188, 66, 20, 9, 0, 0, 1]
(2, (0, 1, 1), (3, 1)): [2700, 245, 493, 197, 104, 38, 10, 7, 1, 0, 1]
(2, (0, 1, 1), (3, 2)): [3966, 336, 614, 229, 110, 53, 8, 7, 3]
(2, (1, 0, 0), (0, 0)): [745814, 54186, 35941, 11425, 3766, 1205, 457, 134, 31, 13, 7, 1, 1]
(2, (1, 0, 0), (0, 1)): [91005, 5589, 3937, 1261, 436, 146, 59, 22, 8, 0, 0, 1]
(2, (1, 0, 0), (0, 2)): [33859, 1507, 1012, 339, 124, 31, 19, 4, 4]
(2, (1, 0, 0), (1, 0)): [89984, 7481, 5363, 1843, 643, 182, 75, 20, 4, 1, 0, 0, 1]
(2, (1, 0, 0), (1, 1)): [76758, 5161, 3689, 1234, 411, 128, 49, 17, 4]
(2, (1, 0, 0), (1, 2)): [49058, 2441, 1639, 594, 201, 53, 23, 6, 4]
(2, (1, 0, 0), (2, 0)): [30471, 2944, 2017, 862, 291, 82, 36, 13, 3, 1, 0, 0, 1]
(2, (1, 0, 0), (2, 1)): [40284, 3187, 2267, 828, 280, 87, 36, 10, 1, 0, 0, 0, 1]
(2, (1, 0, 0), (2, 2)): [38546, 2391, 1571, 569, 215, 58, 29, 5, 3]
(2, (1, 0, 0), (3, 0)): [9050, 1100, 666, 409, 129, 37, 14, 6, 2, 1]
(2, (1, 0, 0), (3, 1)): [16291, 1677, 1095, 561, 153, 54, 19, 5, 1, 1, 0, 0, 1]
(2, (1, 0, 0), (3, 2)): [20490, 1763, 1135, 519, 167, 57, 20, 7, 1, 1, 0, 0, 1]
(2, (1, 0, 1), (0, 0)): [130752, 31015, 12285, 7648, 2550, 827, 281, 88, 30, 9, 2, 4, 1]
(2, (1, 0, 1), (0, 1)): [17628, 3433, 1270, 853, 310, 99, 30, 7, 4, 1, 1, 1]
(2, (1, 0, 1), (0, 2)): [7085, 1031, 367, 235, 91, 22, 7, 2, 1]
(2, (1, 0, 1), (1, 0)): [17235, 3826, 1754, 1251, 466, 130, 52, 14, 1, 1, 0, 1]
(2, (1, 0, 1), (1, 1)): [14833, 2962, 1253, 808, 327, 102, 38, 9, 3, 1, 1, 2]
(2, (1, 0, 1), (1, 2)): [10071, 1535, 625, 391, 154, 48, 20, 4, 3, 0, 0, 1]
(2, (1, 0, 1), (2, 0)): [6211, 1354, 733, 501, 203, 54, 21, 8, 1]
(2, (1, 0, 1), (2, 1)): [8072, 1613, 790, 484, 239, 72, 20, 8, 0, 1, 0, 1]
(2, (1, 0, 1), (2, 2)): [7832, 1246, 593, 353, 145, 53, 20, 4, 3, 0, 0, 1]
(2, (1, 0, 1), (3, 0)): [2096, 428, 296, 194, 80, 19, 13, 3, 1]
(2, (1, 0, 1), (3, 1)): [3498, 660, 395, 257, 145, 29, 17, 4, 1, 1]
(2, (1, 0, 1), (3, 2)): [4393, 668, 462, 246, 140, 43, 13, 5, 3]
(2, (1, 1, 0), (0, 0)): [292559, 44213, 22405, 15502, 5021, 1625, 547, 186, 57, 27, 10, 2, 2, 1]
(2, (1, 1, 0), (0, 1)): [39098, 4988, 2390, 1754, 536, 164, 59, 28, 3, 3, 2, 1, 1]
(2, (1, 1, 0), (0, 2)): [15959, 1472, 707, 509, 157, 47, 16, 9, 2, 1]
(2, (1, 1, 0), (1, 0)): [36156, 5543, 3131, 2338, 875, 255, 98, 24, 9, 4, 1]
(2, (1, 1, 0), (1, 1)): [32907, 4445, 2290, 1691, 521, 170, 57, 24, 6, 3, 2, 1, 1]
(2, (1, 1, 0), (1, 2)): [23195, 2323, 1193, 817, 248, 86, 24, 16, 4, 1, 1]
(2, (1, 1, 0), (2, 0)): [12480, 1977, 1290, 919, 452, 123, 50, 10, 2, 3]
(2, (1, 1, 0), (2, 1)): [17371, 2418, 1464, 1062, 413, 111, 45, 13, 4, 2, 0, 0, 1]
(2, (1, 1, 0), (2, 2)): [18389, 1980, 1162, 788, 291, 80, 36, 16, 7, 1, 1]
(2, (1, 1, 0), (3, 0)): [4051, 630, 532, 311, 225, 68, 25, 4, 0, 2]
(2, (1, 1, 0), (3, 1)): [7395, 1076, 825, 533, 303, 77, 32, 3, 0, 0, 0, 0, 1]
(2, (1, 1, 0), (3, 2)): [10250, 1193, 939, 582, 316, 70, 31, 11, 4, 0, 1]
(2, (1, 1, 1), (0, 0)): [86023, 12532, 14314, 7171, 5369, 1669, 573, 194, 60, 15, 10, 3, 1, 1]
(2, (1, 1, 1), (0, 1)): [12888, 1356, 1678, 864, 665, 189, 73, 21, 7, 0, 3, 0, 1]
(2, (1, 1, 1), (0, 2)): [5612, 421, 480, 259, 172, 56, 23, 6, 1, 0, 2]
(2, (1, 1, 1), (1, 0)): [10062, 2223, 1897, 1070, 842, 278, 91, 33, 9, 4, 1, 2]
(2, (1, 1, 1), (1, 1)): [10179, 1446, 1565, 848, 647, 188, 67, 20, 7, 1, 1, 0, 1]
(2, (1, 1, 1), (1, 2)): [7818, 735, 796, 398, 314, 101, 30, 10, 3, 1, 2]
(2, (1, 1, 1), (2, 0)): [2817, 1282, 650, 423, 346, 116, 36, 12, 4, 3, 0, 2]
(2, (1, 1, 1), (2, 1)): [4603, 1183, 865, 548, 404, 143, 47, 8, 4, 0, 0, 0, 1]
(2, (1, 1, 1), (2, 2)): [5549, 877, 712, 435, 309, 113, 34, 8, 3, 1, 2]
(2, (1, 1, 1), (3, 0)): [475, 796, 179, 187, 109, 55, 18, 9, 2, 3, 0, 1]
(2, (1, 1, 1), (3, 1)): [1347, 975, 333, 311, 211, 78, 28, 7, 2, 3, 0, 1]
(2, (1, 1, 1), (3, 2)): [2340, 991, 427, 393, 245, 93, 36, 8, 2, 1, 2]
