(0, (0, 0, 0), (0, 0)): [294122, 58760, 26919, 12235, 5502, 2336, 997, 410, 152, 70, 40, 7, 7, 3, 2]
(0, (0, 0, 0), (0, 1)): [886, 169, 62, 34, 12, 4, 2, 1, 0, 1, 1]
(0, (0, 0, 0), (0, 2)): [353, 67, 23, 10, 3, 2, 1, 1]
(0, (0, 0, 0), (1, 0)): [832, 179, 70, 38, 16, 11, 3, 1, 0, 2]
(0, (0, 0, 0), (1, 1)): [704, 151, 47, 32, 10, 2, 1, 1, 0, 1, 1]
(0, (0, 0, 0), (1, 2)): [452, 92, 22, 13, 3, 2, 1, 1]
(0, (0, 0, 0), (2, 0)): [322, 69, 37, 21, 11, 9, 1, 0, 0, 1]
(0, (0, 0, 0), (2, 1)): [383, 81, 26, 19, 6, 3]
(0, (0, 0, 0), (2, 2)): [372, 77, 13, 10, 6, 3, 1]
(0, (0, 0, 0), (3, 0)): [156, 35, 28, 14, 8, 8, 1]
(0, (0, 0, 0), (3, 1)): [171, 40, 24, 11, 2, 1, 1]
(0, (0, 0, 0), (3, 2)): [225, 50, 23, 11, 6, 2, 2]
(0, (0, 0, 1), (0, 0)): [1604, 4979, 1424, 649, 314, 124, 66, 35, 7, 5, 2, 0, 3]
(0, (0, 0, 1), (0, 1)): [3, 6, 3, 1, 0, 0, 1]
(0, (0, 0, 1), (0, 2)): [1, 4, 1]
(0, (0, 0, 1), (1, 0)): [3, 12, 4, 3, 2]
(0, (0, 1, 0), (0, 0)): [9563, 9771, 3654, 1676, 847, 354, 141, 58, 28, 16, 6, 1]
(0, (0, 1, 0), (0, 1)): [25, 31, 3, 2, 0, 1]
(0, (0, 1, 0), (0, 2)): [7, 9, 1, 2, 0, 1]
(0, (0, 1, 0), (1, 0)): [35, 25, 4, 6, 3]
(0, (0, 1, 0), (1, 2)): [12, 12, 3, 2]
(0, (0, 1, 0), (2, 0)): [13, 14, 1, 5, 2]
(0, (0, 1, 0), (2, 2)): [10, 10, 2, 3]
(0, (0, 1, 0), (3, 0)): [10, 8, 0, 1, 2]
(0, (0, 1, 0), (3, 1)): [5, 1, 0, 3, 1]
(0, (0, 1, 1), (0, 0)): [831, 1531, 2023, 926, 471, 220, 95, 41, 19, 8, 3, 1, 0, 1, 1]
(0, (0, 1, 1), (1, 0)): [2, 5, 6, 4, 1, 1, 2]
(0, (0, 1, 1), (2, 0)): [0, 4, 5, 3, 0, 1]
(0, (0, 1, 1), (3, 0)): [0, 3, 5, 2, 0, 1]
(0, (1, 0, 0), (0, 0)): [66766, 23955, 14082, 7031, 3250, 1429, 637, 257, 97, 46, 30, 6, 5, 3, 2]
(0, (1, 0, 0), (0, 1)): [183, 38, 35, 16, 7, 3, 2, 1, 1, 1]
(0, (1, 0, 0), (0, 2)): [64, 12, 16, 2, 2, 2, 1, 1, 0, 1]
(0, (1, 0, 0), (1, 0)): [134, 60, 38, 15, 4, 2, 0, 0, 2]
(0, (1, 0, 0), (1, 1)): [116, 31, 27, 11, 4, 2]
(0, (1, 0, 0), (1, 2)): [61, 14, 21, 0, 3, 2]
(0, (1, 0, 0), (2, 0)): [46, 26, 11, 8, 3, 0, 0, 0, 2]
(0, (1, 0, 0), (2, 1)): [54, 23, 8, 10, 1, 0, 0, 0, 2]
(0, (1, 0, 0), (2, 2)): [56, 13, 9, 4, 1, 1, 0, 0, 1]
(0, (1, 0, 0), (3, 0)): [21, 9, 5, 5, 2]
(0, (1, 0, 0), (3, 1)): [18, 8, 2, 6, 1, 0, 0, 0, 1]
(0, (1, 0, 0), (3, 2)): [20, 9, 3, 3, 0, 0, 0, 0, 1]
(0, (1, 0, 1), (0, 0)): [1578, 4422, 2096, 1369, 768, 337, 181, 69, 31, 16, 8, 4, 1, 0, 1]
(0, (1, 0, 1), (0, 1)): [4, 12, 0, 5, 0, 0, 3, 1]
(0, (1, 0, 1), (0, 2)): [2, 6, 0, 2, 0, 0, 2, 1]
(0, (1, 0, 1), (1, 0)): [9, 18, 5, 2, 3, 3]
(0, (1, 0, 1), (1, 1)): [5, 11, 1, 1, 1, 0, 1]
(0, (1, 0, 1), (1, 2)): [2, 6, 1, 1, 0, 0, 0, 1]
(0, (1, 0, 1), (2, 2)): [2, 5, 2, 0, 1, 0, 0, 1]
(0, (1, 1, 0), (0, 0)): [8599, 5727, 4745, 3145, 1676, 768, 347, 160, 58, 34, 22, 2, 2, 1]
(0, (1, 1, 0), (0, 1)): [31, 14, 12, 9, 2, 3]
(0, (1, 1, 0), (1, 0)): [19, 14, 10, 14, 4, 4, 3, 1, 1]
(0, (1, 1, 0), (1, 1)): [13, 12, 8, 8, 1, 4, 0, 0, 1]
(0, (1, 1, 0), (1, 2)): [12, 6, 4, 5, 0, 1]
(0, (1, 1, 0), (2, 0)): [11, 2, 7, 6, 3, 0, 2, 1]
(0, (1, 1, 0), (2, 1)): [8, 3, 3, 3, 4, 1, 1]
(0, (1, 1, 0), (3, 0)): [4, 1, 5, 4, 0, 0, 0, 1]
(0, (1, 1, 1), (0, 0)): [959, 1613, 1386, 1200, 928, 457, 213, 108, 46, 27, 12, 2, 1, 1, 1]
(0, (1, 1, 1), (1, 0)): [1, 2, 6, 4, 4, 1, 0, 0, 1]
(0, (1, 1, 1), (2, 0)): [0, 1, 4, 1, 2]
(0, (1, 1, 1), (3, 0)): [0, 0, 3, 0, 1]
(1, (0, 0, 0), (0, 0)): [231511, 24250, 9823, 3770, 1532, 633, 226, 95, 26, 11, 4, 1]
(1, (0, 0, 0), (0, 1)): [698, 82, 18, 9, 5]
(1, (0, 0, 0), (0, 2)): [287, 25, 8, 6, 1]
(1, (0, 0, 0), (1, 0)): [654, 69, 30, 9, 2, 2, 0, 1]
(1, (0, 0, 0), (1, 1)): [556, 60, 17, 8, 3, 1]
(1, (0, 0, 0), (1, 2)): [340, 37, 4, 9, 1, 1]
(1, (0, 0, 0), (2, 0)): [224, 29, 17, 3, 1]
(1, (0, 0, 0), (2, 1)): [287, 32, 18, 4, 2]
(1, (0, 0, 0), (2, 2)): [276, 24, 10, 7, 1, 1]
(1, (0, 0, 0), (3, 0)): [97, 10, 5, 1, 1]
(1, (0, 0, 0), (3, 1)): [123, 21, 10, 1, 1]
(1, (0, 0, 0), (3, 2)): [160, 19, 13, 4, 0, 1]
(1, (0, 0, 1), (0, 0)): [8492, 13191, 2545, 1023, 450, 173, 70, 34, 13, 3, 1, 2, 1]
(1, (0, 0, 1), (0, 1)): [22, 32, 3, 1, 1]
(1, (0, 0, 1), (1, 0)): [24, 27, 9, 3, 3]
(1, (0, 0, 1), (1, 1)): [21, 19, 5, 2, 2]
(1, (0, 0, 1), (2, 0)): [10, 11, 5, 2, 2]
(1, (0, 0, 1), (2, 1)): [8, 11, 1, 1, 2]
(1, (0, 0, 1), (2, 2)): [10, 11, 2]
(1, (0, 0, 1), (3, 0)): [6, 9, 4, 2, 1]
(1, (0, 0, 1), (3, 1)): [6, 5, 0, 0, 2]
(1, (0, 0, 1), (3, 2)): [7, 5, 1]
(1, (0, 1, 0), (0, 0)): [36233, 17785, 5901, 2377, 932, 397, 147, 53, 14, 8, 1, 2, 2]
(1, (0, 1, 0), (0, 1)): [115, 41, 9, 5, 1, 1, 1]
(1, (0, 1, 0), (0, 2)): [46, 15, 2, 0, 0, 1, 1]
(1, (0, 1, 0), (1, 0)): [126, 57, 18, 10, 6, 2]
(1, (0, 1, 0), (1, 1)): [106, 39, 7, 8, 3, 1]
(1, (0, 1, 0), (1, 2)): [72, 21, 6, 1, 1]
(1, (0, 1, 0), (2, 0)): [53, 16, 10, 4, 3, 1]
(1, (0, 1, 0), (2, 1)): [46, 22, 4, 8, 2, 2]
(1, (0, 1, 0), (2, 2)): [49, 14, 8, 5, 2, 1]
(1, (0, 1, 0), (3, 0)): [33, 10, 4, 2, 3]
(1, (0, 1, 0), (3, 1)): [28, 10, 2, 4, 2, 1]
(1, (0, 1, 1), (0, 0)): [6052, 5162, 5489, 2082, 884, 359, 135, 42, 18, 9, 5, 2, 0, 1]
(1, (0, 1, 1), (0, 1)): [24, 5, 16, 3, 1, 0, 0, 1]
(1, (0, 1, 1), (0, 2)): [17, 1, 5, 1]
(1, (0, 1, 1), (1, 0)): [21, 5, 12, 6, 4, 1, 1]
(1, (0, 1, 1), (1, 1)): [13, 2, 13, 3, 1, 0, 1]
(1, (0, 1, 1), (1, 2)): [14, 0, 7, 1, 0, 0, 1]
(1, (0, 1, 1), (2, 0)): [10, 5, 3, 3, 2, 1]
(1, (0, 1, 1), (2, 2)): [9, 1, 4, 3]
(1, (0, 1, 1), (3, 0)): [8, 4, 1, 1, 2, 1]
(1, (1, 0, 0), (0, 0)): [94934, 18205, 10376, 4411, 1768, 755, 249, 104, 34, 16, 7, 5, 1, 2]
(1, (1, 0, 0), (0, 1)): [296, 38, 27, 13, 4, 3, 1]
(1, (1, 0, 0), (0, 2)): [124, 18, 12, 4]
(1, (1, 0, 0), (1, 0)): [270, 51, 52, 23, 3, 3, 0, 1]
(1, (1, 0, 0), (1, 1)): [216, 31, 26, 13, 1, 3, 0, 1]
(1, (1, 0, 0), (1, 2)): [148, 18, 15, 6, 1]
(1, (1, 0, 0), (2, 0)): [91, 21, 25, 11, 3, 1]
(1, (1, 0, 0), (2, 1)): [102, 16, 19, 9, 0, 3, 0, 1]
(1, (1, 0, 0), (2, 2)): [100, 14, 16, 6, 0, 1]
(1, (1, 0, 0), (3, 0)): [33, 13, 9, 7, 3]
(1, (1, 0, 0), (3, 1)): [35, 9, 10, 7, 0, 1, 0, 1]
(1, (1, 0, 1), (0, 0)): [7475, 9367, 3427, 2002, 869, 362, 121, 54, 18, 13, 5, 1]
(1, (1, 0, 1), (0, 1)): [22, 16, 8, 5, 2, 1, 1, 1]
(1, (1, 0, 1), (0, 2)): [18, 4, 4, 3, 0, 1, 0, 1]
(1, (1, 0, 1), (1, 0)): [14, 23, 2, 9, 2, 3]
(1, (1, 0, 1), (1, 1)): [5, 17, 2, 7, 1, 0, 1]
(1, (1, 0, 1), (1, 2)): [8, 6, 4, 6, 1, 0, 0, 1]
(1, (1, 0, 1), (2, 0)): [8, 9, 1, 3, 2, 2]
(1, (1, 0, 1), (2, 1)): [2, 10, 0, 4, 0, 1, 1]
(1, (1, 0, 1), (2, 2)): [1, 7, 2, 2, 0, 1]
(1, (1, 0, 1), (3, 0)): [5, 4, 0, 0, 1, 1]
(1, (1, 0, 1), (3, 2)): [1, 7, 2, 3, 1, 1]
(1, (1, 1, 0), (0, 0)): [23816, 7576, 5385, 3535, 1509, 645, 228, 91, 36, 15, 5, 3, 0, 3]
(1, (1, 1, 0), (0, 1)): [68, 18, 11, 14, 4, 2]
(1, (1, 1, 0), (0, 2)): [25, 9, 3, 5, 2]
(1, (1, 1, 0), (1, 0)): [54, 16, 18, 21, 7, 1]
(1, (1, 1, 0), (1, 1)): [60, 12, 6, 13, 2]
(1, (1, 1, 0), (1, 2)): [36, 4, 4, 7, 2]
(1, (1, 1, 0), (2, 0)): [17, 5, 8, 7, 6]
(1, (1, 1, 0), (2, 1)): [26, 12, 3, 8, 2]
(1, (1, 1, 0), (2, 2)): [29, 5, 3, 5, 2]
(1, (1, 1, 0), (3, 0)): [8, 2, 5, 3, 4]
(1, (1, 1, 0), (3, 1)): [7, 7, 3, 2, 1]
(1, (1, 1, 0), (3, 2)): [13, 7, 1, 4, 3]
(1, (1, 1, 1), (0, 0)): [4592, 3769, 2454, 1850, 1229, 544, 207, 91, 30, 10, 4, 0, 0, 1]
(1, (1, 1, 1), (0, 1)): [14, 14, 9, 5, 0, 1]
(1, (1, 1, 1), (0, 2)): [8, 6, 4, 2, 0, 1]
(1, (1, 1, 1), (1, 0)): [10, 11, 14, 6, 9, 3, 1, 1]
(1, (1, 1, 1), (1, 1)): [10, 10, 6, 6, 3, 1]
(1, (1, 1, 1), (1, 2)): [6, 6, 1, 5, 1, 1]
(1, (1, 1, 1), (2, 0)): [2, 5, 9, 2, 5, 2, 1, 1]
(1, (1, 1, 1), (2, 1)): [3, 5, 7, 2, 3, 1, 1]
(1, (1, 1, 1), (2, 2)): [3, 4, 4, 0, 1, 2, 1]
(1, (1, 1, 1), (3, 0)): [1, 4, 3, 2, 3, 2]
(2, (0, 0, 0), (0, 0)): [199275, 8097, 2580, 827, 278, 95, 38, 15, 2, 1, 1]
(2, (0, 0, 0), (0, 1)): [615, 34, 5, 2]
(2, (0, 0, 0), (0, 2)): [229, 10, 3, 1]
(2, (0, 0, 0), (1, 0)): [704, 48, 13, 5, 2]
(2, (0, 0, 0), (1, 1)): [566, 29, 5, 1]
(2, (0, 0, 0), (1, 2)): [316, 10, 6, 1]
(2, (0, 0, 0), (2, 0)): [282, 17, 7, 4, 1]
(2, (0, 0, 0), (2, 1)): [370, 20, 3, 2]
(2, (0, 0, 0), (2, 2)): [300, 13, 6, 3]
(2, (0, 0, 0), (3, 0)): [107, 9, 6, 2, 1]
(2, (0, 0, 0), (3, 1)): [173, 11, 3]
(2, (0, 0, 0), (3, 2)): [224, 14, 6, 1]
(2, (0, 0, 1), (0, 0)): [25308, 8872, 1485, 468, 154, 54, 20, 5]
(2, (0, 0, 1), (0, 1)): [64, 20, 5]
(2, (0, 0, 1), (0, 2)): [31, 9, 3]
(2, (0, 0, 1), (1, 0)): [61, 25, 4]
(2, (0, 0, 1), (1, 2)): [36, 11, 2]
(2, (0, 0, 1), (2, 0)): [31, 8, 3]
(2, (0, 0, 1), (2, 2)): [26, 6, 3]
(2, (0, 0, 1), (3, 2)): [22, 3, 3]
(2, (0, 1, 0), (0, 0)): [58803, 13512, 3241, 1035, 319, 117, 45, 14, 2, 1]
(2, (0, 1, 0), (0, 1)): [141, 27, 3, 1, 4]
(2, (0, 1, 0), (0, 2)): [59, 6, 0, 0, 2]
(2, (0, 1, 0), (1, 0)): [192, 33, 15, 2, 1, 1]
(2, (0, 1, 0), (1, 1)): [135, 27, 4, 0, 2]
(2, (0, 1, 0), (1, 2)): [86, 13, 1, 0, 4]
(2, (0, 1, 0), (2, 0)): [94, 17, 11, 2, 1, 1]
(2, (0, 1, 0), (2, 1)): [88, 15, 4, 0, 0, 1]
(2, (0, 1, 0), (2, 2)): [79, 9, 3, 0, 3]
(2, (0, 1, 0), (3, 0)): [51, 10, 7, 1, 1]
(2, (0, 1, 0), (3, 1)): [50, 10, 1, 0, 1, 1]
(2, (0, 1, 0), (3, 2)): [62, 8, 4, 0, 1, 1]
(2, (0, 1, 1), (0, 0)): [15209, 1398, 3628, 926, 323, 103, 32, 8, 4, 1, 1]
(2, (0, 1, 1), (0, 1)): [44, 5, 8, 2, 1]
(2, (0, 1, 1), (0, 2)): [19, 0, 2, 2, 1]
(2, (0, 1, 1), (1, 0)): [53, 3, 17, 5, 2]
(2, (0, 1, 1), (1, 1)): [35, 4, 12, 2]
(2, (0, 1, 1), (1, 2)): [22, 1, 5, 2, 1]
(2, (0, 1, 1), (2, 0)): [29, 2, 8, 3, 1]
(2, (0, 1, 1), (2, 1)): [16, 2, 5]
(2, (0, 1, 1), (2, 2)): [20, 1, 4]
(2, (0, 1, 1), (3, 0)): [24, 0, 6, 2, 1]
(2, (0, 1, 1), (3, 2)): [15, 0, 7]
(2, (1, 0, 0), (0, 0)): [115898, 9040, 4488, 1461, 455, 149, 61, 21, 4, 1, 1]
(2, (1, 0, 0), (0, 1)): [293, 7, 9, 2, 0, 1]
(2, (1, 0, 0), (0, 2)): [90, 2, 2, 0, 0, 1]
(2, (1, 0, 0), (1, 0)): [317, 16, 15, 6, 1]
(2, (1, 0, 0), (1, 1)): [238, 7, 11, 3, 1]
(2, (1, 0, 0), (1, 2)): [120, 2, 6, 2]
(2, (1, 0, 0), (2, 0)): [116, 9, 5, 4]
(2, (1, 0, 0), (2, 1)): [113, 5, 4, 0, 1]
(2, (1, 0, 0), (2, 2)): [89, 4, 8, 1]
(2, (1, 0, 0), (3, 0)): [44, 5, 1, 4]
(2, (1, 0, 0), (3, 1)): [47, 2, 1, 1]
(2, (1, 0, 0), (3, 2)): [43, 4, 1, 1]
(2, (1, 0, 1), (0, 0)): [19412, 5461, 2381, 1060, 340, 123, 37, 16, 4, 0, 0, 1]
(2, (1, 0, 1), (0, 1)): [41, 11, 5, 6, 1, 1]
(2, (1, 0, 1), (0, 2)): [18, 4, 2, 4]
(2, (1, 0, 1), (1, 0)): [47, 4, 7, 7]
(2, (1, 0, 1), (1, 1)): [20, 4, 2, 2, 1]
(2, (1, 0, 1), (1, 2)): [11, 5, 1, 3]
(2, (1, 0, 1), (2, 0)): [22, 2, 5, 4]
(2, (1, 0, 1), (2, 1)): [10, 2, 2, 2, 1]
(2, (1, 0, 1), (2, 2)): [11, 2, 2, 2]
(2, (1, 0, 1), (3, 0)): [13, 1, 2, 1]
(2, (1, 0, 1), (3, 2)): [7, 1, 3, 1]
(2, (1, 1, 0), (0, 0)): [37293, 5703, 3169, 1817, 537, 192, 60, 16, 7, 4, 2, 0, 0, 1]
(2, (1, 1, 0), (0, 1)): [108, 14, 6, 4, 2]
(2, (1, 1, 0), (0, 2)): [47, 5, 2, 1]
(2, (1, 1, 0), (1, 0)): [95, 10, 10, 10, 1, 2, 0, 1]
(2, (1, 1, 0), (1, 1)): [67, 9, 4, 4, 1]
(2, (1, 1, 0), (1, 2)): [47, 5, 1, 1]
(2, (1, 1, 0), (2, 0)): [46, 5, 5, 5, 1, 1, 0, 1]
(2, (1, 1, 0), (2, 1)): [41, 5, 2, 2, 1]
(2, (1, 1, 0), (2, 2)): [36, 5, 2, 1, 1]
(2, (1, 1, 0), (3, 0)): [26, 2, 4, 2, 1, 1]
(2, (1, 1, 0), (3, 2)): [22, 1, 4, 1, 1]
(2, (1, 1, 1), (0, 0)): [11167, 1730, 1869, 1039, 641, 198, 71, 22, 10, 3, 2, 0, 0, 1]
(2, (1, 1, 1), (0, 1)): [40, 5, 6, 3, 2, 1]
(2, (1, 1, 1), (0, 2)): [24, 3, 1, 0, 0, 1]
(2, (1, 1, 1), (1, 0)): [33, 12, 4, 8, 0, 1]
(2, (1, 1, 1), (1, 1)): [19, 3, 5, 4]
(2, (1, 1, 1), (1, 2)): [14, 1, 2, 1, 0, 1]
(2, (1, 1, 1), (2, 0)): [18, 11, 2, 4, 0, 1]
(2, (1, 1, 1), (2, 1)): [13, 5, 4, 4]
(2, (1, 1, 1), (2, 2)): [12, 2, 2, 2]
(2, (1, 1, 1), (3, 0)): [8, 7, 0, 3, 0, 1]
(2, (1, 1, 1), (3, 1)): [9, 4, 0, 2]
(2, (1, 1, 1), (3, 2)): [11, 3, 1, 3]
