(0, (0, 0, 0)): [923629, 184892, 86310, 39452, 17736, 7714, 3178, 1339, 546, 248, 109, 49, 26, 7, 3, 1, 0, 1]
(0, (0, 0, 1)): [4083, 12484, 3431, 1626, 798, 351, 158, 82, 31, 19, 6, 1, 3, 1]
(0, (0, 1, 0)): [30453, 29140, 11369, 5364, 2661, 1158, 468, 205, 88, 51, 17, 5, 3, 1, 1]
(0, (0, 1, 1)): [2712, 4618, 5806, 2641, 1428, 647, 288, 136, 63, 31, 9, 6, 1, 2, 1, 0, 0, 1]
(0, (1, 0, 0)): [202487, 68016, 43089, 21308, 10198, 4641, 1964, 854, 360, 160, 74, 32, 16, 4, 2, 1, 0, 1]
(0, (1, 0, 1)): [4647, 14438, 6009, 4069, 2199, 1014, 496, 208, 94, 40, 20, 12, 5, 1, 1, 0, 0, 1]
(0, (1, 1, 0)): [27465, 17669, 13836, 9667, 5208, 2466, 1071, 525, 204, 93, 46, 18, 7, 1]
(0, (1, 1, 1)): [2845, 5136, 4311, 3372, 2665, 1311, 625, 326, 137, 62, 33, 12, 3, 1, 1]
(1, (0, 0, 0)): [740069, 80289, 33154, 13209, 5218, 2017, 753, 297, 115, 44, 21, 11, 6, 2, 0, 1]
(1, (0, 0, 1)): [21336, 31651, 6231, 2604, 1117, 464, 181, 78, 35, 12, 6, 4, 4, 1]
(1, (0, 1, 0)): [101115, 47076, 16659, 7015, 2842, 1153, 388, 183, 52, 28, 15, 7, 6, 1, 1]
(1, (0, 1, 1)): [17048, 14007, 13459, 5295, 2666, 1050, 419, 166, 82, 22, 9, 5, 1, 2, 0, 1]
(1, (1, 0, 0)): [292301, 52950, 33175, 14297, 5834, 2354, 894, 337, 150, 63, 24, 16, 4, 2, 0, 2]
(1, (1, 0, 1)): [22849, 28034, 9235, 6008, 2611, 1084, 397, 168, 61, 43, 13, 3, 0, 1]
(1, (1, 1, 0)): [78477, 24613, 17097, 11780, 5087, 2155, 837, 334, 136, 56, 19, 11, 6, 4, 1]
(1, (1, 1, 1)): [16228, 12917, 8372, 5704, 4107, 1747, 722, 274, 113, 42, 15, 12, 6, 2, 1, 1]
(2, (0, 0, 0)): [639301, 28395, 9620, 3062, 1058, 346, 126, 40, 9, 3, 4, 0, 1]
(2, (0, 0, 1)): [62231, 20332, 3779, 1295, 458, 165, 49, 15, 2, 2, 0, 1]
(2, (0, 1, 0)): [162751, 36294, 9327, 3265, 1039, 355, 113, 30, 6, 2, 2, 0, 1]
(2, (0, 1, 1)): [38762, 3460, 8953, 2349, 925, 299, 108, 38, 11, 4, 3, 1, 0, 1]
(2, (1, 0, 0)): [357033, 26430, 16273, 5176, 1695, 537, 220, 62, 16, 8, 5, 0, 1]
(2, (1, 0, 1)): [58336, 14978, 6115, 3443, 1123, 374, 136, 45, 17, 4, 0, 2, 1]
(2, (1, 1, 0)): [134969, 21073, 10869, 7003, 2215, 759, 232, 80, 30, 13, 6, 1, 2, 1]
(2, (1, 1, 1)): [39422, 5890, 6662, 3410, 2372, 775, 255, 90, 35, 7, 5, 0, 1, 1]
