(0, (0, 0, 0), (0, 0)): [1324529, 263202, 121174, 55034, 24402, 10418, 4286, 1810, 717, 323, 143, 61, 28, 10, 3, 1, 0, 1]
(0, (0, 0, 0), (0, 1)): [23716, 4281, 2020, 889, 385, 162, 59, 36, 7, 5, 2, 0, 2, 1, 0, 1]
(0, (0, 0, 0), (0, 2)): [8732, 1382, 649, 279, 114, 43, 22, 13, 2, 1, 0, 0, 1]
(0, (0, 0, 0), (1, 0)): [22118, 4732, 2324, 1074, 529, 214, 98, 38, 14, 6, 3]
(0, (0, 0, 0), (1, 1)): [20091, 3829, 1872, 856, 397, 159, 55, 28, 7, 4, 4, 0, 1, 1, 0, 1]
(0, (0, 0, 0), (1, 2)): [13082, 2175, 1000, 438, 215, 92, 27, 14, 5, 2, 0, 0, 2]
(0, (0, 0, 0), (2, 0)): [7395, 1770, 903, 458, 219, 98, 48, 18, 6, 2, 1]
(0, (0, 0, 0), (2, 1)): [10748, 2247, 1175, 551, 258, 104, 47, 23, 5, 1, 1, 0, 0, 1]
(0, (0, 0, 0), (2, 2)): [10339, 1875, 933, 428, 207, 89, 24, 12, 5, 3, 1, 0, 2]
(0, (0, 0, 0), (3, 0)): [2440, 642, 373, 215, 96, 52, 21, 8, 3, 0, 1]
(0, (0, 0, 0), (3, 1)): [4409, 1094, 638, 336, 138, 63, 29, 16, 4]
(0, (0, 0, 0), (3, 2)): [5966, 1251, 744, 351, 168, 68, 21, 12, 5, 2, 0, 0, 2]
(0, (0, 0, 1), (0, 0)): [5775, 17063, 4644, 2199, 1053, 445, 199, 95, 36, 20, 8, 1, 3, 2]
(0, (0, 0, 1), (0, 1)): [93, 246, 75, 26, 19, 7, 5, 2, 0, 1, 0, 0, 0, 1]
(0, (0, 0, 1), (0, 2)): [39, 96, 22, 7, 8, 1]
(0, (0, 0, 1), (1, 0)): [94, 236, 72, 45, 25, 11, 4, 2, 1]
(0, (0, 0, 1), (1, 1)): [84, 181, 61, 23, 20, 8, 6, 1, 0, 1, 0, 0, 0, 1]
(0, (0, 0, 1), (1, 2)): [56, 127, 37, 13, 11, 1, 3, 1, 0, 1]
(0, (0, 0, 1), (2, 0)): [36, 102, 31, 23, 8, 7, 1, 1, 1]
(0, (0, 0, 1), (2, 1)): [49, 107, 36, 20, 13, 5, 1]
(0, (0, 0, 1), (2, 2)): [56, 96, 30, 9, 12, 1, 2]
(0, (0, 0, 1), (3, 0)): [9, 46, 12, 9, 4, 4, 1, 1, 1]
(0, (0, 0, 1), (3, 1)): [22, 46, 16, 12, 7, 4, 0, 1]
(0, (0, 0, 1), (3, 2)): [32, 56, 17, 10, 10, 4, 1, 1]
(0, (0, 1, 0), (0, 0)): [46168, 42685, 16541, 7935, 3812, 1629, 688, 290, 117, 70, 25, 6, 3, 2, 1]
(0, (0, 1, 0), (0, 1)): [783, 629, 237, 106, 46, 24, 14, 7, 3]
(0, (0, 1, 0), (0, 2)): [309, 189, 87, 30, 14, 11, 4, 2, 1]
(0, (0, 1, 0), (1, 0)): [749, 651, 265, 140, 70, 29, 14, 4, 1]
(0, (0, 1, 0), (1, 1)): [649, 533, 213, 104, 40, 15, 12, 6]
(0, (0, 1, 0), (1, 2)): [432, 318, 124, 60, 24, 11, 6, 4, 1]
(0, (0, 1, 0), (2, 0)): [260, 242, 90, 54, 30, 18, 6, 0, 1]
(0, (0, 1, 0), (2, 1)): [327, 282, 115, 60, 23, 17, 8, 4]
(0, (0, 1, 0), (2, 2)): [339, 246, 107, 51, 19, 8, 7, 1, 1]
(0, (0, 1, 0), (3, 0)): [95, 85, 39, 29, 21, 6, 3, 0, 1]
(0, (0, 1, 0), (3, 1)): [132, 119, 58, 36, 21, 9, 4, 1]
(0, (0, 1, 0), (3, 2)): [206, 147, 73, 38, 21, 6, 7]
(0, (0, 1, 1), (0, 0)): [3945, 6610, 7982, 3702, 1948, 899, 385, 182, 88, 40, 10, 6, 1, 2, 1, 0, 0, 1]
(0, (0, 1, 1), (0, 1)): [63, 80, 117, 52, 29, 12, 8, 3, 2]
(0, (0, 1, 1), (0, 2)): [35, 29, 40, 18, 15, 6, 3, 2]
(0, (0, 1, 1), (1, 0)): [79, 138, 157, 84, 46, 20, 8, 7, 4, 0, 0, 1]
(0, (0, 1, 1), (1, 1)): [49, 80, 104, 56, 27, 9, 5, 3, 2]
(0, (0, 1, 1), (1, 2)): [34, 40, 56, 27, 21, 6, 3, 2, 1]
(0, (0, 1, 1), (2, 0)): [45, 76, 75, 41, 25, 14, 4, 5, 3, 0, 0, 1]
(0, (0, 1, 1), (2, 1)): [35, 55, 68, 34, 15, 7, 2, 5, 3]
(0, (0, 1, 1), (2, 2)): [39, 43, 52, 21, 13, 6, 2, 2, 2]
(0, (0, 1, 1), (3, 0)): [28, 48, 40, 28, 19, 12, 2, 1, 0, 0, 0, 1]
(0, (0, 1, 1), (3, 2)): [20, 27, 41, 17, 11, 4, 2, 4, 3]
(0, (1, 0, 0), (0, 0)): [285834, 95613, 59917, 29594, 13997, 6252, 2603, 1139, 469, 212, 97, 39, 19, 4, 2, 1, 0, 1]
(0, (1, 0, 0), (0, 1)): [4991, 1350, 944, 471, 232, 101, 38, 17, 8, 1]
(0, (1, 0, 0), (0, 2)): [1902, 407, 306, 137, 68, 25, 15, 2, 5, 1]
(0, (1, 0, 0), (1, 0)): [4340, 1445, 1027, 504, 247, 99, 49, 20, 10, 6, 2, 1]
(0, (1, 0, 0), (1, 1)): [3679, 1086, 800, 383, 185, 73, 29, 17, 7, 4, 0, 1]
(0, (1, 0, 0), (1, 2)): [2359, 593, 451, 200, 98, 33, 19, 9, 4, 2]
(0, (1, 0, 0), (2, 0)): [1362, 472, 334, 195, 102, 45, 16, 10, 5, 2, 2]
(0, (1, 0, 0), (2, 1)): [1780, 556, 413, 216, 105, 48, 16, 7, 6, 3, 0, 1]
(0, (1, 0, 0), (2, 2)): [1650, 459, 338, 159, 86, 29, 16, 8, 5, 3]
(0, (1, 0, 0), (3, 0)): [395, 164, 124, 88, 51, 18, 5, 5, 0, 1, 1]
(0, (1, 0, 0), (3, 1)): [669, 236, 182, 120, 69, 24, 6, 3, 4, 1, 1, 1]
(0, (1, 0, 0), (3, 2)): [823, 276, 201, 111, 76, 23, 8, 6, 3, 3]
(0, (1, 0, 1), (0, 0)): [6813, 20344, 8388, 5709, 3012, 1366, 668, 275, 129, 53, 26, 13, 5, 1, 1, 0, 0, 1]
(0, (1, 0, 1), (0, 1)): [109, 305, 125, 85, 40, 21, 13, 4, 1, 0, 0, 0, 1]
(0, (1, 0, 1), (0, 2)): [42, 116, 30, 28, 15, 10, 5, 2, 1]
(0, (1, 0, 1), (1, 0)): [104, 333, 125, 97, 48, 26, 4, 4, 4, 1, 1]
(0, (1, 0, 1), (1, 1)): [93, 240, 93, 62, 33, 15, 8, 1, 2, 0, 1]
(0, (1, 0, 1), (1, 2)): [73, 143, 43, 32, 16, 12, 3, 2, 2]
(0, (1, 0, 1), (2, 0)): [36, 115, 51, 36, 18, 13, 0, 3, 1, 1]
(0, (1, 0, 1), (2, 1)): [30, 141, 59, 40, 21, 9, 2, 0, 2, 0, 1]
(0, (1, 0, 1), (2, 2)): [53, 117, 43, 26, 17, 7, 2, 2, 1, 0, 1]
(0, (1, 1, 0), (0, 0)): [38887, 24901, 18910, 13330, 7061, 3330, 1410, 684, 272, 129, 61, 24, 9, 1]
(0, (1, 1, 0), (0, 1)): [701, 384, 267, 210, 115, 46, 21, 12, 3, 0, 1, 1]
(0, (1, 1, 0), (0, 2)): [274, 134, 87, 65, 39, 14, 10, 6, 1]
(0, (1, 1, 0), (1, 0)): [570, 353, 277, 209, 105, 64, 26, 15, 3, 3]
(0, (1, 1, 0), (1, 1)): [481, 262, 213, 162, 72, 44, 16, 10, 3, 1, 1]
(0, (1, 1, 0), (1, 2)): [335, 151, 113, 87, 47, 20, 6, 10, 1, 1]
(0, (1, 1, 0), (2, 0)): [163, 114, 89, 72, 40, 24, 10, 7, 2, 1]
(0, (1, 1, 0), (2, 1)): [225, 137, 95, 89, 45, 25, 11, 5, 2, 1]
(0, (1, 1, 0), (2, 2)): [230, 121, 86, 69, 36, 19, 3, 7, 2, 2]
(0, (1, 1, 0), (3, 0)): [37, 39, 32, 26, 16, 8, 5, 4, 1]
(0, (1, 1, 1), (0, 0)): [3889, 7206, 5934, 4538, 3548, 1777, 819, 415, 178, 79, 40, 14, 4, 1, 1]
(0, (1, 1, 1), (0, 1)): [86, 115, 102, 63, 49, 30, 10, 5, 6, 2, 1, 1]
(0, (1, 1, 1), (0, 2)): [39, 49, 34, 21, 23, 8, 2, 1, 3, 0, 0, 1]
(0, (1, 1, 1), (1, 0)): [57, 129, 120, 88, 72, 38, 11, 12, 3, 0, 1, 1]
(0, (1, 1, 1), (1, 1)): [59, 96, 99, 66, 40, 28, 11, 7, 2, 1, 1]
(0, (1, 1, 1), (1, 2)): [48, 68, 52, 30, 21, 14, 3, 2, 4, 0, 0, 1]
(0, (1, 1, 1), (2, 0)): [16, 51, 30, 37, 34, 11, 3, 6, 1, 0, 1]
(0, (1, 1, 1), (2, 1)): [29, 48, 41, 38, 29, 15, 4, 5, 2]
(0, (1, 1, 1), (2, 2)): [30, 47, 38, 34, 17, 13, 3, 4, 1, 0, 0, 1]
(1, (0, 0, 0), (0, 0)): [1069360, 115215, 47208, 18569, 7196, 2768, 1058, 405, 151, 60, 26, 14, 6, 3, 0, 1]
(1, (0, 0, 0), (0, 1)): [19246, 1920, 823, 297, 124, 35, 14, 9, 1, 0, 0, 0, 0, 1]
(1, (0, 0, 0), (0, 2)): [7092, 571, 238, 84, 35, 12, 2, 2]
(1, (0, 0, 0), (1, 0)): [18565, 2298, 981, 377, 157, 56, 25, 10, 0, 1, 0, 0, 0, 0, 0, 1]
(1, (0, 0, 0), (1, 1)): [16538, 1806, 736, 280, 121, 45, 20, 7, 1, 1, 0, 0, 0, 1]
(1, (0, 0, 0), (1, 2)): [10506, 928, 362, 150, 68, 32, 10, 2]
(1, (0, 0, 0), (2, 0)): [6463, 909, 437, 156, 62, 23, 10, 5, 0, 0, 0, 0, 0, 0, 0, 1]
(1, (0, 0, 0), (2, 1)): [9122, 1107, 481, 182, 82, 24, 11, 6, 0, 1]
(1, (0, 0, 0), (2, 2)): [8676, 854, 370, 145, 71, 33, 12, 4]
(1, (0, 0, 0), (3, 0)): [2087, 332, 210, 70, 30, 9, 6, 1, 0, 0, 0, 0, 0, 0, 0, 1]
(1, (0, 0, 0), (3, 1)): [3864, 598, 303, 111, 52, 10, 5, 3]
(1, (0, 0, 0), (3, 2)): [4988, 625, 308, 106, 57, 20, 12, 3]
(1, (0, 0, 1), (0, 0)): [30277, 43339, 8457, 3579, 1511, 602, 240, 101, 43, 15, 8, 4, 4, 1]
(1, (0, 0, 1), (0, 1)): [479, 525, 116, 37, 19, 7, 6, 1]
(1, (0, 0, 1), (0, 2)): [200, 180, 37, 8, 3, 1, 4]
(1, (0, 0, 1), (1, 0)): [508, 701, 143, 74, 30, 12, 6, 3, 1]
(1, (0, 0, 1), (1, 1)): [435, 486, 100, 43, 23, 6, 2, 3]
(1, (0, 0, 1), (1, 2)): [316, 269, 42, 16, 13, 2, 3]
(1, (0, 0, 1), (2, 0)): [217, 290, 62, 36, 15, 7, 5, 1, 1]
(1, (0, 0, 1), (2, 1)): [207, 298, 58, 27, 13, 7, 5, 3]
(1, (0, 0, 1), (2, 2)): [229, 231, 46, 18, 7, 2, 2, 1]
(1, (0, 0, 1), (3, 2)): [142, 144, 35, 14, 6, 2, 3, 1]
(1, (0, 1, 0), (0, 0)): [146422, 65705, 23390, 9902, 3995, 1577, 538, 249, 71, 35, 20, 7, 8, 2, 1]
(1, (0, 1, 0), (0, 1)): [2268, 877, 320, 126, 41, 17, 7, 3, 1]
(1, (0, 1, 0), (0, 2)): [890, 312, 97, 28, 11, 6, 3]
(1, (0, 1, 0), (1, 0)): [2677, 1181, 421, 233, 109, 32, 12, 4, 0, 0, 1, 0, 0, 1]
(1, (0, 1, 0), (1, 1)): [1978, 748, 295, 133, 51, 21, 7, 4, 1, 0, 0, 0, 0, 1]
(1, (0, 1, 0), (1, 2)): [1311, 458, 175, 52, 17, 9, 5, 2]
(1, (0, 1, 0), (2, 0)): [1180, 521, 191, 122, 57, 16, 8, 3, 0, 0, 1]
(1, (0, 1, 0), (2, 1)): [1059, 440, 154, 93, 43, 14, 6, 3, 0, 0, 1, 0, 0, 1]
(1, (0, 1, 0), (2, 2)): [1028, 394, 150, 49, 29, 7, 3, 1]
(1, (0, 1, 0), (3, 0)): [636, 241, 83, 80, 41, 9, 5, 2]
(1, (0, 1, 0), (3, 1)): [557, 204, 74, 61, 29, 8, 3, 1, 0, 0, 0, 0, 0, 1]
(1, (0, 1, 0), (3, 2)): [615, 221, 98, 53, 27, 2, 4, 1, 0, 0, 0, 0, 0, 1]
(1, (0, 1, 1), (0, 0)): [23853, 19293, 17768, 7031, 3543, 1406, 545, 221, 105, 33, 10, 7, 1, 2, 0, 1]
(1, (0, 1, 1), (0, 1)): [323, 208, 180, 76, 35, 18, 7, 3]
(1, (0, 1, 1), (0, 2)): [163, 70, 59, 25, 10, 5, 3]
(1, (0, 1, 1), (1, 0)): [545, 418, 319, 158, 103, 38, 16, 10, 3, 1]
(1, (0, 1, 1), (1, 1)): [265, 185, 170, 67, 34, 11, 6, 4]
(1, (0, 1, 1), (1, 2)): [213, 102, 95, 46, 17, 7, 4]
(1, (0, 1, 1), (2, 0)): [354, 274, 182, 107, 81, 32, 13, 8, 3, 1]
(1, (0, 1, 1), (2, 1)): [149, 123, 97, 42, 19, 9, 7, 2]
(1, (0, 1, 1), (2, 2)): [151, 98, 87, 41, 21, 4, 2, 2]
(1, (0, 1, 1), (3, 0)): [289, 215, 134, 80, 71, 28, 9, 8, 3, 1]
(1, (0, 1, 1), (3, 1)): [72, 51, 40, 21, 7, 9, 5]
(1, (0, 1, 1), (3, 2)): [92, 63, 47, 22, 13, 4, 1, 1]
(1, (1, 0, 0), (0, 0)): [411410, 73386, 46306, 19624, 7914, 3133, 1234, 450, 195, 78, 30, 20, 4, 3, 0, 2]
(1, (1, 0, 0), (0, 1)): [7127, 1000, 744, 312, 120, 46, 19, 4, 1, 2]
(1, (1, 0, 0), (0, 2)): [2588, 309, 272, 88, 33, 13, 6, 1, 0, 2]
(1, (1, 0, 0), (1, 0)): [6827, 1244, 878, 395, 166, 57, 27, 10, 1, 2, 0, 0, 1, 0, 0, 1]
(1, (1, 0, 0), (1, 1)): [5660, 856, 627, 268, 105, 40, 17, 8, 1, 0, 0, 0, 0, 0, 0, 1]
(1, (1, 0, 0), (1, 2)): [3544, 454, 367, 132, 53, 18, 6, 6, 0, 1]
(1, (1, 0, 0), (2, 0)): [2230, 455, 336, 173, 66, 27, 10, 0, 1, 2, 0, 0, 1]
(1, (1, 0, 0), (2, 1)): [2874, 501, 387, 171, 69, 23, 12, 2, 2, 0, 0, 0, 0, 0, 0, 1]
(1, (1, 0, 0), (2, 2)): [2652, 384, 329, 123, 48, 14, 6, 3, 1, 1]
(1, (1, 0, 0), (3, 0)): [684, 163, 111, 77, 30, 12, 4, 0, 0, 2, 0, 0, 1]
(1, (1, 0, 0), (3, 1)): [1106, 271, 176, 101, 38, 14, 6, 1, 0, 1, 0, 0, 0, 0, 0, 1]
(1, (1, 0, 0), (3, 2)): [1346, 268, 194, 97, 32, 15, 5, 1, 1, 1, 0, 0, 0, 0, 0, 1]
(1, (1, 0, 1), (0, 0)): [32805, 38779, 12586, 8257, 3504, 1425, 568, 226, 78, 49, 13, 5, 0, 1]
(1, (1, 0, 1), (0, 1)): [592, 523, 146, 125, 57, 19, 10, 5, 3, 2]
(1, (1, 0, 1), (0, 2)): [261, 161, 54, 47, 8, 7, 4, 3, 0, 1]
(1, (1, 0, 1), (1, 0)): [574, 632, 198, 146, 77, 26, 10, 4, 0, 2]
(1, (1, 0, 1), (1, 1)): [452, 430, 122, 105, 56, 8, 9, 3, 2]
(1, (1, 0, 1), (1, 2)): [327, 233, 72, 63, 22, 8, 6, 3, 0, 1]
(1, (1, 0, 1), (2, 0)): [223, 217, 68, 46, 33, 15, 2, 1, 0, 1]
(1, (1, 0, 1), (2, 2)): [219, 172, 59, 36, 23, 7, 6, 1, 1]
(1, (1, 0, 1), (3, 0)): [86, 87, 24, 21, 15, 7, 1, 0, 0, 1]
(1, (1, 0, 1), (3, 1)): [94, 104, 25, 27, 21, 7, 0, 1]
(1, (1, 0, 1), (3, 2)): [109, 99, 36, 27, 21, 10, 4, 2, 1]
(1, (1, 1, 0), (0, 0)): [112017, 34679, 23415, 16356, 6916, 2850, 1123, 450, 187, 70, 25, 13, 8, 5, 1]
(1, (1, 1, 0), (0, 1)): [1998, 539, 324, 256, 100, 36, 21, 5, 3]
(1, (1, 1, 0), (0, 2)): [806, 201, 106, 91, 30, 8, 5, 0, 1]
(1, (1, 1, 0), (1, 0)): [1797, 609, 429, 323, 143, 49, 25, 11, 1, 3, 0, 0, 2, 1]
(1, (1, 1, 0), (1, 1)): [1493, 436, 298, 218, 96, 34, 19, 8, 0, 2]
(1, (1, 1, 0), (1, 2)): [1074, 258, 164, 131, 50, 16, 8, 2]
(1, (1, 1, 0), (2, 0)): [605, 212, 141, 124, 55, 19, 8, 2, 1, 1, 0, 0, 2, 1]
(1, (1, 1, 0), (2, 1)): [749, 267, 178, 125, 52, 20, 12, 3, 0, 1, 0, 0, 1]
(1, (1, 1, 0), (2, 2)): [775, 211, 125, 94, 44, 14, 6, 1]
(1, (1, 1, 0), (3, 1)): [312, 127, 83, 66, 34, 12, 10, 3, 0, 2, 0, 0, 1]
(1, (1, 1, 0), (3, 2)): [403, 129, 85, 58, 35, 15, 9, 4, 0, 2, 0, 0, 1]
(1, (1, 1, 1), (0, 0)): [23001, 18187, 11726, 7748, 5554, 2372, 966, 370, 149, 55, 20, 15, 6, 3, 1, 1]
(1, (1, 1, 1), (0, 1)): [468, 295, 184, 120, 101, 37, 18, 7, 3]
(1, (1, 1, 1), (0, 2)): [232, 105, 67, 38, 38, 12, 10, 1]
(1, (1, 1, 1), (1, 0)): [411, 308, 207, 134, 111, 46, 20, 7, 2, 2, 0, 1, 1]
(1, (1, 1, 1), (1, 1)): [340, 222, 152, 109, 89, 36, 8, 6, 1]
(1, (1, 1, 1), (1, 2)): [262, 119, 93, 65, 45, 27, 8, 3]
(1, (1, 1, 1), (2, 0)): [128, 115, 85, 51, 38, 19, 12, 4, 1, 1, 0, 1, 1]
(1, (1, 1, 1), (2, 1)): [166, 140, 90, 64, 50, 15, 11, 4, 1, 1, 0, 1]
(1, (1, 1, 1), (2, 2)): [177, 99, 76, 67, 43, 18, 8, 2]
(1, (1, 1, 1), (3, 0)): [29, 43, 28, 22, 11, 11, 4, 1, 1, 0, 0, 0, 1]
(1, (1, 1, 1), (3, 1)): [50, 77, 34, 31, 22, 10, 5, 3, 0, 0, 0, 0, 1]
(2, (0, 0, 0), (0, 0)): [926067, 41163, 13763, 4389, 1453, 484, 166, 52, 10, 5, 5, 0, 1]
(2, (0, 0, 0), (0, 1)): [16653, 695, 234, 63, 31, 9, 6, 1]
(2, (0, 0, 0), (0, 2)): [6006, 182, 49, 18, 8, 2, 1, 1]
(2, (0, 0, 0), (1, 0)): [16904, 980, 322, 100, 41, 12, 3, 0, 0, 0, 0, 0, 1]
(2, (0, 0, 0), (1, 1)): [14784, 725, 244, 56, 33, 8, 6]
(2, (0, 0, 0), (1, 2)): [9275, 317, 106, 29, 15, 5, 3]
(2, (0, 0, 0), (2, 0)): [6246, 381, 153, 57, 20, 6, 1, 0, 0, 0, 0, 0, 1]
(2, (0, 0, 0), (2, 1)): [8548, 456, 159, 52, 12, 6, 3]
(2, (0, 0, 0), (2, 2)): [7816, 325, 117, 35, 14, 7, 1]
(2, (0, 0, 0), (3, 0)): [2168, 150, 89, 29, 15, 3, 1, 0, 0, 0, 0, 0, 1]
(2, (0, 0, 0), (3, 1)): [3947, 237, 114, 37, 15, 6, 2]
(2, (0, 0, 0), (3, 2)): [4925, 259, 112, 31, 12, 6]
(2, (0, 0, 1), (0, 0)): [87250, 27450, 5261, 1788, 639, 211, 66, 20, 3, 2, 0, 1]
(2, (0, 0, 1), (0, 1)): [1363, 381, 80, 22, 12, 3, 1]
(2, (0, 0, 1), (0, 2)): [527, 108, 27, 4, 2, 1]
(2, (0, 0, 1), (1, 0)): [1649, 469, 108, 45, 12, 6, 0, 2]
(2, (0, 0, 1), (1, 1)): [1296, 316, 71, 21, 10, 2, 1, 1]
(2, (0, 0, 1), (1, 2)): [849, 163, 37, 10, 2, 1, 1]
(2, (0, 0, 1), (2, 0)): [706, 201, 51, 29, 7, 5, 0, 1]
(2, (0, 0, 1), (2, 1)): [750, 176, 52, 18, 10, 2, 0, 2]
(2, (0, 0, 1), (2, 2)): [700, 134, 46, 7, 3, 2, 1]
(2, (0, 0, 1), (3, 0)): [369, 91, 26, 18, 3, 4]
(2, (0, 0, 1), (3, 1)): [397, 97, 21, 16, 7, 2, 0, 1]
(2, (0, 0, 1), (3, 2)): [451, 99, 32, 10, 3, 1]
(2, (0, 1, 0), (0, 0)): [231733, 49996, 13130, 4563, 1483, 508, 156, 45, 9, 7, 5, 0, 1]
(2, (0, 1, 0), (0, 1)): [3506, 648, 168, 58, 20, 1, 1]
(2, (0, 1, 0), (0, 2)): [1306, 188, 43, 11, 7]
(2, (0, 1, 0), (1, 0)): [4632, 806, 323, 132, 34, 19, 5, 1, 0, 0, 0, 0, 1]
(2, (0, 1, 0), (1, 1)): [3267, 564, 195, 63, 17, 5, 3, 1]
(2, (0, 1, 0), (1, 2)): [2051, 286, 70, 35, 6]
(2, (0, 1, 0), (2, 0)): [2180, 364, 161, 89, 26, 12, 3, 0, 0, 0, 0, 0, 1]
(2, (0, 1, 0), (2, 1)): [1969, 356, 126, 47, 14, 9, 3, 1, 0, 0, 0, 0, 1]
(2, (0, 1, 0), (2, 2)): [1806, 270, 71, 38, 8, 4, 0, 1]
(2, (0, 1, 0), (3, 0)): [1237, 173, 92, 60, 17, 5, 2]
(2, (0, 1, 0), (3, 1)): [970, 174, 87, 31, 15, 5, 3, 0, 0, 0, 0, 0, 1]
(2, (0, 1, 0), (3, 2)): [1187, 186, 77, 34, 10, 5, 1, 0, 0, 0, 0, 0, 1]
(2, (0, 1, 1), (0, 0)): [53417, 4669, 11881, 3167, 1233, 390, 136, 47, 17, 4, 3, 1, 0, 1]
(2, (0, 1, 1), (0, 1)): [752, 60, 127, 32, 8, 3, 1, 3]
(2, (0, 1, 1), (0, 2)): [325, 23, 42, 11, 5, 1, 1]
(2, (0, 1, 1), (1, 0)): [1067, 110, 220, 75, 38, 8, 4, 0, 0, 0, 1]
(2, (0, 1, 1), (1, 1)): [687, 57, 125, 36, 7, 4, 1, 2]
(2, (0, 1, 1), (1, 2)): [460, 30, 69, 17, 5, 1, 2, 1]
(2, (0, 1, 1), (2, 0)): [543, 64, 107, 43, 30, 6, 1, 0, 0, 0, 1]
(2, (0, 1, 1), (2, 1)): [382, 34, 86, 20, 9, 5]
(2, (0, 1, 1), (2, 2)): [391, 30, 70, 20, 4, 4, 1, 1]
(2, (0, 1, 1), (3, 0)): [384, 48, 66, 29, 25, 5, 1, 0, 0, 0, 1]
(2, (0, 1, 1), (3, 1)): [201, 18, 41, 13, 5, 2]
(2, (0, 1, 1), (3, 2)): [256, 23, 56, 16, 5, 4, 0, 1]
(2, (1, 0, 0), (0, 0)): [499473, 36301, 22876, 7274, 2300, 749, 292, 82, 18, 10, 6, 0, 1]
(2, (1, 0, 0), (0, 1)): [8175, 453, 360, 94, 38, 10, 6, 1]
(2, (1, 0, 0), (0, 2)): [2949, 130, 91, 16, 14, 2, 1]
(2, (1, 0, 0), (1, 0)): [8518, 681, 490, 194, 46, 15, 7, 2, 0, 0, 0, 0, 1]
(2, (1, 0, 0), (1, 1)): [6733, 416, 335, 112, 27, 4, 4, 1]
(2, (1, 0, 0), (1, 2)): [4158, 200, 140, 48, 15, 3]
(2, (1, 0, 0), (2, 0)): [2905, 281, 167, 91, 20, 7, 4, 0, 0, 0, 0, 0, 1]
(2, (1, 0, 0), (2, 1)): [3491, 236, 184, 72, 24, 6, 2, 1, 0, 0, 0, 0, 1]
(2, (1, 0, 0), (2, 2)): [3191, 185, 137, 44, 18, 5, 1, 1]
(2, (1, 0, 0), (3, 0)): [936, 131, 54, 52, 6, 3, 3]
(2, (1, 0, 0), (3, 1)): [1489, 163, 89, 54, 10, 4, 2, 0, 0, 0, 0, 0, 1]
(2, (1, 0, 0), (3, 2)): [1767, 159, 95, 46, 11, 8, 1, 1, 0, 0, 0, 0, 1]
(2, (1, 0, 1), (0, 0)): [83947, 20715, 8229, 4762, 1530, 518, 182, 58, 21, 7, 0, 2, 1]
(2, (1, 0, 1), (0, 1)): [1453, 297, 114, 82, 25, 5, 2, 2, 0, 0, 0, 1]
(2, (1, 0, 1), (0, 2)): [578, 90, 33, 18, 10, 0, 0, 1]
(2, (1, 0, 1), (1, 0)): [1362, 298, 147, 110, 38, 15, 5]
(2, (1, 0, 1), (1, 1)): [1094, 229, 91, 80, 19, 10, 5, 1, 0, 0, 0, 1]
(2, (1, 0, 1), (1, 2)): [756, 122, 45, 34, 11, 5, 1, 2, 0, 0, 0, 1]
(2, (1, 0, 1), (2, 0)): [511, 105, 69, 37, 15, 5, 2]
(2, (1, 0, 1), (2, 1)): [605, 130, 49, 42, 16, 5, 1]
(2, (1, 0, 1), (2, 2)): [528, 93, 35, 26, 10, 3, 1, 2, 0, 0, 0, 1]
(2, (1, 0, 1), (3, 1)): [283, 56, 35, 21, 7, 2, 3]
(2, (1, 0, 1), (3, 2)): [310, 62, 37, 15, 8, 3, 2, 2]
(2, (1, 1, 0), (0, 0)): [192143, 29563, 14914, 9927, 3148, 1056, 338, 112, 42, 18, 7, 1, 2, 1]
(2, (1, 1, 0), (0, 1)): [3382, 459, 212, 152, 44, 7, 5, 3, 0, 0, 0, 0, 1]
(2, (1, 1, 0), (0, 2)): [1353, 143, 62, 37, 11, 1, 2, 1]
(2, (1, 1, 0), (1, 0)): [3271, 506, 279, 228, 72, 23, 8, 2, 1, 1]
(2, (1, 1, 0), (1, 1)): [2738, 371, 176, 145, 35, 9, 4, 2, 1, 1, 0, 0, 1]
(2, (1, 1, 0), (1, 2)): [1877, 211, 93, 60, 14, 4, 2, 2]
(2, (1, 1, 0), (2, 0)): [1154, 195, 122, 93, 40, 13, 3, 1]
(2, (1, 1, 0), (2, 1)): [1462, 188, 124, 96, 28, 11, 4, 1, 1, 1, 0, 0, 1]
(2, (1, 1, 0), (2, 2)): [1401, 170, 82, 79, 16, 4, 4, 2, 1]
(2, (1, 1, 0), (3, 0)): [416, 78, 53, 36, 16, 6, 1]
(2, (1, 1, 0), (3, 1)): [643, 99, 76, 52, 16, 9, 2, 1, 0, 0, 0, 0, 1]
(2, (1, 1, 0), (3, 2)): [782, 104, 70, 55, 18, 4, 3, 2, 1]
(2, (1, 1, 1), (0, 0)): [55711, 8130, 9405, 4690, 3308, 1058, 355, 124, 42, 9, 6, 0, 1, 1]
(2, (1, 1, 1), (0, 1)): [1151, 114, 165, 81, 57, 10, 6, 3, 1, 0, 0, 0, 1]
(2, (1, 1, 1), (0, 2)): [533, 32, 41, 26, 16, 2, 2, 1, 1]
(2, (1, 1, 1), (1, 0)): [888, 252, 170, 102, 62, 27, 8, 1, 2, 0, 1]
(2, (1, 1, 1), (1, 1)): [839, 125, 141, 71, 46, 8, 4, 0, 0, 0, 1, 0, 1]
(2, (1, 1, 1), (1, 2)): [639, 55, 62, 34, 18, 4, 3, 1, 0, 0, 1]
(2, (1, 1, 1), (2, 0)): [252, 169, 48, 46, 33, 17, 4, 1, 1]
(2, (1, 1, 1), (2, 1)): [368, 112, 82, 42, 38, 11, 4, 0, 0, 0, 0, 0, 1]
(2, (1, 1, 1), (2, 2)): [415, 70, 57, 40, 21, 5, 3, 0, 0, 0, 1]
(2, (1, 1, 1), (3, 1)): [118, 115, 33, 28, 27, 8, 4]
(2, (1, 1, 1), (3, 2)): [197, 95, 40, 43, 23, 8, 5, 0, 0, 0, 1]
