(0, (0, 0, 0)): [16073, 3318, 1540, 734, 324, 134, 62, 27, 9, 4, 7]
(0, (0, 0, 1)): [106, 362, 101, 40, 23, 9, 6, 2, 0, 1, 1]
(0, (0, 1, 0)): [622, 599, 217, 126, 56, 23, 8, 3, 1, 1, 1]
(0, (0, 1, 1)): [44, 92, 142, 62, 26, 8, 6, 4, 2, 1, 1]
(0, (1, 0, 0)): [3812, 1424, 856, 428, 198, 93, 40, 18, 6, 3, 4]
(0, (1, 0, 1)): [103, 231, 124, 95, 52, 28, 11, 8, 3, 2, 2]
(0, (1, 1, 0)): [503, 329, 319, 181, 118, 54, 28, 9, 1, 4, 1]
(0, (1, 1, 1)): [67, 101, 90, 77, 59, 28, 16, 6, 2, 4, 1]
(1, (0, 0, 0)): [12597, 1355, 528, 217, 80, 31, 13, 6, 2, 1, 1]
(1, (0, 0, 1)): [572, 868, 186, 84, 32, 15, 6, 2, 2, 1]
(1, (0, 1, 0)): [2187, 1071, 342, 174, 59, 29, 5, 5, 3]
(1, (0, 1, 1)): [350, 312, 365, 128, 65, 26, 15, 2, 3, 1, 1]
(1, (1, 0, 0)): [5271, 1126, 591, 244, 85, 32, 12, 9, 4, 1, 2]
(1, (1, 0, 1)): [406, 476, 185, 127, 55, 25, 3, 4, 1, 1, 1]
(1, (1, 1, 0)): [1314, 419, 318, 203, 75, 28, 8, 6, 3, 1]
(1, (1, 1, 1)): [273, 216, 136, 121, 76, 35, 15, 8, 2]
(2, (0, 0, 0)): [11000, 461, 127, 51, 22, 5, 3, 1]
(2, (0, 0, 1)): [1575, 626, 84, 40, 9, 3, 3]
(2, (0, 1, 0)): [3738, 904, 205, 68, 15, 7, 6, 3]
(2, (0, 1, 1)): [979, 93, 241, 56, 19, 8, 1, 1]
(2, (1, 0, 0)): [6484, 550, 234, 85, 25, 14, 2, 2]
(2, (1, 0, 1)): [1021, 308, 118, 58, 24, 6, 1]
(2, (1, 1, 0)): [1993, 283, 171, 104, 17, 14, 2, 1, 1, 1]
(2, (1, 1, 1)): [599, 94, 119, 61, 32, 14, 4, 2, 1, 1]
