(0, (0, 0, 0)): [30291, 6048, 2887, 1347, 623, 278, 132, 49, 21, 9, 6, 0, 0, 1]
(0, (0, 0, 1)): [68, 203, 51, 30, 12, 4, 3, 0, 0, 0, 0, 0, 1]
(0, (0, 1, 0)): [1114, 956, 435, 218, 103, 56, 28, 14, 3, 5, 1]
(0, (0, 1, 1)): [90, 154, 197, 90, 64, 22, 7, 0, 3, 1]
(0, (1, 0, 0)): [5773, 1592, 1275, 637, 335, 155, 69, 24, 13, 5, 5, 1, 0, 1]
(0, (1, 0, 1)): [112, 332, 121, 121, 69, 33, 12, 6, 0, 1, 1]
(0, (1, 1, 0)): [907, 498, 375, 347, 168, 90, 46, 15, 12, 7, 4, 1]
(0, (1, 1, 1)): [81, 172, 130, 112, 76, 40, 30, 15, 11, 5, 2]
(1, (0, 0, 0)): [25513, 2904, 1234, 496, 178, 78, 34, 12, 3]
(1, (0, 0, 1)): [472, 675, 131, 52, 24, 7, 4, 1]
(1, (0, 1, 0)): [2906, 1116, 472, 202, 82, 31, 14, 3, 1, 1]
(1, (0, 1, 1)): [440, 405, 334, 173, 77, 24, 10, 1, 2, 1]
(1, (1, 0, 0)): [8994, 1327, 1148, 457, 194, 83, 35, 10, 1]
(1, (1, 0, 1)): [623, 661, 232, 176, 79, 41, 13, 5, 3]
(1, (1, 1, 0)): [2471, 690, 478, 385, 190, 72, 30, 12, 2, 3]
(1, (1, 1, 1)): [442, 397, 230, 148, 134, 62, 24, 9, 3, 2]
(2, (0, 0, 0)): [22604, 1190, 384, 126, 36, 7, 3, 3, 2]
(2, (0, 0, 1)): [1759, 413, 104, 34, 13, 5, 2]
(2, (0, 1, 0)): [5025, 948, 314, 112, 33, 9, 2, 1]
(2, (0, 1, 1)): [1261, 81, 250, 99, 26, 12, 1]
(2, (1, 0, 0)): [11027, 714, 614, 177, 53, 22, 11, 4, 2]
(2, (1, 0, 1)): [1979, 370, 149, 125, 34, 19, 5, 1]
(2, (1, 1, 0)): [3928, 531, 288, 249, 84, 25, 7, 3, 2]
(2, (1, 1, 1)): [1176, 172, 197, 100, 86, 22, 2, 3, 2]
