(0, (0, 0, 0)): [15012, 3228, 1588, 702, 371, 137, 81, 27, 9, 12, 1, 3, 1]
(0, (0, 0, 1)): [37, 213, 49, 31, 19, 7, 4, 2, 0, 0, 1]
(0, (0, 1, 0)): [504, 473, 207, 106, 81, 21, 17, 4, 3, 3]
(0, (0, 1, 1)): [34, 82, 103, 53, 27, 9, 7, 4, 3, 0, 1]
(0, (1, 0, 0)): [3327, 1140, 768, 385, 201, 87, 43, 11, 7, 10, 0, 3]
(0, (1, 0, 1)): [86, 272, 113, 69, 55, 19, 18, 3, 2, 3, 0, 1]
(0, (1, 1, 0)): [471, 299, 246, 185, 100, 38, 19, 4, 2, 4, 0, 1]
(0, (1, 1, 1)): [42, 99, 75, 61, 40, 19, 18, 5, 3, 4, 0, 1]
(1, (0, 0, 0)): [11907, 1441, 639, 223, 95, 33, 24, 11, 1, 0, 1, 0, 1]
(1, (0, 0, 1)): [301, 509, 104, 50, 19, 9, 5, 4, 1, 3, 1, 1, 1]
(1, (0, 1, 0)): [1587, 864, 306, 130, 57, 25, 6, 6, 1, 1]
(1, (0, 1, 1)): [284, 256, 230, 98, 56, 21, 12, 7, 3, 1, 1]
(1, (1, 0, 0)): [5080, 976, 634, 257, 122, 51, 27, 5, 5, 3, 1]
(1, (1, 0, 1)): [435, 599, 201, 120, 45, 27, 11, 5, 2, 1]
(1, (1, 1, 0)): [1334, 437, 320, 216, 122, 44, 22, 7, 2, 1]
(1, (1, 1, 1)): [259, 237, 149, 100, 75, 32, 17, 5, 3, 1]
(2, (0, 0, 0)): [10047, 458, 192, 56, 19, 7, 1, 2, 1]
(2, (0, 0, 1)): [1070, 344, 65, 21, 9, 4, 2, 1]
(2, (0, 1, 0)): [2678, 639, 187, 60, 27, 8, 2, 1, 1]
(2, (0, 1, 1)): [659, 68, 167, 56, 22, 11, 3, 1]
(2, (1, 0, 0)): [6187, 503, 329, 106, 33, 15, 7, 2, 1]
(2, (1, 0, 1)): [1186, 309, 131, 84, 30, 17, 6, 1]
(2, (1, 1, 0)): [2328, 382, 246, 125, 49, 16, 6, 1, 1]
(2, (1, 1, 1)): [686, 96, 124, 59, 49, 15, 7, 1, 1]
