(0, (0, 0, 0), (0, 0)): [545969, 110750, 51697, 23872, 10794, 4730, 1957, 843, 347, 172, 74, 26, 17, 4, 2]
(0, (0, 0, 0), (0, 1)): [1449, 278, 116, 43, 22, 6, 2, 4, 0, 1, 1]
(0, (0, 0, 0), (0, 2)): [592, 105, 42, 14, 5, 2, 1, 2]
(0, (0, 0, 0), (1, 0)): [1336, 269, 115, 51, 28, 19, 5, 2, 0, 2]
(0, (0, 0, 0), (1, 1)): [1117, 225, 90, 39, 17, 3, 1, 3, 0, 1, 1]
(0, (0, 0, 0), (1, 2)): [731, 137, 39, 16, 5, 2, 1, 2]
(0, (0, 0, 0), (2, 0)): [488, 110, 53, 27, 18, 13, 3, 1, 0, 1]
(0, (0, 0, 0), (2, 1)): [618, 124, 53, 24, 13, 6, 1, 1]
(0, (0, 0, 0), (2, 2)): [584, 114, 26, 12, 9, 5, 1, 1]
(0, (0, 0, 0), (3, 0)): [215, 50, 33, 19, 9, 10, 2, 1]
(0, (0, 0, 0), (3, 1)): [269, 60, 39, 16, 6, 2, 3, 1]
(0, (0, 0, 0), (3, 2)): [349, 72, 38, 14, 9, 3, 2, 1]
(0, (0, 0, 1), (0, 0)): [2575, 8435, 2351, 1108, 554, 219, 113, 61, 24, 11, 4, 1, 3]
(0, (0, 1, 0), (0, 0)): [17983, 18345, 6981, 3284, 1671, 739, 308, 137, 58, 35, 13, 4, 2]
(0, (0, 1, 1), (0, 0)): [1601, 2877, 3763, 1683, 897, 426, 186, 81, 46, 17, 6, 3, 0, 1, 1]
(0, (0, 1, 1), (1, 0)): [4, 7, 10, 6, 3, 3, 3]
(0, (1, 0, 0), (0, 0)): [121909, 43100, 26524, 13273, 6326, 2867, 1216, 530, 223, 117, 51, 17, 11, 3, 2]
(0, (1, 0, 0), (0, 1)): [299, 69, 53, 22, 15, 5, 3, 1, 1, 1]
(0, (1, 0, 0), (1, 0)): [233, 93, 61, 18, 8, 4, 3, 4, 2]
(0, (1, 0, 0), (1, 1)): [194, 55, 43, 15, 10, 2, 1, 1]
(0, (1, 0, 0), (2, 0)): [91, 41, 19, 9, 4, 1, 2, 3, 2]
(0, (1, 0, 0), (2, 1)): [98, 33, 19, 10, 3, 0, 1, 0, 2]
(0, (1, 0, 0), (2, 2)): [92, 25, 18, 5, 2, 1, 0, 0, 1]
(0, (1, 0, 1), (0, 0)): [2829, 8973, 3925, 2606, 1418, 663, 343, 139, 64, 27, 12, 8, 3, 0, 1]
(0, (1, 0, 1), (0, 1)): [5, 17, 3, 7, 2, 1, 3, 1]
(0, (1, 0, 1), (0, 2)): [3, 10, 1, 2, 0, 0, 2, 1]
(0, (1, 1, 0), (0, 0)): [16127, 10774, 8917, 6002, 3246, 1496, 666, 325, 127, 66, 34, 9, 5, 1]
(0, (1, 1, 0), (0, 1)): [52, 23, 20, 12, 3, 7, 1]
(0, (1, 1, 0), (0, 2)): [13, 7, 9, 5, 2, 2]
(0, (1, 1, 0), (1, 0)): [33, 22, 17, 16, 7, 5, 4, 2, 1]
(0, (1, 1, 0), (2, 0)): [14, 4, 8, 7, 6, 1, 2, 2]
(0, (1, 1, 0), (3, 0)): [5, 2, 5, 4, 2, 0, 0, 2]
(0, (1, 1, 1), (0, 0)): [1671, 3070, 2659, 2170, 1682, 836, 387, 198, 89, 42, 24, 7, 1, 1, 1]
(1, (0, 0, 0), (0, 0)): [432396, 46767, 19253, 7695, 3047, 1236, 463, 194, 73, 26, 11, 6, 2, 1]
(1, (0, 0, 0), (0, 1)): [1181, 118, 37, 10, 10, 0, 0, 1]
(1, (0, 0, 0), (0, 2)): [486, 32, 15, 6, 3, 0, 0, 1]
(1, (0, 0, 0), (1, 0)): [1023, 120, 49, 14, 4, 3, 0, 1]
(1, (0, 0, 0), (1, 1)): [903, 97, 35, 11, 5, 1]
(1, (0, 0, 0), (1, 2)): [570, 53, 18, 10, 3, 1]
(1, (0, 0, 0), (2, 0)): [345, 50, 24, 5, 1, 1]
(1, (0, 0, 0), (2, 1)): [464, 54, 28, 6, 4]
(1, (0, 0, 0), (2, 2)): [455, 45, 22, 9, 4, 1]
(1, (0, 0, 0), (3, 0)): [136, 18, 8, 2, 1, 1]
(1, (0, 0, 0), (3, 1)): [191, 34, 13, 1, 1]
(1, (0, 0, 0), (3, 2)): [261, 35, 20, 4, 1, 1]
(1, (0, 0, 1), (0, 0)): [13876, 21835, 4244, 1772, 769, 302, 129, 65, 27, 11, 6, 4, 3, 1]
(1, (0, 0, 1), (1, 0)): [34, 35, 11, 4, 3]
(1, (0, 0, 1), (2, 0)): [14, 13, 7, 2, 2]
(1, (0, 0, 1), (3, 0)): [8, 10, 6, 2, 1]
(1, (0, 1, 0), (0, 0)): [63434, 31244, 10607, 4384, 1808, 759, 271, 119, 34, 24, 7, 5, 4]
(1, (0, 1, 0), (0, 1)): [158, 57, 15, 7, 2, 1, 1, 1]
(1, (0, 1, 0), (0, 2)): [61, 21, 5, 0, 0, 1, 1]
(1, (0, 1, 0), (1, 0)): [179, 81, 26, 12, 10, 2]
(1, (0, 1, 0), (2, 0)): [72, 25, 13, 6, 6, 1]
(1, (0, 1, 0), (3, 0)): [41, 14, 5, 3, 6]
(1, (0, 1, 1), (0, 0)): [10767, 9308, 9321, 3639, 1700, 687, 265, 109, 55, 19, 8, 4, 1, 1]
(1, (0, 1, 1), (0, 1)): [36, 11, 22, 4, 1, 0, 0, 1]
(1, (0, 1, 1), (1, 0)): [41, 16, 18, 9, 10, 4, 2, 1]
(1, (0, 1, 1), (2, 0)): [25, 14, 9, 5, 7, 4, 1, 1]
(1, (0, 1, 1), (2, 1)): [12, 7, 9, 3]
(1, (0, 1, 1), (2, 2)): [14, 2, 6, 3]
(1, (0, 1, 1), (3, 0)): [17, 10, 6, 3, 7, 4, 1, 1]
(1, (1, 0, 0), (0, 0)): [176611, 33659, 19951, 8760, 3471, 1474, 539, 216, 95, 40, 16, 11, 2, 2]
(1, (1, 0, 0), (0, 1)): [446, 60, 47, 19, 9, 3, 2]
(1, (1, 0, 0), (0, 2)): [176, 25, 23, 5, 1]
(1, (1, 0, 0), (1, 0)): [409, 82, 65, 24, 5, 4, 0, 1]
(1, (1, 0, 0), (1, 1)): [320, 51, 31, 15, 4, 4, 1, 1]
(1, (1, 0, 0), (2, 0)): [139, 32, 34, 12, 3, 1]
(1, (1, 0, 0), (2, 1)): [153, 31, 25, 10, 2, 3, 0, 1]
(1, (1, 0, 0), (2, 2)): [143, 19, 19, 6, 3, 1]
(1, (1, 0, 0), (3, 0)): [57, 17, 14, 7, 3]
(1, (1, 0, 1), (0, 0)): [13842, 17955, 6180, 3872, 1636, 720, 256, 104, 38, 27, 10, 2]
(1, (1, 0, 1), (0, 1)): [37, 34, 11, 9, 4, 1, 1, 1]
(1, (1, 0, 1), (0, 2)): [25, 8, 5, 6, 1, 1, 0, 1]
(1, (1, 0, 1), (1, 0)): [31, 47, 7, 11, 4, 4, 0, 1]
(1, (1, 0, 1), (1, 1)): [17, 31, 7, 8, 3, 0, 1]
(1, (1, 1, 0), (0, 0)): [46230, 14799, 10721, 7021, 3056, 1316, 522, 202, 82, 35, 11, 6, 2, 3]
(1, (1, 1, 0), (0, 1)): [110, 31, 25, 17, 7, 3, 1]
(1, (1, 1, 0), (0, 2)): [46, 17, 7, 7, 3]
(1, (1, 1, 0), (1, 0)): [102, 26, 26, 25, 13, 2]
(1, (1, 1, 0), (1, 1)): [88, 16, 17, 15, 4, 1, 1]
(1, (1, 1, 0), (1, 2)): [54, 9, 9, 8, 4]
(1, (1, 1, 0), (2, 2)): [43, 9, 6, 6, 3]
(1, (1, 1, 0), (3, 2)): [20, 8, 3, 4, 4]
(1, (1, 1, 1), (0, 0)): [9308, 7746, 5081, 3607, 2421, 1087, 449, 178, 73, 27, 11, 6, 2, 1]
(2, (0, 0, 0), (0, 0)): [370940, 15820, 5361, 1668, 600, 223, 73, 29, 7, 2, 2]
(2, (0, 0, 0), (0, 1)): [1039, 51, 12, 4, 1]
(2, (0, 0, 0), (0, 2)): [385, 13, 4, 3]
(2, (0, 0, 0), (1, 0)): [1044, 68, 22, 8, 3]
(2, (0, 0, 0), (1, 1)): [888, 46, 14, 3, 2]
(2, (0, 0, 0), (1, 2)): [517, 15, 9, 2, 1]
(2, (0, 0, 0), (2, 0)): [397, 27, 10, 5, 1]
(2, (0, 0, 0), (2, 1)): [534, 32, 8, 5, 1]
(2, (0, 0, 0), (2, 2)): [458, 20, 10, 6, 1]
(2, (0, 0, 0), (3, 0)): [138, 13, 7, 2, 1]
(2, (0, 0, 0), (3, 1)): [235, 19, 5, 0, 1]
(2, (0, 0, 0), (3, 2)): [310, 22, 10, 2, 1]
(2, (0, 0, 1), (0, 0)): [41613, 14145, 2503, 841, 287, 111, 39, 11, 1, 2, 0, 1]
(2, (0, 0, 1), (0, 1)): [97, 34, 8]
(2, (0, 0, 1), (0, 2)): [47, 12, 5]
(2, (0, 1, 0), (0, 0)): [102884, 24119, 5798, 1956, 635, 228, 74, 22, 6, 1]
(2, (0, 1, 0), (1, 0)): [286, 46, 18, 7, 2, 1]
(2, (0, 1, 0), (2, 0)): [138, 22, 13, 7, 2, 1]
(2, (0, 1, 1), (0, 0)): [25457, 2290, 6132, 1600, 589, 205, 66, 24, 10, 3, 1]
(2, (0, 1, 1), (1, 0)): [80, 6, 19, 8, 2, 1]
(2, (0, 1, 1), (2, 0)): [45, 3, 9, 6, 1, 1]
(2, (0, 1, 1), (3, 0)): [39, 1, 7, 4, 1, 1]
(2, (1, 0, 0), (0, 0)): [216525, 16844, 9260, 3044, 1008, 333, 124, 45, 12, 3, 3]
(2, (1, 0, 0), (0, 1)): [487, 24, 18, 7, 2, 1]
(2, (1, 0, 0), (0, 2)): [173, 10, 4, 0, 1, 1]
(2, (1, 0, 0), (1, 0)): [506, 24, 23, 9, 4, 1]
(2, (1, 0, 0), (1, 1)): [387, 16, 16, 9, 1]
(2, (1, 0, 0), (1, 2)): [218, 11, 9, 4, 1]
(2, (1, 0, 0), (2, 0)): [179, 13, 6, 6, 2]
(2, (1, 0, 0), (2, 1)): [181, 13, 6, 0, 1]
(2, (1, 0, 0), (3, 1)): [81, 8, 4, 1]
(2, (1, 0, 1), (0, 0)): [36240, 9782, 4200, 2135, 676, 259, 80, 32, 11, 2, 0, 1]
(2, (1, 0, 1), (0, 1)): [79, 18, 8, 9, 1, 1]
(2, (1, 0, 1), (0, 2)): [32, 5, 3, 4]
(2, (1, 0, 1), (1, 0)): [75, 13, 8, 9, 2, 1]
(2, (1, 0, 1), (2, 0)): [34, 4, 6, 6, 2]
(2, (1, 0, 1), (3, 0)): [20, 1, 2, 1]
(2, (1, 1, 0), (0, 0)): [77419, 12264, 6625, 3914, 1243, 448, 132, 45, 19, 7, 4, 0, 0, 1]
(2, (1, 1, 0), (0, 1)): [188, 24, 18, 6, 5]
(2, (1, 1, 0), (1, 0)): [177, 24, 14, 16, 2, 2, 0, 1]
(2, (1, 1, 0), (1, 1)): [129, 19, 7, 5, 2]
(2, (1, 1, 0), (1, 2)): [84, 12, 5, 2, 1]
(2, (1, 1, 1), (0, 0)): [22911, 3480, 3981, 2104, 1377, 467, 150, 55, 23, 6, 4, 0, 0, 1]
(2, (1, 1, 1), (0, 1)): [75, 10, 12, 6, 3, 1]
(2, (1, 1, 1), (0, 2)): [43, 5, 1, 0, 1, 1]
(2, (1, 1, 1), (1, 0)): [52, 19, 11, 14, 1, 2]
(2, (1, 1, 1), (1, 2)): [33, 4, 4, 3, 1, 1]
