(0, (0, 0, 0)): [78096, 14698, 6502, 2934, 1316, 499, 206, 92, 27, 8, 14]
(0, (0, 0, 1)): [529, 1440, 391, 173, 87, 30, 17, 6, 1, 1, 2]
(0, (0, 1, 0)): [2684, 2610, 932, 433, 217, 69, 30, 7, 4, 2, 3]
(0, (0, 1, 1)): [237, 360, 504, 240, 99, 51, 20, 8, 5, 3, 1]
(0, (1, 0, 0)): [17828, 6240, 3514, 1746, 788, 324, 126, 59, 19, 6, 9]
(0, (1, 0, 1)): [432, 985, 521, 281, 171, 66, 34, 17, 7, 2, 3]
(0, (1, 1, 0)): [2294, 1501, 1259, 797, 425, 179, 71, 33, 7, 8, 5]
(0, (1, 1, 1)): [286, 421, 367, 330, 243, 117, 52, 24, 10, 8, 3]
(1, (0, 0, 0)): [61491, 5940, 2312, 860, 345, 134, 46, 27, 4, 1, 2]
(1, (0, 0, 1)): [2596, 3814, 701, 288, 127, 42, 21, 10, 2, 1]
(1, (0, 1, 0)): [10235, 4776, 1538, 659, 248, 99, 29, 15, 4]
(1, (0, 1, 1)): [1683, 1369, 1462, 546, 206, 90, 31, 9, 4, 3, 1]
(1, (1, 0, 0)): [24560, 4708, 2423, 1018, 399, 164, 54, 27, 7, 1, 2]
(1, (1, 0, 1)): [1770, 2139, 817, 468, 199, 64, 17, 13, 3, 1, 1]
(1, (1, 1, 0)): [5940, 1826, 1322, 839, 346, 129, 47, 18, 6, 1]
(1, (1, 1, 1)): [1216, 946, 615, 478, 294, 130, 52, 23, 5, 2]
(2, (0, 0, 0)): [53784, 1947, 612, 182, 64, 13, 5, 2, 0, 0, 1]
(2, (0, 0, 1)): [6928, 2504, 380, 123, 37, 6, 4, 2]
(2, (0, 1, 0)): [17054, 3763, 872, 261, 66, 21, 11, 6]
(2, (0, 1, 1)): [4099, 433, 954, 219, 78, 24, 6, 1]
(2, (1, 0, 0)): [29875, 2253, 1019, 325, 94, 30, 10, 4, 0, 0, 1]
(2, (1, 0, 1)): [4443, 1259, 571, 211, 72, 15, 6, 2]
(2, (1, 1, 0)): [8989, 1238, 756, 415, 97, 37, 10, 3, 1, 1, 1]
(2, (1, 1, 1)): [2773, 441, 436, 239, 146, 43, 20, 4, 2, 2, 1]
