(0, (0, 0, 0)): [13956, 2643, 1163, 565, 265, 114, 33, 23, 6, 6, 1, 0, 1]
(0, (0, 0, 1)): [48, 136, 32, 17, 10, 4, 1, 1, 0, 1]
(0, (0, 1, 0)): [474, 429, 142, 72, 39, 9, 3, 4, 0, 1]
(0, (0, 1, 1)): [33, 63, 89, 24, 26, 7, 5, 4, 1]
(0, (1, 0, 0)): [3135, 1029, 640, 309, 159, 71, 26, 15, 6, 4, 1, 0, 1]
(0, (1, 0, 1)): [63, 252, 89, 63, 28, 16, 2, 2]
(0, (1, 1, 0)): [397, 243, 213, 158, 80, 38, 18, 7, 3, 0, 1]
(0, (1, 1, 1)): [44, 67, 60, 50, 42, 20, 9, 11, 3]
(1, (0, 0, 0)): [10995, 1153, 415, 204, 73, 33, 9, 3, 2, 1]
(1, (0, 0, 1)): [267, 418, 71, 31, 8, 4, 2, 1, 2]
(1, (0, 1, 0)): [1523, 748, 257, 108, 41, 16, 3, 2, 1, 1, 0, 0, 1]
(1, (0, 1, 1)): [227, 213, 168, 82, 42, 22, 5, 4, 2]
(1, (1, 0, 0)): [4433, 858, 436, 218, 81, 31, 12, 5, 2, 2]
(1, (1, 0, 1)): [326, 466, 131, 75, 32, 17, 4, 3]
(1, (1, 1, 0)): [1251, 414, 263, 188, 71, 24, 16, 2, 3, 3, 1, 0, 1]
(1, (1, 1, 1)): [258, 231, 151, 107, 62, 29, 10, 7, 3, 0, 0, 1, 1]
(2, (0, 0, 0)): [9366, 356, 113, 41, 14, 9, 1, 0, 0, 1]
(2, (0, 0, 1)): [762, 279, 37, 18, 3, 4]
(2, (0, 1, 0)): [2356, 525, 118, 42, 15, 8]
(2, (0, 1, 1)): [519, 38, 110, 39, 13, 4, 1, 2]
(2, (1, 0, 0)): [5485, 390, 217, 80, 23, 12, 3, 1, 0, 1]
(2, (1, 0, 1)): [793, 208, 74, 54, 14, 9, 1]
(2, (1, 1, 0)): [2369, 372, 183, 114, 40, 13, 2, 0, 0, 1]
(2, (1, 1, 1)): [656, 93, 126, 52, 32, 10, 1, 1, 1, 1]
