(0, (0, 0, 0), (0, 0)): [15509, 3012, 1440, 660, 308, 145, 60, 24, 13, 7, 4, 2, 1]
(0, (0, 0, 0), (0, 1)): [36, 4, 0, 1]
(0, (0, 0, 0), (0, 2)): [17, 2]
(0, (0, 0, 0), (1, 0)): [30, 6, 2]
(0, (0, 0, 0), (1, 1)): [18, 4, 2, 1]
(0, (0, 0, 0), (1, 2)): [14, 2]
(0, (0, 0, 0), (2, 0)): [15, 2]
(0, (0, 0, 0), (2, 1)): [16, 2, 1]
(0, (0, 0, 0), (2, 2)): [15, 3, 1]
(0, (0, 0, 0), (3, 0)): [3]
(0, (0, 0, 0), (3, 1)): [6]
(0, (0, 0, 0), (3, 2)): [5, 1]
(0, (0, 0, 1), (0, 0)): [57, 186, 60, 26, 13, 4, 4, 2]
(0, (0, 1, 0), (0, 0)): [473, 499, 187, 108, 45, 22, 10, 2, 3, 0, 1]
(0, (0, 1, 0), (0, 1)): [0, 1]
(0, (0, 1, 1), (0, 0)): [51, 95, 95, 31, 24, 16, 5, 1, 2, 1]
(0, (0, 1, 1), (1, 0)): [0, 0, 1]
(0, (1, 0, 0), (0, 0)): [3373, 1123, 744, 345, 185, 103, 36, 16, 8, 7, 2]
(0, (1, 0, 0), (0, 1)): [5, 2, 1, 0, 0, 0, 1]
(0, (1, 0, 0), (0, 2)): [2]
(0, (1, 0, 0), (1, 0)): [8, 2, 2]
(0, (1, 0, 0), (1, 1)): [3, 2, 1]
(0, (1, 0, 0), (1, 2)): [2, 1, 1]
(0, (1, 0, 0), (2, 0)): [4, 1, 1]
(0, (1, 0, 0), (2, 1)): [3, 1, 1]
(0, (1, 0, 0), (2, 2)): [3, 0, 1]
(0, (1, 0, 0), (3, 0)): [1, 1]
(0, (1, 0, 0), (3, 2)): [0, 0, 1]
(0, (1, 0, 1), (0, 0)): [99, 258, 123, 87, 43, 23, 6, 9, 3, 2]
(0, (1, 0, 1), (0, 1)): [0, 1]
(0, (1, 0, 1), (0, 2)): [0, 1]
(0, (1, 0, 1), (1, 0)): [0, 0, 1]
(0, (1, 0, 1), (1, 1)): [0, 0, 1]
(0, (1, 0, 1), (2, 1)): [0, 0, 1]
(0, (1, 0, 1), (2, 2)): [0, 0, 1]
(0, (1, 0, 1), (3, 2)): [0, 0, 1]
(0, (1, 1, 0), (0, 0)): [446, 284, 254, 150, 86, 37, 23, 5, 4, 4, 2]
(0, (1, 1, 0), (0, 1)): [3]
(0, (1, 1, 0), (1, 0)): [0, 0, 1]
(0, (1, 1, 0), (1, 1)): [3]
(0, (1, 1, 0), (1, 2)): [2]
(0, (1, 1, 0), (2, 1)): [1]
(0, (1, 1, 1), (0, 0)): [35, 76, 86, 44, 35, 18, 15, 3, 4, 3, 1]
(0, (1, 1, 1), (0, 1)): [0, 1]
(0, (1, 1, 1), (1, 1)): [0, 1]
(0, (1, 1, 1), (2, 1)): [0, 1]
(1, (0, 0, 0), (0, 0)): [12333, 1302, 548, 222, 88, 28, 18, 5, 2, 0, 1, 2, 1]
(1, (0, 0, 0), (0, 1)): [25, 1]
(1, (0, 0, 0), (0, 2)): [5]
(1, (0, 0, 0), (1, 0)): [25, 3, 0, 1]
(1, (0, 0, 0), (1, 1)): [26, 1]
(1, (0, 0, 0), (1, 2)): [10]
(1, (0, 0, 0), (2, 0)): [8, 1, 0, 1]
(1, (0, 0, 0), (2, 1)): [13, 0, 0, 1]
(1, (0, 0, 0), (2, 2)): [10]
(1, (0, 0, 0), (3, 0)): [1]
(1, (0, 0, 0), (3, 1)): [3]
(1, (0, 0, 0), (3, 2)): [7]
(1, (0, 0, 1), (0, 0)): [316, 560, 105, 65, 21, 3, 2, 2, 1]
(1, (0, 0, 1), (0, 1)): [0, 1]
(1, (0, 0, 1), (1, 0)): [0, 1]
(1, (0, 0, 1), (1, 1)): [0, 1]
(1, (0, 0, 1), (2, 1)): [0, 1]
(1, (0, 0, 1), (2, 2)): [0, 1]
(1, (0, 1, 0), (0, 0)): [1708, 850, 260, 127, 55, 33, 6, 3, 3, 1]
(1, (0, 1, 0), (0, 1)): [3, 1]
(1, (0, 1, 0), (0, 2)): [2]
(1, (0, 1, 0), (1, 0)): [5, 2]
(1, (0, 1, 0), (1, 1)): [4, 2]
(1, (0, 1, 0), (1, 2)): [2, 2]
(1, (0, 1, 0), (2, 0)): [1]
(1, (0, 1, 0), (2, 1)): [2]
(1, (0, 1, 0), (2, 2)): [0, 2]
(1, (0, 1, 0), (3, 1)): [1]
(1, (0, 1, 1), (0, 0)): [281, 241, 236, 67, 45, 17, 10, 4, 2, 1]
(1, (0, 1, 1), (0, 1)): [2, 0, 2]
(1, (0, 1, 1), (0, 2)): [1, 0, 1]
(1, (0, 1, 1), (1, 0)): [3, 0, 0, 0, 0, 0, 1]
(1, (0, 1, 1), (1, 1)): [1]
(1, (0, 1, 1), (2, 0)): [2, 0, 0, 0, 0, 0, 1]
(1, (0, 1, 1), (3, 0)): [1, 0, 0, 0, 0, 0, 1]
(1, (1, 0, 0), (0, 0)): [4969, 870, 605, 249, 104, 44, 23, 7, 3, 1, 1, 2, 1]
(1, (1, 0, 0), (0, 1)): [6, 1, 1]
(1, (1, 0, 0), (0, 2)): [4, 0, 1]
(1, (1, 0, 0), (1, 0)): [12, 1]
(1, (1, 0, 0), (1, 1)): [5, 2]
(1, (1, 0, 0), (1, 2)): [4, 1]
(1, (1, 0, 0), (2, 0)): [5]
(1, (1, 0, 0), (2, 1)): [2]
(1, (1, 0, 0), (2, 2)): [3]
(1, (1, 0, 0), (3, 0)): [4]
(1, (1, 0, 0), (3, 1)): [3]
(1, (1, 0, 0), (3, 2)): [4]
(1, (1, 0, 1), (0, 0)): [396, 554, 193, 158, 50, 20, 9, 2, 3, 1, 1]
(1, (1, 0, 1), (0, 1)): [0, 2]
(1, (1, 0, 1), (1, 0)): [1, 0, 0, 1]
(1, (1, 0, 1), (1, 1)): [1, 1, 0, 1]
(1, (1, 0, 1), (1, 2)): [1]
(1, (1, 0, 1), (2, 2)): [1]
(1, (1, 1, 0), (0, 0)): [1297, 386, 311, 164, 92, 40, 20, 6, 2, 2, 0, 2, 1]
(1, (1, 1, 0), (0, 1)): [4, 0, 1, 0, 1]
(1, (1, 1, 0), (0, 2)): [2, 0, 1, 0, 1]
(1, (1, 1, 0), (1, 0)): [3]
(1, (1, 1, 0), (1, 1)): [2]
(1, (1, 1, 0), (1, 2)): [0, 0, 0, 0, 1]
(1, (1, 1, 0), (2, 0)): [2]
(1, (1, 1, 0), (2, 1)): [2]
(1, (1, 1, 0), (2, 2)): [1]
(1, (1, 1, 0), (3, 1)): [1]
(1, (1, 1, 0), (3, 2)): [1]
(1, (1, 1, 1), (0, 0)): [244, 211, 146, 78, 53, 28, 18, 5, 8, 3, 2, 2, 1]
(1, (1, 1, 1), (1, 0)): [1, 0, 0, 0, 0, 0, 1]
(1, (1, 1, 1), (1, 1)): [1, 0, 0, 0, 0, 0, 1]
(1, (1, 1, 1), (1, 2)): [0, 0, 0, 0, 0, 0, 1]
(1, (1, 1, 1), (2, 1)): [1]
(1, (1, 1, 1), (2, 2)): [0, 0, 0, 0, 0, 0, 1]
(2, (0, 0, 0), (0, 0)): [10463, 428, 155, 47, 16, 5, 2, 1]
(2, (0, 0, 0), (0, 1)): [19, 0, 0, 1]
(2, (0, 0, 0), (0, 2)): [7, 0, 0, 1]
(2, (0, 0, 0), (1, 0)): [22, 2]
(2, (0, 0, 0), (1, 1)): [19, 1]
(2, (0, 0, 0), (1, 2)): [12, 0, 0, 1]
(2, (0, 0, 0), (2, 0)): [6, 1]
(2, (0, 0, 0), (2, 1)): [9, 2]
(2, (0, 0, 0), (2, 2)): [11, 1, 0, 1]
(2, (0, 0, 0), (3, 0)): [1]
(2, (0, 0, 0), (3, 1)): [3]
(2, (0, 0, 0), (3, 2)): [4]
(2, (0, 0, 1), (0, 0)): [1033, 366, 56, 25, 10, 3, 1]
(2, (0, 0, 1), (0, 1)): [2, 1]
(2, (0, 0, 1), (0, 2)): [2]
(2, (0, 0, 1), (1, 0)): [1, 1]
(2, (0, 0, 1), (1, 1)): [1, 1]
(2, (0, 0, 1), (1, 2)): [1]
(2, (0, 0, 1), (2, 0)): [0, 1]
(2, (0, 0, 1), (2, 1)): [0, 1]
(2, (0, 0, 1), (2, 2)): [1, 1]
(2, (0, 0, 1), (3, 2)): [0, 1]
(2, (0, 1, 0), (0, 0)): [2688, 598, 148, 59, 15, 7, 0, 1]
(2, (0, 1, 0), (0, 1)): [4]
(2, (0, 1, 0), (0, 2)): [3]
(2, (0, 1, 0), (1, 0)): [5]
(2, (0, 1, 0), (1, 1)): [2]
(2, (0, 1, 0), (1, 2)): [3]
(2, (0, 1, 0), (2, 0)): [3]
(2, (0, 1, 0), (2, 2)): [2]
(2, (0, 1, 0), (3, 0)): [3]
(2, (0, 1, 0), (3, 1)): [1]
(2, (0, 1, 0), (3, 2)): [2]
(2, (0, 1, 1), (0, 0)): [613, 54, 155, 33, 11, 6, 0, 3]
(2, (0, 1, 1), (0, 1)): [1]
(2, (0, 1, 1), (0, 2)): [1]
(2, (0, 1, 1), (1, 0)): [1]
(2, (0, 1, 1), (1, 1)): [1]
(2, (0, 1, 1), (2, 1)): [1]
(2, (1, 0, 0), (0, 0)): [6240, 422, 273, 99, 36, 14, 3, 3]
(2, (1, 0, 0), (0, 1)): [9, 1, 1]
(2, (1, 0, 0), (0, 2)): [4, 1]
(2, (1, 0, 0), (1, 0)): [16]
(2, (1, 0, 0), (1, 1)): [8]
(2, (1, 0, 0), (1, 2)): [2, 1]
(2, (1, 0, 0), (2, 0)): [10]
(2, (1, 0, 0), (2, 1)): [6]
(2, (1, 0, 0), (2, 2)): [3, 1]
(2, (1, 0, 0), (3, 0)): [1]
(2, (1, 0, 0), (3, 1)): [1]
(2, (1, 0, 0), (3, 2)): [2, 1]
(2, (1, 0, 1), (0, 0)): [1152, 259, 123, 65, 28, 11, 2, 2]
(2, (1, 0, 1), (0, 1)): [3]
(2, (1, 0, 1), (0, 2)): [1]
(2, (1, 0, 1), (1, 0)): [3]
(2, (1, 0, 1), (1, 1)): [3]
(2, (1, 0, 1), (1, 2)): [3]
(2, (1, 0, 1), (2, 0)): [2]
(2, (1, 0, 1), (2, 1)): [1]
(2, (1, 0, 1), (3, 0)): [1]
(2, (1, 1, 0), (0, 0)): [2173, 345, 191, 120, 32, 21, 4, 1]
(2, (1, 1, 0), (0, 1)): [3, 0, 1]
(2, (1, 1, 0), (0, 2)): [1]
(2, (1, 1, 0), (1, 0)): [4]
(2, (1, 1, 0), (1, 1)): [2]
(2, (1, 1, 0), (1, 2)): [1]
(2, (1, 1, 0), (2, 0)): [2]
(2, (1, 1, 0), (2, 1)): [2]
(2, (1, 1, 0), (2, 2)): [2]
(2, (1, 1, 0), (3, 0)): [1]
(2, (1, 1, 1), (0, 0)): [606, 97, 116, 62, 45, 19, 4, 3, 1]
(2, (1, 1, 1), (0, 1)): [1]
(2, (1, 1, 1), (1, 0)): [2]
(2, (1, 1, 1), (1, 1)): [2]
(2, (1, 1, 1), (1, 2)): [2]
