(0, (0, 0, 0)): [561164, 113587, 53085, 24521, 11111, 4829, 2020, 866, 358, 179, 75, 26, 17, 4, 2]
(0, (0, 0, 1)): [2636, 8604, 2405, 1133, 573, 224, 117, 63, 24, 11, 4, 1, 3]
(0, (0, 1, 0)): [18456, 18789, 7138, 3380, 1718, 757, 319, 140, 60, 37, 13, 4, 2]
(0, (0, 1, 1)): [1642, 2941, 3852, 1728, 914, 430, 191, 82, 47, 17, 6, 3, 0, 1, 1]
(0, (1, 0, 0)): [125234, 44094, 27217, 13610, 6508, 2932, 1252, 543, 231, 119, 52, 17, 11, 3, 2]
(0, (1, 0, 1)): [2885, 9205, 4013, 2668, 1450, 671, 349, 140, 64, 28, 12, 8, 3, 0, 1]
(0, (1, 1, 0)): [16597, 11079, 9127, 6152, 3341, 1543, 680, 336, 134, 70, 35, 9, 5, 1]
(0, (1, 1, 1)): [1718, 3172, 2736, 2240, 1732, 851, 391, 204, 91, 43, 24, 7, 1, 1, 1]
(1, (0, 0, 0)): [444607, 48037, 19794, 7924, 3143, 1257, 481, 199, 73, 27, 11, 6, 2, 1]
(1, (0, 0, 1)): [14183, 22222, 4311, 1815, 790, 305, 134, 65, 29, 11, 6, 4, 3, 1]
(1, (0, 1, 0)): [64988, 31902, 10854, 4500, 1858, 771, 282, 124, 35, 24, 7, 5, 4]
(1, (0, 1, 1)): [11007, 9496, 9485, 3707, 1755, 709, 273, 110, 56, 19, 8, 4, 1, 1]
(1, (1, 0, 0)): [181405, 34462, 20494, 9005, 3572, 1503, 558, 223, 96, 41, 16, 11, 2, 2]
(1, (1, 0, 1)): [14177, 18388, 6303, 3947, 1679, 733, 268, 106, 40, 27, 10, 2]
(1, (1, 1, 0)): [47661, 15256, 11024, 7235, 3140, 1349, 535, 214, 83, 36, 11, 6, 2, 3]
(1, (1, 1, 1)): [9623, 7994, 5245, 3709, 2499, 1117, 461, 185, 75, 28, 11, 6, 2, 1]
(2, (0, 0, 0)): [381347, 16286, 5529, 1726, 620, 229, 77, 29, 7, 2, 2]
(2, (0, 0, 1)): [42430, 14418, 2544, 860, 296, 111, 39, 12, 1, 2, 0, 1]
(2, (0, 1, 0)): [105320, 24648, 5933, 2025, 652, 236, 76, 22, 6, 1]
(2, (0, 1, 1)): [26017, 2325, 6253, 1627, 606, 207, 68, 25, 10, 3, 1]
(2, (1, 0, 0)): [222270, 17230, 9558, 3139, 1034, 339, 130, 45, 12, 3, 3]
(2, (1, 0, 1)): [37125, 9998, 4273, 2194, 697, 260, 82, 32, 11, 2, 0, 1]
(2, (1, 1, 0)): [80082, 12706, 6859, 4057, 1279, 461, 141, 47, 19, 7, 4, 0, 0, 1]
(2, (1, 1, 1)): [23653, 3592, 4120, 2159, 1418, 485, 159, 56, 23, 6, 4, 0, 0, 1]
