(0, (0, 0, 0), (0, 0)): [2209549, 452272, 207982, 95247, 42765, 18331, 7660, 3065, 1253, 540, 248, 114, 40, 22, 6, 1, 1, 1]
(0, (0, 0, 0), (0, 1)): [372855, 73079, 33290, 15585, 6836, 3018, 1254, 430, 192, 85, 44, 22, 5, 4, 1, 1]
(0, (0, 0, 0), (0, 2)): [142993, 24854, 11148, 5123, 2203, 960, 390, 130, 60, 30, 8, 4, 3, 0, 1]
(0, (0, 0, 0), (1, 0)): [312964, 71026, 33725, 15768, 7442, 3152, 1382, 561, 215, 79, 45, 17, 4, 6, 2, 0, 1]
(0, (0, 0, 0), (1, 1)): [310988, 63996, 29685, 13884, 6247, 2701, 1148, 420, 188, 66, 44, 18, 3, 6, 0, 1, 1]
(0, (0, 0, 0), (1, 2)): [215012, 38771, 17725, 8083, 3568, 1512, 645, 238, 106, 39, 14, 8, 5, 1, 1]
(0, (0, 0, 0), (2, 0)): [100134, 25143, 12839, 6057, 2976, 1252, 544, 246, 79, 35, 19, 8, 2, 3, 1]
(0, (0, 0, 0), (2, 1)): [158909, 35918, 17564, 8209, 3868, 1680, 672, 297, 113, 44, 27, 12, 2, 4, 0, 0, 1]
(0, (0, 0, 0), (2, 2)): [169892, 33482, 15790, 7344, 3309, 1375, 596, 227, 103, 35, 17, 5, 5, 2, 1, 0, 1]
(0, (0, 0, 0), (3, 0)): [29037, 8274, 4872, 2438, 1223, 511, 230, 101, 34, 16, 11, 3, 0, 2, 1]
(0, (0, 0, 0), (3, 1)): [60360, 16002, 8629, 4208, 2052, 898, 362, 183, 72, 27, 11, 10, 1, 4, 1]
(0, (0, 0, 0), (3, 2)): [89261, 20575, 10866, 5121, 2435, 1024, 426, 191, 80, 33, 12, 10, 4, 2, 1, 0, 1]
(0, (0, 0, 1), (0, 0)): [8223, 25542, 7018, 3407, 1640, 709, 315, 128, 53, 29, 19, 3, 4, 3]
(0, (0, 0, 1), (0, 1)): [970, 3052, 831, 388, 196, 89, 35, 14, 9, 3, 3, 0, 0, 1]
(0, (0, 0, 1), (0, 2)): [430, 1132, 289, 137, 63, 34, 12, 4, 6]
(0, (0, 0, 1), (1, 0)): [945, 3329, 964, 530, 263, 118, 50, 17, 7, 4, 7]
(0, (0, 0, 1), (1, 1)): [885, 2811, 769, 380, 206, 95, 37, 13, 4, 6, 3, 0, 0, 1]
(0, (0, 0, 1), (1, 2)): [687, 1801, 464, 222, 104, 57, 18, 7, 4, 3, 2]
(0, (0, 0, 1), (2, 0)): [342, 1226, 383, 240, 108, 49, 18, 10, 4, 1, 5]
(0, (0, 0, 1), (2, 1)): [470, 1582, 477, 270, 137, 60, 30, 10, 5, 3, 2]
(0, (0, 0, 1), (2, 2)): [626, 1609, 445, 211, 116, 54, 20, 5, 3, 2, 2]
(0, (0, 0, 1), (3, 0)): [115, 417, 129, 97, 43, 19, 8, 3, 1, 0, 3]
(0, (0, 0, 1), (3, 1)): [190, 702, 215, 172, 79, 29, 16, 4, 2, 2]
(0, (0, 0, 1), (3, 2)): [354, 981, 276, 179, 104, 38, 16, 2, 3, 1, 1]
(0, (0, 1, 0), (0, 0)): [81789, 76876, 30167, 14954, 7104, 3075, 1335, 536, 227, 116, 43, 17, 7, 6, 3, 0, 1]
(0, (0, 1, 0), (0, 1)): [13697, 12123, 4836, 2308, 1091, 465, 222, 79, 34, 16, 4, 4, 1, 1, 1]
(0, (0, 1, 0), (0, 2)): [5597, 4206, 1674, 761, 365, 157, 81, 25, 12, 4, 0, 1, 1]
(0, (0, 1, 0), (1, 0)): [13148, 12664, 5295, 2876, 1331, 615, 257, 108, 44, 15, 10, 3, 2, 2, 1, 0, 1]
(0, (0, 1, 0), (1, 1)): [11848, 10507, 4307, 2191, 1030, 440, 201, 83, 24, 18, 8, 3, 0, 2, 1]
(0, (0, 1, 0), (1, 2)): [8322, 6423, 2666, 1274, 583, 248, 111, 54, 13, 6, 2, 3, 1, 0, 1]
(0, (0, 1, 0), (2, 0)): [4799, 4558, 2029, 1183, 533, 274, 105, 47, 20, 3, 2, 3, 2, 1, 0, 0, 1]
(0, (0, 1, 0), (2, 1)): [6455, 5897, 2523, 1327, 631, 298, 138, 48, 17, 13, 4, 1, 1, 1, 0, 0, 1]
(0, (0, 1, 0), (2, 2)): [7022, 5445, 2423, 1124, 533, 226, 108, 45, 13, 7, 3, 2, 1, 0, 1, 0, 1]
(0, (0, 1, 0), (3, 0)): [1665, 1342, 708, 489, 224, 118, 52, 24, 9, 1, 0, 1, 1]
(0, (0, 1, 0), (3, 1)): [2856, 2460, 1178, 776, 344, 173, 75, 29, 6, 4, 1, 1, 0, 1]
(0, (0, 1, 0), (3, 2)): [4128, 3164, 1543, 845, 395, 192, 102, 34, 6, 6, 2, 0, 0, 0, 1, 0, 1]
(0, (0, 1, 1), (0, 0)): [6501, 11460, 13638, 6330, 3336, 1608, 694, 298, 149, 67, 20, 13, 3, 4, 2, 0, 1, 1]
(0, (0, 1, 1), (0, 1)): [1062, 1794, 2028, 890, 484, 229, 113, 41, 17, 11, 3, 2, 1, 0, 0, 0, 1]
(0, (0, 1, 1), (0, 2)): [503, 676, 736, 326, 172, 90, 41, 22, 2, 4, 0, 1]
(0, (0, 1, 1), (1, 0)): [993, 1902, 2283, 1145, 602, 318, 128, 50, 33, 9, 5, 5, 0, 1, 1]
(0, (0, 1, 1), (1, 1)): [873, 1585, 1847, 818, 446, 205, 92, 29, 18, 6, 5, 1, 1, 0, 0, 0, 1]
(0, (0, 1, 1), (1, 2)): [718, 1015, 1114, 480, 291, 136, 56, 21, 9, 2, 1, 1, 0, 0, 0, 0, 1]
(0, (0, 1, 1), (2, 0)): [405, 807, 861, 480, 279, 169, 60, 24, 21, 6, 2, 2, 0, 1, 1]
(0, (0, 1, 1), (2, 1)): [440, 869, 1014, 490, 223, 122, 52, 21, 11, 9, 4, 1, 1, 0, 1]
(0, (0, 1, 1), (2, 2)): [554, 891, 947, 431, 233, 113, 46, 17, 8, 7, 2, 1, 0, 0, 0, 0, 1]
(0, (0, 1, 1), (3, 0)): [217, 379, 372, 237, 162, 90, 32, 8, 14, 1, 1, 2, 0, 1]
(0, (0, 1, 1), (3, 1)): [178, 347, 409, 219, 141, 73, 28, 11, 12, 3, 1, 1, 0, 0, 1]
(0, (0, 1, 1), (3, 2)): [323, 474, 550, 291, 153, 91, 41, 16, 12, 4, 3, 0, 0, 0, 0, 0, 1]
(0, (1, 0, 0), (0, 0)): [464339, 154526, 100020, 49819, 23877, 10731, 4488, 1902, 801, 348, 171, 66, 25, 17, 4, 1, 1, 1]
(0, (1, 0, 0), (0, 1)): [70406, 20965, 14366, 7079, 3395, 1522, 636, 250, 122, 43, 22, 9, 1, 3]
(0, (1, 0, 0), (0, 2)): [26931, 6943, 4875, 2242, 1059, 465, 223, 81, 35, 15, 8, 2]
(0, (1, 0, 0), (1, 0)): [61058, 21549, 15144, 7979, 3940, 1796, 753, 317, 128, 63, 38, 12, 2, 6, 2, 0, 1]
(0, (1, 0, 0), (1, 1)): [53713, 17003, 11821, 6053, 2841, 1362, 541, 223, 98, 45, 21, 9, 1, 4, 1]
(0, (1, 0, 0), (1, 2)): [35480, 9731, 6855, 3364, 1565, 710, 307, 118, 57, 19, 4, 3, 0, 0, 1]
(0, (1, 0, 0), (2, 0)): [19008, 7347, 5383, 3009, 1557, 706, 290, 125, 43, 31, 19, 3, 2, 3, 0, 0, 1]
(0, (1, 0, 0), (2, 1)): [25960, 8975, 6335, 3396, 1640, 789, 316, 134, 58, 34, 19, 6, 0, 6, 0, 0, 1]
(0, (1, 0, 0), (2, 2)): [25709, 7686, 5476, 2667, 1321, 560, 265, 102, 51, 24, 11, 3, 0, 3]
(0, (1, 0, 0), (3, 0)): [4904, 2300, 1770, 1195, 624, 285, 116, 48, 19, 13, 7, 1, 1]
(0, (1, 0, 0), (3, 1)): [9307, 3799, 2780, 1763, 861, 435, 173, 76, 31, 16, 11, 3, 1, 2]
(0, (1, 0, 0), (3, 2)): [12105, 4528, 3160, 1762, 887, 393, 187, 78, 39, 17, 8, 3, 0, 1]
(0, (1, 0, 1), (0, 0)): [10910, 33251, 13573, 9655, 5100, 2369, 1119, 453, 225, 88, 51, 19, 9, 3, 2, 0, 0, 1]
(0, (1, 0, 1), (0, 1)): [1675, 4517, 1845, 1385, 695, 333, 157, 52, 27, 11, 5, 1, 4, 1]
(0, (1, 0, 1), (0, 2)): [764, 1621, 643, 474, 227, 115, 49, 16, 6, 1, 1, 1, 2, 1]
(0, (1, 0, 1), (1, 0)): [1423, 4710, 1925, 1433, 803, 406, 163, 78, 45, 18, 15, 1, 0, 1, 1]
(0, (1, 0, 1), (1, 1)): [1311, 3614, 1541, 1099, 588, 259, 117, 52, 33, 13, 8]
(0, (1, 0, 1), (1, 2)): [1043, 2161, 917, 620, 324, 143, 64, 27, 13, 5, 2, 1, 2]
(0, (1, 0, 1), (2, 0)): [476, 1597, 657, 509, 294, 175, 65, 29, 16, 9, 5, 1]
(0, (1, 0, 1), (2, 1)): [622, 1858, 806, 598, 313, 169, 70, 28, 21, 10, 6]
(0, (1, 0, 1), (2, 2)): [773, 1677, 736, 516, 268, 131, 60, 28, 7, 6, 3]
(0, (1, 0, 1), (3, 0)): [153, 497, 230, 138, 111, 77, 26, 9, 6, 2, 1, 1]
(0, (1, 0, 1), (3, 1)): [256, 647, 346, 248, 172, 92, 32, 15, 14, 7, 3]
(0, (1, 0, 1), (3, 2)): [387, 838, 449, 290, 192, 99, 40, 19, 11, 10, 5]
(0, (1, 1, 0), (0, 0)): [66041, 41785, 31086, 22596, 12014, 5664, 2418, 1104, 460, 214, 101, 38, 13, 6, 1, 0, 1]
(0, (1, 1, 0), (0, 1)): [11236, 6195, 4247, 3288, 1810, 792, 375, 154, 57, 23, 14, 7, 0, 1, 1, 0, 1]
(0, (1, 1, 0), (0, 2)): [4650, 2165, 1442, 1112, 607, 280, 119, 61, 24, 12, 3]
(0, (1, 1, 0), (1, 0)): [8843, 5782, 4396, 3425, 1789, 925, 389, 160, 74, 30, 17, 6, 3, 3]
(0, (1, 1, 0), (1, 1)): [8267, 4776, 3484, 2758, 1398, 669, 292, 115, 32, 17, 15, 2, 2, 2, 1, 0, 1]
(0, (1, 1, 0), (1, 2)): [6027, 2929, 2007, 1678, 833, 365, 158, 69, 24, 17, 4, 1, 0, 1, 0, 0, 1]
(0, (1, 1, 0), (2, 0)): [2617, 1944, 1506, 1150, 693, 369, 161, 67, 38, 13, 6, 4, 0, 1]
(0, (1, 1, 0), (2, 1)): [3825, 2423, 1865, 1416, 792, 377, 177, 68, 34, 10, 10, 3, 2, 0, 1]
(0, (1, 1, 0), (2, 2)): [4211, 2265, 1650, 1310, 683, 312, 140, 62, 23, 15, 5, 1, 0, 0, 0, 0, 1]
(0, (1, 1, 0), (3, 0)): [602, 627, 526, 396, 272, 149, 60, 27, 14, 6, 2, 2, 0, 1]
(0, (1, 1, 0), (3, 1)): [1339, 1033, 838, 649, 426, 237, 104, 35, 20, 8, 5, 1, 2, 0, 1]
(0, (1, 1, 0), (3, 2)): [1973, 1273, 1025, 810, 477, 239, 101, 51, 19, 9, 5, 0, 0, 0, 0, 0, 1]
(0, (1, 1, 1), (0, 0)): [6340, 12464, 10036, 7330, 6007, 3014, 1389, 656, 316, 136, 67, 24, 7, 4, 1, 0, 1]
(0, (1, 1, 1), (0, 1)): [1161, 2074, 1632, 1074, 931, 479, 206, 96, 58, 21, 8, 5, 2, 1]
(0, (1, 1, 1), (0, 2)): [623, 819, 589, 373, 336, 165, 62, 31, 18, 7, 5, 2, 1]
(0, (1, 1, 1), (1, 0)): [786, 1836, 1495, 1067, 921, 501, 214, 83, 51, 23, 10, 4, 0, 1, 0, 0, 1]
(0, (1, 1, 1), (1, 1)): [766, 1617, 1298, 864, 741, 416, 182, 86, 43, 18, 6, 3, 1, 1, 0, 0, 1]
(0, (1, 1, 1), (1, 2)): [705, 1130, 842, 539, 470, 228, 100, 47, 22, 9, 4, 3, 0, 1, 0, 0, 1]
(0, (1, 1, 1), (2, 0)): [223, 546, 502, 384, 348, 184, 71, 30, 16, 11, 4, 2, 0, 1]
(0, (1, 1, 1), (2, 1)): [350, 741, 645, 460, 374, 227, 88, 48, 31, 11, 3, 0, 1]
(0, (1, 1, 1), (2, 2)): [461, 812, 652, 436, 362, 198, 82, 47, 23, 12, 2, 1, 1]
(0, (1, 1, 1), (3, 0)): [43, 151, 138, 137, 105, 67, 35, 15, 4, 5, 3, 1, 0, 1]
(0, (1, 1, 1), (3, 1)): [100, 271, 261, 198, 166, 99, 52, 18, 9, 5, 2, 1, 0, 1]
(0, (1, 1, 1), (3, 2)): [171, 396, 368, 267, 234, 122, 71, 27, 16, 6, 2, 1, 1, 1]
(1, (0, 0, 0), (0, 0)): [1803219, 201525, 82452, 32760, 12878, 4900, 1924, 678, 242, 99, 36, 23, 8, 3, 0, 1]
(1, (0, 0, 0), (0, 1)): [306902, 32391, 13158, 5198, 2083, 763, 305, 114, 31, 11, 4, 5, 1, 1]
(1, (0, 0, 0), (0, 2)): [118634, 10666, 4317, 1583, 641, 231, 77, 30, 3, 4, 1, 3]
(1, (0, 0, 0), (1, 0)): [267967, 34353, 14423, 5897, 2417, 921, 365, 110, 43, 20, 5, 3, 0, 0, 0, 1]
(1, (0, 0, 0), (1, 1)): [262043, 29725, 12115, 4904, 2010, 711, 319, 105, 37, 11, 5, 2, 1, 1]
(1, (0, 0, 0), (1, 2)): [179300, 17156, 6883, 2685, 1125, 399, 159, 44, 15, 7, 1, 2, 1]
(1, (0, 0, 0), (2, 0)): [89170, 12879, 5781, 2460, 1019, 408, 157, 48, 15, 12, 2, 2, 0, 0, 0, 1]
(1, (0, 0, 0), (2, 1)): [137853, 17473, 7533, 3058, 1314, 475, 172, 72, 16, 14, 5, 2]
(1, (0, 0, 0), (2, 2)): [145710, 15418, 6512, 2668, 1107, 386, 137, 52, 19, 8, 1, 1]
(1, (0, 0, 0), (3, 0)): [26347, 4277, 2358, 1051, 403, 181, 86, 18, 11, 5, 1, 1, 0, 0, 0, 1]
(1, (0, 0, 0), (3, 1)): [54851, 8312, 4110, 1774, 752, 286, 111, 39, 11, 6, 3]
(1, (0, 0, 0), (3, 2)): [79778, 10234, 4917, 2066, 895, 312, 111, 45, 12, 7, 3]
(1, (0, 0, 1), (0, 0)): [49370, 71053, 14163, 6205, 2527, 1042, 405, 146, 72, 25, 14, 8, 4, 2]
(1, (0, 0, 1), (0, 1)): [7348, 9053, 1851, 761, 264, 129, 59, 16, 4, 1, 3, 1]
(1, (0, 0, 1), (0, 2)): [3217, 2973, 578, 225, 89, 41, 18, 2, 3, 0, 1, 1]
(1, (0, 0, 1), (1, 0)): [7791, 11503, 2438, 1229, 491, 210, 75, 24, 20, 4, 1, 1]
(1, (0, 0, 1), (1, 1)): [6779, 8646, 1783, 815, 299, 124, 51, 16, 6, 3, 1, 1]
(1, (0, 0, 1), (1, 2)): [5120, 4839, 965, 420, 164, 69, 31, 5, 4, 1, 1, 2]
(1, (0, 0, 1), (2, 0)): [3203, 4681, 1092, 622, 252, 109, 44, 15, 11, 2, 1]
(1, (0, 0, 1), (2, 1)): [3862, 5149, 1125, 563, 210, 91, 30, 15, 6, 2, 1]
(1, (0, 0, 1), (2, 2)): [4466, 4416, 947, 448, 153, 65, 35, 9, 3, 1, 2, 2]
(1, (0, 0, 1), (3, 0)): [1486, 1897, 497, 345, 142, 61, 24, 8, 4, 0, 1]
(1, (0, 0, 1), (3, 1)): [1678, 2228, 573, 320, 129, 58, 18, 10, 3, 1]
(1, (0, 0, 1), (3, 2)): [2692, 2764, 675, 365, 129, 63, 29, 11, 3, 0, 1]
(1, (0, 1, 0), (0, 0)): [245714, 107023, 39460, 17179, 6937, 2787, 980, 426, 127, 62, 32, 10, 10, 2, 1]
(1, (0, 1, 0), (0, 1)): [37800, 14910, 5540, 2332, 933, 414, 141, 62, 14, 10, 6, 1, 1]
(1, (0, 1, 0), (0, 2)): [14837, 5207, 1845, 725, 272, 135, 44, 16, 4, 4, 1, 1, 1]
(1, (0, 1, 0), (1, 0)): [40719, 17171, 6924, 3462, 1418, 560, 209, 88, 32, 14, 6, 0, 0, 1]
(1, (0, 1, 0), (1, 1)): [34307, 13639, 5271, 2393, 986, 397, 144, 52, 17, 5, 5, 0, 0, 1]
(1, (0, 1, 0), (1, 2)): [23150, 8217, 2981, 1272, 469, 209, 75, 35, 9, 6, 1, 1]
(1, (0, 1, 0), (2, 0)): [17040, 6934, 3031, 1764, 748, 291, 106, 55, 17, 9, 5]
(1, (0, 1, 0), (2, 1)): [19916, 7940, 3341, 1630, 711, 272, 100, 40, 13, 6, 3, 0, 0, 1]
(1, (0, 1, 0), (2, 2)): [20223, 7187, 2822, 1239, 501, 221, 73, 27, 8, 5, 2]
(1, (0, 1, 0), (3, 0)): [7631, 2828, 1341, 966, 433, 163, 63, 29, 10, 5, 2]
(1, (0, 1, 0), (3, 1)): [9296, 3493, 1698, 1022, 461, 156, 70, 34, 14, 5, 2, 0, 0, 1]
(1, (0, 1, 0), (3, 2)): [12491, 4391, 2002, 1054, 462, 169, 65, 25, 5, 6, 2, 0, 0, 1]
(1, (0, 1, 1), (0, 0)): [38293, 32302, 28152, 11440, 5897, 2313, 939, 363, 160, 55, 17, 8, 2, 2, 0, 1]
(1, (0, 1, 1), (0, 1)): [5210, 3987, 3380, 1375, 628, 217, 111, 47, 13, 2, 3]
(1, (0, 1, 1), (0, 2)): [2443, 1295, 1192, 482, 226, 68, 39, 18, 2, 1, 3]
(1, (0, 1, 1), (1, 0)): [6657, 6072, 4603, 2067, 1278, 511, 216, 78, 30, 15, 1, 1]
(1, (0, 1, 1), (1, 1)): [4473, 3634, 2995, 1229, 612, 210, 95, 36, 14, 6, 0, 1]
(1, (0, 1, 1), (1, 2)): [3626, 2094, 1859, 730, 368, 117, 56, 26, 5, 4, 2, 1]
(1, (0, 1, 1), (2, 0)): [3729, 3244, 2346, 1179, 848, 352, 152, 54, 22, 9, 1]
(1, (0, 1, 1), (2, 1)): [2437, 2060, 1683, 763, 387, 151, 73, 18, 8, 3]
(1, (0, 1, 1), (2, 2)): [3014, 1821, 1613, 669, 335, 104, 53, 17, 5, 2, 1, 1]
(1, (0, 1, 1), (3, 0)): [2697, 2162, 1438, 814, 698, 283, 117, 47, 18, 7, 1]
(1, (0, 1, 1), (3, 1)): [1064, 902, 730, 352, 212, 106, 40, 15, 6, 3]
(1, (0, 1, 1), (3, 2)): [1705, 1148, 914, 446, 262, 93, 39, 17, 7, 3, 0, 1]
(1, (1, 0, 0), (0, 0)): [674051, 119256, 78235, 33418, 13685, 5441, 2158, 774, 303, 129, 50, 32, 6, 3, 0, 2]
(1, (1, 0, 0), (0, 1)): [102848, 16253, 11091, 4745, 1901, 765, 321, 108, 32, 15, 9, 4]
(1, (1, 0, 0), (0, 2)): [38931, 5316, 3573, 1442, 577, 258, 110, 28, 8, 4, 4]
(1, (1, 0, 0), (1, 0)): [95991, 18130, 12877, 5816, 2444, 977, 405, 142, 43, 25, 8, 4, 2, 0, 0, 1]
(1, (1, 0, 0), (1, 1)): [82901, 14040, 9774, 4292, 1728, 675, 285, 103, 35, 15, 6, 6, 1, 0, 0, 1]
(1, (1, 0, 0), (1, 2)): [54201, 7933, 5465, 2318, 903, 342, 147, 55, 17, 5, 5, 1]
(1, (1, 0, 0), (2, 0)): [31334, 6446, 4748, 2406, 1024, 406, 173, 58, 22, 8, 3, 0, 1]
(1, (1, 0, 0), (2, 1)): [41605, 7726, 5462, 2655, 1056, 439, 174, 58, 22, 9, 5, 4, 1, 0, 0, 1]
(1, (1, 0, 0), (2, 2)): [40984, 6537, 4454, 2062, 808, 330, 135, 51, 13, 5, 3, 1, 1]
(1, (1, 0, 0), (3, 0)): [8859, 2132, 1495, 954, 437, 163, 82, 21, 7, 4, 1, 0, 1]
(1, (1, 0, 0), (3, 1)): [15993, 3598, 2469, 1435, 591, 230, 113, 27, 15, 5, 3, 1, 0, 0, 0, 1]
(1, (1, 0, 0), (3, 2)): [20519, 4178, 2704, 1474, 577, 239, 109, 30, 16, 6, 4, 2, 1, 0, 0, 1]
(1, (1, 0, 1), (0, 0)): [54895, 62668, 20191, 13770, 5966, 2453, 963, 376, 132, 75, 22, 8, 2, 1]
(1, (1, 0, 1), (0, 1)): [8978, 8188, 2604, 1829, 789, 336, 120, 35, 21, 9, 3, 0, 2]
(1, (1, 0, 1), (0, 2)): [3948, 2669, 866, 638, 270, 104, 46, 20, 8, 4, 2, 0, 1]
(1, (1, 0, 1), (1, 0)): [7885, 8902, 2995, 2195, 1024, 422, 163, 73, 22, 17, 0, 2]
(1, (1, 0, 1), (1, 1)): [6976, 6754, 2258, 1569, 656, 293, 103, 27, 12, 6, 0, 1, 1]
(1, (1, 0, 1), (1, 2)): [5120, 3789, 1317, 916, 372, 156, 54, 27, 8, 4, 2]
(1, (1, 0, 1), (2, 0)): [2725, 2948, 1070, 821, 432, 177, 67, 35, 7, 8, 0, 1]
(1, (1, 0, 1), (2, 1)): [3482, 3441, 1153, 864, 419, 169, 69, 22, 10, 6, 0, 2]
(1, (1, 0, 1), (2, 2)): [3794, 2898, 1083, 739, 350, 125, 57, 20, 10, 4, 1]
(1, (1, 0, 1), (3, 0)): [917, 977, 385, 285, 176, 79, 26, 9, 1, 4]
(1, (1, 0, 1), (3, 1)): [1312, 1349, 539, 391, 215, 98, 30, 15, 2, 3, 0, 1]
(1, (1, 0, 1), (3, 2)): [1867, 1641, 680, 461, 267, 101, 37, 14, 7, 3, 0, 1]
(1, (1, 1, 0), (0, 0)): [189422, 57278, 38241, 27907, 11753, 4886, 1916, 759, 294, 120, 46, 25, 10, 5, 1]
(1, (1, 1, 0), (0, 1)): [31851, 8363, 5285, 4100, 1746, 714, 255, 113, 45, 15, 8, 4, 1]
(1, (1, 1, 0), (0, 2)): [12874, 2979, 1793, 1394, 584, 227, 66, 35, 12, 1, 2]
(1, (1, 1, 0), (1, 0)): [27243, 8862, 5958, 4625, 1998, 838, 384, 125, 36, 24, 11, 4, 2, 1]
(1, (1, 1, 0), (1, 1)): [25078, 7131, 4731, 3629, 1551, 626, 254, 104, 35, 22, 9, 4, 1]
(1, (1, 1, 0), (1, 2)): [17760, 4342, 2692, 2078, 892, 300, 106, 57, 18, 5, 6, 2, 1]
(1, (1, 1, 0), (2, 0)): [8697, 3289, 2119, 1652, 827, 372, 172, 51, 16, 11, 6, 2, 2, 1]
(1, (1, 1, 0), (2, 1)): [12403, 3946, 2685, 2063, 952, 424, 187, 56, 23, 10, 7, 2, 1]
(1, (1, 1, 0), (2, 2)): [13391, 3596, 2293, 1753, 831, 317, 122, 53, 19, 7, 3, 2, 1]
(1, (1, 1, 0), (3, 0)): [2221, 1195, 765, 497, 330, 148, 69, 26, 4, 6, 1, 2, 1]
(1, (1, 1, 0), (3, 1)): [4508, 1930, 1307, 954, 523, 240, 98, 32, 12, 7, 4, 2, 1]
(1, (1, 1, 0), (3, 2)): [6586, 2273, 1546, 1114, 618, 224, 93, 35, 16, 7, 2, 1, 1]
(1, (1, 1, 1), (0, 0)): [38813, 31117, 19498, 12733, 9704, 4112, 1696, 639, 258, 92, 30, 21, 9, 4, 1, 1]
(1, (1, 1, 1), (0, 1)): [7040, 4802, 2901, 1878, 1486, 589, 251, 94, 41, 11, 3, 1, 0, 1]
(1, (1, 1, 1), (0, 2)): [3354, 1668, 1038, 685, 498, 179, 85, 26, 7, 6, 2, 0, 0, 1]
(1, (1, 1, 1), (1, 0)): [5200, 4750, 2906, 1853, 1615, 701, 326, 111, 41, 15, 5, 6, 2]
(1, (1, 1, 1), (1, 1)): [5117, 3933, 2424, 1566, 1251, 514, 246, 89, 37, 7, 3, 3]
(1, (1, 1, 1), (1, 2)): [4148, 2292, 1507, 975, 733, 304, 133, 47, 19, 6, 1, 3, 0, 1]
(1, (1, 1, 1), (2, 0)): [1367, 1598, 1017, 632, 595, 285, 129, 47, 15, 8, 2, 3, 1]
(1, (1, 1, 1), (2, 1)): [2201, 2103, 1255, 806, 662, 302, 142, 48, 19, 6, 3, 2]
(1, (1, 1, 1), (2, 2)): [2799, 1894, 1213, 792, 624, 260, 123, 42, 17, 10, 1, 3, 0, 1]
(1, (1, 1, 1), (3, 0)): [228, 492, 349, 220, 183, 98, 47, 20, 5, 3, 0, 1, 1]
(1, (1, 1, 1), (3, 1)): [571, 902, 579, 359, 305, 159, 59, 26, 12, 2, 2, 1, 1]
(1, (1, 1, 1), (3, 2)): [1077, 1123, 714, 478, 377, 188, 82, 31, 12, 4, 2, 1, 0, 1]
(2, (0, 0, 0), (0, 0)): [1573710, 74304, 24731, 7874, 2642, 836, 290, 101, 20, 8, 5, 0, 1]
(2, (0, 0, 0), (0, 1)): [265476, 11140, 3731, 1206, 436, 122, 47, 16, 3]
(2, (0, 0, 0), (0, 2)): [101725, 3000, 1033, 331, 125, 29, 3, 7]
(2, (0, 0, 0), (1, 0)): [242824, 14319, 4940, 1531, 546, 153, 59, 17, 7, 0, 0, 0, 1]
(2, (0, 0, 0), (1, 1)): [232417, 11157, 3837, 1186, 442, 134, 56, 12, 5]
(2, (0, 0, 0), (1, 2)): [155727, 5346, 1863, 600, 209, 66, 23, 8, 1]
(2, (0, 0, 0), (2, 0)): [84944, 5676, 2321, 699, 246, 65, 25, 7, 3, 0, 0, 0, 1]
(2, (0, 0, 0), (2, 1)): [127660, 7176, 2754, 797, 291, 82, 34, 10, 5]
(2, (0, 0, 0), (2, 2)): [132128, 5483, 2065, 626, 224, 69, 26, 7, 1]
(2, (0, 0, 0), (3, 0)): [26631, 1922, 1066, 330, 112, 34, 11, 4, 0, 0, 0, 0, 1]
(2, (0, 0, 0), (3, 1)): [53665, 3634, 1747, 549, 172, 49, 16, 7, 3]
(2, (0, 0, 0), (3, 2)): [76832, 4111, 1904, 574, 200, 63, 22, 7, 2]
(2, (0, 0, 1), (0, 0)): [149284, 44016, 9240, 3165, 1129, 380, 109, 37, 8, 6, 0, 2]
(2, (0, 0, 1), (0, 1)): [23452, 5532, 1233, 407, 140, 52, 13, 4, 1, 3]
(2, (0, 0, 1), (0, 2)): [9350, 1682, 367, 119, 39, 14, 4, 0, 0, 1]
(2, (0, 0, 1), (1, 0)): [26251, 7176, 1832, 701, 272, 85, 26, 11, 2, 1, 0, 1]
(2, (0, 0, 1), (1, 1)): [21905, 5365, 1226, 462, 166, 58, 11, 6, 1, 2]
(2, (0, 0, 1), (1, 2)): [14985, 2830, 601, 206, 86, 31, 7, 2, 0, 2]
(2, (0, 0, 1), (2, 0)): [11471, 3040, 889, 395, 157, 47, 16, 6, 1, 1, 0, 1]
(2, (0, 0, 1), (2, 1)): [13231, 3383, 900, 362, 133, 35, 10, 7, 0, 2]
(2, (0, 0, 1), (2, 2)): [13681, 2768, 702, 250, 97, 35, 6, 3]
(2, (0, 0, 1), (3, 0)): [5479, 1238, 440, 250, 90, 31, 11, 1, 1, 0, 0, 1]
(2, (0, 0, 1), (3, 1)): [6262, 1608, 504, 268, 90, 25, 9, 4, 0, 1]
(2, (0, 0, 1), (3, 2)): [8738, 1907, 563, 263, 99, 25, 8, 3, 0, 1]
(2, (0, 1, 0), (0, 0)): [393160, 81590, 22763, 8110, 2713, 885, 286, 84, 20, 13, 7, 0, 1]
(2, (0, 1, 0), (0, 1)): [60885, 10583, 2966, 972, 364, 99, 34, 9, 5, 3, 1]
(2, (0, 1, 0), (0, 2)): [24167, 3148, 883, 271, 99, 20, 9, 2, 2, 1]
(2, (0, 1, 0), (1, 0)): [69069, 13683, 4594, 1945, 628, 207, 77, 23, 1, 2, 0, 0, 1]
(2, (0, 1, 0), (1, 1)): [56468, 10261, 3055, 1085, 393, 112, 48, 13, 3, 2, 1]
(2, (0, 1, 0), (1, 2)): [38301, 5371, 1472, 535, 182, 39, 24, 7, 0, 1]
(2, (0, 1, 0), (2, 0)): [31051, 5855, 2222, 1170, 387, 127, 37, 13, 1, 2, 0, 0, 1]
(2, (0, 1, 0), (2, 1)): [33632, 6368, 2129, 826, 303, 89, 27, 6, 2, 2, 1, 0, 1]
(2, (0, 1, 0), (2, 2)): [34454, 5216, 1536, 615, 218, 54, 29, 8, 0, 2]
(2, (0, 1, 0), (3, 0)): [15819, 2534, 1124, 786, 244, 82, 27, 12, 1, 2]
(2, (0, 1, 0), (3, 1)): [15681, 2993, 1187, 606, 211, 65, 20, 5, 2, 1, 1, 0, 1]
(2, (0, 1, 0), (3, 2)): [21706, 3459, 1247, 652, 214, 58, 34, 8, 0, 1, 0, 0, 1]
(2, (0, 1, 1), (0, 0)): [90991, 7687, 19159, 5506, 2187, 714, 233, 72, 24, 7, 5, 1, 0, 1]
(2, (0, 1, 1), (0, 1)): [14274, 912, 2451, 716, 248, 87, 22, 9, 1, 2]
(2, (0, 1, 1), (0, 2)): [6095, 307, 766, 229, 89, 25, 7, 2, 0, 2]
(2, (0, 1, 1), (1, 0)): [16563, 1578, 3200, 1153, 544, 185, 60, 16, 5, 0, 3]
(2, (0, 1, 1), (1, 1)): [12916, 895, 2318, 730, 267, 102, 24, 10, 4, 0, 1]
(2, (0, 1, 1), (1, 2)): [9647, 522, 1315, 385, 152, 49, 9, 3, 1, 2, 1]
(2, (0, 1, 1), (2, 0)): [8011, 896, 1460, 608, 361, 114, 38, 11, 1, 0, 2]
(2, (0, 1, 1), (2, 1)): [7609, 597, 1431, 485, 228, 74, 20, 6, 3, 0, 1]
(2, (0, 1, 1), (2, 2)): [8581, 558, 1229, 412, 164, 64, 10, 4, 3, 1]
(2, (0, 1, 1), (3, 0)): [4683, 617, 748, 360, 247, 87, 26, 10, 0, 0, 1]
(2, (0, 1, 1), (3, 1)): [3601, 336, 665, 260, 152, 48, 17, 7, 1, 0, 1]
(2, (0, 1, 1), (3, 2)): [5418, 439, 854, 315, 156, 66, 10, 7, 4, 1]
(2, (1, 0, 0), (0, 0)): [815833, 59276, 39584, 12621, 4175, 1328, 509, 150, 38, 15, 7, 1, 1]
(2, (1, 0, 0), (0, 1)): [123770, 7650, 5260, 1714, 582, 196, 76, 31, 10, 1, 0, 1]
(2, (1, 0, 0), (0, 2)): [46686, 2095, 1367, 480, 155, 42, 23, 9, 4]
(2, (1, 0, 0), (1, 0)): [118789, 9900, 7070, 2429, 855, 241, 105, 26, 8, 2, 0, 0, 1]
(2, (1, 0, 0), (1, 1)): [102995, 6989, 4905, 1653, 562, 177, 68, 22, 7, 1]
(2, (1, 0, 0), (1, 2)): [67031, 3380, 2210, 817, 264, 72, 29, 10, 4]
(2, (1, 0, 0), (2, 0)): [40010, 3876, 2667, 1108, 388, 113, 46, 16, 6, 2, 0, 0, 1]
(2, (1, 0, 0), (2, 1)): [53718, 4235, 3009, 1112, 382, 115, 49, 13, 5, 0, 0, 0, 1]
(2, (1, 0, 0), (2, 2)): [52472, 3272, 2089, 797, 273, 79, 37, 9, 4]
(2, (1, 0, 0), (3, 0)): [11838, 1453, 859, 506, 174, 50, 18, 8, 3, 2]
(2, (1, 0, 0), (3, 1)): [21712, 2239, 1478, 720, 216, 68, 26, 8, 3, 1, 0, 0, 1]
(2, (1, 0, 0), (3, 2)): [27877, 2424, 1505, 704, 226, 78, 28, 13, 1, 1, 0, 0, 1]
(2, (1, 0, 1), (0, 0)): [143810, 33753, 13412, 8460, 2811, 916, 307, 90, 31, 11, 2, 4, 2]
(2, (1, 0, 1), (0, 1)): [23750, 4570, 1698, 1159, 407, 136, 46, 8, 4, 2, 1, 1, 1]
(2, (1, 0, 1), (0, 2)): [9611, 1365, 496, 311, 120, 33, 11, 3, 1, 1]
(2, (1, 0, 1), (1, 0)): [22723, 5033, 2335, 1643, 602, 174, 60, 15, 2, 2, 0, 1]
(2, (1, 0, 1), (1, 1)): [19878, 3946, 1685, 1113, 427, 134, 46, 10, 3, 2, 1, 2, 1]
(2, (1, 0, 1), (1, 2)): [13654, 2060, 853, 521, 208, 70, 25, 5, 3, 1, 0, 1]
(2, (1, 0, 1), (2, 0)): [8185, 1767, 957, 658, 264, 80, 27, 8, 2]
(2, (1, 0, 1), (2, 1)): [10716, 2142, 1046, 665, 309, 92, 27, 8, 0, 1, 0, 1]
(2, (1, 0, 1), (2, 2)): [10677, 1645, 804, 491, 193, 73, 25, 5, 3, 0, 0, 1]
(2, (1, 0, 1), (3, 0)): [2770, 545, 393, 251, 112, 34, 16, 3, 2]
(2, (1, 0, 1), (3, 1)): [4630, 867, 542, 336, 196, 41, 24, 4, 2, 1]
(2, (1, 0, 1), (3, 2)): [6007, 880, 621, 360, 189, 59, 18, 5, 4]
(2, (1, 1, 0), (0, 0)): [321448, 48327, 24527, 17207, 5569, 1802, 615, 201, 67, 29, 10, 3, 2, 1]
(2, (1, 1, 0), (0, 1)): [53128, 6719, 3251, 2428, 742, 232, 86, 31, 5, 4, 2, 1, 1]
(2, (1, 1, 0), (0, 2)): [21914, 1976, 972, 676, 228, 63, 23, 11, 2, 1]
(2, (1, 1, 0), (1, 0)): [47940, 7341, 4142, 3125, 1156, 338, 125, 35, 17, 5, 1, 1]
(2, (1, 1, 0), (1, 1)): [44317, 5997, 3095, 2337, 719, 237, 78, 28, 9, 5, 2, 2, 1]
(2, (1, 1, 0), (1, 2)): [31576, 3113, 1642, 1115, 345, 120, 30, 17, 6, 1, 1, 1]
(2, (1, 1, 0), (2, 0)): [16466, 2580, 1684, 1210, 588, 162, 62, 16, 8, 3]
(2, (1, 1, 0), (2, 1)): [23319, 3278, 1940, 1444, 571, 150, 62, 18, 6, 4, 0, 0, 1]
(2, (1, 1, 0), (2, 2)): [25109, 2707, 1573, 1083, 404, 113, 42, 17, 10, 1, 1, 1]
(2, (1, 1, 0), (3, 0)): [5279, 811, 683, 408, 283, 89, 27, 7, 5, 2]
(2, (1, 1, 0), (3, 1)): [9908, 1421, 1099, 728, 396, 108, 38, 7, 4, 2, 0, 0, 1]
(2, (1, 1, 0), (3, 2)): [13959, 1678, 1283, 814, 411, 96, 37, 13, 7, 1, 1]
(2, (1, 1, 1), (0, 0)): [95276, 13910, 15827, 7969, 6014, 1869, 631, 212, 72, 18, 10, 4, 1, 1]
(2, (1, 1, 1), (0, 1)): [17616, 1860, 2304, 1171, 907, 281, 96, 28, 14, 3, 3, 0, 1]
(2, (1, 1, 1), (0, 2)): [7755, 588, 677, 357, 243, 78, 29, 6, 3, 1, 2]
(2, (1, 1, 1), (1, 0)): [13529, 3016, 2564, 1445, 1145, 365, 122, 43, 14, 4, 1, 2]
(2, (1, 1, 1), (1, 1)): [13860, 1971, 2104, 1149, 870, 273, 89, 27, 12, 3, 1, 0, 1]
(2, (1, 1, 1), (1, 2)): [10734, 1024, 1106, 558, 423, 145, 45, 12, 4, 2, 2]
(2, (1, 1, 1), (2, 0)): [3782, 1731, 893, 573, 459, 152, 51, 18, 5, 3, 0, 2]
(2, (1, 1, 1), (2, 1)): [6280, 1614, 1188, 746, 557, 199, 57, 13, 8, 2, 0, 0, 1]
(2, (1, 1, 1), (2, 2)): [7608, 1209, 997, 585, 420, 162, 45, 10, 5, 4, 2]
(2, (1, 1, 1), (3, 0)): [637, 1063, 254, 247, 144, 70, 30, 12, 2, 3, 0, 1]
(2, (1, 1, 1), (3, 1)): [1814, 1342, 469, 409, 297, 111, 40, 10, 4, 3, 0, 1]
(2, (1, 1, 1), (3, 2)): [3263, 1361, 611, 522, 322, 141, 46, 10, 4, 3, 2]
