(0, (0, 0, 0), (0, 0)): [11454, 2142, 947, 425, 190, 68, 33, 19, 6, 3, 1]
(0, (0, 0, 0), (0, 1)): [35, 5, 2, 3]
(0, (0, 0, 0), (0, 2)): [9, 2, 0, 1]
(0, (0, 0, 0), (1, 0)): [28, 2, 2, 1]
(0, (0, 0, 0), (1, 1)): [31, 2, 2, 3]
(0, (0, 0, 0), (1, 2)): [17, 1, 1, 1]
(0, (0, 0, 0), (2, 0)): [5, 1, 1]
(0, (0, 0, 0), (2, 1)): [13, 1, 2, 2]
(0, (0, 0, 0), (2, 2)): [11, 0, 0, 1]
(0, (0, 0, 0), (3, 0)): [2, 1]
(0, (0, 0, 0), (3, 1)): [3, 2, 1]
(0, (0, 0, 0), (3, 2)): [3, 1, 1]
(0, (0, 0, 1), (0, 0)): [83, 213, 48, 33, 10, 4, 4, 1, 1]
(0, (0, 0, 1), (0, 1)): [0, 0, 0, 1]
(0, (0, 0, 1), (1, 0)): [0, 1]
(0, (0, 0, 1), (1, 1)): [0, 1]
(0, (0, 1, 0), (0, 0)): [375, 388, 143, 44, 28, 11, 5, 2, 1]
(0, (0, 1, 0), (1, 0)): [1, 1]
(0, (0, 1, 0), (1, 1)): [1]
(0, (0, 1, 0), (2, 0)): [0, 1]
(0, (0, 1, 0), (2, 1)): [0, 1]
(0, (0, 1, 0), (2, 2)): [0, 1]
(0, (0, 1, 1), (0, 0)): [43, 52, 72, 41, 20, 11, 4, 1, 2, 2]
(0, (0, 1, 1), (0, 1)): [1]
(0, (0, 1, 1), (0, 2)): [1]
(0, (0, 1, 1), (1, 0)): [1]
(0, (1, 0, 0), (0, 0)): [2547, 893, 532, 264, 127, 49, 20, 12, 5, 2, 1]
(0, (1, 0, 0), (0, 1)): [6, 1, 1, 2]
(0, (1, 0, 0), (0, 2)): [3, 1, 0, 1]
(0, (1, 0, 0), (1, 0)): [1, 3, 1]
(0, (1, 0, 0), (1, 1)): [2, 3, 1]
(0, (1, 0, 0), (1, 2)): [1, 0, 1]
(0, (1, 0, 1), (0, 0)): [48, 141, 92, 42, 21, 10, 7, 3, 2]
(0, (1, 0, 1), (0, 1)): [1]
(0, (1, 0, 1), (0, 2)): [1]
(0, (1, 0, 1), (1, 0)): [0, 1]
(0, (1, 1, 0), (0, 0)): [312, 233, 189, 124, 54, 31, 8, 7, 1, 1, 1]
(0, (1, 1, 0), (0, 1)): [1, 1]
(0, (1, 1, 0), (0, 2)): [1, 1]
(0, (1, 1, 0), (1, 0)): [0, 0, 0, 1]
(0, (1, 1, 0), (1, 1)): [0, 0, 0, 1]
(0, (1, 1, 0), (1, 2)): [1, 0, 0, 1]
(0, (1, 1, 0), (2, 2)): [1]
(0, (1, 1, 0), (3, 2)): [1]
(0, (1, 1, 1), (0, 0)): [35, 70, 52, 50, 44, 26, 9, 5, 2, 2]
(0, (1, 1, 1), (0, 1)): [0, 0, 0, 1]
(0, (1, 1, 1), (0, 2)): [0, 0, 0, 1]
(1, (0, 0, 0), (0, 0)): [9092, 889, 338, 122, 48, 14, 6, 8]
(1, (0, 0, 0), (0, 1)): [32, 3, 4, 2]
(1, (0, 0, 0), (0, 2)): [17, 2, 1, 2]
(1, (0, 0, 0), (1, 0)): [26, 1]
(1, (0, 0, 0), (1, 1)): [23, 1, 2]
(1, (0, 0, 0), (1, 2)): [13, 2, 1, 1]
(1, (0, 0, 0), (2, 0)): [7, 1]
(1, (0, 0, 0), (2, 1)): [11, 0, 1]
(1, (0, 0, 0), (2, 2)): [8, 1]
(1, (0, 0, 0), (3, 0)): [3, 1]
(1, (0, 0, 0), (3, 1)): [6, 1]
(1, (0, 0, 0), (3, 2)): [7, 1]
(1, (0, 0, 1), (0, 0)): [361, 548, 98, 33, 21, 10, 3, 3]
(1, (0, 0, 1), (0, 1)): [0, 3]
(1, (0, 0, 1), (0, 2)): [0, 2]
(1, (0, 0, 1), (1, 0)): [1, 1]
(1, (0, 0, 1), (1, 1)): [1]
(1, (0, 0, 1), (1, 2)): [0, 2]
(1, (0, 0, 1), (2, 2)): [0, 2]
(1, (0, 0, 1), (3, 2)): [0, 1]
(1, (0, 1, 0), (0, 0)): [1447, 661, 208, 96, 42, 13, 5, 3]
(1, (0, 1, 0), (0, 1)): [4, 3, 1]
(1, (0, 1, 0), (0, 2)): [2, 1]
(1, (0, 1, 0), (1, 0)): [0, 0, 0, 1]
(1, (0, 1, 0), (1, 1)): [2, 1, 0, 1]
(1, (0, 1, 0), (1, 2)): [3, 2]
(1, (0, 1, 0), (2, 1)): [0, 0, 0, 1]
(1, (0, 1, 0), (2, 2)): [1, 0, 0, 1]
(1, (0, 1, 0), (3, 2)): [1]
(1, (0, 1, 1), (0, 0)): [228, 196, 190, 84, 25, 10, 5, 3, 1]
(1, (0, 1, 1), (0, 1)): [2, 0, 1]
(1, (0, 1, 1), (1, 0)): [1, 0, 0, 2]
(1, (0, 1, 1), (1, 1)): [3, 0, 1, 1]
(1, (0, 1, 1), (1, 2)): [2, 0, 1, 1]
(1, (0, 1, 1), (2, 2)): [1, 0, 0, 1]
(1, (1, 0, 0), (0, 0)): [3540, 712, 360, 143, 70, 18, 10, 7]
(1, (1, 0, 0), (0, 1)): [5, 1, 2, 2, 1]
(1, (1, 0, 0), (0, 2)): [2, 1, 0, 2]
(1, (1, 0, 0), (1, 0)): [6, 2, 1, 1]
(1, (1, 0, 0), (1, 1)): [6, 1, 2]
(1, (1, 0, 0), (1, 2)): [4, 1, 1]
(1, (1, 0, 0), (2, 0)): [1]
(1, (1, 0, 0), (2, 1)): [2, 1]
(1, (1, 0, 0), (2, 2)): [2, 1, 1]
(1, (1, 0, 0), (3, 0)): [1]
(1, (1, 0, 0), (3, 2)): [0, 1]
(1, (1, 0, 1), (0, 0)): [270, 332, 110, 65, 31, 5, 4, 2]
(1, (1, 0, 1), (0, 1)): [2, 0, 0, 1]
(1, (1, 0, 1), (0, 2)): [1, 0, 0, 1]
(1, (1, 0, 1), (1, 0)): [3, 1]
(1, (1, 0, 1), (1, 1)): [1, 1]
(1, (1, 0, 1), (1, 2)): [1, 1]
(1, (1, 0, 1), (2, 0)): [1]
(1, (1, 0, 1), (2, 1)): [1]
(1, (1, 0, 1), (2, 2)): [0, 1]
(1, (1, 1, 0), (0, 0)): [819, 267, 205, 95, 55, 12, 7, 4]
(1, (1, 1, 0), (0, 1)): [1, 1, 1, 1]
(1, (1, 1, 0), (0, 2)): [0, 1, 0, 1]
(1, (1, 1, 0), (1, 0)): [3, 1]
(1, (1, 1, 0), (1, 1)): [2, 0, 1]
(1, (1, 1, 0), (1, 2)): [0, 0, 1, 1]
(1, (1, 1, 0), (2, 0)): [1]
(1, (1, 1, 0), (2, 1)): [3]
(1, (1, 1, 0), (2, 2)): [0, 0, 0, 1]
(1, (1, 1, 0), (3, 1)): [1]
(1, (1, 1, 0), (3, 2)): [0, 0, 0, 1]
(1, (1, 1, 1), (0, 0)): [167, 139, 92, 59, 48, 15, 7, 1, 1, 1]
(1, (1, 1, 1), (1, 0)): [1, 1, 1, 0, 1]
(1, (1, 1, 1), (1, 1)): [1, 1]
(1, (1, 1, 1), (1, 2)): [1]
(1, (1, 1, 1), (2, 0)): [0, 0, 1, 0, 1]
(1, (1, 1, 1), (2, 1)): [0, 1]
(1, (1, 1, 1), (3, 0)): [0, 0, 0, 0, 1]
(1, (1, 1, 1), (3, 1)): [0, 1]
(2, (0, 0, 0), (0, 0)): [8054, 290, 94, 24, 10]
(2, (0, 0, 0), (0, 1)): [22, 1]
(2, (0, 0, 0), (0, 2)): [14]
(2, (0, 0, 0), (1, 0)): [22, 0, 3]
(2, (0, 0, 0), (1, 1)): [21, 0, 1]
(2, (0, 0, 0), (1, 2)): [10, 0, 1]
(2, (0, 0, 0), (2, 0)): [3, 0, 2]
(2, (0, 0, 0), (2, 1)): [13]
(2, (0, 0, 0), (2, 2)): [9, 0, 1]
(2, (0, 0, 0), (3, 0)): [0, 0, 2]
(2, (0, 0, 0), (3, 1)): [5, 0, 1]
(2, (0, 0, 0), (3, 2)): [5]
(2, (0, 0, 1), (0, 0)): [1041, 350, 72, 16, 5, 2, 0, 2]
(2, (0, 0, 1), (0, 1)): [1]
(2, (0, 0, 1), (1, 0)): [3]
(2, (0, 0, 1), (1, 1)): [3]
(2, (0, 0, 1), (1, 2)): [1]
(2, (0, 0, 1), (2, 1)): [1]
(2, (0, 0, 1), (2, 2)): [1]
(2, (0, 0, 1), (3, 1)): [1]
(2, (0, 1, 0), (0, 0)): [2489, 565, 140, 41, 15, 5, 2, 1]
(2, (0, 1, 0), (0, 1)): [2, 0, 1]
(2, (0, 1, 0), (0, 2)): [1]
(2, (0, 1, 0), (1, 0)): [2]
(2, (0, 1, 0), (1, 1)): [2]
(2, (0, 1, 0), (1, 2)): [2]
(2, (0, 1, 0), (2, 0)): [1]
(2, (0, 1, 0), (2, 1)): [1]
(2, (0, 1, 0), (3, 1)): [1]
(2, (0, 1, 0), (3, 2)): [1]
(2, (0, 1, 1), (0, 0)): [568, 68, 142, 34, 15, 3]
(2, (0, 1, 1), (0, 1)): [2, 1, 1]
(2, (0, 1, 1), (0, 2)): [1]
(2, (0, 1, 1), (1, 0)): [2, 0, 3, 1]
(2, (0, 1, 1), (1, 1)): [0, 1, 2, 1]
(2, (0, 1, 1), (1, 2)): [0, 0, 0, 1]
(2, (0, 1, 1), (2, 0)): [1, 0, 1]
(2, (0, 1, 1), (3, 0)): [1, 0, 1]
(2, (0, 1, 1), (3, 1)): [1, 0, 1]
(2, (0, 1, 1), (3, 2)): [1]
(2, (1, 0, 0), (0, 0)): [4402, 337, 166, 46, 17, 3, 2]
(2, (1, 0, 0), (0, 1)): [9, 0, 3]
(2, (1, 0, 0), (0, 2)): [1]
(2, (1, 0, 0), (1, 0)): [9, 0, 1]
(2, (1, 0, 0), (1, 1)): [9, 0, 2]
(2, (1, 0, 0), (1, 2)): [2]
(2, (1, 0, 0), (2, 0)): [4]
(2, (1, 0, 0), (2, 1)): [1]
(2, (1, 0, 0), (3, 1)): [1]
(2, (1, 0, 1), (0, 0)): [646, 172, 91, 26, 14, 2, 0, 2]
(2, (1, 0, 1), (1, 0)): [2, 0, 1]
(2, (1, 0, 1), (2, 0)): [1]
(2, (1, 1, 0), (0, 0)): [1283, 178, 102, 62, 20, 3, 3]
(2, (1, 1, 0), (0, 1)): [3, 0, 1]
(2, (1, 1, 0), (0, 2)): [1]
(2, (1, 1, 0), (1, 0)): [4]
(2, (1, 1, 0), (1, 1)): [4, 0, 1]
(2, (1, 1, 0), (2, 1)): [1]
(2, (1, 1, 1), (0, 0)): [395, 54, 46, 32, 30, 7, 3]
(2, (1, 1, 1), (0, 1)): [2]
(2, (1, 1, 1), (0, 2)): [2]
