(0, (0, 0, 0)): [1720703, 346386, 158801, 72102, 32108, 13615, 5638, 2309, 928, 401, 172, 81, 32, 14, 4, 1, 1, 1]
(0, (0, 0, 1)): [7022, 21193, 5812, 2754, 1334, 558, 252, 113, 40, 23, 11, 3, 3, 2]
(0, (0, 1, 0)): [61730, 57939, 22545, 10915, 5192, 2231, 941, 388, 163, 89, 31, 8, 3, 4, 2, 0, 1]
(0, (0, 1, 1)): [5072, 8734, 10460, 4830, 2531, 1209, 512, 231, 117, 47, 11, 8, 2, 2, 2, 0, 1, 1]
(0, (1, 0, 0)): [366186, 123166, 77751, 38359, 18222, 8129, 3396, 1440, 600, 261, 120, 50, 22, 8, 3, 1, 1, 1]
(0, (1, 0, 1)): [8701, 26573, 10868, 7513, 3946, 1816, 855, 341, 169, 62, 36, 15, 5, 2, 2, 0, 0, 1]
(0, (1, 1, 0)): [50583, 32258, 24298, 17324, 9161, 4299, 1818, 856, 345, 162, 75, 28, 11, 4, 0, 0, 1]
(0, (1, 1, 1)): [4879, 9327, 7671, 5723, 4544, 2258, 1043, 508, 228, 100, 49, 16, 6, 3, 1, 0, 1]
(1, (0, 0, 0)): [1397745, 152688, 62346, 24611, 9538, 3588, 1401, 514, 186, 75, 29, 19, 7, 3, 0, 1]
(1, (0, 0, 1)): [39062, 56386, 11097, 4706, 1964, 805, 298, 120, 54, 22, 12, 6, 4, 2]
(1, (0, 1, 0)): [191443, 84822, 30573, 13110, 5270, 2076, 717, 327, 102, 46, 26, 9, 9, 2, 1]
(1, (0, 1, 1)): [30277, 25077, 22415, 8927, 4570, 1786, 706, 277, 127, 43, 12, 7, 2, 2, 0, 1]
(1, (1, 0, 0)): [529038, 94656, 60245, 25509, 10316, 4053, 1611, 573, 236, 100, 35, 27, 5, 3, 0, 2]
(1, (1, 0, 1)): [42738, 49771, 16063, 10680, 4587, 1860, 726, 287, 94, 61, 16, 7, 0, 1]
(1, (1, 1, 0)): [145642, 44778, 29942, 21256, 8916, 3665, 1439, 571, 231, 88, 33, 19, 9, 5, 1]
(1, (1, 1, 1)): [29579, 23717, 15086, 9834, 7236, 3068, 1249, 462, 197, 73, 24, 17, 9, 4, 1, 1]
(2, (0, 0, 0)): [1215639, 55206, 18403, 5851, 1955, 621, 215, 70, 12, 7, 5, 0, 1]
(2, (0, 0, 1)): [115190, 35283, 7052, 2372, 834, 282, 84, 28, 5, 2, 0, 1]
(2, (0, 1, 0)): [303599, 64264, 17322, 6066, 1976, 659, 204, 64, 16, 10, 6, 0, 1]
(2, (0, 1, 1)): [69720, 6042, 15156, 4114, 1624, 529, 179, 54, 21, 5, 4, 1, 0, 1]
(2, (1, 0, 0)): [641400, 46703, 30056, 9560, 3085, 990, 391, 109, 21, 13, 6, 1, 1]
(2, (1, 0, 1)): [110836, 26743, 10621, 6307, 2059, 685, 231, 74, 25, 8, 0, 3, 1]
(2, (1, 1, 0)): [248914, 37994, 19109, 13003, 4168, 1347, 456, 151, 50, 23, 8, 2, 2, 1]
(2, (1, 1, 1)): [72282, 10544, 12141, 6033, 4378, 1379, 466, 151, 51, 10, 9, 3, 1, 1]
