(0, (0, 0, 0)): [354387, 71692, 33343, 15277, 6871, 2989, 1286, 535, 212, 92, 50, 15, 9, 3, 2]
(0, (0, 0, 1)): [1862, 5891, 1681, 791, 374, 149, 81, 44, 11, 6, 3, 1, 3]
(0, (0, 1, 0)): [11654, 12003, 4537, 2103, 1067, 472, 192, 83, 37, 18, 9, 2]
(0, (0, 1, 1)): [1038, 1880, 2497, 1139, 581, 281, 117, 54, 26, 12, 4, 1, 0, 1, 1]
(0, (1, 0, 0)): [79884, 28653, 17265, 8636, 4047, 1829, 799, 340, 132, 63, 37, 9, 6, 3, 2]
(0, (1, 0, 1)): [1922, 5565, 2599, 1697, 951, 434, 229, 94, 43, 21, 9, 5, 2, 0, 1]
(0, (1, 1, 0)): [10357, 6938, 5779, 3822, 2058, 974, 436, 205, 72, 41, 28, 4, 2, 1]
(0, (1, 1, 1)): [1108, 1948, 1702, 1415, 1123, 555, 266, 127, 59, 33, 15, 3, 1, 1, 1]
(1, (0, 0, 0)): [279534, 29879, 12304, 4798, 1921, 791, 302, 118, 43, 14, 5, 4, 1]
(1, (0, 0, 1)): [9934, 15573, 3051, 1261, 551, 204, 83, 45, 15, 3, 4, 2, 1]
(1, (0, 1, 0)): [42808, 21227, 7090, 2896, 1164, 507, 188, 69, 22, 10, 2, 3, 2]
(1, (0, 1, 1)): [7232, 6225, 6543, 2473, 1076, 444, 179, 63, 28, 12, 6, 3, 0, 1]
(1, (1, 0, 0)): [114750, 22042, 12890, 5592, 2232, 948, 339, 133, 56, 24, 8, 8, 2, 2]
(1, (1, 0, 1)): [9163, 11669, 4185, 2577, 1087, 457, 166, 68, 24, 17, 7, 2]
(1, (1, 1, 0)): [28946, 9217, 6690, 4388, 1903, 831, 305, 119, 47, 21, 5, 5, 1, 3]
(1, (1, 1, 1)): [5584, 4614, 3005, 2239, 1495, 675, 275, 115, 41, 16, 6, 3, 1, 1]
(2, (0, 0, 0)): [240518, 10060, 3303, 1039, 360, 127, 50, 18, 2, 1, 1]
(2, (0, 0, 1)): [29805, 10326, 1784, 568, 197, 73, 24, 8]
(2, (0, 1, 0)): [69742, 16306, 3897, 1284, 402, 145, 52, 15, 2, 1]
(2, (0, 1, 1)): [17805, 1631, 4318, 1117, 386, 135, 41, 12, 8, 1, 1]
(2, (1, 0, 0)): [140805, 11011, 5720, 1898, 615, 203, 83, 27, 6, 1, 1]
(2, (1, 0, 1)): [24056, 6624, 2915, 1380, 456, 166, 49, 22, 6, 0, 0, 1]
(2, (1, 1, 0)): [46004, 7112, 3974, 2335, 716, 265, 75, 18, 9, 5, 2, 0, 0, 1]
(2, (1, 1, 1)): [13714, 2108, 2366, 1294, 836, 275, 94, 32, 16, 3, 2, 0, 0, 1]
