(0, (0, 0, 0), (0, 0)): [2488831, 509360, 234118, 107271, 48185, 20581, 8575, 3478, 1407, 611, 276, 125, 44, 23, 6, 1, 1, 1]
(0, (0, 0, 0), (0, 1)): [521848, 100830, 45950, 21257, 9414, 4028, 1648, 616, 268, 113, 57, 23, 7, 5, 1, 1]
(0, (0, 0, 0), (0, 2)): [204764, 35037, 15679, 7080, 3080, 1296, 529, 190, 86, 36, 10, 4, 4, 1, 1]
(0, (0, 0, 0), (1, 0)): [417042, 93790, 44448, 20810, 9726, 4132, 1802, 745, 277, 115, 57, 23, 6, 6, 2, 0, 1]
(0, (0, 0, 0), (1, 1)): [426901, 86713, 40380, 18812, 8436, 3616, 1495, 589, 246, 94, 55, 22, 4, 6, 0, 1, 1]
(0, (0, 0, 0), (1, 2)): [303256, 53746, 24612, 11058, 4895, 2054, 873, 338, 146, 49, 20, 8, 5, 2, 1]
(0, (0, 0, 0), (2, 0)): [132501, 32932, 16748, 7933, 3891, 1594, 718, 308, 107, 52, 25, 10, 2, 3, 1]
(0, (0, 0, 0), (2, 1)): [215035, 48054, 23540, 10990, 5141, 2193, 884, 389, 147, 63, 33, 15, 3, 4, 0, 0, 1]
(0, (0, 0, 0), (2, 2)): [238897, 46266, 21934, 10100, 4510, 1869, 786, 298, 145, 48, 24, 6, 5, 2, 1, 0, 1]
(0, (0, 0, 0), (3, 0)): [37875, 10587, 6287, 3164, 1576, 644, 289, 126, 46, 27, 12, 4, 0, 2, 1]
(0, (0, 0, 0), (3, 1)): [81122, 21073, 11435, 5606, 2720, 1188, 470, 229, 90, 39, 12, 12, 2, 4, 1]
(0, (0, 0, 0), (3, 2)): [125096, 28225, 14915, 6973, 3280, 1392, 565, 245, 108, 43, 16, 12, 4, 2, 1, 0, 1]
(0, (0, 0, 1), (0, 0)): [8916, 27790, 7627, 3726, 1791, 771, 347, 138, 57, 35, 20, 4, 4, 3]
(0, (0, 0, 1), (0, 1)): [1323, 4059, 1105, 524, 250, 114, 45, 17, 10, 6, 4, 1, 0, 1]
(0, (0, 0, 1), (0, 2)): [610, 1523, 389, 183, 82, 44, 17, 6, 7, 0, 1]
(0, (0, 0, 1), (1, 0)): [1229, 4309, 1226, 681, 345, 148, 70, 24, 10, 6, 7]
(0, (0, 0, 1), (1, 1)): [1161, 3699, 997, 510, 270, 118, 48, 15, 6, 10, 3, 1, 0, 1]
(0, (0, 0, 1), (1, 2)): [949, 2391, 623, 307, 139, 69, 26, 10, 5, 4, 2]
(0, (0, 0, 1), (2, 0)): [460, 1582, 487, 299, 139, 62, 29, 13, 5, 2, 5]
(0, (0, 0, 1), (2, 1)): [616, 2108, 606, 355, 179, 75, 36, 12, 6, 7, 2, 1]
(0, (0, 0, 1), (2, 2)): [842, 2178, 590, 296, 158, 69, 25, 9, 4, 4, 2]
(0, (0, 0, 1), (3, 0)): [153, 536, 153, 121, 52, 26, 12, 3, 1, 0, 3]
(0, (0, 0, 1), (3, 1)): [257, 913, 266, 212, 94, 38, 23, 4, 3, 5, 0, 1]
(0, (0, 0, 1), (3, 2)): [465, 1341, 364, 253, 135, 52, 21, 4, 3, 3, 1]
(0, (0, 1, 0), (0, 0)): [92645, 86307, 34162, 16984, 8045, 3502, 1513, 619, 256, 135, 49, 19, 9, 6, 3, 0, 1]
(0, (0, 1, 0), (0, 1)): [18952, 16332, 6565, 3181, 1472, 631, 295, 116, 44, 25, 9, 4, 3, 1, 1]
(0, (0, 1, 0), (0, 2)): [7879, 5757, 2323, 1077, 505, 222, 107, 41, 16, 6, 0, 1, 2]
(0, (0, 1, 0), (1, 0)): [17487, 16437, 6995, 3759, 1766, 823, 339, 143, 60, 23, 11, 5, 2, 2, 1, 0, 1]
(0, (0, 1, 0), (1, 1)): [16081, 13905, 5776, 2951, 1373, 596, 263, 109, 35, 26, 11, 4, 1, 2, 1]
(0, (0, 1, 0), (1, 2)): [11540, 8709, 3619, 1787, 789, 347, 145, 73, 21, 9, 3, 3, 2, 0, 1]
(0, (0, 1, 0), (2, 0)): [6345, 5860, 2682, 1524, 717, 368, 141, 65, 26, 7, 3, 4, 2, 1, 0, 0, 1]
(0, (0, 1, 0), (2, 1)): [8673, 7724, 3366, 1748, 873, 403, 184, 62, 25, 19, 6, 3, 1, 1, 0, 0, 1]
(0, (0, 1, 0), (2, 2)): [9654, 7469, 3232, 1576, 745, 328, 149, 57, 23, 11, 5, 3, 1, 0, 1, 0, 1]
(0, (0, 1, 0), (3, 0)): [2170, 1742, 921, 631, 288, 160, 64, 35, 12, 2, 0, 1, 1]
(0, (0, 1, 0), (3, 1)): [3822, 3167, 1541, 1009, 477, 233, 90, 43, 9, 6, 2, 2, 0, 1]
(0, (0, 1, 0), (3, 2)): [5706, 4311, 2032, 1151, 563, 268, 130, 45, 11, 11, 3, 1, 0, 0, 1, 0, 1]
(0, (0, 1, 1), (0, 0)): [7339, 12879, 15250, 7124, 3747, 1802, 776, 339, 170, 74, 24, 16, 4, 4, 2, 0, 1, 1]
(0, (0, 1, 1), (0, 1)): [1473, 2429, 2705, 1236, 660, 310, 141, 56, 26, 13, 4, 4, 1, 0, 0, 0, 1]
(0, (0, 1, 1), (0, 2)): [706, 944, 1003, 460, 247, 117, 51, 25, 6, 4, 1, 2]
(0, (0, 1, 1), (1, 0)): [1353, 2534, 2976, 1499, 785, 415, 169, 72, 40, 13, 8, 6, 1, 1, 1]
(0, (0, 1, 1), (1, 1)): [1192, 2113, 2408, 1110, 591, 273, 123, 42, 21, 9, 6, 3, 2, 0, 0, 0, 1]
(0, (0, 1, 1), (1, 2)): [995, 1391, 1506, 664, 393, 174, 73, 30, 15, 3, 2, 3, 1, 0, 0, 0, 1]
(0, (0, 1, 1), (2, 0)): [546, 1081, 1115, 623, 365, 213, 77, 35, 25, 8, 4, 2, 0, 1, 1]
(0, (0, 1, 1), (2, 1)): [604, 1158, 1318, 649, 304, 171, 66, 33, 14, 9, 6, 1, 1, 0, 1]
(0, (0, 1, 1), (2, 2)): [784, 1208, 1292, 604, 325, 151, 56, 26, 14, 8, 2, 3, 1, 0, 0, 0, 1]
(0, (0, 1, 1), (3, 0)): [286, 507, 473, 305, 207, 107, 41, 12, 16, 2, 1, 2, 0, 1]
(0, (0, 1, 1), (3, 1)): [245, 472, 533, 292, 178, 100, 39, 17, 13, 4, 2, 1, 0, 0, 1]
(0, (0, 1, 1), (3, 2)): [441, 679, 729, 402, 201, 113, 47, 23, 14, 5, 3, 0, 1, 0, 0, 0, 1]
(0, (1, 0, 0), (0, 0)): [518109, 170227, 111687, 55704, 26742, 11910, 4985, 2141, 892, 389, 191, 75, 27, 17, 4, 1, 1, 1]
(0, (1, 0, 0), (0, 1)): [97108, 28129, 19588, 9684, 4604, 2017, 849, 332, 160, 64, 30, 13, 1, 3]
(0, (1, 0, 0), (0, 2)): [38210, 9587, 6770, 3179, 1462, 644, 283, 114, 49, 25, 11, 4]
(0, (1, 0, 0), (1, 0)): [80720, 27876, 19928, 10453, 5176, 2299, 956, 428, 164, 79, 46, 14, 3, 6, 2, 0, 1]
(0, (1, 0, 0), (1, 1)): [73012, 22475, 15906, 8135, 3851, 1754, 726, 300, 129, 52, 28, 11, 1, 4, 1]
(0, (1, 0, 0), (1, 2)): [49743, 13239, 9371, 4655, 2133, 941, 409, 167, 77, 28, 9, 6, 0, 0, 1]
(0, (1, 0, 0), (2, 0)): [24978, 9485, 7113, 3926, 2025, 900, 364, 163, 55, 42, 22, 5, 3, 3, 0, 0, 1]
(0, (1, 0, 0), (2, 1)): [34964, 11739, 8502, 4494, 2238, 1020, 409, 185, 78, 42, 22, 7, 0, 6, 0, 0, 1]
(0, (1, 0, 0), (2, 2)): [36070, 10458, 7462, 3713, 1791, 761, 371, 146, 70, 29, 13, 5, 0, 3]
(0, (1, 0, 0), (3, 0)): [6415, 2993, 2309, 1540, 788, 355, 149, 54, 24, 18, 8, 2, 2]
(0, (1, 0, 0), (3, 1)): [12474, 5044, 3746, 2303, 1155, 564, 219, 100, 39, 19, 12, 4, 2, 2]
(0, (1, 0, 0), (3, 2)): [17039, 6199, 4357, 2490, 1232, 524, 259, 112, 51, 20, 10, 6, 0, 1]
(0, (1, 0, 1), (0, 0)): [12084, 36622, 14888, 10722, 5609, 2615, 1233, 507, 244, 101, 55, 20, 11, 3, 2, 0, 0, 1]
(0, (1, 0, 1), (0, 1)): [2279, 5949, 2430, 1835, 905, 432, 199, 76, 39, 15, 9, 1, 4, 1]
(0, (1, 0, 1), (0, 2)): [1086, 2179, 872, 645, 306, 147, 66, 27, 13, 1, 3, 1, 2, 1]
(0, (1, 0, 1), (1, 0)): [1865, 6082, 2451, 1887, 1008, 504, 217, 94, 50, 26, 15, 2, 1, 1, 1]
(0, (1, 0, 1), (1, 1)): [1756, 4728, 1987, 1443, 737, 335, 156, 67, 41, 18, 8, 1, 1]
(0, (1, 0, 1), (1, 2)): [1443, 2904, 1219, 842, 432, 193, 86, 39, 23, 5, 2, 1, 2]
(0, (1, 0, 1), (2, 0)): [604, 2058, 824, 683, 373, 210, 82, 37, 18, 13, 5, 1]
(0, (1, 0, 1), (2, 1)): [811, 2400, 1020, 768, 398, 218, 91, 35, 22, 16, 6]
(0, (1, 0, 1), (2, 2)): [1050, 2219, 966, 695, 345, 174, 83, 39, 13, 10, 3]
(0, (1, 0, 1), (3, 0)): [198, 620, 281, 200, 141, 86, 29, 14, 8, 3, 1, 1]
(0, (1, 0, 1), (3, 1)): [318, 835, 432, 330, 208, 107, 42, 20, 15, 9, 3]
(0, (1, 0, 1), (3, 2)): [518, 1126, 584, 390, 248, 126, 55, 26, 15, 11, 5]
(0, (1, 1, 0), (0, 0)): [74555, 46665, 34383, 25297, 13497, 6285, 2692, 1244, 515, 236, 110, 45, 14, 6, 1, 0, 1]
(0, (1, 1, 0), (0, 1)): [15503, 8379, 5717, 4443, 2429, 1057, 500, 208, 82, 30, 17, 11, 1, 1, 1, 0, 1]
(0, (1, 1, 0), (0, 2)): [6529, 3051, 1992, 1574, 837, 366, 158, 83, 32, 13, 6, 2]
(0, (1, 1, 0), (1, 0)): [11964, 7717, 5675, 4563, 2413, 1180, 499, 228, 96, 41, 22, 8, 3, 3]
(0, (1, 1, 0), (1, 1)): [11397, 6458, 4613, 3671, 1909, 876, 394, 165, 52, 25, 19, 4, 2, 2, 1, 0, 1]
(0, (1, 1, 0), (1, 2)): [8485, 4029, 2790, 2265, 1158, 503, 221, 97, 36, 21, 5, 3, 0, 1, 0, 0, 1]
(0, (1, 1, 0), (2, 0)): [3498, 2584, 1927, 1563, 929, 474, 206, 97, 44, 14, 7, 6, 0, 1]
(0, (1, 1, 0), (2, 1)): [5260, 3284, 2412, 1945, 1087, 493, 228, 97, 44, 13, 13, 6, 2, 0, 1]
(0, (1, 1, 0), (2, 2)): [6025, 3168, 2241, 1793, 969, 424, 193, 95, 33, 18, 7, 2, 0, 0, 0, 0, 1]
(0, (1, 1, 0), (3, 0)): [790, 826, 666, 516, 360, 187, 81, 39, 15, 6, 3, 2, 0, 1]
(0, (1, 1, 0), (3, 1)): [1799, 1382, 1062, 880, 589, 299, 131, 54, 23, 9, 7, 3, 2, 0, 1]
(0, (1, 1, 0), (3, 2)): [2810, 1790, 1369, 1103, 680, 325, 138, 77, 23, 11, 7, 0, 0, 0, 0, 0, 1]
(0, (1, 1, 1), (0, 0)): [7194, 14017, 11201, 8145, 6729, 3336, 1553, 738, 350, 147, 73, 27, 8, 4, 1, 0, 1]
(0, (1, 1, 1), (0, 1)): [1648, 2786, 2135, 1443, 1265, 618, 264, 134, 71, 24, 11, 5, 3, 1]
(0, (1, 1, 1), (0, 2)): [871, 1103, 786, 544, 463, 216, 88, 48, 23, 8, 8, 2, 1]
(0, (1, 1, 1), (1, 0)): [1065, 2450, 1962, 1395, 1181, 639, 291, 113, 63, 31, 13, 6, 0, 1, 0, 0, 1]
(0, (1, 1, 1), (1, 1)): [1102, 2171, 1673, 1121, 992, 536, 240, 114, 58, 22, 7, 4, 1, 1, 0, 0, 1]
(0, (1, 1, 1), (1, 2)): [1026, 1487, 1101, 727, 643, 298, 128, 66, 31, 13, 6, 4, 0, 1, 0, 0, 1]
(0, (1, 1, 1), (2, 0)): [300, 723, 659, 509, 436, 234, 94, 43, 18, 14, 5, 3, 0, 1]
(0, (1, 1, 1), (2, 1)): [495, 1006, 857, 599, 501, 294, 125, 62, 38, 13, 4, 0, 1]
(0, (1, 1, 1), (2, 2)): [664, 1102, 854, 587, 488, 258, 111, 61, 30, 14, 4, 2, 1]
(0, (1, 1, 1), (3, 0)): [55, 187, 174, 182, 133, 85, 42, 20, 5, 6, 3, 2, 0, 1]
(0, (1, 1, 1), (3, 1)): [139, 354, 341, 259, 223, 131, 66, 27, 13, 7, 2, 2, 0, 1]
(0, (1, 1, 1), (3, 2)): [250, 531, 472, 347, 313, 162, 94, 37, 21, 8, 3, 2, 1, 1]
(1, (0, 0, 0), (0, 0)): [2037391, 228498, 93171, 37029, 14496, 5537, 2138, 764, 275, 109, 39, 23, 8, 3, 0, 1]
(1, (0, 0, 0), (0, 1)): [430206, 45086, 18152, 7194, 2841, 1064, 397, 148, 47, 16, 5, 5, 1, 1]
(1, (0, 0, 0), (0, 2)): [170747, 15028, 6072, 2243, 899, 335, 108, 40, 7, 5, 1, 3]
(1, (0, 0, 0), (1, 0)): [356837, 45581, 19048, 7724, 3103, 1183, 453, 145, 60, 24, 6, 3, 0, 0, 0, 1]
(1, (0, 0, 0), (1, 1)): [359309, 40608, 16528, 6616, 2636, 945, 405, 139, 48, 14, 7, 2, 1, 1]
(1, (0, 0, 0), (1, 2)): [253609, 23984, 9624, 3726, 1498, 540, 205, 62, 22, 8, 2, 2, 1]
(1, (0, 0, 0), (2, 0)): [117752, 16900, 7603, 3227, 1290, 505, 189, 59, 28, 14, 2, 2, 0, 0, 0, 1]
(1, (0, 0, 0), (2, 1)): [185898, 23551, 10111, 4085, 1683, 627, 222, 88, 22, 17, 6, 2]
(1, (0, 0, 0), (2, 2)): [205247, 21614, 9082, 3668, 1436, 526, 189, 72, 26, 8, 2, 1]
(1, (0, 0, 0), (3, 0)): [34438, 5512, 3059, 1365, 519, 219, 98, 25, 19, 6, 1, 1, 0, 0, 0, 1]
(1, (0, 0, 0), (3, 1)): [73237, 10942, 5455, 2336, 963, 377, 128, 48, 16, 7, 3]
(1, (0, 0, 0), (3, 2)): [111420, 13984, 6840, 2778, 1156, 423, 148, 62, 19, 8, 4]
(1, (0, 0, 1), (0, 0)): [54608, 78334, 15688, 6905, 2823, 1152, 453, 167, 76, 26, 15, 9, 4, 2]
(1, (0, 0, 1), (0, 1)): [9898, 12078, 2466, 1039, 373, 158, 83, 24, 4, 1, 3, 1]
(1, (0, 0, 1), (0, 2)): [4422, 4060, 801, 319, 122, 50, 24, 3, 3, 0, 1, 1]
(1, (0, 0, 1), (1, 0)): [10042, 14741, 3135, 1580, 640, 277, 93, 36, 24, 5, 2, 1]
(1, (0, 0, 1), (1, 1)): [8896, 11268, 2344, 1069, 401, 157, 71, 25, 7, 3, 1, 1]
(1, (0, 0, 1), (1, 2)): [6831, 6444, 1343, 572, 218, 87, 45, 8, 5, 1, 1, 2]
(1, (0, 0, 1), (2, 0)): [4160, 5968, 1378, 799, 331, 149, 53, 22, 14, 3, 1]
(1, (0, 0, 1), (2, 1)): [5029, 6631, 1440, 740, 287, 117, 39, 24, 7, 2, 1]
(1, (0, 0, 1), (2, 2)): [5944, 5896, 1294, 600, 210, 80, 45, 14, 3, 1, 2, 2]
(1, (0, 0, 1), (3, 0)): [1944, 2403, 630, 443, 183, 90, 30, 10, 6, 1, 1]
(1, (0, 0, 1), (3, 1)): [2231, 2886, 735, 408, 175, 82, 25, 15, 4, 2]
(1, (0, 0, 1), (3, 2)): [3571, 3638, 897, 482, 182, 82, 41, 13, 3, 0, 1]
(1, (0, 1, 0), (0, 0)): [273613, 117870, 43913, 19058, 7722, 3105, 1105, 467, 142, 72, 36, 10, 10, 2, 1]
(1, (0, 1, 0), (0, 1)): [51368, 19722, 7551, 3089, 1272, 526, 186, 82, 18, 13, 7, 1, 1]
(1, (0, 1, 0), (0, 2)): [20706, 6986, 2575, 969, 411, 175, 58, 24, 7, 4, 1, 1, 1]
(1, (0, 1, 0), (1, 0)): [52562, 22019, 8886, 4418, 1796, 729, 272, 106, 43, 19, 9, 0, 0, 1]
(1, (0, 1, 0), (1, 1)): [45602, 17770, 6991, 3143, 1260, 503, 195, 70, 21, 7, 6, 0, 0, 1]
(1, (0, 1, 0), (1, 2)): [31638, 10903, 4064, 1694, 660, 266, 96, 46, 13, 7, 1, 1]
(1, (0, 1, 0), (2, 0)): [21635, 8786, 3838, 2209, 947, 377, 133, 61, 23, 12, 6]
(1, (0, 1, 0), (2, 1)): [26068, 10240, 4363, 2118, 908, 351, 139, 48, 16, 7, 5, 0, 0, 1]
(1, (0, 1, 0), (2, 2)): [27240, 9479, 3817, 1693, 686, 279, 98, 37, 11, 6, 3]
(1, (0, 1, 0), (3, 0)): [9491, 3528, 1652, 1205, 529, 212, 74, 33, 11, 7, 2]
(1, (0, 1, 0), (3, 1)): [12049, 4474, 2153, 1319, 569, 209, 93, 42, 16, 6, 3, 0, 0, 1]
(1, (0, 1, 0), (3, 2)): [16677, 5808, 2646, 1405, 615, 215, 94, 35, 9, 7, 3, 0, 0, 1]
(1, (0, 1, 1), (0, 0)): [42519, 35918, 30995, 12658, 6506, 2592, 1047, 415, 172, 60, 24, 10, 3, 2, 0, 1]
(1, (0, 1, 1), (0, 1)): [7191, 5388, 4575, 1829, 849, 314, 147, 70, 16, 4, 5, 1]
(1, (0, 1, 1), (0, 2)): [3447, 1730, 1653, 654, 299, 101, 55, 27, 3, 1, 4]
(1, (0, 1, 1), (1, 0)): [8624, 7788, 5914, 2691, 1600, 669, 274, 101, 36, 17, 5, 2, 1]
(1, (0, 1, 1), (1, 1)): [6095, 4871, 4028, 1653, 819, 298, 122, 53, 17, 8, 0, 2]
(1, (0, 1, 1), (1, 2)): [5051, 2808, 2526, 981, 491, 171, 76, 34, 7, 5, 3, 1]
(1, (0, 1, 1), (2, 0)): [4671, 4064, 2914, 1466, 1026, 454, 189, 69, 26, 10, 5, 1]
(1, (0, 1, 1), (2, 1)): [3263, 2754, 2275, 1013, 510, 207, 87, 25, 10, 3, 1]
(1, (0, 1, 1), (2, 2)): [4172, 2450, 2191, 909, 447, 157, 66, 21, 6, 2, 3, 1]
(1, (0, 1, 1), (3, 0)): [3304, 2647, 1727, 983, 830, 361, 145, 60, 22, 7, 4, 1]
(1, (0, 1, 1), (3, 1)): [1385, 1241, 973, 469, 283, 147, 52, 23, 9, 3]
(1, (0, 1, 1), (3, 2)): [2328, 1575, 1251, 609, 368, 130, 50, 20, 7, 3, 2, 1]
(1, (1, 0, 0), (0, 0)): [755005, 132013, 88045, 37584, 15298, 6099, 2393, 879, 343, 144, 54, 32, 7, 3, 0, 2]
(1, (1, 0, 0), (0, 1)): [142538, 21902, 15338, 6570, 2583, 1031, 405, 160, 47, 19, 9, 4, 1]
(1, (1, 0, 0), (0, 2)): [55541, 7352, 4996, 2081, 798, 359, 136, 47, 11, 6, 4]
(1, (1, 0, 0), (1, 0)): [127023, 23517, 16970, 7622, 3143, 1272, 520, 186, 62, 31, 12, 4, 2, 0, 0, 1]
(1, (1, 0, 0), (1, 1)): [112884, 18539, 13195, 5833, 2293, 885, 371, 139, 46, 20, 8, 6, 1, 0, 0, 1]
(1, (1, 0, 0), (1, 2)): [75995, 10788, 7492, 3201, 1220, 478, 196, 74, 23, 8, 6, 1]
(1, (1, 0, 0), (2, 0)): [41281, 8359, 6242, 3080, 1305, 527, 221, 74, 31, 10, 5, 0, 1]
(1, (1, 0, 0), (2, 1)): [56050, 10095, 7300, 3559, 1393, 570, 234, 80, 27, 10, 6, 4, 1, 0, 0, 1]
(1, (1, 0, 0), (2, 2)): [57137, 8869, 6137, 2842, 1122, 444, 177, 66, 19, 8, 3, 1, 1]
(1, (1, 0, 0), (3, 0)): [11576, 2745, 1991, 1200, 539, 211, 96, 26, 13, 5, 1, 0, 1]
(1, (1, 0, 0), (3, 1)): [21449, 4637, 3262, 1920, 769, 296, 145, 36, 19, 5, 4, 1, 0, 0, 0, 1]
(1, (1, 0, 0), (3, 2)): [28621, 5613, 3715, 2032, 786, 317, 143, 43, 21, 9, 4, 2, 1, 0, 0, 1]
(1, (1, 0, 1), (0, 0)): [61264, 69049, 22229, 15318, 6619, 2745, 1074, 426, 152, 82, 24, 10, 2, 1]
(1, (1, 0, 1), (0, 1)): [12110, 10916, 3466, 2484, 1049, 437, 162, 62, 28, 12, 4, 1, 2]
(1, (1, 0, 1), (0, 2)): [5441, 3650, 1202, 877, 362, 141, 70, 27, 9, 6, 3, 0, 1]
(1, (1, 0, 1), (1, 0)): [10315, 11425, 3828, 2835, 1317, 559, 213, 92, 32, 19, 1, 3]
(1, (1, 0, 1), (1, 1)): [9287, 8858, 2910, 2101, 873, 390, 134, 44, 19, 8, 1, 3, 1]
(1, (1, 0, 1), (1, 2)): [6956, 5068, 1739, 1237, 493, 208, 85, 38, 12, 6, 3]
(1, (1, 0, 1), (2, 0)): [3520, 3802, 1363, 1034, 538, 228, 88, 42, 12, 8, 0, 1]
(1, (1, 0, 1), (2, 1)): [4629, 4470, 1511, 1133, 554, 220, 81, 25, 14, 8, 0, 3]
(1, (1, 0, 1), (2, 2)): [5138, 3872, 1411, 998, 461, 171, 74, 24, 13, 6, 1]
(1, (1, 0, 1), (3, 0)): [1163, 1227, 477, 359, 220, 108, 35, 13, 1, 4]
(1, (1, 0, 1), (3, 1)): [1720, 1730, 683, 518, 286, 129, 38, 18, 3, 5, 0, 2]
(1, (1, 0, 1), (3, 2)): [2549, 2186, 884, 610, 357, 131, 51, 19, 11, 5, 0, 2]
(1, (1, 1, 0), (0, 0)): [212233, 63537, 42319, 31237, 13161, 5477, 2134, 848, 331, 134, 50, 26, 10, 5, 1]
(1, (1, 1, 0), (0, 1)): [43164, 11183, 7125, 5579, 2326, 975, 351, 149, 65, 23, 10, 4, 1]
(1, (1, 1, 0), (0, 2)): [17825, 4077, 2439, 1956, 790, 309, 99, 47, 18, 4, 3]
(1, (1, 1, 0), (1, 0)): [35994, 11525, 7705, 6034, 2647, 1087, 475, 170, 47, 29, 13, 4, 2, 1]
(1, (1, 1, 0), (1, 1)): [33687, 9379, 6301, 4851, 2053, 856, 321, 138, 50, 25, 11, 4, 1]
(1, (1, 1, 0), (1, 2)): [24226, 5808, 3661, 2834, 1180, 442, 158, 78, 30, 7, 7, 2, 1]
(1, (1, 1, 0), (2, 0)): [11505, 4285, 2680, 2160, 1092, 466, 214, 70, 21, 14, 7, 2, 2, 1]
(1, (1, 1, 0), (2, 1)): [16587, 5216, 3511, 2717, 1259, 549, 224, 74, 32, 15, 7, 2, 1]
(1, (1, 1, 0), (2, 2)): [18294, 4837, 3107, 2374, 1094, 454, 164, 70, 30, 9, 3, 2, 1]
(1, (1, 1, 0), (3, 0)): [2949, 1531, 967, 669, 445, 185, 84, 34, 5, 6, 1, 2, 1]
(1, (1, 1, 0), (3, 1)): [6021, 2551, 1708, 1273, 699, 312, 123, 40, 16, 10, 4, 2, 1]
(1, (1, 1, 0), (3, 2)): [9078, 3077, 2074, 1536, 813, 327, 111, 47, 24, 10, 2, 1, 1]
(1, (1, 1, 1), (0, 0)): [43462, 34734, 21627, 14079, 10917, 4655, 1890, 711, 292, 108, 37, 22, 9, 4, 1, 1]
(1, (1, 1, 1), (0, 1)): [9541, 6394, 3835, 2454, 2008, 808, 329, 121, 57, 20, 7, 1, 0, 1]
(1, (1, 1, 1), (0, 2)): [4629, 2271, 1394, 907, 704, 268, 110, 31, 11, 10, 4, 0, 0, 1]
(1, (1, 1, 1), (1, 0)): [6820, 6200, 3749, 2415, 2115, 938, 417, 142, 55, 19, 8, 7, 2]
(1, (1, 1, 1), (1, 1)): [6873, 5172, 3165, 2020, 1652, 699, 315, 113, 49, 13, 4, 3]
(1, (1, 1, 1), (1, 2)): [5685, 3096, 1993, 1259, 987, 427, 176, 60, 25, 10, 4, 3, 0, 1]
(1, (1, 1, 1), (2, 0)): [1785, 2098, 1317, 822, 776, 380, 170, 61, 21, 10, 3, 3, 1]
(1, (1, 1, 1), (2, 1)): [2962, 2765, 1659, 1052, 898, 409, 183, 61, 31, 10, 3, 2]
(1, (1, 1, 1), (2, 2)): [3833, 2522, 1611, 1012, 843, 368, 163, 54, 26, 12, 3, 3, 0, 1]
(1, (1, 1, 1), (3, 0)): [299, 653, 470, 280, 229, 140, 64, 26, 6, 3, 0, 1, 1]
(1, (1, 1, 1), (3, 1)): [770, 1193, 774, 479, 402, 213, 83, 34, 18, 4, 2, 1, 1]
(1, (1, 1, 1), (3, 2)): [1475, 1498, 987, 616, 508, 263, 106, 38, 18, 6, 4, 1, 0, 1]
(2, (0, 0, 0), (0, 0)): [1781247, 84885, 27993, 8962, 3003, 934, 318, 107, 21, 9, 5, 0, 1]
(2, (0, 0, 0), (0, 1)): [372528, 15574, 5161, 1666, 598, 171, 55, 18, 4, 1]
(2, (0, 0, 0), (0, 2)): [146446, 4290, 1483, 472, 175, 45, 4, 8, 1]
(2, (0, 0, 0), (1, 0)): [323898, 19024, 6425, 2051, 705, 191, 77, 20, 7, 0, 0, 0, 1]
(2, (0, 0, 0), (1, 1)): [319302, 15257, 5169, 1624, 594, 179, 69, 14, 5]
(2, (0, 0, 0), (1, 2)): [220481, 7485, 2598, 861, 296, 89, 27, 8, 1]
(2, (0, 0, 0), (2, 0)): [112340, 7426, 2985, 920, 319, 82, 31, 7, 3, 0, 0, 0, 1]
(2, (0, 0, 0), (2, 1)): [172506, 9626, 3681, 1071, 387, 115, 47, 10, 5]
(2, (0, 0, 0), (2, 2)): [185682, 7587, 2868, 894, 302, 93, 31, 7, 1]
(2, (0, 0, 0), (3, 0)): [34755, 2497, 1335, 428, 145, 38, 12, 4, 0, 0, 0, 0, 1]
(2, (0, 0, 0), (3, 1)): [71696, 4813, 2302, 720, 229, 67, 22, 7, 3]
(2, (0, 0, 0), (3, 2)): [107303, 5645, 2646, 802, 269, 89, 28, 7, 2]
(2, (0, 0, 1), (0, 0)): [167106, 48545, 10310, 3551, 1251, 430, 125, 44, 9, 7, 1, 2]
(2, (0, 0, 1), (0, 1)): [31721, 7428, 1649, 541, 184, 76, 16, 5, 1, 3]
(2, (0, 0, 1), (0, 2)): [12996, 2283, 492, 161, 55, 22, 5, 0, 0, 1]
(2, (0, 0, 1), (1, 0)): [34402, 9281, 2363, 936, 342, 106, 39, 17, 3, 2, 1, 1]
(2, (0, 0, 1), (1, 1)): [29190, 7126, 1612, 616, 204, 75, 18, 9, 1, 3]
(2, (0, 0, 1), (1, 2)): [20506, 3816, 826, 288, 112, 37, 8, 4, 0, 3]
(2, (0, 0, 1), (2, 0)): [14915, 3853, 1150, 523, 202, 59, 21, 9, 2, 1, 1, 1]
(2, (0, 0, 1), (2, 1)): [17386, 4411, 1164, 480, 167, 46, 18, 9, 0, 2]
(2, (0, 0, 1), (2, 2)): [18598, 3758, 925, 341, 125, 41, 8, 4, 0, 1]
(2, (0, 0, 1), (3, 0)): [7062, 1556, 564, 329, 115, 40, 13, 2, 2, 0, 1, 1]
(2, (0, 0, 1), (3, 1)): [8172, 2052, 655, 351, 112, 31, 14, 5, 0, 1, 1]
(2, (0, 0, 1), (3, 2)): [11773, 2596, 749, 349, 125, 33, 12, 3, 0, 2]
(2, (0, 1, 0), (0, 0)): [440192, 90166, 25538, 9096, 3052, 975, 315, 92, 22, 14, 7, 0, 1]
(2, (0, 1, 0), (0, 1)): [83059, 14254, 4057, 1299, 494, 137, 44, 10, 6, 4, 1]
(2, (0, 1, 0), (0, 2)): [33854, 4306, 1225, 363, 127, 28, 11, 2, 3, 1]
(2, (0, 1, 0), (1, 0)): [90167, 17610, 5978, 2528, 812, 251, 93, 30, 1, 2, 0, 0, 1]
(2, (0, 1, 0), (1, 1)): [75458, 13520, 4129, 1441, 528, 140, 60, 14, 3, 3, 1]
(2, (0, 1, 0), (1, 2)): [52888, 7225, 2080, 716, 247, 55, 30, 7, 1, 1]
(2, (0, 1, 0), (2, 0)): [40046, 7427, 2821, 1505, 494, 156, 49, 19, 1, 2, 0, 0, 1]
(2, (0, 1, 0), (2, 1)): [44238, 8252, 2756, 1094, 387, 109, 35, 7, 2, 3, 1, 0, 1]
(2, (0, 1, 0), (2, 2)): [47029, 6917, 2147, 827, 295, 77, 34, 9, 0, 2]
(2, (0, 1, 0), (3, 0)): [20127, 3174, 1402, 995, 313, 102, 36, 17, 1, 2]
(2, (0, 1, 0), (3, 1)): [20411, 3843, 1490, 781, 277, 78, 28, 6, 2, 2, 1, 0, 1]
(2, (0, 1, 0), (3, 2)): [29416, 4623, 1668, 868, 290, 77, 43, 8, 0, 1, 0, 0, 1]
(2, (0, 1, 1), (0, 0)): [102770, 8566, 21193, 6217, 2446, 815, 266, 83, 26, 7, 5, 1, 0, 1]
(2, (0, 1, 1), (0, 1)): [19866, 1264, 3296, 985, 343, 126, 37, 11, 1, 2]
(2, (0, 1, 1), (0, 2)): [8632, 431, 1037, 311, 118, 35, 13, 2, 0, 2]
(2, (0, 1, 1), (1, 0)): [21883, 2047, 4152, 1536, 693, 241, 76, 23, 6, 0, 3]
(2, (0, 1, 1), (1, 1)): [17633, 1230, 3104, 994, 368, 144, 36, 13, 4, 0, 1]
(2, (0, 1, 1), (1, 2)): [13437, 736, 1786, 521, 205, 68, 17, 4, 1, 2, 1]
(2, (0, 1, 1), (2, 0)): [10432, 1148, 1877, 793, 453, 146, 48, 16, 2, 0, 2]
(2, (0, 1, 1), (2, 1)): [10324, 797, 1890, 654, 300, 98, 27, 9, 3, 0, 1]
(2, (0, 1, 1), (2, 2)): [11993, 769, 1682, 575, 221, 82, 17, 5, 3, 1]
(2, (0, 1, 1), (3, 0)): [5992, 774, 955, 462, 310, 117, 32, 13, 1, 0, 1]
(2, (0, 1, 1), (3, 1)): [4777, 451, 878, 345, 200, 68, 23, 8, 1, 0, 1]
(2, (0, 1, 1), (3, 2)): [7474, 602, 1151, 436, 206, 85, 17, 8, 4, 1]
(2, (1, 0, 0), (0, 0)): [913891, 65896, 44715, 14296, 4690, 1486, 560, 165, 40, 16, 7, 1, 1]
(2, (1, 0, 0), (0, 1)): [171830, 10443, 7254, 2339, 778, 257, 96, 35, 10, 2, 0, 1]
(2, (1, 0, 0), (0, 2)): [66751, 2932, 1971, 655, 205, 61, 27, 9, 4]
(2, (1, 0, 0), (1, 0)): [157027, 12914, 9365, 3253, 1099, 315, 124, 33, 9, 2, 0, 0, 1]
(2, (1, 0, 0), (1, 1)): [139721, 9404, 6671, 2285, 751, 227, 90, 25, 7, 2]
(2, (1, 0, 0), (1, 2)): [93645, 4693, 3100, 1131, 353, 98, 37, 11, 4, 1]
(2, (1, 0, 0), (2, 0)): [52545, 4976, 3490, 1428, 494, 144, 55, 20, 7, 2, 0, 0, 1]
(2, (1, 0, 0), (2, 1)): [72064, 5571, 4038, 1514, 508, 154, 58, 14, 6, 0, 0, 0, 1]
(2, (1, 0, 0), (2, 2)): [72799, 4430, 2896, 1112, 373, 107, 44, 10, 4, 1]
(2, (1, 0, 0), (3, 0)): [15442, 1889, 1093, 635, 211, 63, 23, 11, 3, 2]
(2, (1, 0, 0), (3, 1)): [28851, 2958, 1937, 975, 284, 89, 33, 9, 4, 1, 0, 0, 1]
(2, (1, 0, 0), (3, 2)): [38650, 3304, 2029, 984, 319, 100, 33, 13, 1, 1, 0, 0, 1]
(2, (1, 0, 1), (0, 0)): [161270, 37318, 14786, 9495, 3162, 1017, 347, 106, 34, 12, 2, 4, 2]
(2, (1, 0, 1), (0, 1)): [32268, 6094, 2239, 1568, 532, 176, 63, 18, 6, 2, 1, 1, 1]
(2, (1, 0, 1), (0, 2)): [13300, 1827, 670, 432, 160, 46, 14, 7, 1, 1]
(2, (1, 0, 1), (1, 0)): [29837, 6544, 3007, 2114, 786, 225, 79, 19, 3, 2, 0, 1]
(2, (1, 0, 1), (1, 1)): [26523, 5173, 2188, 1517, 552, 175, 61, 16, 5, 2, 1, 2, 1]
(2, (1, 0, 1), (1, 2)): [18652, 2731, 1131, 721, 278, 91, 33, 8, 4, 1, 0, 1]
(2, (1, 0, 1), (2, 0)): [10662, 2258, 1225, 820, 341, 100, 34, 11, 3]
(2, (1, 0, 1), (2, 1)): [14068, 2769, 1369, 897, 385, 116, 38, 13, 0, 1, 0, 1]
(2, (1, 0, 1), (2, 2)): [14547, 2181, 1069, 672, 259, 97, 38, 9, 4, 0, 0, 1]
(2, (1, 0, 1), (3, 0)): [3589, 693, 503, 298, 146, 46, 19, 3, 3]
(2, (1, 0, 1), (3, 1)): [5995, 1123, 702, 451, 248, 54, 29, 5, 3, 1]
(2, (1, 0, 1), (3, 2)): [8086, 1164, 827, 485, 237, 76, 24, 9, 5]
(2, (1, 1, 0), (0, 0)): [358713, 53364, 27070, 19329, 6230, 1989, 675, 225, 69, 32, 10, 3, 2, 1]
(2, (1, 1, 0), (0, 1)): [71844, 8839, 4331, 3284, 1022, 300, 108, 37, 6, 6, 2, 1, 1]
(2, (1, 1, 0), (0, 2)): [30144, 2629, 1294, 948, 306, 87, 32, 14, 2, 3]
(2, (1, 1, 0), (1, 0)): [62647, 9504, 5298, 4081, 1466, 427, 155, 47, 18, 6, 1, 1]
(2, (1, 1, 0), (1, 1)): [59000, 7772, 4064, 3083, 968, 313, 93, 35, 9, 6, 2, 2, 1]
(2, (1, 1, 0), (1, 2)): [42925, 4124, 2155, 1553, 491, 156, 38, 19, 6, 1, 1, 1]
(2, (1, 1, 0), (2, 0)): [21433, 3345, 2125, 1568, 740, 196, 78, 22, 9, 3]
(2, (1, 1, 0), (2, 1)): [30781, 4237, 2515, 1892, 733, 196, 76, 25, 6, 5, 0, 0, 1]
(2, (1, 1, 0), (2, 2)): [34040, 3590, 2089, 1487, 552, 148, 51, 21, 10, 1, 1, 1]
(2, (1, 1, 0), (3, 0)): [6771, 1039, 862, 508, 354, 103, 34, 10, 6, 2]
(2, (1, 1, 0), (3, 1)): [12871, 1838, 1406, 949, 505, 130, 50, 10, 5, 2, 0, 0, 1]
(2, (1, 1, 0), (3, 2)): [18740, 2196, 1702, 1077, 547, 121, 49, 17, 8, 1, 1]
(2, (1, 1, 1), (0, 0)): [106894, 15543, 17607, 8808, 6763, 2098, 712, 242, 81, 20, 10, 4, 1, 1]
(2, (1, 1, 1), (0, 1)): [23869, 2482, 3063, 1516, 1203, 372, 133, 39, 20, 4, 3, 0, 1]
(2, (1, 1, 1), (0, 2)): [10714, 799, 932, 466, 338, 98, 45, 8, 4, 1, 2]
(2, (1, 1, 1), (1, 0)): [17653, 3924, 3320, 1819, 1492, 473, 158, 59, 17, 5, 1, 2]
(2, (1, 1, 1), (1, 1)): [18449, 2622, 2729, 1449, 1134, 362, 125, 39, 17, 5, 1, 0, 1]
(2, (1, 1, 1), (1, 2)): [14576, 1389, 1481, 733, 560, 197, 69, 17, 5, 3, 2]
(2, (1, 1, 1), (2, 0)): [4955, 2227, 1155, 734, 602, 201, 63, 27, 7, 3, 0, 2]
(2, (1, 1, 1), (2, 1)): [8330, 2114, 1526, 947, 725, 253, 79, 23, 10, 2, 0, 0, 1]
(2, (1, 1, 1), (2, 2)): [10385, 1615, 1312, 756, 570, 212, 73, 18, 6, 4, 2]
(2, (1, 1, 1), (3, 0)): [846, 1356, 336, 305, 184, 94, 33, 16, 4, 3, 0, 1]
(2, (1, 1, 1), (3, 1)): [2389, 1762, 617, 524, 378, 142, 52, 13, 5, 3, 0, 1]
(2, (1, 1, 1), (3, 2)): [4427, 1806, 799, 673, 427, 181, 61, 16, 5, 3, 2]
