(0, (0, 0, 0), (0, 0)): [15293, 3327, 1571, 802, 380, 154, 61, 20, 18, 8, 2, 0, 1]
(0, (0, 0, 0), (0, 1)): [34, 5, 1, 1]
(0, (0, 0, 0), (0, 2)): [13, 1]
(0, (0, 0, 0), (1, 0)): [33, 8, 5, 1, 1, 0, 0, 1]
(0, (0, 0, 0), (1, 1)): [26, 8, 5, 1]
(0, (0, 0, 0), (1, 2)): [19, 2]
(0, (0, 0, 0), (2, 0)): [10, 3, 0, 1, 1, 0, 0, 1]
(0, (0, 0, 0), (2, 1)): [13, 5, 3]
(0, (0, 0, 0), (2, 2)): [8, 2]
(0, (0, 0, 0), (3, 0)): [5, 0, 0, 1, 0, 0, 0, 1]
(0, (0, 0, 0), (3, 1)): [7, 2, 2, 1, 0, 0, 0, 1]
(0, (0, 0, 0), (3, 2)): [5, 1, 1, 1, 0, 0, 0, 1]
(0, (0, 0, 1), (0, 0)): [47, 231, 55, 30, 27, 12, 3, 0, 3]
(0, (0, 1, 0), (0, 0)): [492, 570, 205, 106, 56, 23, 8, 3, 1, 2, 0, 0, 1]
(0, (0, 1, 0), (0, 1)): [2, 0, 1]
(0, (0, 1, 0), (0, 2)): [1]
(0, (0, 1, 0), (1, 0)): [2]
(0, (0, 1, 0), (1, 1)): [1, 0, 1]
(0, (0, 1, 0), (1, 2)): [0, 0, 1]
(0, (0, 1, 0), (2, 2)): [0, 0, 1]
(0, (0, 1, 1), (0, 0)): [52, 74, 107, 52, 26, 11, 5, 1, 3]
(0, (0, 1, 1), (1, 0)): [0, 0, 0, 0, 0, 1]
(0, (0, 1, 1), (2, 0)): [0, 0, 0, 0, 0, 1]
(0, (0, 1, 1), (3, 0)): [0, 0, 0, 0, 0, 1]
(0, (1, 0, 0), (0, 0)): [3354, 1139, 794, 440, 197, 81, 44, 12, 10, 4, 1]
(0, (1, 0, 0), (0, 1)): [8, 3, 1]
(0, (1, 0, 0), (0, 2)): [2, 1]
(0, (1, 0, 0), (1, 0)): [5, 2, 2, 0, 0, 0, 1, 1]
(0, (1, 0, 0), (1, 1)): [6, 0, 0, 0, 0, 0, 1, 1]
(0, (1, 0, 0), (1, 2)): [1, 1, 0, 0, 0, 0, 1, 1]
(0, (1, 0, 0), (2, 0)): [1, 2, 1]
(0, (1, 0, 0), (2, 1)): [4, 0, 1]
(0, (1, 0, 0), (2, 2)): [3, 1]
(0, (1, 0, 0), (3, 0)): [1]
(0, (1, 0, 0), (3, 1)): [0, 0, 1]
(0, (1, 0, 1), (0, 0)): [72, 275, 128, 91, 34, 18, 7, 5, 3, 2, 1]
(0, (1, 0, 1), (1, 0)): [0, 3]
(0, (1, 0, 1), (1, 1)): [0, 1]
(0, (1, 0, 1), (1, 2)): [0, 1]
(0, (1, 1, 0), (0, 0)): [440, 340, 257, 190, 99, 37, 26, 10, 2, 4, 0, 0, 1]
(0, (1, 1, 0), (0, 1)): [3, 0, 1, 0, 0, 0, 1]
(0, (1, 1, 0), (0, 2)): [0, 0, 1]
(0, (1, 1, 0), (1, 0)): [0, 1, 0, 0, 0, 0, 0, 1]
(0, (1, 1, 0), (1, 1)): [2]
(0, (1, 1, 0), (1, 2)): [1]
(0, (1, 1, 0), (2, 0)): [0, 0, 0, 0, 0, 0, 0, 1]
(0, (1, 1, 0), (2, 1)): [1]
(0, (1, 1, 0), (2, 2)): [1]
(0, (1, 1, 0), (3, 0)): [0, 0, 0, 0, 0, 0, 0, 1]
(0, (1, 1, 0), (3, 1)): [0, 0, 0, 0, 0, 0, 0, 1]
(0, (1, 1, 0), (3, 2)): [1, 0, 0, 0, 0, 0, 0, 1]
(0, (1, 1, 1), (0, 0)): [43, 90, 67, 65, 43, 29, 15, 6, 1, 2]
(0, (1, 1, 1), (1, 0)): [0, 0, 0, 0, 1, 1]
(0, (1, 1, 1), (1, 1)): [0, 0, 0, 0, 1]
(0, (1, 1, 1), (2, 0)): [0, 0, 0, 0, 0, 1]
(0, (1, 1, 1), (2, 1)): [0, 0, 0, 0, 1]
(1, (0, 0, 0), (0, 0)): [12246, 1464, 606, 272, 128, 40, 12, 7, 5, 1, 1]
(1, (0, 0, 0), (0, 1)): [30, 3, 1]
(1, (0, 0, 0), (0, 2)): [12]
(1, (0, 0, 0), (1, 0)): [28, 3, 1]
(1, (0, 0, 0), (1, 1)): [19, 4, 1]
(1, (0, 0, 0), (1, 2)): [13, 2, 1]
(1, (0, 0, 0), (2, 0)): [13, 1]
(1, (0, 0, 0), (2, 1)): [13, 1]
(1, (0, 0, 0), (2, 2)): [8, 2]
(1, (0, 0, 0), (3, 0)): [7, 1]
(1, (0, 0, 0), (3, 1)): [8, 1]
(1, (0, 0, 0), (3, 2)): [5, 1]
(1, (0, 0, 1), (0, 0)): [316, 555, 111, 51, 24, 8, 3, 4, 1, 1]
(1, (0, 0, 1), (0, 1)): [1]
(1, (0, 0, 1), (1, 1)): [1]
(1, (0, 0, 1), (1, 2)): [1]
(1, (0, 1, 0), (0, 0)): [1702, 845, 325, 140, 65, 18, 6, 5, 3, 1]
(1, (0, 1, 0), (0, 1)): [1, 1]
(1, (0, 1, 0), (1, 0)): [7, 1, 3]
(1, (0, 1, 0), (1, 1)): [4, 1]
(1, (0, 1, 0), (1, 2)): [2, 1]
(1, (0, 1, 0), (2, 0)): [3, 1, 2]
(1, (0, 1, 0), (2, 1)): [0, 1, 1]
(1, (0, 1, 0), (2, 2)): [1]
(1, (0, 1, 0), (3, 0)): [1, 0, 1]
(1, (0, 1, 0), (3, 1)): [0, 1, 1]
(1, (0, 1, 0), (3, 2)): [1, 1]
(1, (0, 1, 1), (0, 0)): [308, 291, 221, 100, 62, 21, 5, 6, 3, 0, 0, 0, 1]
(1, (1, 0, 0), (0, 0)): [5004, 997, 622, 280, 129, 47, 19, 5, 5, 0, 1]
(1, (1, 0, 0), (0, 1)): [15, 2, 0, 1]
(1, (1, 0, 0), (0, 2)): [5]
(1, (1, 0, 0), (1, 0)): [6, 1, 1]
(1, (1, 0, 0), (1, 1)): [9, 2, 0, 1]
(1, (1, 0, 0), (1, 2)): [8]
(1, (1, 0, 0), (2, 0)): [2, 0, 1]
(1, (1, 0, 0), (2, 1)): [4, 1]
(1, (1, 0, 0), (2, 2)): [5]
(1, (1, 0, 0), (3, 1)): [0, 1]
(1, (1, 0, 0), (3, 2)): [2]
(1, (1, 0, 1), (0, 0)): [404, 515, 186, 128, 62, 18, 7, 2, 1, 2]
(1, (1, 0, 1), (0, 1)): [0, 2]
(1, (1, 0, 1), (1, 0)): [1, 0, 1]
(1, (1, 0, 1), (1, 1)): [0, 2, 1]
(1, (1, 0, 1), (2, 0)): [1]
(1, (1, 0, 1), (2, 1)): [0, 2]
(1, (1, 0, 1), (2, 2)): [0, 1]
(1, (1, 0, 1), (3, 0)): [1]
(1, (1, 0, 1), (3, 1)): [0, 1]
(1, (1, 1, 0), (0, 0)): [1344, 473, 369, 227, 99, 42, 18, 4, 4, 1, 1]
(1, (1, 1, 0), (0, 1)): [2, 0, 1]
(1, (1, 1, 0), (0, 2)): [1]
(1, (1, 1, 0), (1, 0)): [2, 2, 0, 1, 2]
(1, (1, 1, 0), (1, 1)): [2, 0, 1, 1]
(1, (1, 1, 0), (1, 2)): [2, 0, 1]
(1, (1, 1, 0), (2, 0)): [0, 1, 0, 0, 2]
(1, (1, 1, 0), (2, 1)): [0, 1, 0, 0, 1]
(1, (1, 1, 0), (2, 2)): [0, 0, 1]
(1, (1, 1, 0), (3, 1)): [0, 0, 0, 0, 1]
(1, (1, 1, 1), (0, 0)): [300, 268, 165, 116, 73, 28, 13, 6, 2, 1]
(1, (1, 1, 1), (0, 1)): [0, 0, 0, 0, 1]
(1, (1, 1, 1), (1, 0)): [1, 1]
(1, (1, 1, 1), (1, 1)): [0, 1, 0, 0, 1]
(1, (1, 1, 1), (2, 0)): [1]
(1, (1, 1, 1), (2, 1)): [1]
(1, (1, 1, 1), (3, 1)): [1]
(1, (1, 1, 1), (3, 2)): [1]
(2, (0, 0, 0), (0, 0)): [10544, 511, 171, 70, 25, 11, 3, 1, 0, 0, 1]
(2, (0, 0, 0), (0, 1)): [32]
(2, (0, 0, 0), (0, 2)): [12]
(2, (0, 0, 0), (1, 0)): [20, 2]
(2, (0, 0, 0), (1, 1)): [24, 1]
(2, (0, 0, 0), (1, 2)): [10]
(2, (0, 0, 0), (2, 0)): [4, 1]
(2, (0, 0, 0), (2, 1)): [13, 1]
(2, (0, 0, 0), (2, 2)): [5]
(2, (0, 0, 0), (3, 0)): [1]
(2, (0, 0, 0), (3, 1)): [5, 1]
(2, (0, 0, 0), (3, 2)): [2, 1]
(2, (0, 0, 1), (0, 0)): [1060, 366, 67, 28, 9, 3, 2]
(2, (0, 0, 1), (0, 1)): [3, 1]
(2, (0, 0, 1), (1, 0)): [1, 1]
(2, (0, 0, 1), (1, 1)): [3]
(2, (0, 0, 1), (2, 0)): [0, 1]
(2, (0, 0, 1), (2, 1)): [2]
(2, (0, 0, 1), (3, 0)): [0, 1]
(2, (0, 1, 0), (0, 0)): [2773, 675, 174, 60, 27, 8, 2, 1]
(2, (0, 1, 0), (0, 1)): [4, 1]
(2, (0, 1, 0), (0, 2)): [1]
(2, (0, 1, 0), (1, 0)): [6]
(2, (0, 1, 0), (1, 1)): [4, 1]
(2, (0, 1, 0), (1, 2)): [3, 1]
(2, (0, 1, 0), (2, 0)): [4]
(2, (0, 1, 0), (2, 1)): [2]
(2, (0, 1, 0), (2, 2)): [2, 1]
(2, (0, 1, 0), (3, 0)): [2]
(2, (0, 1, 0), (3, 1)): [1]
(2, (0, 1, 1), (0, 0)): [676, 55, 143, 39, 18, 5, 4, 2]
(2, (0, 1, 1), (1, 0)): [2]
(2, (0, 1, 1), (2, 0)): [2]
(2, (0, 1, 1), (3, 0)): [2]
(2, (0, 1, 1), (3, 1)): [1]
(2, (1, 0, 0), (0, 0)): [6181, 508, 296, 120, 40, 16, 5, 0, 2, 0, 1]
(2, (1, 0, 0), (0, 1)): [8, 1, 0, 1]
(2, (1, 0, 0), (0, 2)): [4]
(2, (1, 0, 0), (1, 0)): [16, 1]
(2, (1, 0, 0), (1, 1)): [9, 1, 0, 1]
(2, (1, 0, 0), (1, 2)): [6]
(2, (1, 0, 0), (2, 0)): [5]
(2, (1, 0, 0), (2, 1)): [4, 1]
(2, (1, 0, 0), (2, 2)): [4]
(2, (1, 0, 0), (3, 0)): [3]
(2, (1, 0, 0), (3, 1)): [2, 1]
(2, (1, 0, 0), (3, 2)): [2, 1]
(2, (1, 0, 1), (0, 0)): [1118, 296, 117, 85, 33, 8, 2, 1, 1]
(2, (1, 0, 1), (0, 1)): [1]
(2, (1, 0, 1), (1, 0)): [1]
(2, (1, 0, 1), (1, 1)): [2]
(2, (1, 0, 1), (1, 2)): [1]
(2, (1, 0, 1), (2, 1)): [1]
(2, (1, 1, 0), (0, 0)): [2463, 435, 220, 145, 43, 13, 6, 2, 4, 1, 1]
(2, (1, 1, 0), (0, 1)): [5, 0, 0, 1]
(2, (1, 1, 0), (0, 2)): [2]
(2, (1, 1, 0), (1, 0)): [8, 2, 1]
(2, (1, 1, 0), (1, 1)): [5, 1]
(2, (1, 1, 0), (1, 2)): [5]
(2, (1, 1, 0), (2, 0)): [5, 0, 1]
(2, (1, 1, 0), (2, 1)): [1]
(2, (1, 1, 0), (2, 2)): [4]
(2, (1, 1, 0), (3, 0)): [4, 0, 1]
(2, (1, 1, 0), (3, 1)): [2]
(2, (1, 1, 0), (3, 2)): [4]
(2, (1, 1, 1), (0, 0)): [739, 130, 144, 73, 48, 16, 5, 3, 1, 0, 1]
(2, (1, 1, 1), (0, 1)): [1]
(2, (1, 1, 1), (0, 2)): [1]
(2, (1, 1, 1), (1, 0)): [3, 1, 1]
(2, (1, 1, 1), (1, 1)): [1, 0, 1]
(2, (1, 1, 1), (2, 0)): [1, 1]
(2, (1, 1, 1), (2, 1)): [0, 0, 1]
(2, (1, 1, 1), (3, 0)): [0, 1]
(2, (1, 1, 1), (3, 1)): [0, 1]
