(0, (0, 0, 0), (0, 0)): [24891, 4466, 1997, 832, 374, 154, 58, 25, 6, 0, 5]
(0, (0, 0, 0), (0, 1)): [25, 10, 3, 0, 0, 1]
(0, (0, 0, 0), (0, 2)): [9, 6, 1, 0, 0, 1]
(0, (0, 0, 0), (1, 0)): [39, 5, 1]
(0, (0, 0, 0), (1, 1)): [38, 6, 1]
(0, (0, 0, 0), (1, 2)): [20, 6, 0, 0, 0, 1]
(0, (0, 0, 0), (2, 0)): [9, 2]
(0, (0, 0, 0), (2, 1)): [17, 6, 1]
(0, (0, 0, 0), (2, 2)): [19, 4, 0, 0, 0, 1]
(0, (0, 0, 0), (3, 0)): [3]
(0, (0, 0, 0), (3, 1)): [4, 1, 1]
(0, (0, 0, 0), (3, 2)): [7, 4, 1, 0, 0, 1]
(0, (0, 0, 1), (0, 0)): [163, 419, 122, 47, 23, 10, 3, 1]
(0, (0, 1, 0), (0, 0)): [793, 777, 280, 115, 61, 17, 6, 1, 2, 1, 1]
(0, (0, 1, 0), (0, 1)): [2, 1]
(0, (0, 1, 0), (0, 2)): [1, 1]
(0, (0, 1, 1), (0, 0)): [71, 103, 143, 66, 29, 16, 6, 2, 1]
(0, (1, 0, 0), (0, 0)): [5637, 1920, 1031, 501, 221, 87, 36, 18, 3, 0, 4]
(0, (1, 0, 0), (0, 1)): [6, 2, 1]
(0, (1, 0, 0), (0, 2)): [1, 1]
(0, (1, 0, 0), (1, 0)): [3, 2, 1]
(0, (1, 0, 0), (1, 1)): [1, 2, 2]
(0, (1, 0, 0), (1, 2)): [1, 1, 1]
(0, (1, 0, 0), (2, 0)): [1]
(0, (1, 0, 0), (2, 1)): [1, 2]
(0, (1, 0, 0), (2, 2)): [1, 1]
(0, (1, 0, 1), (0, 0)): [142, 301, 151, 71, 49, 15, 6, 2, 1]
(0, (1, 0, 1), (1, 0)): [1]
(0, (1, 1, 0), (0, 0)): [749, 457, 370, 227, 129, 50, 21, 12, 1, 1, 3]
(0, (1, 1, 0), (0, 1)): [1, 1]
(0, (1, 1, 0), (0, 2)): [1]
(0, (1, 1, 0), (1, 0)): [0, 1]
(0, (1, 1, 1), (0, 0)): [82, 128, 122, 93, 75, 29, 12, 8, 2, 1, 2]
(0, (1, 1, 1), (0, 1)): [0, 0, 1]
(1, (0, 0, 0), (0, 0)): [19535, 1771, 722, 232, 102, 50, 14, 5, 2, 0, 1]
(1, (0, 0, 0), (0, 1)): [28, 2]
(1, (0, 0, 0), (0, 2)): [9, 1]
(1, (0, 0, 0), (1, 0)): [28, 2, 1]
(1, (0, 0, 0), (1, 1)): [24, 1]
(1, (0, 0, 0), (1, 2)): [15, 1]
(1, (0, 0, 0), (2, 0)): [11, 1, 1]
(1, (0, 0, 0), (2, 1)): [17, 0, 1]
(1, (0, 0, 0), (2, 2)): [16, 1]
(1, (0, 0, 0), (3, 0)): [1, 1]
(1, (0, 0, 0), (3, 1)): [7, 0, 1]
(1, (0, 0, 0), (3, 2)): [8, 0, 1]
(1, (0, 0, 1), (0, 0)): [768, 1161, 199, 70, 32, 10, 5, 2]
(1, (0, 0, 1), (0, 1)): [1]
(1, (0, 0, 1), (0, 2)): [1]
(1, (0, 0, 1), (1, 0)): [1, 1]
(1, (0, 0, 1), (1, 1)): [0, 1]
(1, (0, 0, 1), (1, 2)): [0, 1]
(1, (0, 0, 1), (2, 0)): [1]
(1, (0, 0, 1), (2, 1)): [1]
(1, (0, 0, 1), (3, 1)): [1]
(1, (0, 1, 0), (0, 0)): [3145, 1513, 501, 187, 58, 26, 14, 5, 1]
(1, (0, 1, 0), (0, 1)): [2]
(1, (0, 1, 0), (0, 2)): [1]
(1, (0, 1, 0), (1, 0)): [3, 1]
(1, (0, 1, 0), (1, 1)): [3]
(1, (0, 1, 0), (1, 2)): [3]
(1, (0, 1, 0), (2, 0)): [0, 1]
(1, (0, 1, 0), (2, 2)): [3]
(1, (0, 1, 0), (3, 0)): [0, 1]
(1, (0, 1, 0), (3, 2)): [2]
(1, (0, 1, 1), (0, 0)): [538, 422, 438, 159, 66, 28, 5, 3, 0, 1]
(1, (0, 1, 1), (0, 1)): [0, 1]
(1, (0, 1, 1), (1, 0)): [1]
(1, (1, 0, 0), (0, 0)): [7687, 1349, 703, 286, 112, 58, 16, 4, 3]
(1, (1, 0, 0), (0, 1)): [7, 3, 1]
(1, (1, 0, 0), (0, 2)): [1, 2, 1]
(1, (1, 0, 0), (1, 0)): [9, 1]
(1, (1, 0, 0), (1, 1)): [8, 2]
(1, (1, 0, 0), (1, 2)): [6, 1, 1]
(1, (1, 0, 0), (2, 1)): [1]
(1, (1, 0, 0), (2, 2)): [4, 1]
(1, (1, 0, 0), (3, 2)): [0, 1]
(1, (1, 0, 1), (0, 0)): [523, 645, 274, 142, 42, 19, 8, 2, 2]
(1, (1, 0, 1), (0, 1)): [1, 1]
(1, (1, 0, 1), (0, 2)): [1]
(1, (1, 0, 1), (1, 0)): [1]
(1, (1, 0, 1), (1, 1)): [0, 1]
(1, (1, 0, 1), (2, 0)): [1]
(1, (1, 0, 1), (3, 0)): [1]
(1, (1, 1, 0), (0, 0)): [1860, 556, 373, 254, 114, 44, 19, 3, 3]
(1, (1, 1, 0), (0, 1)): [1, 0, 1]
(1, (1, 1, 0), (1, 0)): [0, 1]
(1, (1, 1, 0), (1, 1)): [1, 1, 1]
(1, (1, 1, 0), (2, 1)): [1, 1, 1]
(1, (1, 1, 0), (2, 2)): [1]
(1, (1, 1, 0), (3, 1)): [0, 1, 1]
(1, (1, 1, 0), (3, 2)): [1]
(1, (1, 1, 1), (0, 0)): [374, 299, 186, 136, 81, 38, 16, 5, 2]
(2, (0, 0, 0), (0, 0)): [17059, 584, 201, 58, 19, 5, 2, 1, 0, 0, 1]
(2, (0, 0, 0), (0, 1)): [28]
(2, (0, 0, 0), (0, 2)): [6]
(2, (0, 0, 0), (1, 0)): [19, 2]
(2, (0, 0, 0), (1, 1)): [22, 1]
(2, (0, 0, 0), (1, 2)): [9, 1]
(2, (0, 0, 0), (2, 0)): [3]
(2, (0, 0, 0), (2, 1)): [10]
(2, (0, 0, 0), (2, 2)): [7, 1]
(2, (0, 0, 0), (3, 0)): [1]
(2, (0, 0, 0), (3, 1)): [5]
(2, (0, 0, 0), (3, 2)): [7, 1]
(2, (0, 0, 1), (0, 0)): [2061, 744, 106, 34, 9, 0, 1]
(2, (0, 0, 1), (0, 1)): [1, 1]
(2, (0, 0, 1), (0, 2)): [1]
(2, (0, 0, 1), (1, 0)): [3, 2]
(2, (0, 0, 1), (1, 1)): [2, 1]
(2, (0, 0, 1), (1, 2)): [2]
(2, (0, 0, 1), (2, 0)): [1]
(2, (0, 0, 1), (2, 1)): [1]
(2, (0, 0, 1), (2, 2)): [2]
(2, (0, 1, 0), (0, 0)): [5254, 1143, 270, 67, 12, 6, 2, 2]
(2, (0, 1, 0), (0, 1)): [9]
(2, (0, 1, 0), (0, 2)): [4]
(2, (0, 1, 0), (1, 0)): [7, 1]
(2, (0, 1, 0), (1, 1)): [6]
(2, (0, 1, 0), (1, 2)): [6]
(2, (0, 1, 0), (2, 0)): [4]
(2, (0, 1, 0), (2, 1)): [3]
(2, (0, 1, 0), (2, 2)): [6]
(2, (0, 1, 0), (3, 0)): [3]
(2, (0, 1, 0), (3, 1)): [3]
(2, (0, 1, 0), (3, 2)): [5]
(2, (0, 1, 1), (0, 0)): [1259, 140, 280, 58, 24, 8, 3]
(2, (0, 1, 1), (0, 1)): [1, 1, 1]
(2, (0, 1, 1), (1, 0)): [0, 1, 1]
(2, (0, 1, 1), (1, 1)): [1, 1, 2]
(2, (0, 1, 1), (1, 2)): [0, 0, 1]
(2, (0, 1, 1), (2, 0)): [0, 1]
(2, (0, 1, 1), (2, 1)): [0, 1, 1]
(2, (0, 1, 1), (3, 1)): [0, 1]
(2, (1, 0, 0), (0, 0)): [9276, 658, 300, 104, 25, 7, 5, 2, 0, 0, 1]
(2, (1, 0, 0), (0, 1)): [13]
(2, (1, 0, 0), (0, 2)): [2]
(2, (1, 0, 0), (1, 0)): [9, 1]
(2, (1, 0, 0), (1, 1)): [9]
(2, (1, 0, 0), (1, 2)): [3]
(2, (1, 0, 0), (2, 0)): [5, 1]
(2, (1, 0, 0), (2, 1)): [3, 1]
(2, (1, 0, 0), (2, 2)): [1]
(2, (1, 0, 0), (3, 0)): [1]
(2, (1, 0, 0), (3, 1)): [1]
(2, (1, 0, 0), (3, 2)): [2]
(2, (1, 0, 1), (0, 0)): [1355, 369, 178, 63, 13, 6, 3]
(2, (1, 0, 1), (1, 0)): [1]
(2, (1, 0, 1), (2, 0)): [1]
(2, (1, 0, 1), (3, 0)): [1]
(2, (1, 0, 1), (3, 1)): [1]
(2, (1, 1, 0), (0, 0)): [2871, 373, 226, 119, 27, 12, 4, 2, 0, 0, 1]
(2, (1, 1, 0), (0, 1)): [5, 0, 0, 0, 1]
(2, (1, 1, 0), (1, 1)): [3]
(2, (1, 1, 0), (1, 2)): [1]
(2, (1, 1, 0), (2, 2)): [1]
(2, (1, 1, 1), (0, 0)): [870, 154, 133, 66, 35, 12, 9, 2, 1, 1, 1]
(2, (1, 1, 1), (0, 1)): [2]
(2, (1, 1, 1), (0, 2)): [1]
