(0, (0, 0, 0), (0, 0)): [1690424, 339679, 155531, 70545, 31360, 13299, 5476, 2250, 907, 396, 169, 77, 32, 13, 4, 1, 0, 1]
(0, (0, 0, 0), (0, 1)): [121963, 22955, 10277, 4651, 1951, 847, 348, 123, 52, 23, 10, 3, 2, 2, 0, 1]
(0, (0, 0, 0), (0, 2)): [45583, 7621, 3312, 1437, 608, 264, 113, 41, 19, 7, 2, 1, 1]
(0, (0, 0, 0), (1, 0)): [112197, 24761, 11534, 5354, 2517, 996, 437, 175, 70, 22, 10, 6, 0, 2, 1]
(0, (0, 0, 0), (1, 1)): [105318, 20966, 9677, 4441, 1903, 802, 343, 118, 52, 14, 13, 5, 1, 2, 0, 1]
(0, (0, 0, 0), (1, 2)): [70476, 12315, 5497, 2393, 1063, 453, 186, 68, 30, 11, 3, 3, 2]
(0, (0, 0, 0), (2, 0)): [36439, 8921, 4379, 2117, 1036, 389, 171, 82, 26, 11, 5, 3, 0, 1, 1]
(0, (0, 0, 0), (2, 1)): [55233, 11987, 5879, 2747, 1246, 507, 223, 100, 33, 7, 8, 5, 0, 1]
(0, (0, 0, 0), (2, 2)): [56043, 10647, 4961, 2267, 1004, 401, 167, 60, 33, 10, 2, 1, 2]
(0, (0, 0, 0), (3, 0)): [10907, 3120, 1726, 892, 434, 169, 78, 28, 11, 5, 2, 0, 0, 1, 1]
(0, (0, 0, 0), (3, 1)): [21264, 5550, 2934, 1448, 682, 276, 123, 55, 20, 5, 3, 4, 0, 1, 1]
(0, (0, 0, 0), (3, 2)): [29793, 6650, 3537, 1599, 767, 317, 128, 52, 24, 9, 2, 4, 2, 0, 1]
(0, (0, 0, 1), (0, 0)): [6955, 20899, 5732, 2713, 1309, 546, 247, 111, 40, 23, 11, 3, 3, 2]
(0, (0, 0, 1), (0, 1)): [375, 1098, 316, 135, 71, 26, 13, 7, 2, 1, 1, 0, 0, 1]
(0, (0, 0, 1), (0, 2)): [158, 427, 107, 48, 24, 10, 2, 1, 2]
(0, (0, 0, 1), (1, 0)): [408, 1315, 376, 198, 99, 42, 15, 8, 1, 1, 2]
(0, (0, 0, 1), (1, 1)): [369, 1027, 293, 129, 76, 28, 16, 7, 0, 1, 2, 0, 0, 1]
(0, (0, 0, 1), (1, 2)): [273, 670, 174, 73, 39, 17, 6, 5, 2, 1, 1]
(0, (0, 0, 1), (2, 0)): [151, 512, 157, 94, 37, 20, 3, 4, 1, 1]
(0, (0, 0, 1), (2, 1)): [202, 597, 195, 100, 56, 16, 9, 4, 0, 1, 1]
(0, (0, 0, 1), (2, 2)): [244, 600, 167, 78, 52, 15, 5, 0, 1, 1, 1]
(0, (0, 0, 1), (3, 0)): [44, 173, 55, 39, 12, 10, 3, 1, 1]
(0, (0, 0, 1), (3, 1)): [83, 274, 88, 61, 25, 10, 4, 4]
(0, (0, 0, 1), (3, 2)): [142, 355, 98, 64, 41, 10, 1, 1, 1, 1, 1]
(0, (0, 1, 0), (0, 0)): [60569, 56769, 22062, 10634, 5060, 2179, 918, 382, 160, 88, 30, 8, 3, 3, 2]
(0, (0, 1, 0), (0, 1)): [4454, 4030, 1537, 691, 322, 149, 74, 25, 11, 5]
(0, (0, 1, 0), (0, 2)): [1794, 1338, 516, 213, 100, 53, 35, 8, 4, 1]
(0, (0, 1, 0), (1, 0)): [4365, 4327, 1804, 899, 403, 186, 61, 33, 12, 4, 2, 1, 0, 1, 1]
(0, (0, 1, 0), (1, 1)): [3851, 3562, 1439, 679, 291, 137, 51, 24, 4, 3]
(0, (0, 1, 0), (1, 2)): [2661, 2100, 859, 391, 166, 84, 36, 17, 1, 2]
(0, (0, 1, 0), (2, 0)): [1626, 1558, 663, 360, 152, 84, 25, 14, 7, 3, 1, 1, 0, 1]
(0, (0, 1, 0), (2, 1)): [2137, 1978, 845, 398, 170, 94, 31, 14, 2, 3, 1, 0, 0, 1]
(0, (0, 1, 0), (2, 2)): [2297, 1737, 798, 348, 148, 73, 33, 11, 3, 1, 1]
(0, (0, 1, 0), (3, 0)): [565, 458, 224, 154, 68, 39, 15, 9, 6, 1, 0, 1]
(0, (0, 1, 0), (3, 1)): [920, 800, 385, 233, 95, 53, 17, 10, 0, 1, 0, 1, 0, 1]
(0, (0, 1, 0), (3, 2)): [1328, 1017, 519, 245, 109, 53, 28, 6, 2, 2, 1]
(0, (0, 1, 1), (0, 0)): [4972, 8557, 10254, 4729, 2465, 1178, 496, 223, 116, 47, 11, 8, 2, 2, 1, 0, 0, 1]
(0, (0, 1, 1), (0, 1)): [344, 520, 653, 279, 145, 72, 36, 11, 6, 2, 1, 1]
(0, (0, 1, 1), (0, 2)): [166, 190, 225, 105, 46, 26, 16, 5, 1, 1, 0, 1]
(0, (0, 1, 1), (1, 0)): [353, 719, 808, 407, 199, 102, 39, 17, 14, 2, 0, 2]
(0, (0, 1, 1), (1, 1)): [292, 521, 618, 277, 145, 60, 26, 12, 7, 1, 1]
(0, (0, 1, 1), (1, 2)): [224, 314, 348, 155, 89, 42, 20, 5, 4, 1, 0, 1]
(0, (0, 1, 1), (2, 0)): [152, 330, 322, 185, 99, 64, 17, 7, 7, 2, 0, 1]
(0, (0, 1, 1), (2, 1)): [152, 311, 369, 177, 76, 36, 13, 11, 8, 2]
(0, (0, 1, 1), (2, 2)): [186, 290, 298, 143, 69, 39, 16, 7, 4, 1, 0, 1]
(0, (0, 1, 1), (3, 0)): [87, 150, 137, 89, 63, 38, 9, 2, 2, 1, 0, 1]
(0, (0, 1, 1), (3, 1)): [63, 129, 148, 81, 54, 17, 6, 4, 5, 1]
(0, (0, 1, 1), (3, 2)): [101, 162, 183, 95, 52, 28, 10, 7, 7]
(0, (1, 0, 0), (0, 0)): [360037, 121070, 76211, 37590, 17835, 7944, 3301, 1403, 586, 260, 118, 48, 22, 7, 3, 1, 0, 1]
(0, (1, 0, 0), (0, 1)): [23757, 7288, 4657, 2212, 1060, 470, 178, 87, 34, 6, 2, 2]
(0, (1, 0, 0), (0, 2)): [8666, 2347, 1523, 688, 336, 130, 67, 21, 12, 2, 1]
(0, (1, 0, 0), (1, 0)): [21688, 7849, 5295, 2670, 1313, 583, 255, 93, 42, 24, 12, 4, 0, 3, 1]
(0, (1, 0, 0), (1, 1)): [18311, 5953, 3919, 1910, 895, 436, 154, 65, 26, 10, 6, 2]
(0, (1, 0, 0), (1, 2)): [11513, 3261, 2171, 1045, 509, 205, 95, 37, 15, 6]
(0, (1, 0, 0), (2, 0)): [6757, 2618, 1841, 1027, 522, 221, 110, 41, 17, 12, 7, 1, 0, 3]
(0, (1, 0, 0), (2, 1)): [8971, 3097, 2116, 1094, 513, 250, 89, 37, 17, 9, 5, 2, 0, 3]
(0, (1, 0, 0), (2, 2)): [8336, 2536, 1730, 815, 418, 161, 77, 33, 16, 8, 2, 0, 0, 2]
(0, (1, 0, 0), (3, 0)): [1769, 818, 624, 411, 219, 92, 51, 18, 6, 5, 3, 1]
(0, (1, 0, 0), (3, 1)): [3150, 1288, 927, 579, 289, 133, 48, 18, 9, 6, 4, 1, 0, 1]
(0, (1, 0, 0), (3, 2)): [3927, 1421, 995, 553, 287, 120, 49, 23, 11, 6, 2, 0, 0, 1]
(0, (1, 0, 1), (0, 0)): [8547, 26072, 10671, 7359, 3855, 1771, 836, 334, 165, 62, 36, 15, 5, 1, 2, 0, 0, 1]
(0, (1, 0, 1), (0, 1)): [553, 1662, 654, 464, 232, 113, 50, 13, 9, 2, 2, 0, 1]
(0, (1, 0, 1), (0, 2)): [244, 595, 222, 147, 73, 41, 17, 5, 4, 1]
(0, (1, 0, 1), (1, 0)): [508, 1796, 716, 509, 272, 141, 47, 18, 13, 3, 4, 0, 0, 0, 1]
(0, (1, 0, 1), (1, 1)): [440, 1307, 538, 379, 196, 79, 36, 12, 8, 0, 3]
(0, (1, 0, 1), (1, 2)): [349, 765, 314, 202, 119, 39, 18, 5, 4, 1]
(0, (1, 0, 1), (2, 0)): [179, 628, 255, 181, 107, 68, 19, 7, 2, 2, 1]
(0, (1, 0, 1), (2, 1)): [198, 693, 293, 206, 104, 62, 22, 6, 8, 0, 2]
(0, (1, 0, 1), (2, 2)): [257, 589, 239, 164, 89, 41, 18, 8, 3, 1, 2]
(0, (1, 0, 1), (3, 0)): [60, 197, 82, 50, 40, 27, 5, 5, 0, 1, 1]
(0, (1, 0, 1), (3, 1)): [67, 242, 108, 87, 67, 32, 5, 2, 2, 1]
(0, (1, 0, 1), (3, 2)): [116, 274, 142, 99, 73, 35, 9, 5, 5, 2, 2]
(0, (1, 1, 0), (0, 0)): [49638, 31661, 23826, 16926, 8991, 4189, 1778, 834, 339, 161, 73, 27, 11, 4]
(0, (1, 1, 0), (0, 1)): [3575, 2015, 1400, 1018, 599, 240, 110, 44, 12, 9, 4, 4]
(0, (1, 1, 0), (0, 2)): [1444, 704, 465, 327, 189, 78, 37, 16, 4, 3, 1]
(0, (1, 1, 0), (1, 0)): [2945, 1916, 1513, 1111, 575, 296, 130, 58, 26, 8, 3, 0, 1, 2]
(0, (1, 1, 0), (1, 1)): [2616, 1490, 1135, 871, 467, 220, 91, 35, 12, 7, 5, 2, 1, 1]
(0, (1, 1, 0), (1, 2)): [1859, 924, 647, 515, 266, 99, 47, 24, 3, 5, 2, 1, 0, 1]
(0, (1, 1, 0), (2, 0)): [864, 618, 524, 364, 207, 104, 56, 26, 14, 3, 0, 0, 0, 1]
(0, (1, 1, 0), (2, 1)): [1187, 766, 611, 451, 257, 127, 54, 21, 12, 4, 3, 1, 1]
(0, (1, 1, 0), (2, 2)): [1250, 690, 511, 405, 218, 99, 45, 21, 5, 5, 3]
(0, (1, 1, 0), (3, 0)): [210, 196, 196, 124, 76, 42, 21, 12, 7, 2, 0, 0, 0, 1]
(0, (1, 1, 0), (3, 1)): [428, 318, 274, 196, 128, 65, 33, 11, 9, 2, 1, 0, 1]
(0, (1, 1, 0), (3, 2)): [605, 366, 305, 259, 156, 68, 32, 16, 6, 1, 2]
(0, (1, 1, 1), (0, 0)): [4784, 9141, 7498, 5610, 4452, 2207, 1022, 495, 224, 98, 47, 16, 6, 2, 1]
(0, (1, 1, 1), (0, 1)): [363, 633, 535, 338, 294, 130, 58, 28, 20, 7, 2, 1, 2, 1]
(0, (1, 1, 1), (0, 2)): [179, 253, 193, 118, 107, 53, 16, 7, 7, 1, 1, 1, 1]
(0, (1, 1, 1), (1, 0)): [256, 586, 496, 377, 294, 163, 68, 22, 11, 4, 3, 2]
(0, (1, 1, 1), (1, 1)): [250, 507, 424, 278, 235, 110, 54, 23, 10, 9, 3, 0, 1, 1]
(0, (1, 1, 1), (1, 2)): [224, 356, 265, 175, 145, 58, 18, 13, 7, 1, 1, 1, 0, 1]
(0, (1, 1, 1), (2, 0)): [70, 181, 170, 134, 119, 72, 19, 11, 5, 0, 1, 1]
(0, (1, 1, 1), (2, 1)): [114, 219, 211, 160, 112, 71, 27, 13, 9, 4, 1, 0, 1]
(0, (1, 1, 1), (2, 2)): [131, 255, 207, 136, 105, 57, 16, 10, 3, 2, 0, 1, 1]
(0, (1, 1, 1), (3, 0)): [14, 56, 52, 48, 39, 29, 10, 5, 2, 0, 1, 1]
(0, (1, 1, 1), (3, 1)): [33, 91, 87, 72, 52, 33, 17, 3, 3, 2, 1, 1]
(0, (1, 1, 1), (3, 2)): [53, 117, 115, 85, 70, 36, 18, 6, 5, 1, 0, 1, 1]
(1, (0, 0, 0), (0, 0)): [1372576, 149654, 61005, 24067, 9297, 3507, 1362, 500, 184, 73, 29, 17, 7, 3, 0, 1]
(1, (0, 0, 0), (0, 1)): [100478, 10149, 4031, 1591, 612, 208, 69, 34, 7, 1, 0, 1, 0, 1]
(1, (0, 0, 0), (0, 2)): [37624, 3185, 1214, 478, 189, 65, 16, 8]
(1, (0, 0, 0), (1, 0)): [96107, 11758, 4886, 1945, 756, 260, 118, 38, 13, 6, 2, 1, 0, 0, 0, 1]
(1, (0, 0, 0), (1, 1)): [88961, 9595, 3892, 1550, 591, 203, 88, 33, 10, 2, 0, 1, 0, 1]
(1, (0, 0, 0), (1, 2)): [58643, 5285, 2095, 843, 332, 126, 36, 12, 2]
(1, (0, 0, 0), (2, 0)): [32210, 4535, 2018, 799, 318, 111, 55, 17, 5, 4, 2, 1, 0, 0, 0, 1]
(1, (0, 0, 0), (2, 1)): [47651, 5851, 2526, 966, 376, 135, 52, 21, 4, 4, 1]
(1, (0, 0, 0), (2, 2)): [47704, 4835, 2014, 811, 325, 123, 40, 15, 5, 1, 1]
(1, (0, 0, 0), (3, 0)): [9700, 1544, 844, 331, 137, 50, 30, 7, 4, 2, 1, 1, 0, 0, 0, 1]
(1, (0, 0, 0), (3, 1)): [19217, 2893, 1412, 569, 223, 81, 40, 10, 1, 3]
(1, (0, 0, 0), (3, 2)): [26213, 3328, 1544, 633, 260, 79, 36, 8, 4, 2, 1]
(1, (0, 0, 1), (0, 0)): [38438, 55458, 10915, 4611, 1919, 789, 293, 119, 53, 21, 12, 6, 4, 1]
(1, (0, 0, 1), (0, 1)): [2580, 3145, 646, 225, 102, 41, 14, 4, 1, 0, 2, 1]
(1, (0, 0, 1), (0, 2)): [1113, 1020, 205, 64, 35, 9, 5, 1, 1, 0, 0, 1]
(1, (0, 0, 1), (1, 0)): [2831, 4311, 875, 413, 151, 80, 23, 9, 6, 2]
(1, (0, 0, 1), (1, 1)): [2450, 3161, 635, 249, 100, 49, 9, 4, 1, 1, 1]
(1, (0, 0, 1), (1, 2)): [1771, 1764, 323, 123, 52, 20, 4, 1, 1, 0, 0, 1]
(1, (0, 0, 1), (2, 0)): [1154, 1734, 399, 203, 80, 38, 15, 5, 5, 1]
(1, (0, 0, 1), (2, 1)): [1404, 1876, 403, 181, 75, 35, 12, 3, 2, 0, 1]
(1, (0, 0, 1), (2, 2)): [1512, 1573, 310, 139, 52, 26, 5, 2, 1, 0, 1, 1]
(1, (0, 0, 1), (3, 0)): [543, 724, 190, 110, 42, 19, 6, 4, 1]
(1, (0, 0, 1), (3, 1)): [591, 817, 200, 105, 36, 17, 8, 4, 1]
(1, (0, 0, 1), (3, 2)): [872, 970, 231, 116, 45, 18, 7, 2, 1, 0, 1]
(1, (0, 1, 0), (0, 0)): [187970, 83382, 29952, 12835, 5141, 2034, 696, 319, 100, 44, 24, 9, 9, 2, 1]
(1, (0, 1, 0), (0, 1)): [12707, 5076, 1756, 741, 281, 118, 38, 20, 7, 3, 2]
(1, (0, 1, 0), (0, 2)): [4835, 1755, 565, 224, 82, 38, 13, 5, 3]
(1, (0, 1, 0), (1, 0)): [14534, 6337, 2392, 1180, 491, 183, 63, 29, 13, 3, 2, 0, 0, 1]
(1, (0, 1, 0), (1, 1)): [11814, 4698, 1664, 801, 302, 122, 38, 18, 7, 3, 1, 0, 0, 1]
(1, (0, 1, 0), (1, 2)): [7728, 2798, 962, 404, 136, 58, 16, 13, 5, 2]
(1, (0, 1, 0), (2, 0)): [6235, 2641, 1080, 609, 265, 102, 38, 21, 7, 1, 2]
(1, (0, 1, 0), (2, 1)): [6744, 2771, 1017, 547, 240, 84, 33, 14, 4, 1, 1, 0, 0, 1]
(1, (0, 1, 0), (2, 2)): [6636, 2409, 859, 379, 155, 57, 15, 7, 7, 1]
(1, (0, 1, 0), (3, 0)): [2956, 1146, 500, 361, 154, 59, 21, 13, 6, 1, 1]
(1, (0, 1, 0), (3, 1)): [3175, 1234, 514, 342, 166, 56, 27, 10, 6, 2, 1, 0, 0, 1]
(1, (0, 1, 0), (3, 2)): [4012, 1452, 608, 340, 161, 41, 17, 8, 4, 2, 1, 0, 0, 1]
(1, (0, 1, 1), (0, 0)): [29717, 24609, 22053, 8772, 4476, 1743, 690, 268, 124, 42, 12, 7, 2, 2, 0, 1]
(1, (0, 1, 1), (0, 1)): [1700, 1314, 1111, 451, 193, 70, 43, 14, 3, 1]
(1, (0, 1, 1), (0, 2)): [791, 423, 389, 157, 78, 18, 17, 5, 1, 1]
(1, (0, 1, 1), (1, 0)): [2427, 2205, 1678, 689, 464, 151, 61, 24, 9, 3]
(1, (0, 1, 1), (1, 1)): [1497, 1217, 1022, 408, 191, 59, 28, 15, 2, 1]
(1, (0, 1, 1), (1, 2)): [1180, 677, 630, 239, 122, 34, 18, 7, 1, 1]
(1, (0, 1, 1), (2, 0)): [1429, 1233, 915, 412, 328, 116, 46, 15, 8, 2]
(1, (0, 1, 1), (2, 1)): [797, 714, 577, 250, 126, 41, 20, 7, 0, 2]
(1, (0, 1, 1), (2, 2)): [936, 594, 535, 219, 108, 28, 10, 6, 1, 1]
(1, (0, 1, 1), (3, 0)): [1075, 892, 589, 299, 272, 98, 40, 13, 8, 1]
(1, (0, 1, 1), (3, 1)): [350, 327, 261, 108, 69, 32, 14, 4, 0, 1]
(1, (0, 1, 1), (3, 2)): [525, 383, 299, 139, 70, 24, 8, 6, 1, 1]
(1, (1, 0, 0), (0, 0)): [519863, 93014, 59017, 24986, 10090, 3962, 1563, 554, 232, 98, 35, 24, 5, 3, 0, 2]
(1, (1, 0, 0), (0, 1)): [34385, 5530, 3507, 1512, 560, 213, 105, 28, 6, 6, 2]
(1, (1, 0, 0), (0, 2)): [12413, 1713, 1121, 456, 157, 69, 38, 10, 2, 3]
(1, (1, 0, 0), (1, 0)): [34032, 6712, 4442, 1916, 779, 287, 115, 41, 12, 7, 1, 0, 1, 0, 0, 1]
(1, (1, 0, 0), (1, 1)): [28125, 4866, 3168, 1364, 517, 187, 83, 23, 7, 4, 3, 0, 0, 0, 0, 1]
(1, (1, 0, 0), (1, 2)): [17657, 2640, 1770, 687, 255, 102, 41, 15, 3, 3, 2]
(1, (1, 0, 0), (2, 0)): [10998, 2376, 1640, 772, 321, 129, 48, 15, 7, 3, 0, 0, 1]
(1, (1, 0, 0), (2, 1)): [14143, 2709, 1807, 863, 310, 122, 61, 11, 6, 1, 1, 0, 0, 0, 0, 1]
(1, (1, 0, 0), (2, 2)): [13215, 2164, 1460, 647, 234, 95, 42, 10, 2, 2, 2]
(1, (1, 0, 0), (3, 0)): [3078, 814, 485, 306, 137, 56, 12, 4, 1, 3, 0, 0, 1]
(1, (1, 0, 0), (3, 1)): [5312, 1277, 781, 443, 176, 62, 26, 8, 2, 3, 1, 0, 0, 0, 0, 1]
(1, (1, 0, 0), (3, 2)): [6518, 1358, 840, 459, 169, 63, 28, 5, 3, 2, 3, 0, 0, 0, 0, 1]
(1, (1, 0, 1), (0, 0)): [41982, 48892, 15795, 10489, 4499, 1818, 713, 279, 91, 59, 16, 7, 0, 1]
(1, (1, 0, 1), (0, 1)): [3122, 2816, 918, 608, 265, 106, 44, 14, 5, 6]
(1, (1, 0, 1), (0, 2)): [1334, 870, 306, 190, 78, 34, 19, 9, 2, 3]
(1, (1, 0, 1), (1, 0)): [2805, 3283, 1097, 754, 356, 123, 40, 16, 5, 5, 0, 1]
(1, (1, 0, 1), (1, 1)): [2454, 2299, 752, 561, 216, 77, 34, 8, 4, 3, 0, 1]
(1, (1, 0, 1), (1, 2)): [1755, 1285, 448, 297, 111, 51, 18, 13, 2, 3]
(1, (1, 0, 1), (2, 0)): [970, 1116, 398, 274, 159, 57, 15, 7, 2, 2]
(1, (1, 0, 1), (2, 1)): [1206, 1151, 385, 309, 139, 41, 18, 5, 5, 1, 0, 1]
(1, (1, 0, 1), (2, 2)): [1244, 978, 360, 230, 107, 31, 17, 6, 5, 2]
(1, (1, 0, 1), (3, 0)): [325, 396, 154, 93, 78, 29, 8, 1, 0, 1]
(1, (1, 0, 1), (3, 1)): [437, 476, 187, 132, 76, 30, 6, 4, 0, 1, 0, 1]
(1, (1, 0, 1), (3, 2)): [613, 521, 216, 152, 80, 30, 12, 6, 3, 2, 0, 1]
(1, (1, 1, 0), (0, 0)): [142860, 44011, 29378, 20811, 8710, 3577, 1391, 561, 229, 85, 30, 17, 9, 5, 1]
(1, (1, 1, 0), (0, 1)): [10440, 2813, 1678, 1283, 535, 212, 76, 30, 12, 4, 1, 2]
(1, (1, 1, 0), (0, 2)): [4205, 967, 545, 422, 176, 66, 26, 7, 5]
(1, (1, 1, 0), (1, 0)): [9041, 3087, 2093, 1503, 644, 263, 114, 40, 14, 4, 2, 0, 2, 1]
(1, (1, 1, 0), (1, 1)): [8028, 2409, 1572, 1141, 480, 183, 75, 30, 4, 6, 2, 1]
(1, (1, 1, 0), (1, 2)): [5675, 1404, 865, 657, 281, 82, 33, 16, 1, 1, 1, 1]
(1, (1, 1, 0), (2, 0)): [2877, 1082, 717, 551, 253, 120, 50, 18, 9, 1, 1, 0, 2, 1]
(1, (1, 1, 0), (2, 1)): [3968, 1355, 880, 640, 266, 132, 56, 14, 9, 1, 2, 0, 1]
(1, (1, 1, 0), (2, 2)): [4206, 1146, 710, 528, 241, 91, 31, 8, 3, 1, 1, 1]
(1, (1, 1, 0), (3, 0)): [722, 397, 252, 153, 104, 50, 19, 10, 3, 1, 0, 0, 1]
(1, (1, 1, 0), (3, 1)): [1455, 638, 426, 287, 150, 67, 29, 11, 6, 2, 1, 0, 1]
(1, (1, 1, 0), (3, 2)): [1994, 713, 467, 305, 176, 64, 30, 9, 4, 3, 0, 1, 1]
(1, (1, 1, 1), (0, 0)): [29013, 23255, 14778, 9647, 7073, 2990, 1205, 450, 194, 69, 23, 17, 8, 3, 1, 1]
(1, (1, 1, 1), (0, 1)): [2178, 1549, 980, 580, 449, 172, 63, 27, 13, 1, 1, 1]
(1, (1, 1, 1), (0, 2)): [1013, 519, 345, 208, 143, 58, 26, 7, 4, 1, 1]
(1, (1, 1, 1), (1, 0)): [1757, 1567, 960, 602, 495, 219, 101, 26, 15, 5, 1, 2, 1]
(1, (1, 1, 1), (1, 1)): [1631, 1300, 802, 484, 378, 156, 57, 23, 10, 0, 1, 2]
(1, (1, 1, 1), (1, 2)): [1258, 734, 494, 290, 202, 93, 36, 12, 7, 0, 0, 2]
(1, (1, 1, 1), (2, 0)): [458, 495, 341, 208, 184, 88, 41, 11, 2, 3, 0, 1, 1]
(1, (1, 1, 1), (2, 1)): [716, 674, 407, 263, 194, 93, 41, 9, 3, 1, 1, 1]
(1, (1, 1, 1), (2, 2)): [870, 575, 392, 238, 175, 78, 31, 8, 4, 0, 0, 2]
(1, (1, 1, 1), (3, 0)): [85, 158, 105, 80, 58, 38, 12, 4, 1, 1, 0, 0, 1]
(1, (1, 1, 1), (3, 1)): [181, 282, 179, 123, 96, 51, 14, 5, 0, 1, 0, 0, 1]
(1, (1, 1, 1), (3, 2)): [347, 325, 203, 138, 113, 57, 16, 8, 1, 0, 0, 1]
(2, (0, 0, 0), (0, 0)): [1193381, 54026, 17973, 5717, 1897, 609, 210, 70, 12, 7, 5, 0, 1]
(2, (0, 0, 0), (0, 1)): [86867, 3469, 1119, 338, 132, 33, 15, 6, 1]
(2, (0, 0, 0), (0, 2)): [32132, 906, 286, 104, 43, 6, 1, 4]
(2, (0, 0, 0), (1, 0)): [86804, 4779, 1600, 513, 182, 47, 20, 7, 1, 0, 0, 0, 1]
(2, (0, 0, 0), (1, 1)): [78596, 3599, 1202, 331, 131, 37, 17, 2, 1]
(2, (0, 0, 0), (1, 2)): [50835, 1626, 546, 177, 68, 15, 7, 3]
(2, (0, 0, 0), (2, 0)): [30842, 1911, 769, 242, 92, 19, 10, 5, 0, 0, 0, 0, 1]
(2, (0, 0, 0), (2, 1)): [44042, 2373, 893, 248, 91, 23, 10, 4]
(2, (0, 0, 0), (2, 2)): [43107, 1722, 631, 196, 70, 17, 5, 3]
(2, (0, 0, 0), (3, 0)): [9843, 677, 366, 106, 42, 9, 5, 2, 0, 0, 0, 0, 1]
(2, (0, 0, 0), (3, 1)): [18711, 1201, 563, 166, 57, 14, 5, 2]
(2, (0, 0, 0), (3, 2)): [25260, 1331, 591, 175, 61, 13, 3, 2]
(2, (0, 0, 1), (0, 0)): [113009, 34687, 6890, 2323, 820, 279, 82, 27, 5, 2, 0, 1]
(2, (0, 0, 1), (0, 1)): [7855, 1975, 405, 129, 45, 15, 9, 2, 1]
(2, (0, 0, 1), (0, 2)): [3045, 601, 121, 34, 10, 4, 3]
(2, (0, 0, 1), (1, 0)): [9356, 2626, 635, 243, 80, 34, 6, 4]
(2, (0, 0, 1), (1, 1)): [7494, 1878, 400, 152, 53, 21, 6, 3, 1]
(2, (0, 0, 1), (1, 2)): [5053, 966, 198, 67, 24, 10, 4, 1]
(2, (0, 0, 1), (2, 0)): [4058, 1103, 304, 142, 39, 19, 3, 2]
(2, (0, 0, 1), (2, 1)): [4465, 1216, 305, 130, 41, 15, 4, 3]
(2, (0, 0, 1), (2, 2)): [4527, 915, 232, 83, 26, 15, 3, 1]
(2, (0, 0, 1), (3, 0)): [1963, 438, 157, 86, 18, 12, 2, 1]
(2, (0, 0, 1), (3, 1)): [2177, 597, 157, 85, 30, 10, 5, 2]
(2, (0, 0, 1), (3, 2)): [2906, 648, 182, 87, 21, 12, 5]
(2, (0, 1, 0), (0, 0)): [298068, 63161, 16937, 5933, 1936, 651, 199, 62, 16, 10, 6, 0, 1]
(2, (0, 1, 0), (0, 1)): [19898, 3575, 909, 268, 107, 23, 12, 4, 2, 1, 1]
(2, (0, 1, 0), (0, 2)): [7750, 1058, 259, 68, 30, 4, 3, 0, 0, 1]
(2, (0, 1, 0), (1, 0)): [24470, 4763, 1605, 682, 196, 72, 21, 9, 0, 1, 0, 0, 1]
(2, (0, 1, 0), (1, 1)): [18839, 3489, 1002, 332, 119, 29, 17, 5, 2, 0, 1]
(2, (0, 1, 0), (1, 2)): [12411, 1812, 445, 163, 52, 12, 5, 2, 0, 1]
(2, (0, 1, 0), (2, 0)): [11315, 2071, 804, 436, 122, 45, 10, 6, 0, 1, 0, 0, 1]
(2, (0, 1, 0), (2, 1)): [11294, 2179, 712, 271, 87, 25, 10, 3, 2, 0, 1, 0, 1]
(2, (0, 1, 0), (2, 2)): [11087, 1748, 470, 192, 67, 16, 6, 5, 0, 1]
(2, (0, 1, 0), (3, 0)): [5959, 936, 418, 301, 84, 29, 9, 6, 0, 1]
(2, (0, 1, 0), (3, 1)): [5250, 992, 407, 198, 68, 21, 8, 1, 2, 0, 1, 0, 1]
(2, (0, 1, 0), (3, 2)): [7002, 1131, 421, 208, 63, 19, 7, 3, 0, 0, 0, 0, 1]
(2, (0, 1, 1), (0, 0)): [68278, 5925, 14877, 4027, 1584, 514, 175, 54, 20, 5, 4, 1, 0, 1]
(2, (0, 1, 1), (0, 1)): [4598, 308, 770, 194, 67, 28, 7, 5]
(2, (0, 1, 1), (0, 2)): [1923, 116, 240, 68, 31, 6, 3, 1]
(2, (0, 1, 1), (1, 0)): [5703, 581, 1121, 374, 177, 58, 22, 3, 2, 0, 2]
(2, (0, 1, 1), (1, 1)): [4193, 309, 742, 201, 59, 31, 7, 4, 1]
(2, (0, 1, 1), (1, 2)): [3067, 176, 408, 110, 44, 12, 4, 2]
(2, (0, 1, 1), (2, 0)): [2843, 321, 530, 216, 126, 40, 15, 2, 1, 0, 2]
(2, (0, 1, 1), (2, 1)): [2445, 201, 471, 127, 50, 23, 6, 2, 1, 0, 1]
(2, (0, 1, 1), (2, 2)): [2681, 184, 360, 103, 38, 22, 6, 2, 1]
(2, (0, 1, 1), (3, 0)): [1753, 233, 289, 136, 92, 29, 12, 1, 0, 0, 1]
(2, (0, 1, 1), (3, 1)): [1193, 103, 236, 81, 30, 9, 5, 1, 0, 0, 1]
(2, (0, 1, 1), (3, 2)): [1700, 139, 271, 87, 38, 20, 6, 3, 1]
(2, (1, 0, 0), (0, 0)): [630323, 45866, 29383, 9355, 3003, 970, 379, 107, 20, 13, 6, 0, 1]
(2, (1, 0, 0), (0, 1)): [41165, 2498, 1614, 520, 178, 54, 28, 6, 1]
(2, (1, 0, 0), (0, 2)): [14809, 699, 396, 131, 52, 12, 9]
(2, (1, 0, 0), (1, 0)): [42307, 3543, 2351, 856, 250, 81, 36, 12, 1, 1, 0, 0, 1]
(2, (1, 0, 0), (1, 1)): [35001, 2276, 1525, 541, 160, 48, 22, 7, 1]
(2, (1, 0, 0), (1, 2)): [21782, 1087, 669, 246, 75, 23, 6, 2]
(2, (1, 0, 0), (2, 0)): [14222, 1431, 878, 391, 112, 36, 19, 8, 1, 1, 0, 0, 1]
(2, (1, 0, 0), (2, 1)): [18217, 1397, 900, 352, 112, 32, 18, 6, 0, 0, 0, 0, 1]
(2, (1, 0, 0), (2, 2)): [16904, 1056, 625, 231, 86, 25, 9, 3]
(2, (1, 0, 0), (3, 0)): [4219, 552, 304, 193, 53, 16, 8, 3, 0, 1]
(2, (1, 0, 0), (3, 1)): [7341, 749, 441, 247, 54, 22, 10, 2, 0, 1, 0, 0, 1]
(2, (1, 0, 0), (3, 2)): [8855, 787, 433, 223, 65, 27, 8, 4, 0, 1, 0, 0, 1]
(2, (1, 0, 1), (0, 0)): [108656, 26244, 10411, 6190, 2005, 664, 225, 73, 25, 8, 0, 3, 1]
(2, (1, 0, 1), (0, 1)): [8020, 1571, 609, 383, 111, 33, 8, 3, 2, 1, 0, 1]
(2, (1, 0, 1), (0, 2)): [3191, 470, 182, 101, 38, 7, 2, 1, 1]
(2, (1, 0, 1), (1, 0)): [7939, 1787, 828, 543, 182, 61, 24, 5]
(2, (1, 0, 1), (1, 1)): [6627, 1377, 573, 365, 127, 43, 15, 3, 1, 1, 0, 1]
(2, (1, 0, 1), (1, 2)): [4393, 721, 293, 169, 63, 18, 8, 2, 1, 0, 0, 1]
(2, (1, 0, 1), (2, 0)): [2878, 623, 339, 218, 72, 23, 10, 3]
(2, (1, 0, 1), (2, 1)): [3658, 741, 368, 199, 83, 29, 5, 1, 0, 1]
(2, (1, 0, 1), (2, 2)): [3415, 569, 275, 138, 53, 18, 6, 2, 1, 0, 0, 1]
(2, (1, 0, 1), (3, 0)): [973, 197, 135, 92, 32, 8, 7]
(2, (1, 0, 1), (3, 1)): [1556, 288, 168, 107, 57, 16, 6, 0, 0, 1]
(2, (1, 0, 1), (3, 2)): [1839, 304, 205, 103, 43, 17, 6, 2, 1]
(2, (1, 1, 0), (0, 0)): [244404, 37345, 18750, 12717, 4061, 1317, 446, 149, 49, 23, 8, 1, 2, 1]
(2, (1, 1, 0), (0, 1)): [17221, 2335, 1035, 762, 208, 63, 26, 17, 2, 2, 0, 0, 1]
(2, (1, 1, 0), (0, 2)): [6979, 674, 285, 206, 57, 16, 7, 6, 2]
(2, (1, 1, 0), (1, 0)): [16688, 2576, 1415, 1040, 373, 99, 48, 7, 3, 1, 1]
(2, (1, 1, 0), (1, 1)): [14601, 2012, 1016, 734, 199, 60, 28, 11, 2, 3, 0, 0, 1]
(2, (1, 1, 0), (1, 2)): [10173, 1036, 511, 356, 100, 33, 10, 9, 2]
(2, (1, 1, 0), (2, 0)): [5638, 918, 559, 401, 197, 55, 24, 2]
(2, (1, 1, 0), (2, 1)): [7707, 1092, 668, 449, 148, 34, 25, 5, 1, 1, 0, 0, 1]
(2, (1, 1, 0), (2, 2)): [7940, 885, 482, 359, 119, 27, 19, 8, 3]
(2, (1, 1, 0), (3, 0)): [1800, 313, 218, 128, 102, 31, 10]
(2, (1, 1, 0), (3, 1)): [3201, 494, 370, 214, 103, 33, 16, 2, 0, 0, 0, 0, 1]
(2, (1, 1, 0), (3, 2)): [4378, 524, 382, 251, 129, 24, 15, 4, 2]
(2, (1, 1, 1), (0, 0)): [70819, 10318, 11902, 5901, 4261, 1346, 456, 147, 50, 10, 8, 2, 1, 1]
(2, (1, 1, 1), (0, 1)): [5568, 598, 761, 372, 269, 63, 25, 6, 2, 0, 1, 0, 1]
(2, (1, 1, 1), (0, 2)): [2421, 196, 219, 104, 79, 15, 7, 3, 1]
(2, (1, 1, 1), (1, 0)): [4416, 1003, 833, 491, 339, 126, 41, 7, 4, 0, 1, 1]
(2, (1, 1, 1), (1, 1)): [4351, 612, 676, 373, 257, 76, 26, 6, 2, 0, 1, 0, 1]
(2, (1, 1, 1), (1, 2)): [3318, 320, 338, 165, 130, 33, 10, 5, 1, 0, 1]
(2, (1, 1, 1), (2, 0)): [1240, 597, 281, 198, 138, 58, 16, 2, 2, 0, 0, 1]
(2, (1, 1, 1), (2, 1)): [1984, 510, 380, 221, 163, 60, 23, 1, 0, 0, 0, 0, 1]
(2, (1, 1, 1), (2, 2)): [2276, 364, 299, 172, 127, 37, 15, 5, 1, 0, 1]
(2, (1, 1, 1), (3, 0)): [206, 380, 79, 95, 44, 30, 6, 0, 1]
(2, (1, 1, 1), (3, 1)): [580, 446, 144, 137, 85, 38, 13]
(2, (1, 1, 1), (3, 2)): [960, 415, 180, 161, 104, 32, 19, 3, 1, 0, 1]
