(0, (0, 0, 0), (0, 0)): [26649, 5312, 2482, 1131, 501, 194, 84, 37, 12, 2, 0, 2]
(0, (0, 0, 0), (0, 1)): [95, 12, 12, 7, 1, 0, 0, 1]
(0, (0, 0, 0), (0, 2)): [42, 6, 6, 3]
(0, (0, 0, 0), (1, 0)): [116, 19, 7, 6, 1, 1, 1, 2]
(0, (0, 0, 0), (1, 1)): [91, 13, 5, 6, 1, 1, 0, 1]
(0, (0, 0, 0), (1, 2)): [65, 7, 5, 4]
(0, (0, 0, 0), (2, 0)): [37, 3, 2, 2, 0, 0, 0, 1]
(0, (0, 0, 0), (2, 1)): [45, 7, 2, 3, 1]
(0, (0, 0, 0), (2, 2)): [45, 7, 2, 5]
(0, (0, 0, 0), (3, 0)): [12, 3, 1, 1, 0, 0, 0, 1]
(0, (0, 0, 0), (3, 1)): [22, 4, 0, 2, 1, 0, 0, 1]
(0, (0, 0, 0), (3, 2)): [27, 2, 0, 2, 1, 0, 0, 1]
(0, (0, 0, 1), (0, 0)): [126, 309, 67, 40, 19, 5, 4]
(0, (0, 0, 1), (0, 1)): [2, 0, 0, 1]
(0, (0, 0, 1), (1, 0)): [0, 2, 2, 1]
(0, (0, 0, 1), (1, 1)): [2, 1, 1, 1]
(0, (0, 0, 1), (1, 2)): [1, 0, 0, 1]
(0, (0, 0, 1), (2, 0)): [0, 1]
(0, (0, 0, 1), (2, 1)): [1, 1]
(0, (0, 0, 1), (2, 2)): [1]
(0, (0, 0, 1), (3, 1)): [1]
(0, (0, 0, 1), (3, 2)): [1]
(0, (0, 1, 0), (0, 0)): [1053, 820, 332, 180, 85, 36, 19, 5, 1]
(0, (0, 1, 0), (0, 1)): [4, 1, 2, 0, 1]
(0, (0, 1, 0), (0, 2)): [4, 1, 1]
(0, (0, 1, 0), (1, 0)): [2, 5, 1, 1, 0, 0, 1, 1]
(0, (0, 1, 0), (1, 1)): [0, 1, 2, 1, 1, 0, 0, 1]
(0, (0, 1, 0), (1, 2)): [3, 1, 0, 1]
(0, (0, 1, 0), (2, 0)): [1, 1, 0, 0, 0, 0, 1]
(0, (0, 1, 0), (2, 1)): [1, 1, 1, 0, 1, 0, 1, 1]
(0, (0, 1, 0), (2, 2)): [1, 1, 1, 0, 0, 0, 1]
(0, (0, 1, 0), (3, 1)): [0, 1, 0, 0, 1]
(0, (0, 1, 0), (3, 2)): [1, 2, 1, 0, 1, 0, 1]
(0, (0, 1, 1), (0, 0)): [85, 129, 137, 81, 41, 16, 10, 6, 2]
(0, (0, 1, 1), (0, 1)): [1]
(0, (0, 1, 1), (0, 2)): [1]
(0, (0, 1, 1), (1, 0)): [0, 0, 1, 3, 0, 1]
(0, (0, 1, 1), (1, 1)): [0, 0, 0, 1]
(0, (0, 1, 1), (1, 2)): [1]
(0, (0, 1, 1), (2, 0)): [0, 0, 0, 1, 0, 1]
(0, (0, 1, 1), (2, 1)): [0, 0, 0, 1]
(0, (0, 1, 1), (2, 2)): [1]
(0, (0, 1, 1), (3, 0)): [0, 0, 0, 1, 0, 1]
(0, (0, 1, 1), (3, 2)): [1]
(0, (1, 0, 0), (0, 0)): [5648, 1748, 1204, 609, 267, 113, 45, 23, 5, 1, 0, 1]
(0, (1, 0, 0), (0, 1)): [22, 6, 5, 5]
(0, (1, 0, 0), (0, 2)): [10, 1, 1, 1]
(0, (1, 0, 0), (1, 0)): [29, 5, 4, 2]
(0, (1, 0, 0), (1, 1)): [18, 4, 6, 3]
(0, (1, 0, 0), (1, 2)): [15, 1, 3, 1]
(0, (1, 0, 0), (2, 0)): [9, 3, 1]
(0, (1, 0, 0), (2, 1)): [13, 3, 2, 3]
(0, (1, 0, 0), (2, 2)): [9, 3, 2, 1]
(0, (1, 0, 0), (3, 0)): [0, 1]
(0, (1, 0, 0), (3, 1)): [4, 1, 0, 2]
(0, (1, 0, 0), (3, 2)): [2, 1, 1, 1]
(0, (1, 0, 1), (0, 0)): [155, 383, 136, 110, 61, 28, 15, 7, 2, 1, 1]
(0, (1, 0, 1), (0, 1)): [2, 1, 0, 1, 0, 0, 1, 1]
(0, (1, 0, 1), (0, 2)): [1, 0, 0, 1, 0, 0, 0, 1]
(0, (1, 0, 1), (1, 0)): [0, 2, 2, 1]
(0, (1, 0, 1), (1, 1)): [0, 1, 1]
(0, (1, 0, 1), (1, 2)): [1]
(0, (1, 0, 1), (2, 0)): [0, 1, 1, 1]
(0, (1, 0, 1), (2, 1)): [0, 1, 1, 1]
(0, (1, 0, 1), (2, 2)): [0, 1, 1, 1]
(0, (1, 0, 1), (3, 0)): [0, 1]
(0, (1, 0, 1), (3, 1)): [0, 1]
(0, (1, 0, 1), (3, 2)): [0, 0, 1]
(0, (1, 1, 0), (0, 0)): [801, 461, 354, 275, 133, 67, 26, 13, 3, 1, 0, 1]
(0, (1, 1, 0), (0, 1)): [2, 2, 1, 0, 0, 0, 0, 1]
(0, (1, 1, 0), (0, 2)): [2]
(0, (1, 1, 0), (1, 0)): [3, 0, 2]
(0, (1, 1, 0), (1, 1)): [2, 0, 1, 0, 0, 0, 0, 1]
(0, (1, 1, 0), (1, 2)): [2, 0, 1, 0, 0, 0, 0, 1]
(0, (1, 1, 0), (2, 0)): [0, 0, 2]
(0, (1, 1, 0), (2, 1)): [1, 0, 1]
(0, (1, 1, 0), (2, 2)): [1, 0, 1]
(0, (1, 1, 0), (3, 2)): [1]
(0, (1, 1, 1), (0, 0)): [59, 163, 117, 81, 66, 38, 19, 6, 2, 1]
(0, (1, 1, 1), (0, 1)): [0, 0, 1]
(0, (1, 1, 1), (1, 0)): [1, 2, 2, 1, 0, 1]
(0, (1, 1, 1), (1, 1)): [0, 2, 2]
(0, (1, 1, 1), (1, 2)): [0, 1, 1]
(0, (1, 1, 1), (2, 0)): [0, 0, 1]
(0, (1, 1, 1), (2, 1)): [0, 1, 1]
(0, (1, 1, 1), (2, 2)): [0, 0, 2]
(0, (1, 1, 1), (3, 0)): [0, 0, 1]
(0, (1, 1, 1), (3, 1)): [0, 1]
(0, (1, 1, 1), (3, 2)): [0, 0, 1]
(1, (0, 0, 0), (0, 0)): [21799, 2431, 1002, 376, 155, 51, 25, 9, 5, 1, 0, 1]
(1, (0, 0, 0), (0, 1)): [79, 8, 2, 1, 0, 0, 0, 1]
(1, (0, 0, 0), (0, 2)): [40, 3, 2]
(1, (0, 0, 0), (1, 0)): [90, 13, 6, 1, 0, 1]
(1, (0, 0, 0), (1, 1)): [58, 11, 3, 1, 0, 1, 0, 1]
(1, (0, 0, 0), (1, 2)): [46, 6, 3, 0, 0, 1]
(1, (0, 0, 0), (2, 0)): [27, 4, 2]
(1, (0, 0, 0), (2, 1)): [29, 4, 0, 1, 0, 0, 0, 1]
(1, (0, 0, 0), (2, 2)): [34, 7, 1, 0, 0, 0, 0, 1]
(1, (0, 0, 0), (3, 0)): [8, 2, 2]
(1, (0, 0, 0), (3, 1)): [13, 1, 1, 1]
(1, (0, 0, 0), (3, 2)): [19, 3, 1]
(1, (0, 0, 1), (0, 0)): [594, 769, 142, 67, 19, 13, 5, 2]
(1, (0, 0, 1), (0, 1)): [1, 4]
(1, (0, 0, 1), (0, 2)): [1, 1]
(1, (0, 0, 1), (1, 0)): [8, 5, 2, 0, 0, 0, 0, 1]
(1, (0, 0, 1), (1, 1)): [2, 5, 1]
(1, (0, 0, 1), (1, 2)): [2, 3]
(1, (0, 0, 1), (2, 0)): [4, 2, 1, 0, 0, 0, 0, 1]
(1, (0, 0, 1), (2, 1)): [2, 2, 1]
(1, (0, 0, 1), (2, 2)): [3, 2]
(1, (0, 0, 1), (3, 0)): [2, 1, 1, 0, 0, 0, 0, 1]
(1, (0, 0, 1), (3, 1)): [2, 1, 1]
(1, (0, 0, 1), (3, 2)): [4, 1]
(1, (0, 1, 0), (0, 0)): [2767, 1138, 451, 208, 82, 24, 7, 3, 1]
(1, (0, 1, 0), (0, 1)): [11, 4, 1, 1]
(1, (0, 1, 0), (0, 2)): [4, 2, 1, 1]
(1, (0, 1, 0), (1, 0)): [15, 4, 3, 1]
(1, (0, 1, 0), (1, 1)): [10, 2]
(1, (0, 1, 0), (1, 2)): [7, 1, 1, 1]
(1, (0, 1, 0), (2, 0)): [7, 2, 2, 1]
(1, (0, 1, 0), (2, 1)): [3, 3, 1, 1]
(1, (0, 1, 0), (2, 2)): [4, 1]
(1, (0, 1, 0), (3, 0)): [6, 0, 1]
(1, (0, 1, 0), (3, 1)): [2, 2, 1, 1]
(1, (0, 1, 0), (3, 2)): [1, 1, 1]
(1, (0, 1, 1), (0, 0)): [454, 333, 277, 133, 52, 24, 11, 1, 1]
(1, (0, 1, 1), (0, 1)): [1, 2, 0, 0, 1, 0, 1]
(1, (0, 1, 1), (0, 2)): [1, 2, 0, 0, 0, 0, 1]
(1, (0, 1, 1), (1, 0)): [1, 3, 5, 0, 0, 2]
(1, (0, 1, 1), (1, 1)): [0, 0, 1, 0, 1, 1]
(1, (0, 1, 1), (1, 2)): [1, 1, 0, 0, 0, 0, 1]
(1, (0, 1, 1), (2, 0)): [1, 2, 1, 0, 0, 1]
(1, (0, 1, 1), (2, 1)): [1, 0, 1, 0, 1]
(1, (0, 1, 1), (2, 2)): [1, 0, 0, 0, 1]
(1, (0, 1, 1), (3, 0)): [0, 2, 1, 0, 0, 1]
(1, (0, 1, 1), (3, 1)): [0, 0, 1]
(1, (0, 1, 1), (3, 2)): [1]
(1, (1, 0, 0), (0, 0)): [8145, 1366, 990, 376, 154, 49, 30, 6, 5, 1, 0, 1]
(1, (1, 0, 0), (0, 1)): [37, 3, 6]
(1, (1, 0, 0), (0, 2)): [21, 0, 4]
(1, (1, 0, 0), (1, 0)): [37, 6, 4, 2, 1]
(1, (1, 0, 0), (1, 1)): [32, 5, 3, 0, 1]
(1, (1, 0, 0), (1, 2)): [22, 3, 4]
(1, (1, 0, 0), (2, 0)): [13, 3, 1]
(1, (1, 0, 0), (2, 1)): [16, 3, 1, 0, 1]
(1, (1, 0, 0), (2, 2)): [24, 3, 2]
(1, (1, 0, 0), (3, 0)): [3, 0, 1]
(1, (1, 0, 0), (3, 1)): [2, 2, 1]
(1, (1, 0, 0), (3, 2)): [5, 2, 1]
(1, (1, 0, 1), (0, 0)): [699, 705, 223, 160, 53, 22, 10, 5, 1, 0, 0, 1]
(1, (1, 0, 1), (0, 1)): [5, 4, 0, 0, 1, 0, 0, 1]
(1, (1, 0, 1), (0, 2)): [1, 1, 0, 0, 0, 0, 0, 1]
(1, (1, 0, 1), (1, 0)): [6, 0, 0, 2, 1, 1, 0, 1]
(1, (1, 0, 1), (1, 1)): [6, 2, 0, 0, 2]
(1, (1, 0, 1), (1, 2)): [2, 1, 0, 0, 0, 0, 0, 1]
(1, (1, 0, 1), (2, 0)): [2, 0, 0, 2, 0, 0, 0, 1]
(1, (1, 0, 1), (2, 1)): [1, 1]
(1, (1, 0, 1), (2, 2)): [1, 0, 0, 0, 0, 0, 0, 1]
(1, (1, 0, 1), (3, 0)): [2]
(1, (1, 0, 1), (3, 1)): [1, 1]
(1, (1, 0, 1), (3, 2)): [1, 0, 0, 0, 0, 0, 0, 1]
(1, (1, 1, 0), (0, 0)): [2402, 672, 454, 344, 143, 50, 22, 10, 3, 0, 1]
(1, (1, 1, 0), (0, 1)): [14, 1, 1]
(1, (1, 1, 0), (0, 2)): [6]
(1, (1, 1, 0), (1, 0)): [6, 2, 5, 1, 0, 1, 1, 1]
(1, (1, 1, 0), (1, 1)): [8, 1, 4, 0, 0, 0, 1, 1]
(1, (1, 1, 0), (1, 2)): [9, 0, 1]
(1, (1, 1, 0), (2, 0)): [2, 2, 1, 0, 0, 1]
(1, (1, 1, 0), (2, 1)): [1, 2, 3, 0, 0, 0, 1]
(1, (1, 1, 0), (2, 2)): [6, 1, 3]
(1, (1, 1, 0), (3, 2)): [3, 1]
(1, (1, 1, 1), (0, 0)): [498, 391, 242, 161, 103, 46, 13, 7, 2]
(1, (1, 1, 1), (0, 1)): [2, 1, 2, 0, 0, 1, 0, 1]
(1, (1, 1, 1), (0, 2)): [1, 1, 1, 0, 0, 1]
(1, (1, 1, 1), (1, 0)): [5, 2, 0, 0, 1]
(1, (1, 1, 1), (1, 1)): [3, 0, 1, 0, 1, 0, 0, 1]
(1, (1, 1, 1), (1, 2)): [0, 1, 1, 0, 0, 0, 0, 1]
(1, (1, 1, 1), (2, 0)): [2, 1]
(1, (1, 1, 1), (2, 1)): [3, 1, 1, 0, 1]
(1, (1, 1, 1), (2, 2)): [1]
(1, (1, 1, 1), (3, 0)): [1]
(1, (1, 1, 1), (3, 1)): [1, 1, 1, 0, 1]
(1, (1, 1, 1), (3, 2)): [1, 0, 0, 0, 1]
(2, (0, 0, 0), (0, 0)): [19078, 939, 276, 99, 29, 9]
(2, (0, 0, 0), (0, 1)): [75, 2]
(2, (0, 0, 0), (0, 2)): [25, 1]
(2, (0, 0, 0), (1, 0)): [74, 5, 1, 1]
(2, (0, 0, 0), (1, 1)): [68, 4]
(2, (0, 0, 0), (1, 2)): [47]
(2, (0, 0, 0), (2, 0)): [27, 0, 1, 1]
(2, (0, 0, 0), (2, 1)): [35, 3, 1]
(2, (0, 0, 0), (2, 2)): [40]
(2, (0, 0, 0), (3, 0)): [10]
(2, (0, 0, 0), (3, 1)): [14, 0, 1]
(2, (0, 0, 0), (3, 2)): [25, 0, 1]
(2, (0, 0, 1), (0, 0)): [1503, 476, 92, 48, 12, 1, 1]
(2, (0, 0, 1), (0, 1)): [3, 4, 1]
(2, (0, 0, 1), (0, 2)): [2, 0, 1]
(2, (0, 0, 1), (1, 0)): [7, 5, 0, 1]
(2, (0, 0, 1), (1, 1)): [2, 8]
(2, (0, 0, 1), (1, 2)): [2, 2]
(2, (0, 0, 1), (2, 0)): [5, 1, 0, 1]
(2, (0, 0, 1), (2, 1)): [3, 4, 0, 1]
(2, (0, 0, 1), (2, 2)): [0, 1]
(2, (0, 0, 1), (3, 0)): [3]
(2, (0, 0, 1), (3, 1)): [3, 1, 0, 1]
(2, (0, 0, 1), (3, 2)): [2, 1, 0, 1]
(2, (0, 1, 0), (0, 0)): [4221, 877, 281, 81, 33, 9, 3]
(2, (0, 1, 0), (0, 1)): [11, 2]
(2, (0, 1, 0), (0, 2)): [6, 2]
(2, (0, 1, 0), (1, 0)): [30, 4, 1, 1]
(2, (0, 1, 0), (1, 1)): [11, 2]
(2, (0, 1, 0), (1, 2)): [6, 1]
(2, (0, 1, 0), (2, 0)): [17, 1, 1]
(2, (0, 1, 0), (2, 1)): [10, 1]
(2, (0, 1, 0), (2, 2)): [5]
(2, (0, 1, 0), (3, 0)): [12, 1, 1]
(2, (0, 1, 0), (3, 1)): [7]
(2, (0, 1, 0), (3, 2)): [3]
(2, (0, 1, 1), (0, 0)): [923, 84, 165, 51, 17, 8, 2, 1]
(2, (0, 1, 1), (0, 1)): [1, 1, 2]
(2, (0, 1, 1), (0, 2)): [0, 1]
(2, (0, 1, 1), (1, 0)): [6, 1, 1]
(2, (0, 1, 1), (1, 1)): [3, 0, 3]
(2, (0, 1, 1), (1, 2)): [0, 1, 2]
(2, (0, 1, 1), (2, 0)): [2]
(2, (0, 1, 1), (2, 1)): [2, 0, 1]
(2, (0, 1, 1), (2, 2)): [2, 0, 1]
(2, (0, 1, 1), (3, 0)): [2]
(2, (0, 1, 1), (3, 2)): [2]
(2, (1, 0, 0), (0, 0)): [9646, 642, 448, 164, 43, 21, 2, 1]
(2, (1, 0, 0), (0, 1)): [44, 1, 2, 1]
(2, (1, 0, 0), (0, 2)): [17]
(2, (1, 0, 0), (1, 0)): [52, 3]
(2, (1, 0, 0), (1, 1)): [39, 1, 1]
(2, (1, 0, 0), (1, 2)): [26]
(2, (1, 0, 0), (2, 0)): [15]
(2, (1, 0, 0), (2, 1)): [20, 0, 1]
(2, (1, 0, 0), (2, 2)): [13]
(2, (1, 0, 0), (3, 0)): [4]
(2, (1, 0, 0), (3, 1)): [11]
(2, (1, 0, 0), (3, 2)): [9]
(2, (1, 0, 1), (0, 0)): [1781, 400, 125, 89, 25, 11, 3]
(2, (1, 0, 1), (0, 1)): [8, 2]
(2, (1, 0, 1), (0, 2)): [6, 1]
(2, (1, 0, 1), (1, 0)): [10, 1, 1, 2, 0, 1]
(2, (1, 0, 1), (1, 1)): [5, 1, 1, 0, 0, 1]
(2, (1, 0, 1), (1, 2)): [3, 1]
(2, (1, 0, 1), (2, 0)): [4, 0, 0, 1]
(2, (1, 0, 1), (2, 1)): [3, 1, 0, 0, 0, 1]
(2, (1, 0, 1), (3, 0)): [2, 0, 0, 1]
(2, (1, 0, 1), (3, 1)): [1, 1, 0, 1]
(2, (1, 1, 0), (0, 0)): [4087, 582, 301, 206, 65, 25, 6, 1, 1]
(2, (1, 1, 0), (0, 1)): [17, 1, 1]
(2, (1, 1, 0), (0, 2)): [10, 0, 1]
(2, (1, 1, 0), (1, 0)): [25, 1, 2]
(2, (1, 1, 0), (1, 1)): [18, 0, 1]
(2, (1, 1, 0), (1, 2)): [14]
(2, (1, 1, 0), (2, 0)): [8]
(2, (1, 1, 0), (2, 1)): [10, 0, 1]
(2, (1, 1, 0), (2, 2)): [14, 0, 1]
(2, (1, 1, 0), (3, 0)): [1]
(2, (1, 1, 0), (3, 1)): [3]
(2, (1, 1, 0), (3, 2)): [5]
(2, (1, 1, 1), (0, 0)): [1252, 167, 187, 94, 76, 24, 5, 1, 1]
(2, (1, 1, 1), (0, 1)): [7]
(2, (1, 1, 1), (0, 2)): [3]
(2, (1, 1, 1), (1, 0)): [5, 1]
(2, (1, 1, 1), (1, 1)): [5]
(2, (1, 1, 1), (1, 2)): [3]
(2, (1, 1, 1), (2, 0)): [2, 1]
(2, (1, 1, 1), (2, 1)): [1, 1]
(2, (1, 1, 1), (2, 2)): [2]
(2, (1, 1, 1), (3, 0)): [2]
(2, (1, 1, 1), (3, 1)): [2]
(2, (1, 1, 1), (3, 2)): [2]
