(0, (0, 0, 0), (0, 0)): [735374, 148498, 69723, 32075, 14568, 6358, 2658, 1122, 470, 218, 97, 41, 22, 6, 3, 1, 0, 1]
(0, (0, 0, 0), (0, 1)): [12242, 2290, 1129, 476, 221, 98, 32, 21, 4, 5, 2, 0, 2, 1, 0, 1]
(0, (0, 0, 0), (0, 2)): [4294, 731, 351, 153, 66, 20, 11, 10, 0, 1, 0, 0, 1]
(0, (0, 0, 0), (1, 0)): [11310, 2480, 1279, 576, 299, 118, 60, 21, 4, 4, 2]
(0, (0, 0, 0), (1, 1)): [10424, 2043, 1067, 473, 222, 93, 31, 18, 5, 3, 3, 0, 1, 1, 0, 1]
(0, (0, 0, 0), (1, 2)): [6438, 1152, 558, 227, 109, 42, 15, 10, 3, 1, 0, 0, 2]
(0, (0, 0, 0), (2, 0)): [3751, 933, 490, 241, 136, 54, 30, 10, 1, 1, 1]
(0, (0, 0, 0), (2, 1)): [5670, 1205, 656, 314, 158, 68, 30, 15, 1, 0, 1, 0, 0, 1]
(0, (0, 0, 0), (2, 2)): [5213, 993, 506, 220, 114, 45, 16, 10, 1, 1, 1, 0, 2]
(0, (0, 0, 0), (3, 0)): [1253, 320, 216, 117, 57, 29, 13, 3, 1, 0, 1]
(0, (0, 0, 0), (3, 1)): [2323, 564, 375, 191, 84, 38, 17, 7, 2]
(0, (0, 0, 0), (3, 2)): [3116, 659, 430, 200, 98, 37, 15, 7, 2, 1, 0, 0, 2]
(0, (0, 0, 1), (0, 0)): [3320, 10483, 2947, 1367, 666, 299, 135, 78, 30, 15, 6, 1, 3, 1]
(0, (0, 0, 1), (0, 1)): [47, 112, 44, 13, 7, 3, 4, 1, 0, 0, 0, 0, 0, 1]
(0, (0, 0, 1), (0, 2)): [19, 46, 13, 3, 3]
(0, (0, 0, 1), (1, 0)): [50, 118, 33, 22, 13, 7, 1, 2, 1]
(0, (0, 0, 1), (1, 1)): [40, 76, 32, 11, 9, 4, 3, 1, 0, 0, 0, 0, 0, 1]
(0, (0, 0, 1), (1, 2)): [26, 57, 19, 7, 4, 0, 1, 1]
(0, (0, 0, 1), (2, 0)): [25, 55, 16, 12, 4, 5, 1, 1, 1]
(0, (0, 0, 1), (2, 1)): [26, 47, 17, 10, 8, 3, 1]
(0, (0, 0, 1), (2, 2)): [25, 38, 17, 6, 4, 1, 1]
(0, (0, 0, 1), (3, 0)): [5, 23, 7, 5, 1, 2, 1, 1, 1]
(0, (0, 0, 1), (3, 1)): [11, 21, 7, 6, 4, 3, 0, 1]
(0, (0, 0, 1), (3, 2)): [15, 22, 5, 4, 2, 3, 1, 1]
(0, (0, 1, 0), (0, 0)): [24043, 23691, 9159, 4366, 2176, 964, 398, 169, 74, 43, 17, 5, 2, 0, 1]
(0, (0, 1, 0), (0, 1)): [392, 315, 124, 52, 20, 15, 5, 3]
(0, (0, 1, 0), (0, 2)): [141, 95, 41, 15, 3, 7, 1]
(0, (0, 1, 0), (1, 0)): [366, 329, 127, 78, 39, 19, 8, 0, 1]
(0, (0, 1, 0), (1, 1)): [317, 249, 103, 49, 23, 10, 6, 2]
(0, (0, 1, 0), (1, 2)): [196, 151, 61, 30, 11, 10, 2]
(0, (0, 1, 0), (2, 0)): [123, 124, 48, 34, 16, 12, 3, 0, 1]
(0, (0, 1, 0), (2, 1)): [145, 141, 53, 34, 11, 13, 5, 2]
(0, (0, 1, 0), (2, 2)): [153, 113, 54, 28, 7, 6, 4, 1]
(0, (0, 1, 0), (3, 0)): [52, 46, 21, 18, 12, 3, 1, 0, 1]
(0, (0, 1, 0), (3, 1)): [56, 63, 27, 21, 15, 6, 2, 1]
(0, (0, 1, 0), (3, 2)): [87, 69, 40, 18, 11, 4, 4]
(0, (0, 1, 1), (0, 0)): [2155, 3774, 4823, 2173, 1172, 547, 238, 108, 56, 21, 7, 5, 0, 2, 1, 0, 0, 1]
(0, (0, 1, 1), (0, 1)): [25, 37, 62, 30, 16, 4, 3, 1, 1]
(0, (0, 1, 1), (0, 2)): [11, 14, 24, 10, 8, 2, 1, 1]
(0, (0, 1, 1), (1, 0)): [43, 63, 94, 43, 30, 11, 7, 4, 3, 0, 0, 1]
(0, (0, 1, 1), (1, 1)): [24, 37, 52, 28, 17, 3, 3, 1, 2]
(0, (0, 1, 1), (1, 2)): [15, 16, 29, 17, 11, 3, 2, 1, 1]
(0, (0, 1, 1), (2, 0)): [26, 37, 49, 24, 14, 7, 3, 3, 2, 0, 0, 1]
(0, (0, 1, 1), (2, 1)): [19, 27, 41, 19, 9, 3, 2, 2, 2]
(0, (0, 1, 1), (2, 2)): [23, 20, 30, 16, 7, 3, 1, 2, 1]
(0, (0, 1, 1), (3, 0)): [15, 22, 24, 19, 11, 6, 1, 1, 0, 0, 0, 1]
(0, (0, 1, 1), (3, 1)): [8, 14, 16, 10, 7, 1, 0, 0, 2]
(0, (0, 1, 1), (3, 2)): [13, 11, 24, 12, 6, 3, 1, 2, 2]
(0, (1, 0, 0), (0, 0)): [163465, 56121, 35198, 17559, 8495, 3859, 1655, 716, 308, 143, 67, 26, 14, 4, 2, 1, 0, 1]
(0, (1, 0, 0), (0, 1)): [2545, 678, 521, 248, 137, 60, 21, 9, 3, 1]
(0, (1, 0, 0), (0, 2)): [920, 192, 167, 67, 41, 16, 9, 1, 1, 1]
(0, (1, 0, 0), (1, 0)): [2259, 757, 560, 263, 147, 48, 34, 12, 4, 5, 2]
(0, (1, 0, 0), (1, 1)): [1967, 566, 427, 206, 102, 33, 21, 9, 2, 3]
(0, (1, 0, 0), (1, 2)): [1172, 297, 240, 91, 57, 21, 13, 3, 1, 1]
(0, (1, 0, 0), (2, 0)): [714, 266, 186, 102, 61, 24, 8, 8, 3, 2, 2]
(0, (1, 0, 0), (2, 1)): [969, 294, 223, 125, 62, 21, 10, 5, 4, 3]
(0, (1, 0, 0), (2, 2)): [864, 233, 184, 81, 48, 14, 9, 3, 2, 2]
(0, (1, 0, 0), (3, 0)): [217, 93, 68, 44, 32, 10, 1, 5, 0, 1, 1]
(0, (1, 0, 0), (3, 1)): [356, 131, 97, 58, 42, 10, 3, 2, 3, 1, 1]
(0, (1, 0, 0), (3, 2)): [444, 153, 109, 52, 44, 11, 4, 1, 2, 2]
(0, (1, 0, 1), (0, 0)): [3679, 11805, 5000, 3347, 1818, 847, 415, 176, 81, 33, 16, 10, 4, 0, 1, 0, 0, 1]
(0, (1, 0, 1), (0, 1)): [53, 155, 64, 46, 19, 9, 9, 2, 1, 0, 0, 0, 1]
(0, (1, 0, 1), (0, 2)): [21, 60, 13, 14, 6, 6, 5, 1, 1]
(0, (1, 0, 1), (1, 0)): [51, 181, 75, 52, 26, 18, 2, 3, 2, 1, 1]
(0, (1, 0, 1), (1, 1)): [48, 134, 49, 37, 16, 9, 5, 1, 2, 0, 1]
(0, (1, 0, 1), (1, 2)): [35, 67, 23, 15, 9, 6, 3, 2, 2]
(0, (1, 0, 1), (2, 0)): [18, 66, 33, 19, 11, 10, 0, 2, 0, 1]
(0, (1, 0, 1), (2, 1)): [17, 88, 31, 23, 10, 6, 1, 0, 1, 0, 1]
(0, (1, 0, 1), (2, 2)): [27, 66, 26, 11, 7, 3, 2, 2, 1, 0, 1]
(0, (1, 0, 1), (3, 0)): [10, 18, 15, 11, 6, 7, 0, 2]
(0, (1, 0, 1), (3, 1)): [9, 31, 11, 11, 9, 4]
(0, (1, 0, 1), (3, 2)): [7, 36, 20, 9, 6, 1, 1, 0, 1, 0, 1]
(0, (1, 1, 0), (0, 0)): [22255, 14588, 11648, 8021, 4386, 2064, 911, 444, 180, 85, 43, 14, 7, 1]
(0, (1, 1, 0), (0, 1)): [397, 210, 140, 111, 60, 27, 10, 7, 0, 0, 1]
(0, (1, 1, 0), (0, 2)): [146, 75, 47, 36, 25, 8, 4, 4]
(0, (1, 1, 0), (1, 0)): [314, 200, 169, 113, 69, 38, 14, 9, 2, 3]
(0, (1, 1, 0), (1, 1)): [270, 148, 116, 79, 37, 25, 7, 5, 1, 1, 1]
(0, (1, 1, 0), (1, 2)): [175, 80, 68, 46, 21, 10, 3, 5, 0, 1]
(0, (1, 1, 0), (2, 0)): [82, 59, 58, 43, 29, 15, 5, 6, 1, 1]
(0, (1, 1, 0), (2, 1)): [125, 78, 61, 43, 30, 15, 5, 4, 0, 1]
(0, (1, 1, 0), (2, 2)): [112, 69, 56, 33, 15, 10, 1, 4, 0, 2]
(0, (1, 1, 0), (3, 0)): [21, 21, 23, 15, 11, 5, 2, 3, 1]
(0, (1, 1, 0), (3, 1)): [45, 30, 32, 26, 14, 9, 5, 2, 1]
(0, (1, 1, 0), (3, 2)): [63, 38, 36, 27, 11, 7, 1, 3, 1]
(0, (1, 1, 1), (0, 0)): [2333, 4233, 3581, 2863, 2246, 1110, 522, 271, 120, 52, 31, 11, 2, 1, 1]
(0, (1, 1, 1), (0, 1)): [51, 60, 58, 39, 27, 12, 4, 3, 4, 2, 1, 1]
(0, (1, 1, 1), (0, 2)): [26, 25, 17, 14, 13, 2, 1, 1, 2, 0, 0, 1]
(0, (1, 1, 1), (1, 0)): [28, 74, 76, 46, 49, 25, 9, 6, 2, 0, 1]
(0, (1, 1, 1), (1, 1)): [27, 53, 61, 34, 24, 11, 6, 4, 2, 1, 1]
(0, (1, 1, 1), (1, 2)): [27, 31, 28, 14, 11, 6, 3, 1, 3, 0, 0, 1]
(0, (1, 1, 1), (2, 0)): [9, 31, 18, 22, 24, 9, 1, 2, 1, 0, 1]
(0, (1, 1, 1), (2, 1)): [15, 28, 28, 19, 23, 7, 0, 4, 2]
(0, (1, 1, 1), (2, 2)): [14, 26, 24, 18, 10, 6, 2, 3, 1, 0, 0, 1]
(0, (1, 1, 1), (3, 0)): [1, 7, 8, 10, 7, 2, 0, 0, 0, 0, 1]
(0, (1, 1, 1), (3, 1)): [3, 13, 9, 16, 7, 2, 0, 0, 1, 0, 1]
(0, (1, 1, 1), (3, 2)): [5, 8, 13, 15, 6, 3, 1, 0, 2, 0, 0, 1]
(1, (0, 0, 0), (0, 0)): [585417, 63738, 26494, 10575, 4210, 1646, 621, 247, 94, 38, 15, 10, 5, 2, 0, 1]
(1, (0, 0, 0), (0, 1)): [9836, 1018, 436, 163, 70, 14, 6, 5, 1, 0, 0, 0, 0, 1]
(1, (0, 0, 0), (0, 2)): [3473, 293, 126, 51, 15, 2, 0, 2]
(1, (0, 0, 0), (1, 0)): [9473, 1209, 545, 192, 90, 32, 15, 6, 0, 1, 0, 0, 0, 0, 0, 1]
(1, (0, 0, 0), (1, 1)): [8542, 976, 405, 145, 69, 23, 12, 2, 1, 1, 0, 0, 0, 1]
(1, (0, 0, 0), (1, 2)): [5203, 484, 197, 91, 31, 10, 4, 2]
(1, (0, 0, 0), (2, 0)): [3255, 463, 252, 77, 36, 16, 6, 4, 0, 0, 0, 0, 0, 0, 0, 1]
(1, (0, 0, 0), (2, 1)): [4726, 602, 274, 89, 50, 16, 6, 3, 0, 1]
(1, (0, 0, 0), (2, 2)): [4331, 437, 193, 79, 30, 15, 6, 3]
(1, (0, 0, 0), (3, 0)): [1057, 171, 116, 36, 18, 6, 4, 0, 0, 0, 0, 0, 0, 0, 0, 1]
(1, (0, 0, 0), (3, 1)): [1984, 337, 175, 61, 34, 6, 2, 1]
(1, (0, 0, 0), (3, 2)): [2546, 332, 179, 65, 29, 13, 5, 3]
(1, (0, 0, 1), (0, 0)): [17541, 26812, 5223, 2209, 946, 387, 160, 75, 34, 12, 6, 4, 3, 1]
(1, (0, 0, 1), (0, 1)): [247, 278, 55, 21, 10, 4, 4]
(1, (0, 0, 1), (0, 2)): [95, 92, 13, 6, 2, 0, 2]
(1, (0, 0, 1), (1, 0)): [260, 348, 68, 37, 16, 9, 4, 2, 1]
(1, (0, 0, 1), (1, 1)): [224, 256, 46, 20, 10, 6, 2, 2]
(1, (0, 0, 1), (1, 2)): [158, 129, 19, 10, 5, 1, 1]
(1, (0, 0, 1), (2, 0)): [113, 143, 34, 23, 8, 6, 4, 0, 1]
(1, (0, 0, 1), (2, 1)): [112, 154, 25, 14, 6, 6, 4, 2]
(1, (0, 0, 1), (2, 2)): [114, 119, 17, 9, 3, 1]
(1, (0, 0, 1), (3, 0)): [48, 62, 18, 16, 6, 3, 2, 0, 1]
(1, (0, 0, 1), (3, 1)): [63, 75, 10, 12, 4, 2, 2, 2]
(1, (0, 0, 1), (3, 2)): [71, 72, 13, 8, 3, 1, 1]
(1, (0, 1, 0), (0, 0)): [82147, 39301, 13680, 5779, 2353, 974, 340, 155, 44, 27, 12, 7, 5, 1, 1]
(1, (0, 1, 0), (0, 1)): [1066, 434, 155, 63, 23, 9, 5, 2, 1]
(1, (0, 1, 0), (0, 2)): [397, 153, 47, 15, 5, 3, 2]
(1, (0, 1, 0), (1, 0)): [1378, 619, 221, 135, 70, 22, 4, 3, 0, 0, 1, 0, 0, 1]
(1, (0, 1, 0), (1, 1)): [989, 389, 144, 70, 29, 12, 5, 3, 1, 0, 0, 0, 0, 1]
(1, (0, 1, 0), (1, 2)): [601, 226, 77, 27, 10, 5, 3, 1]
(1, (0, 1, 0), (2, 0)): [589, 248, 99, 81, 37, 13, 2, 2, 0, 0, 1]
(1, (0, 1, 0), (2, 1)): [539, 213, 74, 55, 28, 11, 4, 3, 0, 0, 1, 0, 0, 1]
(1, (0, 1, 0), (2, 2)): [480, 189, 69, 32, 18, 4, 1, 1]
(1, (0, 1, 0), (3, 0)): [298, 123, 45, 58, 27, 6, 0, 1]
(1, (0, 1, 0), (3, 1)): [262, 100, 38, 38, 19, 6, 1, 1, 0, 0, 0, 0, 0, 1]
(1, (0, 1, 0), (3, 2)): [271, 102, 50, 37, 18, 1, 0, 1, 0, 0, 0, 0, 0, 1]
(1, (0, 1, 1), (0, 0)): [13937, 11824, 11504, 4532, 2238, 902, 360, 143, 76, 21, 9, 4, 1, 2, 0, 1]
(1, (0, 1, 1), (0, 1)): [159, 119, 97, 29, 22, 9, 5, 2]
(1, (0, 1, 1), (0, 2)): [79, 32, 35, 8, 7, 0, 1]
(1, (0, 1, 1), (1, 0)): [287, 201, 167, 90, 61, 19, 10, 7, 3, 1]
(1, (0, 1, 1), (1, 1)): [130, 103, 88, 36, 19, 6, 6, 2]
(1, (0, 1, 1), (1, 2)): [96, 48, 47, 22, 7, 1, 2]
(1, (0, 1, 1), (2, 0)): [189, 133, 93, 59, 49, 17, 8, 6, 3, 1]
(1, (0, 1, 1), (2, 1)): [84, 68, 48, 23, 9, 7, 5, 1]
(1, (0, 1, 1), (2, 2)): [78, 50, 42, 20, 11, 0, 0, 1]
(1, (0, 1, 1), (3, 0)): [153, 110, 72, 46, 45, 14, 7, 6, 3, 1]
(1, (0, 1, 1), (3, 1)): [39, 34, 18, 11, 2, 5, 5]
(1, (0, 1, 1), (3, 2)): [46, 40, 25, 7, 6, 2, 1]
(1, (1, 0, 0), (0, 0)): [236108, 43748, 26885, 11724, 4759, 1961, 747, 283, 129, 56, 22, 15, 3, 2, 0, 2]
(1, (1, 0, 0), (0, 1)): [3655, 517, 419, 166, 69, 23, 13, 2, 0, 2]
(1, (1, 0, 0), (0, 2)): [1270, 163, 150, 42, 22, 7, 5, 0, 0, 2]
(1, (1, 0, 0), (1, 0)): [3595, 635, 479, 230, 90, 34, 15, 7, 1, 2, 0, 0, 1, 0, 0, 1]
(1, (1, 0, 0), (1, 1)): [2981, 447, 347, 145, 56, 21, 9, 5, 0, 0, 0, 0, 0, 0, 0, 1]
(1, (1, 0, 0), (1, 2)): [1778, 236, 194, 63, 33, 10, 5, 2, 0, 1]
(1, (1, 0, 0), (2, 0)): [1178, 235, 184, 108, 42, 19, 8, 0, 1, 2, 0, 0, 1]
(1, (1, 0, 0), (2, 1)): [1542, 261, 214, 103, 36, 17, 6, 2, 1, 0, 0, 0, 0, 0, 0, 1]
(1, (1, 0, 0), (2, 2)): [1342, 200, 169, 78, 34, 11, 4, 1, 0, 1]
(1, (1, 0, 0), (3, 0)): [379, 91, 60, 46, 21, 7, 4, 0, 0, 2, 0, 0, 1]
(1, (1, 0, 0), (3, 1)): [606, 147, 95, 65, 19, 11, 5, 1, 0, 1, 0, 0, 0, 0, 0, 1]
(1, (1, 0, 0), (3, 2)): [698, 139, 93, 60, 24, 12, 5, 0, 0, 1, 0, 0, 0, 0, 0, 1]
(1, (1, 0, 1), (0, 0)): [18223, 23251, 7772, 4960, 2124, 904, 326, 142, 57, 39, 13, 3, 0, 1]
(1, (1, 0, 1), (0, 1)): [308, 263, 81, 65, 32, 12, 8, 2, 3, 2]
(1, (1, 0, 1), (0, 2)): [141, 75, 24, 23, 6, 5, 3, 1, 0, 1]
(1, (1, 0, 1), (1, 0)): [276, 346, 94, 72, 39, 15, 3, 1, 0, 2]
(1, (1, 0, 1), (1, 1)): [221, 221, 65, 57, 32, 5, 5, 1, 2]
(1, (1, 0, 1), (1, 2)): [164, 114, 38, 38, 15, 4, 3, 2, 0, 1]
(1, (1, 0, 1), (2, 0)): [108, 122, 33, 21, 17, 9, 1, 0, 0, 1]
(1, (1, 0, 1), (2, 1)): [112, 119, 34, 28, 16, 7, 4, 0, 2]
(1, (1, 0, 1), (2, 2)): [101, 88, 31, 17, 10, 4, 2, 0, 1]
(1, (1, 0, 1), (3, 0)): [41, 53, 14, 7, 8, 4, 0, 0, 0, 1]
(1, (1, 0, 1), (3, 1)): [45, 56, 14, 17, 14, 6]
(1, (1, 0, 1), (3, 2)): [53, 56, 20, 14, 12, 7, 2, 0, 1]
(1, (1, 1, 0), (0, 0)): [63657, 20139, 14266, 9658, 4218, 1813, 715, 285, 112, 52, 19, 9, 5, 4, 1]
(1, (1, 1, 0), (0, 1)): [999, 266, 184, 138, 60, 21, 15, 4]
(1, (1, 1, 0), (0, 2)): [387, 102, 63, 50, 20, 4, 2]
(1, (1, 1, 0), (1, 0)): [940, 314, 220, 186, 82, 25, 7, 5, 1, 2, 0, 0, 2, 1]
(1, (1, 1, 0), (1, 1)): [792, 216, 158, 122, 53, 17, 11, 4, 0, 2]
(1, (1, 1, 0), (1, 2)): [552, 125, 88, 73, 30, 7, 6, 1]
(1, (1, 1, 0), (2, 0)): [313, 114, 80, 68, 31, 12, 1, 1, 1, 0, 0, 0, 2, 1]
(1, (1, 1, 0), (2, 1)): [392, 144, 88, 74, 25, 12, 4, 2, 0, 1, 0, 0, 1]
(1, (1, 1, 0), (2, 2)): [403, 107, 63, 48, 28, 6, 3, 1]
(1, (1, 1, 0), (3, 0)): [87, 37, 31, 24, 18, 7, 1, 1, 1, 0, 0, 0, 1]
(1, (1, 1, 0), (3, 1)): [164, 69, 45, 36, 19, 6, 4, 2, 0, 1, 0, 0, 1]
(1, (1, 1, 0), (3, 2)): [220, 68, 45, 32, 23, 5, 5, 3, 0, 1, 0, 0, 1]
(1, (1, 1, 1), (0, 0)): [13133, 10704, 6981, 4818, 3422, 1495, 623, 240, 104, 38, 15, 10, 5, 2, 1, 1]
(1, (1, 1, 1), (0, 1)): [248, 166, 105, 69, 62, 17, 9, 5, 3]
(1, (1, 1, 1), (0, 2)): [124, 61, 42, 20, 23, 6, 5]
(1, (1, 1, 1), (1, 0)): [215, 169, 121, 81, 64, 29, 14, 2, 2, 2, 0, 1, 1]
(1, (1, 1, 1), (1, 1)): [175, 112, 78, 67, 57, 19, 5, 3, 1]
(1, (1, 1, 1), (1, 2)): [139, 57, 49, 36, 28, 15, 5, 1]
(1, (1, 1, 1), (2, 0)): [67, 72, 56, 33, 23, 14, 7, 2, 1, 1, 0, 1, 1]
(1, (1, 1, 1), (2, 1)): [86, 77, 57, 41, 34, 7, 6, 2, 1, 1, 0, 1]
(1, (1, 1, 1), (2, 2)): [95, 52, 47, 41, 31, 10, 5, 2]
(1, (1, 1, 1), (3, 0)): [17, 26, 16, 15, 7, 9, 3, 0, 1, 0, 0, 0, 1]
(1, (1, 1, 1), (3, 1)): [33, 38, 15, 21, 12, 7, 3, 1, 0, 0, 0, 0, 1]
(1, (1, 1, 1), (3, 2)): [65, 36, 25, 27, 20, 9, 2, 1]
(2, (0, 0, 0), (0, 0)): [503695, 22105, 7562, 2387, 843, 291, 102, 36, 8, 2, 2, 0, 1]
(2, (0, 0, 0), (0, 1)): [8604, 375, 132, 34, 18, 4, 3]
(2, (0, 0, 0), (0, 2)): [2919, 91, 29, 11, 2, 1]
(2, (0, 0, 0), (1, 0)): [8763, 502, 176, 56, 21, 8, 3, 0, 0, 0, 0, 0, 1]
(2, (0, 0, 0), (1, 1)): [7741, 381, 137, 29, 20, 4, 5]
(2, (0, 0, 0), (1, 2)): [4611, 167, 60, 15, 9, 3, 1]
(2, (0, 0, 0), (2, 0)): [3174, 188, 87, 34, 10, 5, 1, 0, 0, 0, 0, 0, 1]
(2, (0, 0, 0), (2, 1)): [4492, 223, 91, 32, 8, 3, 3]
(2, (0, 0, 0), (2, 2)): [3884, 173, 63, 23, 11, 4]
(2, (0, 0, 0), (3, 0)): [1088, 79, 50, 17, 7, 2, 1, 0, 0, 0, 0, 0, 1]
(2, (0, 0, 0), (3, 1)): [2037, 119, 63, 19, 7, 3, 2]
(2, (0, 0, 0), (3, 2)): [2502, 138, 66, 18, 6, 3]
(2, (0, 0, 1), (0, 0)): [51650, 17292, 3148, 1069, 376, 140, 47, 13, 1, 2, 0, 1]
(2, (0, 0, 1), (0, 1)): [695, 207, 46, 13, 8, 3, 1]
(2, (0, 0, 1), (0, 2)): [268, 50, 16, 2, 1, 1]
(2, (0, 0, 1), (1, 0)): [787, 224, 60, 16, 6, 2, 0, 1]
(2, (0, 0, 1), (1, 1)): [633, 162, 42, 8, 8, 1, 1]
(2, (0, 0, 1), (1, 2)): [409, 81, 21, 6, 2, 1, 1]
(2, (0, 0, 1), (2, 0)): [328, 95, 28, 13, 4, 2, 0, 1]
(2, (0, 0, 1), (2, 1)): [370, 92, 31, 7, 7, 0, 0, 1]
(2, (0, 0, 1), (2, 2)): [332, 64, 25, 4, 3, 1, 1]
(2, (0, 0, 1), (3, 0)): [166, 38, 15, 8, 1, 2]
(2, (0, 0, 1), (3, 1)): [202, 47, 16, 6, 5]
(2, (0, 0, 1), (3, 2)): [221, 53, 17, 4, 2, 1]
(2, (0, 1, 0), (0, 0)): [132863, 30407, 7583, 2621, 842, 291, 101, 24, 6, 1, 1, 0, 1]
(2, (0, 1, 0), (0, 1)): [1768, 316, 81, 33, 13, 1, 1]
(2, (0, 1, 0), (0, 2)): [653, 89, 19, 7, 5]
(2, (0, 1, 0), (1, 0)): [2356, 397, 176, 66, 16, 7, 5, 1, 0, 0, 0, 0, 1]
(2, (0, 1, 0), (1, 1)): [1628, 289, 101, 34, 11, 4, 3, 1]
(2, (0, 1, 0), (1, 2)): [958, 138, 38, 21, 5]
(2, (0, 1, 0), (2, 0)): [1115, 167, 88, 46, 11, 2, 3, 0, 0, 0, 0, 0, 1]
(2, (0, 1, 0), (2, 1)): [1050, 175, 64, 22, 7, 3, 3, 1, 0, 0, 0, 0, 1]
(2, (0, 1, 0), (2, 2)): [892, 123, 41, 25, 6, 1, 0, 1]
(2, (0, 1, 0), (3, 0)): [602, 79, 49, 30, 7, 0, 2]
(2, (0, 1, 0), (3, 1)): [517, 89, 40, 15, 8, 1, 3, 0, 0, 0, 0, 0, 1]
(2, (0, 1, 0), (3, 2)): [607, 86, 40, 18, 4, 2, 1, 0, 0, 0, 0, 0, 1]
(2, (0, 1, 1), (0, 0)): [32136, 2899, 7594, 1985, 760, 256, 88, 33, 11, 4, 2, 1, 0, 1]
(2, (0, 1, 1), (0, 1)): [380, 33, 66, 18, 4, 3, 1, 3]
(2, (0, 1, 1), (0, 2)): [153, 10, 24, 7, 2, 1, 1]
(2, (0, 1, 1), (1, 0)): [526, 61, 108, 39, 22, 3, 3, 0, 0, 0, 1]
(2, (0, 1, 1), (1, 1)): [337, 30, 57, 16, 5, 2, 1, 2]
(2, (0, 1, 1), (1, 2)): [219, 15, 35, 8, 2, 1, 2, 1]
(2, (0, 1, 1), (2, 0)): [275, 41, 54, 25, 18, 3, 1, 0, 0, 0, 1]
(2, (0, 1, 1), (2, 1)): [178, 21, 41, 10, 3, 2]
(2, (0, 1, 1), (2, 2)): [181, 19, 36, 9, 0, 2, 1, 1]
(2, (0, 1, 1), (3, 0)): [197, 29, 31, 16, 17, 3, 1, 0, 0, 0, 1]
(2, (0, 1, 1), (3, 1)): [96, 10, 21, 6, 4, 1]
(2, (0, 1, 1), (3, 2)): [125, 16, 29, 6, 2, 3, 0, 1]
(2, (1, 0, 0), (0, 0)): [288796, 21883, 12922, 4159, 1381, 444, 172, 55, 13, 6, 3, 0, 1]
(2, (1, 0, 0), (0, 1)): [4205, 218, 192, 58, 18, 6, 2, 1]
(2, (1, 0, 0), (0, 2)): [1446, 64, 49, 12, 7, 2, 1]
(2, (1, 0, 0), (1, 0)): [4486, 364, 278, 104, 34, 6, 5, 0, 0, 0, 0, 0, 1]
(2, (1, 0, 0), (1, 1)): [3492, 214, 198, 62, 17, 2, 1]
(2, (1, 0, 0), (1, 2)): [2079, 104, 85, 34, 8, 2]
(2, (1, 0, 0), (2, 0)): [1560, 150, 102, 53, 17, 3, 3, 0, 0, 0, 0, 0, 1]
(2, (1, 0, 0), (2, 1)): [1812, 127, 113, 35, 18, 3, 1, 0, 0, 0, 0, 0, 1]
(2, (1, 0, 0), (2, 2)): [1582, 92, 84, 29, 10, 4, 1]
(2, (1, 0, 0), (3, 0)): [514, 72, 32, 29, 6, 1, 2]
(2, (1, 0, 0), (3, 1)): [789, 82, 58, 30, 8, 1, 2, 0, 0, 0, 0, 0, 1]
(2, (1, 0, 0), (3, 2)): [891, 82, 54, 23, 7, 5, 1, 0, 0, 0, 0, 0, 1]
(2, (1, 0, 1), (0, 0)): [46896, 12394, 5177, 2799, 900, 309, 109, 35, 12, 3, 0, 2, 1]
(2, (1, 0, 1), (0, 1)): [731, 142, 70, 49, 17, 2, 1, 1, 0, 0, 0, 1]
(2, (1, 0, 1), (0, 2)): [283, 37, 21, 13, 7]
(2, (1, 0, 1), (1, 0)): [683, 158, 80, 56, 24, 8, 3]
(2, (1, 0, 1), (1, 1)): [555, 121, 49, 41, 16, 2, 3, 1, 0, 0, 0, 1]
(2, (1, 0, 1), (1, 2)): [356, 51, 23, 17, 6, 1, 1, 1, 0, 0, 0, 1]
(2, (1, 0, 1), (2, 0)): [242, 53, 42, 22, 7, 4, 1]
(2, (1, 0, 1), (2, 1)): [308, 71, 24, 22, 11, 2]
(2, (1, 0, 1), (2, 2)): [260, 41, 17, 10, 7, 2, 1, 1, 0, 0, 0, 1]
(2, (1, 0, 1), (3, 0)): [88, 16, 18, 12, 5, 1, 1]
(2, (1, 0, 1), (3, 1)): [141, 27, 16, 15, 7, 0, 1]
(2, (1, 0, 1), (3, 2)): [164, 30, 14, 6, 7, 2, 1, 1]
(2, (1, 1, 0), (0, 0)): [108673, 17152, 8997, 5609, 1778, 624, 189, 64, 26, 10, 5, 0, 2, 1]
(2, (1, 1, 0), (0, 1)): [1720, 242, 118, 74, 27, 5, 3, 0, 0, 0, 0, 0, 1]
(2, (1, 1, 0), (0, 2)): [627, 78, 31, 17, 8, 0, 1]
(2, (1, 1, 0), (1, 0)): [1728, 245, 149, 125, 33, 13, 6, 2, 1, 1]
(2, (1, 1, 0), (1, 1)): [1428, 186, 98, 74, 19, 5, 1, 1, 1, 1, 0, 0, 1]
(2, (1, 1, 0), (1, 2)): [908, 102, 61, 29, 8, 2, 2]
(2, (1, 1, 0), (2, 0)): [625, 92, 73, 55, 17, 8, 3, 1]
(2, (1, 1, 0), (2, 1)): [801, 93, 62, 48, 17, 7, 2, 1, 1, 1, 0, 0, 1]
(2, (1, 1, 0), (2, 2)): [698, 85, 48, 36, 10, 3, 3, 0, 1]
(2, (1, 1, 0), (3, 0)): [234, 41, 31, 24, 8, 3, 1]
(2, (1, 1, 0), (3, 1)): [350, 49, 36, 31, 7, 6, 2, 1, 0, 0, 0, 0, 1]
(2, (1, 1, 0), (3, 2)): [403, 52, 36, 29, 9, 3, 2, 0, 1]
(2, (1, 1, 1), (0, 0)): [31964, 4848, 5464, 2862, 1910, 652, 207, 74, 31, 7, 5, 0, 1, 1]
(2, (1, 1, 1), (0, 1)): [578, 59, 76, 45, 34, 6, 5, 2, 1, 0, 0, 0, 1]
(2, (1, 1, 1), (0, 2)): [253, 15, 18, 8, 9, 1, 1, 0, 1]
(2, (1, 1, 1), (1, 0)): [499, 141, 85, 64, 35, 15, 6, 1, 1, 0, 1]
(2, (1, 1, 1), (1, 1)): [451, 62, 74, 42, 27, 4, 3, 0, 0, 0, 1, 0, 1]
(2, (1, 1, 1), (1, 2)): [318, 24, 29, 14, 14, 2, 2, 0, 0, 0, 1]
(2, (1, 1, 1), (2, 0)): [139, 103, 24, 30, 17, 10, 4, 1]
(2, (1, 1, 1), (2, 1)): [208, 61, 38, 22, 20, 5, 4, 0, 0, 0, 0, 0, 1]
(2, (1, 1, 1), (2, 2)): [219, 36, 27, 15, 11, 3, 2, 0, 0, 0, 1]
(2, (1, 1, 1), (3, 0)): [31, 75, 11, 17, 4, 6, 1]
(2, (1, 1, 1), (3, 1)): [70, 70, 15, 19, 12, 5, 4]
(2, (1, 1, 1), (3, 2)): [107, 54, 18, 23, 13, 7, 4, 0, 0, 0, 1]
