(0, (0, 0, 0), (0, 0)): [15639, 3372, 1597, 750, 397, 145, 58, 34, 10, 8]
(0, (0, 0, 0), (0, 1)): [64, 24, 3, 2, 0, 1]
(0, (0, 0, 0), (0, 2)): [25, 4, 1, 0, 0, 1]
(0, (0, 0, 0), (1, 0)): [77, 17, 8, 8, 4, 1]
(0, (0, 0, 0), (1, 1)): [55, 23, 7, 4, 2]
(0, (0, 0, 0), (1, 2)): [21, 12, 2, 1, 0, 1]
(0, (0, 0, 0), (2, 0)): [32, 4, 1, 5, 2, 1]
(0, (0, 0, 0), (2, 1)): [43, 8, 6, 4, 2]
(0, (0, 0, 0), (2, 2)): [24, 9, 2, 1, 2]
(0, (0, 0, 0), (3, 0)): [11, 1, 0, 3, 1, 1]
(0, (0, 0, 0), (3, 1)): [22, 4, 3, 4, 1, 1]
(0, (0, 0, 0), (3, 2)): [23, 2, 1, 1, 3]
(0, (0, 0, 1), (0, 0)): [80, 287, 87, 40, 21, 9, 7, 3]
(0, (0, 0, 1), (0, 1)): [0, 1, 0, 0, 0, 0, 1]
(0, (0, 0, 1), (1, 0)): [1, 0, 1, 2, 1]
(0, (0, 0, 1), (1, 1)): [0, 1, 1, 0, 0, 0, 1]
(0, (0, 0, 1), (2, 0)): [1, 0, 0, 1, 1]
(0, (0, 0, 1), (2, 1)): [1, 0, 0, 1, 0, 0, 1]
(0, (0, 0, 1), (2, 2)): [0, 0, 0, 0, 0, 0, 1]
(0, (0, 0, 1), (3, 0)): [0, 0, 0, 0, 1]
(0, (0, 0, 1), (3, 1)): [1]
(0, (0, 0, 1), (3, 2)): [0, 0, 0, 0, 0, 0, 1]
(0, (0, 1, 0), (0, 0)): [482, 551, 191, 104, 65, 31, 7, 3, 1, 2]
(0, (0, 1, 0), (0, 1)): [1, 5, 1]
(0, (0, 1, 0), (0, 2)): [0, 1, 1]
(0, (0, 1, 0), (1, 0)): [2, 0, 1, 1, 2]
(0, (0, 1, 0), (1, 1)): [2, 2]
(0, (0, 1, 0), (1, 2)): [0, 2, 1]
(0, (0, 1, 0), (2, 0)): [1, 0, 0, 1, 2]
(0, (0, 1, 0), (2, 1)): [1, 1, 0, 1]
(0, (0, 1, 0), (2, 2)): [0, 2, 1]
(0, (0, 1, 0), (3, 0)): [0, 0, 0, 0, 2]
(0, (0, 1, 0), (3, 1)): [0, 0, 0, 1, 1]
(0, (0, 1, 0), (3, 2)): [0, 1, 1, 0, 1]
(0, (0, 1, 1), (0, 0)): [42, 84, 110, 65, 35, 16, 5, 2, 2]
(0, (0, 1, 1), (0, 1)): [0, 1, 0, 1, 0, 0, 0, 0, 1]
(0, (0, 1, 1), (0, 2)): [0, 1]
(0, (0, 1, 1), (1, 0)): [0, 2, 0, 1, 0, 0, 1]
(0, (0, 1, 1), (1, 1)): [0, 0, 0, 1, 0, 0, 0, 0, 1]
(0, (0, 1, 1), (1, 2)): [0, 0, 0, 1]
(0, (0, 1, 1), (2, 0)): [0, 2, 0, 1]
(0, (0, 1, 1), (2, 1)): [0, 0, 0, 0, 0, 0, 0, 0, 1]
(0, (0, 1, 1), (2, 2)): [0, 0, 0, 1]
(0, (0, 1, 1), (3, 0)): [0, 2, 0, 1]
(0, (0, 1, 1), (3, 1)): [0, 0, 0, 0, 0, 0, 0, 0, 1]
(0, (0, 1, 1), (3, 2)): [0, 0, 0, 0, 0, 0, 0, 0, 1]
(0, (1, 0, 0), (0, 0)): [3629, 1339, 818, 454, 235, 80, 35, 22, 10, 4]
(0, (1, 0, 0), (0, 1)): [19, 5, 5, 3, 3, 0, 0, 0, 1]
(0, (1, 0, 0), (0, 2)): [9, 1, 2]
(0, (1, 0, 0), (1, 0)): [13, 6, 7, 4, 1, 0, 0, 0, 2]
(0, (1, 0, 0), (1, 1)): [14, 7, 7, 4, 2]
(0, (1, 0, 0), (1, 2)): [7, 3, 2, 0, 1]
(0, (1, 0, 0), (2, 0)): [5, 1, 2, 1, 1, 0, 0, 0, 2]
(0, (1, 0, 0), (2, 1)): [8, 1, 2, 3, 1, 0, 0, 0, 2]
(0, (1, 0, 0), (2, 2)): [12, 3, 2, 1, 0, 0, 0, 0, 1]
(0, (1, 0, 0), (3, 0)): [1, 0, 1, 1]
(0, (1, 0, 0), (3, 1)): [1, 1, 0, 3, 0, 0, 0, 0, 1]
(0, (1, 0, 0), (3, 2)): [5, 2, 0, 2, 0, 0, 0, 0, 1]
(0, (1, 0, 1), (0, 0)): [78, 235, 119, 75, 58, 25, 12, 7, 2, 1]
(0, (1, 0, 1), (0, 1)): [0, 3, 0, 1]
(0, (1, 0, 1), (1, 0)): [1, 1, 1, 1, 1, 3]
(0, (1, 0, 1), (1, 1)): [0, 2, 0, 1]
(0, (1, 0, 1), (1, 2)): [0, 1]
(0, (1, 0, 1), (2, 0)): [1, 1, 0, 1, 0, 3]
(0, (1, 0, 1), (2, 1)): [0, 1, 0, 1]
(0, (1, 0, 1), (2, 2)): [0, 1]
(0, (1, 0, 1), (3, 0)): [1, 0, 0, 0, 0, 2]
(0, (1, 0, 1), (3, 1)): [1, 1]
(0, (1, 0, 1), (3, 2)): [0, 2]
(0, (1, 1, 0), (0, 0)): [445, 333, 300, 194, 106, 46, 23, 13, 7, 3]
(0, (1, 1, 0), (0, 1)): [4, 4, 1, 2, 0, 1]
(0, (1, 1, 0), (0, 2)): [3, 2, 0, 1]
(0, (1, 1, 0), (1, 0)): [3, 3, 1, 3, 0, 1, 0, 1]
(0, (1, 1, 0), (1, 1)): [2, 4, 1, 2, 0, 1]
(0, (1, 1, 0), (1, 2)): [2, 4, 1, 1]
(0, (1, 1, 0), (2, 0)): [2, 0, 1, 2, 0, 0, 0, 1]
(0, (1, 1, 0), (2, 1)): [1, 1, 0, 1]
(0, (1, 1, 0), (2, 2)): [2, 2, 0, 1]
(0, (1, 1, 0), (3, 0)): [1, 0, 1, 1, 0, 0, 0, 1]
(0, (1, 1, 0), (3, 1)): [1, 1, 0, 2]
(0, (1, 1, 0), (3, 2)): [0, 2]
(0, (1, 1, 1), (0, 0)): [50, 94, 91, 64, 55, 27, 13, 8, 3, 1]
(0, (1, 1, 1), (0, 1)): [0, 2, 0, 0, 1, 0, 0, 0, 1]
(0, (1, 1, 1), (0, 2)): [0, 1]
(0, (1, 1, 1), (1, 0)): [0, 0, 0, 2, 0, 0, 0, 0, 1]
(0, (1, 1, 1), (1, 1)): [0, 1, 0, 2, 1, 0, 0, 0, 1]
(0, (1, 1, 1), (2, 1)): [0, 0, 0, 2, 0, 0, 0, 0, 1]
(0, (1, 1, 1), (2, 2)): [0, 0, 0, 2]
(0, (1, 1, 1), (3, 1)): [0, 0, 0, 0, 0, 0, 0, 0, 1]
(0, (1, 1, 1), (3, 2)): [0, 0, 0, 2, 0, 0, 0, 0, 1]
(1, (0, 0, 0), (0, 0)): [12207, 1399, 615, 215, 116, 39, 12, 8, 0, 3]
(1, (0, 0, 0), (0, 1)): [58, 5, 2, 0, 1]
(1, (0, 0, 0), (0, 2)): [19, 2, 1]
(1, (0, 0, 0), (1, 0)): [75, 11, 4, 1]
(1, (0, 0, 0), (1, 1)): [53, 9, 3, 1, 1]
(1, (0, 0, 0), (1, 2)): [31, 5, 1, 1]
(1, (0, 0, 0), (2, 0)): [26, 2, 2]
(1, (0, 0, 0), (2, 1)): [30, 4, 4, 0, 1]
(1, (0, 0, 0), (2, 2)): [28, 4, 2, 1]
(1, (0, 0, 0), (3, 0)): [11, 1]
(1, (0, 0, 0), (3, 1)): [16, 3, 1]
(1, (0, 0, 0), (3, 2)): [17, 3, 3, 1]
(1, (0, 0, 1), (0, 0)): [444, 733, 157, 65, 41, 6, 4, 4]
(1, (0, 0, 1), (0, 1)): [2, 6, 1, 1]
(1, (0, 0, 1), (0, 2)): [1, 4]
(1, (0, 0, 1), (1, 0)): [2, 3, 1, 1, 1]
(1, (0, 0, 1), (1, 1)): [2, 2, 1, 1]
(1, (0, 0, 1), (1, 2)): [2, 2]
(1, (0, 0, 1), (2, 0)): [1, 2, 1, 1, 1]
(1, (0, 0, 1), (2, 1)): [0, 3, 1, 1, 1]
(1, (0, 0, 1), (2, 2)): [1, 2, 1]
(1, (0, 0, 1), (3, 0)): [1, 1, 1, 1]
(1, (0, 0, 1), (3, 1)): [0, 1, 0, 0, 1]
(1, (0, 0, 1), (3, 2)): [0, 1, 1]
(1, (0, 1, 0), (0, 0)): [1976, 1002, 338, 172, 71, 21, 7, 4, 0, 1]
(1, (0, 1, 0), (0, 1)): [16, 6, 0, 0, 1]
(1, (0, 1, 0), (0, 2)): [7, 3]
(1, (0, 1, 0), (1, 0)): [24, 4, 5, 1, 2]
(1, (0, 1, 0), (1, 1)): [18, 4, 0, 1, 2]
(1, (0, 1, 0), (1, 2)): [12, 4]
(1, (0, 1, 0), (2, 0)): [14, 1, 3]
(1, (0, 1, 0), (2, 1)): [10, 2, 1, 1, 2]
(1, (0, 1, 0), (2, 2)): [11, 2, 1, 0, 1]
(1, (0, 1, 0), (3, 0)): [8, 1, 1]
(1, (0, 1, 0), (3, 1)): [7, 2, 0, 1, 1]
(1, (0, 1, 0), (3, 2)): [5, 0, 1, 1]
(1, (0, 1, 1), (0, 0)): [324, 296, 339, 135, 58, 18, 6, 2]
(1, (0, 1, 1), (0, 1)): [2, 1, 2]
(1, (0, 1, 1), (0, 2)): [2]
(1, (0, 1, 1), (1, 0)): [1, 0, 1]
(1, (0, 1, 1), (1, 1)): [0, 1]
(1, (0, 1, 1), (1, 2)): [2]
(1, (0, 1, 1), (2, 0)): [1, 0, 1]
(1, (0, 1, 1), (2, 1)): [0, 1, 1]
(1, (0, 1, 1), (2, 2)): [1]
(1, (0, 1, 1), (3, 0)): [1]
(1, (0, 1, 1), (3, 1)): [0, 1, 1]
(1, (0, 1, 1), (3, 2)): [0, 0, 1]
(1, (1, 0, 0), (0, 0)): [5224, 1021, 600, 286, 114, 40, 15, 8, 0, 2]
(1, (1, 0, 0), (0, 1)): [35, 4, 2, 3]
(1, (1, 0, 0), (0, 2)): [15, 1, 1]
(1, (1, 0, 0), (1, 0)): [43, 6, 13, 7, 1]
(1, (1, 0, 0), (1, 1)): [31, 8, 4, 4]
(1, (1, 0, 0), (1, 2)): [20, 4, 2, 3]
(1, (1, 0, 0), (2, 0)): [21, 1, 7, 4, 1]
(1, (1, 0, 0), (2, 1)): [22, 5, 3, 2]
(1, (1, 0, 0), (2, 2)): [20, 3, 2, 2]
(1, (1, 0, 0), (3, 0)): [8, 1, 3, 2, 1]
(1, (1, 0, 0), (3, 1)): [8, 2, 4, 2]
(1, (1, 0, 0), (3, 2)): [10, 2, 1, 3]
(1, (1, 0, 1), (0, 0)): [410, 554, 197, 120, 58, 17, 12, 4, 1, 1]
(1, (1, 0, 1), (0, 1)): [0, 0, 2]
(1, (1, 0, 1), (0, 2)): [0, 0, 1]
(1, (1, 0, 1), (1, 0)): [0, 2, 0, 1]
(1, (1, 0, 1), (1, 1)): [0, 1, 0, 1]
(1, (1, 0, 1), (2, 1)): [0, 1, 0, 1]
(1, (1, 0, 1), (3, 1)): [0, 1]
(1, (1, 0, 1), (3, 2)): [0, 1]
(1, (1, 1, 0), (0, 0)): [1327, 421, 294, 240, 101, 38, 16, 6, 2, 3]
(1, (1, 1, 0), (0, 1)): [10, 2, 1, 2, 2]
(1, (1, 1, 0), (0, 2)): [5, 1, 1, 0, 1]
(1, (1, 1, 0), (1, 0)): [2, 2, 1, 6, 1]
(1, (1, 1, 0), (1, 1)): [7, 2, 0, 6, 1]
(1, (1, 1, 0), (1, 2)): [6, 0, 1, 1, 1]
(1, (1, 1, 0), (2, 0)): [0, 1, 1, 2, 1]
(1, (1, 1, 0), (2, 1)): [3, 2, 0, 4, 1]
(1, (1, 1, 0), (2, 2)): [3, 1, 0, 2]
(1, (1, 1, 0), (3, 0)): [0, 1, 1, 1, 1]
(1, (1, 1, 0), (3, 1)): [0, 2, 0, 1, 1]
(1, (1, 1, 0), (3, 2)): [1, 1, 0, 1, 1]
(1, (1, 1, 1), (0, 0)): [254, 200, 118, 104, 67, 21, 8, 5, 3]
(1, (1, 1, 1), (0, 1)): [1, 2]
(1, (1, 1, 1), (0, 2)): [0, 1]
(1, (1, 1, 1), (1, 0)): [0, 0, 1, 1, 2, 1]
(1, (1, 1, 1), (1, 1)): [1, 1, 0, 1, 1, 1]
(1, (1, 1, 1), (1, 2)): [1, 1]
(1, (1, 1, 1), (2, 0)): [0, 0, 0, 0, 1]
(1, (1, 1, 1), (2, 1)): [0, 0, 0, 1, 1, 1]
(1, (1, 1, 1), (2, 2)): [0, 0, 0, 0, 1, 1]
(1, (1, 1, 1), (3, 1)): [0, 0, 0, 1]
(1, (1, 1, 1), (3, 2)): [0, 0, 0, 1, 1, 1]
(2, (0, 0, 0), (0, 0)): [10438, 487, 163, 42, 31, 6, 1, 2, 0, 1]
(2, (0, 0, 0), (0, 1)): [67, 7, 1, 1]
(2, (0, 0, 0), (0, 2)): [14, 1, 1]
(2, (0, 0, 0), (1, 0)): [99, 12, 2]
(2, (0, 0, 0), (1, 1)): [88, 5, 0, 1]
(2, (0, 0, 0), (1, 2)): [46, 1, 1]
(2, (0, 0, 0), (2, 0)): [31, 6, 1]
(2, (0, 0, 0), (2, 1)): [49, 5, 0, 1]
(2, (0, 0, 0), (2, 2)): [45, 1, 0, 1]
(2, (0, 0, 0), (3, 0)): [12, 3, 1]
(2, (0, 0, 0), (3, 1)): [20, 4, 1]
(2, (0, 0, 0), (3, 2)): [31, 3, 1, 1]
(2, (0, 0, 1), (0, 0)): [1405, 538, 93, 28, 20, 3, 0, 1]
(2, (0, 0, 1), (0, 1)): [7, 2]
(2, (0, 0, 1), (0, 2)): [1]
(2, (0, 0, 1), (1, 0)): [8, 2]
(2, (0, 0, 1), (1, 1)): [8, 1]
(2, (0, 0, 1), (1, 2)): [3]
(2, (0, 0, 1), (2, 0)): [4]
(2, (0, 0, 1), (2, 1)): [4]
(2, (0, 0, 1), (2, 2)): [3]
(2, (0, 0, 1), (3, 0)): [2]
(2, (0, 0, 1), (3, 1)): [4]
(2, (0, 0, 1), (3, 2)): [5]
(2, (0, 1, 0), (0, 0)): [3111, 738, 195, 64, 21, 9, 3, 1, 0, 1]
(2, (0, 1, 0), (0, 1)): [12, 4, 0, 0, 2]
(2, (0, 1, 0), (0, 2)): [5, 2, 0, 0, 1]
(2, (0, 1, 0), (1, 0)): [18, 2, 1]
(2, (0, 1, 0), (1, 1)): [13, 3, 0, 0, 1]
(2, (0, 1, 0), (1, 2)): [7, 2, 0, 0, 2]
(2, (0, 1, 0), (2, 0)): [10, 0, 1]
(2, (0, 1, 0), (2, 1)): [11, 1]
(2, (0, 1, 0), (2, 2)): [10, 1, 0, 0, 2]
(2, (0, 1, 0), (3, 0)): [6, 0, 1]
(2, (0, 1, 0), (3, 1)): [3]
(2, (0, 1, 0), (3, 2)): [4]
(2, (0, 1, 1), (0, 0)): [862, 73, 203, 60, 24, 6, 4]
(2, (0, 1, 1), (0, 1)): [7, 0, 1, 1]
(2, (0, 1, 1), (0, 2)): [4, 0, 0, 1]
(2, (0, 1, 1), (1, 0)): [6, 0, 0, 2, 1]
(2, (0, 1, 1), (1, 1)): [4, 0, 1, 1]
(2, (0, 1, 1), (1, 2)): [5]
(2, (0, 1, 1), (2, 0)): [4, 0, 0, 1, 1]
(2, (0, 1, 1), (2, 1)): [2]
(2, (0, 1, 1), (2, 2)): [5]
(2, (0, 1, 1), (3, 0)): [3, 0, 0, 1, 1]
(2, (0, 1, 1), (3, 1)): [1]
(2, (0, 1, 1), (3, 2)): [2]
(2, (1, 0, 0), (0, 0)): [6495, 534, 306, 107, 32, 6, 1, 4]
(2, (1, 0, 0), (0, 1)): [39, 2, 1, 1]
(2, (1, 0, 0), (0, 2)): [8, 2]
(2, (1, 0, 0), (1, 0)): [39, 3, 4, 1]
(2, (1, 0, 0), (1, 1)): [37, 0, 2, 1]
(2, (1, 0, 0), (1, 2)): [20, 2, 1]
(2, (1, 0, 0), (2, 0)): [18, 2, 2]
(2, (1, 0, 0), (2, 1)): [19, 0, 2]
(2, (1, 0, 0), (2, 2)): [20, 2, 3]
(2, (1, 0, 0), (3, 0)): [6, 1]
(2, (1, 0, 0), (3, 1)): [6]
(2, (1, 0, 0), (3, 2)): [6, 2, 1]
(2, (1, 0, 1), (0, 0)): [1096, 347, 133, 62, 18, 6, 2, 3]
(2, (1, 0, 1), (0, 1)): [2, 1, 0, 1, 1]
(2, (1, 0, 1), (0, 2)): [1, 0, 0, 1]
(2, (1, 0, 1), (1, 0)): [4, 1, 0, 3]
(2, (1, 0, 1), (1, 1)): [0, 1, 0, 0, 1]
(2, (1, 0, 1), (1, 2)): [0, 1]
(2, (1, 0, 1), (2, 0)): [2, 1, 0, 2]
(2, (1, 0, 1), (2, 1)): [1, 1, 0, 1, 1]
(2, (1, 0, 1), (3, 0)): [1]
(2, (1, 0, 1), (3, 1)): [2, 0, 0, 1, 1]
(2, (1, 0, 1), (3, 2)): [1]
(2, (1, 1, 0), (0, 0)): [2082, 348, 192, 112, 32, 6, 2]
(2, (1, 1, 0), (0, 1)): [6, 4, 0, 1]
(2, (1, 1, 0), (0, 2)): [2, 1]
(2, (1, 1, 0), (1, 0)): [14, 0, 1, 2]
(2, (1, 1, 0), (1, 1)): [7, 3, 0, 1]
(2, (1, 1, 0), (1, 2)): [4, 1]
(2, (1, 1, 0), (2, 0)): [8, 0, 1, 2]
(2, (1, 1, 0), (2, 1)): [5, 0, 0, 1]
(2, (1, 1, 0), (2, 2)): [3, 1]
(2, (1, 1, 0), (3, 0)): [6, 0, 1, 2]
(2, (1, 1, 0), (3, 1)): [3, 0, 0, 2]
(2, (1, 1, 0), (3, 2)): [2]
(2, (1, 1, 1), (0, 0)): [631, 105, 104, 73, 41, 6, 3]
(2, (1, 1, 1), (0, 1)): [4, 2]
(2, (1, 1, 1), (0, 2)): [1, 1]
(2, (1, 1, 1), (1, 0)): [6, 1, 0, 2]
(2, (1, 1, 1), (1, 1)): [3, 1]
(2, (1, 1, 1), (1, 2)): [1]
(2, (1, 1, 1), (2, 0)): [3, 1, 0, 1]
(2, (1, 1, 1), (2, 1)): [1, 1, 0, 1]
(2, (1, 1, 1), (2, 2)): [0, 1]
(2, (1, 1, 1), (3, 0)): [2]
(2, (1, 1, 1), (3, 1)): [2]
(2, (1, 1, 1), (3, 2)): [2]
