(0, (0, 0, 0)): [11454, 2142, 947, 425, 190, 68, 33, 19, 6, 3, 1]
(0, (0, 0, 1)): [83, 213, 48, 33, 10, 4, 4, 1, 1]
(0, (0, 1, 0)): [375, 388, 143, 44, 28, 11, 5, 2, 1]
(0, (0, 1, 1)): [43, 52, 72, 41, 20, 11, 4, 1, 2, 2]
(0, (1, 0, 0)): [2547, 893, 532, 264, 127, 49, 20, 12, 5, 2, 1]
(0, (1, 0, 1)): [48, 141, 92, 42, 21, 10, 7, 3, 2]
(0, (1, 1, 0)): [312, 233, 189, 124, 54, 31, 8, 7, 1, 1, 1]
(0, (1, 1, 1)): [35, 70, 52, 50, 44, 26, 9, 5, 2, 2]
(1, (0, 0, 0)): [9092, 889, 338, 122, 48, 14, 6, 8]
(1, (0, 0, 1)): [361, 548, 98, 33, 21, 10, 3, 3]
(1, (0, 1, 0)): [1447, 661, 208, 96, 42, 13, 5, 3]
(1, (0, 1, 1)): [228, 196, 190, 84, 25, 10, 5, 3, 1]
(1, (1, 0, 0)): [3540, 712, 360, 143, 70, 18, 10, 7]
(1, (1, 0, 1)): [270, 332, 110, 65, 31, 5, 4, 2]
(1, (1, 1, 0)): [819, 267, 205, 95, 55, 12, 7, 4]
(1, (1, 1, 1)): [167, 139, 92, 59, 48, 15, 7, 1, 1, 1]
(2, (0, 0, 0)): [8054, 290, 94, 24, 10]
(2, (0, 0, 1)): [1041, 350, 72, 16, 5, 2, 0, 2]
(2, (0, 1, 0)): [2489, 565, 140, 41, 15, 5, 2, 1]
(2, (0, 1, 1)): [568, 68, 142, 34, 15, 3]
(2, (1, 0, 0)): [4402, 337, 166, 46, 17, 3, 2]
(2, (1, 0, 1)): [646, 172, 91, 26, 14, 2, 0, 2]
(2, (1, 1, 0)): [1283, 178, 102, 62, 20, 3, 3]
(2, (1, 1, 1)): [395, 54, 46, 32, 30, 7, 3]
