(0, (0, 0, 0)): [545969, 110750, 51697, 23872, 10794, 4730, 1957, 843, 347, 172, 74, 26, 17, 4, 2]
(0, (0, 0, 1)): [2575, 8435, 2351, 1108, 554, 219, 113, 61, 24, 11, 4, 1, 3]
(0, (0, 1, 0)): [17983, 18345, 6981, 3284, 1671, 739, 308, 137, 58, 35, 13, 4, 2]
(0, (0, 1, 1)): [1601, 2877, 3763, 1683, 897, 426, 186, 81, 46, 17, 6, 3, 0, 1, 1]
(0, (1, 0, 0)): [121909, 43100, 26524, 13273, 6326, 2867, 1216, 530, 223, 117, 51, 17, 11, 3, 2]
(0, (1, 0, 1)): [2829, 8973, 3925, 2606, 1418, 663, 343, 139, 64, 27, 12, 8, 3, 0, 1]
(0, (1, 1, 0)): [16127, 10774, 8917, 6002, 3246, 1496, 666, 325, 127, 66, 34, 9, 5, 1]
(0, (1, 1, 1)): [1671, 3070, 2659, 2170, 1682, 836, 387, 198, 89, 42, 24, 7, 1, 1, 1]
(1, (0, 0, 0)): [432396, 46767, 19253, 7695, 3047, 1236, 463, 194, 73, 26, 11, 6, 2, 1]
(1, (0, 0, 1)): [13876, 21835, 4244, 1772, 769, 302, 129, 65, 27, 11, 6, 4, 3, 1]
(1, (0, 1, 0)): [63434, 31244, 10607, 4384, 1808, 759, 271, 119, 34, 24, 7, 5, 4]
(1, (0, 1, 1)): [10767, 9308, 9321, 3639, 1700, 687, 265, 109, 55, 19, 8, 4, 1, 1]
(1, (1, 0, 0)): [176611, 33659, 19951, 8760, 3471, 1474, 539, 216, 95, 40, 16, 11, 2, 2]
(1, (1, 0, 1)): [13842, 17955, 6180, 3872, 1636, 720, 256, 104, 38, 27, 10, 2]
(1, (1, 1, 0)): [46230, 14799, 10721, 7021, 3056, 1316, 522, 202, 82, 35, 11, 6, 2, 3]
(1, (1, 1, 1)): [9308, 7746, 5081, 3607, 2421, 1087, 449, 178, 73, 27, 11, 6, 2, 1]
(2, (0, 0, 0)): [370940, 15820, 5361, 1668, 600, 223, 73, 29, 7, 2, 2]
(2, (0, 0, 1)): [41613, 14145, 2503, 841, 287, 111, 39, 11, 1, 2, 0, 1]
(2, (0, 1, 0)): [102884, 24119, 5798, 1956, 635, 228, 74, 22, 6, 1]
(2, (0, 1, 1)): [25457, 2290, 6132, 1600, 589, 205, 66, 24, 10, 3, 1]
(2, (1, 0, 0)): [216525, 16844, 9260, 3044, 1008, 333, 124, 45, 12, 3, 3]
(2, (1, 0, 1)): [36240, 9782, 4200, 2135, 676, 259, 80, 32, 11, 2, 0, 1]
(2, (1, 1, 0)): [77419, 12264, 6625, 3914, 1243, 448, 132, 45, 19, 7, 4, 0, 0, 1]
(2, (1, 1, 1)): [22911, 3480, 3981, 2104, 1377, 467, 150, 55, 23, 6, 4, 0, 0, 1]
