(0, (0, 0, 0), (0, 0)): [718525, 145129, 68174, 31383, 14275, 6218, 2611, 1103, 460, 217, 97, 41, 22, 6, 3, 1, 0, 1]
(0, (0, 0, 0), (0, 1)): [11340, 2123, 1045, 437, 210, 89, 28, 20, 4, 5, 2, 0, 2, 1, 0, 1]
(0, (0, 0, 0), (0, 2)): [3966, 671, 322, 143, 64, 17, 10, 10, 0, 1, 0, 0, 1]
(0, (0, 0, 0), (1, 0)): [10444, 2297, 1186, 531, 279, 107, 55, 18, 4, 4, 2]
(0, (0, 0, 0), (1, 1)): [9610, 1897, 1000, 433, 211, 86, 28, 16, 5, 3, 3, 0, 1, 1, 0, 1]
(0, (0, 0, 0), (1, 2)): [5911, 1063, 520, 207, 105, 36, 14, 10, 3, 1, 0, 0, 2]
(0, (0, 0, 0), (2, 0)): [3475, 857, 446, 226, 127, 46, 28, 8, 1, 1, 1]
(0, (0, 0, 0), (2, 1)): [5246, 1105, 596, 295, 144, 62, 27, 13, 1, 0, 1, 0, 0, 1]
(0, (0, 0, 0), (2, 2)): [4794, 919, 454, 202, 106, 41, 14, 10, 1, 1, 1, 0, 2]
(0, (0, 0, 0), (3, 0)): [1159, 297, 201, 109, 55, 26, 12, 2, 1, 0, 1]
(0, (0, 0, 0), (3, 1)): [2151, 520, 344, 176, 79, 32, 17, 5, 2]
(0, (0, 0, 0), (3, 2)): [2889, 608, 397, 192, 90, 32, 14, 7, 2, 1, 0, 0, 2]
(0, (0, 0, 1), (0, 0)): [3260, 10317, 2913, 1344, 661, 288, 135, 75, 29, 15, 6, 1, 3, 1]
(0, (0, 0, 1), (0, 1)): [42, 101, 40, 11, 7, 3, 4, 1, 0, 0, 0, 0, 0, 1]
(0, (0, 0, 1), (0, 2)): [17, 42, 12, 2, 3]
(0, (0, 0, 1), (1, 0)): [47, 106, 31, 20, 12, 7, 1, 1, 1]
(0, (0, 0, 1), (1, 1)): [37, 68, 30, 11, 8, 4, 3, 1, 0, 0, 0, 0, 0, 1]
(0, (0, 0, 1), (1, 2)): [23, 51, 18, 6, 4, 0, 1, 1]
(0, (0, 0, 1), (2, 0)): [24, 48, 15, 10, 4, 5, 1, 1, 1]
(0, (0, 0, 1), (2, 1)): [25, 41, 16, 9, 7, 3, 1]
(0, (0, 0, 1), (2, 2)): [23, 34, 15, 6, 4, 1, 1]
(0, (0, 0, 1), (3, 0)): [5, 22, 7, 5, 1, 2, 1, 1, 1]
(0, (0, 0, 1), (3, 1)): [11, 17, 7, 5, 3, 3, 0, 1]
(0, (0, 0, 1), (3, 2)): [15, 20, 5, 4, 2, 3, 1, 1]
(0, (0, 1, 0), (0, 0)): [23516, 23229, 8990, 4269, 2128, 953, 396, 168, 74, 43, 17, 5, 2, 0, 1]
(0, (0, 1, 0), (0, 1)): [362, 298, 117, 50, 18, 15, 5, 3]
(0, (0, 1, 0), (0, 2)): [130, 90, 38, 15, 3, 7, 1]
(0, (0, 1, 0), (1, 0)): [337, 309, 114, 69, 38, 19, 8, 0, 1]
(0, (0, 1, 0), (1, 1)): [298, 234, 95, 48, 21, 10, 6, 2]
(0, (0, 1, 0), (1, 2)): [185, 142, 55, 30, 10, 10, 2]
(0, (0, 1, 0), (2, 0)): [110, 116, 43, 29, 16, 12, 3, 0, 1]
(0, (0, 1, 0), (2, 1)): [127, 127, 50, 32, 10, 13, 5, 2]
(0, (0, 1, 0), (2, 2)): [138, 102, 52, 26, 6, 6, 4, 1]
(0, (0, 1, 0), (3, 0)): [47, 44, 18, 15, 12, 3, 1, 0, 1]
(0, (0, 1, 0), (3, 1)): [52, 58, 24, 19, 14, 6, 2, 1]
(0, (0, 1, 0), (3, 2)): [78, 60, 37, 17, 10, 4, 4]
(0, (0, 1, 1), (0, 0)): [2103, 3684, 4750, 2131, 1143, 537, 236, 107, 55, 21, 7, 5, 0, 2, 1, 0, 0, 1]
(0, (0, 1, 1), (0, 1)): [24, 33, 57, 26, 15, 4, 3, 1, 1]
(0, (0, 1, 1), (0, 2)): [10, 12, 23, 9, 8, 2, 1, 1]
(0, (0, 1, 1), (1, 0)): [40, 60, 82, 41, 26, 11, 7, 3, 2, 0, 0, 1]
(0, (0, 1, 1), (1, 1)): [22, 33, 44, 24, 15, 3, 3, 0, 1]
(0, (0, 1, 1), (1, 2)): [13, 11, 26, 14, 10, 3, 2, 1]
(0, (0, 1, 1), (2, 0)): [25, 37, 43, 24, 12, 7, 3, 3, 2, 0, 0, 1]
(0, (0, 1, 1), (2, 1)): [18, 26, 34, 18, 9, 3, 2, 2, 2]
(0, (0, 1, 1), (2, 2)): [21, 16, 27, 15, 6, 3, 1, 2]
(0, (0, 1, 1), (3, 0)): [15, 22, 22, 19, 10, 6, 1, 1, 0, 0, 0, 1]
(0, (0, 1, 1), (3, 1)): [8, 14, 15, 10, 7, 1, 0, 0, 2]
(0, (0, 1, 1), (3, 2)): [13, 9, 23, 11, 5, 3, 1, 2, 1]
(0, (1, 0, 0), (0, 0)): [159863, 55021, 34462, 17213, 8333, 3779, 1624, 705, 301, 142, 67, 26, 14, 4, 2, 1, 0, 1]
(0, (1, 0, 0), (0, 1)): [2352, 628, 481, 235, 131, 54, 17, 8, 3, 1]
(0, (1, 0, 0), (0, 2)): [860, 175, 152, 64, 40, 15, 7, 1, 1, 1]
(0, (1, 0, 0), (1, 0)): [2088, 700, 502, 249, 137, 43, 31, 12, 3, 5, 2]
(0, (1, 0, 0), (1, 1)): [1819, 531, 384, 193, 97, 30, 17, 8, 2, 3]
(0, (1, 0, 0), (1, 2)): [1087, 268, 215, 85, 53, 20, 11, 2, 1, 1]
(0, (1, 0, 0), (2, 0)): [653, 246, 167, 97, 60, 22, 8, 8, 2, 2, 2]
(0, (1, 0, 0), (2, 1)): [896, 281, 198, 121, 62, 18, 7, 5, 3, 3]
(0, (1, 0, 0), (2, 2)): [786, 213, 168, 78, 45, 12, 6, 3, 2, 2]
(0, (1, 0, 0), (3, 0)): [202, 84, 61, 42, 32, 10, 1, 5, 0, 1, 1]
(0, (1, 0, 0), (3, 1)): [338, 120, 83, 55, 42, 10, 3, 2, 2, 1, 1]
(0, (1, 0, 0), (3, 2)): [412, 136, 96, 49, 41, 11, 3, 1, 1, 2]
(0, (1, 0, 1), (0, 0)): [3613, 11553, 4907, 3294, 1788, 835, 411, 175, 81, 33, 16, 10, 4, 0, 1, 0, 0, 1]
(0, (1, 0, 1), (0, 1)): [49, 143, 59, 43, 18, 9, 9, 2, 1, 0, 0, 0, 1]
(0, (1, 0, 1), (0, 2)): [21, 54, 12, 14, 6, 6, 5, 1, 1]
(0, (1, 0, 1), (1, 0)): [47, 163, 71, 50, 25, 16, 1, 3, 2, 1, 1]
(0, (1, 0, 1), (1, 1)): [42, 121, 47, 34, 15, 9, 4, 1, 2, 0, 1]
(0, (1, 0, 1), (1, 2)): [31, 59, 21, 15, 9, 6, 2, 2, 2]
(0, (1, 0, 1), (2, 0)): [17, 60, 31, 19, 10, 8, 0, 2, 0, 1]
(0, (1, 0, 1), (2, 1)): [15, 79, 31, 21, 10, 5, 1, 0, 1, 0, 1]
(0, (1, 0, 1), (2, 2)): [25, 59, 26, 10, 7, 3, 2, 2, 1, 0, 1]
(0, (1, 0, 1), (3, 0)): [10, 16, 13, 11, 5, 6, 0, 2]
(0, (1, 0, 1), (3, 1)): [9, 25, 10, 10, 8, 4]
(0, (1, 0, 1), (3, 2)): [7, 34, 19, 8, 6, 1, 1, 0, 1, 0, 1]
(0, (1, 1, 0), (0, 0)): [21727, 14309, 11459, 7871, 4311, 2023, 895, 439, 177, 84, 43, 14, 7, 1]
(0, (1, 1, 0), (0, 1)): [372, 197, 134, 106, 59, 26, 9, 7, 0, 0, 1]
(0, (1, 1, 0), (0, 2)): [136, 68, 47, 34, 25, 7, 4, 4]
(0, (1, 1, 0), (1, 0)): [284, 183, 150, 105, 65, 36, 13, 9, 2, 3]
(0, (1, 1, 0), (1, 1)): [245, 136, 101, 75, 35, 24, 6, 5, 1, 1, 1]
(0, (1, 1, 0), (1, 2)): [155, 75, 62, 44, 21, 8, 3, 5, 0, 1]
(0, (1, 1, 0), (2, 0)): [73, 54, 55, 41, 28, 14, 5, 6, 1, 1]
(0, (1, 1, 0), (2, 1)): [114, 73, 56, 40, 29, 15, 4, 4, 0, 1]
(0, (1, 1, 0), (2, 2)): [99, 65, 55, 33, 14, 9, 1, 4, 0, 2]
(0, (1, 1, 0), (3, 0)): [19, 20, 22, 15, 10, 4, 2, 3, 1]
(0, (1, 1, 0), (3, 1)): [41, 27, 29, 24, 13, 9, 4, 2, 1]
(0, (1, 1, 0), (3, 2)): [56, 37, 34, 25, 10, 7, 1, 3, 1]
(0, (1, 1, 1), (0, 0)): [2276, 4137, 3526, 2820, 2204, 1084, 515, 267, 117, 51, 31, 11, 2, 1, 1]
(0, (1, 1, 1), (0, 1)): [49, 51, 51, 38, 23, 10, 4, 3, 3, 2, 1, 1]
(0, (1, 1, 1), (0, 2)): [25, 20, 15, 14, 12, 2, 1, 1, 1, 0, 0, 1]
(0, (1, 1, 1), (1, 0)): [27, 68, 72, 45, 46, 23, 8, 6, 2, 0, 1]
(0, (1, 1, 1), (1, 1)): [25, 47, 54, 34, 22, 9, 5, 4, 2, 1, 1]
(0, (1, 1, 1), (1, 2)): [26, 26, 25, 14, 10, 4, 3, 1, 2, 0, 0, 1]
(0, (1, 1, 1), (2, 0)): [9, 29, 17, 21, 22, 8, 1, 2, 1, 0, 1]
(0, (1, 1, 1), (2, 1)): [14, 26, 26, 18, 21, 6, 0, 4, 2]
(0, (1, 1, 1), (2, 2)): [14, 26, 20, 17, 9, 4, 2, 3, 1, 0, 0, 1]
(0, (1, 1, 1), (3, 1)): [3, 11, 8, 16, 7, 1, 0, 0, 1, 0, 1]
(0, (1, 1, 1), (3, 2)): [5, 7, 11, 14, 6, 1, 1, 0, 2, 0, 0, 1]
(1, (0, 0, 0), (0, 0)): [571650, 62244, 25847, 10318, 4112, 1609, 610, 243, 92, 38, 15, 10, 5, 2, 0, 1]
(1, (0, 0, 0), (0, 1)): [9071, 947, 408, 149, 69, 13, 6, 5, 1, 0, 0, 0, 0, 1]
(1, (0, 0, 0), (0, 2)): [3176, 274, 119, 48, 15, 2, 0, 2]
(1, (0, 0, 0), (1, 0)): [8764, 1103, 496, 175, 82, 28, 14, 5, 0, 1, 0, 0, 0, 0, 0, 1]
(1, (0, 0, 0), (1, 1)): [7855, 898, 370, 133, 64, 20, 12, 2, 1, 1, 0, 0, 0, 1]
(1, (0, 0, 0), (1, 2)): [4773, 457, 181, 81, 29, 8, 4, 2]
(1, (0, 0, 0), (2, 0)): [3023, 425, 233, 67, 33, 14, 5, 3, 0, 0, 0, 0, 0, 0, 0, 1]
(1, (0, 0, 0), (2, 1)): [4348, 544, 253, 80, 47, 15, 6, 2, 0, 1]
(1, (0, 0, 0), (2, 2)): [3975, 405, 174, 70, 29, 12, 6, 3]
(1, (0, 0, 0), (3, 0)): [988, 159, 106, 33, 16, 5, 3, 0, 0, 0, 0, 0, 0, 0, 0, 1]
(1, (0, 0, 0), (3, 1)): [1834, 307, 164, 54, 30, 5, 2]
(1, (0, 0, 0), (3, 2)): [2323, 306, 162, 60, 27, 11, 5, 2]
(1, (0, 0, 1), (0, 0)): [17205, 26387, 5159, 2177, 932, 383, 160, 75, 33, 12, 6, 4, 3, 1]
(1, (0, 0, 1), (0, 1)): [224, 260, 53, 16, 8, 4, 4]
(1, (0, 0, 1), (0, 2)): [86, 83, 13, 4, 2, 0, 2]
(1, (0, 0, 1), (1, 0)): [240, 327, 65, 32, 15, 9, 4, 2, 1]
(1, (0, 0, 1), (1, 1)): [203, 242, 42, 16, 7, 6, 2, 2]
(1, (0, 0, 1), (1, 2)): [138, 116, 17, 8, 4, 1, 1]
(1, (0, 0, 1), (2, 0)): [105, 136, 34, 20, 8, 6, 4, 0, 1]
(1, (0, 0, 1), (2, 1)): [101, 147, 24, 11, 4, 6, 4, 2]
(1, (0, 0, 1), (2, 2)): [100, 111, 14, 8, 2, 1]
(1, (0, 0, 1), (3, 0)): [46, 62, 18, 14, 6, 3, 2, 0, 1]
(1, (0, 0, 1), (3, 1)): [61, 73, 10, 10, 4, 2, 2, 2]
(1, (0, 0, 1), (3, 2)): [65, 70, 12, 8, 2, 1, 1]
(1, (0, 1, 0), (0, 0)): [80545, 38637, 13420, 5662, 2310, 955, 338, 154, 44, 27, 12, 7, 5, 1, 1]
(1, (0, 1, 0), (0, 1)): [987, 404, 145, 60, 23, 9, 5, 2, 1]
(1, (0, 1, 0), (0, 2)): [361, 142, 44, 14, 5, 3, 2]
(1, (0, 1, 0), (1, 0)): [1284, 576, 204, 123, 66, 20, 4, 3, 0, 0, 1, 0, 0, 1]
(1, (0, 1, 0), (1, 1)): [916, 363, 128, 66, 29, 11, 5, 3, 1, 0, 0, 0, 0, 1]
(1, (0, 1, 0), (1, 2)): [556, 210, 70, 26, 10, 5, 3, 1]
(1, (0, 1, 0), (2, 0)): [561, 232, 96, 75, 34, 12, 2, 2, 0, 0, 1]
(1, (0, 1, 0), (2, 1)): [506, 202, 70, 53, 27, 9, 4, 3, 0, 0, 1, 0, 0, 1]
(1, (0, 1, 0), (2, 2)): [450, 179, 62, 32, 17, 4, 1, 1]
(1, (0, 1, 0), (3, 0)): [280, 117, 43, 52, 25, 6, 0, 1]
(1, (0, 1, 0), (3, 1)): [249, 95, 37, 35, 19, 4, 1, 1, 0, 0, 0, 0, 0, 1]
(1, (0, 1, 0), (3, 2)): [256, 97, 47, 36, 17, 1, 0, 1, 0, 0, 0, 0, 0, 1]
(1, (0, 1, 1), (0, 0)): [13664, 11628, 11334, 4460, 2193, 887, 354, 137, 75, 21, 9, 4, 1, 2, 0, 1]
(1, (0, 1, 1), (0, 1)): [150, 112, 90, 26, 20, 8, 5, 2]
(1, (0, 1, 1), (0, 2)): [76, 31, 31, 7, 5, 0, 1]
(1, (0, 1, 1), (1, 0)): [260, 190, 152, 82, 58, 17, 7, 5, 3, 1]
(1, (0, 1, 1), (1, 1)): [120, 97, 79, 33, 18, 5, 6, 2]
(1, (0, 1, 1), (1, 2)): [93, 45, 42, 20, 5, 1, 2]
(1, (0, 1, 1), (2, 0)): [172, 127, 85, 52, 47, 15, 5, 4, 3, 1]
(1, (0, 1, 1), (2, 1)): [74, 65, 45, 21, 8, 7, 5, 1]
(1, (0, 1, 1), (2, 2)): [72, 48, 38, 18, 9, 0, 0, 1]
(1, (0, 1, 1), (3, 0)): [140, 106, 65, 40, 43, 12, 4, 4, 3, 1]
(1, (0, 1, 1), (3, 1)): [37, 30, 18, 11, 2, 5, 5]
(1, (0, 1, 1), (3, 2)): [42, 37, 24, 6, 5, 2, 1]
(1, (1, 0, 0), (0, 0)): [230908, 42926, 26258, 11448, 4663, 1927, 730, 273, 125, 56, 22, 15, 3, 2, 0, 2]
(1, (1, 0, 0), (0, 1)): [3364, 489, 385, 154, 65, 21, 12, 1, 0, 2]
(1, (1, 0, 0), (0, 2)): [1162, 154, 137, 42, 19, 6, 5, 0, 0, 2]
(1, (1, 0, 0), (1, 0)): [3316, 591, 452, 205, 84, 30, 12, 6, 1, 2, 0, 0, 1, 0, 0, 1]
(1, (1, 0, 0), (1, 1)): [2737, 427, 326, 128, 53, 18, 8, 3, 0, 0, 0, 0, 0, 0, 0, 1]
(1, (1, 0, 0), (1, 2)): [1617, 222, 177, 56, 30, 9, 5, 1, 0, 1]
(1, (1, 0, 0), (2, 0)): [1077, 216, 168, 99, 39, 17, 6, 0, 1, 2, 0, 0, 1]
(1, (1, 0, 0), (2, 1)): [1415, 247, 201, 93, 34, 15, 4, 1, 1, 0, 0, 0, 0, 0, 0, 1]
(1, (1, 0, 0), (2, 2)): [1233, 190, 157, 71, 32, 10, 2, 0, 0, 1]
(1, (1, 0, 0), (3, 0)): [344, 84, 56, 44, 20, 6, 3, 0, 0, 2, 0, 0, 1]
(1, (1, 0, 0), (3, 1)): [553, 137, 90, 58, 18, 8, 4, 1, 0, 1, 0, 0, 0, 0, 0, 1]
(1, (1, 0, 0), (3, 2)): [635, 132, 87, 53, 22, 11, 3, 0, 0, 1, 0, 0, 0, 0, 0, 1]
(1, (1, 0, 1), (0, 0)): [17831, 22822, 7648, 4869, 2095, 893, 319, 140, 56, 39, 13, 3, 0, 1]
(1, (1, 0, 1), (0, 1)): [282, 243, 75, 58, 29, 12, 6, 2, 3, 2]
(1, (1, 0, 1), (0, 2)): [124, 69, 23, 21, 5, 5, 1, 1, 0, 1]
(1, (1, 0, 1), (1, 0)): [251, 322, 90, 67, 36, 15, 3, 1, 0, 2]
(1, (1, 0, 1), (1, 1)): [206, 204, 61, 52, 30, 5, 5, 1, 2]
(1, (1, 0, 1), (1, 2)): [152, 106, 38, 34, 14, 4, 2, 2, 0, 1]
(1, (1, 0, 1), (2, 0)): [100, 116, 31, 19, 16, 9, 1, 0, 0, 1]
(1, (1, 0, 1), (2, 1)): [101, 110, 29, 27, 15, 7, 4, 0, 2]
(1, (1, 0, 1), (2, 2)): [91, 79, 30, 15, 9, 4, 2, 0, 1]
(1, (1, 0, 1), (3, 0)): [38, 50, 14, 5, 7, 4, 0, 0, 0, 1]
(1, (1, 0, 1), (3, 1)): [40, 52, 12, 15, 12, 6]
(1, (1, 0, 1), (3, 2)): [44, 51, 19, 13, 12, 7, 2, 0, 1]
(1, (1, 1, 0), (0, 0)): [62210, 19714, 13980, 9442, 4133, 1779, 701, 277, 110, 52, 19, 9, 5, 4, 1]
(1, (1, 1, 0), (0, 1)): [930, 247, 171, 129, 57, 17, 13, 4]
(1, (1, 1, 0), (0, 2)): [359, 94, 54, 45, 19, 3, 1]
(1, (1, 1, 0), (1, 0)): [863, 288, 205, 169, 75, 23, 7, 3, 1, 2, 0, 0, 2, 1]
(1, (1, 1, 0), (1, 1)): [737, 200, 148, 111, 50, 14, 10, 3, 0, 2]
(1, (1, 1, 0), (1, 2)): [511, 120, 78, 67, 28, 6, 4, 1]
(1, (1, 1, 0), (2, 0)): [287, 104, 76, 62, 30, 11, 1, 1, 1, 0, 0, 0, 2, 1]
(1, (1, 1, 0), (2, 1)): [361, 126, 79, 70, 24, 11, 4, 1, 0, 1, 0, 0, 1]
(1, (1, 1, 0), (2, 2)): [369, 99, 58, 45, 25, 6, 3, 1]
(1, (1, 1, 0), (3, 0)): [83, 36, 30, 22, 17, 7, 1, 1, 1, 0, 0, 0, 1]
(1, (1, 1, 0), (3, 1)): [153, 61, 41, 34, 18, 5, 4, 2, 0, 1, 0, 0, 1]
(1, (1, 1, 0), (3, 2)): [197, 64, 41, 30, 21, 5, 5, 3, 0, 1, 0, 0, 1]
(1, (1, 1, 1), (0, 0)): [12811, 10487, 6828, 4724, 3357, 1468, 612, 232, 103, 37, 15, 10, 5, 2, 1, 1]
(1, (1, 1, 1), (0, 1)): [232, 154, 97, 66, 60, 16, 6, 5, 3]
(1, (1, 1, 1), (0, 2)): [114, 56, 36, 18, 22, 5, 4]
(1, (1, 1, 1), (1, 0)): [195, 153, 112, 71, 60, 28, 13, 2, 2, 2, 0, 1, 1]
(1, (1, 1, 1), (1, 1)): [163, 103, 73, 62, 55, 18, 3, 3, 1]
(1, (1, 1, 1), (1, 2)): [125, 54, 46, 33, 27, 13, 5, 1]
(1, (1, 1, 1), (2, 0)): [59, 65, 51, 28, 21, 14, 7, 2, 1, 1, 0, 1, 1]
(1, (1, 1, 1), (2, 1)): [80, 68, 53, 37, 33, 7, 4, 2, 1, 1, 0, 1]
(1, (1, 1, 1), (2, 2)): [87, 48, 44, 36, 31, 10, 5, 2]
(1, (1, 1, 1), (3, 0)): [15, 24, 13, 13, 6, 9, 3, 0, 1, 0, 0, 0, 1]
(1, (1, 1, 1), (3, 1)): [31, 31, 14, 20, 12, 7, 3, 1, 0, 0, 0, 0, 1]
(1, (1, 1, 1), (3, 2)): [60, 32, 25, 24, 20, 9, 2, 1]
(2, (0, 0, 0), (0, 0)): [491653, 21534, 7367, 2326, 820, 282, 100, 36, 8, 2, 2, 0, 1]
(2, (0, 0, 0), (0, 1)): [7957, 350, 119, 32, 17, 4, 3]
(2, (0, 0, 0), (0, 2)): [2673, 81, 25, 10, 2, 1]
(2, (0, 0, 0), (1, 0)): [8124, 469, 159, 53, 19, 8, 3, 0, 0, 0, 0, 0, 1]
(2, (0, 0, 0), (1, 1)): [7172, 356, 124, 27, 19, 4, 5]
(2, (0, 0, 0), (1, 2)): [4234, 154, 52, 14, 9, 3, 1]
(2, (0, 0, 0), (2, 0)): [2963, 178, 78, 33, 9, 5, 1, 0, 0, 0, 0, 0, 1]
(2, (0, 0, 0), (2, 1)): [4168, 205, 84, 29, 8, 3, 3]
(2, (0, 0, 0), (2, 2)): [3574, 161, 55, 21, 11, 4]
(2, (0, 0, 0), (3, 0)): [1025, 75, 43, 17, 6, 2, 1, 0, 0, 0, 0, 0, 1]
(2, (0, 0, 0), (3, 1)): [1887, 107, 59, 19, 6, 3, 2]
(2, (0, 0, 0), (3, 2)): [2313, 128, 61, 18, 6, 3]
(2, (0, 0, 1), (0, 0)): [50735, 17018, 3092, 1051, 374, 137, 47, 13, 1, 2, 0, 1]
(2, (0, 0, 1), (0, 1)): [643, 195, 46, 12, 8, 3, 1]
(2, (0, 0, 1), (0, 2)): [249, 49, 16, 1, 1, 1]
(2, (0, 0, 1), (1, 0)): [724, 210, 57, 14, 6, 2, 0, 1]
(2, (0, 0, 1), (1, 1)): [586, 150, 40, 8, 8, 1, 1]
(2, (0, 0, 1), (1, 2)): [382, 77, 21, 5, 2, 1, 1]
(2, (0, 0, 1), (2, 0)): [304, 89, 27, 11, 4, 2, 0, 1]
(2, (0, 0, 1), (2, 1)): [342, 86, 30, 6, 7, 0, 0, 1]
(2, (0, 0, 1), (2, 2)): [307, 60, 25, 3, 3, 1, 1]
(2, (0, 0, 1), (3, 0)): [158, 36, 14, 7, 1, 2]
(2, (0, 0, 1), (3, 1)): [191, 46, 15, 5, 5]
(2, (0, 0, 1), (3, 2)): [209, 51, 17, 3, 2, 1]
(2, (0, 1, 0), (0, 0)): [130209, 29910, 7431, 2564, 819, 286, 100, 24, 6, 1, 1, 0, 1]
(2, (0, 1, 0), (0, 1)): [1635, 294, 79, 29, 12, 1, 1]
(2, (0, 1, 0), (0, 2)): [603, 80, 18, 6, 4]
(2, (0, 1, 0), (1, 0)): [2200, 368, 169, 62, 15, 7, 4, 1, 0, 0, 0, 0, 1]
(2, (0, 1, 0), (1, 1)): [1501, 269, 98, 31, 10, 4, 3, 1]
(2, (0, 1, 0), (1, 2)): [876, 128, 36, 19, 5]
(2, (0, 1, 0), (2, 0)): [1046, 155, 85, 43, 11, 2, 2, 0, 0, 0, 0, 0, 1]
(2, (0, 1, 0), (2, 1)): [970, 155, 63, 20, 7, 3, 3, 1, 0, 0, 0, 0, 1]
(2, (0, 1, 0), (2, 2)): [820, 114, 40, 22, 6, 1, 0, 1]
(2, (0, 1, 0), (3, 0)): [568, 74, 48, 27, 7, 0, 1]
(2, (0, 1, 0), (3, 1)): [483, 82, 40, 14, 8, 1, 3, 0, 0, 0, 0, 0, 1]
(2, (0, 1, 0), (3, 2)): [559, 79, 39, 16, 4, 2, 1, 0, 0, 0, 0, 0, 1]
(2, (0, 1, 1), (0, 0)): [31548, 2850, 7474, 1949, 748, 251, 85, 33, 11, 4, 2, 1, 0, 1]
(2, (0, 1, 1), (0, 1)): [359, 28, 61, 18, 4, 2, 1, 3]
(2, (0, 1, 1), (0, 2)): [146, 8, 20, 7, 2, 1, 1]
(2, (0, 1, 1), (1, 0)): [490, 57, 97, 36, 20, 3, 3, 0, 0, 0, 1]
(2, (0, 1, 1), (1, 1)): [310, 28, 55, 15, 5, 1, 1, 2]
(2, (0, 1, 1), (1, 2)): [203, 13, 32, 8, 2, 1, 2, 1]
(2, (0, 1, 1), (2, 0)): [257, 39, 49, 23, 16, 3, 1, 0, 0, 0, 1]
(2, (0, 1, 1), (2, 1)): [162, 20, 38, 10, 3, 1]
(2, (0, 1, 1), (2, 2)): [164, 17, 32, 9, 0, 1, 1, 1]
(2, (0, 1, 1), (3, 0)): [188, 27, 28, 15, 15, 3, 1, 0, 0, 0, 1]
(2, (0, 1, 1), (3, 1)): [86, 10, 20, 5, 2, 1]
(2, (0, 1, 1), (3, 2)): [115, 15, 26, 6, 1, 2, 0, 1]
(2, (1, 0, 0), (0, 0)): [282548, 21482, 12596, 4064, 1349, 431, 169, 53, 13, 6, 3, 0, 1]
(2, (1, 0, 0), (0, 1)): [3846, 203, 177, 53, 18, 6, 2, 1]
(2, (1, 0, 0), (0, 2)): [1319, 58, 42, 10, 7, 2, 1]
(2, (1, 0, 0), (1, 0)): [4143, 343, 257, 102, 32, 6, 4, 0, 0, 0, 0, 0, 1]
(2, (1, 0, 0), (1, 1)): [3206, 200, 183, 59, 16, 2, 1]
(2, (1, 0, 0), (1, 2)): [1878, 96, 78, 31, 7, 2]
(2, (1, 0, 0), (2, 0)): [1451, 143, 101, 52, 16, 3, 2, 0, 0, 0, 0, 0, 1]
(2, (1, 0, 0), (2, 1)): [1682, 123, 109, 34, 17, 3, 1, 0, 0, 0, 0, 0, 1]
(2, (1, 0, 0), (2, 2)): [1433, 88, 79, 26, 9, 4, 1]
(2, (1, 0, 0), (3, 0)): [473, 68, 32, 28, 6, 1, 2]
(2, (1, 0, 0), (3, 1)): [729, 79, 58, 29, 8, 1, 2, 0, 0, 0, 0, 0, 1]
(2, (1, 0, 0), (3, 2)): [808, 79, 53, 21, 7, 5, 1, 0, 0, 0, 0, 0, 1]
(2, (1, 0, 1), (0, 0)): [45961, 12169, 5097, 2744, 879, 304, 108, 35, 12, 3, 0, 2, 1]
(2, (1, 0, 1), (0, 1)): [680, 133, 63, 47, 17, 2, 0, 1, 0, 0, 0, 1]
(2, (1, 0, 1), (0, 2)): [268, 34, 20, 12, 7]
(2, (1, 0, 1), (1, 0)): [650, 147, 77, 50, 22, 8, 3]
(2, (1, 0, 1), (1, 1)): [518, 112, 44, 36, 16, 2, 2, 1, 0, 0, 0, 1]
(2, (1, 0, 1), (1, 2)): [338, 49, 20, 14, 6, 1, 0, 1, 0, 0, 0, 1]
(2, (1, 0, 1), (2, 0)): [238, 52, 40, 21, 5, 4, 1]
(2, (1, 0, 1), (2, 1)): [287, 69, 23, 20, 11, 2]
(2, (1, 0, 1), (2, 2)): [244, 40, 15, 9, 7, 2, 0, 1, 0, 0, 0, 1]
(2, (1, 0, 1), (3, 0)): [87, 16, 18, 11, 3, 1, 1]
(2, (1, 0, 1), (3, 1)): [132, 27, 16, 14, 6, 0, 1]
(2, (1, 0, 1), (3, 2)): [152, 29, 13, 5, 6, 2, 1, 1]
(2, (1, 1, 0), (0, 0)): [106202, 16787, 8818, 5468, 1728, 608, 186, 62, 26, 10, 5, 0, 2, 1]
(2, (1, 1, 0), (0, 1)): [1582, 224, 114, 69, 27, 5, 3, 0, 0, 0, 0, 0, 1]
(2, (1, 1, 0), (0, 2)): [575, 70, 31, 14, 8, 0, 1]
(2, (1, 1, 0), (1, 0)): [1594, 231, 140, 117, 33, 13, 5, 2, 1, 1]
(2, (1, 1, 0), (1, 1)): [1308, 177, 92, 69, 19, 5, 1, 1, 1, 1, 0, 0, 1]
(2, (1, 1, 0), (1, 2)): [836, 97, 58, 26, 8, 2, 2]
(2, (1, 1, 0), (2, 0)): [581, 85, 69, 53, 17, 8, 2, 1]
(2, (1, 1, 0), (2, 1)): [728, 87, 58, 44, 17, 7, 1, 1, 1, 1, 0, 0, 1]
(2, (1, 1, 0), (2, 2)): [637, 83, 44, 32, 10, 3, 2, 0, 1]
(2, (1, 1, 0), (3, 0)): [214, 39, 29, 24, 8, 3, 1]
(2, (1, 1, 0), (3, 1)): [318, 46, 33, 31, 7, 6, 2, 1, 0, 0, 0, 0, 1]
(2, (1, 1, 0), (3, 2)): [381, 50, 34, 29, 9, 3, 1, 0, 1]
(2, (1, 1, 1), (0, 0)): [31251, 4742, 5350, 2806, 1871, 641, 204, 73, 31, 7, 5, 0, 1, 1]
(2, (1, 1, 1), (0, 1)): [534, 57, 73, 43, 33, 6, 4, 2, 1, 0, 0, 0, 1]
(2, (1, 1, 1), (0, 2)): [238, 13, 17, 7, 8, 1, 1, 0, 1]
(2, (1, 1, 1), (1, 0)): [470, 133, 82, 62, 31, 13, 6, 1, 1, 0, 1]
(2, (1, 1, 1), (1, 1)): [417, 59, 72, 41, 26, 4, 2, 0, 0, 0, 1, 0, 1]
(2, (1, 1, 1), (1, 2)): [300, 21, 27, 14, 12, 2, 2, 0, 0, 0, 1]
(2, (1, 1, 1), (2, 0)): [132, 98, 23, 28, 15, 8, 4, 1]
(2, (1, 1, 1), (2, 1)): [189, 58, 38, 22, 19, 4, 3, 0, 0, 0, 0, 0, 1]
(2, (1, 1, 1), (2, 2)): [202, 32, 27, 15, 10, 2, 2, 0, 0, 0, 1]
(2, (1, 1, 1), (3, 0)): [30, 71, 10, 16, 4, 5, 1]
(2, (1, 1, 1), (3, 1)): [66, 64, 15, 18, 11, 5, 3]
(2, (1, 1, 1), (3, 2)): [102, 49, 18, 22, 11, 6, 3, 0, 0, 0, 1]
