(0, (0, 0, 0)): [53205, 10232, 4505, 2102, 942, 345, 148, 67, 21, 8, 9]
(0, (0, 0, 1)): [366, 1021, 269, 126, 64, 20, 14, 5, 1, 1, 2]
(0, (0, 1, 0)): [1891, 1833, 652, 318, 156, 52, 24, 6, 2, 1, 2]
(0, (0, 1, 1)): [166, 257, 361, 174, 70, 35, 14, 6, 4, 3, 1]
(0, (1, 0, 0)): [12191, 4320, 2483, 1245, 567, 237, 90, 41, 16, 6, 5]
(0, (1, 0, 1)): [290, 684, 370, 210, 122, 51, 28, 15, 6, 2, 3]
(0, (1, 1, 0)): [1545, 1044, 889, 570, 296, 129, 50, 21, 6, 7, 2]
(0, (1, 1, 1)): [204, 293, 245, 237, 168, 88, 40, 16, 8, 7, 1]
(1, (0, 0, 0)): [41956, 4169, 1590, 628, 243, 84, 32, 22, 2, 1, 1]
(1, (0, 0, 1)): [1828, 2653, 502, 218, 95, 32, 16, 8, 2, 1]
(1, (0, 1, 0)): [7090, 3263, 1037, 472, 190, 73, 15, 10, 3]
(1, (0, 1, 1)): [1145, 947, 1024, 387, 140, 62, 26, 6, 4, 2, 1]
(1, (1, 0, 0)): [16873, 3359, 1720, 732, 287, 106, 38, 23, 4, 1, 2]
(1, (1, 0, 1)): [1247, 1494, 543, 326, 157, 45, 9, 11, 1, 1, 1]
(1, (1, 1, 0)): [4080, 1270, 949, 585, 232, 85, 28, 15, 3, 1]
(1, (1, 1, 1)): [842, 647, 429, 342, 213, 92, 36, 18, 3, 2]
(2, (0, 0, 0)): [36725, 1363, 411, 124, 45, 8, 3, 1]
(2, (0, 0, 1)): [4867, 1760, 274, 89, 28, 6, 3, 2]
(2, (0, 1, 0)): [11800, 2620, 602, 194, 54, 15, 9, 4]
(2, (0, 1, 1)): [2840, 293, 674, 161, 54, 16, 3, 1]
(2, (1, 0, 0)): [20599, 1595, 719, 221, 69, 23, 5, 2]
(2, (1, 0, 1)): [3088, 890, 393, 148, 59, 9, 3, 2]
(2, (1, 1, 0)): [6118, 865, 530, 296, 70, 25, 6, 1, 1, 1]
(2, (1, 1, 1)): [1903, 287, 303, 173, 111, 31, 11, 2, 1, 1]
