(0, (0, 0, 0), (0, 0)): [2311528, 472355, 217125, 99280, 44546, 19014, 7952, 3182, 1307, 562, 252, 116, 41, 22, 6, 1, 1, 1]
(0, (0, 0, 0), (0, 1)): [427021, 82925, 37791, 17500, 7699, 3327, 1378, 479, 219, 91, 44, 23, 6, 4, 1, 1]
(0, (0, 0, 0), (0, 2)): [165130, 28319, 12740, 5776, 2472, 1060, 434, 148, 67, 31, 8, 4, 4, 0, 1]
(0, (0, 0, 0), (1, 0)): [351188, 78980, 37421, 17458, 8196, 3451, 1515, 622, 238, 93, 49, 17, 4, 6, 2, 0, 1]
(0, (0, 0, 0), (1, 1)): [353123, 72092, 33420, 15524, 6995, 2987, 1270, 468, 211, 74, 46, 19, 3, 6, 0, 1, 1]
(0, (0, 0, 0), (1, 2)): [246902, 43953, 20127, 9039, 4001, 1684, 725, 266, 118, 41, 14, 8, 5, 1, 1]
(0, (0, 0, 0), (2, 0)): [111819, 27780, 14187, 6691, 3280, 1349, 591, 270, 91, 43, 21, 8, 2, 3, 1]
(0, (0, 0, 0), (2, 1)): [178826, 40126, 19618, 9143, 4307, 1824, 735, 325, 130, 53, 28, 12, 2, 4, 0, 0, 1]
(0, (0, 0, 0), (2, 2)): [194304, 37905, 17890, 8229, 3694, 1526, 659, 251, 120, 39, 17, 5, 5, 2, 1, 0, 1]
(0, (0, 0, 0), (3, 0)): [32245, 9083, 5365, 2698, 1335, 551, 249, 111, 38, 21, 12, 3, 0, 2, 1]
(0, (0, 0, 0), (3, 1)): [67642, 17758, 9584, 4655, 2278, 984, 386, 199, 77, 32, 12, 10, 1, 4, 1]
(0, (0, 0, 0), (3, 2)): [101587, 23204, 12215, 5688, 2709, 1137, 469, 207, 93, 36, 12, 10, 4, 2, 1, 0, 1]
(0, (0, 0, 1), (0, 0)): [8489, 26412, 7231, 3529, 1683, 733, 325, 132, 54, 32, 20, 4, 4, 3]
(0, (0, 0, 1), (0, 1)): [1095, 3449, 925, 441, 204, 99, 39, 16, 9, 5, 4, 1, 0, 1]
(0, (0, 0, 1), (0, 2)): [495, 1277, 321, 154, 68, 36, 14, 6, 6, 0, 1]
(0, (0, 0, 1), (1, 0)): [1066, 3697, 1057, 587, 293, 130, 56, 19, 8, 4, 7]
(0, (0, 0, 1), (1, 1)): [996, 3163, 849, 433, 221, 104, 38, 13, 5, 8, 3, 1, 0, 1]
(0, (0, 0, 1), (1, 2)): [789, 2015, 513, 253, 114, 62, 19, 9, 4, 4, 2]
(0, (0, 0, 1), (2, 0)): [389, 1340, 424, 264, 119, 56, 23, 12, 4, 1, 5]
(0, (0, 0, 1), (2, 1)): [530, 1776, 526, 310, 145, 65, 32, 11, 6, 4, 2, 1]
(0, (0, 0, 1), (2, 2)): [707, 1825, 495, 248, 125, 60, 20, 7, 3, 4, 2]
(0, (0, 0, 1), (3, 0)): [129, 459, 139, 107, 47, 24, 9, 3, 1, 0, 3]
(0, (0, 0, 1), (3, 1)): [220, 785, 234, 188, 81, 35, 19, 4, 3, 2, 0, 1]
(0, (0, 0, 1), (3, 2)): [392, 1105, 309, 209, 111, 42, 17, 4, 3, 3, 1]
(0, (0, 1, 0), (0, 0)): [85785, 80434, 31611, 15640, 7419, 3216, 1394, 567, 242, 122, 44, 17, 7, 6, 3, 0, 1]
(0, (0, 1, 0), (0, 1)): [15589, 13666, 5445, 2604, 1215, 521, 247, 93, 39, 18, 5, 4, 1, 1, 1]
(0, (0, 1, 0), (0, 2)): [6396, 4760, 1915, 868, 419, 183, 89, 31, 15, 4, 0, 1, 1]
(0, (0, 1, 0), (1, 0)): [14743, 14104, 5896, 3164, 1472, 684, 285, 121, 53, 18, 10, 3, 2, 2, 1, 0, 1]
(0, (0, 1, 0), (1, 1)): [13377, 11749, 4817, 2450, 1140, 488, 219, 94, 30, 21, 8, 3, 0, 2, 1]
(0, (0, 1, 0), (1, 2)): [9427, 7257, 3022, 1441, 653, 282, 124, 63, 19, 7, 2, 3, 1, 0, 1]
(0, (0, 1, 0), (2, 0)): [5360, 5064, 2263, 1296, 586, 310, 115, 51, 22, 5, 2, 3, 2, 1, 0, 0, 1]
(0, (0, 1, 0), (2, 1)): [7253, 6565, 2812, 1455, 702, 324, 150, 54, 21, 16, 4, 1, 1, 1, 0, 0, 1]
(0, (0, 1, 0), (2, 2)): [7955, 6152, 2716, 1279, 603, 260, 119, 50, 19, 8, 3, 2, 1, 0, 1, 0, 1]
(0, (0, 1, 0), (3, 0)): [1863, 1515, 783, 537, 244, 138, 55, 26, 10, 2, 0, 1, 1]
(0, (0, 1, 0), (3, 1)): [3216, 2723, 1301, 855, 379, 189, 79, 36, 7, 5, 1, 1, 0, 1]
(0, (0, 1, 0), (3, 2)): [4683, 3565, 1720, 945, 443, 218, 108, 39, 9, 8, 2, 0, 0, 0, 1, 0, 1]
(0, (0, 1, 1), (0, 0)): [6772, 11969, 14237, 6587, 3473, 1679, 720, 308, 153, 69, 21, 13, 3, 4, 2, 0, 1, 1]
(0, (0, 1, 1), (0, 1)): [1181, 2044, 2284, 1014, 549, 258, 126, 44, 18, 11, 3, 2, 1, 0, 0, 0, 1]
(0, (0, 1, 1), (0, 2)): [562, 778, 832, 377, 198, 99, 47, 22, 2, 4, 0, 1]
(0, (0, 1, 1), (1, 0)): [1123, 2115, 2543, 1251, 657, 358, 136, 57, 35, 11, 6, 5, 0, 1, 1]
(0, (0, 1, 1), (1, 1)): [971, 1770, 2076, 906, 497, 235, 100, 33, 18, 7, 6, 1, 1, 0, 0, 0, 1]
(0, (0, 1, 1), (1, 2)): [790, 1145, 1271, 548, 328, 153, 60, 23, 9, 2, 1, 1, 0, 0, 0, 0, 1]
(0, (0, 1, 1), (2, 0)): [457, 902, 948, 522, 306, 186, 63, 27, 23, 7, 2, 2, 0, 1, 1]
(0, (0, 1, 1), (2, 1)): [499, 952, 1118, 538, 253, 143, 55, 25, 11, 9, 4, 1, 1, 0, 1]
(0, (0, 1, 1), (2, 2)): [618, 986, 1084, 488, 271, 132, 48, 19, 8, 7, 2, 1, 0, 0, 0, 0, 1]
(0, (0, 1, 1), (3, 0)): [244, 429, 411, 258, 175, 95, 34, 9, 16, 2, 1, 2, 0, 1]
(0, (0, 1, 1), (3, 1)): [209, 388, 448, 238, 156, 82, 30, 14, 13, 4, 1, 1, 0, 0, 1]
(0, (0, 1, 1), (3, 2)): [357, 551, 621, 330, 171, 102, 43, 19, 12, 4, 3, 0, 0, 0, 0, 0, 1]
(0, (1, 0, 0), (0, 0)): [484049, 160383, 104214, 51825, 24810, 11087, 4658, 1964, 833, 361, 173, 68, 26, 17, 4, 1, 1, 1]
(0, (1, 0, 0), (0, 1)): [80017, 23577, 16259, 7955, 3768, 1673, 703, 271, 133, 49, 23, 11, 1, 3]
(0, (1, 0, 0), (0, 2)): [30912, 7865, 5541, 2536, 1171, 517, 239, 89, 38, 17, 8, 2]
(0, (1, 0, 0), (1, 0)): [68314, 23940, 16829, 8815, 4349, 1943, 824, 347, 142, 67, 39, 12, 2, 6, 2, 0, 1]
(0, (1, 0, 0), (1, 1)): [60550, 18992, 13251, 6758, 3152, 1480, 605, 242, 108, 45, 22, 11, 1, 4, 1]
(0, (1, 0, 0), (1, 2)): [40364, 10997, 7733, 3780, 1730, 784, 340, 129, 63, 21, 4, 4, 0, 0, 1]
(0, (1, 0, 0), (2, 0)): [21259, 8127, 5990, 3306, 1716, 760, 319, 139, 47, 34, 20, 3, 2, 3, 0, 0, 1]
(0, (1, 0, 0), (2, 1)): [29207, 9961, 7103, 3760, 1816, 854, 346, 148, 64, 35, 20, 7, 0, 6, 0, 0, 1]
(0, (1, 0, 0), (2, 2)): [29225, 8657, 6136, 3015, 1466, 617, 299, 112, 57, 25, 11, 3, 0, 3]
(0, (1, 0, 0), (3, 0)): [5475, 2548, 1946, 1304, 682, 307, 130, 51, 21, 14, 7, 1, 1]
(0, (1, 0, 0), (3, 1)): [10462, 4240, 3094, 1930, 950, 468, 188, 85, 32, 16, 11, 3, 1, 2]
(0, (1, 0, 0), (3, 2)): [13800, 5111, 3545, 1998, 984, 431, 205, 88, 42, 17, 8, 3, 0, 1]
(0, (1, 0, 1), (0, 0)): [11323, 34515, 14088, 10043, 5276, 2459, 1160, 471, 235, 97, 52, 20, 9, 3, 2, 0, 0, 1]
(0, (1, 0, 1), (0, 1)): [1894, 5056, 2067, 1556, 755, 372, 171, 59, 34, 14, 6, 1, 4, 1]
(0, (1, 0, 1), (0, 2)): [884, 1821, 736, 538, 250, 124, 55, 17, 10, 1, 2, 1, 2, 1]
(0, (1, 0, 1), (1, 0)): [1574, 5229, 2131, 1592, 884, 436, 184, 84, 47, 23, 15, 2, 0, 1, 1]
(0, (1, 0, 1), (1, 1)): [1460, 4018, 1712, 1229, 636, 283, 133, 60, 37, 15, 8, 1]
(0, (1, 0, 1), (1, 2)): [1185, 2416, 1025, 711, 364, 158, 70, 30, 18, 5, 2, 1, 2]
(0, (1, 0, 1), (2, 0)): [521, 1764, 719, 562, 327, 190, 71, 30, 17, 12, 5, 1]
(0, (1, 0, 1), (2, 1)): [688, 2044, 895, 655, 339, 183, 77, 30, 22, 14, 6]
(0, (1, 0, 1), (2, 2)): [878, 1852, 828, 577, 292, 144, 65, 31, 10, 9, 3]
(0, (1, 0, 1), (3, 0)): [169, 547, 250, 158, 123, 81, 27, 10, 7, 2, 1, 1]
(0, (1, 0, 1), (3, 1)): [273, 714, 374, 273, 184, 96, 36, 16, 14, 8, 3]
(0, (1, 0, 1), (3, 2)): [424, 936, 496, 325, 212, 107, 45, 20, 14, 11, 5]
(0, (1, 1, 0), (0, 0)): [69183, 43554, 32303, 23503, 12488, 5866, 2515, 1148, 483, 219, 102, 39, 13, 6, 1, 0, 1]
(0, (1, 1, 0), (0, 1)): [12758, 6988, 4789, 3653, 1994, 882, 423, 169, 66, 25, 15, 7, 0, 1, 1, 0, 1]
(0, (1, 1, 0), (0, 2)): [5329, 2457, 1632, 1250, 670, 309, 135, 67, 26, 12, 4]
(0, (1, 1, 0), (1, 0)): [10027, 6473, 4860, 3818, 2003, 995, 425, 184, 82, 33, 17, 6, 3, 3]
(0, (1, 1, 0), (1, 1)): [9393, 5406, 3893, 3070, 1563, 728, 327, 132, 41, 18, 15, 2, 2, 2, 1, 0, 1]
(0, (1, 1, 0), (1, 2)): [6915, 3297, 2271, 1852, 928, 405, 185, 77, 30, 17, 5, 1, 0, 1, 0, 0, 1]
(0, (1, 1, 0), (2, 0)): [2944, 2163, 1660, 1283, 773, 405, 181, 76, 39, 13, 6, 4, 0, 1]
(0, (1, 1, 0), (2, 1)): [4346, 2725, 2063, 1590, 885, 416, 195, 78, 37, 10, 10, 3, 2, 0, 1]
(0, (1, 1, 0), (2, 2)): [4860, 2568, 1847, 1450, 767, 348, 160, 72, 28, 15, 6, 1, 0, 0, 0, 0, 1]
(0, (1, 1, 0), (3, 0)): [662, 697, 574, 433, 302, 161, 70, 31, 14, 6, 2, 2, 0, 1]
(0, (1, 1, 0), (3, 1)): [1485, 1153, 915, 725, 478, 260, 114, 39, 21, 8, 5, 1, 2, 0, 1]
(0, (1, 1, 0), (3, 2)): [2242, 1451, 1136, 910, 537, 271, 115, 56, 21, 9, 6, 0, 0, 0, 0, 0, 1]
(0, (1, 1, 1), (0, 0)): [6635, 13011, 10452, 7601, 6235, 3131, 1444, 683, 333, 139, 67, 24, 7, 4, 1, 0, 1]
(0, (1, 1, 1), (0, 1)): [1327, 2329, 1818, 1190, 1019, 528, 229, 108, 63, 23, 8, 5, 2, 1]
(0, (1, 1, 1), (0, 2)): [705, 911, 658, 424, 365, 180, 72, 35, 20, 8, 5, 2, 1]
(0, (1, 1, 1), (1, 0)): [884, 2045, 1657, 1178, 1012, 554, 238, 91, 58, 24, 10, 4, 0, 1, 0, 0, 1]
(0, (1, 1, 1), (1, 1)): [881, 1813, 1424, 944, 819, 456, 202, 95, 49, 18, 6, 3, 1, 1, 0, 0, 1]
(0, (1, 1, 1), (1, 2)): [817, 1251, 930, 591, 525, 248, 111, 52, 26, 10, 4, 3, 0, 1, 0, 0, 1]
(0, (1, 1, 1), (2, 0)): [248, 599, 560, 425, 381, 207, 80, 31, 17, 12, 4, 2, 0, 1]
(0, (1, 1, 1), (2, 1)): [399, 836, 724, 502, 418, 255, 97, 50, 34, 12, 3, 0, 1]
(0, (1, 1, 1), (2, 2)): [533, 909, 722, 476, 400, 220, 92, 50, 26, 13, 2, 1, 1]
(0, (1, 1, 1), (3, 0)): [47, 160, 151, 148, 115, 77, 39, 16, 4, 5, 3, 1, 0, 1]
(0, (1, 1, 1), (3, 1)): [113, 295, 292, 219, 188, 113, 55, 21, 11, 6, 2, 1, 0, 1]
(0, (1, 1, 1), (3, 2)): [198, 440, 403, 292, 261, 138, 78, 28, 18, 7, 2, 1, 1, 1]
(1, (0, 0, 0), (0, 0)): [1888055, 210706, 86103, 34166, 13437, 5097, 1983, 701, 249, 100, 36, 23, 8, 3, 0, 1]
(1, (0, 0, 0), (0, 1)): [351248, 36693, 14846, 5856, 2350, 862, 334, 122, 35, 11, 4, 5, 1, 1]
(1, (0, 0, 0), (0, 2)): [137170, 12135, 4904, 1806, 720, 266, 85, 31, 3, 4, 1, 3]
(1, (0, 0, 0), (1, 0)): [300542, 38208, 16016, 6493, 2650, 996, 388, 118, 46, 21, 5, 3, 0, 0, 0, 1]
(1, (0, 0, 0), (1, 1)): [296939, 33438, 13600, 5454, 2233, 782, 346, 113, 39, 11, 5, 2, 1, 1]
(1, (0, 0, 0), (1, 2)): [205619, 19448, 7817, 3026, 1244, 432, 171, 46, 15, 7, 1, 2, 1]
(1, (0, 0, 0), (2, 0)): [99595, 14223, 6415, 2714, 1107, 437, 160, 51, 17, 13, 2, 2, 0, 0, 0, 1]
(1, (0, 0, 0), (2, 1)): [154941, 19521, 8394, 3384, 1422, 527, 186, 79, 18, 15, 5, 2]
(1, (0, 0, 0), (2, 2)): [166484, 17487, 7342, 2986, 1201, 420, 152, 58, 20, 8, 1, 1]
(1, (0, 0, 0), (3, 0)): [29226, 4720, 2618, 1159, 445, 192, 87, 19, 12, 5, 1, 1, 0, 0, 0, 1]
(1, (0, 0, 0), (3, 1)): [61315, 9223, 4589, 1956, 823, 315, 114, 41, 12, 6, 3]
(1, (0, 0, 0), (3, 2)): [90634, 11513, 5553, 2295, 971, 345, 120, 50, 12, 7, 3]
(1, (0, 0, 1), (0, 0)): [51369, 73854, 14728, 6453, 2632, 1078, 422, 151, 74, 26, 14, 8, 4, 2]
(1, (0, 0, 1), (0, 1)): [8324, 10228, 2074, 840, 300, 139, 67, 17, 4, 1, 3, 1]
(1, (0, 0, 1), (0, 2)): [3675, 3397, 650, 252, 100, 42, 19, 2, 3, 0, 1, 1]
(1, (0, 0, 1), (1, 0)): [8652, 12756, 2702, 1365, 544, 232, 81, 27, 22, 5, 1, 1]
(1, (0, 0, 1), (1, 1)): [7578, 9633, 1984, 903, 334, 138, 57, 17, 7, 3, 1, 1]
(1, (0, 0, 1), (1, 2)): [5742, 5460, 1087, 472, 182, 77, 36, 5, 5, 1, 1, 2]
(1, (0, 0, 1), (2, 0)): [3579, 5200, 1206, 690, 280, 119, 47, 16, 12, 3, 1]
(1, (0, 0, 1), (2, 1)): [4299, 5705, 1239, 620, 238, 99, 31, 16, 7, 2, 1]
(1, (0, 0, 1), (2, 2)): [5012, 4984, 1069, 496, 175, 72, 38, 9, 3, 1, 2, 2]
(1, (0, 0, 1), (3, 0)): [1672, 2099, 551, 383, 152, 69, 25, 8, 4, 1, 1]
(1, (0, 0, 1), (3, 1)): [1879, 2490, 630, 345, 140, 65, 19, 11, 4, 2]
(1, (0, 0, 1), (3, 2)): [3012, 3092, 761, 400, 146, 69, 33, 11, 3, 0, 1]
(1, (0, 1, 0), (0, 0)): [256390, 111160, 41040, 17841, 7228, 2877, 1009, 437, 134, 64, 32, 10, 10, 2, 1]
(1, (0, 1, 0), (0, 1)): [42951, 16723, 6231, 2588, 1070, 442, 149, 67, 17, 11, 6, 1, 1]
(1, (0, 1, 0), (0, 2)): [17009, 5835, 2099, 800, 326, 144, 45, 19, 6, 4, 1, 1, 1]
(1, (0, 1, 0), (1, 0)): [45297, 19065, 7633, 3814, 1547, 610, 225, 93, 36, 15, 6, 0, 0, 1]
(1, (0, 1, 0), (1, 1)): [38608, 15232, 5883, 2643, 1089, 423, 158, 55, 21, 6, 5, 0, 0, 1]
(1, (0, 1, 0), (1, 2)): [26255, 9219, 3375, 1408, 542, 220, 79, 37, 12, 7, 1, 1]
(1, (0, 1, 0), (2, 0)): [18858, 7671, 3320, 1937, 815, 318, 112, 58, 18, 10, 5]
(1, (0, 1, 0), (2, 1)): [22271, 8824, 3720, 1822, 784, 293, 112, 41, 15, 6, 3, 0, 0, 1]
(1, (0, 1, 0), (2, 2)): [22832, 8055, 3182, 1399, 564, 233, 79, 29, 10, 6, 2]
(1, (0, 1, 0), (3, 0)): [8392, 3110, 1455, 1051, 464, 178, 65, 32, 10, 6, 2]
(1, (0, 1, 0), (3, 1)): [10348, 3864, 1868, 1131, 497, 168, 76, 37, 14, 5, 2, 0, 0, 1]
(1, (0, 1, 0), (3, 2)): [14004, 4915, 2235, 1173, 517, 177, 72, 28, 6, 7, 2, 0, 0, 1]
(1, (0, 1, 1), (0, 0)): [39812, 33648, 29207, 11882, 6094, 2405, 974, 374, 165, 56, 17, 9, 3, 2, 0, 1]
(1, (0, 1, 1), (0, 1)): [5895, 4489, 3815, 1538, 702, 245, 124, 49, 13, 2, 3]
(1, (0, 1, 1), (0, 2)): [2796, 1444, 1348, 545, 256, 76, 42, 19, 2, 1, 3]
(1, (0, 1, 1), (1, 0)): [7382, 6732, 5104, 2287, 1378, 566, 231, 85, 34, 15, 1, 2, 1]
(1, (0, 1, 1), (1, 1)): [5024, 4106, 3376, 1371, 677, 237, 106, 38, 15, 6, 0, 1]
(1, (0, 1, 1), (1, 2)): [4105, 2328, 2087, 814, 414, 129, 63, 28, 5, 4, 2, 1]
(1, (0, 1, 1), (2, 0)): [4096, 3559, 2584, 1285, 910, 389, 161, 60, 25, 9, 1, 1]
(1, (0, 1, 1), (2, 1)): [2738, 2325, 1906, 854, 426, 174, 75, 18, 9, 3]
(1, (0, 1, 1), (2, 2)): [3428, 2051, 1822, 748, 377, 118, 56, 17, 5, 2, 1, 1]
(1, (0, 1, 1), (3, 0)): [2929, 2358, 1556, 881, 745, 311, 126, 53, 21, 7, 1, 1]
(1, (0, 1, 1), (3, 1)): [1178, 1025, 828, 389, 238, 122, 42, 17, 8, 3]
(1, (0, 1, 1), (3, 2)): [1927, 1304, 1040, 504, 305, 106, 42, 17, 7, 3, 0, 1]
(1, (1, 0, 0), (0, 0)): [703143, 123977, 81660, 34801, 14253, 5633, 2224, 804, 311, 132, 50, 32, 7, 3, 0, 2]
(1, (1, 0, 0), (0, 1)): [116938, 18309, 12570, 5320, 2126, 840, 343, 123, 35, 16, 9, 4, 1]
(1, (1, 0, 0), (0, 2)): [44679, 6025, 4072, 1648, 639, 287, 115, 34, 8, 4, 4]
(1, (1, 0, 0), (1, 0)): [107212, 20171, 14319, 6438, 2696, 1068, 441, 154, 47, 26, 8, 4, 2, 0, 0, 1]
(1, (1, 0, 0), (1, 1)): [93483, 15694, 10940, 4772, 1933, 743, 308, 113, 38, 16, 6, 6, 1, 0, 0, 1]
(1, (1, 0, 0), (1, 2)): [61695, 8987, 6174, 2588, 1008, 382, 160, 61, 18, 5, 5, 1]
(1, (1, 0, 0), (2, 0)): [34923, 7176, 5290, 2635, 1132, 433, 189, 63, 23, 9, 3, 0, 1]
(1, (1, 0, 0), (2, 1)): [46750, 8568, 6115, 2944, 1181, 473, 192, 65, 22, 9, 5, 4, 1, 0, 0, 1]
(1, (1, 0, 0), (2, 2)): [46509, 7374, 5041, 2291, 904, 356, 147, 55, 13, 5, 3, 1, 1]
(1, (1, 0, 0), (3, 0)): [9845, 2367, 1673, 1034, 475, 175, 88, 22, 8, 4, 1, 0, 1]
(1, (1, 0, 0), (3, 1)): [17915, 3987, 2732, 1588, 658, 247, 125, 29, 15, 5, 3, 1, 0, 0, 0, 1]
(1, (1, 0, 0), (3, 2)): [23211, 4694, 3043, 1641, 642, 257, 117, 32, 16, 6, 4, 2, 1, 0, 0, 1]
(1, (1, 0, 1), (0, 0)): [57289, 65012, 20955, 14302, 6193, 2529, 994, 386, 137, 77, 22, 9, 2, 1]
(1, (1, 0, 1), (0, 1)): [10132, 9173, 2915, 2054, 879, 361, 127, 41, 23, 9, 3, 1, 2]
(1, (1, 0, 1), (0, 2)): [4502, 3018, 988, 709, 300, 114, 48, 22, 9, 4, 2, 0, 1]
(1, (1, 0, 1), (1, 0)): [8815, 9827, 3328, 2416, 1132, 459, 180, 76, 24, 17, 0, 2]
(1, (1, 0, 1), (1, 1)): [7857, 7541, 2505, 1748, 723, 320, 114, 29, 13, 6, 0, 2, 1]
(1, (1, 0, 1), (1, 2)): [5836, 4262, 1468, 1019, 408, 175, 59, 29, 9, 4, 2]
(1, (1, 0, 1), (2, 0)): [3031, 3240, 1189, 889, 474, 192, 74, 36, 8, 8, 0, 1]
(1, (1, 0, 1), (2, 1)): [3904, 3808, 1306, 951, 458, 181, 71, 22, 12, 6, 0, 3]
(1, (1, 0, 1), (2, 2)): [4300, 3244, 1202, 819, 385, 141, 59, 20, 10, 4, 1]
(1, (1, 0, 1), (3, 0)): [1004, 1056, 422, 313, 192, 89, 28, 9, 1, 4]
(1, (1, 0, 1), (3, 1)): [1449, 1459, 602, 433, 229, 111, 31, 15, 2, 3, 0, 2]
(1, (1, 0, 1), (3, 2)): [2124, 1829, 754, 510, 294, 111, 39, 14, 7, 3, 0, 2]
(1, (1, 1, 0), (0, 0)): [197734, 59582, 39698, 29041, 12209, 5045, 1976, 791, 301, 123, 46, 25, 10, 5, 1]
(1, (1, 1, 0), (0, 1)): [35932, 9426, 5940, 4577, 1934, 782, 283, 121, 51, 17, 8, 4, 1]
(1, (1, 1, 0), (0, 2)): [14652, 3369, 2005, 1563, 646, 249, 76, 38, 14, 2, 2]
(1, (1, 1, 0), (1, 0)): [30423, 9824, 6580, 5128, 2212, 907, 403, 146, 37, 25, 11, 4, 2, 1]
(1, (1, 1, 0), (1, 1)): [28204, 7947, 5280, 4044, 1718, 687, 271, 117, 39, 23, 9, 4, 1]
(1, (1, 1, 0), (1, 2)): [20082, 4869, 2999, 2334, 986, 340, 120, 60, 22, 5, 6, 2, 1]
(1, (1, 1, 0), (2, 0)): [9659, 3648, 2324, 1834, 916, 395, 183, 60, 16, 11, 6, 2, 2, 1]
(1, (1, 1, 0), (2, 1)): [13870, 4392, 2980, 2280, 1042, 461, 194, 64, 25, 11, 7, 2, 1]
(1, (1, 1, 0), (2, 2)): [15092, 4036, 2562, 1974, 911, 354, 135, 57, 22, 7, 3, 2, 1]
(1, (1, 1, 0), (3, 0)): [2470, 1320, 840, 566, 368, 155, 73, 31, 4, 6, 1, 2, 1]
(1, (1, 1, 0), (3, 1)): [5039, 2149, 1454, 1061, 584, 259, 103, 38, 12, 8, 4, 2, 1]
(1, (1, 1, 0), (3, 2)): [7421, 2539, 1720, 1267, 685, 255, 99, 39, 17, 8, 2, 1, 1]
(1, (1, 1, 1), (0, 0)): [40431, 32385, 20265, 13249, 10097, 4287, 1755, 662, 267, 94, 30, 22, 9, 4, 1, 1]
(1, (1, 1, 1), (0, 1)): [7885, 5328, 3253, 2094, 1660, 675, 275, 101, 47, 11, 3, 1, 0, 1]
(1, (1, 1, 1), (0, 2)): [3789, 1855, 1164, 757, 572, 208, 95, 26, 10, 6, 2, 0, 0, 1]
(1, (1, 1, 1), (1, 0)): [5771, 5281, 3189, 2066, 1769, 760, 354, 121, 43, 16, 5, 7, 2]
(1, (1, 1, 1), (1, 1)): [5715, 4356, 2683, 1745, 1393, 578, 263, 95, 39, 8, 3, 3]
(1, (1, 1, 1), (1, 2)): [4666, 2549, 1663, 1081, 811, 350, 147, 50, 22, 7, 1, 3, 0, 1]
(1, (1, 1, 1), (2, 0)): [1517, 1779, 1115, 704, 645, 303, 141, 53, 16, 8, 2, 3, 1]
(1, (1, 1, 1), (2, 1)): [2464, 2322, 1401, 901, 745, 330, 154, 54, 21, 6, 3, 2]
(1, (1, 1, 1), (2, 2)): [3150, 2102, 1344, 877, 688, 295, 135, 46, 20, 10, 1, 3, 0, 1]
(1, (1, 1, 1), (3, 0)): [260, 552, 390, 239, 195, 106, 51, 22, 5, 3, 0, 1, 1]
(1, (1, 1, 1), (3, 1)): [646, 995, 645, 405, 342, 172, 66, 29, 13, 2, 2, 1, 1]
(1, (1, 1, 1), (3, 2)): [1217, 1247, 812, 520, 420, 213, 93, 34, 14, 4, 2, 1, 0, 1]
(2, (0, 0, 0), (0, 0)): [1648378, 77792, 25820, 8233, 2755, 868, 302, 101, 20, 8, 5, 0, 1]
(2, (0, 0, 0), (0, 1)): [303951, 12594, 4204, 1348, 492, 141, 49, 16, 3]
(2, (0, 0, 0), (0, 2)): [117559, 3442, 1185, 365, 142, 36, 3, 7]
(2, (0, 0, 0), (1, 0)): [272044, 15887, 5450, 1712, 590, 163, 68, 17, 7, 0, 0, 0, 1]
(2, (0, 0, 0), (1, 1)): [263549, 12525, 4268, 1349, 486, 147, 60, 12, 5]
(2, (0, 0, 0), (1, 2)): [178642, 6025, 2113, 690, 235, 69, 23, 8, 1]
(2, (0, 0, 0), (2, 0)): [94778, 6258, 2560, 766, 268, 71, 29, 7, 3, 0, 0, 0, 1]
(2, (0, 0, 0), (2, 1)): [143549, 8035, 3054, 887, 320, 93, 41, 10, 5]
(2, (0, 0, 0), (2, 2)): [150801, 6162, 2342, 714, 244, 75, 26, 7, 1]
(2, (0, 0, 0), (3, 0)): [29500, 2104, 1167, 358, 122, 36, 11, 4, 0, 0, 0, 0, 1]
(2, (0, 0, 0), (3, 1)): [60046, 4040, 1924, 600, 193, 56, 21, 7, 3]
(2, (0, 0, 0), (3, 2)): [87343, 4612, 2145, 647, 216, 72, 23, 7, 2]
(2, (0, 0, 1), (0, 0)): [156064, 45741, 9612, 3312, 1164, 399, 113, 37, 9, 6, 0, 2]
(2, (0, 0, 1), (0, 1)): [26583, 6227, 1372, 467, 151, 62, 13, 4, 1, 3]
(2, (0, 0, 1), (0, 2)): [10706, 1877, 409, 139, 44, 19, 4, 0, 0, 1]
(2, (0, 0, 1), (1, 0)): [29368, 8009, 2021, 780, 294, 91, 30, 11, 3, 1, 0, 1]
(2, (0, 0, 1), (1, 1)): [24651, 6039, 1362, 520, 176, 61, 13, 6, 1, 2]
(2, (0, 0, 1), (1, 2)): [17052, 3185, 666, 238, 91, 35, 8, 2, 0, 2]
(2, (0, 0, 1), (2, 0)): [12831, 3370, 984, 440, 171, 51, 18, 6, 2, 1, 0, 1]
(2, (0, 0, 1), (2, 1)): [14793, 3760, 998, 405, 145, 37, 12, 7, 0, 2]
(2, (0, 0, 1), (2, 2)): [15465, 3133, 767, 283, 104, 37, 8, 3]
(2, (0, 0, 1), (3, 0)): [6094, 1377, 481, 279, 98, 34, 12, 1, 2, 0, 0, 1]
(2, (0, 0, 1), (3, 1)): [6995, 1762, 562, 300, 96, 27, 11, 4, 0, 1]
(2, (0, 0, 1), (3, 2)): [9816, 2174, 627, 301, 106, 28, 11, 3, 0, 1]
(2, (0, 1, 0), (0, 0)): [410652, 84815, 23736, 8450, 2846, 919, 293, 85, 21, 13, 7, 0, 1]
(2, (0, 1, 0), (0, 1)): [69020, 11971, 3361, 1084, 414, 114, 36, 9, 6, 3, 1]
(2, (0, 1, 0), (0, 2)): [27675, 3574, 1007, 304, 112, 22, 9, 2, 3, 1]
(2, (0, 1, 0), (1, 0)): [77008, 15185, 5068, 2153, 701, 224, 81, 24, 1, 2, 0, 0, 1]
(2, (0, 1, 0), (1, 1)): [63504, 11524, 3416, 1204, 444, 123, 51, 13, 3, 2, 1]
(2, (0, 1, 0), (1, 2)): [43537, 6059, 1676, 596, 211, 44, 26, 7, 1, 1]
(2, (0, 1, 0), (2, 0)): [34423, 6453, 2435, 1286, 430, 136, 40, 14, 1, 2, 0, 0, 1]
(2, (0, 1, 0), (2, 1)): [37566, 7092, 2349, 921, 330, 96, 30, 6, 2, 2, 1, 0, 1]
(2, (0, 1, 0), (2, 2)): [38961, 5860, 1757, 690, 244, 63, 32, 8, 0, 2]
(2, (0, 1, 0), (3, 0)): [17471, 2788, 1215, 855, 277, 87, 28, 13, 1, 2]
(2, (0, 1, 0), (3, 1)): [17468, 3298, 1289, 661, 238, 67, 22, 6, 2, 1, 1, 0, 1]
(2, (0, 1, 0), (3, 2)): [24474, 3902, 1395, 720, 239, 63, 39, 8, 0, 1, 0, 0, 1]
(2, (0, 1, 1), (0, 0)): [95236, 7997, 19872, 5738, 2275, 744, 243, 77, 24, 7, 5, 1, 0, 1]
(2, (0, 1, 1), (0, 1)): [16234, 1037, 2759, 802, 282, 100, 24, 9, 1, 2]
(2, (0, 1, 1), (0, 2)): [6981, 354, 849, 251, 97, 28, 7, 2, 0, 2]
(2, (0, 1, 1), (1, 0)): [18536, 1742, 3530, 1283, 594, 200, 67, 20, 5, 0, 3]
(2, (0, 1, 1), (1, 1)): [14614, 1005, 2611, 819, 304, 116, 28, 11, 4, 0, 1]
(2, (0, 1, 1), (1, 2)): [10965, 596, 1472, 435, 170, 57, 10, 4, 1, 2, 1]
(2, (0, 1, 1), (2, 0)): [8904, 991, 1608, 667, 393, 122, 43, 14, 1, 0, 2]
(2, (0, 1, 1), (2, 1)): [8617, 668, 1617, 541, 256, 80, 22, 8, 3, 0, 1]
(2, (0, 1, 1), (2, 2)): [9805, 627, 1386, 476, 181, 70, 12, 4, 3, 1]
(2, (0, 1, 1), (3, 0)): [5167, 675, 822, 396, 266, 95, 27, 11, 0, 0, 1]
(2, (0, 1, 1), (3, 1)): [4041, 374, 745, 284, 168, 54, 18, 8, 1, 0, 1]
(2, (0, 1, 1), (3, 2)): [6161, 491, 952, 359, 174, 71, 12, 7, 4, 1]
(2, (1, 0, 0), (0, 0)): [851128, 61716, 41351, 13179, 4342, 1380, 531, 153, 38, 15, 7, 1, 1]
(2, (1, 0, 0), (0, 1)): [140822, 8666, 5921, 1906, 654, 209, 87, 32, 10, 1, 0, 1]
(2, (1, 0, 0), (0, 2)): [53682, 2382, 1571, 532, 176, 47, 25, 9, 4]
(2, (1, 0, 0), (1, 0)): [132743, 11037, 7891, 2725, 931, 269, 111, 28, 8, 2, 0, 0, 1]
(2, (1, 0, 0), (1, 1)): [116081, 7874, 5510, 1861, 623, 188, 78, 23, 7, 1]
(2, (1, 0, 0), (1, 2)): [76242, 3851, 2512, 911, 293, 77, 32, 10, 4]
(2, (1, 0, 0), (2, 0)): [44530, 4293, 2949, 1208, 423, 129, 49, 18, 6, 2, 0, 0, 1]
(2, (1, 0, 0), (2, 1)): [60225, 4755, 3374, 1250, 416, 127, 54, 13, 5, 0, 0, 0, 1]
(2, (1, 0, 0), (2, 2)): [59433, 3687, 2360, 898, 302, 86, 40, 9, 4]
(2, (1, 0, 0), (3, 0)): [13128, 1603, 938, 548, 189, 58, 20, 10, 3, 2]
(2, (1, 0, 0), (3, 1)): [24254, 2515, 1638, 795, 234, 74, 30, 8, 3, 1, 0, 0, 1]
(2, (1, 0, 0), (3, 2)): [31504, 2726, 1669, 793, 254, 84, 30, 13, 1, 1, 0, 0, 1]
(2, (1, 0, 1), (0, 0)): [150281, 35096, 13937, 8808, 2925, 949, 319, 92, 32, 11, 2, 4, 2]
(2, (1, 0, 1), (0, 1)): [26835, 5141, 1901, 1297, 450, 151, 53, 9, 4, 2, 1, 1, 1]
(2, (1, 0, 1), (0, 2)): [10927, 1530, 554, 352, 134, 38, 12, 3, 1, 1]
(2, (1, 0, 1), (1, 0)): [25380, 5615, 2595, 1804, 660, 189, 65, 16, 3, 2, 0, 1]
(2, (1, 0, 1), (1, 1)): [22300, 4422, 1879, 1247, 469, 145, 52, 11, 3, 2, 1, 2, 1]
(2, (1, 0, 1), (1, 2)): [15468, 2311, 954, 583, 232, 77, 28, 6, 3, 1, 0, 1]
(2, (1, 0, 1), (2, 0)): [9109, 1960, 1059, 708, 289, 88, 29, 9, 3]
(2, (1, 0, 1), (2, 1)): [11954, 2416, 1170, 747, 329, 99, 30, 9, 0, 1, 0, 1]
(2, (1, 0, 1), (2, 2)): [12063, 1854, 894, 549, 213, 82, 30, 7, 3, 0, 0, 1]
(2, (1, 0, 1), (3, 0)): [3074, 597, 435, 266, 125, 38, 18, 3, 3]
(2, (1, 0, 1), (3, 1)): [5149, 977, 610, 369, 212, 45, 25, 4, 3, 1]
(2, (1, 0, 1), (3, 2)): [6753, 993, 696, 397, 202, 65, 21, 7, 5]
(2, (1, 1, 0), (0, 0)): [334997, 50179, 25432, 17889, 5782, 1859, 632, 210, 67, 29, 10, 3, 2, 1]
(2, (1, 1, 0), (0, 1)): [59937, 7476, 3651, 2696, 828, 257, 91, 34, 5, 4, 2, 1, 1]
(2, (1, 1, 0), (0, 2)): [24843, 2195, 1102, 759, 256, 70, 24, 13, 2, 1]
(2, (1, 1, 0), (1, 0)): [53244, 8141, 4535, 3438, 1265, 362, 134, 40, 17, 5, 1, 1]
(2, (1, 1, 0), (1, 1)): [49657, 6656, 3450, 2578, 792, 263, 81, 32, 9, 5, 2, 2, 1]
(2, (1, 1, 0), (1, 2)): [35695, 3472, 1826, 1247, 392, 133, 33, 17, 6, 1, 1, 1]
(2, (1, 1, 0), (2, 0)): [18245, 2866, 1828, 1326, 641, 169, 66, 17, 8, 3]
(2, (1, 1, 0), (2, 1)): [26003, 3624, 2146, 1588, 611, 158, 65, 23, 6, 4, 0, 0, 1]
(2, (1, 1, 0), (2, 2)): [28354, 3017, 1758, 1202, 449, 123, 45, 18, 10, 1, 1, 1]
(2, (1, 1, 0), (3, 0)): [5829, 893, 738, 445, 308, 91, 28, 7, 5, 2]
(2, (1, 1, 0), (3, 1)): [10976, 1570, 1197, 800, 426, 112, 41, 9, 4, 2, 0, 0, 1]
(2, (1, 1, 0), (3, 2)): [15683, 1857, 1436, 892, 449, 104, 40, 14, 7, 1, 1]
(2, (1, 1, 1), (0, 0)): [99428, 14473, 16441, 8272, 6251, 1937, 652, 218, 74, 18, 10, 4, 1, 1]
(2, (1, 1, 1), (0, 1)): [19831, 2076, 2560, 1301, 995, 307, 106, 31, 16, 3, 3, 0, 1]
(2, (1, 1, 1), (0, 2)): [8782, 671, 761, 401, 269, 84, 35, 6, 4, 1, 2]
(2, (1, 1, 1), (1, 0)): [15027, 3326, 2818, 1577, 1266, 400, 133, 45, 14, 4, 1, 2]
(2, (1, 1, 1), (1, 1)): [15532, 2175, 2321, 1255, 959, 297, 97, 29, 13, 3, 1, 0, 1]
(2, (1, 1, 1), (1, 2)): [12100, 1148, 1234, 623, 471, 158, 51, 13, 4, 2, 2]
(2, (1, 1, 1), (2, 0)): [4193, 1906, 972, 628, 509, 169, 55, 20, 5, 3, 0, 2]
(2, (1, 1, 1), (2, 1)): [7029, 1780, 1310, 816, 622, 211, 65, 15, 8, 2, 0, 0, 1]
(2, (1, 1, 1), (2, 2)): [8620, 1344, 1099, 648, 473, 172, 54, 12, 5, 4, 2]
(2, (1, 1, 1), (3, 0)): [700, 1167, 275, 263, 157, 80, 30, 13, 2, 3, 0, 1]
(2, (1, 1, 1), (3, 1)): [2003, 1479, 514, 444, 328, 122, 43, 10, 4, 3, 0, 1]
(2, (1, 1, 1), (3, 2)): [3671, 1510, 675, 576, 360, 151, 49, 11, 4, 3, 2]
