(0, (0, 0, 0), (0, 0)): [1582942, 316502, 144992, 65659, 29126, 12359, 5079, 2105, 843, 376, 162, 67, 32, 11, 4, 1, 0, 1]
(0, (0, 0, 0), (0, 1)): [75108, 13722, 6150, 2727, 1095, 480, 182, 75, 25, 16, 6, 0, 2, 1, 0, 1]
(0, (0, 0, 0), (0, 2)): [27986, 4528, 2002, 830, 332, 152, 56, 25, 11, 4, 1, 0, 1]
(0, (0, 0, 0), (1, 0)): [69791, 14952, 6996, 3199, 1494, 591, 263, 110, 45, 15, 8, 0, 0, 1, 1]
(0, (0, 0, 0), (1, 1)): [64583, 12479, 5713, 2605, 1120, 451, 186, 75, 29, 11, 9, 0, 1, 1, 0, 1]
(0, (0, 0, 0), (1, 2)): [42820, 7319, 3273, 1373, 606, 278, 89, 42, 16, 7, 1, 0, 2]
(0, (0, 0, 0), (2, 0)): [22929, 5439, 2710, 1277, 618, 234, 111, 53, 17, 6, 4, 0, 0, 0, 1]
(0, (0, 0, 0), (2, 1)): [34173, 7158, 3481, 1621, 725, 287, 135, 63, 23, 4, 6, 0, 0, 1]
(0, (0, 0, 0), (2, 2)): [34015, 6231, 2973, 1322, 567, 232, 83, 37, 21, 7, 1, 0, 2]
(0, (0, 0, 0), (3, 0)): [6989, 1982, 1087, 565, 260, 106, 49, 19, 7, 3, 2, 0, 0, 0, 1]
(0, (0, 0, 0), (3, 1)): [13262, 3425, 1774, 875, 405, 164, 75, 36, 13, 3, 2, 0, 0, 0, 1]
(0, (0, 0, 0), (3, 2)): [18117, 3954, 2162, 930, 430, 188, 69, 35, 15, 7, 2, 0, 2, 0, 1]
(0, (0, 0, 1), (0, 0)): [6628, 19820, 5407, 2556, 1222, 507, 232, 106, 38, 23, 11, 3, 3, 2]
(0, (0, 0, 1), (0, 1)): [248, 688, 207, 82, 41, 12, 7, 4, 1, 1, 1, 0, 0, 1]
(0, (0, 0, 1), (0, 2)): [103, 272, 71, 30, 15, 4, 0, 1, 1]
(0, (0, 0, 1), (1, 0)): [249, 809, 213, 118, 56, 23, 11, 6, 1, 1, 2]
(0, (0, 0, 1), (1, 1)): [232, 623, 177, 77, 47, 14, 9, 3, 0, 1, 2, 0, 0, 1]
(0, (0, 0, 1), (1, 2)): [166, 416, 112, 47, 24, 7, 3, 3, 1, 1, 1]
(0, (0, 0, 1), (2, 0)): [96, 324, 88, 51, 20, 13, 2, 4, 1, 1]
(0, (0, 0, 1), (2, 1)): [135, 355, 116, 57, 35, 8, 4, 2, 0, 1, 1]
(0, (0, 0, 1), (2, 2)): [150, 367, 105, 42, 32, 6, 3, 0, 0, 1, 1]
(0, (0, 0, 1), (3, 0)): [27, 120, 29, 18, 6, 8, 2, 1, 1]
(0, (0, 0, 1), (3, 1)): [60, 160, 44, 30, 16, 7, 0, 2]
(0, (0, 0, 1), (3, 2)): [86, 219, 57, 35, 26, 5, 1, 1, 0, 1, 1]
(0, (0, 1, 0), (0, 0)): [56276, 52458, 20387, 9769, 4671, 2010, 845, 359, 146, 81, 27, 6, 3, 3, 2]
(0, (0, 1, 0), (0, 1)): [2631, 2389, 881, 381, 171, 83, 39, 18, 7, 1]
(0, (0, 1, 0), (0, 2)): [1056, 797, 296, 114, 57, 27, 20, 6, 3]
(0, (0, 1, 0), (1, 0)): [2625, 2528, 1062, 491, 233, 111, 38, 20, 5, 2, 0, 0, 0, 1, 1]
(0, (0, 1, 0), (1, 1)): [2243, 2074, 839, 372, 156, 71, 25, 17, 1, 2]
(0, (0, 1, 0), (1, 2)): [1568, 1240, 486, 208, 88, 36, 17, 12, 1, 1]
(0, (0, 1, 0), (2, 0)): [989, 918, 390, 186, 85, 57, 17, 8, 3, 1, 0, 0, 0, 1]
(0, (0, 1, 0), (2, 1)): [1218, 1160, 482, 213, 93, 57, 17, 10, 1, 2, 0, 0, 0, 1]
(0, (0, 1, 0), (2, 2)): [1345, 997, 453, 180, 74, 31, 18, 8, 2, 1]
(0, (0, 1, 0), (3, 0)): [348, 260, 142, 76, 42, 22, 11, 6, 3]
(0, (0, 1, 0), (3, 1)): [519, 477, 211, 131, 56, 35, 10, 7, 0, 0, 0, 0, 0, 1]
(0, (0, 1, 0), (3, 2)): [774, 617, 293, 133, 62, 25, 19, 4, 1, 1]
(0, (0, 1, 1), (0, 0)): [4676, 7977, 9559, 4403, 2324, 1078, 461, 207, 104, 46, 11, 6, 2, 2, 1, 0, 0, 1]
(0, (0, 1, 1), (0, 1)): [224, 329, 395, 168, 88, 41, 20, 5, 3, 1, 1]
(0, (0, 1, 1), (0, 2)): [112, 124, 145, 61, 34, 14, 9, 2, 1]
(0, (0, 1, 1), (1, 0)): [215, 420, 500, 239, 135, 52, 25, 10, 7, 2, 0, 1]
(0, (0, 1, 1), (1, 1)): [178, 308, 366, 164, 87, 32, 14, 7, 2, 1, 1]
(0, (0, 1, 1), (1, 2)): [147, 179, 198, 85, 59, 20, 10, 3, 2]
(0, (0, 1, 1), (2, 0)): [99, 190, 217, 113, 70, 32, 12, 6, 4, 2, 0, 1]
(0, (0, 1, 1), (2, 1)): [101, 185, 220, 104, 47, 18, 7, 8, 4, 2]
(0, (0, 1, 1), (2, 2)): [121, 164, 167, 78, 37, 16, 9, 5, 2]
(0, (0, 1, 1), (3, 0)): [56, 91, 93, 60, 50, 24, 5, 2, 0, 1, 0, 1]
(0, (0, 1, 1), (3, 1)): [44, 72, 91, 50, 37, 5, 3, 2, 3, 1]
(0, (0, 1, 1), (3, 2)): [63, 90, 113, 56, 29, 12, 5, 6, 4]
(0, (1, 0, 0), (0, 0)): [337992, 113534, 71259, 35065, 16605, 7399, 3073, 1323, 550, 249, 112, 42, 22, 5, 3, 1, 0, 1]
(0, (1, 0, 0), (0, 1)): [14705, 4428, 2816, 1314, 635, 291, 104, 59, 21, 4]
(0, (1, 0, 0), (0, 2)): [5339, 1410, 920, 396, 202, 75, 37, 11, 9, 1]
(0, (1, 0, 0), (1, 0)): [13297, 4734, 3185, 1550, 754, 323, 153, 57, 25, 17, 8, 1, 0, 1, 1]
(0, (1, 0, 0), (1, 1)): [11154, 3573, 2351, 1094, 543, 243, 97, 43, 14, 7, 3, 1]
(0, (1, 0, 0), (1, 2)): [7028, 1961, 1266, 590, 302, 113, 57, 21, 10, 4]
(0, (1, 0, 0), (2, 0)): [4105, 1548, 1073, 614, 292, 132, 60, 29, 11, 7, 5, 0, 0, 1]
(0, (1, 0, 0), (2, 1)): [5342, 1808, 1271, 639, 311, 144, 50, 24, 9, 7, 3, 1, 0, 1]
(0, (1, 0, 0), (2, 2)): [4985, 1473, 1007, 454, 241, 94, 50, 22, 10, 7, 1]
(0, (1, 0, 0), (3, 0)): [1103, 462, 357, 254, 126, 46, 26, 13, 5, 2, 2]
(0, (1, 0, 0), (3, 1)): [1915, 737, 529, 356, 178, 67, 27, 11, 7, 2, 3, 1, 0, 1]
(0, (1, 0, 0), (3, 2)): [2413, 821, 576, 308, 181, 67, 27, 16, 6, 3]
(0, (1, 0, 1), (0, 0)): [8078, 24389, 9997, 6830, 3586, 1645, 773, 317, 155, 61, 33, 15, 5, 1, 2, 0, 0, 1]
(0, (1, 0, 1), (0, 1)): [343, 1034, 410, 272, 138, 70, 31, 9, 7, 1, 1, 0, 1]
(0, (1, 0, 1), (0, 2)): [156, 360, 134, 95, 36, 28, 11, 4, 2]
(0, (1, 0, 1), (1, 0)): [318, 1090, 429, 308, 152, 81, 18, 12, 8, 3, 2, 0, 0, 0, 1]
(0, (1, 0, 1), (1, 1)): [270, 792, 334, 216, 117, 49, 18, 7, 5, 0, 3]
(0, (1, 0, 1), (1, 2)): [219, 469, 190, 117, 58, 23, 12, 4, 3]
(0, (1, 0, 1), (2, 0)): [111, 392, 149, 108, 61, 43, 7, 6, 2, 2]
(0, (1, 0, 1), (2, 1)): [120, 425, 187, 111, 64, 34, 10, 4, 6, 0, 2]
(0, (1, 0, 1), (2, 2)): [162, 357, 151, 86, 51, 19, 10, 6, 1, 0, 2]
(0, (1, 0, 1), (3, 0)): [39, 128, 54, 32, 27, 20, 1, 4, 0, 1]
(0, (1, 0, 1), (3, 1)): [40, 149, 68, 50, 39, 19, 3, 2, 2, 1]
(0, (1, 0, 1), (3, 2)): [70, 160, 92, 48, 45, 20, 6, 4, 3, 1, 2]
(0, (1, 1, 0), (0, 0)): [46396, 29557, 22246, 15733, 8363, 3919, 1659, 789, 316, 151, 69, 24, 10, 3]
(0, (1, 1, 0), (0, 1)): [2197, 1180, 846, 592, 344, 143, 62, 31, 8, 3, 1, 1]
(0, (1, 1, 0), (0, 2)): [885, 394, 286, 192, 113, 48, 25, 10, 3, 1]
(0, (1, 1, 0), (1, 0)): [1762, 1150, 840, 630, 331, 178, 78, 39, 13, 6, 2, 0, 0, 2]
(0, (1, 1, 0), (1, 1)): [1535, 881, 636, 479, 256, 133, 52, 28, 6, 5, 2, 0, 0, 1]
(0, (1, 1, 0), (1, 2)): [1089, 537, 372, 289, 151, 58, 27, 17, 2, 4, 0, 0, 0, 1]
(0, (1, 1, 0), (2, 0)): [515, 351, 296, 219, 117, 59, 32, 14, 8, 2, 0, 0, 0, 1]
(0, (1, 1, 0), (2, 1)): [695, 440, 328, 257, 144, 69, 32, 13, 6, 3, 1]
(0, (1, 1, 0), (2, 2)): [742, 401, 280, 215, 118, 52, 23, 14, 4, 4]
(0, (1, 1, 0), (3, 0)): [121, 115, 103, 71, 45, 24, 12, 8, 4, 1, 0, 0, 0, 1]
(0, (1, 1, 0), (3, 1)): [243, 178, 139, 112, 68, 40, 22, 8, 2, 1]
(0, (1, 1, 0), (3, 2)): [341, 198, 170, 137, 78, 38, 15, 12, 3]
(0, (1, 1, 1), (0, 0)): [4513, 8506, 6991, 5253, 4152, 2071, 954, 468, 207, 93, 44, 15, 5, 2, 1]
(0, (1, 1, 1), (0, 1)): [219, 361, 315, 175, 167, 81, 35, 15, 9, 4, 1, 1, 1, 1]
(0, (1, 1, 1), (0, 2)): [103, 149, 111, 56, 64, 33, 11, 3, 4, 1, 0, 1, 1]
(0, (1, 1, 1), (1, 0)): [167, 352, 310, 239, 188, 99, 37, 18, 7, 2, 2, 1]
(0, (1, 1, 1), (1, 1)): [155, 283, 260, 162, 143, 67, 32, 16, 4, 4, 2, 0, 0, 1]
(0, (1, 1, 1), (1, 2)): [139, 194, 152, 88, 85, 40, 11, 7, 4, 1, 0, 1, 0, 1]
(0, (1, 1, 1), (2, 0)): [52, 112, 97, 89, 72, 40, 12, 9, 4, 0, 1]
(0, (1, 1, 1), (2, 1)): [72, 129, 122, 98, 70, 35, 17, 9, 5, 1]
(0, (1, 1, 1), (2, 2)): [78, 142, 111, 81, 64, 33, 11, 6, 1, 2, 0, 1]
(0, (1, 1, 1), (3, 0)): [11, 35, 32, 33, 23, 16, 6, 4, 1, 0, 1]
(0, (1, 1, 1), (3, 1)): [21, 61, 55, 52, 28, 15, 10, 2, 2, 0, 1]
(0, (1, 1, 1), (3, 2)): [29, 64, 65, 59, 44, 20, 11, 3, 3, 0, 0, 1]
(1, (0, 0, 0), (0, 0)): [1283722, 139208, 56800, 22363, 8631, 3256, 1258, 466, 172, 67, 28, 15, 7, 3, 0, 1]
(1, (0, 0, 0), (0, 1)): [61960, 6047, 2419, 966, 369, 114, 34, 23, 6, 0, 0, 0, 0, 1]
(1, (0, 0, 0), (0, 2)): [23119, 1896, 746, 303, 103, 37, 7, 4]
(1, (0, 0, 0), (1, 0)): [59350, 7122, 2940, 1164, 434, 146, 67, 20, 4, 3, 1, 0, 0, 0, 0, 1]
(1, (0, 0, 0), (1, 1)): [54434, 5734, 2316, 906, 353, 113, 45, 22, 6, 1, 0, 0, 0, 1]
(1, (0, 0, 0), (1, 2)): [35813, 3123, 1263, 510, 198, 75, 18, 8, 2]
(1, (0, 0, 0), (2, 0)): [19991, 2771, 1237, 473, 177, 62, 31, 8, 0, 2, 1, 0, 0, 0, 0, 1]
(1, (0, 0, 0), (2, 1)): [29242, 3498, 1494, 564, 212, 68, 25, 10, 1, 3, 1]
(1, (0, 0, 0), (2, 2)): [28864, 2853, 1190, 476, 187, 77, 23, 7, 2, 0, 1]
(1, (0, 0, 0), (3, 0)): [6070, 965, 541, 194, 85, 30, 20, 2, 0, 0, 0, 0, 0, 0, 0, 1]
(1, (0, 0, 0), (3, 1)): [11816, 1750, 862, 329, 142, 37, 20, 5, 1, 2]
(1, (0, 0, 0), (3, 2)): [15815, 1954, 911, 358, 161, 47, 21, 4, 1, 0, 1]
(1, (0, 0, 1), (0, 0)): [36015, 51783, 10199, 4297, 1793, 719, 281, 111, 47, 18, 10, 5, 4, 1]
(1, (0, 0, 1), (0, 1)): [1606, 1873, 398, 131, 56, 22, 11, 2, 0, 0, 1]
(1, (0, 0, 1), (0, 2)): [687, 626, 126, 32, 19, 5, 5]
(1, (0, 0, 1), (1, 0)): [1693, 2557, 522, 246, 96, 41, 17, 4, 2, 1]
(1, (0, 0, 1), (1, 1)): [1482, 1816, 378, 152, 59, 20, 5, 4, 0, 0, 1]
(1, (0, 0, 1), (1, 2)): [1067, 1026, 183, 63, 33, 11, 3]
(1, (0, 0, 1), (2, 0)): [702, 1026, 232, 114, 53, 22, 13, 1, 2, 1]
(1, (0, 0, 1), (2, 1)): [822, 1082, 227, 102, 44, 17, 10, 3, 0, 0, 1]
(1, (0, 0, 1), (2, 2)): [892, 893, 173, 74, 28, 10, 3, 1, 0, 0, 1]
(1, (0, 0, 1), (3, 0)): [325, 438, 117, 65, 27, 11, 5, 1, 1]
(1, (0, 0, 1), (3, 1)): [348, 493, 119, 53, 22, 8, 7, 2]
(1, (0, 0, 1), (3, 2)): [525, 520, 127, 60, 27, 6, 5, 1, 0, 0, 1]
(1, (0, 1, 0), (0, 0)): [175592, 78086, 27917, 11969, 4767, 1885, 641, 295, 91, 41, 23, 9, 9, 2, 1]
(1, (0, 1, 0), (0, 1)): [7707, 3050, 1045, 441, 155, 57, 19, 9, 2, 2, 2]
(1, (0, 1, 0), (0, 2)): [2983, 1053, 337, 139, 46, 15, 6, 1]
(1, (0, 1, 0), (1, 0)): [8868, 3813, 1408, 725, 289, 113, 33, 19, 9, 1, 1, 0, 0, 1]
(1, (0, 1, 0), (1, 1)): [7051, 2735, 960, 462, 171, 72, 18, 11, 5, 1, 1, 0, 0, 1]
(1, (0, 1, 0), (1, 2)): [4648, 1634, 574, 232, 73, 29, 10, 5, 2, 1]
(1, (0, 1, 0), (2, 0)): [3828, 1623, 657, 394, 154, 58, 23, 13, 5, 0, 1]
(1, (0, 1, 0), (2, 1)): [3946, 1624, 570, 324, 133, 50, 17, 9, 2, 0, 1, 0, 0, 1]
(1, (0, 1, 0), (2, 2)): [3884, 1428, 489, 209, 81, 30, 10, 3, 3]
(1, (0, 1, 0), (3, 0)): [1842, 704, 309, 249, 92, 31, 11, 9, 5]
(1, (0, 1, 0), (3, 1)): [1896, 712, 289, 207, 93, 34, 11, 6, 4, 0, 0, 0, 0, 1]
(1, (0, 1, 0), (3, 2)): [2285, 837, 336, 188, 86, 20, 9, 5, 1, 0, 0, 0, 0, 1]
(1, (0, 1, 1), (0, 0)): [28000, 22971, 20767, 8206, 4198, 1642, 646, 250, 120, 41, 12, 7, 2, 2, 0, 1]
(1, (0, 1, 1), (0, 1)): [1064, 757, 677, 252, 110, 44, 20, 7, 1, 1]
(1, (0, 1, 1), (0, 2)): [496, 256, 240, 88, 41, 13, 7, 2, 0, 1]
(1, (0, 1, 1), (1, 0)): [1546, 1360, 1034, 412, 292, 94, 46, 16, 7, 2]
(1, (0, 1, 1), (1, 1)): [920, 687, 618, 220, 114, 35, 18, 7, 1, 1]
(1, (0, 1, 1), (1, 2)): [723, 392, 389, 128, 67, 22, 11, 2, 1, 1]
(1, (0, 1, 1), (2, 0)): [940, 805, 581, 257, 205, 73, 35, 12, 6, 1]
(1, (0, 1, 1), (2, 1)): [489, 414, 342, 134, 74, 23, 14, 3, 0, 1]
(1, (0, 1, 1), (2, 2)): [569, 347, 326, 112, 62, 18, 5, 3, 1, 1]
(1, (0, 1, 1), (3, 0)): [721, 590, 391, 192, 166, 62, 30, 11, 6, 1]
(1, (0, 1, 1), (3, 1)): [218, 190, 148, 61, 39, 17, 9, 1]
(1, (0, 1, 1), (3, 2)): [324, 219, 168, 70, 43, 16, 3, 2, 1, 1]
(1, (1, 0, 0), (0, 0)): [487655, 87093, 55138, 23320, 9406, 3710, 1461, 520, 219, 92, 33, 22, 5, 3, 0, 2]
(1, (1, 0, 0), (0, 1)): [21224, 3274, 2142, 936, 338, 129, 62, 16, 3, 5]
(1, (1, 0, 0), (0, 2)): [7622, 1014, 706, 289, 94, 41, 21, 5, 1, 3]
(1, (1, 0, 0), (1, 0)): [20922, 4048, 2694, 1132, 447, 170, 69, 28, 6, 4, 1, 0, 1, 0, 0, 1]
(1, (1, 0, 0), (1, 1)): [17258, 2847, 1919, 831, 290, 116, 56, 16, 3, 1, 1, 0, 0, 0, 0, 1]
(1, (1, 0, 0), (1, 2)): [10797, 1525, 1092, 402, 137, 58, 24, 11, 0, 1, 1]
(1, (1, 0, 0), (2, 0)): [6782, 1470, 972, 469, 180, 80, 28, 8, 5, 3, 0, 0, 1]
(1, (1, 0, 0), (2, 1)): [8686, 1607, 1084, 516, 178, 77, 39, 6, 4, 0, 0, 0, 0, 0, 0, 1]
(1, (1, 0, 0), (2, 2)): [8008, 1262, 906, 377, 126, 53, 27, 7, 1, 1, 1]
(1, (1, 0, 0), (3, 0)): [1951, 485, 291, 192, 78, 36, 8, 3, 1, 3, 0, 0, 1]
(1, (1, 0, 0), (3, 1)): [3249, 780, 457, 265, 106, 45, 13, 5, 1, 2, 0, 0, 0, 0, 0, 1]
(1, (1, 0, 0), (3, 2)): [3920, 801, 505, 280, 80, 44, 18, 3, 2, 2, 1, 0, 0, 0, 0, 1]
(1, (1, 0, 1), (0, 0)): [39195, 45789, 14830, 9795, 4202, 1699, 672, 259, 87, 58, 16, 6, 0, 1]
(1, (1, 0, 1), (0, 1)): [1901, 1663, 549, 376, 165, 60, 24, 6, 5, 6]
(1, (1, 0, 1), (0, 2)): [833, 509, 184, 126, 44, 20, 9, 4, 2, 3]
(1, (1, 0, 1), (1, 0)): [1687, 1985, 675, 424, 207, 72, 27, 9, 2, 4]
(1, (1, 0, 1), (1, 1)): [1460, 1346, 459, 314, 139, 34, 21, 4, 2, 3]
(1, (1, 0, 1), (1, 2)): [1071, 757, 266, 185, 69, 23, 10, 5, 2, 3]
(1, (1, 0, 1), (2, 0)): [598, 691, 235, 156, 84, 38, 7, 3, 2, 2]
(1, (1, 0, 1), (2, 1)): [704, 685, 243, 178, 87, 25, 10, 2, 3, 1]
(1, (1, 0, 1), (2, 2)): [725, 562, 226, 126, 66, 16, 9, 3, 4, 2]
(1, (1, 0, 1), (3, 0)): [204, 238, 79, 50, 39, 20, 4, 1, 0, 1]
(1, (1, 0, 1), (3, 1)): [251, 286, 108, 81, 44, 20, 2, 1, 0, 1]
(1, (1, 0, 1), (3, 2)): [348, 308, 131, 92, 46, 20, 7, 3, 2, 2]
(1, (1, 1, 0), (0, 0)): [133465, 41160, 27501, 19463, 8121, 3342, 1303, 535, 214, 81, 26, 15, 9, 5, 1]
(1, (1, 1, 0), (0, 1)): [6239, 1672, 1006, 797, 306, 129, 48, 24, 6, 2]
(1, (1, 1, 0), (0, 2)): [2516, 598, 343, 278, 93, 39, 18, 7, 2]
(1, (1, 1, 0), (1, 0)): [5496, 1846, 1237, 923, 386, 153, 66, 29, 7, 3, 0, 0, 2, 1]
(1, (1, 1, 0), (1, 1)): [4787, 1394, 918, 696, 277, 114, 40, 22, 3, 4]
(1, (1, 1, 0), (1, 2)): [3398, 815, 521, 402, 157, 54, 26, 14, 1, 1]
(1, (1, 1, 0), (2, 0)): [1776, 664, 420, 334, 154, 69, 31, 13, 4, 1, 0, 0, 2, 1]
(1, (1, 1, 0), (2, 1)): [2345, 802, 509, 374, 150, 79, 29, 12, 5, 1, 0, 0, 1]
(1, (1, 1, 0), (2, 2)): [2480, 655, 401, 316, 131, 62, 18, 6, 1, 1]
(1, (1, 1, 0), (3, 0)): [446, 246, 137, 100, 72, 28, 11, 7, 2, 1, 0, 0, 1]
(1, (1, 1, 0), (3, 1)): [884, 386, 245, 166, 87, 32, 20, 9, 4, 2, 0, 0, 1]
(1, (1, 1, 0), (3, 2)): [1186, 414, 264, 168, 92, 41, 20, 9, 2, 3, 0, 0, 1]
(1, (1, 1, 1), (0, 0)): [27141, 21664, 13801, 9048, 6566, 2779, 1130, 425, 183, 66, 20, 15, 8, 3, 1, 1]
(1, (1, 1, 1), (0, 1)): [1340, 900, 583, 341, 270, 102, 44, 19, 10, 1]
(1, (1, 1, 1), (0, 2)): [645, 308, 203, 121, 88, 33, 19, 4, 1, 1]
(1, (1, 1, 1), (1, 0)): [1063, 953, 582, 358, 278, 122, 62, 16, 7, 3, 0, 1, 1]
(1, (1, 1, 1), (1, 1)): [960, 738, 464, 289, 221, 90, 37, 14, 6]
(1, (1, 1, 1), (1, 2)): [757, 412, 291, 170, 113, 57, 26, 9, 3]
(1, (1, 1, 1), (2, 0)): [279, 307, 223, 128, 104, 54, 24, 8, 1, 2, 0, 1, 1]
(1, (1, 1, 1), (2, 1)): [414, 410, 244, 161, 108, 46, 27, 5, 2, 1, 0, 1]
(1, (1, 1, 1), (2, 2)): [524, 340, 233, 151, 98, 45, 19, 3, 2]
(1, (1, 1, 1), (3, 0)): [52, 98, 65, 52, 32, 24, 7, 4, 1, 0, 0, 0, 1]
(1, (1, 1, 1), (3, 1)): [101, 175, 106, 79, 54, 24, 10, 5, 0, 0, 0, 0, 1]
(1, (1, 1, 1), (3, 2)): [201, 195, 125, 92, 59, 30, 10, 3, 1]
(2, (0, 0, 0), (0, 0)): [1115015, 50097, 16726, 5309, 1751, 560, 193, 63, 11, 6, 5, 0, 1]
(2, (0, 0, 0), (0, 1)): [53492, 2055, 661, 193, 77, 17, 8, 4, 1]
(2, (0, 0, 0), (0, 2)): [19687, 525, 160, 65, 28, 2, 1, 2]
(2, (0, 0, 0), (1, 0)): [53680, 2886, 972, 314, 111, 23, 13, 3, 0, 0, 0, 0, 1]
(2, (0, 0, 0), (1, 1)): [48149, 2129, 714, 189, 78, 16, 10, 1]
(2, (0, 0, 0), (1, 2)): [30925, 949, 318, 109, 44, 8, 3, 1]
(2, (0, 0, 0), (2, 0)): [19188, 1153, 466, 149, 51, 11, 7, 2, 0, 0, 0, 0, 1]
(2, (0, 0, 0), (2, 1)): [27054, 1408, 512, 140, 47, 9, 8, 1]
(2, (0, 0, 0), (2, 2)): [25980, 992, 368, 111, 42, 10, 1]
(2, (0, 0, 0), (3, 0)): [6246, 413, 233, 69, 27, 6, 4, 1, 0, 0, 0, 0, 1]
(2, (0, 0, 0), (3, 1)): [11716, 728, 337, 101, 33, 8, 5, 1]
(2, (0, 0, 0), (3, 2)): [15354, 769, 350, 93, 35, 9, 1, 1]
(2, (0, 0, 1), (0, 0)): [105154, 32556, 6406, 2144, 762, 254, 73, 25, 5, 2, 0, 1]
(2, (0, 0, 1), (0, 1)): [4681, 1208, 260, 71, 29, 9, 3, 1, 1]
(2, (0, 0, 1), (0, 2)): [1829, 368, 77, 18, 6, 2]
(2, (0, 0, 1), (1, 0)): [5640, 1612, 369, 135, 43, 18, 3, 3]
(2, (0, 0, 1), (1, 1)): [4465, 1136, 240, 74, 28, 15, 3, 3, 1]
(2, (0, 0, 1), (1, 2)): [3036, 593, 125, 32, 14, 7, 2, 1]
(2, (0, 0, 1), (2, 0)): [2456, 693, 175, 87, 25, 7, 1, 1]
(2, (0, 0, 1), (2, 1)): [2619, 716, 174, 68, 24, 9, 1, 3]
(2, (0, 0, 1), (2, 2)): [2612, 536, 144, 40, 13, 11, 2, 1]
(2, (0, 0, 1), (3, 0)): [1203, 282, 89, 55, 8, 4]
(2, (0, 0, 1), (3, 1)): [1273, 370, 86, 45, 17, 4, 1, 2]
(2, (0, 0, 1), (3, 2)): [1664, 377, 106, 48, 11, 9, 1]
(2, (0, 1, 0), (0, 0)): [278228, 59235, 15791, 5516, 1788, 602, 184, 56, 14, 8, 6, 0, 1]
(2, (0, 1, 0), (0, 1)): [11965, 2133, 544, 168, 51, 12, 8, 2, 1, 0, 1]
(2, (0, 1, 0), (0, 2)): [4636, 623, 152, 39, 12, 2, 2]
(2, (0, 1, 0), (1, 0)): [15007, 2894, 989, 409, 121, 40, 11, 5, 0, 0, 0, 0, 1]
(2, (0, 1, 0), (1, 1)): [11413, 2061, 617, 198, 69, 15, 12, 3, 1, 0, 1]
(2, (0, 1, 0), (1, 2)): [7413, 1060, 253, 97, 23, 5, 3, 2]
(2, (0, 1, 0), (2, 0)): [6928, 1266, 483, 261, 72, 26, 4, 3, 0, 0, 0, 0, 1]
(2, (0, 1, 0), (2, 1)): [6743, 1293, 427, 155, 48, 16, 8, 1, 1, 0, 1, 0, 1]
(2, (0, 1, 0), (2, 2)): [6527, 1002, 293, 115, 34, 9, 3, 3]
(2, (0, 1, 0), (3, 0)): [3729, 577, 266, 185, 51, 16, 3, 3]
(2, (0, 1, 0), (3, 1)): [3244, 599, 250, 113, 40, 10, 6, 0, 1, 0, 1, 0, 1]
(2, (0, 1, 0), (3, 2)): [4139, 628, 261, 123, 32, 10, 4, 1, 0, 0, 0, 0, 1]
(2, (0, 1, 1), (0, 0)): [63593, 5528, 13965, 3728, 1469, 472, 160, 50, 18, 4, 3, 1, 0, 1]
(2, (0, 1, 1), (0, 1)): [2738, 189, 441, 95, 34, 15, 4, 3]
(2, (0, 1, 1), (0, 2)): [1182, 73, 137, 30, 16, 4, 1]
(2, (0, 1, 1), (1, 0)): [3406, 354, 678, 221, 106, 33, 12, 1, 0, 0, 1]
(2, (0, 1, 1), (1, 1)): [2393, 181, 430, 113, 27, 18, 3, 3]
(2, (0, 1, 1), (1, 2)): [1735, 102, 237, 57, 24, 5, 2, 2]
(2, (0, 1, 1), (2, 0)): [1754, 203, 305, 127, 79, 22, 8, 0, 0, 0, 1]
(2, (0, 1, 1), (2, 1)): [1415, 121, 270, 67, 23, 14, 2]
(2, (0, 1, 1), (2, 2)): [1502, 108, 219, 53, 19, 14, 1, 2]
(2, (0, 1, 1), (3, 0)): [1114, 147, 176, 83, 63, 16, 7, 0, 0, 0, 1]
(2, (0, 1, 1), (3, 1)): [685, 58, 138, 46, 14, 3, 3]
(2, (0, 1, 1), (3, 2)): [963, 86, 166, 45, 20, 11, 2, 2]
(2, (1, 0, 0), (0, 0)): [591646, 43005, 27466, 8706, 2787, 895, 343, 97, 19, 11, 6, 0, 1]
(2, (1, 0, 0), (0, 1)): [25281, 1467, 1008, 306, 109, 29, 15, 4, 1]
(2, (1, 0, 0), (0, 2)): [9138, 414, 247, 73, 33, 6, 4]
(2, (1, 0, 0), (1, 0)): [26176, 2191, 1453, 532, 147, 41, 18, 6, 0, 0, 0, 0, 1]
(2, (1, 0, 0), (1, 1)): [21131, 1337, 932, 323, 91, 25, 10, 4, 1]
(2, (1, 0, 0), (1, 2)): [13095, 653, 404, 138, 43, 10, 2, 1]
(2, (1, 0, 0), (2, 0)): [8897, 887, 539, 254, 61, 21, 11, 3, 0, 0, 0, 0, 1]
(2, (1, 0, 0), (2, 1)): [11067, 838, 556, 218, 70, 18, 7, 4, 0, 0, 0, 0, 1]
(2, (1, 0, 0), (2, 2)): [10035, 620, 396, 143, 47, 12, 3, 3]
(2, (1, 0, 0), (3, 0)): [2690, 340, 191, 133, 24, 10, 6, 1]
(2, (1, 0, 0), (3, 1)): [4551, 450, 274, 152, 28, 13, 4, 1, 0, 0, 0, 0, 1]
(2, (1, 0, 0), (3, 2)): [5294, 462, 267, 132, 36, 15, 4, 4, 0, 0, 0, 0, 1]
(2, (1, 0, 1), (0, 0)): [100991, 24548, 9713, 5709, 1866, 613, 202, 69, 23, 8, 0, 3, 1]
(2, (1, 0, 1), (0, 1)): [4835, 951, 353, 230, 63, 18, 3, 3, 0, 1, 0, 1]
(2, (1, 0, 1), (0, 2)): [1950, 298, 101, 63, 22, 5, 0, 1]
(2, (1, 0, 1), (1, 0)): [4654, 1061, 500, 302, 108, 34, 9, 2]
(2, (1, 0, 1), (1, 1)): [3879, 791, 336, 205, 71, 22, 6, 2, 0, 1, 0, 1]
(2, (1, 0, 1), (1, 2)): [2617, 425, 171, 102, 36, 13, 1, 2, 0, 0, 0, 1]
(2, (1, 0, 1), (2, 0)): [1671, 367, 210, 119, 41, 14, 4, 2]
(2, (1, 0, 1), (2, 1)): [2127, 426, 213, 107, 44, 15, 1, 1, 0, 1]
(2, (1, 0, 1), (2, 2)): [1961, 337, 163, 77, 29, 11, 1, 2, 0, 0, 0, 1]
(2, (1, 0, 1), (3, 0)): [568, 114, 88, 44, 24, 4, 4]
(2, (1, 0, 1), (3, 1)): [921, 168, 104, 57, 30, 6, 3, 0, 0, 1]
(2, (1, 0, 1), (3, 2)): [1061, 187, 121, 51, 27, 8, 2, 2]
(2, (1, 1, 0), (0, 0)): [228787, 34991, 17569, 11839, 3758, 1226, 407, 134, 46, 20, 8, 1, 2, 1]
(2, (1, 1, 0), (0, 1)): [10519, 1422, 620, 445, 124, 28, 13, 9, 1, 0, 0, 0, 1]
(2, (1, 1, 0), (0, 2)): [4264, 414, 184, 117, 36, 7, 3, 5, 1]
(2, (1, 1, 0), (1, 0)): [10219, 1591, 848, 636, 208, 58, 23, 4, 2, 1, 1]
(2, (1, 1, 0), (1, 1)): [8782, 1201, 570, 439, 109, 29, 14, 5, 1, 1, 0, 0, 1]
(2, (1, 1, 0), (1, 2)): [6093, 629, 311, 205, 54, 15, 5, 7, 1]
(2, (1, 1, 0), (2, 0)): [3440, 578, 347, 248, 111, 33, 11, 1]
(2, (1, 1, 0), (2, 1)): [4598, 666, 375, 269, 83, 20, 13, 2, 1, 1, 0, 0, 1]
(2, (1, 1, 0), (2, 2)): [4682, 537, 278, 222, 59, 14, 11, 4, 2]
(2, (1, 1, 0), (3, 0)): [1118, 200, 137, 80, 54, 17, 4]
(2, (1, 1, 0), (3, 1)): [1933, 302, 208, 131, 62, 18, 6, 2, 0, 0, 0, 0, 1]
(2, (1, 1, 0), (3, 2)): [2568, 310, 228, 151, 71, 11, 8, 3, 1]
(2, (1, 1, 1), (0, 0)): [66018, 9622, 11118, 5470, 3950, 1246, 418, 141, 47, 10, 7, 1, 1, 1]
(2, (1, 1, 1), (0, 1)): [3387, 355, 465, 210, 168, 35, 12, 4, 1, 0, 0, 0, 1]
(2, (1, 1, 1), (0, 2)): [1519, 114, 130, 65, 39, 7, 4, 2, 1]
(2, (1, 1, 1), (1, 0)): [2641, 628, 491, 286, 187, 66, 24, 4, 2, 0, 1]
(2, (1, 1, 1), (1, 1)): [2573, 360, 406, 216, 155, 37, 9, 3, 0, 0, 1, 0, 1]
(2, (1, 1, 1), (1, 2)): [1994, 174, 204, 98, 70, 16, 3, 3, 0, 0, 1]
(2, (1, 1, 1), (2, 0)): [719, 386, 155, 109, 82, 31, 12, 1, 1]
(2, (1, 1, 1), (2, 1)): [1142, 317, 219, 133, 93, 29, 11, 0, 0, 0, 0, 0, 1]
(2, (1, 1, 1), (2, 2)): [1330, 199, 171, 108, 75, 17, 6, 2, 0, 0, 1]
(2, (1, 1, 1), (3, 0)): [130, 251, 45, 53, 32, 15, 3, 0, 1]
(2, (1, 1, 1), (3, 1)): [332, 293, 80, 82, 54, 21, 8]
(2, (1, 1, 1), (3, 2)): [564, 236, 99, 101, 59, 16, 9, 1, 0, 0, 1]
