(0, (0, 0, 0), (0, 0)): [16969, 3493, 1526, 674, 316, 132, 45, 18, 3, 4]
(0, (0, 0, 0), (0, 1)): [1062, 170, 81, 41, 13, 10, 2, 3]
(0, (0, 0, 0), (0, 2)): [397, 53, 23, 21, 5, 3, 1]
(0, (0, 0, 0), (1, 0)): [892, 195, 77, 32, 20, 7, 2, 1, 0, 1]
(0, (0, 0, 0), (1, 1)): [875, 170, 77, 26, 12, 4, 2, 1]
(0, (0, 0, 0), (1, 2)): [577, 93, 50, 22, 7, 2]
(0, (0, 0, 0), (2, 0)): [271, 59, 28, 14, 7, 2, 0, 1]
(0, (0, 0, 0), (2, 1)): [457, 86, 45, 17, 7, 4, 1, 2]
(0, (0, 0, 0), (2, 2)): [453, 71, 50, 17, 8, 3]
(0, (0, 0, 0), (3, 0)): [81, 22, 13, 8, 3, 1]
(0, (0, 0, 0), (3, 1)): [171, 48, 27, 7, 4, 1, 1]
(0, (0, 0, 0), (3, 2)): [227, 56, 39, 15, 5, 2, 1]
(0, (0, 0, 1), (0, 0)): [70, 175, 42, 17, 11, 6, 1, 1, 0, 1]
(0, (0, 0, 1), (0, 1)): [5, 8, 3, 1, 0, 0, 0, 1]
(0, (0, 0, 1), (0, 2)): [2, 6]
(0, (0, 0, 1), (1, 0)): [3, 11, 3, 1, 0, 1]
(0, (0, 0, 1), (1, 1)): [5, 3, 4, 1, 0, 0, 0, 1]
(0, (0, 0, 1), (1, 2)): [3, 7, 2, 1, 0, 0, 0, 1]
(0, (0, 0, 1), (2, 0)): [1, 8, 1, 1, 0, 1]
(0, (0, 0, 1), (2, 1)): [2, 7, 1, 1]
(0, (0, 0, 1), (2, 2)): [2, 7, 3, 2]
(0, (0, 0, 1), (3, 0)): [1, 1, 1]
(0, (0, 0, 1), (3, 1)): [3, 2, 1]
(0, (0, 0, 1), (3, 2)): [2, 3, 1]
(0, (0, 1, 0), (0, 0)): [557, 481, 193, 98, 39, 21, 7, 3, 1]
(0, (0, 1, 0), (0, 1)): [37, 32, 7, 2, 1, 2, 1, 1]
(0, (0, 1, 0), (0, 2)): [10, 13, 2, 1, 1, 1]
(0, (0, 1, 0), (1, 0)): [34, 20, 10, 5, 0, 1, 1]
(0, (0, 1, 0), (1, 1)): [31, 20, 8, 4, 0, 1, 1]
(0, (0, 1, 0), (1, 2)): [19, 20, 7, 2, 1, 2]
(0, (0, 1, 0), (2, 0)): [14, 7, 2, 2]
(0, (0, 1, 0), (2, 1)): [14, 12, 2, 2]
(0, (0, 1, 0), (2, 2)): [14, 10, 5, 2, 1]
(0, (0, 1, 0), (3, 0)): [4, 2]
(0, (0, 1, 0), (3, 1)): [2, 5, 0, 1]
(0, (0, 1, 0), (3, 2)): [7, 3, 1, 1]
(0, (0, 1, 1), (0, 0)): [55, 72, 88, 39, 17, 14, 3, 1]
(0, (0, 1, 1), (0, 1)): [0, 1, 3, 0, 1, 1]
(0, (0, 1, 1), (0, 2)): [0, 1, 1, 0, 0, 1]
(0, (0, 1, 1), (1, 0)): [4, 3, 7, 0, 1, 2]
(0, (0, 1, 1), (1, 1)): [2, 2, 3, 0, 1]
(0, (0, 1, 1), (1, 2)): [1, 1, 2, 0, 0, 1]
(0, (0, 1, 1), (2, 0)): [2, 1, 4, 0, 0, 1]
(0, (0, 1, 1), (2, 1)): [2, 1, 4]
(0, (0, 1, 1), (2, 2)): [3, 1, 3, 0, 0, 1]
(0, (0, 1, 1), (3, 0)): [1, 1, 2, 0, 0, 1]
(0, (0, 1, 1), (3, 1)): [1, 0, 2]
(0, (0, 1, 1), (3, 2)): [1, 1, 2, 0, 0, 1]
(0, (1, 0, 0), (0, 0)): [3535, 1103, 718, 327, 190, 87, 30, 12, 3, 3]
(0, (1, 0, 0), (0, 1)): [241, 52, 27, 18, 12, 7, 1]
(0, (1, 0, 0), (0, 2)): [103, 14, 10, 5, 3, 4]
(0, (1, 0, 0), (1, 0)): [161, 45, 39, 17, 7, 2, 0, 1, 0, 1]
(0, (1, 0, 0), (1, 1)): [163, 41, 32, 15, 6, 2, 0, 0, 0, 1]
(0, (1, 0, 0), (1, 2)): [115, 25, 17, 8, 3, 1, 0, 0, 0, 1]
(0, (1, 0, 0), (2, 0)): [53, 17, 14, 5, 4, 1]
(0, (1, 0, 0), (2, 1)): [71, 23, 15, 6, 2]
(0, (1, 0, 0), (2, 2)): [74, 18, 14, 6, 3, 1]
(0, (1, 0, 0), (3, 0)): [17, 6, 3, 2, 3, 1]
(0, (1, 0, 0), (3, 1)): [25, 8, 5, 2, 1]
(0, (1, 0, 0), (3, 2)): [39, 11, 13, 2, 2, 1]
(0, (1, 0, 1), (0, 0)): [73, 250, 103, 60, 35, 13, 4, 1]
(0, (1, 0, 1), (0, 1)): [6, 14, 4, 2, 2, 0, 2]
(0, (1, 0, 1), (0, 2)): [2, 4, 1, 0, 0, 0, 1]
(0, (1, 0, 1), (1, 0)): [1, 8, 6, 6, 2, 0, 0, 1]
(0, (1, 0, 1), (1, 1)): [4, 9, 5, 3, 1, 0, 1]
(0, (1, 0, 1), (1, 2)): [5, 4, 4, 2, 0, 0, 1]
(0, (1, 0, 1), (2, 0)): [1, 3, 3, 3, 2, 0, 0, 1]
(0, (1, 0, 1), (2, 1)): [0, 4, 4, 1, 2, 0, 1]
(0, (1, 0, 1), (2, 2)): [2, 4, 5, 0, 1, 0, 2]
(0, (1, 0, 1), (3, 0)): [1, 1, 0, 2, 0, 0, 0, 1]
(0, (1, 0, 1), (3, 1)): [1, 2, 0, 3, 1]
(0, (1, 0, 1), (3, 2)): [1, 3, 1, 1, 0, 0, 1]
(0, (1, 1, 0), (0, 0)): [529, 291, 208, 138, 93, 37, 14, 6, 4, 1]
(0, (1, 1, 0), (0, 1)): [36, 13, 15, 5, 2, 1, 1, 1]
(0, (1, 1, 0), (0, 2)): [16, 5, 5, 2, 0, 1, 1]
(0, (1, 1, 0), (1, 0)): [29, 10, 7, 5, 4, 3, 1, 1]
(0, (1, 1, 0), (1, 1)): [24, 7, 5, 3, 0, 2, 1, 2]
(0, (1, 1, 0), (1, 2)): [12, 5, 7, 3, 0, 0, 0, 2]
(0, (1, 1, 0), (2, 0)): [8, 3, 4, 2, 2]
(0, (1, 1, 0), (2, 1)): [13, 6, 0, 1, 2, 2, 1]
(0, (1, 1, 0), (2, 2)): [10, 4, 5, 1, 0, 1, 0, 1]
(0, (1, 1, 0), (3, 0)): [2, 1, 2]
(0, (1, 1, 0), (3, 1)): [6, 1, 1, 0, 2, 1]
(0, (1, 1, 0), (3, 2)): [4, 2, 1, 1, 0, 2]
(0, (1, 1, 1), (0, 0)): [53, 80, 74, 46, 49, 18, 7, 3, 1, 1]
(0, (1, 1, 1), (0, 1)): [7, 4, 2, 1, 1, 1, 0, 1]
(0, (1, 1, 1), (0, 2)): [2, 1, 2]
(0, (1, 1, 1), (1, 0)): [1, 1, 4, 1, 3, 0, 1]
(0, (1, 1, 1), (1, 1)): [2, 4, 3, 2, 1, 1]
(0, (1, 1, 1), (1, 2)): [2, 3, 2, 1]
(0, (1, 1, 1), (2, 0)): [1, 0, 1]
(0, (1, 1, 1), (2, 1)): [2, 1, 2, 1]
(0, (1, 1, 1), (2, 2)): [2, 2, 2, 1]
(0, (1, 1, 1), (3, 1)): [0, 0, 1, 1]
(0, (1, 1, 1), (3, 2)): [0, 0, 1]
(1, (0, 0, 0), (0, 0)): [13927, 1637, 627, 255, 91, 26, 9, 2]
(1, (0, 0, 0), (0, 1)): [837, 78, 32, 14, 3, 1, 1]
(1, (0, 0, 0), (0, 2)): [295, 23, 11, 2]
(1, (0, 0, 0), (1, 0)): [742, 80, 30, 14, 6, 2]
(1, (0, 0, 0), (1, 1)): [747, 78, 20, 16, 4, 2, 1]
(1, (0, 0, 0), (1, 2)): [461, 39, 13, 8, 3]
(1, (0, 0, 0), (2, 0)): [223, 21, 17, 4, 1, 1]
(1, (0, 0, 0), (2, 1)): [383, 37, 20, 7, 0, 1]
(1, (0, 0, 0), (2, 2)): [392, 30, 14, 6, 2]
(1, (0, 0, 0), (3, 0)): [64, 10, 2, 2, 1, 1]
(1, (0, 0, 0), (3, 1)): [135, 24, 13, 5, 1]
(1, (0, 0, 0), (3, 2)): [201, 25, 10, 6, 1]
(1, (0, 0, 1), (0, 0)): [315, 434, 73, 33, 10, 9, 2, 1]
(1, (0, 0, 1), (0, 1)): [25, 19, 3, 1, 0, 1, 1]
(1, (0, 0, 1), (0, 2)): [7, 3, 0, 0, 0, 0, 1]
(1, (0, 0, 1), (1, 0)): [15, 30, 3, 0, 0, 1, 0, 1]
(1, (0, 0, 1), (1, 1)): [24, 20, 2, 1, 0, 2, 0, 1]
(1, (0, 0, 1), (1, 2)): [17, 5, 1]
(1, (0, 0, 1), (2, 0)): [5, 16, 1]
(1, (0, 0, 1), (2, 1)): [7, 19, 1, 0, 0, 2, 0, 1]
(1, (0, 0, 1), (2, 2)): [11, 7, 1]
(1, (0, 0, 1), (3, 0)): [3, 6]
(1, (0, 0, 1), (3, 1)): [6, 10, 1, 0, 0, 1, 0, 1]
(1, (0, 0, 1), (3, 2)): [8, 5, 1]
(1, (0, 1, 0), (0, 0)): [1676, 726, 265, 105, 49, 20, 3, 1]
(1, (0, 1, 0), (0, 1)): [89, 31, 11, 4, 2, 2]
(1, (0, 1, 0), (0, 2)): [36, 10, 4, 0, 0, 1]
(1, (0, 1, 0), (1, 0)): [103, 43, 16, 8, 8, 2]
(1, (0, 1, 0), (1, 1)): [80, 30, 14, 5, 1, 2]
(1, (0, 1, 0), (1, 2)): [51, 18, 11, 1, 0, 2]
(1, (0, 1, 0), (2, 0)): [47, 24, 7, 4, 6, 1]
(1, (0, 1, 0), (2, 1)): [45, 18, 6, 4, 2]
(1, (0, 1, 0), (2, 2)): [37, 15, 10, 0, 2, 1]
(1, (0, 1, 0), (3, 0)): [26, 6, 2, 2, 5, 1]
(1, (0, 1, 0), (3, 1)): [25, 5, 1, 4, 2]
(1, (0, 1, 0), (3, 2)): [25, 7, 5, 3, 1]
(1, (0, 1, 1), (0, 0)): [305, 194, 173, 68, 37, 19, 8, 2, 1]
(1, (0, 1, 1), (0, 1)): [12, 6, 4, 2, 3, 1]
(1, (0, 1, 1), (0, 2)): [8, 4, 2]
(1, (0, 1, 1), (1, 0)): [17, 8, 10, 6, 2, 3, 0, 0, 1]
(1, (0, 1, 1), (1, 1)): [8, 4, 5, 3, 3]
(1, (0, 1, 1), (1, 2)): [7, 2, 2, 1, 1]
(1, (0, 1, 1), (2, 0)): [10, 5, 6, 5, 1, 3, 0, 0, 1]
(1, (0, 1, 1), (2, 1)): [5, 3, 3, 2, 1]
(1, (0, 1, 1), (2, 2)): [8, 2, 2, 1, 1]
(1, (0, 1, 1), (3, 0)): [8, 5, 4, 4, 1, 3, 0, 0, 1]
(1, (0, 1, 1), (3, 1)): [2, 1, 3, 3]
(1, (0, 1, 1), (3, 2)): [4, 1, 1, 1, 1]
(1, (1, 0, 0), (0, 0)): [5136, 850, 570, 249, 110, 45, 12, 4, 0, 1]
(1, (1, 0, 0), (0, 1)): [323, 39, 32, 14, 5, 4]
(1, (1, 0, 0), (0, 2)): [120, 15, 13, 4, 2, 1]
(1, (1, 0, 0), (1, 0)): [273, 29, 22, 15, 10, 3, 1, 0, 0, 1]
(1, (1, 0, 0), (1, 1)): [228, 30, 21, 12, 4, 3, 1]
(1, (1, 0, 0), (1, 2)): [159, 20, 16, 6, 3, 1]
(1, (1, 0, 0), (2, 0)): [96, 6, 8, 9, 7, 2, 0, 0, 0, 1]
(1, (1, 0, 0), (2, 1)): [129, 17, 15, 7, 4, 3, 1]
(1, (1, 0, 0), (2, 2)): [116, 16, 16, 5, 4, 1]
(1, (1, 0, 0), (3, 0)): [26, 0, 3, 6, 3, 0, 0, 0, 0, 1]
(1, (1, 0, 0), (3, 1)): [49, 9, 6, 7, 3, 2, 0, 0, 0, 1]
(1, (1, 0, 0), (3, 2)): [57, 10, 11, 7, 4, 1, 0, 0, 0, 1]
(1, (1, 0, 1), (0, 0)): [404, 473, 145, 91, 56, 14, 3, 3]
(1, (1, 0, 1), (0, 1)): [28, 20, 5, 4, 1, 2, 0, 1]
(1, (1, 0, 1), (0, 2)): [14, 4, 1, 2]
(1, (1, 0, 1), (1, 0)): [17, 23, 8, 9, 3]
(1, (1, 0, 1), (1, 1)): [16, 16, 4, 4, 1, 2, 0, 1]
(1, (1, 0, 1), (1, 2)): [14, 9, 1, 3, 0, 1, 0, 1]
(1, (1, 0, 1), (2, 0)): [7, 12, 5, 3, 3]
(1, (1, 0, 1), (2, 1)): [6, 8, 3, 4, 3, 1]
(1, (1, 0, 1), (2, 2)): [9, 7, 3, 1, 1]
(1, (1, 0, 1), (3, 0)): [3, 6, 4]
(1, (1, 0, 1), (3, 1)): [4, 4, 2, 2, 2]
(1, (1, 0, 1), (3, 2)): [2, 7, 1]
(1, (1, 1, 0), (0, 0)): [1502, 438, 267, 209, 92, 40, 10, 5, 1, 1]
(1, (1, 1, 0), (0, 1)): [90, 23, 7, 9, 9, 0, 2, 1]
(1, (1, 1, 0), (0, 2)): [38, 9, 0, 3, 3]
(1, (1, 1, 0), (1, 0)): [65, 17, 10, 8, 5, 2, 0, 0, 0, 1]
(1, (1, 1, 0), (1, 1)): [68, 18, 9, 7, 6, 0, 0, 0, 0, 1]
(1, (1, 1, 0), (1, 2)): [51, 15, 2, 3, 4]
(1, (1, 1, 0), (2, 0)): [24, 4, 5, 5, 0, 2]
(1, (1, 1, 0), (2, 1)): [27, 7, 6, 9, 1, 1]
(1, (1, 1, 0), (2, 2)): [33, 13, 3, 6, 2]
(1, (1, 1, 0), (3, 0)): [8, 2, 2, 2, 0, 1]
(1, (1, 1, 0), (3, 1)): [17, 1, 2, 5, 0, 2]
(1, (1, 1, 0), (3, 2)): [16, 8, 4, 6]
(1, (1, 1, 1), (0, 0)): [278, 253, 143, 83, 78, 32, 12, 7, 2]
(1, (1, 1, 1), (0, 1)): [17, 8, 5, 5, 6, 1, 0, 1, 1]
(1, (1, 1, 1), (0, 2)): [12, 2, 3, 1, 2]
(1, (1, 1, 1), (1, 0)): [6, 8, 9, 7, 3, 4]
(1, (1, 1, 1), (1, 1)): [5, 4, 3, 8, 6, 4]
(1, (1, 1, 1), (1, 2)): [7, 2, 4, 3, 1, 3]
(1, (1, 1, 1), (2, 0)): [2, 5, 5, 3, 0, 1]
(1, (1, 1, 1), (2, 1)): [4, 3, 5, 6, 1, 1]
(1, (1, 1, 1), (2, 2)): [9, 2, 4, 6, 2, 3]
(1, (1, 1, 1), (3, 0)): [0, 1, 1, 1, 0, 1]
(1, (1, 1, 1), (3, 1)): [0, 0, 1, 3, 0, 1]
(1, (1, 1, 1), (3, 2)): [6, 1, 3, 2, 2, 1]
(2, (0, 0, 0), (0, 0)): [12151, 603, 185, 63, 13, 4, 2]
(2, (0, 0, 0), (0, 1)): [719, 26, 10, 2, 1]
(2, (0, 0, 0), (0, 2)): [251, 8, 2]
(2, (0, 0, 0), (1, 0)): [649, 31, 8, 4, 1]
(2, (0, 0, 0), (1, 1)): [627, 25, 8, 1, 2]
(2, (0, 0, 0), (1, 2)): [385, 10, 4, 0, 1]
(2, (0, 0, 0), (2, 0)): [234, 10, 6, 3]
(2, (0, 0, 0), (2, 1)): [353, 10, 4, 1]
(2, (0, 0, 0), (2, 2)): [341, 9, 3, 1, 1]
(2, (0, 0, 0), (3, 0)): [72, 4, 3, 3]
(2, (0, 0, 0), (3, 1)): [157, 6, 4, 1]
(2, (0, 0, 0), (3, 2)): [202, 8, 4, 0, 1]
(2, (0, 0, 1), (0, 0)): [847, 278, 48, 19, 3, 2]
(2, (0, 0, 1), (0, 1)): [63, 15, 6]
(2, (0, 0, 1), (0, 2)): [26, 2, 1]
(2, (0, 0, 1), (1, 0)): [58, 10, 2]
(2, (0, 0, 1), (1, 1)): [61, 11, 5]
(2, (0, 0, 1), (1, 2)): [45, 3, 1]
(2, (0, 0, 1), (2, 0)): [19, 7, 1]
(2, (0, 0, 1), (2, 1)): [32, 5, 6]
(2, (0, 0, 1), (2, 2)): [35, 2, 3]
(2, (0, 0, 1), (3, 0)): [10, 5]
(2, (0, 0, 1), (3, 1)): [18, 6, 2]
(2, (0, 0, 1), (3, 2)): [21, 4, 2]
(2, (0, 1, 0), (0, 0)): [2622, 570, 157, 46, 18, 7, 2]
(2, (0, 1, 0), (0, 1)): [153, 22, 4, 3, 1]
(2, (0, 1, 0), (0, 2)): [68, 12, 1]
(2, (0, 1, 0), (1, 0)): [152, 28, 16, 2, 1, 1, 1]
(2, (0, 1, 0), (1, 1)): [122, 19, 6, 3, 1, 1, 1]
(2, (0, 1, 0), (1, 2)): [86, 10, 2]
(2, (0, 1, 0), (2, 0)): [81, 10, 9, 1, 1]
(2, (0, 1, 0), (2, 1)): [81, 13, 6, 2, 1, 1, 1]
(2, (0, 1, 0), (2, 2)): [70, 9, 4, 1, 0, 1]
(2, (0, 1, 0), (3, 0)): [39, 7, 3, 1, 1]
(2, (0, 1, 0), (3, 1)): [34, 11, 2, 0, 1, 0, 1]
(2, (0, 1, 0), (3, 2)): [46, 11, 4, 1, 0, 1]
(2, (0, 1, 1), (0, 0)): [576, 48, 107, 30, 14, 6]
(2, (0, 1, 1), (0, 1)): [33, 3, 1, 3]
(2, (0, 1, 1), (0, 2)): [15, 3, 0, 2]
(2, (0, 1, 1), (1, 0)): [20, 3, 5, 2, 1]
(2, (0, 1, 1), (1, 1)): [18, 2, 2, 3]
(2, (0, 1, 1), (1, 2)): [12, 4, 1, 2]
(2, (0, 1, 1), (2, 0)): [10, 0, 4, 0, 1]
(2, (0, 1, 1), (2, 1)): [13, 0, 3, 1]
(2, (0, 1, 1), (2, 2)): [13, 3, 3, 2]
(2, (0, 1, 1), (3, 0)): [4, 0, 1, 0, 1]
(2, (0, 1, 1), (3, 1)): [5, 0, 1]
(2, (0, 1, 1), (3, 2)): [11, 1, 2]
(2, (1, 0, 0), (0, 0)): [6312, 430, 306, 100, 27, 5, 2, 1]
(2, (1, 0, 0), (0, 1)): [326, 15, 7, 6]
(2, (1, 0, 0), (0, 2)): [121, 3, 1]
(2, (1, 0, 0), (1, 0)): [349, 30, 24, 6, 1]
(2, (1, 0, 0), (1, 1)): [278, 16, 10, 5, 1]
(2, (1, 0, 0), (1, 2)): [164, 8, 4, 2]
(2, (1, 0, 0), (2, 0)): [123, 8, 12, 4]
(2, (1, 0, 0), (2, 1)): [139, 7, 11, 4, 1]
(2, (1, 0, 0), (2, 2)): [137, 5, 7, 2]
(2, (1, 0, 0), (3, 0)): [40, 7, 4, 2]
(2, (1, 0, 0), (3, 1)): [68, 9, 6, 3]
(2, (1, 0, 0), (3, 2)): [78, 6, 5, 1]
(2, (1, 0, 1), (0, 0)): [988, 255, 79, 48, 19, 3, 2]
(2, (1, 0, 1), (0, 1)): [54, 14, 7, 4]
(2, (1, 0, 1), (0, 2)): [24, 1, 2]
(2, (1, 0, 1), (1, 0)): [55, 9, 3, 4, 0, 0, 1]
(2, (1, 0, 1), (1, 1)): [44, 8, 3, 3]
(2, (1, 0, 1), (1, 2)): [27, 1, 2, 2]
(2, (1, 0, 1), (2, 0)): [21, 4, 2, 0, 0, 0, 1]
(2, (1, 0, 1), (2, 1)): [21, 5, 2]
(2, (1, 0, 1), (2, 2)): [19, 2, 1]
(2, (1, 0, 1), (3, 0)): [6, 0, 1, 0, 0, 0, 1]
(2, (1, 0, 1), (3, 1)): [11, 2, 2, 0, 0, 0, 1]
(2, (1, 0, 1), (3, 2)): [13, 2, 0, 0, 0, 0, 1]
(2, (1, 1, 0), (0, 0)): [2597, 370, 163, 143, 31, 14, 3, 1]
(2, (1, 1, 0), (0, 1)): [161, 13, 11, 2, 2]
(2, (1, 1, 0), (0, 2)): [68, 2, 4, 0, 1]
(2, (1, 1, 0), (1, 0)): [113, 22, 8, 9, 2, 1, 1]
(2, (1, 1, 0), (1, 1)): [115, 15, 6, 5, 1]
(2, (1, 1, 0), (1, 2)): [86, 8, 7, 2, 2]
(2, (1, 1, 0), (2, 0)): [45, 7, 6, 4, 1, 1, 1]
(2, (1, 1, 0), (2, 1)): [56, 4, 5, 5, 1, 1, 1]
(2, (1, 1, 0), (2, 2)): [57, 5, 2, 1]
(2, (1, 1, 0), (3, 0)): [15, 4, 2]
(2, (1, 1, 0), (3, 1)): [22, 5, 2, 2, 1, 1, 1]
(2, (1, 1, 0), (3, 2)): [25, 5, 1, 1, 0, 1]
(2, (1, 1, 1), (0, 0)): [715, 102, 114, 51, 34, 18, 4, 2, 1]
(2, (1, 1, 1), (0, 1)): [25, 6, 2, 1, 2, 1]
(2, (1, 1, 1), (0, 2)): [10, 2, 0, 0, 1]
(2, (1, 1, 1), (1, 0)): [33, 5, 5, 2, 3, 1, 2]
(2, (1, 1, 1), (1, 1)): [28, 5, 4, 2, 2]
(2, (1, 1, 1), (1, 2)): [25, 1, 1, 0, 1]
(2, (1, 1, 1), (2, 0)): [5, 4, 1, 1, 2, 0, 1]
(2, (1, 1, 1), (2, 1)): [7, 6, 1, 0, 2]
(2, (1, 1, 1), (2, 2)): [14, 3, 1, 0, 1]
(2, (1, 1, 1), (3, 0)): [2, 2, 1, 1, 0, 0, 1]
(2, (1, 1, 1), (3, 1)): [3, 4, 1, 1, 0, 0, 1]
(2, (1, 1, 1), (3, 2)): [4, 5, 1, 1, 0, 0, 1]
