(0, (0, 0, 0)): [28716, 5783, 2514, 1124, 465, 199, 74, 31, 9, 7, 0, 1, 0, 1]
(0, (0, 0, 1)): [126, 381, 82, 41, 20, 6, 4, 3]
(0, (0, 1, 0)): [1213, 1040, 440, 216, 69, 35, 18, 10, 1, 2]
(0, (0, 1, 1)): [84, 149, 151, 74, 33, 21, 5, 0, 3, 1]
(0, (1, 0, 0)): [5791, 2044, 1200, 584, 255, 124, 43, 17, 4, 6]
(0, (1, 0, 1)): [151, 433, 160, 112, 45, 26, 11, 6, 2]
(0, (1, 1, 0)): [804, 542, 373, 247, 133, 69, 32, 10, 2, 6]
(0, (1, 1, 1)): [84, 171, 101, 78, 66, 42, 20, 5, 4, 1]
(1, (0, 0, 0)): [23756, 2517, 980, 391, 150, 53, 15, 5, 3, 0, 0, 1, 0, 1]
(1, (0, 0, 1)): [683, 949, 193, 74, 35, 8, 2, 3, 1, 0, 1]
(1, (0, 1, 0)): [3437, 1374, 533, 232, 84, 39, 10, 2, 1, 1]
(1, (0, 1, 1)): [515, 393, 330, 134, 67, 24, 9, 3, 2, 1, 0, 1]
(1, (1, 0, 0)): [8324, 1452, 928, 401, 154, 47, 20, 6, 4, 1, 0, 1, 0, 1]
(1, (1, 0, 1)): [712, 779, 257, 160, 56, 23, 16, 4, 2, 1]
(1, (1, 1, 0)): [2414, 694, 437, 325, 121, 47, 17, 4, 2, 2, 0, 0, 0, 1]
(1, (1, 1, 1)): [493, 406, 236, 123, 100, 40, 16, 5, 4, 3, 0, 1, 0, 1]
(2, (0, 0, 0)): [20756, 954, 277, 78, 24, 7, 2, 1]
(2, (0, 0, 1)): [1926, 557, 118, 33, 18, 4]
(2, (0, 1, 0)): [5219, 1015, 298, 88, 35, 13, 2, 2]
(2, (0, 1, 1)): [1078, 92, 197, 51, 24, 6, 3]
(2, (1, 0, 0)): [10080, 734, 451, 141, 47, 12, 5]
(2, (1, 0, 1)): [1906, 426, 162, 107, 28, 10, 4]
(2, (1, 1, 0)): [4057, 605, 299, 191, 76, 14, 5, 1]
(2, (1, 1, 1)): [1147, 160, 194, 85, 74, 21, 9]
