(0, (0, 0, 0), (0, 0)): [16292, 3267, 1477, 673, 280, 128, 55, 21, 9, 3, 1, 0, 0, 0, 1]
(0, (0, 0, 0), (0, 1)): [49, 7, 2, 1]
(0, (0, 0, 0), (0, 2)): [17, 3, 2]
(0, (0, 0, 0), (1, 0)): [45, 5, 2, 0, 1, 1]
(0, (0, 0, 0), (1, 1)): [39, 5, 0, 1]
(0, (0, 0, 0), (1, 2)): [28, 4, 1, 1]
(0, (0, 0, 0), (2, 0)): [20, 1, 2, 0, 1, 1]
(0, (0, 0, 0), (2, 1)): [29, 1, 1, 0, 1]
(0, (0, 0, 0), (2, 2)): [22, 2, 1]
(0, (0, 0, 0), (3, 0)): [4, 1, 1, 0, 0, 1]
(0, (0, 0, 0), (3, 1)): [9, 1, 1, 0, 1]
(0, (0, 0, 0), (3, 2)): [16, 0, 2, 0, 1]
(0, (0, 0, 1), (0, 0)): [106, 274, 92, 39, 17, 7, 5, 3, 2]
(0, (0, 1, 0), (0, 0)): [495, 543, 181, 87, 52, 14, 7, 5, 2]
(0, (0, 1, 0), (0, 1)): [1, 3]
(0, (0, 1, 0), (0, 2)): [1, 1]
(0, (0, 1, 0), (1, 0)): [1, 0, 0, 1]
(0, (0, 1, 0), (1, 1)): [1]
(0, (0, 1, 0), (1, 2)): [2, 1]
(0, (0, 1, 0), (2, 0)): [0, 0, 0, 1]
(0, (0, 1, 0), (2, 1)): [0, 0, 0, 1]
(0, (0, 1, 0), (2, 2)): [0, 0, 0, 1]
(0, (0, 1, 1), (0, 0)): [38, 81, 110, 38, 21, 7, 6, 1, 1, 0, 0, 0, 0, 0, 1]
(0, (0, 1, 1), (0, 1)): [1]
(0, (0, 1, 1), (1, 0)): [0, 0, 1]
(0, (0, 1, 1), (1, 1)): [1]
(0, (0, 1, 1), (2, 0)): [0, 0, 1]
(0, (0, 1, 1), (3, 0)): [0, 0, 1]
(0, (0, 1, 1), (3, 1)): [0, 0, 1]
(0, (1, 0, 0), (0, 0)): [3654, 1285, 778, 373, 165, 78, 38, 14, 5, 2, 1, 0, 0, 0, 1]
(0, (1, 0, 0), (0, 1)): [9, 0, 2, 0, 1]
(0, (1, 0, 0), (0, 2)): [3, 0, 1]
(0, (1, 0, 0), (1, 0)): [7, 1, 0, 1]
(0, (1, 0, 0), (1, 1)): [9, 0, 1, 0, 1]
(0, (1, 0, 0), (1, 2)): [1, 0, 0, 0, 1]
(0, (1, 0, 0), (2, 0)): [1, 0, 0, 1]
(0, (1, 0, 0), (2, 1)): [3]
(0, (1, 0, 0), (2, 2)): [1]
(0, (1, 0, 0), (3, 1)): [1]
(0, (1, 0, 0), (3, 2)): [2]
(0, (1, 0, 1), (0, 0)): [87, 231, 97, 74, 36, 18, 9, 2, 1]
(0, (1, 0, 1), (0, 1)): [1]
(0, (1, 0, 1), (1, 0)): [0, 1]
(0, (1, 0, 1), (1, 1)): [1]
(0, (1, 1, 0), (0, 0)): [431, 302, 272, 162, 101, 40, 16, 7, 1, 0, 1]
(0, (1, 1, 0), (0, 1)): [2]
(0, (1, 1, 0), (0, 2)): [1]
(0, (1, 1, 0), (1, 0)): [1]
(0, (1, 1, 0), (1, 1)): [2]
(0, (1, 1, 0), (2, 1)): [1]
(0, (1, 1, 1), (0, 0)): [45, 72, 66, 67, 58, 21, 11, 5, 1, 1, 1, 0, 0, 0, 1]
(0, (1, 1, 1), (0, 1)): [0, 0, 0, 0, 1]
(0, (1, 1, 1), (0, 2)): [0, 0, 0, 0, 1]
(0, (1, 1, 1), (1, 2)): [0, 0, 0, 0, 1]
(1, (0, 0, 0), (0, 0)): [12802, 1361, 521, 219, 75, 41, 12, 2, 2, 1]
(1, (0, 0, 0), (0, 1)): [37, 6]
(1, (0, 0, 0), (0, 2)): [14, 1]
(1, (0, 0, 0), (1, 0)): [32, 3, 1]
(1, (0, 0, 0), (1, 1)): [26, 3, 1]
(1, (0, 0, 0), (1, 2)): [18, 2]
(1, (0, 0, 0), (2, 0)): [10, 2]
(1, (0, 0, 0), (2, 1)): [15, 2, 1]
(1, (0, 0, 0), (2, 2)): [14, 2]
(1, (0, 0, 0), (3, 0)): [2]
(1, (0, 0, 0), (3, 1)): [5, 1, 1]
(1, (0, 0, 0), (3, 2)): [10, 0, 1]
(1, (0, 0, 1), (0, 0)): [468, 739, 141, 71, 26, 9, 3, 2, 1, 0, 0, 1]
(1, (0, 0, 1), (0, 1)): [1, 1]
(1, (0, 0, 1), (1, 0)): [1, 0, 0, 1]
(1, (0, 0, 1), (1, 1)): [1, 1]
(1, (0, 0, 1), (1, 2)): [1]
(1, (0, 0, 1), (2, 0)): [1, 0, 0, 1]
(1, (0, 0, 1), (2, 2)): [1]
(1, (0, 0, 1), (3, 0)): [1, 0, 0, 1]
(1, (0, 0, 1), (3, 1)): [1]
(1, (0, 0, 1), (3, 2)): [1]
(1, (0, 1, 0), (0, 0)): [2077, 1008, 335, 113, 46, 30, 9, 4, 2]
(1, (0, 1, 0), (0, 1)): [4, 2, 2]
(1, (0, 1, 0), (0, 2)): [2, 2, 1]
(1, (0, 1, 0), (1, 0)): [5, 1]
(1, (0, 1, 0), (1, 1)): [2, 1, 1]
(1, (0, 1, 0), (1, 2)): [2, 2, 1]
(1, (0, 1, 0), (2, 0)): [3]
(1, (0, 1, 0), (2, 1)): [2, 0, 1]
(1, (0, 1, 0), (2, 2)): [2, 1, 2]
(1, (0, 1, 0), (3, 0)): [2]
(1, (0, 1, 0), (3, 1)): [2]
(1, (0, 1, 0), (3, 2)): [3, 0, 1]
(1, (0, 1, 1), (0, 0)): [308, 308, 351, 117, 51, 16, 7, 3, 2, 0, 1]
(1, (0, 1, 1), (0, 1)): [2]
(1, (0, 1, 1), (0, 2)): [1]
(1, (0, 1, 1), (1, 0)): [3]
(1, (0, 1, 1), (1, 1)): [1]
(1, (0, 1, 1), (1, 2)): [1]
(1, (0, 1, 1), (2, 0)): [1]
(1, (0, 1, 1), (2, 2)): [1]
(1, (0, 1, 1), (3, 0)): [1]
(1, (1, 0, 0), (0, 0)): [5246, 984, 543, 254, 96, 43, 15, 7, 3, 2, 1]
(1, (1, 0, 0), (0, 1)): [13, 3, 1]
(1, (1, 0, 0), (0, 2)): [7, 1, 1]
(1, (1, 0, 0), (1, 0)): [12, 3, 1]
(1, (1, 0, 0), (1, 1)): [2, 1]
(1, (1, 0, 0), (1, 2)): [3, 1]
(1, (1, 0, 0), (2, 0)): [6, 0, 1]
(1, (1, 0, 0), (2, 1)): [0, 0, 1]
(1, (1, 0, 0), (2, 2)): [1, 1, 1]
(1, (1, 0, 0), (3, 0)): [2]
(1, (1, 0, 1), (0, 0)): [409, 490, 185, 132, 45, 24, 13, 5, 1, 1]
(1, (1, 0, 1), (0, 1)): [0, 2, 1]
(1, (1, 0, 1), (0, 2)): [0, 1, 1]
(1, (1, 0, 1), (1, 0)): [1, 0, 0, 1]
(1, (1, 0, 1), (1, 1)): [1, 1]
(1, (1, 0, 1), (1, 2)): [1, 0, 1]
(1, (1, 0, 1), (2, 1)): [0, 1]
(1, (1, 0, 1), (2, 2)): [0, 1]
(1, (1, 1, 0), (0, 0)): [1248, 444, 305, 184, 77, 44, 11, 5, 3, 1, 0, 0, 0, 1]
(1, (1, 1, 0), (0, 1)): [3, 1]
(1, (1, 1, 0), (0, 2)): [1, 1]
(1, (1, 1, 0), (1, 0)): [1, 1, 1]
(1, (1, 1, 0), (1, 1)): [2, 1, 1]
(1, (1, 1, 0), (1, 2)): [2]
(1, (1, 1, 0), (2, 1)): [0, 1]
(1, (1, 1, 0), (2, 2)): [1]
(1, (1, 1, 1), (0, 0)): [222, 210, 142, 101, 74, 37, 7, 2, 1, 1]
(1, (1, 1, 1), (0, 1)): [0, 1]
(1, (1, 1, 1), (0, 2)): [0, 1]
(1, (1, 1, 1), (1, 2)): [0, 1]
(1, (1, 1, 1), (2, 2)): [0, 1]
(1, (1, 1, 1), (3, 2)): [0, 1]
(2, (0, 0, 0), (0, 0)): [10900, 441, 155, 52, 9, 5, 1, 1]
(2, (0, 0, 0), (0, 1)): [25, 2]
(2, (0, 0, 0), (0, 2)): [11]
(2, (0, 0, 0), (1, 0)): [34]
(2, (0, 0, 0), (1, 1)): [19, 1]
(2, (0, 0, 0), (1, 2)): [15, 1]
(2, (0, 0, 0), (2, 0)): [13]
(2, (0, 0, 0), (2, 1)): [14]
(2, (0, 0, 0), (2, 2)): [13, 1]
(2, (0, 0, 0), (3, 0)): [4]
(2, (0, 0, 0), (3, 1)): [4]
(2, (0, 0, 0), (3, 2)): [9]
(2, (0, 0, 1), (0, 0)): [1468, 498, 92, 19, 6, 1]
(2, (0, 0, 1), (0, 1)): [2]
(2, (0, 0, 1), (1, 0)): [1, 2]
(2, (0, 0, 1), (1, 1)): [1]
(2, (0, 0, 1), (2, 0)): [1, 1]
(2, (0, 0, 1), (2, 1)): [2, 1]
(2, (0, 1, 0), (0, 0)): [3289, 729, 183, 67, 19, 3]
(2, (0, 1, 0), (0, 1)): [9, 2]
(2, (0, 1, 0), (0, 2)): [3]
(2, (0, 1, 0), (1, 0)): [6, 2, 1]
(2, (0, 1, 0), (1, 1)): [5, 2]
(2, (0, 1, 0), (1, 2)): [5]
(2, (0, 1, 0), (2, 0)): [3, 2, 1]
(2, (0, 1, 0), (2, 1)): [3, 3, 1]
(2, (0, 1, 0), (2, 2)): [4, 1, 1]
(2, (0, 1, 0), (3, 0)): [1]
(2, (0, 1, 0), (3, 1)): [2]
(2, (0, 1, 0), (3, 2)): [3, 0, 1]
(2, (0, 1, 1), (0, 0)): [839, 82, 227, 49, 18, 3, 2, 0, 1]
(2, (0, 1, 1), (1, 0)): [4]
(2, (0, 1, 1), (2, 0)): [4]
(2, (0, 1, 1), (3, 0)): [3]
(2, (1, 0, 0), (0, 0)): [6360, 505, 254, 73, 21, 8, 3, 2, 1]
(2, (1, 0, 0), (0, 1)): [11, 2, 1, 0, 0, 1]
(2, (1, 0, 0), (0, 2)): [4, 0, 0, 0, 0, 1]
(2, (1, 0, 0), (1, 0)): [8, 1]
(2, (1, 0, 0), (1, 1)): [5, 2, 1]
(2, (1, 0, 0), (1, 2)): [4]
(2, (1, 0, 0), (2, 0)): [2]
(2, (1, 0, 0), (2, 1)): [3, 1]
(2, (1, 0, 0), (2, 2)): [6]
(2, (1, 0, 0), (3, 0)): [1]
(2, (1, 0, 0), (3, 1)): [1]
(2, (1, 0, 0), (3, 2)): [3]
(2, (1, 0, 1), (0, 0)): [1091, 294, 160, 55, 12, 6, 3, 0, 1]
(2, (1, 0, 1), (0, 1)): [0, 2]
(2, (1, 0, 1), (1, 0)): [1]
(2, (1, 0, 1), (1, 1)): [0, 1]
(2, (1, 0, 1), (2, 0)): [1]
(2, (1, 0, 1), (3, 0)): [1]
(2, (1, 1, 0), (0, 0)): [2041, 311, 153, 92, 24, 12, 3, 2]
(2, (1, 1, 0), (0, 1)): [8]
(2, (1, 1, 0), (0, 2)): [4]
(2, (1, 1, 0), (1, 0)): [5]
(2, (1, 1, 0), (1, 1)): [3]
(2, (1, 1, 0), (1, 2)): [1]
(2, (1, 1, 0), (2, 0)): [2]
(2, (1, 1, 0), (2, 1)): [2]
(2, (1, 1, 0), (2, 2)): [2]
(2, (1, 1, 0), (3, 0)): [1]
(2, (1, 1, 0), (3, 1)): [1]
(2, (1, 1, 0), (3, 2)): [2]
(2, (1, 1, 1), (0, 0)): [593, 96, 124, 59, 34, 6, 2, 1, 1]
(2, (1, 1, 1), (0, 1)): [2]
(2, (1, 1, 1), (0, 2)): [1]
(2, (1, 1, 1), (1, 0)): [3, 1]
(2, (1, 1, 1), (2, 0)): [3, 1]
(2, (1, 1, 1), (2, 1)): [1, 1]
(2, (1, 1, 1), (3, 1)): [0, 1]
(2, (1, 1, 1), (3, 2)): [0, 1]
