(0, (0, 0, 0), (0, 0)): [1783674, 360441, 165224, 75118, 33498, 14213, 5876, 2405, 972, 422, 177, 88, 33, 17, 4, 1, 1, 1]
(0, (0, 0, 0), (0, 1)): [161779, 31031, 13975, 6383, 2773, 1199, 482, 170, 70, 34, 15, 8, 3, 3, 0, 1]
(0, (0, 0, 0), (0, 2)): [60874, 10415, 4543, 2014, 867, 369, 150, 50, 23, 10, 4, 2, 1]
(0, (0, 0, 0), (1, 0)): [146852, 33169, 15492, 7232, 3385, 1371, 610, 242, 103, 32, 11, 9, 0, 2, 1, 0, 1]
(0, (0, 0, 0), (1, 1)): [139301, 28271, 13088, 6076, 2667, 1131, 480, 171, 81, 20, 16, 9, 2, 3, 0, 1, 1]
(0, (0, 0, 0), (1, 2)): [93902, 16706, 7474, 3329, 1488, 631, 261, 93, 47, 15, 8, 5, 3]
(0, (0, 0, 0), (2, 0)): [47553, 11921, 5913, 2800, 1379, 551, 254, 111, 36, 16, 5, 4, 0, 1, 1]
(0, (0, 0, 0), (2, 1)): [72611, 16165, 7911, 3672, 1709, 717, 302, 134, 48, 13, 8, 6, 0, 1, 0, 0, 1]
(0, (0, 0, 0), (2, 2)): [74648, 14538, 6797, 3126, 1409, 584, 237, 87, 49, 14, 6, 2, 3, 0, 0, 0, 1]
(0, (0, 0, 0), (3, 0)): [14096, 4105, 2289, 1174, 574, 243, 108, 43, 13, 6, 2, 0, 0, 1, 1]
(0, (0, 0, 0), (3, 1)): [27887, 7376, 3923, 1907, 919, 382, 167, 76, 26, 7, 3, 5, 0, 1, 1]
(0, (0, 0, 0), (3, 2)): [39636, 9134, 4748, 2200, 1057, 446, 179, 70, 32, 11, 4, 6, 2, 0, 1, 0, 1]
(0, (0, 0, 1), (0, 0)): [7184, 21784, 5990, 2835, 1372, 578, 260, 113, 41, 23, 11, 3, 4, 3]
(0, (0, 0, 1), (0, 1)): [470, 1436, 411, 167, 97, 33, 17, 8, 2, 1, 1, 0, 0, 1]
(0, (0, 0, 1), (0, 2)): [205, 541, 136, 56, 33, 12, 3, 2, 2]
(0, (0, 0, 1), (1, 0)): [503, 1680, 489, 262, 121, 61, 22, 9, 2, 1, 2]
(0, (0, 0, 1), (1, 1)): [461, 1372, 391, 172, 102, 38, 23, 7, 0, 1, 2, 0, 0, 1]
(0, (0, 0, 1), (1, 2)): [339, 889, 229, 93, 51, 23, 9, 5, 2, 1, 1]
(0, (0, 0, 1), (2, 0)): [179, 639, 202, 123, 45, 29, 6, 5, 2, 1]
(0, (0, 0, 1), (2, 1)): [251, 781, 260, 131, 75, 27, 15, 4, 1, 1, 1]
(0, (0, 0, 1), (2, 2)): [315, 795, 216, 100, 69, 21, 10, 0, 1, 1, 1]
(0, (0, 0, 1), (3, 0)): [53, 218, 67, 52, 17, 13, 4, 2, 1]
(0, (0, 0, 1), (3, 1)): [101, 358, 117, 82, 36, 14, 7, 4, 1]
(0, (0, 0, 1), (3, 2)): [178, 492, 132, 90, 58, 12, 4, 1, 2, 1, 1]
(0, (0, 1, 0), (0, 0)): [64301, 60347, 23491, 11423, 5465, 2338, 988, 414, 175, 96, 33, 9, 4, 6, 2, 0, 1]
(0, (0, 1, 0), (0, 1)): [5916, 5375, 2059, 951, 459, 192, 98, 38, 17, 7, 0, 0, 0, 1]
(0, (0, 1, 0), (0, 2)): [2383, 1817, 703, 299, 144, 67, 40, 12, 6, 3]
(0, (0, 1, 0), (1, 0)): [5857, 5757, 2422, 1258, 569, 269, 89, 47, 18, 8, 4, 1, 1, 2, 1, 0, 1]
(0, (0, 1, 0), (1, 1)): [5226, 4732, 1893, 937, 428, 187, 77, 39, 7, 5, 1, 0, 0, 2]
(0, (0, 1, 0), (1, 2)): [3658, 2844, 1157, 556, 239, 109, 48, 27, 5, 2, 1]
(0, (0, 1, 0), (2, 0)): [2130, 2064, 923, 517, 210, 128, 37, 20, 10, 3, 1, 1, 1, 1, 0, 0, 1]
(0, (0, 1, 0), (2, 1)): [2838, 2657, 1147, 564, 263, 138, 47, 20, 6, 5, 1, 0, 1, 1, 0, 0, 1]
(0, (0, 1, 0), (2, 2)): [3128, 2405, 1055, 488, 217, 100, 46, 17, 7, 2, 1, 0, 0, 0, 0, 0, 1]
(0, (0, 1, 0), (3, 0)): [734, 615, 315, 211, 83, 58, 21, 12, 6, 1, 0, 1]
(0, (0, 1, 0), (3, 1)): [1228, 1082, 543, 330, 143, 82, 26, 14, 2, 1, 0, 1, 0, 1]
(0, (0, 1, 0), (3, 2)): [1820, 1394, 710, 342, 167, 74, 38, 13, 4, 3, 1, 0, 0, 0, 0, 0, 1]
(0, (0, 1, 1), (0, 0)): [5251, 9134, 10898, 5041, 2630, 1255, 533, 239, 122, 52, 12, 10, 2, 2, 2, 0, 1, 1]
(0, (0, 1, 1), (0, 1)): [479, 748, 881, 372, 200, 91, 48, 14, 8, 4, 1, 2, 0, 0, 0, 0, 1]
(0, (0, 1, 1), (0, 2)): [216, 274, 310, 142, 65, 34, 19, 6, 1, 2, 0, 1]
(0, (0, 1, 1), (1, 0)): [456, 932, 1085, 561, 277, 148, 51, 25, 16, 4, 1, 2, 0, 0, 1]
(0, (0, 1, 1), (1, 1)): [399, 701, 820, 373, 203, 86, 35, 15, 8, 3, 1, 0, 0, 0, 0, 0, 1]
(0, (0, 1, 1), (1, 2)): [306, 434, 471, 216, 122, 59, 23, 7, 4, 2, 0, 1, 0, 0, 0, 0, 1]
(0, (0, 1, 1), (2, 0)): [193, 419, 428, 252, 134, 87, 23, 11, 8, 3, 1, 1, 0, 0, 1]
(0, (0, 1, 1), (2, 1)): [216, 417, 477, 238, 113, 52, 17, 15, 9, 4, 0, 0, 0, 0, 1]
(0, (0, 1, 1), (2, 2)): [260, 401, 404, 201, 102, 53, 18, 11, 4, 3, 0, 1, 0, 0, 0, 0, 1]
(0, (0, 1, 1), (3, 0)): [103, 188, 182, 118, 82, 48, 12, 3, 3, 1, 1, 1]
(0, (0, 1, 1), (3, 1)): [88, 164, 199, 109, 76, 29, 10, 5, 6, 2, 0, 0, 0, 0, 1]
(0, (0, 1, 1), (3, 2)): [139, 211, 260, 133, 72, 42, 13, 9, 8, 1, 0, 0, 0, 0, 0, 0, 1]
(0, (1, 0, 0), (0, 0)): [379115, 127532, 80696, 39908, 18966, 8467, 3532, 1496, 629, 276, 124, 54, 22, 11, 3, 1, 1, 1]
(0, (1, 0, 0), (0, 1)): [31359, 9682, 6300, 3014, 1449, 642, 264, 113, 50, 12, 2, 4]
(0, (1, 0, 0), (0, 2)): [11546, 3145, 2098, 965, 462, 193, 100, 30, 16, 3, 1, 2]
(0, (1, 0, 0), (1, 0)): [28594, 10431, 7093, 3646, 1790, 795, 346, 133, 60, 32, 15, 6, 0, 5, 1, 0, 1]
(0, (1, 0, 0), (1, 1)): [24329, 7982, 5294, 2636, 1220, 590, 223, 93, 41, 19, 7, 2, 0, 2]
(0, (1, 0, 0), (1, 2)): [15502, 4410, 2969, 1464, 670, 287, 129, 48, 24, 7, 0, 2]
(0, (1, 0, 0), (2, 0)): [8875, 3501, 2497, 1392, 714, 307, 149, 59, 22, 14, 7, 2, 0, 3, 0, 0, 1]
(0, (1, 0, 0), (2, 1)): [11902, 4181, 2876, 1499, 703, 350, 143, 58, 23, 14, 5, 2, 0, 4, 0, 0, 1]
(0, (1, 0, 0), (2, 2)): [11212, 3452, 2374, 1145, 556, 224, 115, 47, 22, 11, 2, 1, 0, 2]
(0, (1, 0, 0), (3, 0)): [2298, 1084, 823, 554, 297, 117, 61, 23, 10, 5, 3, 1]
(0, (1, 0, 0), (3, 1)): [4150, 1742, 1254, 790, 382, 184, 72, 29, 14, 7, 4, 1, 0, 2]
(0, (1, 0, 0), (3, 2)): [5233, 1987, 1371, 792, 392, 163, 77, 32, 15, 7, 2, 0, 0, 1]
(0, (1, 0, 1), (0, 0)): [9006, 27431, 11243, 7810, 4095, 1891, 895, 351, 177, 64, 38, 16, 6, 2, 2, 0, 0, 1]
(0, (1, 0, 1), (0, 1)): [738, 2152, 866, 619, 311, 154, 71, 16, 12, 4, 2, 0, 1, 1]
(0, (1, 0, 1), (0, 2)): [326, 758, 284, 195, 99, 54, 24, 5, 4, 1, 0, 0, 0, 1]
(0, (1, 0, 1), (1, 0)): [692, 2344, 932, 697, 377, 191, 62, 28, 19, 3, 6, 0, 0, 0, 1]
(0, (1, 0, 1), (1, 1)): [603, 1758, 724, 505, 262, 115, 46, 19, 14, 1, 4]
(0, (1, 0, 1), (1, 2)): [461, 1005, 422, 273, 152, 52, 24, 9, 6, 1]
(0, (1, 0, 1), (2, 0)): [233, 791, 321, 252, 148, 87, 25, 10, 4, 2, 2]
(0, (1, 0, 1), (2, 1)): [290, 919, 384, 284, 139, 84, 27, 10, 11, 0, 3]
(0, (1, 0, 1), (2, 2)): [361, 785, 326, 233, 119, 59, 24, 13, 4, 1, 2]
(0, (1, 0, 1), (3, 0)): [76, 243, 108, 66, 54, 38, 9, 5, 0, 1, 1]
(0, (1, 0, 1), (3, 1)): [101, 305, 156, 116, 87, 46, 9, 3, 5, 1, 1]
(0, (1, 0, 1), (3, 2)): [169, 389, 204, 136, 86, 50, 15, 9, 6, 2, 3]
(0, (1, 1, 0), (0, 0)): [52556, 33539, 25227, 18020, 9551, 4462, 1886, 891, 359, 171, 79, 30, 11, 4, 0, 0, 1]
(0, (1, 1, 0), (0, 1)): [4824, 2716, 1889, 1416, 805, 324, 149, 65, 20, 12, 5, 4, 0, 0, 0, 0, 1]
(0, (1, 1, 0), (0, 2)): [1934, 946, 618, 464, 261, 101, 47, 22, 8, 5, 1]
(0, (1, 1, 0), (1, 0)): [3902, 2606, 2029, 1533, 791, 411, 164, 70, 29, 11, 6, 2, 1, 2]
(0, (1, 1, 0), (1, 1)): [3535, 2057, 1552, 1208, 631, 296, 122, 49, 15, 8, 7, 2, 1, 1, 0, 0, 1]
(0, (1, 1, 0), (1, 2)): [2487, 1238, 872, 721, 367, 133, 61, 29, 7, 8, 3, 1, 0, 1, 0, 0, 1]
(0, (1, 1, 0), (2, 0)): [1171, 842, 700, 520, 295, 154, 70, 30, 14, 5, 2, 2, 0, 1]
(0, (1, 1, 0), (2, 1)): [1638, 1049, 849, 654, 359, 169, 71, 29, 14, 5, 5, 2, 1]
(0, (1, 1, 0), (2, 2)): [1722, 932, 698, 587, 300, 131, 57, 28, 9, 7, 3, 0, 0, 0, 0, 0, 1]
(0, (1, 1, 0), (3, 0)): [264, 264, 252, 176, 111, 62, 26, 14, 7, 3, 1, 1, 0, 1]
(0, (1, 1, 0), (3, 1)): [583, 441, 387, 281, 181, 96, 44, 13, 10, 4, 3, 1, 1]
(0, (1, 1, 0), (3, 2)): [817, 510, 439, 374, 206, 97, 41, 22, 8, 2, 2, 0, 0, 0, 0, 0, 1]
(0, (1, 1, 1), (0, 0)): [5029, 9717, 7996, 5928, 4720, 2348, 1074, 522, 237, 105, 54, 17, 6, 3, 1, 0, 1]
(0, (1, 1, 1), (0, 1)): [485, 847, 727, 466, 409, 192, 78, 36, 24, 11, 3, 1, 2, 1]
(0, (1, 1, 1), (0, 2)): [247, 332, 274, 172, 136, 73, 24, 9, 9, 3, 2, 1, 1]
(0, (1, 1, 1), (1, 0)): [331, 794, 687, 504, 390, 213, 82, 33, 17, 6, 5, 2, 0, 1, 0, 0, 1]
(0, (1, 1, 1), (1, 1)): [333, 706, 580, 384, 332, 162, 67, 33, 14, 10, 3, 0, 1, 1, 0, 0, 1]
(0, (1, 1, 1), (1, 2)): [310, 485, 372, 239, 203, 93, 28, 17, 8, 1, 2, 1, 0, 1, 0, 0, 1]
(0, (1, 1, 1), (2, 0)): [90, 243, 231, 178, 149, 92, 24, 14, 7, 1, 2, 1, 0, 1]
(0, (1, 1, 1), (2, 1)): [149, 310, 287, 204, 154, 96, 34, 19, 14, 6, 1, 0, 1]
(0, (1, 1, 1), (2, 2)): [191, 340, 286, 193, 152, 84, 25, 16, 6, 4, 0, 1, 1]
(0, (1, 1, 1), (3, 0)): [15, 69, 66, 66, 49, 36, 12, 7, 2, 0, 2, 1, 0, 1]
(0, (1, 1, 1), (3, 1)): [42, 116, 119, 91, 68, 40, 21, 8, 5, 2, 1, 1, 0, 1]
(0, (1, 1, 1), (3, 2)): [71, 172, 162, 114, 94, 48, 24, 12, 6, 2, 0, 1, 1, 1]
(1, (0, 0, 0), (0, 0)): [1449810, 159205, 64967, 25670, 9974, 3763, 1456, 536, 189, 75, 29, 20, 7, 3, 0, 1]
(1, (0, 0, 0), (0, 1)): [133328, 13710, 5446, 2174, 864, 291, 104, 49, 10, 1, 0, 3, 0, 1]
(1, (0, 0, 0), (0, 2)): [50231, 4381, 1675, 636, 269, 87, 27, 15, 1, 0, 0, 2]
(1, (0, 0, 0), (1, 0)): [125708, 15867, 6628, 2662, 1043, 383, 156, 52, 15, 7, 2, 2, 0, 0, 0, 1]
(1, (0, 0, 0), (1, 1)): [117827, 13014, 5242, 2132, 846, 296, 122, 42, 14, 3, 0, 1, 0, 1]
(1, (0, 0, 0), (1, 2)): [78196, 7238, 2860, 1151, 468, 169, 60, 19, 4, 0, 0, 1]
(1, (0, 0, 0), (2, 0)): [42009, 6079, 2740, 1101, 421, 161, 71, 26, 5, 4, 2, 2, 0, 0, 0, 1]
(1, (0, 0, 0), (2, 1)): [62868, 7928, 3398, 1337, 538, 194, 66, 32, 6, 5, 1, 1]
(1, (0, 0, 0), (2, 2)): [63928, 6601, 2757, 1138, 451, 162, 57, 24, 7, 2, 1]
(1, (0, 0, 0), (3, 0)): [12559, 2051, 1146, 454, 180, 69, 39, 10, 4, 2, 1, 1, 0, 0, 0, 1]
(1, (0, 0, 0), (3, 1)): [25165, 3925, 1879, 778, 306, 118, 52, 14, 2, 3]
(1, (0, 0, 0), (3, 2)): [35114, 4537, 2122, 880, 344, 123, 48, 16, 6, 3, 1]
(1, (0, 0, 1), (0, 0)): [40401, 58352, 11481, 4924, 2042, 837, 313, 126, 56, 23, 12, 6, 4, 2]
(1, (0, 0, 1), (0, 1)): [3382, 4126, 821, 332, 133, 55, 24, 8, 2, 0, 2, 1]
(1, (0, 0, 1), (0, 2)): [1457, 1335, 258, 99, 48, 13, 10, 1, 2, 0, 0, 1]
(1, (0, 0, 1), (1, 0)): [3664, 5611, 1150, 558, 214, 107, 30, 12, 7, 3]
(1, (0, 0, 1), (1, 1)): [3172, 4129, 837, 350, 147, 63, 17, 9, 1, 2, 1]
(1, (0, 0, 1), (1, 2)): [2330, 2262, 419, 180, 79, 28, 10, 2, 2, 0, 0, 1]
(1, (0, 0, 1), (2, 0)): [1510, 2284, 518, 281, 109, 56, 19, 6, 6, 1]
(1, (0, 0, 1), (2, 1)): [1835, 2504, 535, 248, 101, 47, 14, 6, 3, 1, 1]
(1, (0, 0, 1), (2, 2)): [2031, 2068, 416, 191, 75, 34, 11, 3, 2, 0, 1, 1]
(1, (0, 0, 1), (3, 0)): [696, 952, 251, 152, 59, 31, 8, 4, 1]
(1, (0, 0, 1), (3, 1)): [777, 1067, 263, 152, 50, 26, 10, 6, 1]
(1, (0, 0, 1), (3, 2)): [1195, 1286, 302, 163, 66, 29, 12, 4, 2, 0, 1]
(1, (0, 1, 0), (0, 0)): [198836, 87910, 31750, 13644, 5500, 2173, 745, 338, 106, 47, 26, 9, 9, 2, 1]
(1, (0, 1, 0), (0, 1)): [16914, 6755, 2380, 1008, 391, 156, 54, 24, 8, 4, 2]
(1, (0, 1, 0), (0, 2)): [6537, 2344, 770, 321, 111, 52, 16, 7, 3, 1]
(1, (0, 1, 0), (1, 0)): [19331, 8365, 3228, 1577, 673, 259, 87, 44, 17, 5, 4, 0, 0, 1]
(1, (0, 1, 0), (1, 1)): [15773, 6316, 2302, 1072, 431, 175, 56, 23, 8, 3, 1, 0, 0, 1]
(1, (0, 1, 0), (1, 2)): [10472, 3766, 1312, 558, 185, 82, 24, 16, 6, 3]
(1, (0, 1, 0), (2, 0)): [8225, 3413, 1436, 801, 353, 134, 52, 29, 10, 3, 4]
(1, (0, 1, 0), (2, 1)): [9078, 3731, 1448, 738, 339, 114, 46, 22, 5, 3, 1, 0, 0, 1]
(1, (0, 1, 0), (2, 2)): [9048, 3244, 1220, 536, 215, 81, 22, 11, 7, 4]
(1, (0, 1, 0), (3, 0)): [3822, 1453, 651, 458, 207, 78, 30, 16, 7, 1, 2]
(1, (0, 1, 0), (3, 1)): [4320, 1644, 742, 450, 231, 72, 35, 16, 6, 2, 2, 0, 0, 1]
(1, (0, 1, 0), (3, 2)): [5545, 1967, 878, 463, 214, 62, 26, 11, 4, 5, 1, 0, 0, 1]
(1, (0, 1, 1), (0, 0)): [31368, 26051, 23180, 9240, 4729, 1853, 725, 293, 130, 44, 12, 7, 2, 2, 0, 1]
(1, (0, 1, 1), (0, 1)): [2335, 1783, 1498, 584, 265, 101, 55, 22, 3, 1]
(1, (0, 1, 1), (0, 2)): [1100, 580, 526, 207, 101, 25, 20, 8, 1, 1]
(1, (0, 1, 1), (1, 0)): [3178, 2857, 2183, 930, 598, 213, 80, 36, 12, 5]
(1, (0, 1, 1), (1, 1)): [2028, 1627, 1341, 537, 257, 93, 35, 19, 2, 2]
(1, (0, 1, 1), (1, 2)): [1634, 932, 834, 316, 157, 54, 22, 12, 1, 1]
(1, (0, 1, 1), (2, 0)): [1853, 1569, 1168, 541, 416, 159, 64, 25, 11, 3]
(1, (0, 1, 1), (2, 1)): [1113, 928, 766, 337, 175, 66, 25, 9, 1, 3]
(1, (0, 1, 1), (2, 2)): [1332, 797, 698, 289, 145, 45, 13, 7, 1, 1]
(1, (0, 1, 1), (3, 0)): [1356, 1118, 750, 384, 339, 127, 55, 22, 10, 2]
(1, (0, 1, 1), (3, 1)): [469, 427, 349, 146, 98, 48, 20, 6, 1, 1]
(1, (0, 1, 1), (3, 2)): [741, 517, 396, 179, 103, 41, 11, 8, 1, 1]
(1, (1, 0, 0), (0, 0)): [547843, 98019, 62627, 26583, 10762, 4240, 1677, 600, 243, 101, 36, 28, 5, 3, 0, 2]
(1, (1, 0, 0), (0, 1)): [45461, 7364, 4752, 2054, 802, 305, 142, 48, 8, 6, 2, 2]
(1, (1, 0, 0), (0, 2)): [16644, 2304, 1483, 609, 228, 101, 53, 14, 2, 3]
(1, (1, 0, 0), (1, 0)): [44783, 8775, 5964, 2616, 1058, 414, 166, 59, 16, 9, 1, 2, 1, 0, 0, 1]
(1, (1, 0, 0), (1, 1)): [37379, 6488, 4339, 1888, 729, 280, 112, 40, 9, 4, 3, 4, 0, 0, 0, 1]
(1, (1, 0, 0), (1, 2)): [23646, 3558, 2371, 973, 366, 149, 65, 22, 3, 3, 2, 1]
(1, (1, 0, 0), (2, 0)): [14531, 3097, 2171, 1069, 451, 177, 72, 20, 9, 4, 0, 0, 1]
(1, (1, 0, 0), (2, 1)): [18814, 3602, 2440, 1179, 449, 180, 80, 22, 8, 1, 1, 2, 0, 0, 0, 1]
(1, (1, 0, 0), (2, 2)): [17842, 2931, 1971, 895, 350, 135, 62, 18, 3, 2, 2]
(1, (1, 0, 0), (3, 0)): [4047, 1053, 660, 426, 199, 76, 22, 6, 3, 3, 0, 0, 1]
(1, (1, 0, 0), (3, 1)): [7143, 1687, 1065, 606, 257, 91, 37, 10, 5, 3, 1, 1, 0, 0, 0, 1]
(1, (1, 0, 0), (3, 2)): [8865, 1846, 1153, 621, 252, 101, 43, 8, 6, 2, 3, 1, 0, 0, 0, 1]
(1, (1, 0, 1), (0, 0)): [44372, 51531, 16660, 11087, 4763, 1946, 759, 295, 99, 61, 16, 7, 0, 1]
(1, (1, 0, 1), (0, 1)): [4146, 3777, 1222, 797, 347, 152, 51, 19, 6, 6]
(1, (1, 0, 1), (0, 2)): [1809, 1186, 415, 252, 108, 52, 21, 11, 2, 3]
(1, (1, 0, 1), (1, 0)): [3659, 4282, 1451, 1016, 463, 173, 67, 23, 9, 7, 0, 1]
(1, (1, 0, 1), (1, 1)): [3232, 3086, 1025, 739, 284, 116, 42, 12, 5, 3, 0, 1]
(1, (1, 0, 1), (1, 2)): [2381, 1736, 617, 395, 148, 78, 19, 16, 3, 3]
(1, (1, 0, 1), (2, 0)): [1263, 1441, 523, 374, 205, 79, 30, 10, 4, 3]
(1, (1, 0, 1), (2, 1)): [1589, 1551, 532, 404, 181, 63, 29, 7, 6, 1, 0, 1]
(1, (1, 0, 1), (2, 2)): [1674, 1315, 496, 319, 149, 51, 23, 9, 5, 2]
(1, (1, 0, 1), (3, 0)): [408, 500, 195, 126, 96, 37, 12, 2, 0, 2]
(1, (1, 0, 1), (3, 1)): [574, 639, 252, 179, 93, 43, 11, 4, 1, 1, 0, 1]
(1, (1, 0, 1), (3, 2)): [813, 739, 308, 200, 109, 44, 17, 7, 4, 2, 0, 1]
(1, (1, 1, 0), (0, 0)): [151196, 46444, 31025, 22150, 9308, 3822, 1492, 600, 243, 92, 34, 20, 9, 5, 1]
(1, (1, 1, 0), (0, 1)): [13882, 3759, 2286, 1746, 733, 291, 100, 45, 18, 5, 4, 3]
(1, (1, 1, 0), (0, 2)): [5585, 1316, 754, 583, 244, 97, 29, 12, 5, 0, 2]
(1, (1, 1, 0), (1, 0)): [12184, 4082, 2793, 2099, 916, 373, 162, 56, 19, 9, 3, 1, 2, 1]
(1, (1, 1, 0), (1, 1)): [10819, 3199, 2123, 1587, 680, 263, 100, 46, 8, 8, 4, 2]
(1, (1, 1, 0), (1, 2)): [7680, 1904, 1186, 919, 384, 116, 44, 25, 1, 2, 5, 2]
(1, (1, 1, 0), (2, 0)): [3926, 1452, 970, 762, 375, 165, 75, 25, 11, 4, 1, 1, 2, 1]
(1, (1, 1, 0), (2, 1)): [5377, 1803, 1196, 914, 408, 194, 79, 19, 13, 2, 2, 0, 1]
(1, (1, 1, 0), (2, 2)): [5763, 1556, 968, 748, 351, 129, 49, 19, 5, 2, 3, 1]
(1, (1, 1, 0), (3, 0)): [995, 525, 344, 220, 148, 65, 26, 14, 4, 1, 0, 1, 1]
(1, (1, 1, 0), (3, 1)): [1981, 849, 593, 422, 225, 100, 38, 13, 8, 3, 1, 1, 1]
(1, (1, 1, 0), (3, 2)): [2758, 978, 654, 460, 263, 95, 41, 17, 5, 3, 1, 1, 1]
(1, (1, 1, 1), (0, 0)): [30714, 24617, 15703, 10199, 7518, 3194, 1302, 490, 207, 73, 24, 18, 9, 4, 1, 1]
(1, (1, 1, 1), (0, 1)): [2944, 2048, 1317, 793, 588, 243, 97, 41, 18, 1, 2, 1, 0, 1]
(1, (1, 1, 1), (0, 2)): [1377, 701, 473, 292, 186, 69, 36, 12, 4, 1, 2, 0, 0, 1]
(1, (1, 1, 1), (1, 0)): [2329, 2114, 1318, 814, 674, 298, 138, 44, 21, 9, 1, 3, 2]
(1, (1, 1, 1), (1, 1)): [2212, 1740, 1096, 645, 510, 223, 87, 39, 17, 3, 1, 2]
(1, (1, 1, 1), (1, 2)): [1721, 971, 684, 402, 285, 120, 51, 22, 7, 2, 1, 2, 0, 1]
(1, (1, 1, 1), (2, 0)): [597, 678, 456, 286, 255, 116, 57, 18, 4, 3, 0, 1, 1]
(1, (1, 1, 1), (2, 1)): [951, 921, 560, 336, 261, 141, 58, 16, 8, 2, 1, 1]
(1, (1, 1, 1), (2, 2)): [1156, 777, 542, 331, 249, 105, 55, 15, 5, 3, 1, 2, 0, 1]
(1, (1, 1, 1), (3, 0)): [111, 223, 146, 110, 81, 46, 20, 8, 2, 1, 0, 0, 1]
(1, (1, 1, 1), (3, 1)): [240, 403, 258, 156, 126, 72, 20, 10, 4, 1, 0, 0, 1]
(1, (1, 1, 1), (3, 2)): [457, 449, 303, 195, 150, 75, 30, 13, 2, 1, 1, 1, 0, 1]
(2, (0, 0, 0), (0, 0)): [1261817, 57704, 19218, 6092, 2045, 654, 221, 72, 12, 7, 5, 0, 1]
(2, (0, 0, 0), (0, 1)): [115574, 4743, 1552, 464, 183, 46, 18, 7, 1]
(2, (0, 0, 0), (0, 2)): [43122, 1248, 402, 137, 58, 8, 2, 5]
(2, (0, 0, 0), (1, 0)): [113878, 6417, 2199, 687, 257, 69, 24, 7, 1, 0, 0, 0, 1]
(2, (0, 0, 0), (1, 1)): [104533, 4882, 1676, 460, 183, 56, 20, 2, 1]
(2, (0, 0, 0), (1, 2)): [68061, 2230, 774, 241, 96, 25, 9, 4]
(2, (0, 0, 0), (2, 0)): [40346, 2546, 1041, 328, 122, 28, 12, 5, 0, 0, 0, 0, 1]
(2, (0, 0, 0), (2, 1)): [58325, 3191, 1226, 343, 123, 32, 12, 4]
(2, (0, 0, 0), (2, 2)): [57990, 2379, 880, 264, 100, 27, 7, 4]
(2, (0, 0, 0), (3, 0)): [12873, 897, 476, 144, 56, 14, 6, 2, 0, 0, 0, 0, 1]
(2, (0, 0, 0), (3, 1)): [24709, 1617, 760, 236, 77, 19, 7, 2]
(2, (0, 0, 0), (3, 2)): [33938, 1808, 823, 240, 83, 21, 6, 2]
(2, (0, 0, 1), (0, 0)): [119779, 36497, 7344, 2489, 872, 293, 89, 30, 7, 2, 0, 1]
(2, (0, 0, 1), (0, 1)): [10487, 2613, 550, 180, 58, 21, 11, 3, 1]
(2, (0, 0, 1), (0, 2)): [4102, 780, 162, 53, 14, 5, 4]
(2, (0, 0, 1), (1, 0)): [12345, 3490, 861, 319, 112, 40, 10, 5, 1]
(2, (0, 0, 1), (1, 1)): [10028, 2565, 542, 206, 69, 28, 7, 3, 1]
(2, (0, 0, 1), (1, 2)): [6750, 1298, 260, 84, 34, 14, 6, 1]
(2, (0, 0, 1), (2, 0)): [5368, 1455, 433, 175, 59, 22, 6, 3, 1]
(2, (0, 0, 1), (2, 1)): [6063, 1649, 433, 173, 57, 18, 4, 4]
(2, (0, 0, 1), (2, 2)): [6174, 1280, 327, 106, 38, 18, 3, 1]
(2, (0, 0, 1), (3, 0)): [2548, 599, 209, 109, 25, 14, 5, 1, 1]
(2, (0, 0, 1), (3, 1)): [2927, 812, 225, 113, 40, 12, 5, 3]
(2, (0, 0, 1), (3, 2)): [3961, 906, 255, 111, 34, 14, 5, 1]
(2, (0, 1, 0), (0, 0)): [315419, 66595, 18015, 6318, 2077, 686, 213, 67, 16, 10, 6, 0, 1]
(2, (0, 1, 0), (0, 1)): [26632, 4745, 1242, 372, 148, 37, 15, 5, 2, 1, 1]
(2, (0, 1, 0), (0, 2)): [10338, 1392, 358, 96, 40, 5, 5, 0, 0, 1]
(2, (0, 1, 0), (1, 0)): [32266, 6353, 2148, 896, 268, 88, 30, 11, 0, 1, 0, 0, 1]
(2, (0, 1, 0), (1, 1)): [25268, 4656, 1381, 453, 166, 46, 23, 7, 2, 0, 1]
(2, (0, 1, 0), (1, 2)): [16617, 2398, 606, 214, 69, 17, 10, 2, 0, 1]
(2, (0, 1, 0), (2, 0)): [14821, 2733, 1060, 559, 168, 52, 12, 7, 0, 1, 0, 0, 1]
(2, (0, 1, 0), (2, 1)): [15266, 2908, 981, 354, 125, 36, 12, 4, 2, 0, 1, 0, 1]
(2, (0, 1, 0), (2, 2)): [15035, 2345, 647, 254, 88, 20, 12, 5, 0, 1]
(2, (0, 1, 0), (3, 0)): [7648, 1208, 551, 396, 111, 32, 11, 7, 0, 1]
(2, (0, 1, 0), (3, 1)): [7070, 1339, 559, 268, 93, 32, 9, 3, 2, 0, 1, 0, 1]
(2, (0, 1, 0), (3, 2)): [9551, 1522, 572, 279, 88, 25, 14, 3, 0, 0, 0, 0, 1]
(2, (0, 1, 1), (0, 0)): [72586, 6257, 15680, 4298, 1693, 546, 185, 59, 21, 5, 4, 1, 0, 1]
(2, (0, 1, 1), (0, 1)): [6238, 410, 1047, 278, 92, 38, 8, 6]
(2, (0, 1, 1), (0, 2)): [2609, 150, 326, 92, 38, 9, 4, 1]
(2, (0, 1, 1), (1, 0)): [7662, 755, 1502, 516, 240, 75, 29, 7, 3, 0, 2]
(2, (0, 1, 1), (1, 1)): [5740, 399, 1013, 291, 87, 43, 11, 6, 2]
(2, (0, 1, 1), (1, 2)): [4192, 232, 568, 165, 55, 20, 5, 3]
(2, (0, 1, 1), (2, 0)): [3775, 422, 711, 292, 168, 49, 17, 5, 1, 0, 2]
(2, (0, 1, 1), (2, 1)): [3388, 265, 644, 185, 77, 30, 8, 3, 2, 0, 1]
(2, (0, 1, 1), (2, 2)): [3696, 245, 524, 159, 53, 27, 7, 3, 1]
(2, (0, 1, 1), (3, 0)): [2263, 297, 373, 179, 123, 37, 14, 4, 0, 0, 1]
(2, (0, 1, 1), (3, 1)): [1652, 140, 314, 107, 51, 19, 6, 3, 1, 0, 1]
(2, (0, 1, 1), (3, 2)): [2351, 188, 378, 130, 49, 32, 7, 5, 2]
(2, (1, 0, 0), (0, 0)): [664209, 48300, 31336, 9941, 3217, 1037, 400, 111, 21, 13, 7, 1, 1]
(2, (1, 0, 0), (0, 1)): [54730, 3344, 2231, 742, 234, 84, 37, 8, 2, 0, 0, 1]
(2, (1, 0, 0), (0, 2)): [19959, 899, 544, 197, 64, 20, 12]
(2, (1, 0, 0), (1, 0)): [55623, 4631, 3227, 1104, 351, 105, 46, 13, 1, 1, 0, 0, 1]
(2, (1, 0, 0), (1, 1)): [46520, 3086, 2124, 722, 220, 73, 31, 8, 1]
(2, (1, 0, 0), (1, 2)): [29208, 1434, 938, 337, 97, 32, 11, 2]
(2, (1, 0, 0), (2, 0)): [18825, 1847, 1212, 514, 159, 49, 22, 9, 1, 1, 0, 0, 1]
(2, (1, 0, 0), (2, 1)): [24365, 1895, 1270, 474, 146, 49, 22, 6, 0, 0, 0, 0, 1]
(2, (1, 0, 0), (2, 2)): [22822, 1380, 863, 314, 118, 36, 14, 3]
(2, (1, 0, 0), (3, 0)): [5599, 705, 419, 248, 79, 21, 9, 3, 0, 1]
(2, (1, 0, 0), (3, 1)): [9848, 1011, 625, 331, 77, 31, 11, 2, 0, 1, 0, 0, 1]
(2, (1, 0, 0), (3, 2)): [12035, 1055, 607, 284, 93, 40, 12, 4, 0, 1, 0, 0, 1]
(2, (1, 0, 1), (0, 0)): [115263, 27735, 10990, 6598, 2170, 719, 237, 79, 26, 8, 1, 3, 1]
(2, (1, 0, 1), (0, 1)): [10677, 2101, 788, 505, 160, 53, 13, 5, 3, 1, 0, 1]
(2, (1, 0, 1), (0, 2)): [4259, 614, 236, 137, 45, 13, 2, 2, 1]
(2, (1, 0, 1), (1, 0)): [10608, 2394, 1104, 733, 273, 84, 30, 8]
(2, (1, 0, 1), (1, 1)): [8962, 1849, 759, 488, 190, 62, 23, 4, 2, 1, 0, 1]
(2, (1, 0, 1), (1, 2)): [5982, 953, 393, 226, 86, 27, 10, 3, 2, 0, 0, 1]
(2, (1, 0, 1), (2, 0)): [3833, 834, 447, 289, 110, 34, 11, 6]
(2, (1, 0, 1), (2, 1)): [4923, 978, 472, 282, 123, 40, 11, 3, 0, 1]
(2, (1, 0, 1), (2, 2)): [4651, 767, 366, 196, 77, 32, 8, 3, 2, 0, 0, 1]
(2, (1, 0, 1), (3, 0)): [1297, 262, 180, 114, 49, 15, 7, 2]
(2, (1, 0, 1), (3, 1)): [2107, 388, 228, 147, 83, 19, 8, 2, 0, 1]
(2, (1, 0, 1), (3, 2)): [2565, 415, 271, 142, 68, 29, 6, 2, 2]
(2, (1, 1, 0), (0, 0)): [258162, 39319, 19818, 13529, 4342, 1407, 471, 154, 50, 23, 8, 2, 2, 1]
(2, (1, 1, 0), (0, 1)): [23007, 3024, 1392, 1028, 298, 83, 33, 19, 2, 2, 0, 1, 1]
(2, (1, 1, 0), (0, 2)): [9310, 896, 403, 288, 88, 20, 9, 7, 2]
(2, (1, 1, 0), (1, 0)): [22035, 3420, 1900, 1408, 512, 150, 60, 8, 3, 1, 1]
(2, (1, 1, 0), (1, 1)): [19527, 2651, 1361, 1002, 277, 91, 35, 12, 2, 3, 0, 1, 1]
(2, (1, 1, 0), (1, 2)): [13634, 1373, 684, 488, 143, 42, 13, 11, 2]
(2, (1, 1, 0), (2, 0)): [7509, 1232, 758, 546, 275, 79, 29, 3]
(2, (1, 1, 0), (2, 1)): [10335, 1441, 894, 607, 213, 56, 29, 6, 1, 1, 0, 0, 1]
(2, (1, 1, 0), (2, 2)): [10677, 1170, 644, 490, 167, 37, 23, 9, 3]
(2, (1, 1, 0), (3, 0)): [2422, 411, 299, 184, 144, 47, 13]
(2, (1, 1, 0), (3, 1)): [4325, 643, 504, 279, 156, 45, 20, 2, 0, 0, 0, 0, 1]
(2, (1, 1, 0), (3, 2)): [5935, 691, 527, 341, 176, 34, 16, 4, 2]
(2, (1, 1, 1), (0, 0)): [75187, 10985, 12612, 6271, 4576, 1440, 483, 160, 52, 10, 9, 3, 1, 1]
(2, (1, 1, 1), (0, 1)): [7499, 801, 989, 517, 368, 94, 37, 10, 2, 0, 2, 0, 1]
(2, (1, 1, 1), (0, 2)): [3254, 256, 289, 143, 97, 28, 11, 4, 1, 0, 1]
(2, (1, 1, 1), (1, 0)): [5932, 1368, 1146, 650, 481, 167, 51, 13, 6, 0, 1, 2]
(2, (1, 1, 1), (1, 1)): [5931, 848, 910, 509, 363, 113, 38, 9, 2, 0, 1, 0, 1]
(2, (1, 1, 1), (1, 2)): [4488, 436, 470, 235, 174, 57, 14, 7, 1, 0, 1]
(2, (1, 1, 1), (2, 0)): [1651, 802, 395, 266, 203, 67, 20, 4, 3, 0, 0, 2]
(2, (1, 1, 1), (2, 1)): [2726, 724, 516, 308, 234, 79, 29, 3, 0, 0, 0, 0, 1]
(2, (1, 1, 1), (2, 2)): [3172, 510, 404, 246, 174, 61, 19, 6, 1, 0, 1]
(2, (1, 1, 1), (3, 0)): [276, 491, 117, 128, 66, 36, 9, 2, 2, 0, 0, 1]
(2, (1, 1, 1), (3, 1)): [780, 606, 212, 188, 126, 47, 17, 2, 0, 0, 0, 1]
(2, (1, 1, 1), (3, 2)): [1334, 586, 254, 225, 146, 50, 22, 4, 1, 0, 1]
