(0, (0, 0, 0), (0, 0)): [1134885, 224650, 103908, 47394, 21158, 9046, 3755, 1574, 629, 287, 126, 54, 27, 8, 3, 1, 0, 1]
(0, (0, 0, 0), (0, 1)): [21572, 3889, 1826, 814, 349, 151, 53, 33, 7, 5, 2, 0, 2, 1, 0, 1]
(0, (0, 0, 0), (0, 2)): [7921, 1243, 585, 260, 109, 39, 18, 13, 2, 1, 0, 0, 1]
(0, (0, 0, 0), (1, 0)): [19724, 4218, 2085, 959, 469, 195, 90, 34, 11, 6, 3]
(0, (0, 0, 0), (1, 1)): [18126, 3470, 1689, 784, 352, 145, 51, 26, 6, 4, 4, 0, 1, 1, 0, 1]
(0, (0, 0, 0), (1, 2)): [11771, 1973, 902, 401, 193, 83, 23, 14, 5, 2, 0, 0, 2]
(0, (0, 0, 0), (2, 0)): [6513, 1548, 800, 409, 193, 91, 42, 16, 4, 2, 1]
(0, (0, 0, 0), (2, 1)): [9656, 2013, 1060, 507, 231, 96, 42, 22, 3, 1, 1, 0, 0, 1]
(0, (0, 0, 0), (2, 2)): [9275, 1688, 835, 395, 181, 84, 22, 12, 3, 3, 1, 0, 2]
(0, (0, 0, 0), (3, 0)): [2128, 541, 325, 187, 84, 48, 19, 7, 3, 0, 1]
(0, (0, 0, 0), (3, 1)): [3904, 952, 580, 303, 120, 58, 25, 15, 4]
(0, (0, 0, 0), (3, 2)): [5303, 1105, 673, 322, 145, 62, 17, 12, 5, 2, 0, 0, 2]
(0, (0, 0, 1), (0, 0)): [4991, 14714, 4004, 1909, 918, 390, 173, 86, 34, 19, 6, 1, 3, 1]
(0, (0, 0, 1), (0, 1)): [87, 220, 67, 24, 17, 7, 5, 1, 0, 1, 0, 0, 0, 1]
(0, (0, 0, 1), (0, 2)): [37, 88, 20, 7, 6, 1]
(0, (0, 0, 1), (1, 0)): [81, 207, 58, 37, 22, 10, 2, 2, 1]
(0, (0, 0, 1), (1, 1)): [72, 157, 54, 21, 20, 7, 5, 1, 0, 1, 0, 0, 0, 1]
(0, (0, 0, 1), (1, 2)): [50, 111, 32, 12, 9, 0, 3, 1, 0, 1]
(0, (0, 0, 1), (2, 0)): [33, 89, 24, 18, 6, 7, 1, 1, 1]
(0, (0, 0, 1), (2, 1)): [41, 93, 29, 18, 13, 5, 1]
(0, (0, 0, 1), (2, 2)): [47, 82, 23, 9, 10, 1, 2]
(0, (0, 0, 1), (3, 0)): [8, 39, 10, 6, 2, 4, 1, 1, 1]
(0, (0, 0, 1), (3, 1)): [19, 38, 13, 9, 7, 4, 0, 1]
(0, (0, 0, 1), (3, 2)): [27, 46, 13, 8, 9, 4, 1, 1]
(0, (0, 1, 0), (0, 0)): [38317, 35567, 13767, 6551, 3205, 1377, 580, 237, 100, 60, 20, 5, 3, 2, 1]
(0, (0, 1, 0), (0, 1)): [692, 556, 204, 97, 40, 21, 12, 5, 1]
(0, (0, 1, 0), (0, 2)): [275, 168, 71, 28, 10, 9, 4, 0, 1]
(0, (0, 1, 0), (1, 0)): [636, 560, 236, 124, 61, 29, 12, 3, 1]
(0, (0, 1, 0), (1, 1)): [552, 462, 189, 91, 35, 15, 10, 6]
(0, (0, 1, 0), (1, 2)): [367, 276, 105, 55, 21, 10, 5, 2, 1]
(0, (0, 1, 0), (2, 0)): [216, 200, 80, 49, 26, 18, 5, 0, 1]
(0, (0, 1, 0), (2, 1)): [274, 241, 103, 55, 16, 17, 7, 4]
(0, (0, 1, 0), (2, 2)): [287, 206, 92, 48, 15, 7, 7, 1, 1]
(0, (0, 1, 0), (3, 0)): [80, 72, 35, 27, 19, 6, 2, 0, 1]
(0, (0, 1, 0), (3, 1)): [109, 104, 53, 31, 18, 9, 3, 1]
(0, (0, 1, 0), (3, 2)): [172, 127, 68, 36, 18, 6, 7]
(0, (0, 1, 1), (0, 0)): [3402, 5607, 6890, 3199, 1696, 771, 339, 165, 77, 33, 10, 6, 1, 2, 1, 0, 0, 1]
(0, (0, 1, 1), (0, 1)): [54, 70, 104, 46, 27, 9, 8, 3, 2]
(0, (0, 1, 1), (0, 2)): [29, 25, 37, 15, 14, 5, 3, 2]
(0, (0, 1, 1), (1, 0)): [72, 118, 139, 75, 43, 18, 8, 6, 4, 0, 0, 1]
(0, (0, 1, 1), (1, 1)): [43, 70, 93, 50, 25, 6, 5, 2, 2]
(0, (0, 1, 1), (1, 2)): [32, 36, 51, 25, 19, 5, 3, 2, 1]
(0, (0, 1, 1), (2, 0)): [42, 65, 66, 38, 23, 13, 4, 5, 3, 0, 0, 1]
(0, (0, 1, 1), (2, 1)): [31, 47, 62, 30, 15, 5, 2, 5, 3]
(0, (0, 1, 1), (2, 2)): [35, 38, 47, 20, 12, 5, 2, 2, 2]
(0, (0, 1, 1), (3, 0)): [26, 40, 34, 26, 17, 12, 2, 1, 0, 0, 0, 1]
(0, (0, 1, 1), (3, 1)): [12, 26, 26, 16, 10, 1, 0, 2, 2]
(0, (0, 1, 1), (3, 2)): [18, 21, 37, 15, 9, 3, 2, 4, 3]
(0, (1, 0, 0), (0, 0)): [246638, 82027, 51646, 25557, 12171, 5440, 2308, 999, 415, 185, 86, 35, 17, 4, 2, 1, 0, 1]
(0, (1, 0, 0), (0, 1)): [4546, 1220, 861, 426, 217, 95, 31, 14, 8, 1]
(0, (1, 0, 0), (0, 2)): [1735, 369, 278, 119, 62, 21, 13, 2, 5, 1]
(0, (1, 0, 0), (1, 0)): [3911, 1266, 927, 447, 216, 88, 47, 20, 8, 6, 2, 1]
(0, (1, 0, 0), (1, 1)): [3347, 969, 729, 348, 171, 68, 26, 15, 6, 4, 0, 1]
(0, (1, 0, 0), (1, 2)): [2166, 519, 402, 172, 86, 30, 18, 8, 3, 2]
(0, (1, 0, 0), (2, 0)): [1230, 416, 302, 170, 87, 38, 15, 10, 4, 2, 2]
(0, (1, 0, 0), (2, 1)): [1611, 499, 377, 201, 98, 43, 15, 7, 5, 3, 0, 1]
(0, (1, 0, 0), (2, 2)): [1504, 405, 307, 142, 76, 25, 15, 7, 3, 3]
(0, (1, 0, 0), (3, 0)): [363, 140, 114, 75, 45, 15, 4, 5, 0, 1, 1]
(0, (1, 0, 0), (3, 1)): [609, 212, 167, 108, 65, 22, 5, 3, 4, 1, 1, 1]
(0, (1, 0, 0), (3, 2)): [763, 248, 182, 94, 66, 21, 7, 5, 3, 3]
(0, (1, 0, 1), (0, 0)): [5848, 17421, 7210, 4897, 2633, 1194, 584, 243, 110, 48, 24, 12, 5, 1, 1, 0, 0, 1]
(0, (1, 0, 1), (0, 1)): [99, 271, 111, 79, 34, 17, 13, 4, 1, 0, 0, 0, 1]
(0, (1, 0, 1), (0, 2)): [37, 103, 26, 27, 13, 8, 5, 2, 1]
(0, (1, 0, 1), (1, 0)): [93, 293, 108, 87, 44, 25, 2, 4, 4, 1, 1]
(0, (1, 0, 1), (1, 1)): [83, 216, 79, 57, 29, 14, 6, 1, 2, 0, 1]
(0, (1, 0, 1), (1, 2)): [66, 126, 37, 30, 14, 10, 3, 2, 2]
(0, (1, 0, 1), (2, 0)): [33, 102, 45, 32, 17, 13, 0, 3, 1, 1]
(0, (1, 0, 1), (2, 1)): [29, 126, 47, 36, 19, 9, 1, 0, 2, 0, 1]
(0, (1, 0, 1), (2, 2)): [49, 105, 36, 23, 14, 6, 2, 2, 1, 0, 1]
(0, (1, 0, 1), (3, 0)): [17, 36, 19, 14, 8, 8, 0, 3]
(0, (1, 0, 1), (3, 1)): [14, 47, 18, 17, 11, 6]
(0, (1, 1, 0), (0, 0)): [33517, 21376, 16480, 11613, 6144, 2915, 1261, 604, 235, 109, 51, 21, 8, 1]
(0, (1, 1, 0), (0, 1)): [656, 355, 245, 187, 103, 43, 16, 12, 2, 0, 1, 1]
(0, (1, 1, 0), (0, 2)): [256, 125, 79, 55, 37, 14, 7, 6]
(0, (1, 1, 0), (1, 0)): [518, 324, 253, 188, 95, 59, 21, 13, 3, 3]
(0, (1, 1, 0), (1, 1)): [446, 239, 195, 146, 64, 39, 13, 10, 3, 1, 1]
(0, (1, 1, 0), (1, 2)): [309, 140, 102, 76, 41, 18, 4, 10, 1, 1]
(0, (1, 1, 0), (2, 0)): [148, 104, 79, 66, 37, 23, 7, 6, 2, 1]
(0, (1, 1, 0), (2, 1)): [205, 127, 85, 82, 42, 23, 10, 5, 2, 1]
(0, (1, 1, 0), (2, 2)): [207, 111, 77, 60, 31, 17, 3, 7, 2, 2]
(0, (1, 1, 0), (3, 0)): [35, 35, 28, 23, 14, 8, 3, 3, 1]
(0, (1, 1, 0), (3, 1)): [71, 55, 41, 42, 18, 13, 9, 3, 2]
(0, (1, 1, 0), (3, 2)): [115, 64, 45, 42, 19, 12, 2, 5, 2]
(0, (1, 1, 1), (0, 0)): [3385, 6213, 5184, 3991, 3133, 1563, 733, 371, 156, 71, 36, 13, 3, 1, 1]
(0, (1, 1, 1), (0, 1)): [81, 105, 94, 61, 44, 24, 9, 5, 6, 2, 1, 1]
(0, (1, 1, 1), (0, 2)): [37, 45, 32, 20, 21, 6, 2, 1, 3, 0, 0, 1]
(0, (1, 1, 1), (1, 0)): [53, 116, 112, 80, 69, 38, 11, 10, 3, 0, 1, 1]
(0, (1, 1, 1), (1, 1)): [57, 86, 94, 62, 35, 25, 10, 7, 2, 1, 1]
(0, (1, 1, 1), (1, 2)): [46, 59, 49, 26, 18, 12, 3, 2, 4, 0, 0, 1]
(0, (1, 1, 1), (2, 0)): [13, 45, 27, 33, 34, 11, 3, 4, 1, 0, 1]
(0, (1, 1, 1), (2, 1)): [28, 43, 39, 35, 28, 14, 3, 4, 2]
(0, (1, 1, 1), (2, 2)): [28, 40, 37, 31, 15, 11, 3, 3, 1, 0, 0, 1]
(0, (1, 1, 1), (3, 0)): [2, 16, 13, 16, 12, 2, 2, 2, 0, 0, 1]
(0, (1, 1, 1), (3, 2)): [10, 15, 21, 24, 11, 8, 3, 0, 2, 0, 0, 1]
(1, (0, 0, 0), (0, 0)): [912859, 98051, 40259, 15935, 6241, 2385, 911, 355, 133, 52, 24, 13, 6, 2, 0, 1]
(1, (0, 0, 0), (0, 1)): [17415, 1750, 737, 273, 112, 29, 12, 9, 1, 0, 0, 0, 0, 1]
(1, (0, 0, 0), (0, 2)): [6406, 520, 209, 77, 32, 9, 1, 2]
(1, (0, 0, 0), (1, 0)): [16589, 2066, 881, 338, 144, 52, 21, 9, 0, 1, 0, 0, 0, 0, 0, 1]
(1, (0, 0, 0), (1, 1)): [14958, 1641, 664, 249, 108, 40, 18, 7, 1, 1, 0, 0, 0, 1]
(1, (0, 0, 0), (1, 2)): [9458, 841, 326, 140, 63, 28, 8, 2]
(1, (0, 0, 0), (2, 0)): [5670, 793, 390, 143, 57, 22, 8, 5, 0, 0, 0, 0, 0, 0, 0, 1]
(1, (0, 0, 0), (2, 1)): [8244, 1002, 430, 163, 73, 21, 10, 6, 0, 1]
(1, (0, 0, 0), (2, 2)): [7820, 775, 335, 132, 64, 32, 11, 4]
(1, (0, 0, 0), (3, 0)): [1801, 287, 187, 64, 27, 8, 5, 1, 0, 0, 0, 0, 0, 0, 0, 1]
(1, (0, 0, 0), (3, 1)): [3459, 530, 273, 99, 48, 7, 4, 3]
(1, (0, 0, 0), (3, 2)): [4478, 557, 277, 98, 53, 19, 11, 3]
(1, (0, 0, 1), (0, 0)): [25859, 37137, 7255, 3067, 1304, 534, 209, 85, 38, 14, 6, 4, 4, 1]
(1, (0, 0, 1), (0, 1)): [434, 465, 102, 33, 17, 7, 6]
(1, (0, 0, 1), (0, 2)): [179, 151, 30, 8, 2, 1, 4]
(1, (0, 0, 1), (1, 0)): [443, 606, 124, 63, 29, 12, 6, 3, 1]
(1, (0, 0, 1), (1, 1)): [390, 433, 90, 39, 21, 6, 2, 2]
(1, (0, 0, 1), (1, 2)): [286, 242, 36, 15, 11, 2, 3]
(1, (0, 0, 1), (2, 0)): [190, 248, 53, 28, 15, 7, 5, 1, 1]
(1, (0, 0, 1), (2, 1)): [180, 259, 50, 24, 13, 7, 5, 2]
(1, (0, 0, 1), (2, 2)): [198, 203, 39, 17, 7, 2, 2]
(1, (0, 0, 1), (3, 0)): [84, 101, 31, 19, 8, 3, 2, 1, 1]
(1, (0, 0, 1), (3, 1)): [97, 127, 21, 14, 7, 3, 3, 2]
(1, (0, 0, 1), (3, 2)): [124, 126, 27, 13, 6, 2, 3]
(1, (0, 1, 0), (0, 0)): [123663, 56215, 19940, 8394, 3400, 1336, 462, 214, 63, 32, 18, 7, 7, 2, 1]
(1, (0, 1, 0), (0, 1)): [2010, 785, 283, 115, 35, 17, 7, 3, 1]
(1, (0, 1, 0), (0, 2)): [798, 271, 85, 24, 10, 6, 3]
(1, (0, 1, 0), (1, 0)): [2357, 1044, 375, 211, 101, 29, 12, 4, 0, 0, 1, 0, 0, 1]
(1, (0, 1, 0), (1, 1)): [1758, 671, 264, 120, 46, 18, 7, 4, 1, 0, 0, 0, 0, 1]
(1, (0, 1, 0), (1, 2)): [1163, 396, 152, 46, 17, 8, 5, 2]
(1, (0, 1, 0), (2, 0)): [1023, 446, 167, 111, 50, 16, 8, 3, 0, 0, 1]
(1, (0, 1, 0), (2, 1)): [935, 391, 138, 87, 38, 12, 6, 3, 0, 0, 1, 0, 0, 1]
(1, (0, 1, 0), (2, 2)): [916, 344, 129, 46, 26, 6, 3, 1]
(1, (0, 1, 0), (3, 0)): [548, 215, 72, 75, 35, 9, 5, 2]
(1, (0, 1, 0), (3, 1)): [464, 182, 67, 53, 25, 8, 3, 1, 0, 0, 0, 0, 0, 1]
(1, (0, 1, 0), (3, 2)): [527, 193, 85, 47, 25, 2, 4, 1, 0, 0, 0, 0, 0, 1]
(1, (0, 1, 1), (0, 0)): [20677, 16600, 15583, 6164, 3102, 1226, 486, 196, 91, 28, 9, 6, 1, 2, 0, 1]
(1, (0, 1, 1), (0, 1)): [286, 186, 166, 61, 32, 14, 6, 3]
(1, (0, 1, 1), (0, 2)): [141, 63, 55, 20, 9, 3, 2]
(1, (0, 1, 1), (1, 0)): [494, 361, 287, 142, 93, 35, 13, 9, 3, 1]
(1, (0, 1, 1), (1, 1)): [237, 161, 156, 59, 31, 9, 6, 4]
(1, (0, 1, 1), (1, 2)): [186, 89, 87, 40, 14, 5, 3]
(1, (0, 1, 1), (2, 0)): [322, 236, 160, 96, 72, 29, 10, 7, 3, 1]
(1, (0, 1, 1), (2, 1)): [141, 106, 82, 37, 18, 8, 6, 2]
(1, (0, 1, 1), (2, 2)): [136, 85, 77, 35, 19, 3, 1, 2]
(1, (0, 1, 1), (3, 0)): [259, 186, 123, 71, 63, 25, 7, 7, 3, 1]
(1, (0, 1, 1), (3, 1)): [69, 48, 34, 19, 6, 7, 5]
(1, (0, 1, 1), (3, 2)): [82, 59, 42, 17, 10, 3, 1, 1]
(1, (1, 0, 0), (0, 0)): [355572, 63321, 39838, 17035, 6929, 2749, 1063, 399, 174, 71, 28, 19, 4, 2, 0, 2]
(1, (1, 0, 0), (0, 1)): [6520, 904, 675, 280, 111, 42, 17, 3, 1, 2]
(1, (1, 0, 0), (0, 2)): [2355, 274, 240, 76, 32, 13, 6, 1, 0, 2]
(1, (1, 0, 0), (1, 0)): [6141, 1102, 783, 364, 151, 50, 24, 9, 1, 2, 0, 0, 1, 0, 0, 1]
(1, (1, 0, 0), (1, 1)): [5180, 781, 573, 242, 96, 35, 14, 6, 1, 0, 0, 0, 0, 0, 0, 1]
(1, (1, 0, 0), (1, 2)): [3223, 406, 332, 113, 49, 18, 5, 4, 0, 1]
(1, (1, 0, 0), (2, 0)): [2002, 395, 296, 165, 63, 24, 10, 0, 1, 2, 0, 0, 1]
(1, (1, 0, 0), (2, 1)): [2623, 448, 350, 162, 65, 20, 10, 2, 2, 0, 0, 0, 0, 0, 0, 1]
(1, (1, 0, 0), (2, 2)): [2413, 336, 294, 111, 46, 13, 5, 3, 1, 1]
(1, (1, 0, 0), (3, 0)): [612, 138, 97, 74, 28, 10, 4, 0, 0, 2, 0, 0, 1]
(1, (1, 0, 0), (3, 1)): [1007, 243, 160, 96, 33, 12, 6, 1, 0, 1, 0, 0, 0, 0, 0, 1]
(1, (1, 0, 0), (3, 2)): [1236, 241, 173, 92, 31, 14, 5, 1, 1, 1, 0, 0, 0, 0, 0, 1]
(1, (1, 0, 1), (0, 0)): [28157, 33447, 10955, 7125, 3049, 1244, 476, 195, 67, 45, 13, 4, 0, 1]
(1, (1, 0, 1), (0, 1)): [526, 477, 131, 111, 54, 18, 10, 5, 3, 2]
(1, (1, 0, 1), (0, 2)): [239, 144, 44, 37, 8, 7, 4, 3, 0, 1]
(1, (1, 0, 1), (1, 0)): [509, 569, 181, 130, 69, 22, 7, 2, 0, 2]
(1, (1, 0, 1), (1, 1)): [401, 387, 113, 95, 51, 6, 8, 2, 2]
(1, (1, 0, 1), (1, 2)): [302, 203, 63, 54, 20, 6, 6, 3, 0, 1]
(1, (1, 0, 1), (2, 0)): [199, 198, 63, 40, 30, 13, 1, 1, 0, 1]
(1, (1, 0, 1), (2, 1)): [192, 206, 63, 51, 30, 7, 5, 1, 2]
(1, (1, 0, 1), (2, 2)): [198, 157, 54, 33, 21, 5, 5, 1, 1]
(1, (1, 0, 1), (3, 0)): [79, 79, 21, 15, 14, 6, 0, 0, 0, 1]
(1, (1, 0, 1), (3, 1)): [83, 94, 22, 24, 20, 6, 0, 1]
(1, (1, 0, 1), (3, 2)): [101, 89, 31, 24, 20, 8, 3, 2, 1]
(1, (1, 1, 0), (0, 0)): [96324, 29907, 20327, 14172, 6032, 2506, 978, 396, 159, 61, 23, 13, 7, 4, 1]
(1, (1, 1, 0), (0, 1)): [1802, 479, 295, 232, 94, 34, 18, 5, 2]
(1, (1, 1, 0), (0, 2)): [729, 182, 99, 81, 29, 8, 4, 0, 1]
(1, (1, 1, 0), (1, 0)): [1632, 548, 383, 296, 128, 47, 19, 8, 1, 2, 0, 0, 2, 1]
(1, (1, 1, 0), (1, 1)): [1369, 391, 264, 196, 84, 31, 18, 7, 0, 2]
(1, (1, 1, 0), (1, 2)): [990, 238, 148, 115, 45, 14, 8, 1]
(1, (1, 1, 0), (2, 0)): [534, 195, 132, 114, 50, 19, 4, 2, 1, 0, 0, 0, 2, 1]
(1, (1, 1, 0), (2, 1)): [669, 244, 157, 114, 45, 20, 9, 3, 0, 1, 0, 0, 1]
(1, (1, 1, 0), (2, 2)): [710, 195, 110, 85, 39, 13, 4, 1]
(1, (1, 1, 0), (3, 0)): [147, 72, 42, 39, 26, 11, 2, 2, 1, 0, 0, 0, 1]
(1, (1, 1, 0), (3, 1)): [276, 113, 76, 59, 32, 12, 8, 3, 0, 1, 0, 0, 1]
(1, (1, 1, 0), (3, 2)): [366, 116, 80, 51, 34, 14, 8, 4, 0, 1, 0, 0, 1]
(1, (1, 1, 1), (0, 0)): [19967, 15670, 10169, 6794, 4842, 2072, 839, 324, 128, 47, 18, 14, 6, 2, 1, 1]
(1, (1, 1, 1), (0, 1)): [431, 270, 175, 109, 92, 34, 14, 6, 3]
(1, (1, 1, 1), (0, 2)): [216, 94, 63, 34, 35, 12, 7]
(1, (1, 1, 1), (1, 0)): [374, 278, 187, 118, 103, 41, 17, 6, 2, 2, 0, 1, 1]
(1, (1, 1, 1), (1, 1)): [312, 204, 141, 100, 82, 32, 7, 6, 1]
(1, (1, 1, 1), (1, 2)): [243, 105, 89, 60, 41, 24, 8, 2]
(1, (1, 1, 1), (2, 0)): [110, 107, 76, 45, 34, 18, 10, 3, 1, 1, 0, 1, 1]
(1, (1, 1, 1), (2, 1)): [152, 131, 84, 56, 47, 14, 8, 4, 1, 1, 0, 1]
(1, (1, 1, 1), (2, 2)): [161, 89, 71, 61, 40, 17, 7, 2]
(1, (1, 1, 1), (3, 0)): [22, 40, 23, 19, 9, 11, 4, 0, 1, 0, 0, 0, 1]
(1, (1, 1, 1), (3, 1)): [44, 72, 29, 27, 20, 10, 5, 3, 0, 0, 0, 0, 1]
(1, (1, 1, 1), (3, 2)): [80, 59, 34, 38, 27, 14, 3, 2]
(2, (0, 0, 0), (0, 0)): [788911, 34952, 11735, 3756, 1261, 409, 147, 44, 9, 3, 5, 0, 1]
(2, (0, 0, 0), (0, 1)): [15098, 629, 222, 56, 31, 7, 6, 1]
(2, (0, 0, 0), (0, 2)): [5419, 165, 47, 16, 8, 1, 1, 1]
(2, (0, 0, 0), (1, 0)): [15081, 879, 283, 90, 35, 10, 3, 0, 0, 0, 0, 0, 1]
(2, (0, 0, 0), (1, 1)): [13316, 657, 229, 50, 30, 6, 6]
(2, (0, 0, 0), (1, 2)): [8313, 288, 98, 26, 14, 3, 3]
(2, (0, 0, 0), (2, 0)): [5467, 333, 131, 55, 17, 6, 1, 0, 0, 0, 0, 0, 1]
(2, (0, 0, 0), (2, 1)): [7677, 410, 146, 50, 10, 5, 3]
(2, (0, 0, 0), (2, 2)): [6976, 296, 112, 34, 13, 5, 1]
(2, (0, 0, 0), (3, 0)): [1862, 128, 74, 28, 13, 3, 1, 0, 0, 0, 0, 0, 1]
(2, (0, 0, 0), (3, 1)): [3477, 208, 97, 35, 12, 5, 2]
(2, (0, 0, 0), (3, 2)): [4397, 235, 107, 31, 9, 5]
(2, (0, 0, 1), (0, 0)): [74434, 23784, 4481, 1546, 548, 187, 55, 16, 3, 2, 0, 1]
(2, (0, 0, 1), (0, 1)): [1228, 343, 75, 22, 11, 3, 1]
(2, (0, 0, 1), (0, 2)): [478, 93, 25, 4, 2, 1]
(2, (0, 0, 1), (1, 0)): [1411, 420, 88, 39, 11, 5, 0, 2]
(2, (0, 0, 1), (1, 1)): [1137, 279, 64, 19, 9, 1, 1, 1]
(2, (0, 0, 1), (1, 2)): [760, 144, 30, 9, 2, 1, 1]
(2, (0, 0, 1), (2, 0)): [597, 179, 40, 26, 7, 5, 0, 1]
(2, (0, 0, 1), (2, 1)): [653, 158, 46, 16, 9, 1, 0, 2]
(2, (0, 0, 1), (2, 2)): [619, 118, 39, 6, 3, 2, 1]
(2, (0, 0, 1), (3, 0)): [304, 77, 22, 17, 3, 4]
(2, (0, 0, 1), (3, 1)): [331, 83, 20, 14, 6, 1, 0, 1]
(2, (0, 0, 1), (3, 2)): [378, 86, 28, 9, 2, 1]
(2, (0, 1, 0), (0, 0)): [197128, 43130, 11200, 3930, 1259, 423, 133, 37, 8, 6, 5, 0, 1]
(2, (0, 1, 0), (0, 1)): [3152, 570, 154, 54, 18, 1, 1]
(2, (0, 1, 0), (0, 2)): [1177, 162, 37, 11, 6]
(2, (0, 1, 0), (1, 0)): [4093, 714, 290, 124, 29, 16, 5, 1, 0, 0, 0, 0, 1]
(2, (0, 1, 0), (1, 1)): [2930, 504, 179, 61, 16, 4, 3, 1]
(2, (0, 1, 0), (1, 2)): [1832, 253, 68, 35, 6]
(2, (0, 1, 0), (2, 0)): [1903, 317, 144, 84, 21, 11, 3, 0, 0, 0, 0, 0, 1]
(2, (0, 1, 0), (2, 1)): [1747, 321, 109, 45, 11, 8, 3, 1, 0, 0, 0, 0, 1]
(2, (0, 1, 0), (2, 2)): [1605, 236, 68, 38, 8, 4, 0, 1]
(2, (0, 1, 0), (3, 0)): [1072, 148, 84, 56, 15, 4, 2]
(2, (0, 1, 0), (3, 1)): [831, 147, 71, 29, 11, 4, 3, 0, 0, 0, 0, 0, 1]
(2, (0, 1, 0), (3, 2)): [1035, 162, 64, 33, 7, 5, 1, 0, 0, 0, 0, 0, 1]
(2, (0, 1, 1), (0, 0)): [46302, 4082, 10423, 2776, 1084, 347, 120, 41, 16, 4, 3, 1, 0, 1]
(2, (0, 1, 1), (0, 1)): [677, 57, 119, 27, 7, 3, 1, 3]
(2, (0, 1, 1), (0, 2)): [294, 21, 39, 10, 4, 1, 1]
(2, (0, 1, 1), (1, 0)): [957, 96, 188, 69, 31, 7, 4, 0, 0, 0, 1]
(2, (0, 1, 1), (1, 1)): [611, 49, 111, 31, 7, 3, 1, 2]
(2, (0, 1, 1), (1, 2)): [411, 27, 61, 12, 4, 1, 2, 1]
(2, (0, 1, 1), (2, 0)): [486, 58, 94, 41, 23, 6, 1, 0, 0, 0, 1]
(2, (0, 1, 1), (2, 1)): [339, 30, 78, 19, 7, 4]
(2, (0, 1, 1), (2, 2)): [354, 28, 62, 16, 3, 4, 1, 1]
(2, (0, 1, 1), (3, 0)): [341, 43, 54, 27, 20, 5, 1, 0, 0, 0, 1]
(2, (0, 1, 1), (3, 1)): [176, 15, 36, 13, 4, 1]
(2, (0, 1, 1), (3, 2)): [235, 23, 47, 14, 4, 4, 0, 1]
(2, (1, 0, 0), (0, 0)): [432403, 31343, 19654, 6275, 2015, 648, 258, 71, 17, 8, 6, 0, 1]
(2, (1, 0, 0), (0, 1)): [7460, 402, 321, 87, 34, 8, 6, 1]
(2, (1, 0, 0), (0, 2)): [2681, 114, 82, 15, 12, 2, 1]
(2, (1, 0, 0), (1, 0)): [7673, 610, 444, 174, 44, 14, 7, 2, 0, 0, 0, 0, 1]
(2, (1, 0, 0), (1, 1)): [6164, 378, 307, 98, 26, 3, 4, 1]
(2, (1, 0, 0), (1, 2)): [3811, 186, 130, 48, 13, 2]
(2, (1, 0, 0), (2, 0)): [2578, 243, 152, 83, 19, 6, 4, 0, 0, 0, 0, 0, 1]
(2, (1, 0, 0), (2, 1)): [3129, 203, 173, 61, 22, 6, 2, 1, 0, 0, 0, 0, 1]
(2, (1, 0, 0), (2, 2)): [2878, 172, 131, 40, 16, 5, 1, 1]
(2, (1, 0, 0), (3, 0)): [845, 111, 44, 47, 6, 2, 3]
(2, (1, 0, 0), (3, 1)): [1345, 135, 80, 46, 9, 3, 2, 0, 0, 0, 0, 0, 1]
(2, (1, 0, 0), (3, 2)): [1601, 136, 87, 39, 10, 7, 1, 1, 0, 0, 0, 0, 1]
(2, (1, 0, 1), (0, 0)): [71777, 17882, 7156, 4102, 1328, 447, 159, 52, 19, 6, 0, 2, 1]
(2, (1, 0, 1), (0, 1)): [1311, 271, 107, 77, 24, 3, 2, 2, 0, 0, 0, 1]
(2, (1, 0, 1), (0, 2)): [520, 81, 32, 18, 10, 0, 0, 1]
(2, (1, 0, 1), (1, 0)): [1212, 262, 130, 98, 36, 15, 5]
(2, (1, 0, 1), (1, 1)): [985, 205, 81, 71, 19, 9, 5, 1, 0, 0, 0, 1]
(2, (1, 0, 1), (1, 2)): [672, 104, 38, 29, 11, 4, 1, 2, 0, 0, 0, 1]
(2, (1, 0, 1), (2, 0)): [444, 91, 65, 32, 15, 5, 2]
(2, (1, 0, 1), (2, 1)): [542, 119, 45, 38, 16, 5, 1]
(2, (1, 0, 1), (2, 2)): [474, 80, 31, 23, 10, 3, 1, 2, 0, 0, 0, 1]
(2, (1, 0, 1), (3, 0)): [161, 28, 30, 14, 8, 2, 2]
(2, (1, 0, 1), (3, 1)): [254, 49, 30, 20, 7, 2, 3]
(2, (1, 0, 1), (3, 2)): [279, 55, 32, 13, 8, 3, 2, 2]
(2, (1, 1, 0), (0, 0)): [165376, 25541, 13027, 8550, 2685, 910, 289, 98, 38, 17, 7, 1, 2, 1]
(2, (1, 1, 0), (0, 1)): [3078, 427, 193, 136, 38, 7, 4, 3, 0, 0, 0, 0, 1]
(2, (1, 1, 0), (0, 2)): [1220, 128, 56, 30, 9, 1, 1, 1]
(2, (1, 1, 0), (1, 0)): [2940, 446, 250, 204, 63, 19, 7, 2, 1, 1]
(2, (1, 1, 0), (1, 1)): [2474, 340, 157, 136, 31, 7, 3, 2, 1, 1, 0, 0, 1]
(2, (1, 1, 0), (1, 2)): [1697, 191, 86, 53, 13, 3, 2, 2]
(2, (1, 1, 0), (2, 0)): [1027, 171, 112, 84, 34, 12, 3, 1]
(2, (1, 1, 0), (2, 1)): [1324, 168, 109, 86, 25, 11, 3, 1, 1, 1, 0, 0, 1]
(2, (1, 1, 0), (2, 2)): [1262, 154, 76, 70, 15, 4, 4, 2, 1]
(2, (1, 1, 0), (3, 0)): [372, 66, 48, 34, 15, 5, 1]
(2, (1, 1, 0), (3, 1)): [579, 90, 67, 49, 14, 8, 2, 1, 0, 0, 0, 0, 1]
(2, (1, 1, 0), (3, 2)): [710, 95, 61, 49, 16, 3, 3, 2, 1]
(2, (1, 1, 1), (0, 0)): [48300, 7111, 8097, 4084, 2861, 924, 305, 109, 39, 8, 6, 0, 1, 1]
(2, (1, 1, 1), (0, 1)): [1050, 108, 149, 72, 53, 9, 5, 3, 1, 0, 0, 0, 1]
(2, (1, 1, 1), (0, 2)): [484, 29, 35, 22, 15, 2, 1, 1, 1]
(2, (1, 1, 1), (1, 0)): [805, 229, 152, 95, 57, 25, 7, 1, 1, 0, 1]
(2, (1, 1, 1), (1, 1)): [769, 119, 129, 65, 44, 7, 3, 0, 0, 0, 1, 0, 1]
(2, (1, 1, 1), (1, 2)): [583, 52, 53, 31, 17, 4, 2, 1, 0, 0, 1]
(2, (1, 1, 1), (2, 0)): [222, 152, 43, 42, 29, 16, 4, 1]
(2, (1, 1, 1), (2, 1)): [330, 107, 73, 36, 34, 10, 4, 0, 0, 0, 0, 0, 1]
(2, (1, 1, 1), (2, 2)): [377, 69, 52, 34, 20, 5, 2, 0, 0, 0, 1]
(2, (1, 1, 1), (3, 0)): [49, 102, 17, 24, 10, 8, 1]
(2, (1, 1, 1), (3, 1)): [108, 105, 28, 26, 23, 8, 4]
(2, (1, 1, 1), (3, 2)): [178, 91, 35, 38, 20, 8, 4, 0, 0, 0, 1]
