(0, (0, 0, 0), (0, 0)): [22676, 4190, 1866, 830, 354, 151, 57, 27, 10, 1, 1]
(0, (0, 0, 0), (0, 1)): [1698, 268, 117, 51, 25, 7, 4, 1, 1]
(0, (0, 0, 0), (0, 2)): [699, 82, 38, 21, 4, 4, 1, 0, 1]
(0, (0, 0, 0), (1, 0)): [1493, 288, 125, 65, 21, 13, 5, 3, 1]
(0, (0, 0, 0), (1, 1)): [1357, 237, 93, 43, 24, 6, 1, 1]
(0, (0, 0, 0), (1, 2)): [1019, 147, 58, 27, 16, 5, 1, 0, 1]
(0, (0, 0, 0), (2, 0)): [498, 100, 56, 33, 5, 7, 4, 1, 1]
(0, (0, 0, 0), (2, 1)): [677, 140, 68, 33, 12, 4, 2, 1]
(0, (0, 0, 0), (2, 2)): [730, 129, 59, 30, 14, 6, 0, 0, 1]
(0, (0, 0, 0), (3, 0)): [144, 32, 19, 15, 1, 4, 2, 1, 1]
(0, (0, 0, 0), (3, 1)): [246, 66, 31, 17, 4, 2, 3, 1, 1]
(0, (0, 0, 0), (3, 2)): [373, 71, 44, 16, 8, 4, 0, 0, 1]
(0, (0, 0, 1), (0, 0)): [96, 237, 56, 33, 16, 9, 2]
(0, (0, 0, 1), (0, 1)): [10, 25, 3, 1, 0, 1]
(0, (0, 0, 1), (0, 2)): [4, 11]
(0, (0, 0, 1), (1, 0)): [6, 15, 5, 0, 1, 1]
(0, (0, 0, 1), (1, 1)): [8, 15, 4, 1, 0, 1]
(0, (0, 0, 1), (1, 2)): [6, 13, 1]
(0, (0, 0, 1), (2, 0)): [1, 6, 2, 0, 0, 1]
(0, (0, 0, 1), (2, 1)): [2, 10, 3, 1]
(0, (0, 0, 1), (2, 2)): [8, 12, 2]
(0, (0, 0, 1), (3, 0)): [1, 2, 0, 0, 0, 1]
(0, (0, 0, 1), (3, 1)): [0, 3]
(0, (0, 0, 1), (3, 2)): [3, 5, 2]
(0, (0, 1, 0), (0, 0)): [789, 615, 265, 123, 56, 21, 9, 8, 3, 1]
(0, (0, 1, 0), (0, 1)): [60, 58, 14, 10, 3, 2, 1, 0, 1]
(0, (0, 1, 0), (0, 2)): [28, 17, 3, 4, 1, 1, 0, 0, 1]
(0, (0, 1, 0), (1, 0)): [40, 31, 22, 7, 2, 1, 0, 1]
(0, (0, 1, 0), (1, 1)): [41, 38, 17, 8, 3, 1]
(0, (0, 1, 0), (1, 2)): [38, 20, 4, 8, 1, 0, 0, 0, 1]
(0, (0, 1, 0), (2, 0)): [12, 11, 11, 1, 1, 1]
(0, (0, 1, 0), (2, 1)): [20, 23, 17, 3, 1, 1]
(0, (0, 1, 0), (2, 2)): [23, 20, 10, 8, 1, 0, 0, 0, 1]
(0, (0, 1, 0), (3, 0)): [3, 5, 4, 0, 1]
(0, (0, 1, 0), (3, 1)): [7, 8, 8, 0, 1]
(0, (0, 1, 0), (3, 2)): [15, 13, 9, 4, 2]
(0, (0, 1, 1), (0, 0)): [78, 78, 114, 59, 29, 14, 4, 1, 0, 0, 1]
(0, (0, 1, 1), (0, 1)): [5, 2, 7, 3, 4, 2, 1]
(0, (0, 1, 1), (0, 2)): [3, 0, 4, 1, 2, 1]
(0, (0, 1, 1), (1, 0)): [2, 8, 5, 4, 0, 2, 1, 1]
(0, (0, 1, 1), (1, 1)): [3, 7, 5, 2, 2, 1]
(0, (0, 1, 1), (1, 2)): [5, 5, 4, 1, 2, 1]
(0, (0, 1, 1), (2, 0)): [1, 3, 3, 3, 0, 2, 1, 1]
(0, (0, 1, 1), (2, 1)): [1, 2, 2, 1, 0, 0, 0, 1]
(0, (0, 1, 1), (2, 2)): [3, 3, 1, 1, 1, 1]
(0, (0, 1, 1), (3, 0)): [0, 2, 2, 1, 0, 2, 1]
(0, (0, 1, 1), (3, 1)): [0, 2, 1, 0, 0, 0, 0, 1]
(0, (0, 1, 1), (3, 2)): [1, 2, 1, 0, 0, 0, 0, 1]
(0, (1, 0, 0), (0, 0)): [4604, 1361, 888, 423, 195, 90, 33, 14, 7, 0, 1]
(0, (1, 0, 0), (0, 1)): [340, 91, 46, 32, 11, 6, 2, 0, 1]
(0, (1, 0, 0), (0, 2)): [141, 27, 10, 10, 1, 1, 1, 0, 1]
(0, (1, 0, 0), (1, 0)): [278, 81, 66, 24, 11, 3, 2, 2, 1]
(0, (1, 0, 0), (1, 1)): [238, 65, 43, 24, 17, 6, 0, 1, 1]
(0, (1, 0, 0), (1, 2)): [158, 36, 23, 18, 5, 2, 1, 1]
(0, (1, 0, 0), (2, 0)): [91, 28, 26, 7, 1, 0, 1]
(0, (1, 0, 0), (2, 1)): [121, 36, 26, 11, 8, 2, 1]
(0, (1, 0, 0), (2, 2)): [103, 26, 16, 9, 6, 2, 1, 1]
(0, (1, 0, 0), (3, 0)): [22, 9, 8, 5]
(0, (1, 0, 0), (3, 1)): [54, 16, 9, 8, 1]
(0, (1, 0, 0), (3, 2)): [52, 13, 5, 6, 3, 1, 0, 1]
(0, (1, 0, 1), (0, 0)): [114, 315, 114, 77, 39, 19, 5, 7]
(0, (1, 0, 1), (0, 1)): [6, 20, 6, 5, 1, 2, 0, 1]
(0, (1, 0, 1), (0, 2)): [2, 5, 2, 2]
(0, (1, 0, 1), (1, 0)): [6, 20, 6, 4, 2, 2]
(0, (1, 0, 1), (1, 1)): [6, 14, 4, 4, 0, 2]
(0, (1, 0, 1), (1, 2)): [5, 9, 2, 3, 0, 2]
(0, (1, 0, 1), (2, 0)): [2, 10, 3, 1, 1]
(0, (1, 0, 1), (2, 1)): [3, 4, 3, 1]
(0, (1, 0, 1), (2, 2)): [4, 5, 1, 3, 0, 1]
(0, (1, 0, 1), (3, 0)): [0, 6, 1, 1, 1]
(0, (1, 0, 1), (3, 1)): [0, 4, 2]
(0, (1, 0, 1), (3, 2)): [1, 1, 2, 0, 0, 1]
(0, (1, 1, 0), (0, 0)): [602, 334, 244, 185, 75, 53, 20, 8, 3, 0, 1]
(0, (1, 1, 0), (0, 1)): [44, 23, 19, 13, 7, 4, 1, 1, 1]
(0, (1, 1, 0), (0, 2)): [25, 9, 7, 4, 1, 1]
(0, (1, 1, 0), (1, 0)): [26, 17, 12, 11, 1, 3, 2, 1]
(0, (1, 1, 0), (1, 1)): [22, 14, 15, 14, 5, 3, 2, 0, 1]
(0, (1, 1, 0), (1, 2)): [17, 9, 4, 5, 3, 0, 1]
(0, (1, 1, 0), (2, 0)): [8, 4, 1, 2, 0, 1, 1]
(0, (1, 1, 0), (2, 1)): [11, 6, 3, 6, 1, 1, 0, 0, 1]
(0, (1, 1, 0), (2, 2)): [10, 5, 2, 6, 3]
(0, (1, 1, 0), (3, 0)): [1, 1, 0, 1, 0, 0, 1]
(0, (1, 1, 0), (3, 1)): [1, 3, 1, 3, 0, 1, 1, 0, 1]
(0, (1, 1, 0), (3, 2)): [5, 3, 2, 4, 3, 1]
(0, (1, 1, 1), (0, 0)): [51, 92, 77, 62, 48, 27, 13, 4, 1, 0, 1]
(0, (1, 1, 1), (0, 1)): [3, 7, 1, 1, 6, 2, 0, 0, 1]
(0, (1, 1, 1), (0, 2)): [0, 2, 0, 1, 3, 1, 0, 0, 1]
(0, (1, 1, 1), (1, 0)): [2, 2, 4, 7, 1, 1, 1]
(0, (1, 1, 1), (1, 1)): [3, 3, 3, 4, 3, 2]
(0, (1, 1, 1), (1, 2)): [2, 3, 0, 1, 2, 0, 0, 0, 1]
(0, (1, 1, 1), (2, 0)): [0, 1, 0, 0, 0, 0, 1]
(0, (1, 1, 1), (2, 1)): [1, 2, 0, 3, 0, 1]
(0, (1, 1, 1), (2, 2)): [0, 1, 0, 2]
(0, (1, 1, 1), (3, 0)): [0, 1, 0, 0, 0, 0, 1]
(0, (1, 1, 1), (3, 2)): [0, 0, 0, 2]
(1, (0, 0, 0), (0, 0)): [18734, 1956, 766, 286, 112, 35, 13, 6, 2]
(1, (0, 0, 0), (0, 1)): [1390, 129, 52, 17, 6, 4]
(1, (0, 0, 0), (0, 2)): [560, 41, 18, 6, 3]
(1, (0, 0, 0), (1, 0)): [1274, 148, 50, 21, 8, 2, 1]
(1, (0, 0, 0), (1, 1)): [1122, 107, 39, 9, 6, 4]
(1, (0, 0, 0), (1, 2)): [777, 66, 18, 8, 3, 2]
(1, (0, 0, 0), (2, 0)): [447, 54, 18, 11, 3, 0, 1]
(1, (0, 0, 0), (2, 1)): [626, 57, 22, 6, 4, 1, 1]
(1, (0, 0, 0), (2, 2)): [624, 55, 17, 3, 4, 3, 1]
(1, (0, 0, 0), (3, 0)): [139, 20, 8, 7, 1]
(1, (0, 0, 0), (3, 1)): [280, 24, 16, 4, 3]
(1, (0, 0, 0), (3, 2)): [348, 37, 11, 3, 4, 0, 1]
(1, (0, 0, 1), (0, 0)): [450, 548, 113, 49, 17, 11, 2]
(1, (0, 0, 1), (0, 1)): [35, 40, 7, 3, 1]
(1, (0, 0, 1), (0, 2)): [19, 14, 3]
(1, (0, 0, 1), (1, 0)): [31, 44, 9, 7, 3, 2]
(1, (0, 0, 1), (1, 1)): [26, 40, 6, 6, 1]
(1, (0, 0, 1), (1, 2)): [20, 23, 3, 1, 1]
(1, (0, 0, 1), (2, 0)): [15, 14, 4, 0, 2, 1]
(1, (0, 0, 1), (2, 1)): [16, 23, 3, 2, 1, 1]
(1, (0, 0, 1), (2, 2)): [14, 18, 4, 2, 1]
(1, (0, 0, 1), (3, 0)): [8, 5, 3]
(1, (0, 0, 1), (3, 1)): [8, 11, 2, 0, 0, 1]
(1, (0, 0, 1), (3, 2)): [6, 12, 3, 1, 1]
(1, (0, 1, 0), (0, 0)): [2265, 926, 340, 133, 65, 16, 2, 3, 2]
(1, (0, 1, 0), (0, 1)): [178, 58, 16, 8, 3]
(1, (0, 1, 0), (0, 2)): [75, 24, 4, 5, 2]
(1, (0, 1, 0), (1, 0)): [166, 88, 28, 15, 6, 1]
(1, (0, 1, 0), (1, 1)): [142, 52, 17, 6, 3]
(1, (0, 1, 0), (1, 2)): [92, 33, 9, 6, 2]
(1, (0, 1, 0), (2, 0)): [68, 41, 12, 3]
(1, (0, 1, 0), (2, 1)): [77, 33, 10, 4, 1]
(1, (0, 1, 0), (2, 2)): [83, 28, 12, 3, 2]
(1, (0, 1, 0), (3, 0)): [38, 18, 4, 1]
(1, (0, 1, 0), (3, 1)): [37, 13, 6, 1]
(1, (0, 1, 0), (3, 2)): [53, 18, 10, 1, 1]
(1, (0, 1, 1), (0, 0)): [385, 231, 212, 90, 52, 22, 8, 0, 2]
(1, (0, 1, 1), (0, 1)): [15, 14, 11, 3, 3, 3]
(1, (0, 1, 1), (0, 2)): [7, 6, 2, 0, 2, 1]
(1, (0, 1, 1), (1, 0)): [37, 29, 14, 7, 6, 2, 2]
(1, (0, 1, 1), (1, 1)): [15, 13, 9, 3, 2]
(1, (0, 1, 1), (1, 2)): [12, 12, 4, 2, 2, 1]
(1, (0, 1, 1), (2, 0)): [25, 18, 8, 6, 5, 2, 1]
(1, (0, 1, 1), (2, 1)): [7, 9, 7, 2, 2, 0, 1]
(1, (0, 1, 1), (2, 2)): [10, 6, 8, 4, 0, 0, 1]
(1, (0, 1, 1), (3, 0)): [23, 12, 6, 4, 5, 2]
(1, (0, 1, 1), (3, 1)): [4, 7, 1, 1, 2, 1]
(1, (0, 1, 1), (3, 2)): [6, 6, 5, 2]
(1, (1, 0, 0), (0, 0)): [6696, 1002, 676, 294, 137, 33, 18, 6, 1]
(1, (1, 0, 0), (0, 1)): [476, 61, 42, 14, 14, 1]
(1, (1, 0, 0), (0, 2)): [183, 15, 18, 5, 4]
(1, (1, 0, 0), (1, 0)): [446, 85, 45, 26, 10, 2, 1]
(1, (1, 0, 0), (1, 1)): [393, 61, 33, 15, 8, 0, 1]
(1, (1, 0, 0), (1, 2)): [258, 34, 19, 5, 3]
(1, (1, 0, 0), (2, 0)): [137, 27, 20, 13, 2, 2]
(1, (1, 0, 0), (2, 1)): [192, 32, 23, 12, 4, 0, 1]
(1, (1, 0, 0), (2, 2)): [205, 23, 16, 5, 2]
(1, (1, 0, 0), (3, 0)): [40, 6, 6, 6, 0, 2]
(1, (1, 0, 0), (3, 1)): [74, 12, 14, 4, 2, 1]
(1, (1, 0, 0), (3, 2)): [111, 12, 12, 1, 1]
(1, (1, 0, 1), (0, 0)): [528, 530, 183, 107, 62, 22, 8, 4, 0, 1]
(1, (1, 0, 1), (0, 1)): [42, 30, 10, 5, 5, 3]
(1, (1, 0, 1), (0, 2)): [23, 6, 3, 1, 1, 2]
(1, (1, 0, 1), (1, 0)): [46, 33, 17, 6, 4]
(1, (1, 0, 1), (1, 1)): [39, 29, 9, 4, 4]
(1, (1, 0, 1), (1, 2)): [29, 13, 5, 2, 3, 1]
(1, (1, 0, 1), (2, 0)): [15, 8, 9]
(1, (1, 0, 1), (2, 1)): [16, 12, 4]
(1, (1, 0, 1), (2, 2)): [19, 12, 3, 1, 2, 1]
(1, (1, 0, 1), (3, 0)): [8, 5, 3]
(1, (1, 0, 1), (3, 1)): [4, 6, 2]
(1, (1, 0, 1), (3, 2)): [9, 4, 2, 0, 1, 1]
(1, (1, 1, 0), (0, 0)): [1697, 515, 308, 231, 96, 28, 12, 5, 2]
(1, (1, 1, 0), (0, 1)): [137, 37, 18, 21, 2, 1]
(1, (1, 1, 0), (0, 2)): [61, 17, 6, 8]
(1, (1, 1, 0), (1, 0)): [119, 39, 25, 16, 8, 1]
(1, (1, 1, 0), (1, 1)): [94, 24, 17, 11, 1]
(1, (1, 1, 0), (1, 2)): [79, 15, 10, 7]
(1, (1, 1, 0), (2, 0)): [41, 17, 11, 5, 5]
(1, (1, 1, 0), (2, 1)): [46, 16, 12, 5, 2]
(1, (1, 1, 0), (2, 2)): [53, 15, 6, 5]
(1, (1, 1, 0), (3, 0)): [11, 7, 2, 0, 1]
(1, (1, 1, 0), (3, 1)): [20, 9, 5, 2, 2]
(1, (1, 1, 0), (3, 2)): [27, 8, 7, 3]
(1, (1, 1, 1), (0, 0)): [375, 251, 152, 98, 78, 27, 12, 1, 3]
(1, (1, 1, 1), (0, 1)): [37, 19, 10, 4, 6, 0, 1]
(1, (1, 1, 1), (0, 2)): [22, 8, 3, 0, 3]
(1, (1, 1, 1), (1, 0)): [24, 14, 10, 3, 8, 2]
(1, (1, 1, 1), (1, 1)): [25, 11, 9, 4, 3, 1, 1]
(1, (1, 1, 1), (1, 2)): [23, 5, 6, 1, 4, 1, 1]
(1, (1, 1, 1), (2, 0)): [8, 7, 4, 0, 3, 1]
(1, (1, 1, 1), (2, 1)): [14, 9, 7, 2, 3]
(1, (1, 1, 1), (2, 2)): [13, 9, 3, 2, 3]
(1, (1, 1, 1), (3, 0)): [0, 3, 0, 0, 0, 1]
(1, (1, 1, 1), (3, 1)): [1, 5, 2, 0, 0, 1]
(1, (1, 1, 1), (3, 2)): [2, 3, 2, 1, 1, 1]
(2, (0, 0, 0), (0, 0)): [16322, 734, 239, 68, 20, 6, 0, 1]
(2, (0, 0, 0), (0, 1)): [1180, 42, 18, 4, 1]
(2, (0, 0, 0), (0, 2)): [474, 15, 6]
(2, (0, 0, 0), (1, 0)): [1104, 59, 23, 7, 1]
(2, (0, 0, 0), (1, 1)): [938, 46, 22, 5, 1]
(2, (0, 0, 0), (1, 2)): [677, 17, 11, 1]
(2, (0, 0, 0), (2, 0)): [431, 23, 8, 4, 1]
(2, (0, 0, 0), (2, 1)): [540, 35, 15, 3]
(2, (0, 0, 0), (2, 2)): [537, 18, 12, 2]
(2, (0, 0, 0), (3, 0)): [124, 9, 2, 2, 1]
(2, (0, 0, 0), (3, 1)): [226, 18, 6, 3, 1]
(2, (0, 0, 0), (3, 2)): [309, 15, 13, 2, 1]
(2, (0, 0, 1), (0, 0)): [1219, 339, 60, 23, 10, 1, 0, 1]
(2, (0, 0, 1), (0, 1)): [103, 26, 1, 1, 2]
(2, (0, 0, 1), (0, 2)): [48, 11, 0, 1]
(2, (0, 0, 1), (1, 0)): [96, 37, 2, 3, 1, 0, 0, 1]
(2, (0, 0, 1), (1, 1)): [79, 22, 1, 1, 1, 0, 0, 1]
(2, (0, 0, 1), (1, 2)): [64, 15, 1]
(2, (0, 0, 1), (2, 0)): [40, 11, 2, 2]
(2, (0, 0, 1), (2, 1)): [45, 11, 2, 1, 1, 0, 0, 1]
(2, (0, 0, 1), (2, 2)): [52, 7, 3]
(2, (0, 0, 1), (3, 0)): [23, 6, 0, 1]
(2, (0, 0, 1), (3, 1)): [22, 6, 0, 1, 1, 0, 0, 1]
(2, (0, 0, 1), (3, 2)): [34, 2, 1, 1]
(2, (0, 1, 0), (0, 0)): [3539, 687, 190, 76, 30, 5, 0, 1]
(2, (0, 1, 0), (0, 1)): [265, 42, 10, 3, 1]
(2, (0, 1, 0), (0, 2)): [104, 12, 1, 1]
(2, (0, 1, 0), (1, 0)): [328, 54, 20, 13, 1, 1]
(2, (0, 1, 0), (1, 1)): [249, 39, 8, 4]
(2, (0, 1, 0), (1, 2)): [162, 25, 5, 3]
(2, (0, 1, 0), (2, 0)): [150, 26, 16, 9, 1, 1]
(2, (0, 1, 0), (2, 1)): [138, 23, 6, 4, 0, 1]
(2, (0, 1, 0), (2, 2)): [123, 22, 6, 5, 0, 1]
(2, (0, 1, 0), (3, 0)): [99, 11, 10, 7, 1]
(2, (0, 1, 0), (3, 1)): [61, 10, 8, 2]
(2, (0, 1, 0), (3, 2)): [75, 17, 9, 4]
(2, (0, 1, 1), (0, 0)): [771, 63, 174, 36, 18, 3]
(2, (0, 1, 1), (0, 1)): [46, 4, 7, 2]
(2, (0, 1, 1), (0, 2)): [20, 3, 1]
(2, (0, 1, 1), (1, 0)): [63, 7, 16, 4, 2, 1]
(2, (0, 1, 1), (1, 1)): [46, 3, 10, 3, 1]
(2, (0, 1, 1), (1, 2)): [34, 2, 3]
(2, (0, 1, 1), (2, 0)): [33, 4, 7, 3, 1, 1]
(2, (0, 1, 1), (2, 1)): [29, 1, 7, 2, 1]
(2, (0, 1, 1), (2, 2)): [30, 2, 4, 2, 1]
(2, (0, 1, 1), (3, 0)): [20, 2, 4, 3, 1, 1]
(2, (0, 1, 1), (3, 1)): [14, 0, 2, 1]
(2, (0, 1, 1), (3, 2)): [19, 2, 1, 3, 1]
(2, (1, 0, 0), (0, 0)): [8074, 469, 369, 115, 35, 6, 2, 1]
(2, (1, 0, 0), (0, 1)): [567, 29, 27, 6, 2]
(2, (1, 0, 0), (0, 2)): [237, 6, 9, 1, 1]
(2, (1, 0, 0), (1, 0)): [489, 32, 25, 12]
(2, (1, 0, 0), (1, 1)): [430, 30, 20, 8, 1]
(2, (1, 0, 0), (1, 2)): [321, 15, 14, 4, 1]
(2, (1, 0, 0), (2, 0)): [144, 8, 8, 7]
(2, (1, 0, 0), (2, 1)): [191, 5, 9, 4]
(2, (1, 0, 0), (2, 2)): [197, 13, 14, 1]
(2, (1, 0, 0), (3, 0)): [46, 5, 2, 6]
(2, (1, 0, 0), (3, 1)): [87, 5, 3, 5]
(2, (1, 0, 0), (3, 2)): [102, 6, 10, 5]
(2, (1, 0, 1), (0, 0)): [1314, 294, 121, 79, 27, 6, 3, 5]
(2, (1, 0, 1), (0, 1)): [107, 23, 11, 3, 1, 0, 0, 1]
(2, (1, 0, 1), (0, 2)): [46, 5, 3, 0, 0, 0, 0, 1]
(2, (1, 0, 1), (1, 0)): [81, 20, 7, 7, 2, 1, 1]
(2, (1, 0, 1), (1, 1)): [69, 15, 7, 6, 1, 1, 1]
(2, (1, 0, 1), (1, 2)): [53, 6, 2, 3, 1, 1, 0, 1]
(2, (1, 0, 1), (2, 0)): [27, 9, 4, 2, 1]
(2, (1, 0, 1), (2, 1)): [43, 8, 4, 2, 0, 0, 1]
(2, (1, 0, 1), (2, 2)): [39, 3, 0, 3, 0, 1, 0, 1]
(2, (1, 0, 1), (3, 0)): [9, 3, 2]
(2, (1, 0, 1), (3, 1)): [16, 4, 4, 0, 0, 0, 1]
(2, (1, 0, 1), (3, 2)): [19, 4, 3, 3, 0, 1, 0, 1]
(2, (1, 1, 0), (0, 0)): [3109, 449, 205, 174, 49, 10, 3, 1]
(2, (1, 1, 0), (0, 1)): [241, 30, 11, 10, 1]
(2, (1, 1, 0), (0, 2)): [109, 11, 3, 2]
(2, (1, 1, 0), (1, 0)): [179, 23, 14, 17, 4, 1]
(2, (1, 1, 0), (1, 1)): [167, 22, 8, 15, 3]
(2, (1, 1, 0), (1, 2)): [127, 17, 2, 6, 1]
(2, (1, 1, 0), (2, 0)): [64, 10, 3, 2, 2]
(2, (1, 1, 0), (2, 1)): [82, 8, 7, 7]
(2, (1, 1, 0), (2, 2)): [95, 11, 2, 7, 1]
(2, (1, 1, 0), (3, 0)): [26, 4, 1, 1, 1]
(2, (1, 1, 0), (3, 1)): [38, 5, 2, 2, 1]
(2, (1, 1, 0), (3, 2)): [46, 3, 3, 4, 1]
(2, (1, 1, 1), (0, 0)): [863, 106, 142, 61, 58, 12, 3, 4]
(2, (1, 1, 1), (0, 1)): [63, 5, 11, 7, 4]
(2, (1, 1, 1), (0, 2)): [35, 0, 4, 2, 1]
(2, (1, 1, 1), (1, 0)): [63, 16, 7, 4, 6, 1, 1]
(2, (1, 1, 1), (1, 1)): [56, 10, 7, 7, 5]
(2, (1, 1, 1), (1, 2)): [46, 2, 4, 4]
(2, (1, 1, 1), (2, 0)): [17, 6, 2, 0, 3, 1]
(2, (1, 1, 1), (2, 1)): [23, 9, 4, 3, 5, 1]
(2, (1, 1, 1), (2, 2)): [27, 4, 3, 6, 3]
(2, (1, 1, 1), (3, 0)): [6, 5, 1, 0, 1]
(2, (1, 1, 1), (3, 1)): [10, 5, 2, 0, 2]
(2, (1, 1, 1), (3, 2)): [15, 6, 2, 3, 1]
