(0, (0, 0, 0)): [1295784, 257218, 118505, 53855, 23906, 10191, 4203, 1782, 705, 317, 140, 60, 28, 10, 3, 1, 0, 1]
(0, (0, 0, 1)): [5671, 16701, 4542, 2153, 1039, 436, 194, 95, 36, 20, 8, 1, 3, 2]
(0, (0, 1, 0)): [44990, 41558, 16126, 7728, 3710, 1588, 674, 288, 115, 67, 24, 6, 3, 2, 1]
(0, (0, 1, 1)): [3877, 6452, 7823, 3620, 1907, 882, 379, 180, 88, 38, 10, 6, 1, 2, 1, 0, 0, 1]
(0, (1, 0, 0)): [280043, 93557, 58646, 28968, 13691, 6125, 2557, 1118, 461, 208, 94, 38, 19, 4, 2, 1, 0, 1]
(0, (1, 0, 1)): [6685, 19892, 8210, 5574, 2949, 1340, 653, 274, 127, 50, 26, 13, 5, 1, 1, 0, 0, 1]
(0, (1, 1, 0)): [38053, 24378, 18581, 13075, 6916, 3262, 1392, 671, 264, 127, 59, 24, 9, 1]
(0, (1, 1, 1)): [3811, 7063, 5825, 4459, 3485, 1746, 809, 408, 175, 79, 40, 14, 4, 1, 1]
(1, (0, 0, 0)): [1045359, 112511, 46121, 18164, 7064, 2706, 1038, 401, 149, 59, 26, 14, 6, 3, 0, 1]
(1, (0, 0, 1)): [29624, 42375, 8266, 3507, 1479, 589, 234, 99, 42, 15, 8, 4, 4, 1]
(1, (0, 1, 0)): [143011, 64267, 22852, 9680, 3910, 1548, 531, 246, 68, 34, 20, 7, 8, 2, 1]
(1, (0, 1, 1)): [23424, 18868, 17441, 6898, 3474, 1371, 541, 216, 104, 33, 10, 7, 1, 2, 0, 1]
(1, (1, 0, 0)): [402972, 71827, 45260, 19242, 7768, 3072, 1207, 441, 194, 77, 30, 20, 4, 3, 0, 2]
(1, (1, 0, 1)): [32149, 37949, 12379, 8060, 3428, 1398, 550, 222, 78, 49, 13, 5, 0, 1]
(1, (1, 1, 0)): [109662, 33969, 22939, 16026, 6784, 2798, 1105, 443, 181, 68, 25, 13, 8, 5, 1]
(1, (1, 1, 1)): [22514, 17806, 11502, 7612, 5449, 2319, 945, 361, 148, 55, 20, 15, 6, 3, 1, 1]
(2, (0, 0, 0)): [905021, 40198, 13450, 4287, 1424, 468, 164, 51, 10, 5, 5, 0, 1]
(2, (0, 0, 1)): [85311, 26857, 5118, 1751, 631, 209, 63, 20, 3, 2, 0, 1]
(2, (0, 1, 0)): [226524, 48996, 12821, 4467, 1452, 497, 154, 44, 9, 7, 5, 0, 1]
(2, (0, 1, 1)): [52388, 4582, 11644, 3117, 1211, 383, 135, 46, 17, 4, 3, 1, 0, 1]
(2, (1, 0, 0)): [489266, 35538, 22364, 7126, 2263, 727, 289, 80, 18, 10, 6, 0, 1]
(2, (1, 0, 1)): [82102, 20256, 8059, 4658, 1502, 504, 180, 58, 21, 7, 0, 2, 1]
(2, (1, 1, 0)): [188090, 28996, 14655, 9715, 3090, 1021, 333, 108, 40, 18, 7, 1, 2, 1]
(2, (1, 1, 1)): [54585, 8003, 9196, 4606, 3248, 1029, 349, 121, 41, 9, 6, 0, 1, 1]
