(0, (0, 0, 0), (0, 0)): [21947, 4442, 2132, 942, 450, 178, 69, 35, 8, 5, 2, 2, 1]
(0, (0, 0, 0), (0, 1)): [1314, 232, 106, 50, 23, 13, 5, 3]
(0, (0, 0, 0), (0, 2)): [484, 64, 32, 18, 11, 5, 1, 1]
(0, (0, 0, 0), (1, 0)): [1177, 251, 121, 56, 29, 16, 7, 4, 2]
(0, (0, 0, 0), (1, 1)): [1109, 208, 91, 47, 18, 12, 6, 2]
(0, (0, 0, 0), (1, 2)): [711, 100, 54, 26, 13, 9, 2, 1]
(0, (0, 0, 0), (2, 0)): [403, 89, 55, 20, 11, 6, 2, 2, 2]
(0, (0, 0, 0), (2, 1)): [593, 113, 60, 32, 14, 5, 2, 3, 1]
(0, (0, 0, 0), (2, 2)): [590, 89, 42, 24, 12, 6, 2, 0, 1]
(0, (0, 0, 0), (3, 0)): [134, 29, 20, 6, 4, 3, 2, 1, 1]
(0, (0, 0, 0), (3, 1)): [249, 44, 32, 17, 8, 5, 1, 3]
(0, (0, 0, 0), (3, 2)): [334, 53, 33, 19, 11, 2, 1, 2, 1]
(0, (0, 0, 1), (0, 0)): [103, 271, 57, 33, 20, 6, 4, 1]
(0, (0, 0, 1), (0, 1)): [5, 19, 5, 2, 1, 1]
(0, (0, 0, 1), (0, 2)): [2, 6, 2, 1]
(0, (0, 0, 1), (1, 0)): [6, 18, 3, 0, 3, 0, 1]
(0, (0, 0, 1), (1, 1)): [4, 19, 5, 1, 2, 1, 1]
(0, (0, 0, 1), (1, 2)): [3, 9, 4, 1, 1, 0, 1]
(0, (0, 0, 1), (2, 0)): [2, 8, 0, 0, 2]
(0, (0, 0, 1), (2, 1)): [1, 11, 3, 0, 1, 1]
(0, (0, 0, 1), (2, 2)): [2, 10, 1, 0, 1, 0, 1]
(0, (0, 0, 1), (3, 0)): [1, 5, 0, 0, 1]
(0, (0, 0, 1), (3, 1)): [1, 3, 2, 0, 1, 1]
(0, (0, 0, 1), (3, 2)): [0, 4, 1, 0, 1, 1]
(0, (0, 1, 0), (0, 0)): [741, 678, 262, 126, 66, 25, 6, 3, 0, 1]
(0, (0, 1, 0), (0, 1)): [35, 31, 12, 10, 3, 1, 1, 1]
(0, (0, 1, 0), (0, 2)): [16, 8, 3, 4, 1, 0, 1]
(0, (0, 1, 0), (1, 0)): [44, 41, 21, 7, 5, 4, 2]
(0, (0, 1, 0), (1, 1)): [27, 36, 17, 8, 1, 1, 1, 1]
(0, (0, 1, 0), (1, 2)): [18, 15, 8, 5, 2, 0, 1]
(0, (0, 1, 0), (2, 0)): [15, 15, 4, 3, 4, 3]
(0, (0, 1, 0), (2, 1)): [20, 19, 8, 4, 1, 2, 0, 1]
(0, (0, 1, 0), (2, 2)): [26, 10, 4, 2, 3, 1, 1]
(0, (0, 1, 0), (3, 0)): [3, 6, 3, 2, 1, 1]
(0, (0, 1, 0), (3, 1)): [8, 8, 5, 2, 0, 1]
(0, (0, 1, 0), (3, 2)): [15, 9, 5, 3, 2, 2]
(0, (0, 1, 1), (0, 0)): [65, 101, 132, 64, 28, 19, 9, 8, 1, 3, 0, 1]
(0, (0, 1, 1), (0, 1)): [4, 5, 4, 2, 2, 1, 3, 2]
(0, (0, 1, 1), (0, 2)): [2, 2, 1, 0, 2, 1, 1, 1]
(0, (0, 1, 1), (1, 0)): [4, 3, 7, 4, 3, 2, 0, 0, 1]
(0, (0, 1, 1), (1, 1)): [0, 4, 3, 2, 1, 0, 2, 1]
(0, (0, 1, 1), (1, 2)): [1, 3, 1, 0, 2, 1, 1, 1]
(0, (0, 1, 1), (2, 0)): [3, 1, 3, 3, 1, 2, 0, 0, 1]
(0, (0, 1, 1), (2, 1)): [1, 2, 2, 2, 1, 0, 0, 1, 1]
(0, (0, 1, 1), (2, 2)): [1, 3, 1, 0, 1, 0, 1, 0, 1]
(0, (0, 1, 1), (3, 0)): [2, 1, 3, 2, 1, 2]
(0, (0, 1, 1), (3, 1)): [0, 1, 1, 2]
(0, (0, 1, 1), (3, 2)): [0, 2, 1, 0, 1, 0, 1, 0, 1]
(0, (1, 0, 0), (0, 0)): [4733, 1497, 1070, 495, 226, 105, 44, 29, 6, 4, 2, 2, 1]
(0, (1, 0, 0), (0, 1)): [278, 71, 59, 23, 23, 7, 4, 3]
(0, (1, 0, 0), (0, 2)): [107, 27, 20, 6, 6, 0, 2, 1]
(0, (1, 0, 0), (1, 0)): [241, 88, 54, 28, 17, 9, 5, 3, 2]
(0, (1, 0, 0), (1, 1)): [198, 66, 51, 24, 16, 10, 3, 2, 1]
(0, (1, 0, 0), (1, 2)): [140, 35, 19, 10, 8, 3, 2, 2]
(0, (1, 0, 0), (2, 0)): [80, 24, 18, 10, 10, 2, 1, 1, 1]
(0, (1, 0, 0), (2, 1)): [94, 31, 26, 12, 9, 3, 2, 1, 1]
(0, (1, 0, 0), (2, 2)): [94, 26, 19, 10, 10, 2, 1, 1]
(0, (1, 0, 0), (3, 0)): [23, 10, 8, 5, 5]
(0, (1, 0, 0), (3, 1)): [32, 18, 6, 7, 7, 1, 0, 1, 1]
(0, (1, 0, 0), (3, 2)): [41, 13, 7, 6, 10, 1, 0, 1]
(0, (1, 0, 1), (0, 0)): [111, 321, 136, 94, 47, 25, 8, 3, 1, 1, 2]
(0, (1, 0, 1), (0, 1)): [6, 20, 13, 8, 2, 4]
(0, (1, 0, 1), (0, 2)): [2, 3, 2, 1, 2, 1]
(0, (1, 0, 1), (1, 0)): [6, 15, 5, 11, 3, 1]
(0, (1, 0, 1), (1, 1)): [6, 14, 6, 4, 2, 1]
(0, (1, 0, 1), (1, 2)): [4, 9, 3, 1, 1]
(0, (1, 0, 1), (2, 0)): [1, 7, 2, 6, 1, 1]
(0, (1, 0, 1), (2, 1)): [1, 8, 1, 4, 3]
(0, (1, 0, 1), (2, 2)): [3, 6, 1, 1, 3]
(0, (1, 0, 1), (3, 0)): [1, 4, 2, 1, 0, 1]
(0, (1, 0, 1), (3, 1)): [0, 1, 1, 3, 1]
(0, (1, 0, 1), (3, 2)): [3, 2, 2, 2, 2]
(0, (1, 1, 0), (0, 0)): [650, 360, 277, 224, 111, 51, 18, 18, 3, 2, 1, 2]
(0, (1, 1, 0), (0, 1)): [35, 19, 20, 12, 10, 4, 1, 1]
(0, (1, 1, 0), (0, 2)): [10, 6, 9, 4, 4, 1]
(0, (1, 1, 0), (1, 0)): [24, 20, 13, 11, 5, 3, 1, 2]
(0, (1, 1, 0), (1, 1)): [26, 10, 9, 11, 4, 3, 1, 3]
(0, (1, 1, 0), (1, 2)): [14, 9, 7, 3, 4, 2, 0, 1]
(0, (1, 1, 0), (2, 0)): [7, 9, 3, 3, 3, 2]
(0, (1, 1, 0), (2, 1)): [12, 4, 6, 8, 2, 3, 1, 1]
(0, (1, 1, 0), (2, 2)): [14, 4, 2, 3, 4, 2, 1, 1]
(0, (1, 1, 0), (3, 0)): [2, 5, 0, 0, 1]
(0, (1, 1, 0), (3, 1)): [4, 6, 0, 4, 1, 1, 0, 1]
(0, (1, 1, 0), (3, 2)): [7, 3, 0, 3, 0, 2, 0, 2]
(0, (1, 1, 1), (0, 0)): [67, 108, 97, 74, 60, 30, 14, 13, 1, 2, 1]
(0, (1, 1, 1), (0, 1)): [2, 2, 6, 6, 2, 2, 1]
(0, (1, 1, 1), (0, 2)): [0, 2, 2, 1, 2, 1]
(0, (1, 1, 1), (1, 0)): [3, 12, 4, 2, 5, 5, 0, 2]
(0, (1, 1, 1), (1, 1)): [3, 5, 2, 6, 1, 4, 1]
(0, (1, 1, 1), (1, 2)): [2, 4, 0, 3, 0, 3]
(0, (1, 1, 1), (2, 0)): [0, 5, 2, 0, 3, 1, 0, 2]
(0, (1, 1, 1), (2, 1)): [1, 3, 3, 2, 2, 3, 1]
(0, (1, 1, 1), (2, 2)): [1, 3, 1, 2, 1, 3]
(0, (1, 1, 1), (3, 0)): [0, 1, 0, 0, 1, 0, 0, 2]
(0, (1, 1, 1), (3, 1)): [0, 0, 1, 0, 2, 1, 0, 1]
(0, (1, 1, 1), (3, 2)): [0, 0, 1, 0, 2, 3]
(1, (0, 0, 0), (0, 0)): [17924, 1973, 846, 317, 160, 40, 17, 3, 2]
(1, (0, 0, 0), (0, 1)): [1085, 126, 51, 19, 5, 4, 2]
(1, (0, 0, 0), (0, 2)): [412, 40, 15, 4, 3, 2]
(1, (0, 0, 0), (1, 0)): [976, 109, 42, 23, 9, 2]
(1, (0, 0, 0), (1, 1)): [918, 96, 37, 20, 6, 3, 2]
(1, (0, 0, 0), (1, 2)): [621, 53, 22, 3, 5, 3, 2]
(1, (0, 0, 0), (2, 0)): [325, 50, 23, 10, 2, 1]
(1, (0, 0, 0), (2, 1)): [488, 60, 22, 14, 4, 2]
(1, (0, 0, 0), (2, 2)): [532, 49, 22, 8, 7, 4, 1]
(1, (0, 0, 0), (3, 0)): [102, 14, 15, 6]
(1, (0, 0, 0), (3, 1)): [206, 33, 17, 9, 1]
(1, (0, 0, 0), (3, 2)): [287, 33, 16, 4, 5, 2, 1]
(1, (0, 0, 1), (0, 0)): [485, 613, 120, 55, 27, 12, 4]
(1, (0, 0, 1), (0, 1)): [28, 34, 6, 3, 1, 0, 1]
(1, (0, 0, 1), (0, 2)): [11, 10, 4, 1, 0, 0, 1]
(1, (0, 0, 1), (1, 0)): [29, 43, 13, 7, 3, 0, 1]
(1, (0, 0, 1), (1, 1)): [28, 32, 11, 4, 2]
(1, (0, 0, 1), (1, 2)): [23, 24, 7, 1, 1, 0, 1]
(1, (0, 0, 1), (2, 0)): [14, 14, 3, 2, 1, 0, 1]
(1, (0, 0, 1), (2, 1)): [6, 19, 5, 2, 1, 0, 1]
(1, (0, 0, 1), (2, 2)): [11, 14, 6, 1, 1, 0, 1]
(1, (0, 0, 1), (3, 0)): [5, 3, 3, 1]
(1, (0, 0, 1), (3, 1)): [4, 8, 2, 0, 0, 0, 1]
(1, (0, 0, 1), (3, 2)): [5, 6, 2, 1, 1, 0, 2]
(1, (0, 1, 0), (0, 0)): [2206, 951, 389, 146, 62, 12, 10, 2, 1]
(1, (0, 1, 0), (0, 1)): [116, 43, 27, 9, 1, 1, 1, 1]
(1, (0, 1, 0), (0, 2)): [42, 9, 9, 0, 0, 0, 1]
(1, (0, 1, 0), (1, 0)): [143, 60, 24, 9, 8, 1, 5]
(1, (0, 1, 0), (1, 1)): [109, 38, 23, 12, 4, 1, 2, 1]
(1, (0, 1, 0), (1, 2)): [72, 19, 12, 4, 2, 0, 2, 1]
(1, (0, 1, 0), (2, 0)): [69, 32, 9, 4, 4, 0, 3]
(1, (0, 1, 0), (2, 1)): [58, 26, 13, 5, 1, 0, 2]
(1, (0, 1, 0), (2, 2)): [55, 15, 10, 3, 2, 0, 2]
(1, (0, 1, 0), (3, 0)): [36, 14, 2, 2, 3, 0, 2]
(1, (0, 1, 0), (3, 1)): [32, 15, 3, 1, 2, 0, 1]
(1, (0, 1, 0), (3, 2)): [28, 8, 5, 2, 0, 0, 3]
(1, (0, 1, 1), (0, 0)): [356, 277, 266, 95, 50, 14, 4, 5, 0, 1]
(1, (0, 1, 1), (0, 1)): [18, 14, 19, 5, 1]
(1, (0, 1, 1), (0, 2)): [8, 4, 3, 2]
(1, (0, 1, 1), (1, 0)): [31, 25, 19, 6, 8, 2, 0, 1]
(1, (0, 1, 1), (1, 1)): [19, 12, 18, 3, 2]
(1, (0, 1, 1), (1, 2)): [10, 6, 6, 2]
(1, (0, 1, 1), (2, 0)): [18, 16, 12, 4, 6, 2, 0, 1]
(1, (0, 1, 1), (2, 1)): [12, 6, 10, 4, 2]
(1, (0, 1, 1), (2, 2)): [10, 5, 10, 2, 2]
(1, (0, 1, 1), (3, 0)): [12, 13, 8, 2, 5, 2, 0, 1]
(1, (0, 1, 1), (3, 1)): [8, 4, 4, 1, 1, 1]
(1, (0, 1, 1), (3, 2)): [11, 3, 2, 2, 2]
(1, (1, 0, 0), (0, 0)): [6855, 1143, 828, 319, 157, 46, 21, 4, 3, 0, 0, 0, 1]
(1, (1, 0, 0), (0, 1)): [437, 75, 45, 13, 4, 6, 2]
(1, (1, 0, 0), (0, 2)): [185, 16, 19, 4, 0, 1, 1]
(1, (1, 0, 0), (1, 0)): [365, 82, 51, 21, 13, 2, 4]
(1, (1, 0, 0), (1, 1)): [310, 65, 42, 10, 6, 4, 2]
(1, (1, 0, 0), (1, 2)): [219, 28, 27, 8, 1, 4]
(1, (1, 0, 0), (2, 0)): [120, 29, 14, 10, 4, 0, 1]
(1, (1, 0, 0), (2, 1)): [151, 41, 22, 7, 6, 1, 2]
(1, (1, 0, 0), (2, 2)): [151, 35, 26, 5, 3, 2, 1]
(1, (1, 0, 0), (3, 0)): [37, 5, 5, 7, 1]
(1, (1, 0, 0), (3, 1)): [63, 14, 9, 5, 0, 0, 1]
(1, (1, 0, 0), (3, 2)): [70, 22, 18, 5, 1, 2]
(1, (1, 0, 1), (0, 0)): [567, 635, 180, 138, 62, 25, 8, 2, 3, 1]
(1, (1, 0, 1), (0, 1)): [29, 39, 14, 10, 3, 0, 1]
(1, (1, 0, 1), (0, 2)): [10, 9, 6, 1, 1]
(1, (1, 0, 1), (1, 0)): [26, 40, 12, 9, 10, 1]
(1, (1, 0, 1), (1, 1)): [18, 32, 9, 7, 1, 0, 1]
(1, (1, 0, 1), (1, 2)): [15, 11, 6, 3, 0, 0, 1]
(1, (1, 0, 1), (2, 0)): [13, 12, 5, 4, 5, 1]
(1, (1, 0, 1), (2, 1)): [7, 18, 6, 3, 2]
(1, (1, 0, 1), (2, 2)): [10, 9, 6, 3, 1, 0, 1]
(1, (1, 0, 1), (3, 0)): [7, 3, 1, 3, 4, 1]
(1, (1, 0, 1), (3, 1)): [3, 9, 2, 2, 1]
(1, (1, 0, 1), (3, 2)): [8, 8, 4, 2, 1]
(1, (1, 1, 0), (0, 0)): [1839, 520, 378, 255, 127, 42, 16, 6, 3, 1, 0, 1, 1]
(1, (1, 1, 0), (0, 1)): [110, 24, 20, 13, 9, 3, 2]
(1, (1, 1, 0), (0, 2)): [42, 10, 8, 4, 1, 2, 1]
(1, (1, 1, 0), (1, 0)): [111, 33, 29, 19, 6, 6, 4]
(1, (1, 1, 0), (1, 1)): [96, 22, 18, 15, 9, 4, 3]
(1, (1, 1, 0), (1, 2)): [64, 18, 9, 6, 3, 1, 2]
(1, (1, 1, 0), (2, 0)): [31, 12, 11, 5, 2, 1, 1]
(1, (1, 1, 0), (2, 1)): [44, 13, 12, 6, 5, 3, 1]
(1, (1, 1, 0), (2, 2)): [48, 10, 5, 2, 2, 3]
(1, (1, 1, 0), (3, 0)): [8, 7, 3, 2, 1, 1]
(1, (1, 1, 0), (3, 1)): [20, 6, 6, 5, 3, 2, 1]
(1, (1, 1, 0), (3, 2)): [26, 5, 4, 1, 2, 5]
(1, (1, 1, 1), (0, 0)): [368, 266, 167, 113, 96, 37, 11, 8, 1, 1, 0, 1, 1]
(1, (1, 1, 1), (0, 1)): [25, 14, 8, 14, 7, 4, 1]
(1, (1, 1, 1), (0, 2)): [13, 4, 1, 6, 4, 2]
(1, (1, 1, 1), (1, 0)): [24, 19, 10, 6, 12, 3, 1, 1]
(1, (1, 1, 1), (1, 1)): [18, 13, 9, 7, 7, 2, 0, 1]
(1, (1, 1, 1), (1, 2)): [8, 4, 3, 6, 3, 3]
(1, (1, 1, 1), (2, 0)): [6, 7, 3, 2, 2, 2, 1]
(1, (1, 1, 1), (2, 1)): [13, 13, 4, 5, 4, 1]
(1, (1, 1, 1), (2, 2)): [10, 6, 4, 6, 1, 3]
(1, (1, 1, 1), (3, 0)): [1, 0, 0, 1, 1, 1, 1]
(1, (1, 1, 1), (3, 1)): [3, 7, 1, 1, 5, 0, 1]
(1, (1, 1, 1), (3, 2)): [5, 5, 1, 3, 3, 1]
(2, (0, 0, 0), (0, 0)): [15740, 782, 267, 77, 42, 10, 2]
(2, (0, 0, 0), (0, 1)): [901, 44, 7, 2, 3, 1, 1]
(2, (0, 0, 0), (0, 2)): [350, 13, 4, 0, 3, 0, 1]
(2, (0, 0, 0), (1, 0)): [861, 58, 12, 4, 2, 1]
(2, (0, 0, 0), (1, 1)): [777, 51, 4, 3, 1, 1]
(2, (0, 0, 0), (1, 2)): [494, 20, 6, 0, 1, 0, 1]
(2, (0, 0, 0), (2, 0)): [291, 22, 7, 3]
(2, (0, 0, 0), (2, 1)): [442, 33, 3, 3, 0, 1]
(2, (0, 0, 0), (2, 2)): [427, 20, 4, 0, 1]
(2, (0, 0, 0), (3, 0)): [109, 8, 4, 2]
(2, (0, 0, 0), (3, 1)): [196, 19, 3, 3, 0, 1]
(2, (0, 0, 0), (3, 2)): [258, 17, 4, 0, 1, 1]
(2, (0, 0, 1), (0, 0)): [1245, 389, 91, 38, 15, 2, 0, 0, 1]
(2, (0, 0, 1), (0, 1)): [67, 23, 7, 1]
(2, (0, 0, 1), (0, 2)): [26, 4, 2, 1]
(2, (0, 0, 1), (1, 0)): [102, 31, 6, 4, 2]
(2, (0, 0, 1), (1, 1)): [73, 16, 5, 1]
(2, (0, 0, 1), (1, 2)): [45, 6, 2]
(2, (0, 0, 1), (2, 0)): [46, 18, 1, 2, 2]
(2, (0, 0, 1), (2, 1)): [49, 12, 1, 1, 1]
(2, (0, 0, 1), (2, 2)): [37, 9, 2]
(2, (0, 0, 1), (3, 0)): [20, 9, 1, 2, 1]
(2, (0, 0, 1), (3, 1)): [13, 9, 0, 2]
(2, (0, 0, 1), (3, 2)): [20, 5, 1, 1]
(2, (0, 1, 0), (0, 0)): [3559, 701, 205, 69, 31, 8, 1]
(2, (0, 1, 0), (0, 1)): [175, 38, 7, 2]
(2, (0, 1, 0), (0, 2)): [62, 10]
(2, (0, 1, 0), (1, 0)): [252, 45, 16, 9, 2, 2]
(2, (0, 1, 0), (1, 1)): [181, 36, 11, 3, 1]
(2, (0, 1, 0), (1, 2)): [108, 16, 1, 1]
(2, (0, 1, 0), (2, 0)): [108, 18, 8, 6, 1, 2]
(2, (0, 1, 0), (2, 1)): [106, 22, 9, 3, 1, 2]
(2, (0, 1, 0), (2, 2)): [101, 16, 2, 3, 1, 1]
(2, (0, 1, 0), (3, 0)): [63, 8, 5, 3, 1]
(2, (0, 1, 0), (3, 1)): [40, 7, 6, 1, 0, 1]
(2, (0, 1, 0), (3, 2)): [61, 12, 4, 3, 1, 2]
(2, (0, 1, 1), (0, 0)): [783, 57, 167, 54, 21, 4, 1, 0, 0, 0, 1]
(2, (0, 1, 1), (0, 1)): [44, 5, 12, 2]
(2, (0, 1, 1), (0, 2)): [21, 3, 2, 1]
(2, (0, 1, 1), (1, 0)): [61, 3, 13, 1, 2]
(2, (0, 1, 1), (1, 1)): [39, 3, 13, 1]
(2, (0, 1, 1), (1, 2)): [22, 5, 4]
(2, (0, 1, 1), (2, 0)): [29, 2, 7, 1, 2]
(2, (0, 1, 1), (2, 1)): [24, 0, 7, 0, 2]
(2, (0, 1, 1), (2, 2)): [19, 1, 4, 0, 2]
(2, (0, 1, 1), (3, 0)): [19, 2, 3, 1]
(2, (0, 1, 1), (3, 1)): [11, 1, 3, 1]
(2, (0, 1, 1), (3, 2)): [16, 0, 2, 0, 1]
(2, (1, 0, 0), (0, 0)): [8355, 589, 433, 131, 50, 11, 6, 1]
(2, (1, 0, 0), (0, 1)): [452, 31, 25, 4, 0, 0, 1]
(2, (1, 0, 0), (0, 2)): [174, 9, 2]
(2, (1, 0, 0), (1, 0)): [491, 47, 9, 8, 1, 2, 1]
(2, (1, 0, 0), (1, 1)): [394, 31, 15, 4, 0, 0, 2]
(2, (1, 0, 0), (1, 2)): [257, 19, 2, 1]
(2, (1, 0, 0), (2, 0)): [145, 18, 3, 5, 0, 1]
(2, (1, 0, 0), (2, 1)): [183, 15, 10, 3, 0, 1, 1]
(2, (1, 0, 0), (2, 2)): [190, 15, 5, 2]
(2, (1, 0, 0), (3, 0)): [40, 8, 0, 4]
(2, (1, 0, 0), (3, 1)): [78, 11, 4, 2, 0, 1]
(2, (1, 0, 0), (3, 2)): [113, 9, 5, 3, 0, 1]
(2, (1, 0, 1), (0, 0)): [1414, 324, 113, 91, 38, 5, 8, 0, 1]
(2, (1, 0, 1), (0, 1)): [67, 15, 4, 5, 1, 0, 1]
(2, (1, 0, 1), (0, 2)): [26, 4, 1, 2]
(2, (1, 0, 1), (1, 0)): [76, 13, 9, 5, 4]
(2, (1, 0, 1), (1, 1)): [62, 12, 4, 3, 1, 0, 1]
(2, (1, 0, 1), (1, 2)): [40, 8]
(2, (1, 0, 1), (2, 0)): [29, 3, 8, 0, 2]
(2, (1, 0, 1), (2, 1)): [32, 6, 4, 2, 2]
(2, (1, 0, 1), (2, 2)): [29, 6, 1, 2, 1]
(2, (1, 0, 1), (3, 0)): [16, 1, 4, 0, 1]
(2, (1, 0, 1), (3, 1)): [15, 1, 2]
(2, (1, 0, 1), (3, 2)): [7, 3, 0, 1]
(2, (1, 1, 0), (0, 0)): [3281, 507, 244, 159, 68, 21, 2, 2, 0, 0, 0, 1]
(2, (1, 1, 0), (0, 1)): [170, 24, 15, 6, 3]
(2, (1, 1, 0), (0, 2)): [72, 10, 5, 1]
(2, (1, 1, 0), (1, 0)): [193, 39, 12, 9, 6, 1]
(2, (1, 1, 0), (1, 1)): [150, 28, 13, 7, 2]
(2, (1, 1, 0), (1, 2)): [118, 16, 5, 2]
(2, (1, 1, 0), (2, 0)): [64, 11, 4, 4, 5, 1]
(2, (1, 1, 0), (2, 1)): [76, 13, 8, 4, 2, 1]
(2, (1, 1, 0), (2, 2)): [80, 13, 6, 3]
(2, (1, 1, 0), (3, 0)): [22, 3, 2, 3, 2]
(2, (1, 1, 0), (3, 1)): [38, 9, 7, 5, 2, 1]
(2, (1, 1, 0), (3, 2)): [51, 9, 5, 2, 2]
(2, (1, 1, 1), (0, 0)): [893, 117, 142, 70, 54, 15, 5, 1, 1]
(2, (1, 1, 1), (0, 1)): [83, 6, 12, 8, 3]
(2, (1, 1, 1), (0, 2)): [41, 2, 1, 3, 1]
(2, (1, 1, 1), (1, 0)): [41, 13, 6, 2, 6, 1]
(2, (1, 1, 1), (1, 1)): [42, 5, 10, 5, 2]
(2, (1, 1, 1), (1, 2)): [33, 3, 4, 5, 1]
(2, (1, 1, 1), (2, 0)): [13, 10, 1, 2, 5, 1]
(2, (1, 1, 1), (2, 1)): [18, 6, 6, 2, 1]
(2, (1, 1, 1), (2, 2)): [18, 3, 4, 5, 1]
(2, (1, 1, 1), (3, 0)): [3, 5, 0, 2, 4, 1]
(2, (1, 1, 1), (3, 1)): [6, 6, 2, 2, 4, 1]
(2, (1, 1, 1), (3, 2)): [10, 5, 3, 3, 2]
