(0, (0, 0, 0), (0, 0)): [2243145, 459135, 211108, 96616, 43391, 18581, 7772, 3098, 1275, 551, 251, 115, 41, 22, 6, 1, 1, 1]
(0, (0, 0, 0), (0, 1)): [390745, 76379, 34817, 16210, 7131, 3136, 1302, 440, 206, 89, 44, 23, 6, 4, 1, 1]
(0, (0, 0, 0), (0, 2)): [150217, 26002, 11688, 5326, 2288, 1001, 407, 134, 66, 31, 8, 4, 4, 0, 1]
(0, (0, 0, 0), (1, 0)): [325548, 73802, 35003, 16356, 7712, 3251, 1432, 581, 222, 84, 48, 17, 4, 6, 2, 0, 1]
(0, (0, 0, 0), (1, 1)): [324918, 66761, 30969, 14444, 6507, 2801, 1194, 436, 195, 69, 45, 19, 3, 6, 0, 1, 1]
(0, (0, 0, 0), (1, 2)): [225523, 40467, 18524, 8421, 3717, 1575, 672, 243, 112, 41, 14, 8, 5, 1, 1]
(0, (0, 0, 0), (2, 0)): [103985, 26065, 13310, 6284, 3084, 1283, 562, 253, 83, 38, 21, 8, 2, 3, 1]
(0, (0, 0, 0), (2, 1)): [165475, 37376, 18304, 8525, 4019, 1727, 696, 306, 119, 46, 28, 12, 2, 4, 0, 0, 1]
(0, (0, 0, 0), (2, 2)): [177990, 34972, 16528, 7659, 3435, 1424, 613, 232, 110, 39, 17, 5, 5, 2, 1, 0, 1]
(0, (0, 0, 0), (3, 0)): [30066, 8557, 5030, 2523, 1268, 525, 239, 104, 35, 18, 12, 3, 0, 2, 1]
(0, (0, 0, 0), (3, 1)): [62709, 16612, 8973, 4344, 2143, 932, 374, 187, 73, 28, 12, 10, 1, 4, 1]
(0, (0, 0, 0), (3, 2)): [93298, 21421, 11366, 5310, 2529, 1066, 439, 193, 86, 34, 12, 10, 4, 2, 1, 0, 1]
(0, (0, 0, 1), (0, 0)): [8326, 25859, 7098, 3449, 1657, 721, 320, 128, 53, 30, 20, 4, 4, 3]
(0, (0, 0, 1), (0, 1)): [1021, 3194, 863, 409, 199, 96, 37, 14, 9, 4, 4, 1, 0, 1]
(0, (0, 0, 1), (0, 2)): [450, 1190, 299, 143, 65, 36, 13, 4, 6, 0, 1]
(0, (0, 0, 1), (1, 0)): [989, 3458, 1004, 546, 276, 123, 53, 17, 7, 4, 7]
(0, (0, 0, 1), (1, 1)): [932, 2933, 793, 397, 212, 100, 37, 13, 4, 7, 3, 1, 0, 1]
(0, (0, 0, 1), (1, 2)): [725, 1880, 479, 229, 107, 60, 19, 7, 4, 3, 2]
(0, (0, 0, 1), (2, 0)): [361, 1260, 403, 247, 113, 50, 21, 10, 4, 1, 5]
(0, (0, 0, 1), (2, 1)): [496, 1656, 492, 285, 141, 61, 31, 10, 5, 4, 2, 1]
(0, (0, 0, 1), (2, 2)): [657, 1691, 458, 222, 118, 57, 20, 5, 3, 3, 2]
(0, (0, 0, 1), (3, 0)): [120, 430, 134, 99, 45, 20, 9, 3, 1, 0, 3]
(0, (0, 0, 1), (3, 1)): [203, 732, 223, 181, 80, 29, 18, 4, 2, 2, 0, 1]
(0, (0, 0, 1), (3, 2)): [368, 1030, 287, 191, 107, 39, 17, 2, 3, 2, 1]
(0, (0, 1, 0), (0, 0)): [83133, 78122, 30658, 15186, 7235, 3115, 1359, 545, 235, 119, 44, 17, 7, 6, 3, 0, 1]
(0, (0, 1, 0), (0, 1)): [14325, 12642, 5023, 2408, 1140, 483, 235, 83, 36, 17, 5, 4, 1, 1, 1]
(0, (0, 1, 0), (0, 2)): [5856, 4390, 1747, 795, 385, 164, 86, 27, 13, 4, 0, 1, 1]
(0, (0, 1, 0), (1, 0)): [13693, 13187, 5515, 2985, 1388, 633, 268, 111, 49, 17, 10, 3, 2, 2, 1, 0, 1]
(0, (0, 1, 0), (1, 1)): [12375, 10953, 4495, 2286, 1071, 456, 205, 87, 27, 20, 8, 3, 0, 2, 1]
(0, (0, 1, 0), (1, 2)): [8678, 6722, 2786, 1328, 611, 258, 115, 58, 16, 7, 2, 3, 1, 0, 1]
(0, (0, 1, 0), (2, 0)): [4991, 4756, 2107, 1228, 555, 285, 111, 47, 22, 4, 2, 3, 2, 1, 0, 0, 1]
(0, (0, 1, 0), (2, 1)): [6720, 6141, 2623, 1378, 654, 308, 141, 50, 19, 15, 4, 1, 1, 1, 0, 0, 1]
(0, (0, 1, 0), (2, 2)): [7311, 5706, 2522, 1186, 560, 238, 112, 48, 17, 8, 3, 2, 1, 0, 1, 0, 1]
(0, (0, 1, 0), (3, 0)): [1737, 1406, 732, 505, 236, 124, 54, 24, 10, 1, 0, 1, 1]
(0, (0, 1, 0), (3, 1)): [2970, 2547, 1222, 801, 356, 177, 77, 31, 7, 4, 1, 1, 0, 1]
(0, (0, 1, 0), (3, 2)): [4298, 3310, 1612, 883, 410, 203, 106, 35, 8, 7, 2, 0, 0, 0, 1, 0, 1]
(0, (0, 1, 1), (0, 0)): [6595, 11631, 13823, 6424, 3381, 1633, 701, 304, 150, 67, 20, 13, 3, 4, 2, 0, 1, 1]
(0, (0, 1, 1), (0, 1)): [1107, 1880, 2105, 939, 506, 240, 114, 43, 18, 11, 3, 2, 1, 0, 0, 0, 1]
(0, (0, 1, 1), (0, 2)): [526, 715, 772, 348, 182, 94, 42, 22, 2, 4, 0, 1]
(0, (0, 1, 1), (1, 0)): [1034, 1977, 2373, 1184, 619, 330, 133, 54, 33, 9, 5, 5, 0, 1, 1]
(0, (0, 1, 1), (1, 1)): [899, 1650, 1919, 847, 460, 216, 95, 32, 18, 6, 5, 1, 1, 0, 0, 0, 1]
(0, (0, 1, 1), (1, 2)): [744, 1065, 1167, 506, 302, 142, 58, 22, 9, 2, 1, 1, 0, 0, 0, 0, 1]
(0, (0, 1, 1), (2, 0)): [429, 840, 894, 494, 289, 174, 62, 26, 21, 6, 2, 2, 0, 1, 1]
(0, (0, 1, 1), (2, 1)): [454, 897, 1045, 505, 232, 130, 53, 24, 11, 9, 4, 1, 1, 0, 1]
(0, (0, 1, 1), (2, 2)): [578, 923, 989, 449, 244, 120, 47, 19, 8, 7, 2, 1, 0, 0, 0, 0, 1]
(0, (0, 1, 1), (3, 0)): [231, 398, 388, 243, 167, 92, 34, 9, 14, 1, 1, 2, 0, 1]
(0, (0, 1, 1), (3, 1)): [186, 364, 422, 226, 146, 76, 28, 13, 12, 3, 1, 1, 0, 0, 1]
(0, (0, 1, 1), (3, 2)): [336, 503, 574, 304, 162, 98, 41, 18, 12, 4, 3, 0, 0, 0, 0, 0, 1]
(0, (1, 0, 0), (0, 0)): [470806, 156503, 101473, 50485, 24176, 10864, 4547, 1917, 816, 354, 172, 67, 26, 17, 4, 1, 1, 1]
(0, (1, 0, 0), (0, 1)): [73477, 21871, 15025, 7353, 3524, 1579, 658, 254, 127, 45, 23, 10, 1, 3]
(0, (1, 0, 0), (0, 2)): [28184, 7273, 5108, 2329, 1096, 488, 230, 82, 36, 16, 8, 2]
(0, (1, 0, 0), (1, 0)): [63517, 22334, 15726, 8270, 4058, 1854, 776, 324, 134, 65, 38, 12, 2, 6, 2, 0, 1]
(0, (1, 0, 0), (1, 1)): [55963, 17671, 12296, 6281, 2939, 1403, 557, 230, 101, 45, 22, 10, 1, 4, 1]
(0, (1, 0, 0), (1, 2)): [37058, 10155, 7152, 3490, 1609, 743, 318, 122, 58, 20, 4, 3, 0, 0, 1]
(0, (1, 0, 0), (2, 0)): [19783, 7599, 5598, 3114, 1604, 727, 300, 127, 45, 32, 19, 3, 2, 3, 0, 0, 1]
(0, (1, 0, 0), (2, 1)): [27026, 9310, 6593, 3531, 1696, 817, 323, 139, 61, 35, 19, 7, 0, 6, 0, 0, 1]
(0, (1, 0, 0), (2, 2)): [26793, 8016, 5692, 2788, 1357, 590, 277, 106, 54, 25, 11, 3, 0, 3]
(0, (1, 0, 0), (3, 0)): [5110, 2372, 1829, 1231, 643, 292, 119, 48, 20, 13, 7, 1, 1]
(0, (1, 0, 0), (3, 1)): [9707, 3944, 2881, 1820, 892, 445, 176, 78, 31, 16, 11, 3, 1, 2]
(0, (1, 0, 0), (3, 2)): [12635, 4723, 3277, 1849, 909, 412, 191, 80, 41, 17, 8, 3, 0, 1]
(0, (1, 0, 1), (0, 0)): [11055, 33667, 13749, 9775, 5160, 2395, 1130, 457, 227, 91, 52, 20, 9, 3, 2, 0, 0, 1]
(0, (1, 0, 1), (0, 1)): [1752, 4701, 1919, 1435, 715, 343, 161, 53, 27, 11, 6, 1, 4, 1]
(0, (1, 0, 1), (0, 2)): [809, 1683, 671, 491, 235, 115, 49, 16, 6, 1, 2, 1, 2, 1]
(0, (1, 0, 1), (1, 0)): [1475, 4872, 1993, 1483, 830, 413, 170, 80, 47, 20, 15, 2, 0, 1, 1]
(0, (1, 0, 1), (1, 1)): [1359, 3748, 1600, 1138, 603, 268, 125, 53, 34, 13, 8, 1]
(0, (1, 0, 1), (1, 2)): [1087, 2239, 956, 644, 338, 148, 65, 27, 13, 5, 2, 1, 2]
(0, (1, 0, 1), (2, 0)): [494, 1647, 680, 524, 303, 178, 65, 30, 17, 11, 5, 1]
(0, (1, 0, 1), (2, 1)): [648, 1923, 842, 617, 318, 174, 73, 29, 22, 12, 6]
(0, (1, 0, 1), (2, 2)): [809, 1727, 768, 532, 275, 137, 63, 29, 8, 8, 3]
(0, (1, 0, 1), (3, 0)): [159, 514, 235, 144, 117, 77, 26, 10, 7, 2, 1, 1]
(0, (1, 0, 1), (3, 1)): [260, 675, 358, 256, 177, 93, 33, 16, 14, 7, 3]
(0, (1, 0, 1), (3, 2)): [401, 869, 468, 299, 198, 102, 42, 19, 12, 11, 5]
(0, (1, 1, 0), (0, 0)): [67038, 42368, 31465, 22892, 12159, 5733, 2450, 1113, 471, 217, 102, 38, 13, 6, 1, 0, 1]
(0, (1, 1, 0), (0, 1)): [11702, 6464, 4403, 3405, 1867, 821, 388, 156, 62, 25, 15, 7, 0, 1, 1, 0, 1]
(0, (1, 1, 0), (0, 2)): [4864, 2260, 1498, 1150, 628, 287, 125, 63, 25, 12, 4]
(0, (1, 1, 0), (1, 0)): [9238, 5998, 4546, 3557, 1851, 949, 403, 166, 78, 31, 17, 6, 3, 3]
(0, (1, 1, 0), (1, 1)): [8643, 4972, 3611, 2862, 1441, 688, 301, 118, 37, 17, 15, 2, 2, 2, 1, 0, 1]
(0, (1, 1, 0), (1, 2)): [6301, 3058, 2092, 1730, 861, 375, 169, 72, 28, 17, 5, 1, 0, 1, 0, 0, 1]
(0, (1, 1, 0), (2, 0)): [2725, 2014, 1549, 1197, 712, 382, 169, 69, 39, 13, 6, 4, 0, 1]
(0, (1, 1, 0), (2, 1)): [4009, 2507, 1917, 1469, 812, 388, 179, 69, 34, 10, 10, 3, 2, 0, 1]
(0, (1, 1, 0), (2, 2)): [4415, 2370, 1704, 1352, 702, 322, 146, 64, 25, 15, 6, 1, 0, 0, 0, 0, 1]
(0, (1, 1, 0), (3, 0)): [625, 659, 542, 410, 279, 154, 63, 28, 14, 6, 2, 2, 0, 1]
(0, (1, 1, 0), (3, 1)): [1389, 1080, 861, 670, 440, 244, 108, 35, 20, 8, 5, 1, 2, 0, 1]
(0, (1, 1, 0), (3, 2)): [2055, 1344, 1051, 832, 491, 248, 105, 52, 19, 9, 6, 0, 0, 0, 0, 0, 1]
(0, (1, 1, 1), (0, 0)): [6430, 12667, 10172, 7418, 6082, 3054, 1403, 660, 319, 137, 67, 24, 7, 4, 1, 0, 1]
(0, (1, 1, 1), (0, 1)): [1209, 2169, 1689, 1111, 958, 495, 213, 98, 59, 21, 8, 5, 2, 1]
(0, (1, 1, 1), (0, 2)): [647, 855, 610, 391, 346, 168, 65, 31, 19, 7, 5, 2, 1]
(0, (1, 1, 1), (1, 0)): [818, 1916, 1555, 1101, 949, 518, 219, 85, 52, 24, 10, 4, 0, 1, 0, 0, 1]
(0, (1, 1, 1), (1, 1)): [804, 1683, 1345, 887, 765, 434, 186, 89, 44, 18, 6, 3, 1, 1, 0, 0, 1]
(0, (1, 1, 1), (1, 2)): [739, 1172, 871, 554, 485, 234, 104, 48, 23, 9, 4, 3, 0, 1, 0, 0, 1]
(0, (1, 1, 1), (2, 0)): [234, 575, 523, 394, 358, 191, 72, 30, 16, 12, 4, 2, 0, 1]
(0, (1, 1, 1), (2, 1)): [367, 782, 678, 474, 387, 239, 89, 48, 31, 12, 3, 0, 1]
(0, (1, 1, 1), (2, 2)): [482, 845, 674, 449, 375, 205, 86, 48, 24, 12, 2, 1, 1]
(0, (1, 1, 1), (3, 0)): [45, 156, 143, 141, 108, 71, 35, 15, 4, 5, 3, 1, 0, 1]
(0, (1, 1, 1), (3, 1)): [103, 287, 272, 206, 173, 107, 52, 18, 9, 6, 2, 1, 0, 1]
(0, (1, 1, 1), (3, 2)): [180, 417, 378, 279, 240, 129, 74, 27, 16, 7, 2, 1, 1, 1]
(1, (0, 0, 0), (0, 0)): [1831291, 204644, 83730, 33246, 13088, 4977, 1944, 689, 243, 100, 36, 23, 8, 3, 0, 1]
(1, (0, 0, 0), (0, 1)): [321486, 33849, 13745, 5414, 2179, 793, 318, 118, 31, 11, 4, 5, 1, 1]
(1, (0, 0, 0), (0, 2)): [124668, 11163, 4513, 1658, 672, 240, 81, 30, 3, 4, 1, 3]
(1, (0, 0, 0), (1, 0)): [278890, 35666, 14989, 6114, 2507, 957, 371, 114, 44, 21, 5, 3, 0, 0, 0, 1]
(1, (0, 0, 0), (1, 1)): [273589, 30980, 12632, 5091, 2089, 738, 328, 109, 37, 11, 5, 2, 1, 1]
(1, (0, 0, 0), (1, 2)): [187822, 17930, 7204, 2801, 1168, 407, 168, 45, 15, 7, 1, 2, 1]
(1, (0, 0, 0), (2, 0)): [92663, 13336, 6000, 2552, 1062, 422, 159, 49, 15, 13, 2, 2, 0, 0, 0, 1]
(1, (0, 0, 0), (2, 1)): [143605, 18160, 7827, 3178, 1362, 498, 175, 75, 16, 15, 5, 2]
(1, (0, 0, 0), (2, 2)): [152530, 16121, 6812, 2778, 1137, 400, 144, 54, 19, 8, 1, 1]
(1, (0, 0, 0), (3, 0)): [27310, 4433, 2456, 1088, 425, 187, 87, 18, 11, 5, 1, 1, 0, 0, 0, 1]
(1, (0, 0, 0), (3, 1)): [57081, 8629, 4272, 1837, 787, 300, 112, 40, 11, 6, 3]
(1, (0, 0, 0), (3, 2)): [83313, 10679, 5132, 2148, 931, 326, 115, 46, 12, 7, 3]
(1, (0, 0, 1), (0, 0)): [50081, 72026, 14354, 6286, 2575, 1053, 416, 149, 74, 26, 14, 8, 4, 2]
(1, (0, 0, 1), (0, 1)): [7692, 9449, 1929, 789, 280, 134, 64, 17, 4, 1, 3, 1]
(1, (0, 0, 1), (0, 2)): [3376, 3113, 602, 237, 92, 41, 19, 2, 3, 0, 1, 1]
(1, (0, 0, 1), (1, 0)): [8094, 11943, 2524, 1274, 518, 215, 79, 26, 22, 5, 1, 1]
(1, (0, 0, 1), (1, 1)): [7072, 9002, 1854, 842, 316, 129, 55, 17, 7, 3, 1, 1]
(1, (0, 0, 1), (1, 2)): [5348, 5038, 1010, 441, 172, 70, 35, 5, 5, 1, 1, 2]
(1, (0, 0, 1), (2, 0)): [3334, 4856, 1127, 650, 267, 111, 46, 16, 12, 3, 1]
(1, (0, 0, 1), (2, 1)): [4013, 5359, 1156, 586, 225, 95, 31, 16, 7, 2, 1]
(1, (0, 0, 1), (2, 2)): [4647, 4624, 993, 467, 164, 65, 38, 9, 3, 1, 2, 2]
(1, (0, 0, 1), (3, 0)): [1554, 1959, 518, 360, 145, 63, 24, 8, 4, 1, 1]
(1, (0, 0, 1), (3, 1)): [1751, 2318, 588, 328, 135, 62, 19, 11, 4, 2]
(1, (0, 0, 1), (3, 2)): [2788, 2881, 703, 377, 138, 65, 33, 11, 3, 0, 1]
(1, (0, 1, 0), (0, 0)): [249303, 108426, 40028, 17406, 7056, 2819, 992, 432, 131, 63, 32, 10, 10, 2, 1]
(1, (0, 1, 0), (0, 1)): [39518, 15520, 5796, 2424, 992, 424, 144, 64, 16, 11, 6, 1, 1]
(1, (0, 1, 0), (0, 2)): [15580, 5410, 1941, 749, 296, 139, 44, 17, 6, 4, 1, 1, 1]
(1, (0, 1, 0), (1, 0)): [42285, 17812, 7183, 3581, 1465, 575, 216, 91, 34, 14, 6, 0, 0, 1]
(1, (0, 1, 0), (1, 1)): [35744, 14177, 5515, 2480, 1030, 403, 151, 54, 19, 6, 5, 0, 0, 1]
(1, (0, 1, 0), (1, 2)): [24211, 8547, 3129, 1319, 505, 213, 76, 36, 12, 7, 1, 1]
(1, (0, 1, 0), (2, 0)): [17661, 7190, 3132, 1826, 771, 300, 109, 56, 17, 9, 5]
(1, (0, 1, 0), (2, 1)): [20688, 8242, 3486, 1695, 741, 277, 105, 41, 13, 6, 3, 0, 0, 1]
(1, (0, 1, 0), (2, 2)): [21130, 7475, 2957, 1296, 528, 224, 75, 28, 10, 6, 2]
(1, (0, 1, 0), (3, 0)): [7893, 2937, 1380, 1002, 442, 168, 64, 30, 10, 5, 2]
(1, (0, 1, 0), (3, 1)): [9650, 3621, 1766, 1061, 472, 159, 73, 36, 14, 5, 2, 0, 0, 1]
(1, (0, 1, 0), (3, 2)): [13012, 4559, 2088, 1095, 482, 170, 67, 26, 6, 7, 2, 0, 0, 1]
(1, (0, 1, 1), (0, 0)): [38830, 32725, 28491, 11587, 5967, 2347, 949, 364, 164, 56, 17, 8, 3, 2, 0, 1]
(1, (0, 1, 1), (0, 1)): [5453, 4151, 3518, 1431, 655, 229, 119, 47, 13, 2, 3]
(1, (0, 1, 1), (0, 2)): [2564, 1350, 1240, 501, 240, 71, 41, 18, 2, 1, 3]
(1, (0, 1, 1), (1, 0)): [6921, 6278, 4765, 2131, 1314, 531, 217, 79, 33, 15, 1, 1, 1]
(1, (0, 1, 1), (1, 1)): [4684, 3786, 3111, 1276, 633, 222, 101, 37, 15, 6, 0, 1]
(1, (0, 1, 1), (1, 2)): [3813, 2176, 1932, 755, 387, 124, 60, 27, 5, 4, 2, 1]
(1, (0, 1, 1), (2, 0)): [3854, 3338, 2429, 1208, 868, 365, 153, 54, 24, 9, 1]
(1, (0, 1, 1), (2, 1)): [2544, 2140, 1752, 796, 395, 157, 74, 18, 9, 3]
(1, (0, 1, 1), (2, 2)): [3166, 1897, 1677, 696, 349, 108, 55, 17, 5, 2, 1, 1]
(1, (0, 1, 1), (3, 0)): [2778, 2217, 1478, 831, 712, 295, 118, 47, 20, 7, 1]
(1, (0, 1, 1), (3, 1)): [1111, 938, 767, 365, 218, 113, 40, 15, 8, 3]
(1, (0, 1, 1), (3, 2)): [1792, 1201, 949, 468, 277, 98, 41, 17, 7, 3, 0, 1]
(1, (1, 0, 0), (0, 0)): [683596, 120835, 79401, 33863, 13893, 5515, 2187, 786, 305, 131, 50, 32, 7, 3, 0, 2]
(1, (1, 0, 0), (0, 1)): [107427, 16940, 11591, 4939, 1986, 795, 330, 113, 32, 16, 9, 4, 1]
(1, (1, 0, 0), (0, 2)): [40798, 5545, 3748, 1514, 606, 268, 111, 31, 8, 4, 4]
(1, (1, 0, 0), (1, 0)): [99742, 18817, 13361, 6008, 2530, 1012, 422, 147, 45, 25, 8, 4, 2, 0, 0, 1]
(1, (1, 0, 0), (1, 1)): [86364, 14586, 10164, 4443, 1797, 699, 295, 104, 36, 16, 6, 6, 1, 0, 0, 1]
(1, (1, 0, 0), (1, 2)): [56657, 8275, 5724, 2402, 938, 355, 154, 55, 18, 5, 5, 1]
(1, (1, 0, 0), (2, 0)): [32521, 6676, 4934, 2477, 1062, 419, 183, 60, 22, 8, 3, 0, 1]
(1, (1, 0, 0), (2, 1)): [43269, 7992, 5668, 2744, 1101, 447, 184, 58, 22, 9, 5, 4, 1, 0, 0, 1]
(1, (1, 0, 0), (2, 2)): [42751, 6807, 4647, 2132, 842, 338, 144, 51, 13, 5, 3, 1, 1]
(1, (1, 0, 0), (3, 0)): [9192, 2210, 1564, 982, 452, 170, 84, 22, 7, 4, 1, 0, 1]
(1, (1, 0, 0), (3, 1)): [16617, 3724, 2563, 1479, 613, 236, 118, 27, 15, 5, 3, 1, 0, 0, 0, 1]
(1, (1, 0, 0), (3, 2)): [21391, 4332, 2813, 1525, 602, 246, 116, 30, 16, 6, 4, 2, 1, 0, 0, 1]
(1, (1, 0, 1), (0, 0)): [55705, 63455, 20447, 13945, 6041, 2477, 979, 379, 134, 77, 22, 9, 2, 1]
(1, (1, 0, 1), (0, 1)): [9369, 8508, 2702, 1907, 825, 341, 124, 36, 21, 9, 3, 1, 2]
(1, (1, 0, 1), (0, 2)): [4131, 2787, 900, 666, 281, 106, 46, 20, 8, 4, 2, 0, 1]
(1, (1, 0, 1), (1, 0)): [8203, 9216, 3110, 2258, 1054, 436, 173, 74, 24, 17, 0, 2]
(1, (1, 0, 1), (1, 1)): [7265, 6998, 2342, 1627, 677, 299, 109, 28, 13, 6, 0, 2, 1]
(1, (1, 0, 1), (1, 2)): [5352, 3953, 1372, 952, 388, 162, 55, 28, 8, 4, 2]
(1, (1, 0, 1), (2, 0)): [2837, 3057, 1110, 842, 442, 185, 73, 35, 8, 8, 0, 1]
(1, (1, 0, 1), (2, 1)): [3631, 3554, 1202, 894, 429, 172, 70, 22, 12, 6, 0, 3]
(1, (1, 0, 1), (2, 2)): [3964, 3001, 1128, 766, 360, 129, 57, 20, 10, 4, 1]
(1, (1, 0, 1), (3, 0)): [951, 1015, 395, 290, 180, 84, 27, 9, 1, 4]
(1, (1, 0, 1), (3, 1)): [1355, 1379, 561, 402, 219, 104, 30, 15, 2, 3, 0, 2]
(1, (1, 0, 1), (3, 2)): [1951, 1693, 708, 477, 272, 106, 37, 14, 7, 3, 0, 2]
(1, (1, 1, 0), (0, 0)): [192136, 58004, 38734, 28282, 11918, 4946, 1944, 772, 297, 121, 46, 25, 10, 5, 1]
(1, (1, 1, 0), (0, 1)): [33139, 8712, 5528, 4268, 1815, 739, 267, 117, 47, 16, 8, 4, 1]
(1, (1, 1, 0), (0, 2)): [13454, 3093, 1870, 1462, 609, 239, 70, 36, 12, 1, 2]
(1, (1, 1, 0), (1, 0)): [28320, 9151, 6156, 4784, 2075, 864, 397, 134, 37, 24, 11, 4, 2, 1]
(1, (1, 1, 0), (1, 1)): [26099, 7394, 4940, 3768, 1612, 642, 264, 112, 37, 23, 9, 4, 1]
(1, (1, 1, 0), (1, 2)): [18521, 4511, 2817, 2163, 928, 317, 115, 58, 19, 5, 6, 2, 1]
(1, (1, 1, 0), (2, 0)): [9028, 3390, 2174, 1708, 859, 382, 179, 54, 16, 11, 6, 2, 2, 1]
(1, (1, 1, 0), (2, 1)): [12900, 4092, 2787, 2142, 990, 436, 191, 59, 24, 11, 7, 2, 1]
(1, (1, 1, 0), (2, 2)): [13946, 3734, 2396, 1833, 867, 330, 130, 54, 20, 7, 3, 2, 1]
(1, (1, 1, 0), (3, 0)): [2319, 1230, 786, 519, 342, 150, 72, 29, 4, 6, 1, 2, 1]
(1, (1, 1, 0), (3, 1)): [4702, 2010, 1347, 990, 544, 247, 102, 35, 12, 8, 4, 2, 1]
(1, (1, 1, 0), (3, 2)): [6858, 2357, 1608, 1169, 645, 236, 96, 37, 16, 8, 2, 1, 1]
(1, (1, 1, 1), (0, 0)): [39356, 31528, 19748, 12880, 9834, 4173, 1716, 647, 263, 93, 30, 21, 9, 4, 1, 1]
(1, (1, 1, 1), (0, 1)): [7315, 4969, 3027, 1944, 1543, 615, 258, 97, 45, 11, 3, 1, 0, 1]
(1, (1, 1, 1), (0, 2)): [3508, 1735, 1084, 712, 522, 186, 87, 26, 9, 6, 2, 0, 0, 1]
(1, (1, 1, 1), (1, 0)): [5387, 4922, 2995, 1907, 1664, 722, 337, 112, 41, 16, 5, 6, 2]
(1, (1, 1, 1), (1, 1)): [5308, 4059, 2516, 1612, 1294, 536, 253, 92, 38, 8, 3, 3]
(1, (1, 1, 1), (1, 2)): [4330, 2380, 1566, 1008, 761, 318, 138, 49, 21, 7, 1, 3, 0, 1]
(1, (1, 1, 1), (2, 0)): [1413, 1660, 1039, 649, 611, 291, 134, 48, 15, 8, 2, 3, 1]
(1, (1, 1, 1), (2, 1)): [2282, 2165, 1301, 834, 684, 315, 146, 50, 19, 6, 3, 2]
(1, (1, 1, 1), (2, 2)): [2916, 1961, 1257, 815, 642, 273, 127, 44, 18, 10, 1, 3, 0, 1]
(1, (1, 1, 1), (3, 0)): [238, 513, 360, 224, 187, 99, 48, 20, 5, 3, 0, 1, 1]
(1, (1, 1, 1), (3, 1)): [595, 926, 594, 374, 316, 161, 63, 28, 12, 2, 2, 1, 1]
(1, (1, 1, 1), (3, 2)): [1123, 1158, 742, 488, 389, 196, 87, 33, 12, 4, 2, 1, 0, 1]
(2, (0, 0, 0), (0, 0)): [1598652, 75505, 25144, 8008, 2683, 847, 294, 101, 20, 8, 5, 0, 1]
(2, (0, 0, 0), (0, 1)): [278328, 11651, 3910, 1252, 461, 129, 47, 16, 3]
(2, (0, 0, 0), (0, 2)): [106946, 3158, 1095, 338, 132, 32, 3, 7]
(2, (0, 0, 0), (1, 0)): [252654, 14855, 5137, 1604, 557, 156, 63, 17, 7, 0, 0, 0, 1]
(2, (0, 0, 0), (1, 1)): [242875, 11621, 4008, 1249, 463, 137, 57, 12, 5]
(2, (0, 0, 0), (1, 2)): [163354, 5568, 1954, 627, 221, 66, 23, 8, 1]
(2, (0, 0, 0), (2, 0)): [88279, 5888, 2407, 724, 252, 67, 26, 7, 3, 0, 0, 0, 1]
(2, (0, 0, 0), (2, 1)): [132998, 7476, 2871, 838, 304, 85, 36, 10, 5]
(2, (0, 0, 0), (2, 2)): [138284, 5699, 2177, 657, 231, 71, 26, 7, 1]
(2, (0, 0, 0), (3, 0)): [27627, 1993, 1107, 339, 113, 35, 11, 4, 0, 0, 0, 0, 1]
(2, (0, 0, 0), (3, 1)): [55858, 3784, 1820, 573, 180, 51, 17, 7, 3]
(2, (0, 0, 0), (3, 2)): [80257, 4282, 1999, 605, 208, 66, 22, 7, 2]
(2, (0, 0, 1), (0, 0)): [151628, 44580, 9380, 3222, 1143, 385, 110, 37, 9, 6, 0, 2]
(2, (0, 0, 1), (0, 1)): [24501, 5760, 1287, 432, 144, 54, 13, 4, 1, 3]
(2, (0, 0, 1), (0, 2)): [9800, 1747, 383, 129, 42, 15, 4, 0, 0, 1]
(2, (0, 0, 1), (1, 0)): [27381, 7448, 1899, 731, 281, 86, 27, 11, 3, 1, 0, 1]
(2, (0, 0, 1), (1, 1)): [22874, 5591, 1280, 486, 171, 58, 12, 6, 1, 2]
(2, (0, 0, 1), (1, 2)): [15665, 2945, 627, 219, 90, 32, 7, 2, 0, 2]
(2, (0, 0, 1), (2, 0)): [11961, 3144, 926, 410, 161, 48, 16, 6, 2, 1, 0, 1]
(2, (0, 0, 1), (2, 1)): [13833, 3518, 937, 379, 137, 35, 11, 7, 0, 2]
(2, (0, 0, 1), (2, 2)): [14321, 2894, 728, 265, 101, 35, 6, 3]
(2, (0, 0, 1), (3, 0)): [5693, 1284, 457, 260, 93, 32, 11, 1, 2, 0, 0, 1]
(2, (0, 0, 1), (3, 1)): [6524, 1660, 529, 277, 90, 25, 10, 4, 0, 1]
(2, (0, 0, 1), (3, 2)): [9117, 1989, 589, 277, 101, 25, 9, 3, 0, 1]
(2, (0, 1, 0), (0, 0)): [399084, 82715, 23141, 8222, 2761, 893, 287, 85, 20, 13, 7, 0, 1]
(2, (0, 1, 0), (0, 1)): [63563, 11099, 3129, 1016, 382, 103, 35, 9, 5, 3, 1]
(2, (0, 1, 0), (0, 2)): [25346, 3302, 929, 284, 103, 22, 9, 2, 2, 1]
(2, (0, 1, 0), (1, 0)): [71820, 14172, 4779, 2005, 654, 211, 77, 24, 1, 2, 0, 0, 1]
(2, (0, 1, 0), (1, 1)): [58842, 10707, 3194, 1130, 412, 113, 49, 13, 3, 2, 1]
(2, (0, 1, 0), (1, 2)): [40092, 5628, 1544, 559, 191, 41, 25, 7, 0, 1]
(2, (0, 1, 0), (2, 0)): [32234, 6045, 2315, 1200, 402, 129, 37, 14, 1, 2, 0, 0, 1]
(2, (0, 1, 0), (2, 1)): [34999, 6625, 2223, 856, 316, 90, 27, 6, 2, 2, 1, 0, 1]
(2, (0, 1, 0), (2, 2)): [36009, 5441, 1621, 640, 226, 56, 30, 8, 0, 2]
(2, (0, 1, 0), (3, 0)): [16387, 2614, 1160, 803, 254, 83, 27, 13, 1, 2]
(2, (0, 1, 0), (3, 1)): [16295, 3104, 1227, 622, 224, 65, 20, 6, 2, 1, 1, 0, 1]
(2, (0, 1, 0), (3, 2)): [22647, 3617, 1300, 677, 223, 59, 35, 8, 0, 1, 0, 0, 1]
(2, (0, 1, 1), (0, 0)): [92405, 7810, 19388, 5586, 2219, 724, 240, 73, 24, 7, 5, 1, 0, 1]
(2, (0, 1, 1), (0, 1)): [14922, 956, 2547, 752, 257, 89, 23, 9, 1, 2]
(2, (0, 1, 1), (0, 2)): [6394, 321, 786, 236, 91, 26, 7, 2, 0, 2]
(2, (0, 1, 1), (1, 0)): [17219, 1653, 3316, 1194, 564, 193, 65, 17, 5, 0, 3]
(2, (0, 1, 1), (1, 1)): [13471, 944, 2422, 761, 277, 105, 25, 10, 4, 0, 1]
(2, (0, 1, 1), (1, 2)): [10088, 547, 1371, 403, 154, 50, 9, 3, 1, 2, 1]
(2, (0, 1, 1), (2, 0)): [8311, 935, 1516, 627, 376, 119, 43, 12, 1, 0, 2]
(2, (0, 1, 1), (2, 1)): [7940, 629, 1493, 502, 240, 75, 21, 6, 3, 0, 1]
(2, (0, 1, 1), (2, 2)): [8965, 585, 1280, 434, 168, 64, 10, 4, 3, 1]
(2, (0, 1, 1), (3, 0)): [4855, 641, 774, 371, 257, 92, 27, 11, 0, 0, 1]
(2, (0, 1, 1), (3, 1)): [3752, 350, 697, 269, 159, 50, 18, 7, 1, 0, 1]
(2, (0, 1, 1), (3, 2)): [5694, 463, 893, 329, 160, 67, 11, 7, 4, 1]
(2, (1, 0, 0), (0, 0)): [827404, 60066, 40228, 12822, 4238, 1347, 521, 152, 38, 15, 7, 1, 1]
(2, (1, 0, 0), (0, 1)): [129287, 7989, 5503, 1779, 609, 201, 82, 32, 10, 1, 0, 1]
(2, (1, 0, 0), (0, 2)): [48896, 2197, 1446, 500, 165, 43, 25, 9, 4]
(2, (1, 0, 0), (1, 0)): [123431, 10264, 7372, 2547, 883, 250, 109, 27, 8, 2, 0, 0, 1]
(2, (1, 0, 0), (1, 1)): [107252, 7280, 5132, 1731, 583, 180, 73, 23, 7, 1]
(2, (1, 0, 0), (1, 2)): [69988, 3548, 2338, 852, 273, 73, 31, 10, 4]
(2, (1, 0, 0), (2, 0)): [41534, 4011, 2778, 1152, 402, 119, 49, 17, 6, 2, 0, 0, 1]
(2, (1, 0, 0), (2, 1)): [55872, 4413, 3148, 1158, 394, 118, 52, 13, 5, 0, 0, 0, 1]
(2, (1, 0, 0), (2, 2)): [54746, 3422, 2199, 832, 283, 81, 39, 9, 4]
(2, (1, 0, 0), (3, 0)): [12291, 1503, 890, 525, 179, 55, 20, 9, 3, 2]
(2, (1, 0, 0), (3, 1)): [22539, 2319, 1525, 742, 224, 69, 28, 8, 3, 1, 0, 0, 1]
(2, (1, 0, 0), (3, 2)): [29022, 2530, 1566, 736, 233, 80, 29, 13, 1, 1, 0, 0, 1]
(2, (1, 0, 1), (0, 0)): [145964, 34205, 13613, 8579, 2851, 932, 313, 91, 32, 11, 2, 4, 2]
(2, (1, 0, 1), (0, 1)): [24748, 4762, 1770, 1203, 418, 141, 51, 8, 4, 2, 1, 1, 1]
(2, (1, 0, 1), (0, 2)): [10019, 1420, 519, 325, 123, 34, 11, 3, 1, 1]
(2, (1, 0, 1), (1, 0)): [23644, 5237, 2440, 1705, 625, 183, 61, 16, 3, 2, 0, 1]
(2, (1, 0, 1), (1, 1)): [20674, 4111, 1750, 1157, 441, 140, 50, 10, 3, 2, 1, 2, 1]
(2, (1, 0, 1), (1, 2)): [14242, 2146, 894, 541, 216, 73, 26, 5, 3, 1, 0, 1]
(2, (1, 0, 1), (2, 0)): [8533, 1841, 1007, 678, 275, 84, 27, 9, 3]
(2, (1, 0, 1), (2, 1)): [11139, 2240, 1097, 693, 319, 96, 29, 9, 0, 1, 0, 1]
(2, (1, 0, 1), (2, 2)): [11139, 1720, 843, 512, 201, 77, 27, 6, 3, 0, 0, 1]
(2, (1, 0, 1), (3, 0)): [2889, 565, 413, 257, 116, 37, 16, 3, 3]
(2, (1, 0, 1), (3, 1)): [4811, 907, 574, 353, 202, 45, 25, 4, 3, 1]
(2, (1, 0, 1), (3, 2)): [6242, 917, 648, 371, 195, 63, 18, 6, 5]
(2, (1, 1, 0), (0, 0)): [325887, 48939, 24838, 17428, 5640, 1823, 623, 207, 67, 29, 10, 3, 2, 1]
(2, (1, 1, 0), (0, 1)): [55340, 6984, 3386, 2507, 771, 238, 89, 33, 5, 4, 2, 1, 1]
(2, (1, 1, 0), (0, 2)): [22866, 2064, 1009, 700, 235, 64, 23, 12, 2, 1]
(2, (1, 1, 0), (1, 0)): [49676, 7603, 4275, 3231, 1190, 349, 128, 38, 17, 5, 1, 1]
(2, (1, 1, 0), (1, 1)): [46046, 6213, 3217, 2403, 744, 247, 79, 31, 9, 5, 2, 2, 1]
(2, (1, 1, 0), (1, 2)): [32891, 3238, 1694, 1144, 359, 124, 30, 17, 6, 1, 1, 1]
(2, (1, 1, 0), (2, 0)): [17061, 2666, 1736, 1250, 605, 166, 63, 17, 8, 3]
(2, (1, 1, 0), (2, 1)): [24214, 3389, 2012, 1482, 582, 154, 64, 22, 6, 4, 0, 0, 1]
(2, (1, 1, 0), (2, 2)): [26164, 2812, 1641, 1113, 418, 117, 42, 17, 10, 1, 1, 1]
(2, (1, 1, 0), (3, 0)): [5459, 831, 703, 425, 293, 90, 27, 7, 5, 2]
(2, (1, 1, 0), (3, 1)): [10274, 1462, 1129, 748, 407, 111, 40, 9, 4, 2, 0, 0, 1]
(2, (1, 1, 0), (3, 2)): [14553, 1733, 1337, 839, 423, 101, 39, 13, 7, 1, 1]
(2, (1, 1, 1), (0, 0)): [96697, 14110, 16038, 8060, 6101, 1900, 638, 216, 74, 18, 10, 4, 1, 1]
(2, (1, 1, 1), (0, 1)): [18364, 1939, 2394, 1214, 943, 290, 99, 29, 16, 3, 3, 0, 1]
(2, (1, 1, 1), (0, 2)): [8106, 621, 704, 373, 255, 80, 30, 6, 4, 1, 2]
(2, (1, 1, 1), (1, 0)): [14036, 3124, 2651, 1483, 1188, 385, 126, 45, 14, 4, 1, 2]
(2, (1, 1, 1), (1, 1)): [14437, 2034, 2183, 1183, 903, 285, 92, 28, 13, 3, 1, 0, 1]
(2, (1, 1, 1), (1, 2)): [11200, 1069, 1143, 579, 442, 152, 47, 13, 4, 2, 2]
(2, (1, 1, 1), (2, 0)): [3921, 1799, 919, 590, 475, 160, 53, 20, 5, 3, 0, 2]
(2, (1, 1, 1), (2, 1)): [6541, 1673, 1234, 771, 584, 207, 60, 14, 8, 2, 0, 0, 1]
(2, (1, 1, 1), (2, 2)): [7944, 1250, 1031, 607, 445, 166, 48, 11, 5, 4, 2]
(2, (1, 1, 1), (3, 0)): [660, 1099, 258, 250, 148, 74, 30, 13, 2, 3, 0, 1]
(2, (1, 1, 1), (3, 1)): [1875, 1394, 486, 419, 307, 118, 41, 10, 4, 3, 0, 1]
(2, (1, 1, 1), (3, 2)): [3401, 1412, 633, 540, 337, 146, 47, 11, 4, 3, 2]
