(0, (0, 0, 0), (0, 0)): [2445600, 500018, 229617, 105169, 47232, 20148, 8397, 3390, 1385, 600, 266, 122, 44, 23, 6, 1, 1, 1]
(0, (0, 0, 0), (0, 1)): [498682, 96317, 43768, 20264, 8958, 3836, 1574, 581, 254, 110, 51, 23, 7, 5, 1, 1]
(0, (0, 0, 0), (0, 2)): [194900, 33316, 14858, 6737, 2914, 1238, 501, 177, 82, 36, 8, 4, 4, 1, 1]
(0, (0, 0, 0), (1, 0)): [400884, 90050, 42594, 19926, 9345, 3937, 1716, 707, 273, 109, 54, 21, 6, 6, 2, 0, 1]
(0, (0, 0, 0), (1, 1)): [408692, 82987, 38526, 17894, 8041, 3434, 1437, 560, 240, 88, 54, 21, 4, 6, 0, 1, 1]
(0, (0, 0, 0), (1, 2)): [289117, 51214, 23385, 10500, 4641, 1959, 834, 319, 140, 48, 17, 8, 5, 2, 1]
(0, (0, 0, 0), (2, 0)): [127371, 31617, 16054, 7632, 3749, 1522, 681, 295, 105, 50, 23, 9, 2, 3, 1]
(0, (0, 0, 0), (2, 1)): [205993, 46002, 22461, 10499, 4918, 2078, 843, 373, 146, 58, 31, 14, 3, 4, 0, 0, 1]
(0, (0, 0, 0), (2, 2)): [227355, 44066, 20855, 9581, 4285, 1771, 752, 283, 141, 45, 20, 6, 5, 2, 1, 0, 1]
(0, (0, 0, 0), (3, 0)): [36522, 10221, 6033, 3051, 1522, 617, 281, 120, 45, 26, 12, 4, 0, 2, 1]
(0, (0, 0, 0), (3, 1)): [77821, 20231, 10888, 5360, 2598, 1121, 453, 219, 88, 35, 12, 11, 2, 4, 1]
(0, (0, 0, 0), (3, 2)): [118987, 26866, 14146, 6620, 3103, 1316, 544, 232, 105, 40, 13, 11, 4, 2, 1, 0, 1]
(0, (0, 0, 1), (0, 0)): [8816, 27492, 7540, 3682, 1759, 763, 343, 137, 56, 34, 20, 4, 4, 3]
(0, (0, 0, 1), (0, 1)): [1273, 3912, 1061, 504, 237, 110, 45, 17, 10, 5, 4, 1, 0, 1]
(0, (0, 0, 1), (0, 2)): [583, 1461, 376, 175, 76, 42, 17, 6, 7, 0, 1]
(0, (0, 0, 1), (1, 0)): [1187, 4189, 1194, 661, 328, 145, 67, 23, 9, 6, 7]
(0, (0, 0, 1), (1, 1)): [1121, 3585, 964, 489, 258, 114, 46, 15, 5, 9, 3, 1, 0, 1]
(0, (0, 0, 1), (1, 2)): [902, 2293, 597, 291, 131, 68, 26, 10, 4, 4, 2]
(0, (0, 0, 1), (2, 0)): [443, 1534, 475, 293, 132, 62, 28, 12, 5, 2, 5]
(0, (0, 0, 1), (2, 1)): [604, 2049, 586, 345, 169, 72, 35, 12, 6, 6, 2, 1]
(0, (0, 0, 1), (2, 2)): [805, 2106, 565, 286, 146, 67, 25, 9, 3, 4, 2]
(0, (0, 0, 1), (3, 0)): [144, 523, 151, 119, 51, 26, 11, 3, 1, 0, 3]
(0, (0, 0, 1), (3, 1)): [249, 886, 258, 207, 90, 38, 22, 4, 3, 4, 0, 1]
(0, (0, 0, 1), (3, 2)): [449, 1287, 349, 244, 124, 50, 20, 4, 3, 3, 1]
(0, (0, 1, 0), (0, 0)): [90978, 84957, 33522, 16660, 7888, 3427, 1479, 602, 255, 130, 47, 19, 9, 6, 3, 0, 1]
(0, (0, 1, 0), (0, 1)): [18111, 15699, 6277, 3045, 1398, 604, 282, 108, 44, 24, 8, 4, 3, 1, 1]
(0, (0, 1, 0), (0, 2)): [7495, 5505, 2216, 1028, 481, 213, 104, 39, 16, 6, 0, 1, 2]
(0, (0, 1, 0), (1, 0)): [16817, 15899, 6728, 3617, 1701, 783, 326, 138, 60, 19, 10, 5, 2, 2, 1, 0, 1]
(0, (0, 1, 0), (1, 1)): [15407, 13380, 5532, 2837, 1303, 568, 256, 105, 35, 23, 11, 4, 1, 2, 1]
(0, (0, 1, 0), (1, 2)): [10972, 8356, 3474, 1712, 757, 330, 139, 70, 21, 9, 3, 3, 2, 0, 1]
(0, (0, 1, 0), (2, 0)): [6114, 5674, 2574, 1468, 695, 350, 132, 61, 26, 5, 2, 4, 2, 1, 0, 0, 1]
(0, (0, 1, 0), (2, 1)): [8348, 7429, 3218, 1685, 822, 383, 178, 60, 25, 17, 6, 3, 1, 1, 0, 0, 1]
(0, (0, 1, 0), (2, 2)): [9216, 7147, 3102, 1505, 711, 308, 143, 54, 23, 9, 5, 3, 1, 0, 1, 0, 1]
(0, (0, 1, 0), (3, 0)): [2101, 1681, 885, 605, 281, 152, 59, 32, 12, 2, 0, 1, 1]
(0, (0, 1, 0), (3, 1)): [3694, 3043, 1480, 974, 453, 217, 87, 42, 9, 6, 2, 2, 0, 1]
(0, (0, 1, 0), (3, 2)): [5450, 4123, 1955, 1096, 530, 250, 126, 42, 11, 10, 3, 1, 0, 0, 1, 0, 1]
(0, (0, 1, 1), (0, 0)): [7212, 12637, 14989, 6993, 3663, 1769, 761, 333, 167, 73, 23, 16, 4, 4, 2, 0, 1, 1]
(0, (0, 1, 1), (0, 1)): [1405, 2325, 2598, 1178, 622, 296, 137, 53, 26, 12, 4, 4, 1, 0, 0, 0, 1]
(0, (0, 1, 1), (0, 2)): [674, 898, 964, 439, 231, 113, 50, 23, 6, 4, 1, 2]
(0, (0, 1, 1), (1, 0)): [1308, 2425, 2861, 1443, 750, 399, 159, 71, 38, 13, 7, 6, 1, 1, 1]
(0, (0, 1, 1), (1, 1)): [1150, 2017, 2305, 1057, 561, 258, 117, 40, 20, 8, 6, 3, 2, 0, 0, 0, 1]
(0, (0, 1, 1), (1, 2)): [957, 1315, 1435, 629, 373, 168, 68, 26, 14, 2, 2, 3, 1, 0, 0, 0, 1]
(0, (0, 1, 1), (2, 0)): [524, 1036, 1075, 602, 349, 208, 72, 35, 24, 8, 3, 2, 0, 1, 1]
(0, (0, 1, 1), (2, 1)): [580, 1106, 1262, 622, 287, 162, 65, 33, 13, 9, 5, 1, 1, 0, 1]
(0, (0, 1, 1), (2, 2)): [749, 1149, 1230, 575, 305, 146, 53, 24, 12, 7, 2, 3, 1, 0, 0, 0, 1]
(0, (0, 1, 1), (3, 0)): [276, 490, 458, 297, 198, 104, 38, 12, 16, 2, 1, 2, 0, 1]
(0, (0, 1, 1), (3, 1)): [234, 444, 512, 279, 169, 95, 37, 17, 13, 4, 2, 1, 0, 0, 1]
(0, (0, 1, 1), (3, 2)): [424, 638, 696, 385, 190, 110, 46, 22, 13, 4, 3, 0, 1, 0, 0, 0, 1]
(0, (1, 0, 0), (0, 0)): [509954, 167910, 109691, 54688, 26268, 11675, 4898, 2089, 883, 383, 183, 72, 27, 17, 4, 1, 1, 1]
(0, (1, 0, 0), (0, 1)): [92905, 27026, 18649, 9215, 4395, 1917, 811, 316, 156, 60, 28, 12, 1, 3]
(0, (1, 0, 0), (0, 2)): [36325, 9163, 6400, 2982, 1378, 601, 269, 105, 48, 23, 11, 3]
(0, (1, 0, 0), (1, 0)): [77811, 26963, 19130, 10036, 4969, 2198, 926, 401, 161, 77, 44, 13, 3, 6, 2, 0, 1]
(0, (1, 0, 0), (1, 1)): [69970, 21619, 15187, 7765, 3687, 1684, 702, 282, 124, 49, 26, 11, 1, 4, 1]
(0, (1, 0, 0), (1, 2)): [47315, 12671, 8903, 4394, 2033, 895, 390, 156, 77, 24, 9, 5, 0, 0, 1]
(0, (1, 0, 0), (2, 0)): [24124, 9160, 6816, 3771, 1945, 857, 355, 155, 54, 41, 22, 4, 3, 3, 0, 0, 1]
(0, (1, 0, 0), (2, 1)): [33572, 11270, 8137, 4309, 2123, 974, 398, 176, 74, 40, 20, 7, 0, 6, 0, 0, 1]
(0, (1, 0, 0), (2, 2)): [34360, 9993, 7099, 3519, 1703, 716, 351, 136, 67, 27, 13, 4, 0, 3]
(0, (1, 0, 0), (3, 0)): [6198, 2894, 2209, 1477, 766, 337, 146, 53, 24, 18, 8, 1, 2]
(0, (1, 0, 0), (3, 1)): [11991, 4838, 3583, 2203, 1099, 532, 214, 96, 38, 19, 12, 3, 2, 2]
(0, (1, 0, 0), (3, 2)): [16231, 5902, 4140, 2357, 1163, 496, 246, 102, 49, 19, 10, 4, 0, 1]
(0, (1, 0, 1), (0, 0)): [11888, 36148, 14702, 10577, 5533, 2575, 1212, 500, 242, 100, 54, 20, 11, 3, 2, 0, 0, 1]
(0, (1, 0, 1), (0, 1)): [2168, 5754, 2341, 1770, 875, 418, 191, 74, 39, 15, 8, 1, 4, 1]
(0, (1, 0, 1), (0, 2)): [1025, 2113, 842, 619, 294, 141, 64, 26, 13, 1, 2, 1, 2, 1]
(0, (1, 0, 1), (1, 0)): [1797, 5885, 2384, 1822, 980, 484, 207, 92, 49, 25, 15, 2, 1, 1, 1]
(0, (1, 0, 1), (1, 1)): [1673, 4557, 1923, 1398, 718, 321, 145, 66, 40, 17, 8, 1, 1]
(0, (1, 0, 1), (1, 2)): [1369, 2796, 1175, 810, 420, 182, 77, 38, 22, 5, 2, 1, 2]
(0, (1, 0, 1), (2, 0)): [587, 1987, 799, 655, 362, 203, 79, 35, 18, 13, 5, 1]
(0, (1, 0, 1), (2, 1)): [774, 2317, 995, 742, 385, 209, 86, 34, 22, 16, 6]
(0, (1, 0, 1), (2, 2)): [1006, 2137, 935, 671, 339, 166, 75, 38, 12, 10, 3]
(0, (1, 0, 1), (3, 0)): [193, 602, 273, 193, 136, 85, 29, 13, 8, 3, 1, 1]
(0, (1, 0, 1), (3, 1)): [307, 801, 422, 313, 201, 105, 40, 19, 15, 9, 3]
(0, (1, 0, 1), (3, 2)): [493, 1076, 567, 369, 241, 124, 53, 24, 15, 11, 5]
(0, (1, 1, 0), (0, 0)): [73267, 45904, 33848, 24824, 13227, 6158, 2643, 1219, 509, 232, 108, 43, 14, 6, 1, 0, 1]
(0, (1, 1, 0), (0, 1)): [14845, 8036, 5472, 4248, 2303, 1000, 477, 198, 81, 28, 16, 10, 1, 1, 1, 0, 1]
(0, (1, 1, 0), (0, 2)): [6220, 2891, 1897, 1494, 790, 349, 150, 80, 32, 13, 5, 1]
(0, (1, 1, 0), (1, 0)): [11495, 7410, 5466, 4356, 2301, 1123, 478, 216, 92, 39, 21, 7, 3, 3]
(0, (1, 1, 0), (1, 1)): [10906, 6214, 4425, 3519, 1810, 819, 374, 156, 50, 22, 18, 4, 2, 2, 1, 0, 1]
(0, (1, 1, 0), (1, 2)): [8104, 3847, 2660, 2171, 1089, 468, 208, 93, 36, 19, 5, 3, 0, 1, 0, 0, 1]
(0, (1, 1, 0), (2, 0)): [3372, 2472, 1859, 1482, 891, 457, 198, 91, 42, 14, 7, 5, 0, 1]
(0, (1, 1, 0), (2, 1)): [5032, 3144, 2315, 1848, 1038, 473, 219, 92, 43, 12, 12, 5, 2, 0, 1]
(0, (1, 1, 0), (2, 2)): [5768, 3021, 2121, 1701, 907, 399, 181, 90, 33, 18, 7, 2, 0, 0, 0, 0, 1]
(0, (1, 1, 0), (3, 0)): [763, 794, 644, 489, 344, 179, 77, 35, 14, 6, 3, 2, 0, 1]
(0, (1, 1, 0), (3, 1)): [1709, 1326, 1021, 838, 561, 287, 125, 47, 23, 8, 6, 2, 2, 0, 1]
(0, (1, 1, 0), (3, 2)): [2682, 1712, 1299, 1048, 648, 309, 130, 70, 23, 11, 6, 0, 0, 0, 0, 0, 1]
(0, (1, 1, 1), (0, 0)): [7063, 13773, 11009, 8014, 6596, 3283, 1525, 722, 347, 145, 70, 26, 8, 4, 1, 0, 1]
(0, (1, 1, 1), (0, 1)): [1572, 2671, 2051, 1379, 1201, 598, 255, 127, 68, 24, 9, 5, 3, 1]
(0, (1, 1, 1), (0, 2)): [833, 1055, 756, 514, 441, 211, 83, 43, 22, 8, 6, 2, 1]
(0, (1, 1, 1), (1, 0)): [1025, 2348, 1888, 1345, 1130, 615, 277, 105, 63, 29, 12, 5, 0, 1, 0, 0, 1]
(0, (1, 1, 1), (1, 1)): [1049, 2089, 1603, 1078, 945, 515, 228, 108, 56, 22, 6, 4, 1, 1, 0, 0, 1]
(0, (1, 1, 1), (1, 2)): [984, 1426, 1059, 698, 614, 284, 121, 61, 29, 13, 5, 4, 0, 1, 0, 0, 1]
(0, (1, 1, 1), (2, 0)): [285, 695, 636, 487, 413, 226, 92, 40, 18, 13, 5, 2, 0, 1]
(0, (1, 1, 1), (2, 1)): [464, 963, 819, 571, 473, 283, 117, 59, 38, 13, 4, 0, 1]
(0, (1, 1, 1), (2, 2)): [624, 1054, 816, 559, 467, 248, 104, 57, 28, 14, 3, 2, 1]
(0, (1, 1, 1), (3, 0)): [52, 180, 169, 173, 125, 83, 42, 19, 5, 5, 3, 1, 0, 1]
(0, (1, 1, 1), (3, 1)): [134, 335, 324, 246, 213, 125, 62, 25, 13, 7, 2, 1, 0, 1]
(0, (1, 1, 1), (3, 2)): [233, 512, 450, 336, 299, 160, 87, 36, 20, 8, 2, 1, 1, 1]
(1, (0, 0, 0), (0, 0)): [2000566, 223869, 91318, 36246, 14206, 5417, 2085, 748, 265, 108, 38, 23, 8, 3, 0, 1]
(1, (0, 0, 0), (0, 1)): [410710, 42918, 17294, 6838, 2717, 1006, 377, 139, 42, 15, 5, 5, 1, 1]
(1, (0, 0, 0), (0, 2)): [162336, 14238, 5765, 2122, 858, 316, 102, 37, 6, 5, 1, 3]
(1, (0, 0, 0), (1, 0)): [342897, 43655, 18277, 7385, 2974, 1137, 429, 140, 55, 24, 6, 3, 0, 0, 0, 1]
(1, (0, 0, 0), (1, 1)): [343807, 38751, 15742, 6290, 2526, 906, 386, 132, 42, 14, 7, 2, 1, 1]
(1, (0, 0, 0), (1, 2)): [241459, 22763, 9147, 3538, 1436, 517, 194, 58, 19, 8, 2, 2, 1]
(1, (0, 0, 0), (2, 0)): [113189, 16212, 7320, 3096, 1233, 484, 177, 59, 25, 14, 2, 2, 0, 0, 0, 1]
(1, (0, 0, 0), (2, 1)): [178240, 22513, 9637, 3887, 1613, 604, 206, 84, 19, 17, 6, 2]
(1, (0, 0, 0), (2, 2)): [195240, 20512, 8611, 3466, 1375, 506, 173, 68, 22, 8, 2, 1]
(1, (0, 0, 0), (3, 0)): [33142, 5300, 2967, 1316, 491, 212, 96, 25, 17, 6, 1, 1, 0, 0, 0, 1]
(1, (0, 0, 0), (3, 1)): [70283, 10488, 5233, 2229, 917, 367, 121, 47, 14, 7, 3]
(1, (0, 0, 0), (3, 2)): [106046, 13329, 6507, 2623, 1107, 408, 136, 59, 14, 8, 4]
(1, (0, 0, 1), (0, 0)): [53880, 77384, 15451, 6806, 2773, 1138, 445, 161, 75, 26, 15, 9, 4, 2]
(1, (0, 0, 1), (0, 1)): [9528, 11673, 2361, 993, 357, 155, 80, 22, 4, 1, 3, 1]
(1, (0, 0, 1), (0, 2)): [4247, 3908, 753, 300, 117, 49, 23, 3, 3, 0, 1, 1]
(1, (0, 0, 1), (1, 0)): [9741, 14345, 3036, 1536, 614, 266, 88, 32, 23, 5, 2, 1]
(1, (0, 0, 1), (1, 1)): [8599, 10923, 2265, 1028, 384, 153, 68, 23, 7, 3, 1, 1]
(1, (0, 0, 1), (1, 2)): [6579, 6212, 1278, 548, 211, 86, 44, 8, 5, 1, 1, 2]
(1, (0, 0, 1), (2, 0)): [4043, 5827, 1339, 780, 315, 142, 51, 19, 13, 3, 1]
(1, (0, 0, 1), (2, 1)): [4862, 6454, 1389, 713, 269, 112, 36, 21, 7, 2, 1]
(1, (0, 0, 1), (2, 2)): [5724, 5694, 1234, 580, 200, 79, 44, 13, 3, 1, 2, 2]
(1, (0, 0, 1), (3, 0)): [1890, 2351, 613, 432, 176, 86, 29, 9, 5, 1, 1]
(1, (0, 0, 1), (3, 1)): [2157, 2810, 713, 394, 161, 77, 23, 13, 4, 2]
(1, (0, 0, 1), (3, 2)): [3428, 3523, 866, 465, 171, 79, 39, 13, 3, 0, 1]
(1, (0, 1, 0), (0, 0)): [269536, 116300, 43161, 18749, 7595, 3038, 1082, 460, 142, 70, 34, 10, 10, 2, 1]
(1, (0, 1, 0), (0, 1)): [49368, 18997, 7187, 2957, 1219, 503, 177, 82, 18, 12, 6, 1, 1]
(1, (0, 1, 0), (0, 2)): [19813, 6723, 2444, 913, 388, 168, 54, 24, 7, 4, 1, 1, 1]
(1, (0, 1, 0), (1, 0)): [50851, 21340, 8574, 4266, 1732, 693, 262, 99, 43, 18, 8, 0, 0, 1]
(1, (0, 1, 0), (1, 1)): [43924, 17145, 6701, 3031, 1219, 477, 187, 66, 21, 7, 6, 0, 0, 1]
(1, (0, 1, 0), (1, 2)): [30355, 10487, 3872, 1618, 635, 254, 93, 43, 13, 7, 1, 1]
(1, (0, 1, 0), (2, 0)): [20983, 8527, 3710, 2138, 908, 361, 128, 59, 23, 12, 6]
(1, (0, 1, 0), (2, 1)): [25150, 9897, 4192, 2047, 878, 333, 131, 47, 16, 7, 5, 0, 0, 1]
(1, (0, 1, 0), (2, 2)): [26186, 9127, 3647, 1612, 655, 268, 94, 34, 11, 6, 3]
(1, (0, 1, 0), (3, 0)): [9233, 3431, 1604, 1163, 506, 201, 73, 32, 11, 7, 2]
(1, (0, 1, 0), (3, 1)): [11654, 4343, 2081, 1266, 552, 195, 90, 41, 16, 6, 3, 0, 0, 1]
(1, (0, 1, 0), (3, 2)): [15996, 5585, 2540, 1339, 587, 205, 90, 34, 9, 7, 3, 0, 0, 1]
(1, (0, 1, 1), (0, 0)): [41866, 35363, 30536, 12446, 6395, 2542, 1027, 412, 171, 59, 20, 10, 3, 2, 0, 1]
(1, (0, 1, 1), (0, 1)): [6845, 5161, 4386, 1747, 813, 292, 141, 69, 16, 3, 5, 1]
(1, (0, 1, 1), (0, 2)): [3280, 1649, 1571, 624, 292, 92, 50, 27, 3, 1, 4]
(1, (0, 1, 1), (1, 0)): [8351, 7538, 5685, 2583, 1534, 646, 262, 99, 36, 17, 2, 2, 1]
(1, (0, 1, 1), (1, 1)): [5829, 4679, 3846, 1581, 774, 283, 120, 51, 17, 7, 0, 2]
(1, (0, 1, 1), (1, 2)): [4805, 2685, 2398, 936, 470, 159, 72, 34, 7, 5, 3, 1]
(1, (0, 1, 1), (2, 0)): [4546, 3946, 2828, 1417, 992, 441, 182, 68, 26, 10, 2, 1]
(1, (0, 1, 1), (2, 1)): [3143, 2647, 2175, 962, 479, 200, 86, 25, 10, 3]
(1, (0, 1, 1), (2, 2)): [3988, 2354, 2082, 862, 423, 143, 62, 21, 6, 2, 2, 1]
(1, (0, 1, 1), (3, 0)): [3230, 2579, 1684, 967, 806, 353, 142, 59, 22, 7, 2, 1]
(1, (0, 1, 1), (3, 1)): [1332, 1185, 932, 445, 269, 143, 51, 23, 9, 3]
(1, (0, 1, 1), (3, 2)): [2233, 1515, 1181, 574, 343, 122, 48, 20, 7, 3, 1, 1]
(1, (1, 0, 0), (0, 0)): [742264, 130047, 86383, 36815, 15032, 5976, 2340, 857, 331, 143, 51, 32, 7, 3, 0, 2]
(1, (1, 0, 0), (0, 1)): [136084, 21005, 14607, 6223, 2455, 977, 383, 150, 42, 19, 9, 4, 1]
(1, (1, 0, 0), (0, 2)): [52722, 7004, 4742, 1949, 754, 336, 125, 42, 11, 6, 4]
(1, (1, 0, 0), (1, 0)): [122250, 22704, 16300, 7303, 3037, 1225, 499, 176, 56, 31, 9, 4, 2, 0, 0, 1]
(1, (1, 0, 0), (1, 1)): [108003, 17862, 12618, 5546, 2198, 846, 353, 130, 39, 20, 7, 6, 1, 0, 0, 1]
(1, (1, 0, 0), (1, 2)): [72329, 10340, 7157, 3034, 1168, 451, 184, 68, 20, 8, 6, 1]
(1, (1, 0, 0), (2, 0)): [39749, 8048, 6013, 2958, 1264, 510, 212, 73, 31, 10, 3, 0, 1]
(1, (1, 0, 0), (2, 1)): [53666, 9714, 7014, 3383, 1344, 544, 222, 76, 24, 10, 5, 4, 1, 0, 0, 1]
(1, (1, 0, 0), (2, 2)): [54374, 8485, 5864, 2690, 1071, 422, 166, 61, 15, 8, 3, 1, 1]
(1, (1, 0, 0), (3, 0)): [11155, 2636, 1906, 1159, 521, 206, 92, 26, 13, 5, 1, 0, 1]
(1, (1, 0, 0), (3, 1)): [20516, 4474, 3115, 1822, 747, 288, 140, 34, 18, 5, 3, 1, 0, 0, 0, 1]
(1, (1, 0, 0), (3, 2)): [27136, 5364, 3561, 1920, 750, 302, 135, 37, 18, 9, 4, 2, 1, 0, 0, 1]
(1, (1, 0, 1), (0, 0)): [60341, 68085, 21924, 15051, 6511, 2694, 1045, 416, 147, 79, 23, 10, 2, 1]
(1, (1, 0, 1), (0, 1)): [11639, 10483, 3324, 2377, 1006, 421, 148, 56, 27, 10, 3, 1, 2]
(1, (1, 0, 1), (0, 2)): [5193, 3492, 1140, 837, 349, 135, 62, 26, 9, 4, 2, 0, 1]
(1, (1, 0, 1), (1, 0)): [9978, 11061, 3716, 2721, 1271, 531, 201, 90, 28, 18, 1, 3]
(1, (1, 0, 1), (1, 1)): [8956, 8559, 2811, 2017, 832, 370, 126, 42, 17, 7, 1, 3, 1]
(1, (1, 0, 1), (1, 2)): [6683, 4873, 1663, 1177, 465, 201, 77, 36, 10, 4, 3]
(1, (1, 0, 1), (2, 0)): [3413, 3663, 1328, 989, 523, 219, 83, 42, 10, 8, 0, 1]
(1, (1, 0, 1), (2, 1)): [4455, 4301, 1462, 1086, 528, 207, 75, 25, 13, 7, 0, 3]
(1, (1, 0, 1), (2, 2)): [4943, 3716, 1357, 942, 441, 161, 69, 23, 12, 4, 1]
(1, (1, 0, 1), (3, 0)): [1127, 1190, 468, 344, 214, 104, 34, 13, 1, 4]
(1, (1, 0, 1), (3, 1)): [1652, 1667, 668, 495, 264, 125, 34, 18, 2, 4, 0, 2]
(1, (1, 0, 1), (3, 2)): [2438, 2098, 850, 585, 335, 125, 46, 18, 9, 4, 0, 2]
(1, (1, 1, 0), (0, 0)): [208753, 62545, 41672, 30686, 12906, 5359, 2088, 827, 323, 133, 49, 25, 10, 5, 1]
(1, (1, 1, 0), (0, 1)): [41392, 10733, 6831, 5327, 2221, 931, 330, 137, 62, 22, 10, 4, 1]
(1, (1, 1, 0), (0, 2)): [17048, 3896, 2322, 1853, 752, 294, 94, 44, 18, 4, 3]
(1, (1, 1, 0), (1, 0)): [34697, 11122, 7438, 5809, 2524, 1035, 455, 164, 44, 29, 12, 4, 2, 1]
(1, (1, 1, 0), (1, 1)): [32341, 9021, 6039, 4657, 1955, 813, 302, 130, 47, 25, 10, 4, 1]
(1, (1, 1, 0), (1, 2)): [23151, 5583, 3483, 2699, 1126, 419, 145, 72, 29, 7, 7, 2, 1]
(1, (1, 1, 0), (2, 0)): [11081, 4119, 2601, 2078, 1048, 443, 208, 65, 19, 14, 7, 2, 2, 1]
(1, (1, 1, 0), (2, 1)): [15938, 4996, 3378, 2604, 1203, 523, 214, 69, 29, 15, 7, 2, 1]
(1, (1, 1, 0), (2, 2)): [17494, 4641, 2962, 2273, 1041, 430, 153, 63, 28, 9, 3, 2, 1]
(1, (1, 1, 0), (3, 0)): [2826, 1477, 942, 644, 423, 176, 83, 34, 4, 6, 1, 2, 1]
(1, (1, 1, 0), (3, 1)): [5771, 2448, 1651, 1224, 669, 293, 121, 40, 13, 10, 4, 2, 1]
(1, (1, 1, 0), (3, 2)): [8673, 2941, 1993, 1474, 784, 309, 107, 45, 22, 10, 2, 1, 1]
(1, (1, 1, 1), (0, 0)): [42739, 34145, 21294, 13879, 10675, 4552, 1857, 701, 285, 104, 34, 22, 9, 4, 1, 1]
(1, (1, 1, 1), (0, 1)): [9135, 6125, 3688, 2365, 1905, 772, 317, 114, 52, 18, 5, 1, 0, 1]
(1, (1, 1, 1), (0, 2)): [4416, 2153, 1336, 871, 667, 251, 103, 30, 11, 9, 2, 0, 0, 1]
(1, (1, 1, 1), (1, 0)): [6577, 5958, 3609, 2328, 2024, 888, 403, 140, 53, 18, 7, 7, 2]
(1, (1, 1, 1), (1, 1)): [6599, 4960, 3040, 1952, 1575, 669, 306, 108, 44, 12, 4, 3]
(1, (1, 1, 1), (1, 2)): [5437, 2951, 1905, 1221, 930, 407, 169, 58, 23, 10, 2, 3, 0, 1]
(1, (1, 1, 1), (2, 0)): [1716, 2015, 1265, 790, 737, 358, 164, 61, 20, 9, 3, 3, 1]
(1, (1, 1, 1), (2, 1)): [2845, 2644, 1586, 1012, 862, 390, 178, 59, 27, 8, 3, 2]
(1, (1, 1, 1), (2, 2)): [3664, 2415, 1548, 981, 800, 350, 158, 53, 21, 11, 1, 3, 0, 1]
(1, (1, 1, 1), (3, 0)): [291, 627, 449, 266, 215, 130, 61, 26, 6, 3, 0, 1, 1]
(1, (1, 1, 1), (3, 1)): [741, 1140, 737, 455, 386, 204, 78, 33, 17, 3, 2, 1, 1]
(1, (1, 1, 1), (3, 2)): [1406, 1444, 947, 583, 485, 254, 105, 37, 16, 4, 2, 1, 0, 1]
(2, (0, 0, 0), (0, 0)): [1748293, 82991, 27410, 8772, 2944, 920, 314, 105, 21, 8, 5, 0, 1]
(2, (0, 0, 0), (0, 1)): [355457, 14783, 4926, 1580, 573, 166, 53, 16, 4]
(2, (0, 0, 0), (0, 2)): [139082, 4050, 1411, 448, 167, 44, 4, 7, 1]
(2, (0, 0, 0), (1, 0)): [311088, 18192, 6142, 1963, 680, 183, 76, 20, 7, 0, 0, 0, 1]
(2, (0, 0, 0), (1, 1)): [305468, 14530, 4918, 1545, 568, 173, 66, 13, 5]
(2, (0, 0, 0), (1, 2)): [209939, 7080, 2470, 816, 285, 85, 27, 8, 1]
(2, (0, 0, 0), (2, 0)): [107940, 7116, 2868, 887, 309, 77, 31, 7, 3, 0, 0, 0, 1]
(2, (0, 0, 0), (2, 1)): [165090, 9190, 3487, 1025, 368, 108, 44, 10, 5]
(2, (0, 0, 0), (2, 2)): [176642, 7201, 2714, 851, 291, 88, 29, 7, 1]
(2, (0, 0, 0), (3, 0)): [33471, 2377, 1293, 413, 142, 38, 12, 4, 0, 0, 0, 0, 1]
(2, (0, 0, 0), (3, 1)): [68770, 4595, 2196, 688, 221, 63, 22, 7, 3]
(2, (0, 0, 0), (3, 2)): [102059, 5366, 2496, 765, 257, 84, 26, 7, 2]
(2, (0, 0, 1), (0, 0)): [164545, 47933, 10124, 3489, 1227, 424, 122, 43, 9, 6, 0, 2]
(2, (0, 0, 1), (0, 1)): [30486, 7165, 1577, 526, 175, 75, 15, 5, 1, 3]
(2, (0, 0, 1), (0, 2)): [12416, 2207, 470, 156, 52, 22, 4, 0, 0, 1]
(2, (0, 0, 1), (1, 0)): [33288, 9015, 2274, 892, 327, 101, 37, 16, 3, 1, 0, 1]
(2, (0, 0, 1), (1, 1)): [28147, 6879, 1539, 593, 197, 71, 16, 8, 1, 2]
(2, (0, 0, 1), (1, 2)): [19687, 3673, 782, 277, 108, 37, 8, 3, 0, 2]
(2, (0, 0, 1), (2, 0)): [14474, 3749, 1108, 499, 193, 58, 21, 9, 2, 1, 0, 1]
(2, (0, 0, 1), (2, 1)): [16801, 4278, 1114, 460, 162, 42, 16, 9, 0, 2]
(2, (0, 0, 1), (2, 2)): [17840, 3621, 880, 326, 119, 41, 8, 4]
(2, (0, 0, 1), (3, 0)): [6867, 1515, 543, 313, 109, 40, 13, 2, 2, 0, 0, 1]
(2, (0, 0, 1), (3, 1)): [7919, 1987, 631, 336, 107, 28, 12, 5, 0, 1]
(2, (0, 0, 1), (3, 2)): [11304, 2499, 714, 337, 116, 30, 11, 3, 0, 1]
(2, (0, 1, 0), (0, 0)): [433038, 88857, 25066, 8927, 3000, 958, 308, 90, 22, 13, 7, 0, 1]
(2, (0, 1, 0), (0, 1)): [79594, 13669, 3849, 1245, 467, 132, 42, 9, 6, 3, 1]
(2, (0, 1, 0), (0, 2)): [32313, 4113, 1154, 347, 119, 28, 11, 2, 3, 1]
(2, (0, 1, 0), (1, 0)): [87053, 17029, 5766, 2428, 791, 243, 88, 29, 1, 2, 0, 0, 1]
(2, (0, 1, 0), (1, 1)): [72543, 13020, 3954, 1381, 507, 136, 57, 14, 3, 2, 1]
(2, (0, 1, 0), (1, 2)): [50554, 6924, 1973, 686, 235, 54, 29, 7, 1, 1]
(2, (0, 1, 0), (2, 0)): [38759, 7197, 2727, 1448, 482, 149, 45, 18, 1, 2, 0, 0, 1]
(2, (0, 1, 0), (2, 1)): [42621, 7963, 2642, 1057, 375, 106, 34, 7, 2, 2, 1, 0, 1]
(2, (0, 1, 0), (2, 2)): [45040, 6649, 2045, 792, 281, 75, 33, 9, 0, 2]
(2, (0, 1, 0), (3, 0)): [19549, 3088, 1361, 956, 306, 96, 32, 16, 1, 2]
(2, (0, 1, 0), (3, 1)): [19710, 3712, 1436, 755, 266, 74, 26, 6, 2, 1, 1, 0, 1]
(2, (0, 1, 0), (3, 2)): [28164, 4441, 1591, 834, 277, 74, 41, 8, 0, 1, 0, 0, 1]
(2, (0, 1, 1), (0, 0)): [100896, 8433, 20840, 6099, 2394, 800, 256, 82, 25, 7, 5, 1, 0, 1]
(2, (0, 1, 1), (0, 1)): [18956, 1217, 3138, 936, 325, 119, 33, 11, 1, 2]
(2, (0, 1, 1), (0, 2)): [8232, 415, 980, 291, 112, 33, 12, 2, 0, 2]
(2, (0, 1, 1), (1, 0)): [21053, 1971, 4008, 1480, 664, 233, 71, 23, 6, 0, 3]
(2, (0, 1, 1), (1, 1)): [16868, 1186, 2979, 952, 345, 138, 31, 13, 4, 0, 1]
(2, (0, 1, 1), (1, 2)): [12819, 708, 1702, 496, 194, 65, 15, 4, 1, 2, 1]
(2, (0, 1, 1), (2, 0)): [10061, 1105, 1812, 769, 439, 141, 46, 16, 2, 0, 2]
(2, (0, 1, 1), (2, 1)): [9874, 772, 1811, 630, 283, 95, 24, 9, 3, 0, 1]
(2, (0, 1, 1), (2, 2)): [11433, 747, 1595, 541, 207, 79, 15, 5, 3, 1]
(2, (0, 1, 1), (3, 0)): [5790, 750, 928, 448, 299, 112, 30, 13, 1, 0, 1]
(2, (0, 1, 1), (3, 1)): [4567, 431, 840, 335, 186, 66, 21, 8, 1, 0, 1]
(2, (0, 1, 1), (3, 2)): [7127, 580, 1090, 410, 192, 80, 16, 8, 4, 1]
(2, (1, 0, 0), (0, 0)): [898289, 64830, 43805, 14004, 4601, 1462, 550, 160, 38, 15, 7, 1, 1]
(2, (1, 0, 0), (0, 1)): [163995, 9982, 6884, 2220, 744, 248, 91, 34, 10, 1, 0, 1]
(2, (1, 0, 0), (0, 2)): [63333, 2794, 1867, 621, 197, 61, 25, 9, 4]
(2, (1, 0, 0), (1, 0)): [151090, 12427, 8966, 3117, 1060, 303, 120, 31, 8, 2, 0, 0, 1]
(2, (1, 0, 0), (1, 1)): [133812, 8985, 6341, 2168, 721, 214, 84, 25, 7, 1]
(2, (1, 0, 0), (1, 2)): [89209, 4462, 2942, 1074, 338, 94, 33, 11, 4]
(2, (1, 0, 0), (2, 0)): [50551, 4804, 3350, 1367, 478, 141, 54, 19, 6, 2, 0, 0, 1]
(2, (1, 0, 0), (2, 1)): [69036, 5356, 3847, 1443, 483, 148, 56, 14, 5, 0, 0, 0, 1]
(2, (1, 0, 0), (2, 2)): [69324, 4212, 2755, 1049, 356, 103, 41, 10, 4]
(2, (1, 0, 0), (3, 0)): [14880, 1812, 1051, 617, 206, 61, 23, 11, 3, 2]
(2, (1, 0, 0), (3, 1)): [27705, 2851, 1836, 936, 271, 87, 32, 9, 3, 1, 0, 0, 1]
(2, (1, 0, 0), (3, 2)): [36731, 3132, 1939, 928, 299, 97, 31, 13, 1, 1, 0, 0, 1]
(2, (1, 0, 1), (0, 0)): [158667, 36755, 14568, 9308, 3100, 996, 337, 101, 32, 11, 2, 4, 2]
(2, (1, 0, 1), (0, 1)): [30992, 5841, 2149, 1491, 510, 169, 60, 15, 4, 2, 1, 1, 1]
(2, (1, 0, 1), (0, 2)): [12733, 1742, 636, 407, 152, 44, 12, 5, 1, 1]
(2, (1, 0, 1), (1, 0)): [28766, 6321, 2909, 2029, 753, 211, 75, 19, 3, 2, 0, 1]
(2, (1, 0, 1), (1, 1)): [25528, 4983, 2112, 1443, 530, 168, 59, 15, 3, 2, 1, 2, 1]
(2, (1, 0, 1), (1, 2)): [17886, 2623, 1089, 678, 264, 85, 31, 7, 3, 1, 0, 1]
(2, (1, 0, 1), (2, 0)): [10267, 2193, 1188, 785, 327, 93, 34, 11, 3]
(2, (1, 0, 1), (2, 1)): [13527, 2678, 1323, 855, 369, 111, 37, 12, 0, 1, 0, 1]
(2, (1, 0, 1), (2, 2)): [13904, 2091, 1032, 636, 244, 91, 36, 7, 3, 0, 0, 1]
(2, (1, 0, 1), (3, 0)): [3456, 674, 490, 290, 141, 42, 19, 3, 3]
(2, (1, 0, 1), (3, 1)): [5783, 1092, 678, 431, 239, 52, 29, 5, 3, 1]
(2, (1, 0, 1), (3, 2)): [7740, 1126, 797, 460, 230, 72, 24, 8, 5]
(2, (1, 1, 0), (0, 0)): [352910, 52572, 26651, 18948, 6116, 1958, 657, 221, 69, 30, 10, 3, 2, 1]
(2, (1, 1, 0), (0, 1)): [68930, 8515, 4160, 3125, 968, 290, 100, 35, 6, 5, 2, 1, 1]
(2, (1, 1, 0), (0, 2)): [28827, 2519, 1249, 893, 287, 82, 28, 14, 2, 2]
(2, (1, 1, 0), (1, 0)): [60328, 9168, 5107, 3913, 1420, 411, 146, 46, 18, 5, 1, 1]
(2, (1, 1, 0), (1, 1)): [56687, 7502, 3907, 2947, 918, 300, 88, 33, 9, 5, 2, 2, 1]
(2, (1, 1, 0), (1, 2)): [41131, 3961, 2075, 1469, 460, 150, 36, 18, 6, 1, 1, 1]
(2, (1, 1, 0), (2, 0)): [20650, 3220, 2051, 1506, 722, 190, 74, 22, 9, 3]
(2, (1, 1, 0), (2, 1)): [29571, 4080, 2428, 1816, 701, 187, 71, 24, 6, 4, 0, 0, 1]
(2, (1, 1, 0), (2, 2)): [32586, 3444, 2005, 1409, 519, 142, 49, 19, 10, 1, 1, 1]
(2, (1, 1, 0), (3, 0)): [6531, 1000, 829, 491, 345, 98, 34, 10, 6, 2]
(2, (1, 1, 0), (3, 1)): [12374, 1777, 1360, 911, 485, 128, 48, 10, 5, 2, 0, 0, 1]
(2, (1, 1, 0), (3, 2)): [17886, 2118, 1638, 1024, 516, 117, 47, 15, 8, 1, 1]
(2, (1, 1, 1), (0, 0)): [104946, 15252, 17307, 8673, 6622, 2055, 697, 238, 80, 20, 10, 4, 1, 1]
(2, (1, 1, 1), (0, 1)): [22793, 2387, 2928, 1465, 1141, 361, 125, 38, 20, 4, 3, 0, 1]
(2, (1, 1, 1), (0, 2)): [10198, 770, 886, 456, 323, 96, 42, 8, 4, 1, 2]
(2, (1, 1, 1), (1, 0)): [16973, 3749, 3200, 1757, 1433, 451, 152, 56, 16, 5, 1, 2]
(2, (1, 1, 1), (1, 1)): [17674, 2506, 2627, 1403, 1092, 344, 118, 38, 16, 5, 1, 0, 1]
(2, (1, 1, 1), (1, 2)): [13922, 1338, 1423, 716, 539, 191, 65, 17, 5, 3, 2]
(2, (1, 1, 1), (2, 0)): [4759, 2122, 1109, 706, 574, 194, 61, 25, 7, 3, 0, 2]
(2, (1, 1, 1), (2, 1)): [7976, 2013, 1466, 909, 696, 240, 76, 21, 10, 2, 0, 0, 1]
(2, (1, 1, 1), (2, 2)): [9893, 1551, 1259, 731, 542, 203, 69, 18, 6, 4, 2]
(2, (1, 1, 1), (3, 0)): [789, 1289, 320, 291, 177, 90, 32, 16, 4, 3, 0, 1]
(2, (1, 1, 1), (3, 1)): [2279, 1667, 587, 500, 365, 136, 49, 12, 5, 3, 0, 1]
(2, (1, 1, 1), (3, 2)): [4212, 1721, 768, 643, 410, 173, 58, 16, 5, 3, 2]
