(0, (0, 0, 0)): [1218954, 241685, 111517, 50706, 22582, 9638, 3975, 1675, 663, 305, 130, 57, 28, 10, 3, 1, 0, 1]
(0, (0, 0, 1)): [5371, 15775, 4270, 2038, 970, 413, 183, 93, 35, 20, 7, 1, 3, 2]
(0, (0, 1, 0)): [41755, 38664, 15008, 7154, 3453, 1476, 627, 263, 106, 63, 21, 5, 3, 2, 1]
(0, (0, 1, 1)): [3663, 6050, 7384, 3422, 1802, 828, 355, 170, 82, 36, 10, 6, 1, 2, 1, 0, 0, 1]
(0, (1, 0, 0)): [263986, 88098, 55338, 27290, 12955, 5798, 2440, 1056, 434, 200, 88, 36, 19, 4, 2, 1, 0, 1]
(0, (1, 0, 1)): [6296, 18666, 7734, 5241, 2800, 1266, 620, 256, 116, 49, 24, 12, 5, 1, 1, 0, 0, 1]
(0, (1, 1, 0)): [35815, 22989, 17602, 12344, 6551, 3111, 1332, 634, 247, 120, 52, 22, 9, 1]
(0, (1, 1, 1)): [3611, 6685, 5535, 4227, 3311, 1656, 776, 386, 167, 73, 36, 14, 4, 1, 1]
(1, (0, 0, 0)): [982181, 105544, 43282, 17080, 6677, 2552, 967, 377, 144, 55, 24, 14, 6, 3, 0, 1]
(1, (0, 0, 1)): [27834, 39842, 7788, 3284, 1394, 555, 223, 91, 41, 14, 7, 4, 4, 1]
(1, (0, 1, 0)): [133758, 60434, 21478, 9058, 3653, 1441, 496, 231, 66, 33, 19, 7, 8, 2, 1]
(1, (0, 1, 1)): [22118, 17788, 16579, 6535, 3300, 1301, 508, 207, 96, 31, 9, 7, 1, 2, 0, 1]
(1, (1, 0, 0)): [380408, 67738, 42652, 18170, 7365, 2914, 1130, 418, 189, 73, 29, 20, 4, 3, 0, 2]
(1, (1, 0, 1)): [30253, 35787, 11721, 7591, 3236, 1324, 515, 210, 73, 46, 13, 5, 0, 1]
(1, (1, 1, 0)): [103250, 32033, 21657, 15150, 6404, 2660, 1044, 419, 170, 65, 25, 13, 8, 5, 1]
(1, (1, 1, 1)): [21355, 16854, 10885, 7217, 5139, 2207, 893, 342, 137, 51, 18, 15, 6, 3, 1, 1]
(2, (0, 0, 0)): [849601, 37715, 12608, 4016, 1344, 438, 155, 47, 9, 4, 5, 0, 1]
(2, (0, 0, 1)): [80029, 25399, 4819, 1648, 594, 200, 58, 17, 3, 2, 0, 1]
(2, (0, 1, 0)): [212488, 46133, 12046, 4196, 1362, 452, 142, 41, 8, 6, 5, 0, 1]
(2, (0, 1, 1)): [49428, 4351, 11058, 2941, 1150, 365, 127, 43, 17, 4, 3, 1, 0, 1]
(2, (1, 0, 0)): [462339, 33577, 21024, 6707, 2145, 688, 274, 74, 17, 10, 6, 0, 1]
(2, (1, 0, 1)): [77231, 19160, 7606, 4407, 1412, 473, 169, 53, 20, 7, 0, 2, 1]
(2, (1, 1, 0)): [177276, 27324, 13861, 9128, 2912, 966, 308, 103, 38, 18, 7, 1, 2, 1]
(2, (1, 1, 1)): [51629, 7572, 8656, 4354, 3082, 978, 327, 115, 40, 8, 6, 0, 1, 1]
