(0, (0, 0, 0)): [338878, 68680, 31903, 14617, 6563, 2844, 1226, 511, 199, 85, 46, 13, 8, 3, 2]
(0, (0, 0, 1)): [1805, 5705, 1621, 765, 361, 145, 77, 42, 11, 6, 3, 1, 3]
(0, (0, 1, 0)): [11181, 11504, 4350, 1995, 1022, 450, 182, 81, 34, 18, 8, 2]
(0, (0, 1, 1)): [987, 1785, 2402, 1108, 557, 265, 112, 53, 24, 11, 4, 1, 0, 1, 1]
(0, (1, 0, 0)): [76511, 27530, 16521, 8291, 3862, 1726, 763, 324, 124, 56, 35, 9, 6, 3, 2]
(0, (1, 0, 1)): [1823, 5307, 2476, 1610, 908, 411, 223, 85, 40, 19, 9, 5, 2, 0, 1]
(0, (1, 1, 0)): [9911, 6654, 5525, 3672, 1972, 937, 413, 200, 68, 37, 26, 4, 2, 1]
(0, (1, 1, 1)): [1073, 1872, 1616, 1371, 1088, 537, 251, 124, 55, 30, 14, 3, 1, 1, 1]
(1, (0, 0, 0)): [267201, 28577, 11756, 4576, 1833, 763, 284, 113, 41, 14, 4, 2]
(1, (0, 0, 1)): [9618, 15013, 2946, 1196, 530, 201, 81, 43, 14, 3, 4, 2, 1]
(1, (0, 1, 0)): [41100, 20377, 6830, 2769, 1109, 474, 182, 66, 19, 9, 2, 3, 2]
(1, (0, 1, 1)): [6951, 5984, 6307, 2406, 1031, 427, 169, 59, 26, 11, 6, 3, 0, 1]
(1, (1, 0, 0)): [109781, 21172, 12285, 5343, 2128, 904, 316, 126, 53, 23, 7, 6, 1, 2]
(1, (1, 0, 1)): [8767, 11115, 3992, 2419, 1037, 437, 157, 66, 21, 16, 6, 2]
(1, (1, 1, 0)): [27649, 8831, 6379, 4224, 1811, 791, 285, 113, 45, 19, 5, 3, 0, 3]
(1, (1, 1, 1)): [5340, 4403, 2859, 2161, 1442, 647, 257, 110, 33, 13, 4, 1, 0, 1]
(2, (0, 0, 0)): [230055, 9632, 3148, 992, 344, 122, 48, 17, 2, 1, 1]
(2, (0, 0, 1)): [28772, 9960, 1728, 543, 187, 70, 23, 8]
(2, (0, 1, 0)): [67054, 15708, 3749, 1225, 387, 138, 52, 14, 2, 1]
(2, (0, 1, 1)): [17192, 1577, 4163, 1084, 375, 129, 41, 9, 8, 1, 1]
(2, (1, 0, 0)): [134565, 10589, 5447, 1799, 579, 189, 80, 24, 6, 1, 1]
(2, (1, 0, 1)): [22904, 6365, 2792, 1315, 428, 155, 47, 20, 6, 0, 0, 1]
(2, (1, 1, 0)): [43831, 6767, 3783, 2215, 684, 244, 71, 17, 9, 5, 2, 0, 0, 1]
(2, (1, 1, 1)): [13108, 2011, 2250, 1232, 791, 256, 90, 29, 15, 3, 2, 0, 0, 1]
