(0, (0, 0, 0)): [22646, 4160, 2037, 835, 350, 152, 61, 24, 13, 5, 2, 1]
(0, (0, 0, 1)): [71, 227, 58, 24, 16, 5, 2, 0, 1]
(0, (0, 1, 0)): [810, 651, 280, 108, 57, 16, 7, 5, 2]
(0, (0, 1, 1)): [72, 108, 112, 57, 30, 5, 5, 1, 1, 2]
(0, (1, 0, 0)): [4627, 1404, 879, 399, 193, 85, 32, 15, 8, 4, 1, 1]
(0, (1, 0, 1)): [114, 279, 113, 77, 42, 18, 8, 4, 2, 1, 1]
(0, (1, 1, 0)): [600, 348, 247, 175, 91, 51, 20, 4, 3, 2, 0, 1]
(0, (1, 1, 1)): [55, 91, 71, 53, 39, 22, 13, 4, 3, 3, 0, 1]
(1, (0, 0, 0)): [18686, 1831, 855, 334, 98, 50, 22, 8, 2, 1, 1]
(1, (0, 0, 1)): [447, 574, 114, 50, 15, 6, 2]
(1, (0, 1, 0)): [2290, 912, 366, 126, 51, 18, 7, 7, 1]
(1, (0, 1, 1)): [358, 252, 227, 81, 51, 15, 5, 3, 1]
(1, (1, 0, 0)): [6692, 1034, 775, 322, 124, 49, 21, 9, 1, 2]
(1, (1, 0, 1)): [518, 553, 164, 139, 49, 22, 13, 3]
(1, (1, 1, 0)): [1775, 528, 351, 251, 102, 36, 19, 10, 3, 2]
(1, (1, 1, 1)): [352, 272, 158, 107, 72, 29, 15, 2, 0, 2]
(2, (0, 0, 0)): [16290, 681, 247, 73, 17, 8, 3, 1, 0, 0, 1]
(2, (0, 0, 1)): [1285, 344, 69, 20, 8, 6]
(2, (0, 1, 0)): [3536, 679, 207, 62, 20, 12, 2, 2]
(2, (0, 1, 1)): [827, 59, 158, 51, 27, 7, 6]
(2, (1, 0, 0)): [8111, 519, 392, 118, 36, 13, 11, 2, 0, 0, 1]
(2, (1, 0, 1)): [1372, 311, 120, 74, 29, 10, 3, 0, 0, 1]
(2, (1, 1, 0)): [3105, 443, 215, 154, 41, 19, 10, 6, 1, 0, 1]
(2, (1, 1, 1)): [902, 118, 139, 65, 57, 19, 10, 2, 1]
