(0, (0, 0, 0), (0, 0)): [338878, 68680, 31903, 14617, 6563, 2844, 1226, 511, 199, 85, 46, 13, 8, 3, 2]
(0, (0, 0, 0), (0, 1)): [1034, 198, 81, 36, 13, 5, 2, 1, 0, 1, 1]
(0, (0, 0, 0), (0, 2)): [420, 81, 30, 11, 3, 2, 1, 1]
(0, (0, 0, 0), (1, 0)): [948, 201, 81, 40, 18, 15, 3, 1, 0, 2]
(0, (0, 0, 0), (1, 1)): [810, 165, 59, 34, 12, 3, 1, 1, 0, 1, 1]
(0, (0, 0, 0), (1, 2)): [533, 99, 29, 14, 3, 2, 1, 1]
(0, (0, 0, 0), (2, 0)): [359, 77, 41, 22, 11, 11, 1, 0, 0, 1]
(0, (0, 0, 0), (2, 1)): [441, 88, 30, 22, 6, 4]
(0, (0, 0, 0), (2, 2)): [430, 83, 17, 12, 6, 4, 1]
(0, (0, 0, 0), (3, 0)): [171, 40, 29, 14, 8, 10, 1]
(0, (0, 0, 0), (3, 1)): [194, 45, 26, 13, 2, 1, 1]
(0, (0, 0, 0), (3, 2)): [257, 55, 28, 12, 6, 2, 2]
(0, (0, 0, 1), (0, 0)): [1805, 5705, 1621, 765, 361, 145, 77, 42, 11, 6, 3, 1, 3]
(0, (0, 0, 1), (0, 1)): [3, 8, 3, 1, 0, 0, 1]
(0, (0, 0, 1), (0, 2)): [1, 5, 1]
(0, (0, 0, 1), (1, 0)): [3, 15, 4, 3, 2]
(0, (0, 0, 1), (1, 1)): [3, 8, 3, 0, 1, 0, 1]
(0, (0, 0, 1), (1, 2)): [1, 4, 1]
(0, (0, 0, 1), (2, 0)): [1, 7, 2, 2, 1]
(0, (0, 0, 1), (2, 2)): [0, 2, 1, 0, 1, 0, 1]
(0, (0, 0, 1), (3, 0)): [0, 3, 0, 1, 1]
(0, (0, 0, 1), (3, 1)): [1, 2, 1]
(0, (0, 0, 1), (3, 2)): [0, 2, 0, 0, 0, 0, 1]
(0, (0, 1, 0), (0, 0)): [11181, 11504, 4350, 1995, 1022, 450, 182, 81, 34, 18, 8, 2]
(0, (0, 1, 0), (0, 1)): [27, 35, 5, 2, 0, 1]
(0, (0, 1, 0), (1, 0)): [37, 30, 4, 7, 3]
(0, (0, 1, 0), (1, 1)): [24, 17, 3, 1]
(0, (0, 1, 0), (2, 0)): [13, 17, 1, 5, 2]
(0, (0, 1, 0), (2, 1)): [8, 11, 1, 5]
(0, (0, 1, 0), (2, 2)): [10, 11, 2, 3]
(0, (0, 1, 0), (3, 0)): [10, 9, 0, 1, 2]
(0, (0, 1, 0), (3, 1)): [6, 2, 0, 4, 1]
(0, (0, 1, 0), (3, 2)): [4, 7, 2, 2, 1]
(0, (0, 1, 1), (0, 0)): [987, 1785, 2402, 1108, 557, 265, 112, 53, 24, 11, 4, 1, 0, 1, 1]
(0, (0, 1, 1), (1, 0)): [2, 5, 7, 5, 1, 1, 2]
(0, (0, 1, 1), (1, 1)): [2, 2, 6, 4, 2, 0, 0, 0, 1]
(0, (1, 0, 0), (0, 0)): [76511, 27530, 16521, 8291, 3862, 1726, 763, 324, 124, 56, 35, 9, 6, 3, 2]
(0, (1, 0, 0), (0, 1)): [208, 45, 40, 17, 10, 4, 2, 1, 1, 1]
(0, (1, 0, 0), (0, 2)): [75, 14, 17, 2, 2, 2, 1, 1, 0, 1]
(0, (1, 0, 0), (1, 0)): [158, 66, 41, 16, 5, 3, 0, 0, 2]
(0, (1, 0, 0), (1, 1)): [135, 33, 29, 13, 7, 2]
(0, (1, 0, 0), (1, 2)): [74, 14, 23, 1, 4, 2]
(0, (1, 0, 0), (2, 0)): [54, 30, 13, 8, 3, 1, 0, 0, 2]
(0, (1, 0, 0), (2, 1)): [63, 24, 9, 10, 2, 0, 0, 0, 2]
(0, (1, 0, 0), (2, 2)): [63, 13, 12, 4, 1, 1, 0, 0, 1]
(0, (1, 0, 0), (3, 0)): [24, 13, 6, 5, 2, 1]
(0, (1, 0, 0), (3, 1)): [24, 12, 3, 6, 1, 1, 0, 0, 1]
(0, (1, 0, 0), (3, 2)): [24, 10, 4, 3, 0, 1, 0, 0, 1]
(0, (1, 0, 1), (0, 0)): [1823, 5307, 2476, 1610, 908, 411, 223, 85, 40, 19, 9, 5, 2, 0, 1]
(0, (1, 0, 1), (1, 0)): [9, 18, 6, 2, 4, 3]
(0, (1, 0, 1), (1, 1)): [5, 11, 2, 1, 2, 0, 1]
(0, (1, 1, 0), (0, 0)): [9911, 6654, 5525, 3672, 1972, 937, 413, 200, 68, 37, 26, 4, 2, 1]
(0, (1, 1, 0), (0, 1)): [36, 17, 13, 9, 2, 4]
(0, (1, 1, 0), (0, 2)): [12, 6, 6, 4, 1, 1]
(0, (1, 1, 0), (1, 0)): [22, 15, 10, 15, 4, 5, 3, 1, 1]
(0, (1, 1, 0), (1, 1)): [17, 15, 8, 8, 1, 5, 0, 0, 1]
(0, (1, 1, 0), (1, 2)): [14, 7, 5, 5, 0, 1]
(0, (1, 1, 0), (2, 0)): [11, 2, 7, 7, 3, 1, 2, 1]
(0, (1, 1, 0), (2, 1)): [9, 5, 3, 3, 4, 3, 1]
(0, (1, 1, 0), (3, 1)): [4, 2, 3, 3, 3, 2]
(0, (1, 1, 0), (3, 2)): [5, 2, 3, 2, 2, 1]
(0, (1, 1, 1), (0, 0)): [1073, 1872, 1616, 1371, 1088, 537, 251, 124, 55, 30, 14, 3, 1, 1, 1]
(0, (1, 1, 1), (1, 0)): [1, 3, 6, 4, 4, 2, 0, 0, 1]
(1, (0, 0, 0), (0, 0)): [267201, 28577, 11756, 4576, 1833, 763, 284, 113, 41, 14, 4, 2]
(1, (0, 0, 0), (0, 1)): [826, 93, 28, 9, 6]
(1, (0, 0, 0), (0, 2)): [343, 27, 12, 6, 2]
(1, (0, 0, 0), (1, 0)): [749, 82, 37, 9, 2, 3, 0, 1]
(1, (0, 0, 0), (1, 1)): [649, 70, 27, 8, 3, 1]
(1, (0, 0, 0), (1, 2)): [411, 43, 14, 9, 2, 1]
(1, (0, 0, 0), (2, 0)): [258, 34, 20, 3, 1, 1]
(1, (0, 0, 0), (2, 1)): [326, 39, 24, 4, 2]
(1, (0, 0, 0), (2, 2)): [329, 31, 17, 7, 2, 1]
(1, (0, 0, 0), (3, 0)): [109, 10, 6, 1, 1, 1]
(1, (0, 0, 0), (3, 1)): [140, 24, 13, 1, 1]
(1, (0, 0, 0), (3, 2)): [184, 23, 19, 4, 0, 1]
(1, (0, 0, 1), (0, 0)): [9618, 15013, 2946, 1196, 530, 201, 81, 43, 14, 3, 4, 2, 1]
(1, (0, 0, 1), (0, 1)): [22, 40, 4, 1, 1]
(1, (0, 0, 1), (0, 2)): [9, 20]
(1, (0, 0, 1), (1, 2)): [11, 18, 3, 1]
(1, (0, 1, 0), (0, 0)): [41100, 20377, 6830, 2769, 1109, 474, 182, 66, 19, 9, 2, 3, 2]
(1, (0, 1, 0), (0, 1)): [125, 46, 10, 5, 1, 1, 1]
(1, (0, 1, 0), (1, 0)): [133, 62, 19, 11, 8, 2]
(1, (0, 1, 0), (1, 1)): [111, 40, 8, 8, 4, 1]
(1, (0, 1, 0), (1, 2)): [76, 23, 7, 1, 1]
(1, (0, 1, 0), (2, 0)): [56, 20, 10, 5, 4, 1]
(1, (0, 1, 0), (2, 1)): [49, 24, 4, 8, 2, 2]
(1, (0, 1, 1), (0, 0)): [6951, 5984, 6307, 2406, 1031, 427, 169, 59, 26, 11, 6, 3, 0, 1]
(1, (0, 1, 1), (0, 1)): [27, 7, 18, 3, 1, 0, 0, 1]
(1, (0, 1, 1), (0, 2)): [18, 2, 6, 1]
(1, (0, 1, 1), (1, 0)): [26, 7, 13, 7, 5, 1, 1]
(1, (0, 1, 1), (1, 1)): [14, 3, 14, 4, 1, 0, 1]
(1, (0, 1, 1), (2, 0)): [15, 7, 4, 3, 3, 1]
(1, (0, 1, 1), (2, 1)): [9, 4, 9, 3]
(1, (0, 1, 1), (2, 2)): [12, 1, 6, 3]
(1, (0, 1, 1), (3, 0)): [11, 5, 1, 1, 3, 1]
(1, (0, 1, 1), (3, 2)): [6, 1, 6]
(1, (1, 0, 0), (0, 0)): [109781, 21172, 12285, 5343, 2128, 904, 316, 126, 53, 23, 7, 6, 1, 2]
(1, (1, 0, 0), (0, 1)): [327, 43, 33, 14, 5, 3, 1]
(1, (1, 0, 0), (0, 2)): [134, 22, 14, 4]
(1, (1, 0, 0), (1, 0)): [301, 56, 56, 23, 4, 3, 0, 1]
(1, (1, 0, 0), (1, 1)): [245, 35, 27, 14, 3, 3, 0, 1]
(1, (1, 0, 0), (1, 2)): [164, 21, 16, 6, 2]
(1, (1, 0, 0), (2, 0)): [101, 21, 28, 11, 3, 1]
(1, (1, 0, 0), (2, 1)): [115, 19, 22, 9, 1, 3, 0, 1]
(1, (1, 0, 0), (2, 2)): [109, 18, 17, 6, 2, 1]
(1, (1, 0, 0), (3, 0)): [37, 13, 10, 7, 3]
(1, (1, 0, 0), (3, 1)): [43, 9, 10, 7, 0, 1, 0, 1]
(1, (1, 0, 0), (3, 2)): [57, 10, 11, 8, 0, 1]
(1, (1, 0, 1), (0, 0)): [8767, 11115, 3992, 2419, 1037, 437, 157, 66, 21, 16, 6, 2]
(1, (1, 0, 1), (0, 1)): [24, 18, 9, 6, 3, 1, 1, 1]
(1, (1, 0, 1), (0, 2)): [20, 4, 5, 4, 1, 1, 0, 1]
(1, (1, 0, 1), (1, 0)): [17, 30, 3, 9, 2, 3]
(1, (1, 0, 1), (1, 1)): [7, 19, 3, 7, 1, 0, 1]
(1, (1, 0, 1), (1, 2)): [11, 7, 5, 7, 1, 0, 0, 1]
(1, (1, 0, 1), (2, 2)): [1, 7, 2, 3, 0, 1]
(1, (1, 1, 0), (0, 0)): [27649, 8831, 6379, 4224, 1811, 791, 285, 113, 45, 19, 5, 3, 0, 3]
(1, (1, 1, 0), (0, 1)): [76, 22, 12, 15, 5, 2]
(1, (1, 1, 0), (0, 2)): [28, 12, 3, 6, 2]
(1, (1, 1, 0), (1, 0)): [65, 16, 20, 21, 7, 1]
(1, (1, 1, 0), (1, 1)): [69, 12, 8, 13, 2]
(1, (1, 1, 0), (1, 2)): [41, 6, 4, 7, 2]
(1, (1, 1, 0), (2, 0)): [18, 5, 9, 7, 6]
(1, (1, 1, 0), (2, 1)): [27, 12, 5, 8, 2]
(1, (1, 1, 0), (3, 0)): [8, 2, 6, 3, 4]
(1, (1, 1, 0), (3, 1)): [7, 7, 5, 2, 1]
(1, (1, 1, 0), (3, 2)): [13, 7, 2, 4, 3]
(1, (1, 1, 1), (0, 0)): [5340, 4403, 2859, 2161, 1442, 647, 257, 110, 33, 13, 4, 1, 0, 1]
(1, (1, 1, 1), (0, 1)): [17, 14, 9, 6, 0, 1]
(1, (1, 1, 1), (0, 2)): [10, 6, 4, 2, 0, 1]
(1, (1, 1, 1), (1, 0)): [14, 11, 16, 7, 10, 3, 1, 1]
(1, (1, 1, 1), (1, 1)): [13, 10, 6, 7, 3, 1]
(1, (1, 1, 1), (2, 0)): [2, 5, 10, 3, 5, 2, 1, 1]
(1, (1, 1, 1), (2, 1)): [5, 5, 7, 3, 3, 1, 1]
(1, (1, 1, 1), (2, 2)): [4, 4, 4, 1, 1, 2, 1]
(1, (1, 1, 1), (3, 2)): [4, 2, 1, 4, 2, 3]
(2, (0, 0, 0), (0, 0)): [230055, 9632, 3148, 992, 344, 122, 48, 17, 2, 1, 1]
(2, (0, 0, 0), (0, 1)): [738, 37, 7, 2]
(2, (0, 0, 0), (0, 2)): [276, 10, 3, 1]
(2, (0, 0, 0), (1, 0)): [777, 52, 18, 6, 2]
(2, (0, 0, 0), (1, 1)): [656, 34, 12, 2]
(2, (0, 0, 0), (1, 2)): [378, 11, 9, 1]
(2, (0, 0, 0), (2, 0)): [304, 18, 7, 4, 1]
(2, (0, 0, 0), (2, 1)): [409, 22, 5, 3]
(2, (0, 0, 0), (2, 2)): [339, 13, 9, 4]
(2, (0, 0, 0), (3, 0)): [115, 9, 6, 2, 1]
(2, (0, 0, 0), (3, 1)): [187, 12, 3]
(2, (0, 0, 0), (3, 2)): [245, 15, 8, 2]
(2, (0, 0, 1), (0, 0)): [28772, 9960, 1728, 543, 187, 70, 23, 8]
(2, (0, 0, 1), (0, 1)): [67, 24, 5]
(2, (0, 0, 1), (0, 2)): [33, 10, 3]
(2, (0, 0, 1), (1, 1)): [46, 15, 2]
(2, (0, 0, 1), (1, 2)): [37, 13, 2]
(2, (0, 0, 1), (2, 1)): [29, 9, 2]
(2, (0, 0, 1), (2, 2)): [29, 9, 3]
(2, (0, 0, 1), (3, 1)): [19, 3, 1]
(2, (0, 1, 0), (0, 0)): [67054, 15708, 3749, 1225, 387, 138, 52, 14, 2, 1]
(2, (0, 1, 0), (0, 1)): [166, 33, 5, 1, 4]
(2, (0, 1, 0), (1, 0)): [217, 38, 15, 2, 1, 1]
(2, (0, 1, 0), (1, 1)): [159, 33, 5, 0, 2]
(2, (0, 1, 0), (1, 2)): [95, 16, 2, 0, 4]
(2, (0, 1, 0), (2, 0)): [100, 19, 11, 2, 1, 1]
(2, (0, 1, 0), (2, 1)): [103, 16, 5, 0, 0, 1]
(2, (0, 1, 0), (2, 2)): [95, 12, 3, 0, 3]
(2, (0, 1, 0), (3, 0)): [56, 12, 7, 1, 1]
(2, (0, 1, 0), (3, 1)): [54, 11, 2, 0, 1, 1]
(2, (0, 1, 0), (3, 2)): [70, 11, 4, 0, 1, 1]
(2, (0, 1, 1), (0, 0)): [17192, 1577, 4163, 1084, 375, 129, 41, 9, 8, 1, 1]
(2, (0, 1, 1), (0, 1)): [47, 5, 11, 2, 1]
(2, (0, 1, 1), (0, 2)): [21, 0, 3, 2, 1]
(2, (0, 1, 1), (1, 0)): [60, 3, 19, 6, 2, 1]
(2, (0, 1, 1), (1, 1)): [39, 4, 13, 2]
(2, (0, 1, 1), (1, 2)): [25, 1, 6, 2, 1]
(2, (0, 1, 1), (2, 0)): [32, 2, 9, 4, 1, 1]
(2, (0, 1, 1), (3, 0)): [27, 0, 7, 3, 1, 1]
(2, (1, 0, 0), (0, 0)): [134565, 10589, 5447, 1799, 579, 189, 80, 24, 6, 1, 1]
(2, (1, 0, 0), (0, 1)): [345, 10, 12, 4, 1, 1]
(2, (1, 0, 0), (0, 2)): [115, 4, 3, 0, 0, 1]
(2, (1, 0, 0), (1, 0)): [359, 17, 18, 6, 1, 1]
(2, (1, 0, 0), (1, 1)): [278, 8, 12, 5, 1]
(2, (1, 0, 0), (1, 2)): [150, 5, 6, 3]
(2, (1, 0, 0), (2, 0)): [130, 9, 5, 4]
(2, (1, 0, 0), (2, 1)): [129, 5, 5, 0, 1]
(2, (1, 0, 0), (2, 2)): [112, 7, 8, 1]
(2, (1, 0, 0), (3, 0)): [48, 5, 1, 4]
(2, (1, 0, 0), (3, 1)): [56, 2, 2, 1]
(2, (1, 0, 0), (3, 2)): [56, 4, 2, 1]
(2, (1, 0, 1), (0, 0)): [22904, 6365, 2792, 1315, 428, 155, 47, 20, 6, 0, 0, 1]
(2, (1, 0, 1), (0, 1)): [49, 12, 5, 6, 1, 1]
(2, (1, 0, 1), (1, 0)): [52, 7, 7, 8, 0, 1]
(2, (1, 0, 1), (1, 1)): [27, 6, 2, 2, 1]
(2, (1, 0, 1), (2, 1)): [12, 2, 2, 3, 1]
(2, (1, 0, 1), (2, 2)): [13, 2, 2, 2]
(2, (1, 1, 0), (0, 0)): [43831, 6767, 3783, 2215, 684, 244, 71, 17, 9, 5, 2, 0, 0, 1]
(2, (1, 1, 0), (0, 1)): [132, 15, 7, 5, 2]
(2, (1, 1, 0), (0, 2)): [59, 6, 2, 1]
(2, (1, 1, 0), (1, 0)): [113, 11, 11, 11, 2, 2, 0, 1]
(2, (1, 1, 0), (1, 1)): [78, 10, 5, 5, 1]
(2, (1, 1, 0), (1, 2)): [55, 7, 1, 2]
(2, (1, 1, 0), (2, 0)): [56, 5, 5, 5, 1, 1, 0, 1]
(2, (1, 1, 0), (2, 1)): [51, 5, 3, 2, 1]
(2, (1, 1, 0), (2, 2)): [43, 6, 2, 2, 1]
(2, (1, 1, 0), (3, 0)): [27, 2, 4, 2, 1, 1]
(2, (1, 1, 0), (3, 1)): [22, 1, 4, 3]
(2, (1, 1, 0), (3, 2)): [26, 1, 5, 2, 1]
(2, (1, 1, 1), (0, 0)): [13108, 2011, 2250, 1232, 791, 256, 90, 29, 15, 3, 2, 0, 0, 1]
(2, (1, 1, 1), (0, 1)): [46, 6, 10, 3, 2, 1]
(2, (1, 1, 1), (0, 2)): [28, 3, 1, 0, 0, 1]
(2, (1, 1, 1), (1, 0)): [37, 12, 5, 11, 0, 1]
(2, (1, 1, 1), (1, 1)): [22, 4, 8, 4]
(2, (1, 1, 1), (1, 2)): [17, 2, 3, 1, 0, 1]
(2, (1, 1, 1), (2, 1)): [14, 5, 6, 5]
(2, (1, 1, 1), (2, 2)): [15, 3, 4, 3]
(2, (1, 1, 1), (3, 1)): [9, 4, 1, 3]
(2, (1, 1, 1), (3, 2)): [11, 4, 2, 5]
