(0, (0, 0, 0)): [17257, 3019, 1237, 549, 225, 72, 46, 11, 9, 2, 1]
(0, (0, 0, 1)): [90, 253, 68, 30, 11, 3, 2, 2, 1]
(0, (0, 1, 0)): [537, 476, 148, 66, 35, 11, 5, 3, 2, 1]
(0, (0, 1, 1)): [36, 80, 95, 41, 15, 8, 4, 4]
(0, (1, 0, 0)): [3841, 1341, 684, 353, 131, 46, 27, 6, 8, 0, 1]
(0, (1, 0, 1)): [83, 220, 100, 58, 26, 7, 5, 3, 2]
(0, (1, 1, 0)): [454, 298, 238, 165, 79, 28, 22, 4, 5, 0, 1]
(0, (1, 1, 1)): [53, 89, 65, 66, 38, 17, 12, 6, 3, 0, 1]
(1, (0, 0, 0)): [13616, 1199, 436, 144, 63, 21, 13, 4, 0, 1]
(1, (0, 0, 1)): [523, 684, 123, 44, 19, 4, 0, 1, 1]
(1, (0, 1, 0)): [2206, 996, 281, 119, 30, 13, 5, 1]
(1, (0, 1, 1)): [350, 247, 273, 90, 38, 11, 8, 0, 1]
(1, (1, 0, 0)): [5160, 917, 485, 177, 66, 22, 11, 4, 0, 1]
(1, (1, 0, 1)): [371, 465, 159, 83, 33, 16, 2, 2, 0, 1]
(1, (1, 1, 0)): [1247, 366, 279, 166, 68, 18, 11, 4, 1]
(1, (1, 1, 1)): [246, 173, 111, 84, 50, 22, 14, 4, 1]
(2, (0, 0, 0)): [11685, 372, 101, 29, 13, 3, 4, 1]
(2, (0, 0, 1)): [1422, 462, 71, 26, 6, 3, 1]
(2, (0, 1, 0)): [3469, 737, 146, 44, 15, 3, 2]
(2, (0, 1, 1)): [828, 72, 203, 56, 8, 5, 1, 1]
(2, (1, 0, 0)): [6171, 478, 180, 53, 18, 6, 5, 1]
(2, (1, 0, 1)): [901, 277, 133, 37, 12, 6, 2]
(2, (1, 1, 0)): [1968, 297, 153, 70, 18, 4, 2, 1]
(2, (1, 1, 1)): [603, 95, 94, 51, 20, 7, 2, 1]
