(0, (0, 0, 0)): [14002, 2367, 1063, 455, 167, 85, 25, 11, 4, 2, 1]
(0, (0, 0, 1)): [69, 194, 60, 25, 10, 4, 3]
(0, (0, 1, 0)): [421, 355, 129, 71, 18, 11, 3, 0, 0, 0, 1]
(0, (0, 1, 1)): [32, 60, 87, 27, 17, 4, 2, 1]
(0, (1, 0, 0)): [3106, 1039, 572, 271, 117, 52, 16, 7, 3, 2, 1]
(0, (1, 0, 1)): [73, 162, 79, 57, 13, 10, 3]
(0, (1, 1, 0)): [364, 231, 191, 130, 68, 28, 10, 2, 2, 2, 1]
(0, (1, 1, 1)): [49, 68, 69, 44, 39, 19, 9, 4, 4, 3, 1]
(1, (0, 0, 0)): [10984, 999, 394, 130, 44, 26, 4, 4, 1]
(1, (0, 0, 1)): [371, 571, 88, 42, 15, 7, 2, 1, 1]
(1, (0, 1, 0)): [1745, 798, 254, 72, 31, 8, 5, 2, 1]
(1, (0, 1, 1)): [270, 216, 204, 90, 28, 10, 4, 4]
(1, (1, 0, 0)): [4277, 785, 400, 163, 57, 28, 5, 6, 1]
(1, (1, 0, 1)): [337, 376, 127, 81, 30, 9, 2, 1, 1]
(1, (1, 1, 0)): [1063, 352, 235, 144, 48, 22, 4, 1, 1]
(1, (1, 1, 1)): [197, 193, 110, 90, 44, 23, 6, 4, 2]
(2, (0, 0, 0)): [9387, 301, 110, 24, 2, 6, 1]
(2, (0, 0, 1)): [1091, 368, 63, 15, 4, 1, 2]
(2, (0, 1, 0)): [2728, 606, 131, 39, 6, 1, 1, 1]
(2, (0, 1, 1)): [712, 69, 144, 48, 11, 8, 1]
(2, (1, 0, 0)): [5119, 378, 169, 40, 8, 7, 1]
(2, (1, 0, 1)): [781, 237, 102, 43, 11, 6, 1]
(2, (1, 1, 0)): [1618, 256, 137, 58, 10, 7, 2]
(2, (1, 1, 1)): [505, 85, 85, 37, 17, 8, 1]
