(0, (0, 0, 0), (0, 0)): [1295784, 257218, 118505, 53855, 23906, 10191, 4203, 1782, 705, 317, 140, 60, 28, 10, 3, 1, 0, 1]
(0, (0, 0, 0), (0, 1)): [23574, 4261, 2008, 882, 382, 161, 59, 36, 7, 5, 2, 0, 2, 1, 0, 1]
(0, (0, 0, 0), (0, 2)): [8683, 1375, 645, 278, 113, 43, 22, 13, 2, 1, 0, 0, 1]
(0, (0, 0, 0), (1, 0)): [22013, 4701, 2308, 1070, 526, 213, 97, 38, 14, 6, 3]
(0, (0, 0, 0), (1, 1)): [19974, 3804, 1860, 851, 397, 157, 55, 28, 7, 4, 4, 0, 1, 1, 0, 1]
(0, (0, 0, 0), (1, 2)): [13004, 2163, 991, 437, 215, 91, 27, 14, 5, 2, 0, 0, 2]
(0, (0, 0, 0), (2, 0)): [7360, 1763, 895, 456, 216, 98, 47, 18, 6, 2, 1]
(0, (0, 0, 0), (2, 1)): [10697, 2230, 1168, 544, 255, 103, 46, 23, 5, 1, 1, 0, 0, 1]
(0, (0, 0, 0), (2, 2)): [10289, 1862, 926, 424, 207, 89, 24, 12, 5, 3, 1, 0, 2]
(0, (0, 0, 0), (3, 0)): [2430, 640, 371, 215, 96, 52, 21, 8, 3, 0, 1]
(0, (0, 0, 0), (3, 1)): [4388, 1088, 634, 333, 136, 63, 29, 16, 4]
(0, (0, 0, 0), (3, 2)): [5938, 1245, 739, 348, 167, 68, 21, 12, 5, 2, 0, 0, 2]
(0, (0, 0, 1), (0, 0)): [5671, 16701, 4542, 2153, 1039, 436, 194, 95, 36, 20, 8, 1, 3, 2]
(0, (0, 0, 1), (0, 1)): [92, 243, 74, 26, 19, 7, 5, 2, 0, 1, 0, 0, 0, 1]
(0, (0, 0, 1), (0, 2)): [38, 96, 22, 7, 8, 1]
(0, (0, 0, 1), (1, 0)): [94, 233, 72, 44, 25, 11, 3, 2, 1]
(0, (0, 0, 1), (1, 1)): [84, 178, 60, 23, 20, 8, 6, 1, 0, 1, 0, 0, 0, 1]
(0, (0, 0, 1), (1, 2)): [55, 126, 37, 13, 11, 1, 3, 1, 0, 1]
(0, (0, 0, 1), (2, 0)): [36, 101, 31, 22, 8, 7, 1, 1, 1]
(0, (0, 0, 1), (2, 1)): [49, 106, 35, 20, 13, 5, 1]
(0, (0, 0, 1), (2, 2)): [55, 95, 29, 9, 12, 1, 2]
(0, (0, 0, 1), (3, 0)): [9, 45, 12, 8, 4, 4, 1, 1, 1]
(0, (0, 0, 1), (3, 2)): [32, 55, 17, 10, 10, 4, 1, 1]
(0, (0, 1, 0), (0, 0)): [44990, 41558, 16126, 7728, 3710, 1588, 674, 288, 115, 67, 24, 6, 3, 2, 1]
(0, (0, 1, 0), (0, 1)): [774, 622, 232, 106, 46, 23, 14, 7, 3]
(0, (0, 1, 0), (0, 2)): [306, 188, 85, 30, 14, 10, 4, 2, 1]
(0, (0, 1, 0), (1, 0)): [746, 647, 263, 139, 70, 29, 13, 4, 1]
(0, (0, 1, 0), (1, 1)): [643, 531, 209, 103, 40, 15, 12, 6]
(0, (0, 1, 0), (1, 2)): [428, 318, 122, 60, 24, 11, 6, 4, 1]
(0, (0, 1, 0), (2, 0)): [258, 239, 90, 54, 30, 18, 6, 0, 1]
(0, (0, 1, 0), (2, 1)): [327, 282, 113, 60, 23, 17, 8, 4]
(0, (0, 1, 0), (2, 2)): [336, 246, 107, 51, 19, 8, 7, 1, 1]
(0, (0, 1, 0), (3, 0)): [94, 84, 39, 29, 21, 6, 3, 0, 1]
(0, (0, 1, 0), (3, 1)): [132, 119, 57, 36, 21, 9, 4, 1]
(0, (0, 1, 0), (3, 2)): [205, 147, 72, 38, 21, 6, 7]
(0, (0, 1, 1), (0, 0)): [3877, 6452, 7823, 3620, 1907, 882, 379, 180, 88, 38, 10, 6, 1, 2, 1, 0, 0, 1]
(0, (0, 1, 1), (0, 1)): [61, 79, 117, 52, 28, 11, 8, 3, 2]
(0, (0, 1, 1), (0, 2)): [33, 29, 40, 18, 14, 6, 3, 2]
(0, (0, 1, 1), (1, 0)): [79, 137, 157, 84, 46, 20, 8, 7, 4, 0, 0, 1]
(0, (0, 1, 1), (1, 1)): [49, 79, 104, 56, 27, 8, 5, 3, 2]
(0, (0, 1, 1), (2, 0)): [45, 75, 75, 41, 25, 14, 4, 5, 3, 0, 0, 1]
(0, (0, 1, 1), (2, 1)): [35, 55, 68, 34, 15, 6, 2, 5, 3]
(0, (0, 1, 1), (2, 2)): [39, 42, 52, 21, 13, 6, 2, 2, 2]
(0, (0, 1, 1), (3, 0)): [28, 47, 40, 28, 19, 12, 2, 1, 0, 0, 0, 1]
(0, (0, 1, 1), (3, 1)): [15, 30, 31, 19, 11, 1, 0, 2, 2]
(0, (0, 1, 1), (3, 2)): [20, 26, 41, 17, 11, 4, 2, 4, 3]
(0, (1, 0, 0), (0, 0)): [280043, 93557, 58646, 28968, 13691, 6125, 2557, 1118, 461, 208, 94, 38, 19, 4, 2, 1, 0, 1]
(0, (1, 0, 0), (0, 1)): [4963, 1343, 938, 470, 230, 100, 38, 17, 8, 1]
(0, (1, 0, 0), (0, 2)): [1895, 407, 305, 137, 67, 25, 15, 2, 5, 1]
(0, (1, 0, 0), (1, 0)): [4320, 1439, 1020, 499, 245, 99, 49, 20, 10, 6, 2, 1]
(0, (1, 0, 0), (1, 1)): [3655, 1080, 795, 380, 183, 72, 29, 17, 7, 4, 0, 1]
(0, (1, 0, 0), (1, 2)): [2345, 590, 450, 198, 96, 33, 19, 9, 4, 2]
(0, (1, 0, 0), (2, 0)): [1358, 470, 333, 193, 101, 45, 16, 10, 5, 2, 2]
(0, (1, 0, 0), (2, 1)): [1773, 553, 411, 215, 104, 48, 16, 7, 6, 3, 0, 1]
(0, (1, 0, 0), (2, 2)): [1644, 457, 338, 159, 85, 29, 16, 8, 5, 3]
(0, (1, 0, 0), (3, 0)): [394, 164, 123, 88, 51, 18, 5, 5, 0, 1, 1]
(0, (1, 0, 0), (3, 1)): [666, 235, 179, 119, 69, 24, 6, 3, 4, 1, 1, 1]
(0, (1, 0, 0), (3, 2)): [821, 276, 201, 110, 75, 23, 8, 6, 3, 3]
(0, (1, 0, 1), (0, 0)): [6685, 19892, 8210, 5574, 2949, 1340, 653, 274, 127, 50, 26, 13, 5, 1, 1, 0, 0, 1]
(0, (1, 0, 1), (0, 1)): [108, 305, 122, 84, 40, 20, 13, 4, 1, 0, 0, 0, 1]
(0, (1, 0, 1), (0, 2)): [41, 116, 30, 28, 15, 9, 5, 2, 1]
(0, (1, 0, 1), (1, 0)): [104, 327, 125, 95, 48, 26, 4, 4, 4, 1, 1]
(0, (1, 0, 1), (1, 1)): [93, 237, 91, 62, 33, 15, 8, 1, 2, 0, 1]
(0, (1, 0, 1), (1, 2)): [73, 140, 43, 32, 16, 11, 3, 2, 2]
(0, (1, 0, 1), (2, 0)): [36, 114, 51, 36, 18, 13, 0, 3, 1, 1]
(0, (1, 0, 1), (2, 1)): [30, 140, 58, 40, 21, 9, 2, 0, 2, 0, 1]
(0, (1, 0, 1), (2, 2)): [53, 115, 43, 26, 17, 7, 2, 2, 1, 0, 1]
(0, (1, 0, 1), (3, 0)): [19, 41, 20, 16, 8, 8, 0, 3]
(0, (1, 0, 1), (3, 1)): [14, 51, 23, 19, 11, 6, 1]
(0, (1, 1, 0), (0, 0)): [38053, 24378, 18581, 13075, 6916, 3262, 1392, 671, 264, 127, 59, 24, 9, 1]
(0, (1, 1, 0), (0, 1)): [699, 383, 266, 210, 113, 45, 21, 12, 3, 0, 1, 1]
(0, (1, 1, 0), (0, 2)): [273, 134, 87, 65, 39, 14, 10, 6, 1]
(0, (1, 1, 0), (1, 0)): [568, 350, 277, 208, 104, 64, 26, 15, 3, 3]
(0, (1, 1, 0), (1, 1)): [481, 261, 213, 162, 72, 43, 16, 10, 3, 1, 1]
(0, (1, 1, 0), (1, 2)): [335, 150, 113, 87, 47, 20, 6, 10, 1, 1]
(0, (1, 1, 0), (2, 0)): [162, 113, 89, 72, 39, 24, 10, 7, 2, 1]
(0, (1, 1, 0), (2, 1)): [224, 136, 95, 89, 45, 25, 11, 5, 2, 1]
(0, (1, 1, 0), (2, 2)): [229, 119, 86, 69, 36, 19, 3, 7, 2, 2]
(0, (1, 1, 0), (3, 0)): [37, 39, 32, 26, 15, 8, 5, 4, 1]
(0, (1, 1, 0), (3, 1)): [78, 60, 42, 45, 18, 14, 11, 3, 2]
(0, (1, 1, 0), (3, 2)): [123, 72, 50, 47, 21, 13, 3, 5, 2]
(0, (1, 1, 1), (0, 0)): [3811, 7063, 5825, 4459, 3485, 1746, 809, 408, 175, 79, 40, 14, 4, 1, 1]
(0, (1, 1, 1), (0, 1)): [86, 114, 100, 62, 49, 30, 10, 5, 6, 2, 1, 1]
(0, (1, 1, 1), (1, 0)): [57, 128, 120, 88, 71, 38, 11, 12, 3, 0, 1, 1]
(0, (1, 1, 1), (1, 1)): [59, 95, 99, 65, 39, 28, 11, 7, 2, 1, 1]
(0, (1, 1, 1), (1, 2)): [48, 68, 52, 29, 20, 14, 3, 2, 4, 0, 0, 1]
(0, (1, 1, 1), (2, 0)): [16, 50, 30, 37, 34, 11, 3, 6, 1, 0, 1]
(0, (1, 1, 1), (2, 1)): [29, 47, 41, 38, 29, 15, 4, 5, 2]
(0, (1, 1, 1), (2, 2)): [30, 46, 38, 34, 16, 13, 3, 4, 1, 0, 0, 1]
(0, (1, 1, 1), (3, 0)): [3, 16, 13, 18, 12, 2, 2, 3, 0, 0, 1]
(0, (1, 1, 1), (3, 1)): [6, 23, 14, 24, 11, 4, 1, 2, 1, 0, 1]
(0, (1, 1, 1), (3, 2)): [11, 17, 21, 26, 12, 9, 3, 2, 2, 0, 0, 1]
(1, (0, 0, 0), (0, 0)): [1045359, 112511, 46121, 18164, 7064, 2706, 1038, 401, 149, 59, 26, 14, 6, 3, 0, 1]
(1, (0, 0, 0), (0, 1)): [19140, 1910, 813, 296, 124, 35, 13, 9, 1, 0, 0, 0, 0, 1]
(1, (0, 0, 0), (0, 2)): [7047, 569, 234, 84, 35, 12, 1, 2]
(1, (0, 0, 0), (1, 0)): [18451, 2285, 976, 373, 156, 56, 25, 10, 0, 1, 0, 0, 0, 0, 0, 1]
(1, (0, 0, 0), (1, 1)): [16455, 1794, 731, 276, 121, 45, 20, 7, 1, 1, 0, 0, 0, 1]
(1, (0, 0, 0), (1, 2)): [10445, 921, 357, 150, 68, 32, 10, 2]
(1, (0, 0, 0), (2, 0)): [6421, 905, 436, 155, 61, 23, 10, 5, 0, 0, 0, 0, 0, 0, 0, 1]
(1, (0, 0, 0), (2, 1)): [9076, 1103, 480, 180, 82, 24, 11, 6, 0, 1]
(1, (0, 0, 0), (2, 2)): [8634, 848, 366, 143, 71, 33, 12, 4]
(1, (0, 0, 0), (3, 0)): [2070, 329, 209, 70, 29, 9, 6, 1, 0, 0, 0, 0, 0, 0, 0, 1]
(1, (0, 0, 0), (3, 1)): [3846, 597, 301, 111, 52, 10, 5, 3]
(1, (0, 0, 0), (3, 2)): [4960, 622, 305, 106, 57, 20, 12, 3]
(1, (0, 0, 1), (0, 0)): [29624, 42375, 8266, 3507, 1479, 589, 234, 99, 42, 15, 8, 4, 4, 1]
(1, (0, 0, 1), (0, 1)): [477, 521, 115, 37, 19, 7, 6, 1]
(1, (0, 0, 1), (0, 2)): [200, 179, 37, 8, 3, 1, 4]
(1, (0, 0, 1), (1, 0)): [507, 698, 142, 74, 30, 12, 6, 3, 1]
(1, (0, 0, 1), (1, 1)): [432, 484, 99, 43, 23, 6, 2, 3]
(1, (0, 0, 1), (1, 2)): [314, 267, 41, 16, 13, 2, 3]
(1, (0, 0, 1), (2, 0)): [217, 289, 61, 36, 15, 7, 5, 1, 1]
(1, (0, 0, 1), (2, 1)): [207, 297, 57, 27, 13, 7, 5, 3]
(1, (0, 0, 1), (2, 2)): [227, 230, 45, 18, 7, 2, 2, 1]
(1, (0, 0, 1), (3, 0)): [99, 120, 37, 25, 8, 3, 2, 1, 1]
(1, (0, 0, 1), (3, 1)): [112, 146, 26, 17, 7, 3, 3, 2]
(1, (0, 0, 1), (3, 2)): [142, 144, 34, 14, 6, 2, 3, 1]
(1, (0, 1, 0), (0, 0)): [143011, 64267, 22852, 9680, 3910, 1548, 531, 246, 68, 34, 20, 7, 8, 2, 1]
(1, (0, 1, 0), (0, 1)): [2258, 874, 316, 124, 41, 17, 7, 3, 1]
(1, (0, 1, 0), (0, 2)): [883, 312, 95, 27, 11, 6, 3]
(1, (0, 1, 0), (1, 0)): [2666, 1175, 417, 232, 109, 32, 12, 4, 0, 0, 1, 0, 0, 1]
(1, (0, 1, 0), (1, 1)): [1973, 746, 292, 131, 51, 21, 7, 4, 1, 0, 0, 0, 0, 1]
(1, (0, 1, 0), (1, 2)): [1306, 456, 170, 50, 17, 9, 5, 2]
(1, (0, 1, 0), (2, 0)): [1175, 517, 188, 122, 57, 16, 8, 3, 0, 0, 1]
(1, (0, 1, 0), (2, 1)): [1057, 439, 153, 93, 43, 14, 6, 3, 0, 0, 1, 0, 0, 1]
(1, (0, 1, 0), (2, 2)): [1026, 394, 147, 47, 29, 7, 3, 1]
(1, (0, 1, 0), (3, 0)): [634, 239, 82, 80, 41, 9, 5, 2]
(1, (0, 1, 0), (3, 1)): [556, 202, 74, 61, 29, 8, 3, 1, 0, 0, 0, 0, 0, 1]
(1, (0, 1, 0), (3, 2)): [613, 219, 96, 51, 27, 2, 4, 1, 0, 0, 0, 0, 0, 1]
(1, (0, 1, 1), (0, 0)): [23424, 18868, 17441, 6898, 3474, 1371, 541, 216, 104, 33, 10, 7, 1, 2, 0, 1]
(1, (0, 1, 1), (0, 1)): [322, 207, 177, 75, 34, 17, 7, 3]
(1, (0, 1, 1), (0, 2)): [163, 70, 58, 25, 9, 5, 3]
(1, (0, 1, 1), (1, 0)): [541, 413, 319, 156, 103, 38, 16, 10, 3, 1]
(1, (0, 1, 1), (1, 1)): [263, 181, 169, 66, 34, 10, 6, 4]
(1, (0, 1, 1), (1, 2)): [213, 101, 94, 46, 16, 6, 4]
(1, (0, 1, 1), (2, 0)): [351, 272, 182, 105, 81, 32, 13, 8, 3, 1]
(1, (0, 1, 1), (2, 1)): [146, 120, 97, 40, 19, 9, 7, 2]
(1, (0, 1, 1), (2, 2)): [150, 95, 87, 40, 20, 3, 2, 2]
(1, (0, 1, 1), (3, 0)): [287, 215, 134, 79, 71, 28, 9, 8, 3, 1]
(1, (0, 1, 1), (3, 1)): [71, 51, 40, 20, 7, 9, 5]
(1, (0, 1, 1), (3, 2)): [90, 62, 47, 21, 12, 3, 1, 1]
(1, (1, 0, 0), (0, 0)): [402972, 71827, 45260, 19242, 7768, 3072, 1207, 441, 194, 77, 30, 20, 4, 3, 0, 2]
(1, (1, 0, 0), (0, 1)): [7091, 996, 739, 310, 118, 46, 19, 4, 1, 2]
(1, (1, 0, 0), (0, 2)): [2575, 308, 269, 87, 33, 13, 6, 1, 0, 2]
(1, (1, 0, 0), (1, 0)): [6796, 1235, 871, 394, 166, 57, 26, 10, 1, 2, 0, 0, 1, 0, 0, 1]
(1, (1, 0, 0), (1, 1)): [5634, 849, 625, 267, 105, 40, 16, 8, 1, 0, 0, 0, 0, 0, 0, 1]
(1, (1, 0, 0), (1, 2)): [3527, 452, 364, 130, 53, 18, 5, 6, 0, 1]
(1, (1, 0, 0), (2, 0)): [2215, 454, 333, 173, 66, 27, 10, 0, 1, 2, 0, 0, 1]
(1, (1, 0, 0), (2, 1)): [2859, 497, 385, 171, 69, 23, 12, 2, 2, 0, 0, 0, 0, 0, 0, 1]
(1, (1, 0, 0), (2, 2)): [2642, 379, 328, 121, 48, 14, 6, 3, 1, 1]
(1, (1, 0, 0), (3, 0)): [680, 163, 110, 77, 30, 12, 4, 0, 0, 2, 0, 0, 1]
(1, (1, 0, 0), (3, 1)): [1101, 270, 176, 101, 38, 14, 6, 1, 0, 1, 0, 0, 0, 0, 0, 1]
(1, (1, 0, 0), (3, 2)): [1342, 265, 194, 96, 32, 15, 5, 1, 1, 1, 0, 0, 0, 0, 0, 1]
(1, (1, 0, 1), (0, 0)): [32149, 37949, 12379, 8060, 3428, 1398, 550, 222, 78, 49, 13, 5, 0, 1]
(1, (1, 0, 1), (0, 1)): [587, 519, 146, 125, 57, 19, 10, 5, 3, 2]
(1, (1, 0, 1), (0, 2)): [260, 160, 54, 47, 8, 7, 4, 3, 0, 1]
(1, (1, 0, 1), (1, 0)): [572, 629, 196, 146, 77, 26, 10, 4, 0, 2]
(1, (1, 0, 1), (1, 1)): [450, 428, 120, 105, 56, 8, 9, 3, 2]
(1, (1, 0, 1), (1, 2)): [327, 231, 70, 63, 22, 8, 6, 3, 0, 1]
(1, (1, 0, 1), (2, 0)): [222, 216, 68, 46, 33, 15, 2, 1, 0, 1]
(1, (1, 0, 1), (2, 1)): [218, 222, 66, 54, 33, 8, 6, 1, 2]
(1, (1, 0, 1), (2, 2)): [219, 172, 57, 36, 23, 7, 6, 1, 1]
(1, (1, 0, 1), (3, 0)): [86, 86, 24, 21, 15, 7, 1, 0, 0, 1]
(1, (1, 0, 1), (3, 1)): [94, 103, 25, 27, 21, 7, 0, 1]
(1, (1, 0, 1), (3, 2)): [109, 98, 34, 27, 21, 10, 4, 2, 1]
(1, (1, 1, 0), (0, 0)): [109662, 33969, 22939, 16026, 6784, 2798, 1105, 443, 181, 68, 25, 13, 8, 5, 1]
(1, (1, 1, 0), (0, 1)): [1991, 537, 323, 254, 100, 36, 20, 5, 3]
(1, (1, 1, 0), (0, 2)): [803, 201, 106, 91, 30, 8, 4, 0, 1]
(1, (1, 1, 0), (1, 0)): [1788, 605, 425, 321, 142, 49, 25, 11, 1, 3, 0, 0, 2, 1]
(1, (1, 1, 0), (1, 1)): [1487, 433, 295, 215, 95, 34, 19, 8, 0, 2]
(1, (1, 1, 0), (1, 2)): [1072, 256, 163, 130, 49, 16, 8, 2]
(1, (1, 1, 0), (2, 0)): [604, 211, 140, 124, 55, 19, 8, 2, 1, 1, 0, 0, 2, 1]
(1, (1, 1, 0), (2, 1)): [745, 265, 176, 124, 52, 20, 12, 3, 0, 1, 0, 0, 1]
(1, (1, 1, 0), (2, 2)): [773, 211, 124, 94, 44, 14, 6, 1]
(1, (1, 1, 0), (3, 0)): [165, 81, 42, 43, 27, 11, 4, 2, 1, 1, 0, 0, 1]
(1, (1, 1, 0), (3, 1)): [309, 125, 81, 66, 34, 12, 10, 3, 0, 2, 0, 0, 1]
(1, (1, 1, 0), (3, 2)): [402, 128, 84, 58, 35, 15, 9, 4, 0, 2, 0, 0, 1]
(1, (1, 1, 1), (0, 0)): [22514, 17806, 11502, 7612, 5449, 2319, 945, 361, 148, 55, 20, 15, 6, 3, 1, 1]
(1, (1, 1, 1), (0, 1)): [466, 294, 182, 119, 101, 37, 18, 7, 3]
(1, (1, 1, 1), (0, 2)): [232, 105, 67, 37, 38, 12, 10, 1]
(1, (1, 1, 1), (1, 0)): [409, 307, 205, 133, 111, 46, 20, 6, 2, 2, 0, 1, 1]
(1, (1, 1, 1), (1, 1)): [339, 221, 149, 108, 89, 36, 8, 6, 1]
(1, (1, 1, 1), (1, 2)): [261, 119, 93, 64, 45, 27, 8, 3]
(1, (1, 1, 1), (2, 0)): [127, 114, 84, 51, 38, 19, 12, 3, 1, 1, 0, 1, 1]
(1, (1, 1, 1), (2, 1)): [165, 140, 89, 63, 50, 15, 11, 4, 1, 1, 0, 1]
(1, (1, 1, 1), (2, 2)): [176, 99, 75, 67, 43, 18, 8, 2]
(1, (1, 1, 1), (3, 0)): [29, 42, 28, 22, 11, 11, 4, 0, 1, 0, 0, 0, 1]
(1, (1, 1, 1), (3, 1)): [50, 77, 34, 30, 22, 10, 5, 3, 0, 0, 0, 0, 1]
(1, (1, 1, 1), (3, 2)): [90, 66, 40, 41, 28, 14, 3, 2]
(2, (0, 0, 0), (0, 0)): [905021, 40198, 13450, 4287, 1424, 468, 164, 51, 10, 5, 5, 0, 1]
(2, (0, 0, 0), (0, 1)): [16558, 690, 234, 63, 31, 9, 6, 1]
(2, (0, 0, 0), (0, 2)): [5975, 182, 49, 18, 8, 2, 1, 1]
(2, (0, 0, 0), (1, 0)): [16797, 976, 318, 99, 41, 12, 3, 0, 0, 0, 0, 0, 1]
(2, (0, 0, 0), (1, 1)): [14680, 722, 243, 56, 33, 8, 6]
(2, (0, 0, 0), (1, 2)): [9206, 316, 105, 29, 15, 5, 3]
(2, (0, 0, 0), (2, 0)): [6209, 379, 151, 57, 20, 6, 1, 0, 0, 0, 0, 0, 1]
(2, (0, 0, 0), (2, 1)): [8502, 454, 158, 52, 12, 6, 3]
(2, (0, 0, 0), (2, 2)): [7766, 324, 116, 35, 14, 7, 1]
(2, (0, 0, 0), (3, 0)): [2154, 149, 88, 29, 15, 3, 1, 0, 0, 0, 0, 0, 1]
(2, (0, 0, 0), (3, 1)): [3931, 236, 113, 37, 15, 6, 2]
(2, (0, 0, 0), (3, 2)): [4896, 259, 112, 31, 12, 6]
(2, (0, 0, 1), (0, 0)): [85311, 26857, 5118, 1751, 631, 209, 63, 20, 3, 2, 0, 1]
(2, (0, 0, 1), (0, 1)): [1360, 376, 78, 22, 12, 3, 1]
(2, (0, 0, 1), (0, 2)): [527, 107, 26, 4, 2, 1]
(2, (0, 0, 1), (1, 0)): [1638, 467, 107, 45, 12, 6, 0, 2]
(2, (0, 0, 1), (1, 1)): [1290, 314, 71, 21, 10, 2, 1, 1]
(2, (0, 0, 1), (1, 2)): [848, 162, 36, 10, 2, 1, 1]
(2, (0, 0, 1), (2, 0)): [702, 200, 50, 29, 7, 5, 0, 1]
(2, (0, 0, 1), (2, 1)): [745, 175, 51, 18, 10, 2, 0, 2]
(2, (0, 0, 1), (2, 2)): [698, 133, 44, 7, 3, 2, 1]
(2, (0, 0, 1), (3, 0)): [368, 90, 26, 18, 3, 4]
(2, (0, 0, 1), (3, 1)): [396, 96, 21, 16, 7, 2, 0, 1]
(2, (0, 0, 1), (3, 2)): [450, 99, 31, 10, 3, 1]
(2, (0, 1, 0), (0, 0)): [226524, 48996, 12821, 4467, 1452, 497, 154, 44, 9, 7, 5, 0, 1]
(2, (0, 1, 0), (0, 1)): [3486, 644, 166, 58, 19, 1, 1]
(2, (0, 1, 0), (0, 2)): [1302, 187, 43, 11, 6]
(2, (0, 1, 0), (1, 0)): [4599, 802, 320, 132, 34, 18, 5, 1, 0, 0, 0, 0, 1]
(2, (0, 1, 0), (1, 1)): [3239, 562, 194, 63, 17, 5, 3, 1]
(2, (0, 1, 0), (1, 2)): [2042, 285, 70, 35, 6]
(2, (0, 1, 0), (2, 0)): [2163, 362, 160, 89, 26, 12, 3, 0, 0, 0, 0, 0, 1]
(2, (0, 1, 0), (2, 1)): [1947, 354, 125, 47, 14, 9, 3, 1, 0, 0, 0, 0, 1]
(2, (0, 1, 0), (2, 2)): [1791, 270, 71, 38, 8, 4, 0, 1]
(2, (0, 1, 0), (3, 0)): [1227, 172, 92, 60, 17, 5, 2]
(2, (0, 1, 0), (3, 1)): [961, 172, 86, 31, 15, 5, 3, 0, 0, 0, 0, 0, 1]
(2, (0, 1, 0), (3, 2)): [1178, 185, 76, 34, 10, 5, 1, 0, 0, 0, 0, 0, 1]
(2, (0, 1, 1), (0, 0)): [52388, 4582, 11644, 3117, 1211, 383, 135, 46, 17, 4, 3, 1, 0, 1]
(2, (0, 1, 1), (0, 1)): [746, 60, 127, 32, 8, 3, 1, 3]
(2, (0, 1, 1), (0, 2)): [324, 23, 42, 11, 5, 1, 1]
(2, (0, 1, 1), (1, 0)): [1061, 107, 216, 75, 37, 7, 4, 0, 0, 0, 1]
(2, (0, 1, 1), (1, 1)): [681, 55, 123, 36, 7, 3, 1, 2]
(2, (0, 1, 1), (1, 2)): [459, 29, 68, 17, 5, 1, 2, 1]
(2, (0, 1, 1), (2, 0)): [539, 63, 107, 43, 29, 6, 1, 0, 0, 0, 1]
(2, (0, 1, 1), (2, 1)): [379, 33, 85, 20, 8, 4]
(2, (0, 1, 1), (2, 2)): [390, 30, 69, 20, 4, 4, 1, 1]
(2, (0, 1, 1), (3, 0)): [380, 47, 66, 29, 25, 5, 1, 0, 0, 0, 1]
(2, (0, 1, 1), (3, 1)): [199, 17, 40, 13, 5, 1]
(2, (0, 1, 1), (3, 2)): [255, 23, 55, 16, 5, 4, 0, 1]
(2, (1, 0, 0), (0, 0)): [489266, 35538, 22364, 7126, 2263, 727, 289, 80, 18, 10, 6, 0, 1]
(2, (1, 0, 0), (0, 1)): [8133, 449, 356, 94, 37, 10, 6, 1]
(2, (1, 0, 0), (0, 2)): [2931, 128, 91, 16, 14, 2, 1]
(2, (1, 0, 0), (1, 0)): [8475, 677, 485, 193, 46, 15, 7, 2, 0, 0, 0, 0, 1]
(2, (1, 0, 0), (1, 1)): [6696, 412, 333, 112, 27, 4, 4, 1]
(2, (1, 0, 0), (1, 2)): [4135, 198, 140, 48, 15, 3]
(2, (1, 0, 0), (2, 0)): [2894, 280, 164, 90, 20, 7, 4, 0, 0, 0, 0, 0, 1]
(2, (1, 0, 0), (2, 1)): [3475, 234, 183, 72, 24, 6, 2, 1, 0, 0, 0, 0, 1]
(2, (1, 0, 0), (2, 2)): [3173, 184, 136, 44, 18, 5, 1, 1]
(2, (1, 0, 0), (3, 0)): [935, 131, 52, 51, 6, 3, 3]
(2, (1, 0, 0), (3, 1)): [1488, 162, 88, 54, 10, 4, 2, 0, 0, 0, 0, 0, 1]
(2, (1, 0, 0), (3, 2)): [1761, 159, 94, 46, 11, 8, 1, 1, 0, 0, 0, 0, 1]
(2, (1, 0, 1), (0, 0)): [82102, 20256, 8059, 4658, 1502, 504, 180, 58, 21, 7, 0, 2, 1]
(2, (1, 0, 1), (0, 1)): [1448, 293, 114, 81, 25, 5, 2, 2, 0, 0, 0, 1]
(2, (1, 0, 1), (0, 2)): [577, 88, 33, 18, 10, 0, 0, 1]
(2, (1, 0, 1), (1, 0)): [1350, 295, 144, 109, 38, 15, 5]
(2, (1, 0, 1), (1, 1)): [1086, 224, 88, 79, 19, 10, 5, 1, 0, 0, 0, 1]
(2, (1, 0, 1), (1, 2)): [751, 120, 43, 34, 11, 5, 1, 2, 0, 0, 0, 1]
(2, (1, 0, 1), (2, 0)): [507, 105, 69, 36, 15, 5, 2]
(2, (1, 0, 1), (2, 1)): [600, 127, 48, 41, 16, 5, 1]
(2, (1, 0, 1), (2, 2)): [524, 92, 35, 26, 10, 3, 1, 2, 0, 0, 0, 1]
(2, (1, 0, 1), (3, 0)): [182, 33, 32, 14, 8, 2, 2]
(2, (1, 0, 1), (3, 1)): [282, 55, 34, 21, 7, 2, 3]
(2, (1, 0, 1), (3, 2)): [309, 62, 36, 15, 8, 3, 2, 2]
(2, (1, 1, 0), (0, 0)): [188090, 28996, 14655, 9715, 3090, 1021, 333, 108, 40, 18, 7, 1, 2, 1]
(2, (1, 1, 0), (0, 1)): [3366, 458, 210, 151, 44, 7, 5, 3, 0, 0, 0, 0, 1]
(2, (1, 1, 0), (0, 2)): [1347, 142, 62, 36, 11, 1, 2, 1]
(2, (1, 1, 0), (1, 0)): [3261, 506, 273, 227, 72, 23, 8, 2, 1, 1]
(2, (1, 1, 0), (1, 1)): [2723, 371, 170, 145, 35, 9, 4, 2, 1, 1, 0, 0, 1]
(2, (1, 1, 0), (1, 2)): [1869, 211, 93, 59, 14, 4, 2, 2]
(2, (1, 1, 0), (2, 0)): [1150, 195, 122, 93, 40, 13, 3, 1]
(2, (1, 1, 0), (2, 1)): [1457, 188, 119, 96, 28, 11, 4, 1, 1, 1, 0, 0, 1]
(2, (1, 1, 0), (2, 2)): [1396, 170, 80, 79, 16, 4, 4, 2, 1]
(2, (1, 1, 0), (3, 0)): [413, 78, 53, 36, 16, 6, 1]
(2, (1, 1, 0), (3, 1)): [641, 99, 76, 52, 16, 9, 2, 1, 0, 0, 0, 0, 1]
(2, (1, 1, 0), (3, 2)): [780, 104, 69, 55, 18, 4, 3, 2, 1]
(2, (1, 1, 1), (0, 0)): [54585, 8003, 9196, 4606, 3248, 1029, 349, 121, 41, 9, 6, 0, 1, 1]
(2, (1, 1, 1), (0, 1)): [1141, 114, 163, 81, 57, 9, 6, 3, 1, 0, 0, 0, 1]
(2, (1, 1, 1), (0, 2)): [528, 32, 41, 26, 16, 2, 2, 1, 1]
(2, (1, 1, 1), (1, 0)): [882, 251, 167, 102, 62, 26, 8, 1, 2, 0, 1]
(2, (1, 1, 1), (1, 1)): [832, 124, 137, 71, 46, 7, 4, 0, 0, 0, 1, 0, 1]
(2, (1, 1, 1), (1, 2)): [632, 55, 60, 34, 18, 4, 3, 1, 0, 0, 1]
(2, (1, 1, 1), (2, 0)): [251, 169, 47, 46, 33, 16, 4, 1, 1]
(2, (1, 1, 1), (2, 1)): [366, 111, 81, 42, 38, 10, 4, 0, 0, 0, 0, 0, 1]
(2, (1, 1, 1), (2, 2)): [410, 70, 57, 40, 21, 5, 3, 0, 0, 0, 1]
(2, (1, 1, 1), (3, 0)): [52, 115, 17, 26, 12, 8, 1, 0, 1]
(2, (1, 1, 1), (3, 1)): [117, 114, 32, 28, 27, 8, 4]
(2, (1, 1, 1), (3, 2)): [195, 95, 39, 43, 23, 8, 5, 0, 0, 0, 1]
