(0, (0, 0, 0), (0, 0)): [14858, 3278, 1629, 739, 315, 144, 79, 28, 10, 4, 2, 1]
(0, (0, 0, 0), (0, 1)): [19, 5, 6, 1, 1]
(0, (0, 0, 0), (0, 2)): [9, 0, 2]
(0, (0, 0, 0), (1, 0)): [19, 5, 2, 2, 0, 2]
(0, (0, 0, 0), (1, 1)): [15, 4, 5, 2]
(0, (0, 0, 0), (1, 2)): [13, 1, 4]
(0, (0, 0, 0), (2, 0)): [7, 3, 0, 1, 0, 2]
(0, (0, 0, 0), (2, 1)): [10, 3, 1, 3]
(0, (0, 0, 0), (2, 2)): [11, 1, 1, 1]
(0, (0, 0, 0), (3, 0)): [3, 1, 0, 0, 0, 2]
(0, (0, 0, 0), (3, 1)): [1, 3, 0, 2]
(0, (0, 0, 0), (3, 2)): [3, 2, 1]
(0, (0, 0, 1), (0, 0)): [61, 233, 63, 31, 9, 4, 2, 0, 0, 1]
(0, (0, 0, 1), (0, 1)): [0, 1]
(0, (0, 0, 1), (0, 2)): [0, 1]
(0, (0, 0, 1), (1, 0)): [0, 2]
(0, (0, 0, 1), (1, 1)): [0, 1]
(0, (0, 0, 1), (1, 2)): [0, 2]
(0, (0, 0, 1), (2, 0)): [0, 1]
(0, (0, 0, 1), (2, 2)): [0, 1]
(0, (0, 0, 1), (3, 0)): [0, 1]
(0, (0, 0, 1), (3, 1)): [0, 1]
(0, (0, 0, 1), (3, 2)): [0, 1]
(0, (0, 1, 0), (0, 0)): [542, 571, 232, 113, 55, 24, 10, 8, 1, 0, 0, 1]
(0, (0, 1, 0), (0, 1)): [0, 1, 1]
(0, (0, 1, 0), (1, 0)): [0, 2, 0, 1]
(0, (0, 1, 0), (1, 1)): [0, 0, 1, 1]
(0, (0, 1, 0), (2, 0)): [0, 2]
(0, (0, 1, 0), (2, 1)): [0, 1, 1, 1]
(0, (0, 1, 0), (2, 2)): [0, 1]
(0, (0, 1, 0), (3, 0)): [0, 1]
(0, (0, 1, 0), (3, 1)): [0, 1, 0, 1]
(0, (0, 1, 0), (3, 2)): [0, 1]
(0, (0, 1, 1), (0, 0)): [52, 83, 106, 50, 21, 17, 6, 1, 2, 0, 1]
(0, (0, 1, 1), (1, 0)): [0, 0, 0, 1]
(0, (0, 1, 1), (1, 1)): [0, 0, 0, 1]
(0, (1, 0, 0), (0, 0)): [3186, 1188, 798, 382, 174, 92, 46, 16, 4, 3, 3]
(0, (1, 0, 0), (0, 1)): [5, 1, 0, 1, 1]
(0, (1, 0, 0), (0, 2)): [2]
(0, (1, 0, 0), (1, 0)): [5, 2, 2, 0, 0, 1]
(0, (1, 0, 0), (1, 1)): [3, 0, 0, 1, 1]
(0, (1, 0, 0), (1, 2)): [2, 0, 0, 0, 1]
(0, (1, 0, 0), (2, 0)): [3, 2, 2, 0, 0, 1]
(0, (1, 0, 0), (2, 1)): [3, 0, 1]
(0, (1, 0, 0), (2, 2)): [0, 0, 1]
(0, (1, 0, 0), (3, 0)): [1, 2, 1, 0, 0, 1]
(0, (1, 0, 0), (3, 1)): [3, 2, 1, 0, 0, 1]
(0, (1, 0, 0), (3, 2)): [0, 1, 1, 0, 0, 1]
(0, (1, 0, 1), (0, 0)): [83, 281, 121, 79, 43, 23, 15, 7, 3, 3, 1]
(0, (1, 0, 1), (1, 0)): [0, 0, 1]
(0, (1, 0, 1), (1, 1)): [0, 0, 1]
(0, (1, 1, 0), (0, 0)): [422, 311, 256, 140, 78, 49, 23, 11, 0, 1, 1]
(0, (1, 1, 0), (0, 1)): [2, 1, 1]
(0, (1, 1, 0), (0, 2)): [0, 0, 1]
(0, (1, 1, 0), (1, 0)): [1, 0, 0, 1, 0, 1]
(0, (1, 1, 0), (1, 1)): [1]
(0, (1, 1, 0), (1, 2)): [1, 0, 1]
(0, (1, 1, 0), (2, 0)): [0, 0, 0, 1, 0, 1]
(0, (1, 1, 0), (2, 1)): [0, 0, 0, 0, 0, 1]
(0, (1, 1, 0), (3, 1)): [0, 0, 0, 0, 0, 1]
(0, (1, 1, 0), (3, 2)): [0, 0, 0, 0, 0, 1]
(0, (1, 1, 1), (0, 0)): [33, 83, 84, 43, 39, 28, 13, 5, 1, 1]
(0, (1, 1, 1), (1, 0)): [0, 1, 0, 0, 0, 1]
(1, (0, 0, 0), (0, 0)): [11831, 1391, 634, 247, 96, 34, 21, 5, 5]
(1, (0, 0, 0), (0, 1)): [25, 2, 4, 0, 1]
(1, (0, 0, 0), (0, 2)): [13, 0, 0, 0, 1]
(1, (0, 0, 0), (1, 0)): [12, 3, 2]
(1, (0, 0, 0), (1, 1)): [17, 1, 5]
(1, (0, 0, 0), (1, 2)): [12, 0, 3, 0, 1]
(1, (0, 0, 0), (2, 0)): [4, 1, 1]
(1, (0, 0, 0), (2, 1)): [8, 1, 3]
(1, (0, 0, 0), (2, 2)): [11, 0, 4, 0, 1]
(1, (0, 0, 0), (3, 0)): [2]
(1, (0, 0, 0), (3, 1)): [1]
(1, (0, 0, 0), (3, 2)): [4, 0, 2]
(1, (0, 0, 1), (0, 0)): [386, 587, 125, 58, 26, 5, 5, 3]
(1, (0, 0, 1), (0, 1)): [0, 2]
(1, (0, 0, 1), (0, 2)): [0, 2]
(1, (0, 0, 1), (1, 2)): [0, 2]
(1, (0, 1, 0), (0, 0)): [1675, 852, 321, 129, 55, 19, 10, 1, 1, 1]
(1, (0, 1, 0), (0, 1)): [2, 2]
(1, (0, 1, 0), (1, 0)): [0, 2, 0, 1]
(1, (0, 1, 0), (1, 1)): [1, 1]
(1, (0, 1, 0), (1, 2)): [1]
(1, (0, 1, 0), (2, 0)): [0, 1, 0, 1]
(1, (0, 1, 0), (2, 1)): [0, 1]
(1, (0, 1, 1), (0, 0)): [306, 277, 253, 97, 48, 26, 15, 5]
(1, (0, 1, 1), (0, 1)): [2, 0, 1]
(1, (0, 1, 1), (0, 2)): [0, 0, 1]
(1, (0, 1, 1), (1, 0)): [1, 1, 0, 0, 1]
(1, (0, 1, 1), (1, 1)): [1]
(1, (0, 1, 1), (2, 0)): [1, 1, 0, 0, 1]
(1, (0, 1, 1), (2, 1)): [2]
(1, (0, 1, 1), (2, 2)): [2]
(1, (0, 1, 1), (3, 0)): [0, 1, 0, 0, 1]
(1, (0, 1, 1), (3, 2)): [1]
(1, (1, 0, 0), (0, 0)): [4828, 929, 625, 286, 101, 45, 21, 7, 7, 1]
(1, (1, 0, 0), (0, 1)): [3, 0, 2, 0, 1]
(1, (1, 0, 0), (0, 2)): [1, 0, 1]
(1, (1, 0, 0), (1, 0)): [9, 2, 2, 0, 1]
(1, (1, 0, 0), (1, 1)): [6, 1, 1, 0, 2]
(1, (1, 0, 0), (1, 2)): [4, 0, 1, 0, 1]
(1, (1, 0, 0), (2, 0)): [4, 0, 1]
(1, (1, 0, 0), (2, 1)): [1, 1, 2, 0, 1]
(1, (1, 0, 0), (2, 2)): [1, 1, 1, 0, 2]
(1, (1, 0, 0), (3, 0)): [2]
(1, (1, 0, 0), (3, 1)): [2]
(1, (1, 0, 0), (3, 2)): [2]
(1, (1, 0, 1), (0, 0)): [421, 583, 201, 125, 55, 27, 12, 2, 1]
(1, (1, 0, 1), (0, 1)): [0, 0, 0, 1]
(1, (1, 0, 1), (0, 2)): [0, 0, 0, 1]
(1, (1, 0, 1), (1, 0)): [0, 2]
(1, (1, 0, 1), (1, 1)): [0, 2]
(1, (1, 0, 1), (1, 2)): [0, 1, 0, 1]
(1, (1, 0, 1), (2, 2)): [0, 0, 0, 1]
(1, (1, 1, 0), (0, 0)): [1271, 393, 323, 213, 86, 44, 14, 5, 4, 1]
(1, (1, 1, 0), (0, 1)): [3, 3, 1]
(1, (1, 1, 0), (0, 2)): [2, 2]
(1, (1, 1, 0), (1, 0)): [4, 0, 2]
(1, (1, 1, 0), (1, 1)): [4, 0, 2]
(1, (1, 1, 0), (1, 2)): [2, 1]
(1, (1, 1, 0), (2, 0)): [0, 0, 1]
(1, (1, 1, 0), (2, 1)): [1, 0, 2]
(1, (1, 1, 0), (3, 0)): [0, 0, 1]
(1, (1, 1, 0), (3, 1)): [0, 0, 2]
(1, (1, 1, 0), (3, 2)): [0, 0, 1]
(1, (1, 1, 1), (0, 0)): [248, 201, 136, 95, 65, 36, 18, 5]
(1, (1, 1, 1), (0, 1)): [2]
(1, (1, 1, 1), (0, 2)): [1]
(1, (1, 1, 1), (1, 0)): [2, 0, 1, 1, 1]
(1, (1, 1, 1), (1, 1)): [1]
(1, (1, 1, 1), (2, 0)): [0, 0, 1, 1]
(1, (1, 1, 1), (2, 1)): [1]
(1, (1, 1, 1), (2, 2)): [1]
(1, (1, 1, 1), (3, 2)): [1]
(2, (0, 0, 0), (0, 0)): [10250, 518, 187, 44, 23, 6, 6, 1]
(2, (0, 0, 0), (0, 1)): [16, 2]
(2, (0, 0, 0), (0, 2)): [3]
(2, (0, 0, 0), (1, 0)): [12, 1, 1, 1]
(2, (0, 0, 0), (1, 1)): [16, 2, 1, 1]
(2, (0, 0, 0), (1, 2)): [11]
(2, (0, 0, 0), (2, 0)): [5, 1]
(2, (0, 0, 0), (2, 1)): [7, 0, 0, 1]
(2, (0, 0, 0), (2, 2)): [6, 0, 0, 1]
(2, (0, 0, 0), (3, 0)): [2]
(2, (0, 0, 0), (3, 1)): [3]
(2, (0, 0, 0), (3, 2)): [1, 0, 0, 1]
(2, (0, 0, 1), (0, 0)): [1130, 348, 81, 20, 8, 3, 1, 1]
(2, (0, 0, 1), (0, 1)): [2]
(2, (0, 0, 1), (0, 2)): [1]
(2, (0, 0, 1), (1, 1)): [1]
(2, (0, 0, 1), (1, 2)): [1]
(2, (0, 0, 1), (2, 1)): [1]
(2, (0, 0, 1), (2, 2)): [1]
(2, (0, 0, 1), (3, 1)): [1]
(2, (0, 1, 0), (0, 0)): [2643, 693, 168, 64, 18, 3, 3]
(2, (0, 1, 0), (0, 1)): [3, 1, 1]
(2, (0, 1, 0), (1, 0)): [5, 2]
(2, (0, 1, 0), (1, 1)): [4, 1, 1]
(2, (0, 1, 0), (1, 2)): [0, 1]
(2, (0, 1, 0), (2, 0)): [2, 1]
(2, (0, 1, 0), (2, 1)): [1, 0, 1]
(2, (0, 1, 0), (2, 2)): [1, 1]
(2, (0, 1, 0), (3, 0)): [2, 1]
(2, (0, 1, 0), (3, 1)): [0, 1, 1]
(2, (0, 1, 0), (3, 2)): [0, 2]
(2, (0, 1, 1), (0, 0)): [669, 54, 177, 53, 10, 10, 1, 1, 2]
(2, (0, 1, 1), (0, 1)): [1, 0, 1]
(2, (0, 1, 1), (0, 2)): [1, 0, 1]
(2, (0, 1, 1), (1, 0)): [2, 0, 2]
(2, (0, 1, 1), (1, 1)): [1]
(2, (0, 1, 1), (1, 2)): [1]
(2, (0, 1, 1), (2, 0)): [1, 0, 1]
(2, (0, 1, 1), (3, 0)): [1, 0, 1]
(2, (1, 0, 0), (0, 0)): [6097, 494, 280, 107, 36, 8, 6, 1, 1]
(2, (1, 0, 0), (0, 1)): [9, 1, 0, 1, 1]
(2, (1, 0, 0), (0, 2)): [6, 1]
(2, (1, 0, 0), (1, 0)): [8, 1, 1]
(2, (1, 0, 0), (1, 1)): [9, 0, 0, 1]
(2, (1, 0, 0), (1, 2)): [7, 1, 0, 1]
(2, (1, 0, 0), (2, 0)): [2]
(2, (1, 0, 0), (2, 1)): [4]
(2, (1, 0, 0), (2, 2)): [4, 1]
(2, (1, 0, 0), (3, 0)): [1]
(2, (1, 0, 0), (3, 1)): [4]
(2, (1, 0, 0), (3, 2)): [3]
(2, (1, 0, 1), (0, 0)): [1124, 278, 117, 81, 25, 7, 2]
(2, (1, 0, 1), (0, 1)): [0, 1]
(2, (1, 0, 1), (1, 0)): [2]
(2, (1, 0, 1), (1, 1)): [2, 1]
(2, (1, 0, 1), (2, 1)): [2]
(2, (1, 0, 1), (2, 2)): [1]
(2, (1, 1, 0), (0, 0)): [2127, 342, 193, 121, 43, 12, 4, 1]
(2, (1, 1, 0), (0, 1)): [5]
(2, (1, 1, 0), (0, 2)): [4]
(2, (1, 1, 0), (1, 0)): [4, 1]
(2, (1, 1, 0), (1, 1)): [2, 1]
(2, (1, 1, 0), (1, 2)): [2, 1]
(2, (1, 1, 0), (2, 0)): [2]
(2, (1, 1, 0), (2, 1)): [1]
(2, (1, 1, 0), (2, 2)): [1, 1]
(2, (1, 1, 0), (3, 0)): [1]
(2, (1, 1, 0), (3, 1)): [1]
(2, (1, 1, 0), (3, 2)): [1]
(2, (1, 1, 1), (0, 0)): [615, 94, 150, 63, 45, 20, 7, 3, 2]
(2, (1, 1, 1), (0, 1)): [3, 0, 1]
(2, (1, 1, 1), (0, 2)): [3]
(2, (1, 1, 1), (1, 0)): [1]
(2, (1, 1, 1), (1, 1)): [1, 0, 1]
(2, (1, 1, 1), (1, 2)): [3]
(2, (1, 1, 1), (2, 1)): [0, 0, 1]
(2, (1, 1, 1), (2, 2)): [2]
(2, (1, 1, 1), (3, 1)): [0, 0, 1]
(2, (1, 1, 1), (3, 2)): [0, 0, 1]
