(0, (0, 0, 0), (0, 0)): [1525317, 304806, 139818, 63257, 28113, 11948, 4902, 2035, 812, 366, 155, 67, 32, 10, 4, 1, 0, 1]
(0, (0, 0, 0), (0, 1)): [50563, 9265, 4119, 1830, 744, 326, 123, 55, 17, 14, 4, 0, 2, 1, 0, 1]
(0, (0, 0, 0), (0, 2)): [18875, 3064, 1331, 571, 232, 103, 41, 19, 7, 4, 1, 0, 1]
(0, (0, 0, 0), (1, 0)): [46685, 9903, 4736, 2126, 1032, 409, 177, 71, 25, 8, 5, 0, 0, 0, 1]
(0, (0, 0, 0), (1, 1)): [42912, 8296, 3848, 1751, 756, 306, 119, 51, 18, 9, 6, 0, 1, 1, 0, 1]
(0, (0, 0, 0), (1, 2)): [28483, 4832, 2168, 913, 414, 190, 62, 27, 10, 6, 1, 0, 2]
(0, (0, 0, 0), (2, 0)): [15365, 3611, 1805, 835, 431, 168, 74, 33, 9, 3, 2, 0, 0, 0, 1]
(0, (0, 0, 0), (2, 1)): [22683, 4731, 2347, 1086, 479, 193, 83, 44, 12, 2, 2, 0, 0, 1]
(0, (0, 0, 0), (2, 2)): [22491, 4049, 1978, 875, 383, 164, 48, 23, 13, 7, 1, 0, 2]
(0, (0, 0, 0), (3, 0)): [4756, 1313, 716, 369, 184, 84, 33, 12, 4, 1, 1, 0, 0, 0, 1]
(0, (0, 0, 0), (3, 1)): [8874, 2296, 1192, 597, 265, 110, 47, 26, 6, 0, 1, 0, 0, 0, 1]
(0, (0, 0, 0), (3, 2)): [12013, 2613, 1463, 633, 289, 128, 41, 26, 10, 5, 1, 0, 2, 0, 1]
(0, (0, 0, 1), (0, 0)): [6463, 19270, 5257, 2476, 1184, 499, 226, 103, 37, 22, 10, 3, 3, 2]
(0, (0, 0, 1), (0, 1)): [182, 496, 153, 56, 27, 11, 5, 3, 0, 1, 0, 0, 0, 1]
(0, (0, 0, 1), (0, 2)): [76, 199, 46, 21, 11, 4, 0, 1]
(0, (0, 0, 1), (1, 0)): [174, 546, 140, 80, 37, 18, 7, 4, 1, 0, 2]
(0, (0, 0, 1), (1, 1)): [169, 420, 123, 51, 30, 12, 7, 1, 0, 1, 2, 0, 0, 1]
(0, (0, 0, 1), (1, 2)): [115, 300, 76, 32, 16, 5, 3, 2, 0, 1, 1]
(0, (0, 0, 1), (2, 0)): [67, 225, 60, 35, 13, 9, 1, 3, 1]
(0, (0, 0, 1), (2, 1)): [97, 228, 79, 38, 22, 7, 2, 1, 0, 0, 1]
(0, (0, 0, 1), (2, 2)): [107, 255, 76, 25, 18, 6, 2, 0, 0, 0, 1]
(0, (0, 0, 1), (3, 0)): [19, 95, 21, 13, 6, 5, 1, 1, 1]
(0, (0, 0, 1), (3, 1)): [45, 103, 32, 20, 12, 5, 0, 1]
(0, (0, 0, 1), (3, 2)): [59, 156, 35, 22, 17, 5, 1, 1, 0, 0, 1]
(0, (0, 1, 0), (0, 0)): [54126, 50347, 19560, 9374, 4518, 1916, 820, 345, 139, 79, 27, 6, 3, 2, 2]
(0, (0, 1, 0), (0, 1)): [1770, 1574, 586, 247, 123, 45, 32, 14, 4, 1]
(0, (0, 1, 0), (0, 2)): [701, 511, 199, 74, 39, 15, 15, 4, 1]
(0, (0, 1, 0), (1, 0)): [1732, 1607, 661, 313, 161, 71, 26, 14, 2, 1, 0, 0, 0, 0, 1]
(0, (0, 1, 0), (1, 1)): [1494, 1340, 519, 233, 107, 40, 21, 13, 1, 2]
(0, (0, 1, 0), (1, 2)): [1036, 793, 296, 132, 62, 21, 13, 9, 1, 1]
(0, (0, 1, 0), (2, 0)): [630, 576, 243, 119, 56, 38, 13, 4, 1]
(0, (0, 1, 0), (2, 1)): [781, 745, 302, 129, 65, 38, 14, 6, 1, 1]
(0, (0, 1, 0), (2, 2)): [852, 633, 273, 117, 53, 17, 11, 4, 2]
(0, (0, 1, 0), (3, 0)): [228, 169, 91, 54, 33, 13, 7, 4, 1]
(0, (0, 1, 0), (3, 1)): [333, 287, 134, 76, 44, 21, 9, 3]
(0, (0, 1, 0), (3, 2)): [490, 373, 181, 84, 42, 15, 13, 2, 1]
(0, (0, 1, 1), (0, 0)): [4509, 7665, 9217, 4242, 2254, 1037, 445, 205, 102, 44, 10, 6, 2, 2, 1, 0, 0, 1]
(0, (0, 1, 1), (0, 1)): [152, 221, 268, 108, 67, 27, 14, 5, 3]
(0, (0, 1, 1), (0, 2)): [80, 85, 97, 38, 26, 9, 6, 2, 1]
(0, (0, 1, 1), (1, 0)): [143, 271, 347, 162, 96, 33, 18, 8, 5, 1, 0, 1]
(0, (0, 1, 1), (1, 1)): [116, 201, 244, 97, 62, 20, 10, 5, 2]
(0, (0, 1, 1), (1, 2)): [94, 113, 133, 57, 45, 15, 8, 2, 2]
(0, (0, 1, 1), (2, 0)): [69, 127, 144, 82, 50, 21, 8, 6, 3, 1, 0, 1]
(0, (0, 1, 1), (2, 1)): [65, 122, 144, 62, 32, 11, 3, 7, 3]
(0, (0, 1, 1), (2, 2)): [74, 103, 112, 49, 30, 11, 8, 3, 2]
(0, (0, 1, 1), (3, 0)): [43, 63, 66, 47, 35, 15, 4, 2, 0, 1, 0, 1]
(0, (0, 1, 1), (3, 1)): [29, 46, 55, 31, 22, 3, 0, 2, 2]
(0, (0, 1, 1), (3, 2)): [37, 55, 77, 33, 22, 8, 5, 4, 3]
(0, (1, 0, 0), (0, 0)): [326420, 109522, 68776, 33829, 16055, 7151, 2960, 1274, 531, 241, 108, 42, 22, 4, 3, 1, 0, 1]
(0, (1, 0, 0), (0, 1)): [9977, 2955, 1945, 893, 457, 202, 74, 37, 15, 3]
(0, (1, 0, 0), (0, 2)): [3717, 920, 625, 258, 139, 53, 27, 6, 7, 1]
(0, (1, 0, 0), (1, 0)): [8910, 3066, 2122, 1002, 501, 214, 101, 40, 16, 12, 6, 1, 0, 0, 1]
(0, (1, 0, 0), (1, 1)): [7402, 2357, 1592, 741, 375, 163, 63, 32, 9, 7, 3, 1]
(0, (1, 0, 0), (1, 2)): [4740, 1302, 855, 392, 203, 76, 37, 15, 7, 4]
(0, (1, 0, 0), (2, 0)): [2765, 1003, 719, 393, 201, 90, 40, 20, 9, 4, 3]
(0, (1, 0, 0), (2, 1)): [3544, 1179, 846, 426, 211, 97, 35, 16, 7, 5, 2, 1]
(0, (1, 0, 0), (2, 2)): [3294, 975, 672, 297, 174, 63, 34, 17, 7, 6, 1]
(0, (1, 0, 0), (3, 0)): [746, 317, 243, 171, 94, 32, 13, 9, 3, 2, 1]
(0, (1, 0, 0), (3, 1)): [1299, 485, 361, 232, 124, 44, 14, 6, 6, 1, 1, 1]
(0, (1, 0, 0), (3, 2)): [1606, 551, 382, 202, 136, 47, 15, 10, 5, 3]
(0, (1, 0, 1), (0, 0)): [7815, 23470, 9632, 6583, 3458, 1569, 752, 309, 146, 58, 31, 15, 5, 1, 2, 0, 0, 1]
(0, (1, 0, 1), (0, 1)): [240, 664, 268, 187, 92, 45, 23, 8, 3, 1, 0, 0, 1]
(0, (1, 0, 1), (0, 2)): [113, 234, 83, 71, 26, 17, 10, 3, 1]
(0, (1, 0, 1), (1, 0)): [201, 727, 273, 203, 98, 53, 11, 7, 6, 2, 1, 0, 0, 0, 1]
(0, (1, 0, 1), (1, 1)): [174, 520, 202, 136, 74, 34, 11, 5, 3, 0, 1]
(0, (1, 0, 1), (1, 2)): [152, 303, 111, 77, 38, 16, 9, 3, 2]
(0, (1, 0, 1), (2, 0)): [67, 264, 104, 65, 39, 28, 4, 4, 2, 2]
(0, (1, 0, 1), (2, 1)): [65, 293, 123, 73, 41, 22, 6, 3, 4, 0, 1]
(0, (1, 0, 1), (2, 2)): [100, 233, 91, 56, 34, 11, 8, 4, 1, 0, 1]
(0, (1, 0, 1), (3, 0)): [27, 86, 35, 20, 17, 15, 1, 4, 0, 1]
(0, (1, 0, 1), (3, 1)): [23, 104, 43, 33, 27, 14, 3, 2, 1, 1]
(0, (1, 0, 1), (3, 2)): [41, 107, 58, 31, 26, 13, 5, 3, 2, 1, 1]
(0, (1, 1, 0), (0, 0)): [44696, 28502, 21509, 15194, 8091, 3788, 1601, 759, 306, 149, 67, 24, 10, 2]
(0, (1, 1, 0), (0, 1)): [1464, 797, 575, 406, 244, 96, 42, 21, 6, 3, 1, 1]
(0, (1, 1, 0), (0, 2)): [595, 273, 198, 128, 80, 34, 15, 8, 2, 1]
(0, (1, 1, 0), (1, 0)): [1175, 756, 548, 410, 221, 121, 58, 23, 7, 4, 1, 0, 0, 1]
(0, (1, 1, 0), (1, 1)): [1005, 593, 418, 323, 166, 87, 37, 15, 4, 4, 1, 0, 0, 1]
(0, (1, 1, 0), (1, 2)): [714, 377, 248, 189, 102, 43, 17, 13, 2, 4, 0, 0, 0, 1]
(0, (1, 1, 0), (2, 0)): [349, 230, 200, 148, 77, 47, 26, 9, 4, 1]
(0, (1, 1, 0), (2, 1)): [469, 289, 210, 175, 91, 53, 23, 8, 4, 2]
(0, (1, 1, 0), (2, 2)): [479, 285, 187, 135, 80, 40, 17, 9, 4, 3]
(0, (1, 1, 0), (3, 0)): [85, 73, 66, 47, 31, 19, 10, 5, 1]
(0, (1, 1, 0), (3, 1)): [177, 109, 82, 78, 39, 32, 15, 3, 2, 1]
(0, (1, 1, 0), (3, 2)): [235, 137, 104, 90, 55, 29, 10, 6, 3]
(0, (1, 1, 1), (0, 0)): [4378, 8179, 6730, 5082, 4015, 2012, 923, 457, 201, 91, 43, 15, 4, 1, 1]
(0, (1, 1, 1), (0, 1)): [149, 223, 201, 118, 109, 55, 20, 9, 8, 4, 1, 1]
(0, (1, 1, 1), (0, 2)): [67, 89, 73, 38, 38, 21, 8, 2, 4, 1, 0, 1]
(0, (1, 1, 1), (1, 0)): [120, 229, 210, 163, 131, 74, 25, 14, 5, 1, 1, 1]
(0, (1, 1, 1), (1, 1)): [111, 177, 173, 113, 95, 46, 15, 10, 3, 3, 1]
(0, (1, 1, 1), (1, 2)): [94, 123, 100, 57, 51, 27, 7, 3, 4, 1, 0, 1]
(0, (1, 1, 1), (2, 0)): [35, 78, 59, 69, 55, 31, 9, 7, 2, 0, 1]
(0, (1, 1, 1), (2, 1)): [52, 72, 80, 68, 47, 24, 8, 7, 4, 1]
(0, (1, 1, 1), (2, 2)): [59, 83, 76, 62, 38, 23, 6, 6, 1, 2, 0, 1]
(0, (1, 1, 1), (3, 0)): [8, 27, 20, 25, 18, 12, 4, 3, 0, 0, 1]
(0, (1, 1, 1), (3, 1)): [14, 39, 30, 37, 20, 10, 3, 2, 1, 0, 1]
(0, (1, 1, 1), (3, 2)): [19, 36, 45, 45, 25, 16, 5, 3, 2, 0, 0, 1]
(1, (0, 0, 0), (0, 0)): [1235984, 134019, 54733, 21498, 8299, 3165, 1212, 448, 167, 66, 26, 15, 7, 3, 0, 1]
(1, (0, 0, 0), (0, 1)): [41657, 4049, 1640, 626, 239, 86, 26, 12, 2, 0, 0, 0, 0, 1]
(1, (0, 0, 0), (0, 2)): [15640, 1230, 479, 205, 70, 27, 4, 3]
(1, (0, 0, 0), (1, 0)): [39530, 4779, 1989, 784, 295, 102, 40, 15, 3, 2, 0, 0, 0, 0, 0, 1]
(1, (0, 0, 0), (1, 1)): [36059, 3856, 1556, 579, 225, 86, 34, 12, 2, 1, 0, 0, 0, 1]
(1, (0, 0, 0), (1, 2)): [23666, 2055, 822, 338, 132, 58, 14, 4, 1]
(1, (0, 0, 0), (2, 0)): [13343, 1864, 839, 321, 123, 40, 16, 6, 0, 1, 0, 0, 0, 0, 0, 1]
(1, (0, 0, 0), (2, 1)): [19396, 2339, 986, 361, 135, 50, 20, 7, 0, 2]
(1, (0, 0, 0), (2, 2)): [19119, 1871, 783, 318, 123, 60, 19, 5, 1]
(1, (0, 0, 0), (3, 0)): [4090, 649, 385, 127, 60, 17, 10, 1, 0, 0, 0, 0, 0, 0, 0, 1]
(1, (0, 0, 0), (3, 1)): [7890, 1167, 594, 204, 93, 26, 14, 3, 0, 1]
(1, (0, 0, 0), (3, 2)): [10499, 1278, 613, 234, 94, 36, 16, 3]
(1, (0, 0, 1), (0, 0)): [34750, 49956, 9813, 4157, 1737, 689, 266, 110, 46, 18, 9, 5, 4, 1]
(1, (0, 0, 1), (0, 1)): [1074, 1271, 259, 84, 36, 12, 9, 2]
(1, (0, 0, 1), (0, 2)): [464, 412, 84, 24, 10, 2, 4]
(1, (0, 0, 1), (1, 0)): [1128, 1683, 343, 178, 69, 25, 6, 4, 1, 1]
(1, (0, 0, 1), (1, 1)): [974, 1218, 231, 109, 38, 13, 3, 4]
(1, (0, 0, 1), (1, 2)): [728, 671, 114, 42, 20, 5, 3]
(1, (0, 0, 1), (2, 0)): [470, 666, 155, 74, 39, 13, 5, 1, 1, 1]
(1, (0, 0, 1), (2, 1)): [511, 698, 140, 71, 28, 12, 6, 3]
(1, (0, 0, 1), (2, 2)): [562, 565, 108, 50, 18, 6, 2, 1]
(1, (0, 0, 1), (3, 0)): [224, 289, 80, 45, 18, 7, 2, 1, 1]
(1, (0, 0, 1), (3, 1)): [236, 321, 71, 34, 14, 4, 4, 2]
(1, (0, 0, 1), (3, 2)): [349, 333, 79, 39, 17, 5, 3, 1]
(1, (0, 1, 0), (0, 0)): [169140, 75406, 26941, 11504, 4601, 1820, 621, 280, 86, 40, 21, 9, 9, 2, 1]
(1, (0, 1, 0), (0, 1)): [5095, 2042, 725, 284, 103, 42, 14, 4, 1, 2]
(1, (0, 1, 0), (0, 2)): [1997, 711, 235, 90, 31, 11, 5]
(1, (0, 1, 0), (1, 0)): [5903, 2566, 911, 487, 202, 77, 20, 9, 5, 0, 1, 0, 0, 1]
(1, (0, 1, 0), (1, 1)): [4560, 1811, 630, 298, 114, 55, 13, 6, 3, 1, 0, 0, 0, 1]
(1, (0, 1, 0), (1, 2)): [3020, 1078, 403, 153, 43, 23, 8, 2, 1, 1]
(1, (0, 1, 0), (2, 0)): [2589, 1097, 429, 256, 109, 35, 13, 6, 3, 0, 1]
(1, (0, 1, 0), (2, 1)): [2524, 1063, 362, 196, 90, 35, 10, 4, 1, 0, 1, 0, 0, 1]
(1, (0, 1, 0), (2, 2)): [2431, 970, 331, 143, 52, 22, 6, 1, 2]
(1, (0, 1, 0), (3, 0)): [1311, 488, 191, 168, 68, 19, 6, 5, 3]
(1, (0, 1, 0), (3, 1)): [1269, 458, 175, 118, 66, 21, 5, 3, 3, 0, 0, 0, 0, 1]
(1, (0, 1, 0), (3, 2)): [1486, 551, 221, 123, 58, 15, 7, 2, 1, 0, 0, 0, 0, 1]
(1, (0, 1, 1), (0, 0)): [27061, 22126, 20079, 7965, 4060, 1586, 621, 241, 115, 40, 12, 7, 2, 2, 0, 1]
(1, (0, 1, 1), (0, 1)): [694, 501, 432, 162, 69, 31, 17, 4, 0, 1]
(1, (0, 1, 1), (0, 2)): [327, 163, 156, 61, 28, 9, 6, 0, 0, 1]
(1, (0, 1, 1), (1, 0)): [1070, 911, 700, 292, 213, 60, 30, 13, 4, 2]
(1, (0, 1, 1), (1, 1)): [590, 450, 403, 143, 69, 18, 14, 6, 0, 1]
(1, (0, 1, 1), (1, 2)): [456, 248, 243, 89, 38, 10, 9, 1, 0, 1]
(1, (0, 1, 1), (2, 0)): [672, 559, 390, 195, 156, 50, 23, 9, 4, 1]
(1, (0, 1, 1), (2, 1)): [332, 284, 221, 84, 50, 15, 11, 2, 0, 1]
(1, (0, 1, 1), (2, 2)): [359, 226, 213, 80, 39, 7, 3, 2, 0, 1]
(1, (0, 1, 1), (3, 0)): [513, 414, 265, 150, 130, 44, 18, 9, 4, 1]
(1, (0, 1, 1), (3, 1)): [160, 127, 87, 38, 25, 12, 7]
(1, (0, 1, 1), (3, 2)): [205, 145, 105, 46, 30, 7, 1, 1, 0, 1]
(1, (1, 0, 0), (0, 0)): [470618, 84054, 53178, 22452, 9076, 3600, 1408, 502, 216, 90, 31, 22, 5, 3, 0, 2]
(1, (1, 0, 0), (0, 1)): [14308, 2183, 1451, 613, 227, 87, 42, 9, 3, 3]
(1, (1, 0, 0), (0, 2)): [5173, 686, 504, 180, 65, 24, 14, 3, 1, 3]
(1, (1, 0, 0), (1, 0)): [14036, 2704, 1822, 767, 307, 121, 45, 18, 5, 4, 0, 0, 1, 0, 0, 1]
(1, (1, 0, 0), (1, 1)): [11523, 1892, 1287, 551, 192, 84, 36, 12, 3, 0, 0, 0, 0, 0, 0, 1]
(1, (1, 0, 0), (1, 2)): [7197, 1005, 749, 264, 93, 34, 15, 7, 0, 1]
(1, (1, 0, 0), (2, 0)): [4565, 966, 653, 333, 119, 52, 17, 3, 4, 3, 0, 0, 1]
(1, (1, 0, 0), (2, 1)): [5808, 1061, 746, 347, 125, 52, 24, 6, 4, 0, 0, 0, 0, 0, 0, 1]
(1, (1, 0, 0), (2, 2)): [5313, 837, 626, 247, 85, 32, 13, 5, 1, 1]
(1, (1, 0, 0), (3, 0)): [1335, 321, 198, 138, 52, 23, 6, 1, 1, 3, 0, 0, 1]
(1, (1, 0, 0), (3, 1)): [2205, 522, 314, 179, 73, 31, 11, 4, 1, 2, 0, 0, 0, 0, 0, 1]
(1, (1, 0, 0), (3, 2)): [2625, 542, 352, 184, 59, 28, 10, 3, 2, 2, 0, 0, 0, 0, 0, 1]
(1, (1, 0, 1), (0, 0)): [37781, 44228, 14310, 9466, 4043, 1645, 650, 252, 85, 53, 14, 6, 0, 1]
(1, (1, 0, 1), (0, 1)): [1265, 1139, 354, 251, 112, 42, 16, 5, 4, 4]
(1, (1, 0, 1), (0, 2)): [569, 347, 123, 88, 25, 13, 5, 3, 1, 3]
(1, (1, 0, 1), (1, 0)): [1148, 1288, 447, 294, 139, 49, 19, 6, 1, 2]
(1, (1, 0, 1), (1, 1)): [964, 899, 300, 206, 99, 27, 17, 3, 2]
(1, (1, 0, 1), (1, 2)): [712, 496, 169, 127, 40, 17, 7, 3, 1, 2]
(1, (1, 0, 1), (2, 0)): [422, 442, 148, 104, 53, 24, 4, 1, 1, 1]
(1, (1, 0, 1), (2, 1)): [457, 442, 160, 111, 64, 19, 7, 1, 3]
(1, (1, 0, 1), (2, 2)): [466, 356, 139, 85, 46, 14, 6, 1, 3, 1]
(1, (1, 0, 1), (3, 0)): [156, 162, 52, 37, 26, 9, 3, 0, 0, 1]
(1, (1, 0, 1), (3, 1)): [174, 186, 70, 47, 34, 13, 0, 1]
(1, (1, 0, 1), (3, 2)): [236, 192, 83, 56, 33, 17, 4, 2, 2, 1]
(1, (1, 1, 0), (0, 0)): [128683, 39707, 26602, 18750, 7855, 3235, 1261, 510, 211, 80, 26, 15, 9, 5, 1]
(1, (1, 1, 0), (0, 1)): [4241, 1130, 701, 532, 209, 91, 36, 14, 6, 1]
(1, (1, 1, 0), (0, 2)): [1729, 400, 231, 188, 70, 23, 12, 3, 2]
(1, (1, 1, 0), (1, 0)): [3688, 1224, 838, 627, 271, 99, 46, 19, 5, 3, 0, 0, 2, 1]
(1, (1, 1, 0), (1, 1)): [3155, 936, 613, 461, 191, 77, 30, 15, 2, 3]
(1, (1, 1, 0), (1, 2)): [2335, 537, 348, 277, 112, 32, 18, 7, 1]
(1, (1, 1, 0), (2, 0)): [1200, 436, 279, 229, 100, 46, 20, 6, 4, 1, 0, 0, 2, 1]
(1, (1, 1, 0), (2, 1)): [1513, 548, 350, 252, 100, 54, 19, 6, 4, 1, 0, 0, 1]
(1, (1, 1, 0), (2, 2)): [1632, 440, 264, 206, 89, 36, 11, 3, 1]
(1, (1, 1, 0), (3, 0)): [310, 160, 89, 66, 51, 23, 7, 4, 2, 1, 0, 0, 1]
(1, (1, 1, 0), (3, 1)): [602, 252, 170, 116, 57, 22, 14, 5, 3, 2, 0, 0, 1]
(1, (1, 1, 0), (3, 2)): [797, 274, 174, 105, 61, 30, 12, 6, 1, 2, 0, 0, 1]
(1, (1, 1, 1), (0, 0)): [26238, 20820, 13351, 8777, 6349, 2692, 1089, 410, 178, 64, 20, 15, 8, 3, 1, 1]
(1, (1, 1, 1), (0, 1)): [911, 581, 391, 237, 192, 69, 33, 13, 8]
(1, (1, 1, 1), (0, 2)): [437, 201, 136, 82, 63, 22, 15, 3, 1]
(1, (1, 1, 1), (1, 0)): [755, 630, 395, 246, 199, 84, 40, 11, 5, 3, 0, 1, 1]
(1, (1, 1, 1), (1, 1)): [656, 465, 313, 206, 163, 63, 25, 11, 5]
(1, (1, 1, 1), (1, 2)): [496, 249, 196, 117, 85, 43, 18, 7, 2]
(1, (1, 1, 1), (2, 0)): [211, 203, 158, 91, 74, 36, 17, 5, 1, 2, 0, 1, 1]
(1, (1, 1, 1), (2, 1)): [300, 276, 170, 114, 82, 32, 17, 4, 2, 1, 0, 1]
(1, (1, 1, 1), (2, 2)): [353, 209, 158, 103, 72, 31, 13, 2, 1]
(1, (1, 1, 1), (3, 0)): [45, 71, 52, 42, 22, 15, 5, 2, 1, 0, 0, 0, 1]
(1, (1, 1, 1), (3, 1)): [79, 125, 70, 59, 44, 15, 7, 4, 0, 0, 0, 0, 1]
(1, (1, 1, 1), (3, 2)): [147, 124, 86, 64, 44, 23, 7, 2, 1]
(2, (0, 0, 0), (0, 0)): [1073276, 48151, 16134, 5119, 1685, 544, 183, 57, 11, 6, 5, 0, 1]
(2, (0, 0, 0), (0, 1)): [35876, 1388, 462, 133, 56, 12, 6, 1, 1]
(2, (0, 0, 0), (0, 2)): [13082, 361, 107, 41, 14, 2, 1, 1]
(2, (0, 0, 0), (1, 0)): [35962, 1945, 663, 217, 79, 17, 5, 0, 0, 0, 0, 0, 1]
(2, (0, 0, 0), (1, 1)): [32063, 1427, 486, 131, 59, 10, 6]
(2, (0, 0, 0), (1, 2)): [20506, 640, 220, 72, 26, 6, 3]
(2, (0, 0, 0), (2, 0)): [13006, 773, 318, 106, 38, 9, 3, 0, 0, 0, 0, 0, 1]
(2, (0, 0, 0), (2, 1)): [18024, 935, 341, 100, 34, 6, 4]
(2, (0, 0, 0), (2, 2)): [17036, 653, 254, 80, 29, 7, 1]
(2, (0, 0, 0), (3, 0)): [4329, 288, 163, 50, 22, 5, 2, 0, 0, 0, 0, 0, 1]
(2, (0, 0, 0), (3, 1)): [7977, 484, 220, 66, 26, 7, 3]
(2, (0, 0, 0), (3, 2)): [10193, 499, 234, 66, 24, 6]
(2, (0, 0, 1), (0, 0)): [101116, 31406, 6116, 2064, 733, 243, 70, 22, 4, 2, 0, 1]
(2, (0, 0, 1), (0, 1)): [3115, 827, 161, 46, 19, 7, 1]
(2, (0, 0, 1), (0, 2)): [1217, 239, 45, 12, 5, 2]
(2, (0, 0, 1), (1, 0)): [3703, 1021, 219, 89, 29, 11, 2, 2]
(2, (0, 0, 1), (1, 1)): [2914, 721, 146, 44, 17, 8, 3, 1]
(2, (0, 0, 1), (1, 2)): [1968, 374, 71, 24, 8, 4, 2]
(2, (0, 0, 1), (2, 0)): [1640, 450, 106, 60, 16, 6, 0, 1]
(2, (0, 0, 1), (2, 1)): [1728, 438, 105, 38, 14, 6, 1, 2]
(2, (0, 0, 1), (2, 2)): [1700, 317, 87, 20, 7, 6, 2]
(2, (0, 0, 1), (3, 0)): [829, 182, 52, 40, 7, 4]
(2, (0, 0, 1), (3, 1)): [841, 248, 48, 29, 10, 4, 1, 1]
(2, (0, 0, 1), (3, 2)): [1079, 231, 57, 28, 6, 7, 1]
(2, (0, 1, 0), (0, 0)): [267745, 57183, 15194, 5283, 1717, 581, 174, 50, 14, 8, 5, 0, 1]
(2, (0, 1, 0), (0, 1)): [7882, 1457, 375, 106, 33, 6, 2, 0, 1]
(2, (0, 1, 0), (0, 2)): [2987, 426, 102, 26, 8, 1]
(2, (0, 1, 0), (1, 0)): [9986, 1856, 653, 262, 78, 31, 7, 1, 0, 0, 0, 0, 1]
(2, (0, 1, 0), (1, 1)): [7441, 1348, 420, 129, 41, 10, 6, 1, 1]
(2, (0, 1, 0), (1, 2)): [4783, 693, 169, 69, 13, 3, 2]
(2, (0, 1, 0), (2, 0)): [4694, 829, 323, 166, 48, 19, 3, 0, 0, 0, 0, 0, 1]
(2, (0, 1, 0), (2, 1)): [4460, 850, 278, 95, 32, 12, 3, 1, 1, 0, 0, 0, 1]
(2, (0, 1, 0), (2, 2)): [4211, 657, 190, 68, 20, 8, 1, 1]
(2, (0, 1, 0), (3, 0)): [2571, 387, 179, 113, 33, 11, 2]
(2, (0, 1, 0), (3, 1)): [2131, 394, 173, 65, 29, 6, 3, 0, 1, 0, 0, 0, 1]
(2, (0, 1, 0), (3, 2)): [2670, 421, 174, 72, 20, 9, 1, 0, 0, 0, 0, 0, 1]
(2, (0, 1, 1), (0, 0)): [61179, 5330, 13505, 3602, 1418, 452, 154, 49, 18, 4, 3, 1, 0, 1]
(2, (0, 1, 1), (0, 1)): [1751, 127, 279, 61, 20, 7, 2, 3]
(2, (0, 1, 1), (0, 2)): [778, 50, 92, 20, 12, 2, 1]
(2, (0, 1, 1), (1, 0)): [2276, 240, 456, 151, 74, 21, 8, 0, 0, 0, 1]
(2, (0, 1, 1), (1, 1)): [1531, 124, 272, 73, 15, 14, 2, 2]
(2, (0, 1, 1), (1, 2)): [1112, 70, 159, 35, 14, 3, 2, 1]
(2, (0, 1, 1), (2, 0)): [1186, 135, 210, 89, 59, 12, 5, 0, 0, 0, 1]
(2, (0, 1, 1), (2, 1)): [889, 76, 169, 43, 15, 9, 2]
(2, (0, 1, 1), (2, 2)): [950, 68, 143, 34, 12, 9, 1, 1]
(2, (0, 1, 1), (3, 0)): [781, 101, 124, 57, 48, 10, 4, 0, 0, 0, 1]
(2, (0, 1, 1), (3, 1)): [441, 41, 92, 28, 8, 2, 3]
(2, (0, 1, 1), (3, 2)): [597, 58, 109, 29, 14, 7, 2, 1]
(2, (1, 0, 0), (0, 0)): [571237, 41500, 26476, 8373, 2677, 860, 327, 91, 19, 11, 6, 0, 1]
(2, (1, 0, 0), (0, 1)): [17154, 989, 690, 203, 70, 19, 8, 2, 1]
(2, (1, 0, 0), (0, 2)): [6201, 278, 171, 47, 21, 4, 3]
(2, (1, 0, 0), (1, 0)): [17559, 1440, 976, 368, 99, 23, 10, 2, 0, 0, 0, 0, 1]
(2, (1, 0, 0), (1, 1)): [14191, 898, 640, 210, 56, 12, 6, 2, 1]
(2, (1, 0, 0), (1, 2)): [8759, 436, 281, 94, 27, 8, 2]
(2, (1, 0, 0), (2, 0)): [5959, 588, 354, 179, 44, 11, 5, 0, 0, 0, 0, 0, 1]
(2, (1, 0, 0), (2, 1)): [7420, 545, 377, 138, 46, 9, 4, 2, 0, 0, 0, 0, 1]
(2, (1, 0, 0), (2, 2)): [6739, 404, 276, 91, 33, 8, 2, 1]
(2, (1, 0, 0), (3, 0)): [1840, 236, 122, 93, 15, 4, 3]
(2, (1, 0, 0), (3, 1)): [3036, 306, 181, 103, 19, 5, 3, 0, 0, 0, 0, 0, 1]
(2, (1, 0, 0), (3, 2)): [3573, 312, 180, 87, 22, 8, 3, 1, 0, 0, 0, 0, 1]
(2, (1, 0, 1), (0, 0)): [97144, 23693, 9358, 5491, 1796, 593, 198, 65, 22, 7, 0, 3, 1]
(2, (1, 0, 1), (0, 1)): [3221, 637, 233, 151, 41, 12, 3, 2, 0, 0, 0, 1]
(2, (1, 0, 1), (0, 2)): [1301, 193, 69, 37, 16, 2, 0, 1]
(2, (1, 0, 1), (1, 0)): [3056, 695, 314, 195, 75, 25, 6]
(2, (1, 0, 1), (1, 1)): [2514, 511, 206, 133, 41, 19, 6, 1, 0, 0, 0, 1]
(2, (1, 0, 1), (1, 2)): [1717, 276, 95, 64, 26, 9, 1, 2, 0, 0, 0, 1]
(2, (1, 0, 1), (2, 0)): [1112, 242, 137, 68, 30, 8, 2]
(2, (1, 0, 1), (2, 1)): [1365, 274, 134, 68, 26, 9, 1]
(2, (1, 0, 1), (2, 2)): [1231, 216, 92, 46, 19, 9, 1, 2, 0, 0, 0, 1]
(2, (1, 0, 1), (3, 0)): [378, 75, 57, 25, 17, 3, 2]
(2, (1, 0, 1), (3, 1)): [611, 110, 67, 31, 17, 3, 3]
(2, (1, 0, 1), (3, 2)): [672, 124, 73, 25, 18, 6, 2, 2]
(2, (1, 1, 0), (0, 0)): [220647, 33764, 16983, 11390, 3618, 1181, 388, 126, 45, 20, 7, 1, 2, 1]
(2, (1, 1, 0), (0, 1)): [7115, 967, 425, 301, 81, 15, 7, 4, 0, 0, 0, 0, 1]
(2, (1, 1, 0), (0, 2)): [2890, 284, 126, 82, 27, 2, 2, 2]
(2, (1, 1, 0), (1, 0)): [6849, 1057, 580, 429, 137, 34, 12, 3, 2, 1]
(2, (1, 1, 0), (1, 1)): [5813, 781, 368, 288, 70, 17, 8, 3, 1, 1, 0, 0, 1]
(2, (1, 1, 0), (1, 2)): [4047, 424, 203, 136, 35, 8, 3, 4]
(2, (1, 1, 0), (2, 0)): [2357, 394, 239, 168, 73, 18, 4, 1]
(2, (1, 1, 0), (2, 1)): [3062, 418, 251, 176, 54, 13, 7, 1, 1, 1, 0, 0, 1]
(2, (1, 1, 0), (2, 2)): [3084, 340, 191, 143, 39, 7, 6, 3, 1]
(2, (1, 1, 0), (3, 0)): [782, 135, 94, 60, 32, 8, 2]
(2, (1, 1, 0), (3, 1)): [1286, 188, 142, 93, 38, 10, 5, 1, 0, 0, 0, 0, 1]
(2, (1, 1, 0), (3, 2)): [1675, 204, 154, 98, 45, 8, 4, 2, 1]
(2, (1, 1, 1), (0, 0)): [63628, 9271, 10742, 5287, 3813, 1209, 404, 137, 46, 10, 7, 1, 1, 1]
(2, (1, 1, 1), (0, 1)): [2280, 229, 328, 142, 116, 23, 11, 3, 1, 0, 0, 0, 1]
(2, (1, 1, 1), (0, 2)): [1062, 72, 91, 44, 29, 6, 4, 1, 1]
(2, (1, 1, 1), (1, 0)): [1758, 442, 333, 203, 127, 47, 13, 1, 2, 0, 1]
(2, (1, 1, 1), (1, 1)): [1682, 230, 285, 144, 104, 23, 6, 0, 0, 0, 1, 0, 1]
(2, (1, 1, 1), (1, 2)): [1288, 113, 140, 65, 49, 8, 3, 1, 0, 0, 1]
(2, (1, 1, 1), (2, 0)): [468, 290, 101, 85, 59, 25, 5, 1, 1]
(2, (1, 1, 1), (2, 1)): [733, 212, 147, 88, 65, 22, 7, 0, 0, 0, 0, 0, 1]
(2, (1, 1, 1), (2, 2)): [870, 136, 114, 72, 50, 9, 4, 0, 0, 0, 1]
(2, (1, 1, 1), (3, 0)): [89, 193, 30, 44, 25, 13, 1, 0, 1]
(2, (1, 1, 1), (3, 1)): [230, 204, 56, 58, 41, 15, 5]
(2, (1, 1, 1), (3, 2)): [382, 171, 65, 76, 42, 12, 6, 0, 0, 0, 1]
