(0, (0, 0, 0)): [12781, 2532, 1110, 501, 214, 110, 32, 14, 8, 6, 2]
(0, (0, 0, 1)): [41, 160, 45, 14, 10, 2, 3, 2, 2]
(0, (0, 1, 0)): [395, 428, 138, 64, 38, 12, 9, 4, 2, 0, 2]
(0, (0, 1, 1)): [43, 81, 72, 26, 10, 14, 3]
(0, (1, 0, 0)): [2741, 981, 571, 288, 128, 71, 20, 8, 3, 6]
(0, (1, 0, 1)): [45, 216, 65, 53, 21, 10, 6, 2, 2]
(0, (1, 1, 0)): [396, 246, 206, 123, 74, 24, 15, 8, 3, 5]
(0, (1, 1, 1)): [37, 81, 56, 46, 26, 9, 2, 2, 1]
(1, (0, 0, 0)): [10241, 1075, 409, 157, 57, 30, 6, 3, 0, 1]
(1, (0, 0, 1)): [234, 409, 69, 27, 22, 4, 2, 2, 2]
(1, (0, 1, 0)): [1450, 643, 212, 89, 45, 18, 8, 1, 0, 1, 1]
(1, (0, 1, 1)): [234, 215, 169, 69, 33, 17, 6, 2, 0, 1]
(1, (1, 0, 0)): [3910, 758, 391, 210, 61, 38, 4, 5, 2, 1]
(1, (1, 0, 1)): [254, 391, 117, 84, 39, 15, 2, 2, 1]
(1, (1, 1, 0)): [1152, 376, 258, 174, 74, 32, 17, 8, 3, 1]
(1, (1, 1, 1)): [253, 215, 128, 83, 53, 29, 17, 4, 2, 1]
(2, (0, 0, 0)): [8726, 375, 142, 24, 16, 5, 1]
(2, (0, 0, 1)): [732, 230, 53, 13, 5, 1]
(2, (0, 1, 0)): [2169, 494, 107, 32, 12, 5]
(2, (0, 1, 1)): [466, 49, 113, 26, 9, 1, 1]
(2, (1, 0, 0)): [4843, 390, 223, 61, 21, 5, 1, 1]
(2, (1, 0, 1)): [654, 153, 76, 32, 13, 3, 1]
(2, (1, 1, 0)): [2070, 343, 170, 103, 37, 11, 2, 1]
(2, (1, 1, 1)): [588, 100, 96, 43, 29, 6, 2, 1]
