(0, (0, 0, 0), (0, 0)): [1218954, 241685, 111517, 50706, 22582, 9638, 3975, 1675, 663, 305, 130, 57, 28, 10, 3, 1, 0, 1]
(0, (0, 0, 0), (0, 1)): [22383, 4051, 1906, 839, 367, 153, 54, 33, 7, 5, 2, 0, 2, 1, 0, 1]
(0, (0, 0, 0), (0, 2)): [8221, 1295, 613, 268, 112, 40, 19, 13, 2, 1, 0, 0, 1]
(0, (0, 0, 0), (1, 0)): [20909, 4459, 2196, 1000, 496, 206, 94, 35, 13, 6, 3]
(0, (0, 0, 0), (1, 1)): [18970, 3626, 1767, 811, 374, 152, 52, 26, 6, 4, 4, 0, 1, 1, 0, 1]
(0, (0, 0, 0), (1, 2)): [12306, 2060, 942, 416, 203, 88, 24, 14, 5, 2, 0, 0, 2]
(0, (0, 0, 0), (2, 0)): [7015, 1666, 856, 425, 205, 95, 45, 16, 6, 2, 1]
(0, (0, 0, 0), (2, 1)): [10164, 2122, 1109, 521, 242, 99, 44, 22, 5, 1, 1, 0, 0, 1]
(0, (0, 0, 0), (2, 2)): [9754, 1776, 874, 407, 192, 87, 23, 12, 5, 3, 1, 0, 2]
(0, (0, 0, 0), (3, 0)): [2326, 600, 357, 197, 92, 50, 20, 7, 3, 0, 1]
(0, (0, 0, 0), (3, 1)): [4183, 1029, 615, 317, 129, 61, 26, 15, 4]
(0, (0, 0, 0), (3, 2)): [5648, 1189, 708, 337, 157, 65, 19, 12, 5, 2, 0, 0, 2]
(0, (0, 0, 1), (0, 0)): [5371, 15775, 4270, 2038, 970, 413, 183, 93, 35, 20, 7, 1, 3, 2]
(0, (0, 0, 1), (0, 1)): [90, 232, 68, 25, 18, 7, 5, 1, 0, 1, 0, 0, 0, 1]
(0, (0, 0, 1), (0, 2)): [37, 91, 20, 7, 7, 1]
(0, (0, 0, 1), (1, 0)): [88, 220, 62, 40, 23, 10, 3, 2, 1]
(0, (0, 0, 1), (1, 1)): [80, 170, 55, 21, 20, 7, 6, 1, 0, 1, 0, 0, 0, 1]
(0, (0, 0, 1), (1, 2)): [53, 117, 33, 12, 10, 0, 3, 1, 0, 1]
(0, (0, 0, 1), (2, 0)): [35, 95, 26, 20, 7, 7, 1, 1, 1]
(0, (0, 0, 1), (2, 1)): [46, 102, 30, 18, 13, 5, 1]
(0, (0, 0, 1), (2, 2)): [53, 88, 25, 9, 11, 1, 2]
(0, (0, 0, 1), (3, 0)): [9, 42, 11, 8, 3, 4, 1, 1, 1]
(0, (0, 0, 1), (3, 1)): [21, 43, 14, 11, 7, 4, 0, 1]
(0, (0, 0, 1), (3, 2)): [31, 51, 15, 10, 9, 4, 1, 1]
(0, (0, 1, 0), (0, 0)): [41755, 38664, 15008, 7154, 3453, 1476, 627, 263, 106, 63, 21, 5, 3, 2, 1]
(0, (0, 1, 0), (0, 1)): [728, 585, 216, 102, 43, 22, 13, 5, 1]
(0, (0, 1, 0), (0, 2)): [289, 177, 76, 30, 13, 9, 4, 0, 1]
(0, (0, 1, 0), (1, 0)): [692, 605, 247, 130, 65, 29, 13, 3, 1]
(0, (0, 1, 0), (1, 1)): [597, 495, 200, 97, 38, 15, 11, 6]
(0, (0, 1, 0), (1, 2)): [402, 296, 112, 58, 23, 10, 6, 2, 1]
(0, (0, 1, 0), (2, 0)): [238, 224, 84, 52, 27, 18, 6, 0, 1]
(0, (0, 1, 0), (2, 1)): [296, 266, 109, 59, 19, 17, 7, 4]
(0, (0, 1, 0), (2, 2)): [307, 223, 99, 50, 17, 7, 7, 1, 1]
(0, (0, 1, 0), (3, 0)): [90, 80, 37, 28, 20, 6, 3, 0, 1]
(0, (0, 1, 0), (3, 1)): [123, 115, 56, 35, 20, 9, 3, 1]
(0, (0, 1, 0), (3, 2)): [190, 140, 72, 37, 20, 6, 7]
(0, (0, 1, 1), (0, 0)): [3663, 6050, 7384, 3422, 1802, 828, 355, 170, 82, 36, 10, 6, 1, 2, 1, 0, 0, 1]
(0, (0, 1, 1), (0, 1)): [56, 76, 111, 49, 27, 10, 8, 3, 2]
(0, (0, 1, 1), (0, 2)): [29, 28, 38, 17, 14, 6, 3, 2]
(0, (0, 1, 1), (1, 0)): [76, 127, 149, 81, 45, 19, 8, 6, 4, 0, 0, 1]
(0, (0, 1, 1), (1, 1)): [46, 75, 100, 52, 26, 6, 5, 2, 2]
(0, (0, 1, 1), (1, 2)): [33, 39, 53, 26, 19, 5, 3, 2, 1]
(0, (0, 1, 1), (2, 0)): [44, 70, 71, 41, 24, 14, 4, 5, 3, 0, 0, 1]
(0, (0, 1, 1), (2, 1)): [33, 52, 66, 31, 15, 5, 2, 5, 3]
(0, (0, 1, 1), (2, 2)): [37, 39, 50, 20, 12, 5, 2, 2, 2]
(0, (0, 1, 1), (3, 0)): [27, 42, 37, 28, 18, 12, 2, 1, 0, 0, 0, 1]
(0, (0, 1, 1), (3, 1)): [13, 30, 30, 18, 11, 1, 0, 2, 2]
(0, (0, 1, 1), (3, 2)): [19, 24, 40, 17, 10, 3, 2, 4, 3]
(0, (1, 0, 0), (0, 0)): [263986, 88098, 55338, 27290, 12955, 5798, 2440, 1056, 434, 200, 88, 36, 19, 4, 2, 1, 0, 1]
(0, (1, 0, 0), (0, 1)): [4724, 1268, 895, 437, 221, 98, 34, 15, 8, 1]
(0, (1, 0, 0), (0, 2)): [1802, 385, 289, 125, 64, 24, 13, 2, 5, 1]
(0, (1, 0, 0), (1, 0)): [4109, 1353, 973, 471, 236, 94, 48, 20, 9, 6, 2, 1]
(0, (1, 0, 0), (1, 1)): [3482, 1021, 762, 353, 178, 70, 26, 15, 6, 4, 0, 1]
(0, (1, 0, 0), (1, 2)): [2265, 556, 423, 178, 92, 33, 18, 8, 3, 2]
(0, (1, 0, 0), (2, 0)): [1308, 447, 315, 184, 97, 42, 16, 10, 5, 2, 2]
(0, (1, 0, 0), (2, 1)): [1683, 520, 393, 208, 102, 46, 15, 7, 6, 3, 0, 1]
(0, (1, 0, 0), (2, 2)): [1588, 429, 322, 149, 81, 28, 15, 7, 4, 3]
(0, (1, 0, 0), (3, 0)): [386, 152, 118, 82, 50, 17, 5, 5, 0, 1, 1]
(0, (1, 0, 0), (3, 1)): [636, 224, 174, 115, 69, 24, 6, 3, 4, 1, 1, 1]
(0, (1, 0, 0), (3, 2)): [797, 265, 190, 101, 72, 23, 8, 5, 3, 3]
(0, (1, 0, 1), (0, 0)): [6296, 18666, 7734, 5241, 2800, 1266, 620, 256, 116, 49, 24, 12, 5, 1, 1, 0, 0, 1]
(0, (1, 0, 1), (0, 1)): [102, 286, 114, 82, 36, 18, 13, 4, 1, 0, 0, 0, 1]
(0, (1, 0, 1), (0, 2)): [38, 108, 27, 28, 13, 9, 5, 2, 1]
(0, (1, 0, 1), (1, 0)): [101, 303, 118, 90, 47, 25, 4, 4, 4, 1, 1]
(0, (1, 0, 1), (1, 1)): [90, 223, 86, 59, 33, 14, 8, 1, 2, 0, 1]
(0, (1, 0, 1), (1, 2)): [71, 131, 42, 31, 14, 10, 3, 2, 2]
(0, (1, 0, 1), (2, 0)): [34, 105, 50, 34, 17, 13, 0, 3, 1, 1]
(0, (1, 0, 1), (2, 1)): [29, 130, 52, 37, 21, 9, 2, 0, 2, 0, 1]
(0, (1, 0, 1), (2, 2)): [51, 108, 40, 23, 16, 6, 2, 2, 1, 0, 1]
(0, (1, 0, 1), (3, 0)): [18, 37, 20, 16, 8, 8, 0, 3]
(0, (1, 0, 1), (3, 1)): [14, 49, 21, 19, 11, 6, 1]
(0, (1, 0, 1), (3, 2)): [18, 55, 30, 14, 10, 5, 2, 0, 1, 0, 1]
(0, (1, 1, 0), (0, 0)): [35815, 22989, 17602, 12344, 6551, 3111, 1332, 634, 247, 120, 52, 22, 9, 1]
(0, (1, 1, 0), (0, 1)): [677, 370, 257, 196, 107, 44, 18, 12, 3, 0, 1, 1]
(0, (1, 1, 0), (0, 2)): [266, 130, 84, 60, 38, 14, 8, 6, 1]
(0, (1, 1, 0), (1, 0)): [546, 335, 262, 199, 100, 61, 22, 13, 3, 3]
(0, (1, 1, 0), (1, 1)): [463, 252, 206, 152, 65, 40, 13, 10, 3, 1, 1]
(0, (1, 1, 0), (1, 2)): [319, 146, 110, 81, 43, 18, 4, 10, 1, 1]
(0, (1, 1, 0), (2, 0)): [158, 107, 83, 69, 38, 24, 8, 6, 2, 1]
(0, (1, 1, 0), (2, 1)): [217, 132, 87, 84, 43, 24, 10, 5, 2, 1]
(0, (1, 1, 0), (2, 2)): [219, 116, 80, 65, 32, 17, 3, 7, 2, 2]
(0, (1, 1, 0), (3, 0)): [37, 37, 31, 26, 14, 8, 4, 3, 1]
(0, (1, 1, 0), (3, 1)): [75, 58, 41, 45, 18, 14, 10, 3, 2]
(0, (1, 1, 0), (3, 2)): [119, 68, 46, 46, 19, 12, 3, 5, 2]
(0, (1, 1, 1), (0, 0)): [3611, 6685, 5535, 4227, 3311, 1656, 776, 386, 167, 73, 36, 14, 4, 1, 1]
(0, (1, 1, 1), (0, 1)): [83, 107, 96, 61, 48, 26, 9, 5, 6, 2, 1, 1]
(0, (1, 1, 1), (0, 2)): [38, 46, 33, 20, 22, 6, 2, 1, 3, 0, 0, 1]
(0, (1, 1, 1), (1, 0)): [54, 124, 116, 85, 71, 38, 11, 10, 3, 0, 1, 1]
(0, (1, 1, 1), (1, 1)): [57, 91, 96, 64, 39, 27, 10, 7, 2, 1, 1]
(0, (1, 1, 1), (1, 2)): [47, 65, 51, 27, 19, 13, 3, 2, 4, 0, 0, 1]
(0, (1, 1, 1), (2, 0)): [14, 48, 28, 35, 34, 11, 3, 4, 1, 0, 1]
(0, (1, 1, 1), (2, 1)): [29, 44, 40, 37, 29, 14, 3, 4, 2]
(0, (1, 1, 1), (2, 2)): [29, 43, 38, 33, 16, 12, 3, 3, 1, 0, 0, 1]
(1, (0, 0, 0), (0, 0)): [982181, 105544, 43282, 17080, 6677, 2552, 967, 377, 144, 55, 24, 14, 6, 3, 0, 1]
(1, (0, 0, 0), (0, 1)): [18138, 1812, 771, 282, 117, 30, 12, 9, 1, 0, 0, 0, 0, 1]
(1, (0, 0, 0), (0, 2)): [6695, 538, 221, 78, 34, 9, 1, 2]
(1, (0, 0, 0), (1, 0)): [17573, 2172, 927, 358, 148, 54, 23, 9, 0, 1, 0, 0, 0, 0, 0, 1]
(1, (0, 0, 0), (1, 1)): [15613, 1706, 693, 263, 113, 42, 18, 7, 1, 1, 0, 0, 0, 1]
(1, (0, 0, 0), (1, 2)): [9911, 878, 338, 145, 66, 29, 8, 2]
(1, (0, 0, 0), (2, 0)): [6117, 853, 419, 149, 58, 23, 9, 5, 0, 0, 0, 0, 0, 0, 0, 1]
(1, (0, 0, 0), (2, 1)): [8630, 1050, 453, 173, 76, 22, 10, 6, 0, 1]
(1, (0, 0, 0), (2, 2)): [8220, 804, 349, 137, 67, 32, 11, 4]
(1, (0, 0, 0), (3, 0)): [1990, 314, 202, 66, 28, 9, 6, 1, 0, 0, 0, 0, 0, 0, 0, 1]
(1, (0, 0, 0), (3, 1)): [3670, 569, 290, 106, 50, 8, 4, 3]
(1, (0, 0, 0), (3, 2)): [4733, 589, 292, 103, 55, 20, 11, 3]
(1, (0, 0, 1), (0, 0)): [27834, 39842, 7788, 3284, 1394, 555, 223, 91, 41, 14, 7, 4, 4, 1]
(1, (0, 0, 1), (0, 1)): [447, 492, 105, 34, 19, 7, 6]
(1, (0, 0, 1), (0, 2)): [184, 165, 32, 8, 3, 1, 4]
(1, (0, 0, 1), (1, 0)): [476, 648, 132, 68, 29, 12, 6, 3, 1]
(1, (0, 0, 1), (1, 1)): [407, 455, 94, 40, 22, 6, 2, 2]
(1, (0, 0, 1), (1, 2)): [298, 253, 37, 15, 13, 2, 3]
(1, (0, 0, 1), (2, 0)): [207, 270, 55, 32, 15, 7, 5, 1, 1]
(1, (0, 0, 1), (2, 1)): [193, 278, 53, 25, 13, 7, 5, 2]
(1, (0, 0, 1), (2, 2)): [212, 214, 41, 18, 7, 2, 2]
(1, (0, 0, 1), (3, 0)): [93, 109, 33, 23, 8, 3, 2, 1, 1]
(1, (0, 0, 1), (3, 1)): [106, 139, 23, 15, 7, 3, 3, 2]
(1, (0, 0, 1), (3, 2)): [133, 136, 30, 14, 6, 2, 3]
(1, (0, 1, 0), (0, 0)): [133758, 60434, 21478, 9058, 3653, 1441, 496, 231, 66, 33, 19, 7, 8, 2, 1]
(1, (0, 1, 0), (0, 1)): [2116, 823, 298, 117, 38, 17, 7, 3, 1]
(1, (0, 1, 0), (0, 2)): [837, 285, 89, 26, 10, 6, 3]
(1, (0, 1, 0), (1, 0)): [2508, 1107, 395, 224, 103, 30, 12, 4, 0, 0, 1, 0, 0, 1]
(1, (0, 1, 0), (1, 1)): [1850, 709, 278, 124, 49, 19, 7, 4, 1, 0, 0, 0, 0, 1]
(1, (0, 1, 0), (1, 2)): [1223, 426, 163, 49, 17, 9, 5, 2]
(1, (0, 1, 0), (2, 0)): [1107, 483, 176, 119, 52, 16, 8, 3, 0, 0, 1]
(1, (0, 1, 0), (2, 1)): [991, 416, 143, 89, 41, 12, 6, 3, 0, 0, 1, 0, 0, 1]
(1, (0, 1, 0), (2, 2)): [962, 374, 136, 46, 27, 6, 3, 1]
(1, (0, 1, 0), (3, 0)): [597, 226, 76, 79, 36, 9, 5, 2]
(1, (0, 1, 0), (3, 1)): [520, 192, 70, 57, 27, 8, 3, 1, 0, 0, 0, 0, 0, 1]
(1, (0, 1, 0), (3, 2)): [580, 207, 90, 49, 26, 2, 4, 1, 0, 0, 0, 0, 0, 1]
(1, (0, 1, 1), (0, 0)): [22118, 17788, 16579, 6535, 3300, 1301, 508, 207, 96, 31, 9, 7, 1, 2, 0, 1]
(1, (0, 1, 1), (0, 1)): [304, 195, 171, 66, 33, 17, 6, 3]
(1, (0, 1, 1), (0, 2)): [155, 66, 56, 22, 9, 5, 2]
(1, (0, 1, 1), (1, 0)): [516, 388, 302, 148, 99, 36, 15, 10, 3, 1]
(1, (0, 1, 1), (1, 1)): [245, 172, 163, 63, 33, 10, 6, 4]
(1, (0, 1, 1), (1, 2)): [196, 96, 91, 44, 16, 6, 3]
(1, (0, 1, 1), (2, 0)): [337, 252, 172, 99, 77, 30, 12, 8, 3, 1]
(1, (0, 1, 1), (2, 1)): [142, 115, 91, 38, 19, 9, 7, 2]
(1, (0, 1, 1), (2, 2)): [142, 91, 81, 38, 20, 3, 2, 2]
(1, (0, 1, 1), (3, 0)): [273, 198, 128, 73, 67, 26, 8, 8, 3, 1]
(1, (0, 1, 1), (3, 1)): [70, 51, 38, 19, 7, 8, 5]
(1, (0, 1, 1), (3, 2)): [86, 61, 44, 20, 12, 3, 1, 1]
(1, (1, 0, 0), (0, 0)): [380408, 67738, 42652, 18170, 7365, 2914, 1130, 418, 189, 73, 29, 20, 4, 3, 0, 2]
(1, (1, 0, 0), (0, 1)): [6752, 941, 708, 296, 114, 44, 18, 3, 1, 2]
(1, (1, 0, 0), (0, 2)): [2450, 289, 253, 83, 33, 13, 6, 1, 0, 2]
(1, (1, 0, 0), (1, 0)): [6466, 1167, 826, 376, 156, 52, 25, 9, 1, 2, 0, 0, 1, 0, 0, 1]
(1, (1, 0, 0), (1, 1)): [5380, 810, 600, 254, 100, 37, 14, 6, 1, 0, 0, 0, 0, 0, 0, 1]
(1, (1, 0, 0), (1, 2)): [3358, 428, 349, 124, 51, 18, 5, 4, 0, 1]
(1, (1, 0, 0), (2, 0)): [2116, 430, 317, 168, 63, 24, 10, 0, 1, 2, 0, 0, 1]
(1, (1, 0, 0), (2, 1)): [2752, 474, 364, 165, 66, 21, 10, 2, 2, 0, 0, 0, 0, 0, 0, 1]
(1, (1, 0, 0), (2, 2)): [2537, 365, 312, 113, 46, 13, 5, 3, 1, 1]
(1, (1, 0, 0), (3, 0)): [651, 154, 105, 75, 28, 10, 4, 0, 0, 2, 0, 0, 1]
(1, (1, 0, 0), (3, 1)): [1056, 261, 170, 98, 34, 13, 6, 1, 0, 1, 0, 0, 0, 0, 0, 1]
(1, (1, 0, 0), (3, 2)): [1293, 256, 186, 94, 31, 14, 5, 1, 1, 1, 0, 0, 0, 0, 0, 1]
(1, (1, 0, 1), (0, 0)): [30253, 35787, 11721, 7591, 3236, 1324, 515, 210, 73, 46, 13, 5, 0, 1]
(1, (1, 0, 1), (0, 1)): [548, 494, 139, 119, 55, 19, 10, 5, 3, 2]
(1, (1, 0, 1), (0, 2)): [246, 152, 49, 45, 8, 7, 4, 3, 0, 1]
(1, (1, 0, 1), (1, 0)): [547, 599, 192, 141, 71, 25, 7, 2, 0, 2]
(1, (1, 0, 1), (1, 1)): [421, 404, 119, 99, 52, 7, 8, 2, 2]
(1, (1, 0, 1), (1, 2)): [313, 212, 65, 60, 20, 7, 6, 3, 0, 1]
(1, (1, 0, 1), (2, 0)): [215, 207, 67, 44, 31, 15, 1, 1, 0, 1]
(1, (1, 0, 1), (2, 1)): [208, 216, 66, 51, 32, 8, 5, 1, 2]
(1, (1, 0, 1), (2, 2)): [210, 165, 56, 33, 22, 7, 5, 1, 1]
(1, (1, 0, 1), (3, 0)): [82, 82, 24, 19, 14, 7, 0, 0, 0, 1]
(1, (1, 0, 1), (3, 1)): [89, 98, 25, 25, 20, 7, 0, 1]
(1, (1, 0, 1), (3, 2)): [104, 92, 34, 25, 20, 10, 3, 2, 1]
(1, (1, 1, 0), (0, 0)): [103250, 32033, 21657, 15150, 6404, 2660, 1044, 419, 170, 65, 25, 13, 8, 5, 1]
(1, (1, 1, 0), (0, 1)): [1889, 503, 307, 239, 95, 35, 19, 5, 2]
(1, (1, 1, 0), (0, 2)): [758, 191, 102, 86, 29, 8, 4, 0, 1]
(1, (1, 1, 0), (1, 0)): [1714, 578, 401, 307, 133, 47, 23, 10, 1, 3, 0, 0, 2, 1]
(1, (1, 1, 0), (1, 1)): [1428, 411, 279, 200, 87, 32, 19, 8, 0, 2]
(1, (1, 1, 0), (1, 2)): [1024, 250, 155, 121, 46, 14, 8, 2]
(1, (1, 1, 0), (2, 0)): [574, 203, 138, 120, 52, 19, 7, 2, 1, 1, 0, 0, 2, 1]
(1, (1, 1, 0), (2, 1)): [716, 252, 166, 116, 48, 20, 11, 3, 0, 1, 0, 0, 1]
(1, (1, 1, 0), (2, 2)): [745, 206, 115, 88, 40, 13, 5, 1]
(1, (1, 1, 0), (3, 0)): [161, 77, 42, 43, 26, 11, 4, 2, 1, 1, 0, 0, 1]
(1, (1, 1, 0), (3, 1)): [298, 118, 79, 63, 32, 12, 10, 3, 0, 2, 0, 0, 1]
(1, (1, 1, 0), (3, 2)): [389, 123, 80, 54, 34, 14, 9, 4, 0, 2, 0, 0, 1]
(1, (1, 1, 1), (0, 0)): [21355, 16854, 10885, 7217, 5139, 2207, 893, 342, 137, 51, 18, 15, 6, 3, 1, 1]
(1, (1, 1, 1), (0, 1)): [445, 280, 177, 112, 95, 35, 14, 7, 3]
(1, (1, 1, 1), (0, 2)): [223, 98, 64, 35, 36, 12, 7, 1]
(1, (1, 1, 1), (1, 0)): [396, 293, 198, 128, 107, 44, 19, 6, 2, 2, 0, 1, 1]
(1, (1, 1, 1), (1, 1)): [326, 214, 146, 102, 84, 35, 7, 6, 1]
(1, (1, 1, 1), (1, 2)): [250, 113, 91, 61, 43, 27, 8, 3]
(1, (1, 1, 1), (2, 0)): [121, 112, 79, 51, 36, 19, 11, 3, 1, 1, 0, 1, 1]
(1, (1, 1, 1), (2, 1)): [160, 137, 87, 60, 48, 15, 9, 4, 1, 1, 0, 1]
(1, (1, 1, 1), (2, 2)): [171, 96, 74, 64, 41, 18, 7, 2]
(1, (1, 1, 1), (3, 0)): [27, 41, 25, 22, 10, 11, 4, 0, 1, 0, 0, 0, 1]
(1, (1, 1, 1), (3, 1)): [49, 76, 31, 30, 21, 10, 5, 3, 0, 0, 0, 0, 1]
(1, (1, 1, 1), (3, 2)): [87, 63, 37, 41, 28, 14, 3, 2]
(2, (0, 0, 0), (0, 0)): [849601, 37715, 12608, 4016, 1344, 438, 155, 47, 9, 4, 5, 0, 1]
(2, (0, 0, 0), (0, 1)): [15731, 660, 227, 61, 31, 7, 6, 1]
(2, (0, 0, 0), (0, 2)): [5679, 172, 48, 17, 8, 1, 1, 1]
(2, (0, 0, 0), (1, 0)): [15987, 932, 300, 92, 38, 11, 3, 0, 0, 0, 0, 0, 1]
(2, (0, 0, 0), (1, 1)): [13928, 691, 233, 54, 31, 7, 6]
(2, (0, 0, 0), (1, 2)): [8741, 304, 100, 27, 15, 3, 3]
(2, (0, 0, 0), (2, 0)): [5907, 358, 142, 56, 19, 6, 1, 0, 0, 0, 0, 0, 1]
(2, (0, 0, 0), (2, 1)): [8085, 433, 152, 51, 10, 6, 3]
(2, (0, 0, 0), (2, 2)): [7385, 312, 112, 34, 13, 5, 1]
(2, (0, 0, 0), (3, 0)): [2059, 142, 81, 29, 15, 3, 1, 0, 0, 0, 0, 0, 1]
(2, (0, 0, 0), (3, 1)): [3734, 223, 108, 36, 14, 6, 2]
(2, (0, 0, 0), (3, 2)): [4683, 247, 111, 31, 11, 5]
(2, (0, 0, 1), (0, 0)): [80029, 25399, 4819, 1648, 594, 200, 58, 17, 3, 2, 0, 1]
(2, (0, 0, 1), (0, 1)): [1290, 353, 76, 22, 11, 3, 1]
(2, (0, 0, 1), (0, 2)): [499, 96, 25, 4, 2, 1]
(2, (0, 0, 1), (1, 0)): [1519, 435, 95, 42, 11, 5, 0, 2]
(2, (0, 0, 1), (1, 1)): [1204, 289, 68, 19, 9, 1, 1, 1]
(2, (0, 0, 1), (1, 2)): [806, 149, 33, 9, 2, 1, 1]
(2, (0, 0, 1), (2, 0)): [657, 188, 43, 28, 7, 5, 0, 1]
(2, (0, 0, 1), (2, 1)): [694, 160, 48, 17, 9, 1, 0, 2]
(2, (0, 0, 1), (2, 2)): [660, 121, 41, 7, 3, 2, 1]
(2, (0, 0, 1), (3, 0)): [342, 84, 22, 18, 3, 4]
(2, (0, 0, 1), (3, 1)): [370, 89, 21, 15, 6, 1, 0, 1]
(2, (0, 0, 1), (3, 2)): [425, 92, 29, 10, 2, 1]
(2, (0, 1, 0), (0, 0)): [212488, 46133, 12046, 4196, 1362, 452, 142, 41, 8, 6, 5, 0, 1]
(2, (0, 1, 0), (0, 1)): [3276, 599, 156, 54, 19, 1, 1]
(2, (0, 1, 0), (0, 2)): [1218, 171, 38, 11, 6]
(2, (0, 1, 0), (1, 0)): [4320, 750, 307, 125, 32, 17, 5, 1, 0, 0, 0, 0, 1]
(2, (0, 1, 0), (1, 1)): [3063, 526, 187, 61, 17, 4, 3, 1]
(2, (0, 1, 0), (1, 2)): [1920, 263, 68, 35, 6]
(2, (0, 1, 0), (2, 0)): [2012, 344, 154, 84, 24, 12, 3, 0, 0, 0, 0, 0, 1]
(2, (0, 1, 0), (2, 1)): [1834, 336, 119, 45, 13, 8, 3, 1, 0, 0, 0, 0, 1]
(2, (0, 1, 0), (2, 2)): [1687, 246, 68, 38, 8, 4, 0, 1]
(2, (0, 1, 0), (3, 0)): [1131, 163, 91, 56, 16, 5, 2]
(2, (0, 1, 0), (3, 1)): [888, 163, 82, 29, 14, 5, 3, 0, 0, 0, 0, 0, 1]
(2, (0, 1, 0), (3, 2)): [1101, 174, 72, 33, 9, 5, 1, 0, 0, 0, 0, 0, 1]
(2, (0, 1, 1), (0, 0)): [49428, 4351, 11058, 2941, 1150, 365, 127, 43, 17, 4, 3, 1, 0, 1]
(2, (0, 1, 1), (0, 1)): [712, 57, 123, 29, 8, 3, 1, 3]
(2, (0, 1, 1), (0, 2)): [312, 21, 41, 11, 5, 1, 1]
(2, (0, 1, 1), (1, 0)): [1011, 101, 198, 71, 33, 7, 4, 0, 0, 0, 1]
(2, (0, 1, 1), (1, 1)): [649, 52, 115, 31, 7, 3, 1, 2]
(2, (0, 1, 1), (1, 2)): [441, 28, 65, 13, 5, 1, 2, 1]
(2, (0, 1, 1), (2, 0)): [511, 59, 101, 41, 25, 6, 1, 0, 0, 0, 1]
(2, (0, 1, 1), (2, 1)): [358, 32, 81, 19, 8, 4]
(2, (0, 1, 1), (2, 2)): [371, 29, 64, 17, 4, 4, 1, 1]
(2, (0, 1, 1), (3, 0)): [358, 44, 60, 27, 21, 5, 1, 0, 0, 0, 1]
(2, (0, 1, 1), (3, 1)): [188, 17, 39, 13, 4, 1]
(2, (0, 1, 1), (3, 2)): [247, 23, 51, 14, 4, 4, 0, 1]
(2, (1, 0, 0), (0, 0)): [462339, 33577, 21024, 6707, 2145, 688, 274, 74, 17, 10, 6, 0, 1]
(2, (1, 0, 0), (0, 1)): [7750, 429, 328, 90, 34, 8, 6, 1]
(2, (1, 0, 0), (0, 2)): [2799, 122, 85, 16, 12, 2, 1]
(2, (1, 0, 0), (1, 0)): [8070, 638, 466, 182, 44, 15, 7, 2, 0, 0, 0, 0, 1]
(2, (1, 0, 0), (1, 1)): [6400, 393, 317, 103, 26, 3, 4, 1]
(2, (1, 0, 0), (1, 2)): [3970, 193, 134, 48, 13, 2]
(2, (1, 0, 0), (2, 0)): [2748, 260, 156, 86, 19, 7, 4, 0, 0, 0, 0, 0, 1]
(2, (1, 0, 0), (2, 1)): [3289, 216, 177, 64, 22, 6, 2, 1, 0, 0, 0, 0, 1]
(2, (1, 0, 0), (2, 2)): [3033, 176, 132, 42, 16, 5, 1, 1]
(2, (1, 0, 0), (3, 0)): [901, 121, 46, 49, 6, 3, 3]
(2, (1, 0, 0), (3, 1)): [1419, 153, 83, 49, 9, 4, 2, 0, 0, 0, 0, 0, 1]
(2, (1, 0, 0), (3, 2)): [1690, 151, 90, 42, 10, 8, 1, 1, 0, 0, 0, 0, 1]
(2, (1, 0, 1), (0, 0)): [77231, 19160, 7606, 4407, 1412, 473, 169, 53, 20, 7, 0, 2, 1]
(2, (1, 0, 1), (0, 1)): [1364, 280, 110, 79, 25, 3, 2, 2, 0, 0, 0, 1]
(2, (1, 0, 1), (0, 2)): [545, 84, 32, 18, 10, 0, 0, 1]
(2, (1, 0, 1), (1, 0)): [1284, 280, 135, 105, 36, 15, 5]
(2, (1, 0, 1), (1, 1)): [1022, 214, 84, 77, 19, 9, 5, 1, 0, 0, 0, 1]
(2, (1, 0, 1), (1, 2)): [703, 111, 40, 33, 11, 4, 1, 2, 0, 0, 0, 1]
(2, (1, 0, 1), (2, 0)): [483, 100, 68, 34, 15, 5, 2]
(2, (1, 0, 1), (2, 1)): [575, 124, 47, 40, 16, 5, 1]
(2, (1, 0, 1), (2, 2)): [503, 85, 32, 25, 10, 3, 1, 2, 0, 0, 0, 1]
(2, (1, 0, 1), (3, 0)): [172, 31, 32, 14, 8, 2, 2]
(2, (1, 0, 1), (3, 1)): [267, 53, 34, 21, 7, 2, 3]
(2, (1, 0, 1), (3, 2)): [293, 59, 35, 15, 8, 3, 2, 2]
(2, (1, 1, 0), (0, 0)): [177276, 27324, 13861, 9128, 2912, 966, 308, 103, 38, 18, 7, 1, 2, 1]
(2, (1, 1, 0), (0, 1)): [3188, 437, 197, 143, 42, 7, 5, 3, 0, 0, 0, 0, 1]
(2, (1, 1, 0), (0, 2)): [1271, 133, 58, 31, 11, 1, 2, 1]
(2, (1, 1, 0), (1, 0)): [3098, 478, 259, 213, 65, 22, 7, 2, 1, 1]
(2, (1, 1, 0), (1, 1)): [2577, 353, 160, 139, 33, 9, 3, 2, 1, 1, 0, 0, 1]
(2, (1, 1, 0), (1, 2)): [1770, 199, 88, 55, 14, 4, 2, 2]
(2, (1, 1, 0), (2, 0)): [1090, 185, 118, 87, 35, 13, 3, 1]
(2, (1, 1, 0), (2, 1)): [1384, 178, 112, 89, 25, 11, 3, 1, 1, 1, 0, 0, 1]
(2, (1, 1, 0), (2, 2)): [1318, 159, 76, 74, 16, 4, 4, 2, 1]
(2, (1, 1, 0), (3, 0)): [394, 72, 51, 36, 16, 6, 1]
(2, (1, 1, 0), (3, 1)): [608, 95, 71, 50, 15, 9, 2, 1, 0, 0, 0, 0, 1]
(2, (1, 1, 0), (3, 2)): [739, 99, 63, 53, 18, 4, 3, 2, 1]
(2, (1, 1, 1), (0, 0)): [51629, 7572, 8656, 4354, 3082, 978, 327, 115, 40, 8, 6, 0, 1, 1]
(2, (1, 1, 1), (0, 1)): [1087, 112, 153, 76, 54, 9, 5, 3, 1, 0, 0, 0, 1]
(2, (1, 1, 1), (0, 2)): [503, 31, 37, 24, 16, 2, 1, 1, 1]
(2, (1, 1, 1), (1, 0)): [843, 241, 158, 98, 60, 26, 8, 1, 2, 0, 1]
(2, (1, 1, 1), (1, 1)): [796, 123, 132, 68, 45, 7, 4, 0, 0, 0, 1, 0, 1]
(2, (1, 1, 1), (1, 2)): [606, 55, 56, 33, 18, 4, 3, 1, 0, 0, 1]
(2, (1, 1, 1), (2, 0)): [240, 160, 45, 43, 31, 16, 4, 1, 1]
(2, (1, 1, 1), (2, 1)): [353, 109, 76, 39, 35, 10, 4, 0, 0, 0, 0, 0, 1]
(2, (1, 1, 1), (2, 2)): [396, 70, 54, 37, 20, 5, 3, 0, 0, 0, 1]
(2, (1, 1, 1), (3, 0)): [50, 108, 17, 25, 12, 8, 1, 0, 1]
(2, (1, 1, 1), (3, 1)): [110, 110, 29, 27, 26, 8, 4]
(2, (1, 1, 1), (3, 2)): [186, 94, 36, 42, 22, 8, 5, 0, 0, 0, 1]
