(0, (0, 0, 0)): [946795, 188859, 87963, 40138, 18027, 7797, 3227, 1351, 550, 251, 111, 49, 26, 7, 3, 1, 0, 1]
(0, (0, 0, 1)): [4201, 12731, 3494, 1648, 809, 353, 158, 82, 31, 19, 6, 1, 3, 1]
(0, (0, 1, 0)): [31282, 29785, 11619, 5460, 2698, 1171, 478, 205, 90, 52, 18, 5, 3, 1, 1]
(0, (0, 1, 1)): [2797, 4709, 5909, 2687, 1454, 658, 292, 137, 64, 32, 9, 6, 1, 2, 1, 0, 0, 1]
(0, (1, 0, 0)): [206994, 69402, 43894, 21672, 10363, 4686, 1990, 865, 362, 162, 76, 32, 16, 4, 2, 1, 0, 1]
(0, (1, 0, 1)): [4775, 14766, 6148, 4153, 2235, 1024, 505, 210, 96, 41, 20, 12, 5, 1, 1, 0, 0, 1]
(0, (1, 1, 0)): [28070, 18000, 14076, 9825, 5271, 2494, 1084, 528, 205, 93, 47, 18, 7, 1]
(0, (1, 1, 1)): [2907, 5246, 4399, 3423, 2692, 1331, 636, 328, 138, 62, 33, 12, 3, 1, 1]
(1, (0, 0, 0)): [759237, 82067, 33768, 13448, 5302, 2039, 774, 298, 116, 45, 21, 11, 6, 2, 0, 1]
(1, (0, 0, 1)): [21814, 32182, 6329, 2634, 1134, 469, 184, 78, 36, 12, 6, 4, 4, 1]
(1, (0, 1, 0)): [103452, 47977, 16964, 7127, 2891, 1169, 395, 187, 53, 29, 16, 7, 6, 1, 1]
(1, (0, 1, 1)): [17401, 14260, 13651, 5362, 2699, 1063, 424, 166, 83, 22, 9, 5, 1, 2, 0, 1]
(1, (1, 0, 0)): [298799, 53967, 33769, 14539, 5921, 2372, 914, 339, 153, 63, 24, 16, 4, 2, 0, 2]
(1, (1, 0, 1)): [23350, 28589, 9390, 6094, 2647, 1098, 407, 169, 62, 43, 13, 3, 0, 1]
(1, (1, 1, 0)): [80210, 25083, 17398, 11993, 5160, 2172, 848, 336, 138, 56, 19, 11, 6, 4, 1]
(1, (1, 1, 1)): [16597, 13152, 8533, 5806, 4161, 1764, 729, 276, 116, 42, 15, 12, 6, 2, 1, 1]
(2, (0, 0, 0)): [655873, 29045, 9813, 3133, 1078, 353, 129, 40, 9, 3, 4, 0, 1]
(2, (0, 0, 1)): [63469, 20666, 3846, 1306, 466, 167, 49, 15, 2, 2, 0, 1]
(2, (0, 1, 0)): [166357, 36964, 9506, 3318, 1056, 358, 114, 31, 6, 3, 3, 0, 1]
(2, (0, 1, 1)): [39549, 3518, 9110, 2383, 934, 303, 108, 38, 11, 4, 3, 1, 0, 1]
(2, (1, 0, 0)): [364990, 26883, 16556, 5276, 1719, 549, 225, 62, 16, 8, 5, 0, 1]
(2, (1, 0, 1)): [59658, 15281, 6217, 3490, 1145, 381, 139, 45, 17, 5, 0, 2, 1]
(2, (1, 1, 0)): [137912, 21465, 11057, 7138, 2246, 773, 236, 81, 31, 13, 6, 1, 2, 1]
(2, (1, 1, 1)): [40264, 5994, 6804, 3460, 2412, 785, 259, 92, 36, 7, 5, 0, 1, 1]
