(0, (0, 0, 0)): [2345291, 479167, 220058, 100667, 45187, 19247, 8054, 3222, 1327, 570, 259, 118, 41, 22, 6, 1, 1, 1]
(0, (0, 0, 1)): [8585, 26677, 7323, 3570, 1707, 742, 327, 134, 54, 32, 20, 4, 4, 3]
(0, (0, 1, 0)): [87044, 81624, 32075, 15869, 7528, 3254, 1415, 578, 245, 122, 46, 18, 7, 6, 3, 0, 1]
(0, (0, 1, 1)): [6871, 12115, 14406, 6692, 3523, 1697, 729, 317, 156, 71, 21, 13, 3, 4, 2, 0, 1, 1]
(0, (1, 0, 0)): [490503, 162250, 105518, 52536, 25170, 11210, 4715, 1991, 847, 366, 178, 69, 26, 17, 4, 1, 1, 1]
(0, (1, 0, 1)): [11463, 34941, 14235, 10174, 5340, 2486, 1169, 480, 236, 97, 52, 20, 9, 3, 2, 0, 0, 1]
(0, (1, 1, 0)): [70172, 44129, 32694, 23825, 12662, 5928, 2548, 1167, 491, 223, 107, 40, 13, 6, 1, 0, 1]
(0, (1, 1, 1)): [6718, 13204, 10605, 7716, 6329, 3163, 1466, 694, 335, 139, 68, 25, 7, 4, 1, 0, 1]
(1, (0, 0, 0)): [1916325, 213931, 87313, 34646, 13606, 5165, 2007, 711, 254, 104, 37, 23, 8, 3, 0, 1]
(1, (0, 0, 1)): [52027, 74767, 14905, 6545, 2674, 1092, 427, 154, 74, 26, 15, 8, 4, 2]
(1, (0, 1, 0)): [259789, 112510, 41587, 18039, 7309, 2919, 1028, 443, 138, 64, 32, 10, 10, 2, 1]
(1, (0, 1, 1)): [40300, 34026, 29525, 12008, 6158, 2439, 984, 381, 165, 57, 18, 9, 3, 2, 0, 1]
(1, (1, 0, 0)): [712720, 125492, 82735, 35285, 14430, 5705, 2257, 813, 315, 138, 50, 32, 7, 3, 0, 2]
(1, (1, 0, 1)): [58093, 65838, 21186, 14458, 6263, 2569, 1011, 394, 140, 77, 22, 9, 2, 1]
(1, (1, 1, 0)): [200478, 60291, 40178, 29425, 12372, 5104, 2004, 800, 305, 126, 47, 25, 10, 5, 1]
(1, (1, 1, 1)): [40955, 32806, 20503, 13396, 10231, 4346, 1782, 676, 271, 97, 31, 22, 9, 4, 1, 1]
(2, (0, 0, 0)): [1673508, 79069, 26200, 8367, 2794, 877, 304, 101, 20, 8, 5, 0, 1]
(2, (0, 0, 1)): [158236, 46335, 9738, 3354, 1178, 405, 114, 38, 9, 6, 0, 2]
(2, (0, 1, 0)): [416396, 85868, 24041, 8579, 2876, 925, 293, 86, 21, 13, 7, 0, 1]
(2, (0, 1, 1)): [96610, 8100, 20112, 5828, 2295, 758, 246, 79, 24, 7, 5, 1, 0, 1]
(2, (1, 0, 0)): [862666, 62538, 41945, 13380, 4401, 1399, 535, 155, 38, 15, 7, 1, 1]
(2, (1, 0, 1)): [152472, 35525, 14092, 8927, 2962, 960, 323, 93, 32, 11, 2, 4, 2]
(2, (1, 1, 0)): [339445, 50767, 25734, 18154, 5861, 1879, 638, 213, 67, 29, 10, 3, 2, 1]
(2, (1, 1, 1)): [100708, 14649, 16651, 8371, 6334, 1968, 664, 223, 76, 18, 10, 4, 1, 1]
