(0, (0, 0, 0)): [2175918, 445387, 204914, 93867, 42166, 18087, 7542, 3038, 1230, 532, 245, 114, 39, 22, 6, 1, 1, 1]
(0, (0, 0, 1)): [8157, 25270, 6937, 3371, 1613, 700, 312, 128, 53, 29, 19, 3, 4, 3]
(0, (0, 1, 0)): [80390, 75635, 29676, 14721, 6985, 3029, 1319, 531, 221, 116, 43, 17, 7, 6, 3, 0, 1]
(0, (0, 1, 1)): [6404, 11285, 13433, 6248, 3291, 1586, 683, 291, 148, 66, 20, 13, 3, 4, 2, 0, 1, 1]
(0, (1, 0, 0)): [457732, 152481, 98612, 49133, 23567, 10597, 4425, 1885, 787, 342, 168, 66, 25, 17, 4, 1, 1, 1]
(0, (1, 0, 1)): [10766, 32844, 13406, 9537, 5025, 2349, 1106, 448, 220, 87, 50, 19, 9, 3, 2, 0, 0, 1]
(0, (1, 1, 0)): [65056, 41226, 30687, 22296, 11863, 5585, 2387, 1095, 452, 211, 101, 38, 13, 6, 1, 0, 1]
(0, (1, 1, 1)): [6241, 12279, 9893, 7227, 5917, 2980, 1372, 652, 312, 136, 67, 24, 7, 4, 1, 0, 1]
(1, (0, 0, 0)): [1775283, 198344, 81211, 32256, 12685, 4841, 1887, 670, 237, 97, 36, 23, 7, 3, 0, 1]
(1, (0, 0, 1)): [48694, 70085, 13962, 6114, 2499, 1030, 397, 144, 72, 25, 14, 8, 4, 2]
(1, (0, 1, 0)): [241965, 105513, 38902, 16932, 6846, 2752, 960, 421, 124, 61, 32, 10, 10, 2, 1]
(1, (0, 1, 1)): [37726, 31875, 27796, 11292, 5831, 2278, 922, 361, 158, 53, 17, 8, 2, 2, 0, 1]
(1, (1, 0, 0)): [664218, 117573, 77113, 32939, 13511, 5373, 2125, 765, 298, 127, 48, 32, 5, 3, 0, 2]
(1, (1, 0, 1)): [54105, 61773, 19937, 13569, 5889, 2417, 954, 373, 129, 75, 22, 7, 2, 1]
(1, (1, 1, 0)): [186536, 56486, 37717, 27501, 11600, 4818, 1889, 751, 288, 117, 44, 25, 9, 5, 1]
(1, (1, 1, 1)): [38184, 30686, 19234, 12571, 9571, 4053, 1668, 631, 252, 91, 30, 21, 9, 4, 1, 1]
(2, (0, 0, 0)): [1549262, 73114, 24355, 7747, 2595, 830, 283, 100, 20, 8, 5, 0, 1]
(2, (0, 0, 1)): [146963, 43475, 9124, 3123, 1114, 377, 108, 37, 8, 6, 0, 2]
(2, (0, 1, 0)): [387061, 80454, 22436, 7972, 2681, 876, 278, 84, 20, 12, 7, 0, 1]
(2, (0, 1, 1)): [89537, 7576, 18909, 5433, 2148, 708, 226, 72, 23, 6, 5, 1, 0, 1]
(2, (1, 0, 0)): [804166, 58448, 38994, 12432, 4119, 1313, 499, 148, 38, 15, 7, 1, 1]
(2, (1, 0, 1)): [141674, 33317, 13220, 8328, 2779, 902, 304, 90, 30, 10, 2, 4, 2]
(2, (1, 1, 0)): [316866, 47701, 24209, 16951, 5498, 1780, 605, 199, 66, 28, 10, 3, 2, 1]
(2, (1, 1, 1)): [93867, 13712, 15601, 7863, 5928, 1838, 620, 208, 69, 16, 10, 4, 1, 1]
