(0, (0, 0, 0)): [1054380, 209078, 96955, 44129, 19753, 8480, 3520, 1471, 598, 266, 121, 54, 26, 8, 3, 1, 0, 1]
(0, (0, 0, 1)): [4643, 13859, 3751, 1797, 870, 373, 165, 83, 33, 19, 6, 1, 3, 1]
(0, (0, 1, 0)): [35222, 32957, 12760, 6040, 2959, 1278, 536, 221, 95, 54, 20, 5, 3, 2, 1]
(0, (0, 1, 1)): [3135, 5195, 6458, 2974, 1588, 716, 317, 152, 74, 33, 10, 6, 1, 2, 1, 0, 0, 1]
(0, (1, 0, 0)): [229452, 76306, 48257, 23825, 11370, 5114, 2158, 940, 391, 173, 83, 35, 16, 4, 2, 1, 0, 1]
(0, (1, 0, 1)): [5388, 16240, 6727, 4550, 2457, 1118, 551, 223, 106, 46, 23, 12, 5, 1, 1, 0, 0, 1]
(0, (1, 1, 0)): [31133, 19840, 15395, 10826, 5757, 2722, 1178, 577, 223, 102, 51, 21, 7, 1]
(0, (1, 1, 1)): [3174, 5813, 4824, 3740, 2923, 1464, 697, 353, 150, 68, 36, 13, 3, 1, 1]
(1, (0, 0, 0)): [847261, 91154, 37469, 14806, 5803, 2209, 856, 333, 127, 47, 22, 13, 6, 2, 0, 1]
(1, (0, 0, 1)): [24050, 34945, 6817, 2871, 1219, 504, 193, 83, 37, 12, 6, 4, 4, 1]
(1, (0, 1, 0)): [114604, 52445, 18585, 7807, 3163, 1257, 426, 202, 56, 30, 18, 7, 7, 2, 1]
(1, (0, 1, 1)): [19254, 15507, 14709, 5793, 2917, 1145, 459, 181, 86, 24, 9, 6, 1, 2, 0, 1]
(1, (1, 0, 0)): [331138, 59166, 37208, 15920, 6451, 2564, 1000, 369, 164, 65, 26, 19, 4, 2, 0, 2]
(1, (1, 0, 1)): [26134, 31245, 10252, 6653, 2867, 1181, 441, 185, 64, 44, 13, 4, 0, 1]
(1, (1, 1, 0)): [89246, 27760, 19024, 13202, 5628, 2354, 921, 375, 150, 57, 22, 12, 6, 4, 1]
(1, (1, 1, 1)): [18482, 14573, 9447, 6345, 4517, 1932, 792, 308, 122, 43, 17, 14, 6, 2, 1, 1]
(2, (0, 0, 0)): [732208, 32419, 10923, 3455, 1181, 382, 141, 43, 9, 3, 4, 0, 1]
(2, (0, 0, 1)): [69464, 22331, 4205, 1435, 512, 171, 52, 15, 3, 2, 0, 1]
(2, (0, 1, 0)): [183471, 40397, 10435, 3625, 1170, 393, 127, 34, 8, 4, 4, 0, 1]
(2, (0, 1, 1)): [43255, 3839, 9800, 2592, 1013, 326, 114, 40, 15, 4, 3, 1, 0, 1]
(2, (1, 0, 0)): [403416, 29371, 18298, 5812, 1880, 602, 245, 66, 17, 8, 5, 0, 1]
(2, (1, 0, 1)): [66529, 16695, 6732, 3830, 1246, 413, 153, 47, 19, 6, 0, 2, 1]
(2, (1, 1, 0)): [153326, 23745, 12143, 7894, 2478, 849, 266, 88, 36, 14, 6, 1, 2, 1]
(2, (1, 1, 1)): [44894, 6643, 7486, 3789, 2664, 867, 288, 101, 39, 7, 5, 0, 1, 1]
