(0, (0, 0, 0)): [1000534, 199391, 92715, 42329, 18934, 8181, 3380, 1421, 578, 259, 116, 53, 26, 7, 3, 1, 0, 1]
(0, (0, 0, 1)): [4454, 13312, 3627, 1730, 842, 365, 165, 83, 32, 19, 6, 1, 3, 1]
(0, (0, 1, 0)): [33319, 31367, 12224, 5803, 2853, 1240, 511, 217, 93, 53, 18, 5, 3, 1, 1]
(0, (0, 1, 1)): [2977, 4960, 6172, 2836, 1528, 689, 309, 146, 69, 33, 9, 6, 1, 2, 1, 0, 0, 1]
(0, (1, 0, 0)): [218345, 72974, 46204, 22855, 10878, 4920, 2071, 910, 377, 168, 80, 34, 16, 4, 2, 1, 0, 1]
(0, (1, 0, 1)): [5100, 15520, 6436, 4372, 2348, 1081, 532, 220, 102, 43, 23, 12, 5, 1, 1, 0, 0, 1]
(0, (1, 1, 0)): [29622, 18938, 14767, 10358, 5530, 2621, 1128, 553, 213, 99, 48, 20, 7, 1]
(0, (1, 1, 1)): [3038, 5551, 4612, 3575, 2825, 1406, 668, 342, 143, 64, 34, 12, 3, 1, 1]
(1, (0, 0, 0)): [803177, 86809, 35722, 14169, 5569, 2136, 821, 319, 124, 47, 22, 13, 6, 2, 0, 1]
(1, (0, 0, 1)): [22986, 33634, 6580, 2761, 1179, 490, 192, 82, 36, 12, 6, 4, 4, 1]
(1, (0, 1, 0)): [109006, 50228, 17812, 7503, 3042, 1223, 411, 194, 55, 30, 18, 7, 6, 1, 1]
(1, (0, 1, 1)): [18343, 14898, 14202, 5599, 2809, 1111, 444, 172, 84, 23, 9, 6, 1, 2, 0, 1]
(1, (1, 0, 0)): [315046, 56667, 35639, 15291, 6201, 2470, 967, 359, 160, 65, 25, 18, 4, 2, 0, 2]
(1, (1, 0, 1)): [24781, 30001, 9821, 6396, 2758, 1137, 425, 179, 63, 44, 13, 4, 0, 1]
(1, (1, 1, 0)): [84771, 26436, 18259, 12655, 5409, 2278, 889, 357, 144, 57, 20, 11, 6, 4, 1]
(1, (1, 1, 1)): [17596, 13888, 9002, 6115, 4357, 1868, 759, 294, 119, 43, 16, 13, 6, 2, 1, 1]
(2, (0, 0, 0)): [694295, 30858, 10389, 3315, 1125, 369, 133, 41, 9, 3, 4, 0, 1]
(2, (0, 0, 1)): [66502, 21545, 4036, 1386, 490, 169, 52, 15, 3, 2, 0, 1]
(2, (0, 1, 0)): [175001, 38723, 10022, 3492, 1119, 375, 120, 32, 7, 4, 4, 0, 1]
(2, (0, 1, 1)): [41400, 3683, 9451, 2491, 970, 315, 111, 39, 13, 4, 3, 1, 0, 1]
(2, (1, 0, 0)): [384466, 28192, 17472, 5580, 1797, 582, 232, 64, 16, 8, 5, 0, 1]
(2, (1, 0, 1)): [63209, 16061, 6491, 3688, 1194, 401, 147, 46, 19, 6, 0, 2, 1]
(2, (1, 1, 0)): [145857, 22636, 11660, 7535, 2375, 818, 252, 84, 33, 14, 6, 1, 2, 1]
(2, (1, 1, 1)): [42680, 6350, 7176, 3647, 2562, 835, 274, 98, 38, 7, 5, 0, 1, 1]
