(0, (0, 0, 0), (0, 0)): [264090, 52212, 23656, 10753, 4811, 2030, 855, 351, 131, 56, 34, 4, 6, 3, 2]
(0, (0, 0, 0), (0, 1)): [806, 158, 55, 27, 11, 3, 2, 1, 0, 1]
(0, (0, 0, 0), (0, 2)): [319, 62, 21, 7, 3, 2, 1, 1]
(0, (0, 0, 0), (1, 0)): [786, 166, 63, 34, 14, 10, 3, 1, 0, 1]
(0, (0, 0, 0), (1, 1)): [645, 142, 42, 26, 9, 1, 1, 1]
(0, (0, 0, 0), (1, 2)): [408, 85, 20, 11, 3, 2, 1, 1]
(0, (0, 0, 0), (2, 0)): [307, 63, 33, 20, 9, 8, 1, 0, 0, 1]
(0, (0, 0, 0), (2, 1)): [358, 78, 24, 16, 5, 2]
(0, (0, 0, 0), (2, 2)): [341, 71, 12, 9, 5, 2, 1]
(0, (0, 0, 0), (3, 0)): [145, 30, 25, 13, 7, 7, 1]
(0, (0, 0, 0), (3, 1)): [162, 38, 22, 9, 2, 1, 1]
(0, (0, 0, 0), (3, 2)): [209, 43, 21, 9, 6, 2, 2]
(0, (0, 0, 1), (0, 0)): [1479, 4486, 1278, 586, 282, 105, 58, 33, 5, 3, 2, 0, 2]
(0, (0, 0, 1), (0, 1)): [2, 6, 3, 1, 0, 0, 1]
(0, (0, 0, 1), (0, 2)): [0, 4, 1]
(0, (0, 0, 1), (1, 0)): [3, 11, 4, 3, 2]
(0, (0, 0, 1), (2, 0)): [1, 5, 2, 2, 1]
(0, (0, 1, 0), (0, 0)): [8550, 8682, 3188, 1472, 740, 315, 126, 45, 27, 13, 6]
(0, (0, 1, 0), (0, 1)): [22, 30, 2, 2, 0, 1]
(0, (0, 1, 0), (0, 2)): [5, 9, 1, 2, 0, 1]
(0, (0, 1, 0), (1, 0)): [32, 22, 3, 6, 3]
(0, (0, 1, 1), (0, 0)): [742, 1364, 1789, 789, 407, 185, 86, 35, 17, 6, 2, 1, 0, 1, 1]
(0, (0, 1, 1), (1, 0)): [2, 5, 5, 3, 1, 1, 2]
(0, (0, 1, 1), (2, 0)): [0, 4, 4, 3, 0, 1]
(0, (0, 1, 1), (3, 0)): [0, 3, 4, 2, 0, 1]
(0, (1, 0, 0), (0, 0)): [60012, 21431, 12479, 6207, 2850, 1256, 542, 227, 87, 37, 25, 3, 5, 3, 2]
(0, (1, 0, 0), (0, 1)): [169, 34, 34, 13, 7, 3, 2, 1, 1]
(0, (1, 0, 0), (0, 2)): [58, 10, 16, 2, 2, 2, 1, 1]
(0, (1, 0, 0), (1, 0)): [130, 55, 36, 15, 3, 2, 0, 0, 2]
(0, (1, 0, 0), (1, 1)): [107, 30, 27, 10, 4, 2]
(0, (1, 0, 0), (1, 2)): [55, 14, 21, 0, 3, 2]
(0, (1, 0, 0), (2, 0)): [45, 24, 9, 8, 2, 0, 0, 0, 2]
(0, (1, 0, 0), (2, 1)): [52, 23, 8, 10, 1, 0, 0, 0, 2]
(0, (1, 0, 0), (2, 2)): [52, 13, 9, 4, 1, 1, 0, 0, 1]
(0, (1, 0, 1), (0, 0)): [1414, 3850, 1843, 1174, 658, 292, 152, 59, 26, 12, 6, 3, 1, 0, 1]
(0, (1, 0, 1), (1, 0)): [8, 18, 4, 2, 2, 3]
(0, (1, 0, 1), (1, 1)): [4, 10, 1, 1, 1, 0, 1]
(0, (1, 0, 1), (1, 2)): [2, 6, 1, 1]
(0, (1, 0, 1), (2, 2)): [2, 5, 1, 0, 1]
(0, (1, 1, 0), (0, 0)): [7708, 5099, 4253, 2784, 1489, 681, 303, 140, 48, 28, 20, 1, 2, 1]
(0, (1, 1, 0), (0, 1)): [29, 14, 12, 9, 1, 2]
(0, (1, 1, 0), (1, 0)): [17, 14, 8, 13, 4, 4, 3, 1]
(0, (1, 1, 0), (1, 1)): [12, 12, 7, 8, 1, 3]
(0, (1, 1, 0), (2, 0)): [9, 2, 6, 5, 3, 0, 2, 1]
(0, (1, 1, 1), (0, 0)): [869, 1460, 1240, 1090, 844, 416, 185, 95, 40, 25, 12, 1, 1, 1, 1]
(0, (1, 1, 1), (0, 1)): [0, 4, 5, 3, 3, 0, 0, 0, 1]
(0, (1, 1, 1), (1, 1)): [1, 3, 3, 3, 4, 1, 0, 0, 1]
(0, (1, 1, 1), (1, 2)): [1, 2, 3, 0, 3]
(0, (1, 1, 1), (2, 2)): [0, 2, 1, 3, 1, 1]
(1, (0, 0, 0), (0, 0)): [207749, 21486, 8575, 3301, 1333, 540, 188, 78, 17, 10, 4, 1]
(1, (0, 0, 0), (0, 1)): [646, 76, 18, 8, 4]
(1, (0, 0, 0), (0, 2)): [263, 23, 8, 5]
(1, (0, 0, 0), (1, 0)): [605, 65, 27, 6, 2, 2, 0, 1]
(1, (0, 0, 0), (1, 1)): [505, 58, 16, 7, 3, 1]
(1, (0, 0, 0), (1, 2)): [306, 36, 4, 7, 0, 1]
(1, (0, 0, 0), (2, 0)): [209, 26, 15, 2, 1]
(1, (0, 0, 0), (2, 1)): [267, 31, 17, 4, 2]
(1, (0, 0, 0), (2, 2)): [243, 22, 9, 7, 0, 1]
(1, (0, 0, 0), (3, 0)): [90, 8, 4, 0, 1]
(1, (0, 0, 0), (3, 1)): [117, 21, 9, 0, 1]
(1, (0, 0, 0), (3, 2)): [144, 19, 13, 4, 0, 1]
(1, (0, 0, 1), (0, 0)): [7757, 11885, 2284, 930, 413, 153, 62, 32, 11, 2, 0, 2, 1]
(1, (0, 0, 1), (0, 1)): [20, 32, 3, 1, 1]
(1, (0, 0, 1), (0, 2)): [9, 14]
(1, (0, 0, 1), (1, 0)): [21, 24, 8, 3, 3]
(1, (0, 0, 1), (1, 1)): [19, 18, 5, 2, 2]
(1, (0, 0, 1), (2, 0)): [8, 9, 5, 2, 2]
(1, (0, 0, 1), (2, 1)): [6, 10, 1, 1, 2]
(1, (0, 0, 1), (3, 0)): [5, 8, 4, 2, 1]
(1, (0, 0, 1), (3, 1)): [5, 4, 0, 0, 2]
(1, (0, 1, 0), (0, 0)): [32865, 16078, 5286, 2137, 824, 349, 124, 46, 12, 5, 1, 2, 2]
(1, (0, 1, 0), (0, 1)): [110, 40, 9, 4, 1, 1, 1]
(1, (0, 1, 0), (0, 2)): [43, 15, 2, 0, 0, 1, 1]
(1, (0, 1, 0), (1, 0)): [122, 54, 17, 10, 5, 2]
(1, (0, 1, 0), (1, 1)): [102, 35, 7, 8, 3, 1]
(1, (0, 1, 0), (1, 2)): [70, 21, 6, 1, 1]
(1, (0, 1, 0), (2, 2)): [48, 13, 8, 5, 2, 1]
(1, (0, 1, 1), (0, 0)): [5414, 4587, 4904, 1858, 773, 315, 116, 39, 14, 8, 4, 2, 0, 1]
(1, (0, 1, 1), (0, 1)): [19, 5, 16, 3, 1, 0, 0, 1]
(1, (0, 1, 1), (0, 2)): [13, 1, 5, 1]
(1, (0, 1, 1), (1, 0)): [19, 5, 11, 5, 4, 1, 1]
(1, (0, 1, 1), (1, 1)): [11, 2, 13, 3, 1, 0, 1]
(1, (0, 1, 1), (1, 2)): [10, 0, 7, 1, 0, 0, 1]
(1, (0, 1, 1), (2, 0)): [9, 5, 2, 2, 2, 1]
(1, (0, 1, 1), (2, 1)): [6, 3, 8, 2]
(1, (0, 1, 1), (2, 2)): [7, 1, 4, 3]
(1, (0, 1, 1), (3, 0)): [7, 4, 1, 0, 2, 1]
(1, (0, 1, 1), (3, 1)): [5, 2, 3]
(1, (0, 1, 1), (3, 2)): [4, 1, 5]
(1, (1, 0, 0), (0, 0)): [84984, 16256, 9043, 3893, 1533, 650, 208, 91, 26, 13, 7, 3, 1, 2]
(1, (1, 0, 0), (0, 1)): [275, 38, 26, 12, 4, 3, 1]
(1, (1, 0, 0), (0, 2)): [110, 18, 12, 4]
(1, (1, 0, 0), (1, 0)): [255, 50, 50, 18, 3, 3, 0, 1]
(1, (1, 0, 0), (1, 1)): [202, 30, 24, 11, 1, 3, 0, 1]
(1, (1, 0, 0), (1, 2)): [141, 17, 15, 5, 1]
(1, (1, 0, 0), (2, 0)): [87, 21, 25, 8, 3, 1]
(1, (1, 0, 0), (2, 1)): [96, 16, 18, 8, 0, 3, 0, 1]
(1, (1, 0, 0), (2, 2)): [95, 14, 15, 6, 0, 1]
(1, (1, 0, 0), (3, 0)): [31, 13, 9, 4, 3]
(1, (1, 0, 0), (3, 1)): [34, 9, 10, 6, 0, 1, 0, 1]
(1, (1, 0, 0), (3, 2)): [48, 10, 11, 8, 0, 1]
(1, (1, 0, 1), (0, 0)): [6619, 8261, 3047, 1765, 765, 318, 101, 47, 15, 12, 5, 1]
(1, (1, 0, 1), (0, 1)): [20, 16, 8, 4, 2, 1]
(1, (1, 0, 1), (0, 2)): [17, 4, 4, 3, 0, 1]
(1, (1, 0, 1), (1, 0)): [14, 19, 1, 8, 2, 3]
(1, (1, 0, 1), (1, 1)): [5, 16, 2, 6, 1]
(1, (1, 0, 1), (1, 2)): [7, 6, 4, 5, 1]
(1, (1, 0, 1), (2, 0)): [8, 6, 0, 2, 2, 2]
(1, (1, 0, 1), (2, 1)): [2, 9, 0, 3, 0, 1]
(1, (1, 0, 1), (2, 2)): [1, 7, 2, 1, 0, 1]
(1, (1, 0, 1), (3, 1)): [2, 2, 0, 1, 1]
(1, (1, 0, 1), (3, 2)): [1, 6, 2, 1, 1, 1]
(1, (1, 1, 0), (0, 0)): [21182, 6705, 4767, 3116, 1314, 550, 190, 82, 32, 11, 4, 2, 0, 3]
(1, (1, 1, 0), (0, 1)): [64, 18, 11, 13, 4, 2]
(1, (1, 1, 0), (0, 2)): [23, 9, 3, 5, 2]
(1, (1, 1, 0), (1, 0)): [49, 16, 16, 17, 6, 1]
(1, (1, 1, 0), (1, 1)): [57, 12, 5, 11, 2]
(1, (1, 1, 0), (2, 0)): [14, 5, 7, 6, 5]
(1, (1, 1, 0), (3, 0)): [5, 2, 5, 2, 3]
(1, (1, 1, 0), (3, 1)): [5, 7, 3, 1, 1]
(1, (1, 1, 1), (0, 0)): [4075, 3338, 2179, 1644, 1056, 461, 178, 86, 23, 7, 2, 0, 0, 1]
(1, (1, 1, 1), (0, 1)): [14, 12, 9, 4, 0, 1]
(1, (1, 1, 1), (1, 0)): [10, 10, 12, 5, 8, 3, 1, 1]
(1, (1, 1, 1), (1, 1)): [10, 10, 6, 5, 3, 1]
(1, (1, 1, 1), (1, 2)): [6, 6, 1, 4, 1, 1]
(1, (1, 1, 1), (2, 1)): [3, 5, 5, 2, 3, 1, 1]
(1, (1, 1, 1), (2, 2)): [3, 4, 3, 0, 1, 2, 1]
(1, (1, 1, 1), (3, 1)): [2, 2, 2, 4, 2, 1]
(2, (0, 0, 0), (0, 0)): [178670, 7117, 2246, 707, 245, 80, 27, 12, 1, 1, 1]
(2, (0, 0, 0), (0, 1)): [573, 31, 5, 2]
(2, (0, 0, 0), (0, 2)): [211, 8, 3, 1]
(2, (0, 0, 0), (1, 0)): [664, 45, 12, 4, 2]
(2, (0, 0, 0), (1, 1)): [523, 27, 5, 1]
(2, (0, 0, 0), (1, 2)): [294, 8, 6, 1]
(2, (0, 0, 0), (2, 0)): [268, 17, 6, 3, 1]
(2, (0, 0, 0), (2, 1)): [347, 19, 3, 1]
(2, (0, 0, 0), (2, 2)): [281, 13, 6, 2]
(2, (0, 0, 0), (3, 0)): [101, 9, 5, 2, 1]
(2, (0, 0, 0), (3, 1)): [162, 11, 2]
(2, (0, 0, 0), (3, 2)): [207, 14, 6, 1]
(2, (0, 0, 1), (0, 0)): [22823, 8051, 1299, 409, 136, 48, 20, 3]
(2, (0, 0, 1), (0, 1)): [59, 20, 3]
(2, (0, 0, 1), (0, 2)): [27, 9, 3]
(2, (0, 0, 1), (1, 0)): [59, 25, 4]
(2, (0, 0, 1), (1, 1)): [42, 11, 1]
(2, (0, 0, 1), (1, 2)): [32, 11, 2]
(2, (0, 0, 1), (2, 1)): [25, 7, 1]
(2, (0, 0, 1), (2, 2)): [23, 6, 2]
(2, (0, 1, 0), (0, 0)): [53334, 12184, 2873, 918, 276, 95, 37, 12, 1, 1]
(2, (0, 1, 0), (0, 1)): [135, 23, 3, 1, 4]
(2, (0, 1, 0), (0, 2)): [55, 6, 0, 0, 2]
(2, (0, 1, 0), (1, 0)): [181, 30, 13, 2, 1, 1]
(2, (0, 1, 0), (1, 1)): [128, 23, 4, 0, 2]
(2, (0, 1, 0), (1, 2)): [81, 11, 1, 0, 4]
(2, (0, 1, 0), (2, 0)): [89, 14, 9, 2, 1, 1]
(2, (0, 1, 0), (2, 1)): [86, 15, 4, 0, 0, 1]
(2, (0, 1, 0), (2, 2)): [75, 7, 3, 0, 3]
(2, (0, 1, 0), (3, 0)): [46, 9, 5, 1, 1]
(2, (0, 1, 0), (3, 1)): [47, 10, 1, 0, 1, 1]
(2, (0, 1, 0), (3, 2)): [60, 7, 4, 0, 1, 1]
(2, (0, 1, 1), (0, 0)): [13706, 1259, 3276, 821, 285, 92, 25, 6, 3, 1, 1]
(2, (0, 1, 1), (1, 0)): [50, 3, 16, 5, 2]
(2, (0, 1, 1), (1, 1)): [32, 4, 11, 2]
(2, (0, 1, 1), (1, 2)): [20, 1, 4, 2, 1]
(2, (1, 0, 0), (0, 0)): [103461, 8044, 3874, 1273, 402, 133, 47, 18, 3, 0, 1]
(2, (1, 0, 0), (0, 1)): [272, 7, 9, 2, 0, 1]
(2, (1, 0, 0), (0, 2)): [81, 2, 2, 0, 0, 1]
(2, (1, 0, 0), (1, 0)): [291, 15, 13, 5, 1]
(2, (1, 0, 0), (1, 1)): [219, 7, 11, 3, 1]
(2, (1, 0, 0), (1, 2)): [107, 2, 6, 2]
(2, (1, 0, 0), (2, 0)): [106, 8, 4, 3]
(2, (1, 0, 0), (2, 1)): [107, 5, 4, 0, 1]
(2, (1, 0, 0), (2, 2)): [82, 4, 8, 1]
(2, (1, 0, 0), (3, 0)): [39, 5, 1, 3]
(2, (1, 0, 0), (3, 1)): [44, 2, 1]
(2, (1, 0, 0), (3, 2)): [38, 4, 1, 1]
(2, (1, 0, 1), (0, 0)): [17027, 4847, 2100, 917, 303, 106, 35, 10, 4, 0, 0, 1]
(2, (1, 0, 1), (0, 1)): [35, 9, 3, 6, 1, 1]
(2, (1, 0, 1), (0, 2)): [15, 3, 1, 4]
(2, (1, 0, 1), (1, 0)): [44, 4, 6, 7]
(2, (1, 0, 1), (1, 1)): [17, 4, 1, 2, 1]
(2, (1, 0, 1), (1, 2)): [10, 4, 0, 3]
(2, (1, 0, 1), (2, 0)): [21, 2, 4, 4]
(2, (1, 0, 1), (2, 1)): [9, 2, 1, 2, 1]
(2, (1, 1, 0), (0, 0)): [33076, 5048, 2811, 1613, 466, 168, 45, 15, 7, 2, 2, 0, 0, 1]
(2, (1, 1, 0), (0, 1)): [97, 13, 4, 2, 2]
(2, (1, 1, 0), (0, 2)): [40, 5, 1, 1]
(2, (1, 1, 0), (1, 0)): [86, 9, 9, 9, 0, 2, 0, 1]
(2, (1, 1, 0), (1, 1)): [57, 8, 3, 3, 1]
(2, (1, 1, 0), (1, 2)): [39, 4, 0, 1]
(2, (1, 1, 0), (2, 0)): [44, 5, 5, 5, 0, 1, 0, 1]
(2, (1, 1, 0), (2, 1)): [37, 5, 2, 2, 1]
(2, (1, 1, 0), (2, 2)): [32, 4, 1, 1, 1]
(2, (1, 1, 1), (0, 0)): [9836, 1529, 1645, 926, 558, 170, 61, 19, 8, 2, 2, 0, 0, 1]
(2, (1, 1, 1), (0, 1)): [36, 4, 6, 3, 2, 1]
(2, (1, 1, 1), (1, 0)): [31, 9, 3, 8, 0, 1]
(2, (1, 1, 1), (1, 1)): [18, 3, 5, 4]
(2, (1, 1, 1), (1, 2)): [13, 0, 2, 1, 0, 1]
(2, (1, 1, 1), (2, 0)): [17, 8, 1, 4, 0, 1]
(2, (1, 1, 1), (2, 1)): [13, 5, 3, 4]
(2, (1, 1, 1), (3, 0)): [7, 4, 0, 3, 0, 1]
(2, (1, 1, 1), (3, 1)): [8, 3, 0, 2]
(2, (1, 1, 1), (3, 2)): [10, 2, 1, 3]
