(0, (0, 0, 0)): [590630, 119436, 55903, 25840, 11790, 5100, 2127, 916, 385, 191, 82, 26, 18, 4, 2]
(0, (0, 0, 1)): [2756, 8949, 2514, 1187, 586, 233, 119, 65, 24, 13, 4, 1, 3]
(0, (0, 1, 0)): [19448, 19682, 7479, 3549, 1796, 801, 334, 146, 64, 37, 15, 4, 2]
(0, (0, 1, 1)): [1732, 3107, 4042, 1804, 959, 451, 200, 89, 49, 19, 6, 3, 0, 1, 1]
(0, (1, 0, 0)): [131880, 46245, 28636, 14322, 6919, 3094, 1326, 577, 249, 126, 56, 17, 12, 3, 2]
(0, (1, 0, 1)): [3022, 9672, 4186, 2799, 1523, 711, 360, 148, 70, 30, 13, 8, 3, 0, 1]
(0, (1, 1, 0)): [17590, 11720, 9653, 6526, 3560, 1634, 727, 361, 146, 74, 37, 9, 6, 1]
(0, (1, 1, 1)): [1829, 3380, 2918, 2371, 1832, 894, 419, 219, 99, 45, 25, 7, 1, 1, 1]
(1, (0, 0, 0)): [468037, 50540, 20868, 8374, 3336, 1330, 502, 211, 79, 30, 12, 6, 2, 1]
(1, (0, 0, 1)): [14771, 23092, 4464, 1888, 816, 318, 140, 68, 30, 11, 6, 4, 3, 1]
(1, (0, 1, 0)): [67974, 33300, 11379, 4714, 1961, 812, 300, 136, 38, 25, 8, 5, 4]
(1, (0, 1, 1)): [11561, 9959, 9891, 3852, 1848, 747, 289, 114, 61, 20, 8, 4, 1, 1]
(1, (1, 0, 0)): [190788, 36111, 21556, 9477, 3791, 1589, 585, 229, 104, 44, 16, 11, 2, 2]
(1, (1, 0, 1)): [14846, 19239, 6543, 4128, 1754, 758, 278, 116, 48, 31, 10, 2]
(1, (1, 1, 0)): [50473, 16164, 11631, 7665, 3354, 1441, 576, 228, 86, 36, 11, 6, 2, 3]
(1, (1, 1, 1)): [10250, 8532, 5586, 3915, 2688, 1197, 494, 195, 81, 29, 11, 6, 2, 1]
(2, (0, 0, 0)): [401549, 17163, 5860, 1846, 662, 242, 82, 32, 7, 2, 2]
(2, (0, 0, 1)): [44033, 14943, 2656, 902, 317, 116, 41, 12, 1, 2, 0, 1]
(2, (0, 1, 0)): [110135, 25690, 6226, 2132, 692, 249, 82, 22, 6, 1]
(2, (0, 1, 1)): [27106, 2442, 6495, 1694, 638, 211, 73, 27, 10, 3, 1]
(2, (1, 0, 0)): [233778, 18060, 10113, 3327, 1096, 360, 137, 47, 12, 3, 3]
(2, (1, 0, 1)): [38769, 10422, 4446, 2303, 732, 269, 87, 33, 11, 2, 0, 1]
(2, (1, 1, 0)): [85378, 13487, 7281, 4341, 1379, 491, 147, 50, 20, 7, 4, 0, 0, 1]
(2, (1, 1, 1)): [25217, 3834, 4398, 2311, 1504, 507, 168, 60, 25, 6, 4, 0, 0, 1]
