(0, (0, 0, 0), (0, 0)): [2142654, 438660, 201785, 92468, 41520, 17828, 7421, 2992, 1219, 521, 241, 113, 38, 21, 6, 1, 1, 1]
(0, (0, 0, 0), (0, 1)): [338103, 66595, 30314, 14296, 6272, 2773, 1149, 412, 172, 76, 42, 21, 5, 4, 1, 1]
(0, (0, 0, 0), (0, 2)): [129156, 22565, 10122, 4687, 1996, 878, 361, 123, 53, 26, 8, 4, 3, 0, 1]
(0, (0, 0, 0), (1, 0)): [287320, 65407, 31139, 14553, 6902, 2944, 1285, 516, 203, 70, 42, 17, 3, 5, 2, 0, 1]
(0, (0, 0, 0), (1, 1)): [283463, 58558, 27199, 12753, 5769, 2504, 1056, 395, 173, 57, 40, 17, 3, 6, 0, 1, 1]
(0, (0, 0, 0), (1, 2)): [194878, 35363, 16174, 7447, 3265, 1407, 599, 223, 99, 33, 14, 8, 5, 1, 1]
(0, (0, 0, 0), (2, 0)): [92178, 23213, 11845, 5618, 2769, 1171, 511, 230, 75, 32, 18, 8, 1, 2, 1]
(0, (0, 0, 0), (2, 1)): [145466, 32942, 16121, 7534, 3587, 1556, 625, 280, 104, 38, 23, 12, 1, 3, 0, 0, 1]
(0, (0, 0, 0), (2, 2)): [154385, 30549, 14422, 6735, 3045, 1271, 548, 210, 97, 30, 16, 5, 4, 2, 1, 0, 1]
(0, (0, 0, 0), (3, 0)): [26769, 7641, 4526, 2268, 1147, 481, 211, 96, 32, 15, 11, 3, 0, 2, 1]
(0, (0, 0, 0), (3, 1)): [55347, 14702, 7942, 3867, 1899, 838, 335, 175, 67, 25, 10, 10, 1, 3, 1]
(0, (0, 0, 0), (3, 2)): [81282, 18799, 9959, 4701, 2235, 962, 394, 179, 73, 27, 11, 10, 4, 2, 1, 0, 1]
(0, (0, 0, 1), (0, 0)): [8069, 24977, 6861, 3333, 1593, 693, 309, 125, 51, 29, 19, 3, 4, 3]
(0, (0, 0, 1), (0, 1)): [898, 2802, 765, 363, 179, 80, 35, 14, 7, 3, 3, 0, 0, 1]
(0, (0, 0, 1), (0, 2)): [397, 1025, 262, 129, 57, 32, 12, 4, 4]
(0, (0, 0, 1), (1, 0)): [873, 3082, 892, 497, 237, 111, 45, 14, 7, 4, 7]
(0, (0, 0, 1), (1, 1)): [822, 2605, 714, 347, 188, 88, 35, 13, 4, 6, 3, 0, 0, 1]
(0, (0, 0, 1), (1, 2)): [632, 1659, 421, 207, 92, 54, 18, 7, 3, 3, 2]
(0, (0, 0, 1), (2, 0)): [313, 1127, 356, 230, 97, 45, 17, 8, 4, 1, 5]
(0, (0, 0, 1), (2, 1)): [437, 1456, 444, 252, 130, 55, 28, 10, 5, 3, 2]
(0, (0, 0, 1), (2, 2)): [574, 1484, 407, 200, 105, 51, 20, 5, 2, 2, 2]
(0, (0, 0, 1), (3, 0)): [100, 386, 122, 93, 38, 19, 8, 2, 1, 0, 3]
(0, (0, 0, 1), (3, 1)): [172, 642, 202, 156, 72, 27, 15, 4, 2, 2]
(0, (0, 0, 1), (3, 2)): [318, 904, 252, 169, 94, 37, 15, 2, 3, 1, 1]
(0, (0, 1, 0), (0, 0)): [78986, 74402, 29169, 14460, 6883, 2985, 1296, 521, 216, 113, 41, 17, 6, 6, 3, 0, 1]
(0, (0, 1, 0), (0, 1)): [12403, 11079, 4455, 2092, 996, 430, 205, 77, 32, 16, 4, 4, 1, 1, 1]
(0, (0, 1, 0), (0, 2)): [5058, 3810, 1533, 677, 335, 143, 73, 24, 11, 4, 0, 1, 1]
(0, (0, 1, 0), (1, 0)): [11992, 11596, 4849, 2665, 1233, 579, 241, 99, 37, 13, 8, 3, 2, 2, 1, 0, 1]
(0, (0, 1, 0), (1, 1)): [10760, 9640, 3956, 2019, 939, 415, 190, 77, 20, 17, 7, 3, 0, 2, 1]
(0, (0, 1, 0), (1, 2)): [7535, 5855, 2448, 1173, 529, 235, 101, 51, 11, 6, 2, 3, 1, 0, 1]
(0, (0, 1, 0), (2, 0)): [4370, 4162, 1855, 1096, 492, 257, 100, 43, 18, 3, 1, 3, 2, 1, 0, 0, 1]
(0, (0, 1, 0), (2, 1)): [5880, 5398, 2330, 1215, 577, 281, 130, 45, 15, 12, 2, 1, 1, 1, 0, 0, 1]
(0, (0, 1, 0), (2, 2)): [6381, 4953, 2245, 1029, 484, 217, 100, 43, 11, 6, 2, 2, 1, 0, 1, 0, 1]
(0, (0, 1, 0), (3, 0)): [1517, 1223, 638, 454, 205, 108, 50, 22, 8, 1, 0, 1, 1]
(0, (0, 1, 0), (3, 1)): [2594, 2239, 1063, 708, 318, 159, 70, 27, 5, 4, 1, 1, 0, 1]
(0, (0, 1, 0), (3, 2)): [3739, 2894, 1434, 775, 357, 178, 92, 32, 6, 6, 2, 0, 0, 0, 1, 0, 1]
(0, (0, 1, 1), (0, 0)): [6306, 11108, 13232, 6170, 3234, 1564, 670, 288, 148, 64, 19, 13, 3, 4, 2, 0, 1, 1]
(0, (0, 1, 1), (0, 1)): [963, 1640, 1846, 819, 439, 209, 106, 37, 17, 10, 3, 2, 1, 0, 0, 0, 1]
(0, (0, 1, 1), (0, 2)): [456, 612, 660, 301, 153, 79, 40, 20, 2, 4, 0, 1]
(0, (0, 1, 1), (1, 0)): [908, 1747, 2117, 1077, 559, 299, 117, 45, 32, 7, 4, 5, 0, 1, 1]
(0, (0, 1, 1), (1, 1)): [794, 1437, 1700, 760, 403, 193, 84, 26, 17, 5, 4, 1, 1, 0, 0, 0, 1]
(0, (0, 1, 1), (1, 2)): [652, 915, 1026, 448, 269, 125, 52, 18, 8, 2, 1, 1, 0, 0, 0, 0, 1]
(0, (0, 1, 1), (2, 0)): [366, 756, 798, 454, 272, 157, 53, 21, 21, 6, 2, 2, 0, 1, 1]
(0, (0, 1, 1), (2, 1)): [400, 794, 928, 451, 203, 116, 47, 20, 11, 8, 3, 1, 1, 0, 1]
(0, (0, 1, 1), (2, 2)): [513, 810, 870, 402, 211, 108, 43, 16, 8, 7, 2, 1, 0, 0, 0, 0, 1]
(0, (0, 1, 1), (3, 0)): [195, 357, 345, 226, 157, 84, 29, 8, 14, 1, 1, 2, 0, 1]
(0, (0, 1, 1), (3, 1)): [163, 317, 371, 201, 131, 68, 26, 11, 12, 2, 0, 1, 0, 0, 1]
(0, (0, 1, 1), (3, 2)): [289, 425, 498, 270, 136, 82, 37, 15, 12, 3, 2, 0, 0, 0, 0, 0, 1]
(0, (1, 0, 0), (0, 0)): [451215, 150389, 97202, 48440, 23217, 10455, 4351, 1859, 781, 334, 166, 65, 25, 16, 4, 1, 1, 1]
(0, (1, 0, 0), (0, 1)): [64160, 19212, 13124, 6503, 3143, 1421, 575, 233, 116, 36, 21, 9, 1, 3]
(0, (1, 0, 0), (0, 2)): [24400, 6346, 4428, 2067, 973, 436, 201, 74, 32, 12, 8, 2]
(0, (1, 0, 0), (1, 0)): [56163, 19807, 14021, 7378, 3636, 1675, 698, 301, 116, 57, 34, 11, 2, 5, 2, 0, 1]
(0, (1, 0, 0), (1, 1)): [49159, 15633, 10898, 5570, 2609, 1256, 498, 213, 95, 40, 18, 9, 1, 3, 1]
(0, (1, 0, 0), (1, 2)): [32290, 8917, 6266, 3097, 1434, 658, 280, 112, 55, 17, 4, 3, 0, 0, 1]
(0, (1, 0, 0), (2, 0)): [17484, 6752, 4997, 2791, 1440, 671, 271, 118, 37, 28, 17, 2, 2, 3, 0, 0, 1]
(0, (1, 0, 0), (2, 1)): [23831, 8259, 5858, 3123, 1505, 727, 289, 128, 54, 32, 16, 5, 0, 5, 0, 0, 1]
(0, (1, 0, 0), (2, 2)): [23463, 7064, 5023, 2465, 1216, 507, 241, 100, 49, 22, 10, 3, 0, 2]
(0, (1, 0, 0), (3, 0)): [4507, 2113, 1646, 1113, 580, 270, 110, 44, 15, 12, 6, 1, 1]
(0, (1, 0, 0), (3, 1)): [8535, 3476, 2566, 1628, 795, 406, 161, 70, 26, 16, 10, 2, 1, 2]
(0, (1, 0, 0), (3, 2)): [11001, 4142, 2887, 1623, 809, 365, 174, 74, 36, 17, 7, 2, 0, 1]
(0, (1, 0, 1), (0, 0)): [10619, 32404, 13241, 9413, 4964, 2311, 1090, 436, 216, 87, 48, 19, 8, 3, 2, 0, 0, 1]
(0, (1, 0, 1), (0, 1)): [1529, 4182, 1718, 1279, 641, 311, 148, 44, 26, 11, 5, 1, 3, 1]
(0, (1, 0, 1), (0, 2)): [697, 1490, 598, 438, 206, 107, 46, 14, 6, 1, 1, 1, 1, 1]
(0, (1, 0, 1), (1, 0)): [1317, 4350, 1782, 1342, 747, 379, 149, 70, 38, 17, 12, 1, 0, 1, 1]
(0, (1, 0, 1), (1, 1)): [1212, 3360, 1424, 1025, 550, 247, 109, 46, 30, 12, 7]
(0, (1, 0, 1), (1, 2)): [957, 1985, 836, 576, 300, 134, 60, 23, 12, 4, 2, 1, 1]
(0, (1, 0, 1), (2, 0)): [437, 1469, 614, 481, 272, 158, 59, 24, 11, 9, 5, 1]
(0, (1, 0, 1), (2, 1)): [570, 1734, 747, 559, 294, 156, 61, 26, 17, 10, 5]
(0, (1, 0, 1), (2, 2)): [712, 1545, 668, 478, 247, 124, 55, 26, 4, 5, 3]
(0, (1, 0, 1), (3, 0)): [147, 447, 217, 133, 101, 72, 25, 8, 5, 2, 1, 1]
(0, (1, 0, 1), (3, 1)): [236, 588, 323, 236, 160, 83, 29, 12, 12, 7, 2]
(0, (1, 0, 1), (3, 2)): [356, 769, 417, 269, 175, 93, 34, 17, 9, 10, 4]
(0, (1, 1, 0), (0, 0)): [63996, 40578, 30249, 21953, 11701, 5507, 2353, 1081, 450, 207, 101, 37, 13, 5, 1, 0, 1]
(0, (1, 1, 0), (0, 1)): [10276, 5664, 3897, 3039, 1697, 728, 353, 144, 57, 21, 14, 6, 0, 1, 1, 0, 1]
(0, (1, 1, 0), (0, 2)): [4222, 1952, 1316, 1016, 560, 257, 111, 56, 24, 11, 3]
(0, (1, 1, 0), (1, 0)): [8082, 5323, 4052, 3148, 1655, 864, 359, 152, 66, 28, 17, 6, 3, 2]
(0, (1, 1, 0), (1, 1)): [7574, 4366, 3193, 2537, 1304, 621, 267, 110, 31, 16, 15, 2, 2, 2, 1, 0, 1]
(0, (1, 1, 0), (1, 2)): [5493, 2653, 1832, 1542, 773, 340, 144, 64, 23, 16, 4, 1, 0, 1, 0, 0, 1]
(0, (1, 1, 0), (2, 0)): [2390, 1802, 1395, 1061, 642, 350, 151, 61, 34, 12, 6, 4, 0, 1]
(0, (1, 1, 0), (2, 1)): [3480, 2227, 1718, 1302, 731, 350, 158, 63, 32, 10, 10, 3, 2, 0, 1]
(0, (1, 1, 0), (2, 2)): [3836, 2060, 1513, 1200, 634, 293, 128, 55, 21, 14, 5, 1, 0, 0, 0, 0, 1]
(0, (1, 1, 0), (3, 0)): [554, 584, 489, 356, 255, 142, 58, 26, 12, 6, 2, 2, 0, 1]
(0, (1, 1, 0), (3, 1)): [1223, 958, 777, 598, 390, 222, 95, 32, 18, 8, 5, 1, 2, 0, 1]
(0, (1, 1, 0), (3, 2)): [1786, 1155, 938, 741, 439, 223, 92, 46, 17, 8, 5, 0, 0, 0, 0, 0, 1]
(0, (1, 1, 1), (0, 0)): [6144, 12079, 9751, 7125, 5825, 2927, 1351, 639, 308, 133, 66, 23, 7, 4, 1, 0, 1]
(0, (1, 1, 1), (0, 1)): [1062, 1890, 1498, 993, 859, 443, 192, 89, 55, 21, 8, 5, 2, 1]
(0, (1, 1, 1), (0, 2)): [575, 752, 542, 345, 305, 151, 57, 29, 16, 7, 5, 2, 1]
(0, (1, 1, 1), (1, 0)): [710, 1698, 1384, 986, 847, 463, 197, 75, 47, 20, 9, 4, 0, 1, 0, 0, 1]
(0, (1, 1, 1), (1, 1)): [693, 1493, 1207, 798, 686, 390, 170, 77, 41, 17, 6, 3, 1, 1, 0, 0, 1]
(0, (1, 1, 1), (1, 2)): [642, 1038, 785, 498, 430, 212, 95, 42, 20, 8, 4, 3, 0, 1, 0, 0, 1]
(0, (1, 1, 1), (2, 0)): [206, 502, 464, 354, 317, 171, 61, 29, 15, 9, 3, 2, 0, 1]
(0, (1, 1, 1), (2, 1)): [320, 687, 595, 428, 344, 212, 81, 44, 29, 10, 3, 0, 1]
(0, (1, 1, 1), (2, 2)): [413, 754, 605, 399, 330, 183, 76, 44, 20, 11, 2, 1, 1]
(0, (1, 1, 1), (3, 0)): [41, 139, 126, 126, 95, 61, 28, 15, 4, 4, 2, 1, 0, 1]
(0, (1, 1, 1), (3, 1)): [96, 253, 242, 182, 152, 89, 47, 15, 9, 5, 2, 1, 0, 1]
(0, (1, 1, 1), (3, 2)): [159, 365, 337, 245, 206, 109, 65, 26, 14, 6, 2, 1, 1, 1]
(1, (0, 0, 0), (0, 0)): [1747707, 195270, 79932, 31771, 12489, 4766, 1859, 659, 234, 95, 36, 23, 7, 3, 0, 1]
(1, (0, 0, 0), (0, 1)): [278303, 29493, 11962, 4763, 1906, 713, 276, 104, 28, 11, 4, 5, 0, 1]
(1, (0, 0, 0), (0, 2)): [107081, 9684, 3915, 1453, 584, 217, 66, 28, 3, 4, 1, 3]
(1, (0, 0, 0), (1, 0)): [246175, 31680, 13357, 5445, 2236, 849, 334, 102, 38, 16, 5, 3, 0, 0, 0, 1]
(1, (0, 0, 0), (1, 1)): [239040, 27177, 11107, 4487, 1850, 655, 295, 98, 32, 10, 5, 2, 0, 1]
(1, (0, 0, 0), (1, 2)): [162521, 15662, 6279, 2461, 1033, 370, 144, 42, 14, 7, 1, 2]
(1, (0, 0, 0), (2, 0)): [82025, 11893, 5383, 2282, 941, 383, 144, 44, 14, 9, 2, 2, 0, 0, 0, 1]
(1, (0, 0, 0), (2, 1)): [126235, 16017, 6961, 2808, 1202, 443, 162, 67, 15, 11, 5, 2]
(1, (0, 0, 0), (2, 2)): [132404, 14047, 5956, 2450, 1010, 360, 122, 50, 17, 8, 1, 1]
(1, (0, 0, 0), (3, 0)): [24334, 3960, 2209, 974, 375, 172, 78, 17, 10, 4, 1, 1, 0, 0, 0, 1]
(1, (0, 0, 0), (3, 1)): [50368, 7666, 3812, 1642, 694, 270, 104, 36, 10, 5, 3]
(1, (0, 0, 0), (3, 2)): [72739, 9363, 4484, 1897, 812, 294, 100, 43, 11, 7, 3]
(1, (0, 0, 1), (0, 0)): [48020, 69191, 13786, 6022, 2462, 1020, 393, 142, 71, 25, 14, 8, 4, 2]
(1, (0, 0, 1), (0, 1)): [6736, 8304, 1706, 698, 247, 125, 55, 14, 4, 1, 3, 1]
(1, (0, 0, 1), (0, 2)): [2944, 2721, 531, 204, 81, 40, 18, 2, 3, 0, 1, 1]
(1, (0, 0, 1), (1, 0)): [7174, 10657, 2251, 1135, 458, 193, 67, 22, 19, 4, 1, 1]
(1, (0, 0, 1), (1, 1)): [6239, 8002, 1652, 756, 276, 118, 45, 14, 6, 3, 1, 1]
(1, (0, 0, 1), (1, 2)): [4698, 4431, 887, 386, 154, 65, 28, 5, 4, 1, 1, 2]
(1, (0, 0, 1), (2, 0)): [2947, 4330, 999, 571, 238, 98, 39, 14, 11, 2, 1]
(1, (0, 0, 1), (2, 1)): [3542, 4765, 1042, 524, 192, 86, 28, 13, 6, 2, 1]
(1, (0, 0, 1), (2, 2)): [4119, 4049, 868, 413, 140, 63, 31, 9, 3, 1, 2, 2]
(1, (0, 0, 1), (3, 0)): [1382, 1761, 454, 314, 137, 55, 20, 7, 4, 0, 1]
(1, (0, 0, 1), (3, 1)): [1548, 2048, 526, 293, 123, 53, 18, 8, 3, 1]
(1, (0, 0, 1), (3, 2)): [2475, 2526, 614, 340, 124, 60, 28, 11, 3, 0, 1]
(1, (0, 1, 0), (0, 0)): [238372, 104059, 38339, 16675, 6736, 2714, 942, 416, 124, 60, 32, 10, 10, 2, 1]
(1, (0, 1, 0), (0, 1)): [34430, 13614, 5064, 2143, 851, 377, 127, 57, 14, 9, 6, 1, 1]
(1, (0, 1, 0), (0, 2)): [13447, 4739, 1690, 665, 248, 123, 40, 16, 4, 3, 1, 1, 1]
(1, (0, 1, 0), (1, 0)): [37398, 15797, 6389, 3189, 1315, 528, 190, 85, 29, 13, 6, 0, 0, 1]
(1, (0, 1, 0), (1, 1)): [31401, 12477, 4853, 2200, 912, 368, 130, 48, 16, 5, 5, 0, 0, 1]
(1, (0, 1, 0), (1, 2)): [21034, 7482, 2726, 1162, 431, 194, 70, 33, 9, 6, 1, 1]
(1, (0, 1, 0), (2, 0)): [15690, 6412, 2790, 1624, 689, 274, 99, 53, 15, 8, 5]
(1, (0, 1, 0), (2, 1)): [18248, 7289, 3067, 1509, 656, 249, 90, 39, 11, 6, 3, 0, 0, 1]
(1, (0, 1, 0), (2, 2)): [18401, 6525, 2562, 1137, 466, 205, 69, 26, 8, 5, 2]
(1, (0, 1, 0), (3, 0)): [7057, 2628, 1243, 891, 400, 153, 59, 28, 9, 4, 2]
(1, (0, 1, 0), (3, 1)): [8514, 3215, 1548, 934, 425, 145, 62, 32, 13, 4, 2, 0, 0, 1]
(1, (0, 1, 0), (3, 2)): [11380, 4000, 1824, 970, 425, 158, 60, 24, 5, 6, 2, 0, 0, 1]
(1, (0, 1, 1), (0, 0)): [37188, 31378, 27431, 11122, 5750, 2247, 900, 357, 158, 53, 17, 8, 2, 2, 0, 1]
(1, (0, 1, 1), (0, 1)): [4734, 3654, 3097, 1262, 576, 195, 103, 45, 13, 2, 3]
(1, (0, 1, 1), (0, 2)): [2212, 1168, 1082, 445, 215, 64, 36, 18, 2, 1, 3]
(1, (0, 1, 1), (1, 0)): [6111, 5597, 4266, 1901, 1198, 471, 188, 74, 28, 13, 1, 1]
(1, (0, 1, 1), (1, 1)): [4079, 3343, 2765, 1127, 556, 190, 87, 36, 14, 5, 0, 1]
(1, (0, 1, 1), (1, 2)): [3306, 1927, 1706, 679, 338, 106, 51, 26, 5, 4, 2, 1]
(1, (0, 1, 1), (2, 0)): [3445, 3008, 2181, 1085, 804, 326, 131, 51, 20, 8, 1]
(1, (0, 1, 1), (2, 1)): [2229, 1894, 1554, 695, 358, 136, 63, 18, 8, 3]
(1, (0, 1, 1), (2, 2)): [2740, 1655, 1475, 621, 317, 91, 49, 17, 5, 2, 1, 1]
(1, (0, 1, 1), (3, 0)): [2494, 2009, 1338, 753, 661, 262, 102, 44, 16, 7, 1]
(1, (0, 1, 1), (3, 1)): [971, 838, 679, 318, 193, 97, 33, 15, 6, 3]
(1, (0, 1, 1), (3, 2)): [1556, 1052, 832, 409, 251, 82, 34, 17, 7, 3, 0, 1]
(1, (1, 0, 0), (0, 0)): [654528, 116029, 75986, 32475, 13311, 5294, 2089, 756, 296, 123, 48, 32, 5, 3, 0, 2]
(1, (1, 0, 0), (0, 1)): [93559, 14863, 10134, 4375, 1754, 704, 285, 100, 28, 14, 8, 4]
(1, (1, 0, 0), (0, 2)): [35207, 4841, 3239, 1323, 521, 238, 96, 27, 8, 4, 4]
(1, (1, 0, 0), (1, 0)): [88284, 16700, 11913, 5373, 2274, 917, 381, 136, 41, 22, 7, 4, 1, 0, 0, 1]
(1, (1, 0, 0), (1, 1)): [75768, 12906, 9012, 3969, 1614, 624, 258, 93, 30, 12, 6, 6, 0, 0, 0, 1]
(1, (1, 0, 0), (1, 2)): [49280, 7251, 4995, 2134, 835, 322, 130, 48, 16, 5, 5, 1]
(1, (1, 0, 0), (2, 0)): [28895, 5916, 4387, 2212, 948, 384, 163, 56, 21, 7, 2, 0, 1]
(1, (1, 0, 0), (2, 1)): [38088, 7144, 5062, 2456, 984, 407, 159, 54, 19, 7, 5, 4, 0, 0, 0, 1]
(1, (1, 0, 0), (2, 2)): [37210, 6011, 4081, 1894, 747, 312, 120, 44, 11, 4, 3, 1]
(1, (1, 0, 0), (3, 0)): [8195, 1951, 1369, 879, 407, 154, 76, 21, 7, 4, 0, 0, 1]
(1, (1, 0, 0), (3, 1)): [14671, 3302, 2293, 1329, 558, 215, 102, 26, 13, 4, 3, 1, 0, 0, 0, 1]
(1, (1, 0, 0), (3, 2)): [18697, 3834, 2483, 1354, 537, 224, 101, 26, 13, 4, 4, 2, 0, 0, 0, 1]
(1, (1, 0, 1), (0, 0)): [53319, 60931, 19681, 13383, 5824, 2391, 939, 372, 129, 74, 22, 7, 1, 1]
(1, (1, 0, 1), (0, 1)): [8210, 7466, 2389, 1667, 736, 309, 115, 35, 20, 9, 3, 0, 1]
(1, (1, 0, 1), (0, 2)): [3614, 2424, 808, 577, 250, 98, 46, 20, 8, 4, 2]
(1, (1, 0, 1), (1, 0)): [7283, 8190, 2783, 2023, 950, 396, 150, 70, 20, 16, 0, 1]
(1, (1, 0, 1), (1, 1)): [6418, 6188, 2067, 1446, 612, 268, 94, 27, 12, 6, 0, 1, 1]
(1, (1, 0, 1), (1, 2)): [4700, 3464, 1212, 843, 348, 147, 48, 27, 8, 4, 2]
(1, (1, 0, 1), (2, 0)): [2497, 2731, 994, 741, 406, 169, 60, 33, 6, 7]
(1, (1, 0, 1), (2, 1)): [3186, 3174, 1073, 800, 392, 154, 65, 21, 9, 6, 0, 1]
(1, (1, 0, 1), (2, 2)): [3440, 2632, 998, 686, 332, 115, 51, 20, 9, 4, 1]
(1, (1, 0, 1), (3, 0)): [845, 896, 355, 257, 165, 75, 22, 9, 1, 3]
(1, (1, 0, 1), (3, 1)): [1209, 1246, 501, 355, 196, 91, 28, 14, 2, 3, 0, 1]
(1, (1, 0, 1), (3, 2)): [1693, 1487, 625, 426, 246, 96, 35, 14, 7, 3, 0, 1]
(1, (1, 1, 0), (0, 0)): [183678, 55683, 37191, 27129, 11432, 4744, 1859, 744, 285, 114, 44, 25, 9, 5, 1]
(1, (1, 1, 0), (0, 1)): [29041, 7673, 4839, 3783, 1603, 659, 236, 106, 40, 13, 8, 4]
(1, (1, 1, 0), (0, 2)): [11734, 2723, 1634, 1283, 529, 211, 60, 33, 12, 1, 2]
(1, (1, 1, 0), (1, 0)): [25014, 8149, 5489, 4280, 1867, 769, 354, 119, 33, 21, 9, 4, 2, 1]
(1, (1, 1, 0), (1, 1)): [22922, 6567, 4332, 3349, 1446, 575, 233, 98, 27, 21, 8, 4]
(1, (1, 1, 0), (1, 2)): [16228, 3975, 2470, 1926, 826, 271, 92, 57, 16, 4, 6, 2]
(1, (1, 1, 0), (2, 0)): [8007, 3002, 1974, 1531, 771, 347, 159, 49, 16, 8, 5, 2, 2, 1]
(1, (1, 1, 0), (2, 1)): [11352, 3628, 2454, 1898, 878, 397, 172, 51, 20, 9, 7, 2, 1]
(1, (1, 1, 0), (2, 2)): [12231, 3315, 2087, 1621, 779, 287, 111, 50, 15, 6, 3, 2]
(1, (1, 1, 0), (3, 0)): [2062, 1101, 709, 459, 311, 140, 66, 25, 4, 4, 1, 2, 1]
(1, (1, 1, 0), (3, 1)): [4150, 1769, 1203, 877, 484, 228, 92, 31, 11, 6, 4, 2, 1]
(1, (1, 1, 0), (3, 2)): [5986, 2093, 1415, 1022, 577, 210, 85, 34, 11, 6, 2, 1, 1]
(1, (1, 1, 1), (0, 0)): [37575, 30173, 18964, 12391, 9428, 3988, 1641, 625, 249, 89, 30, 21, 9, 4, 1, 1]
(1, (1, 1, 1), (0, 1)): [6379, 4379, 2677, 1724, 1380, 550, 238, 89, 38, 11, 3, 1, 0, 1]
(1, (1, 1, 1), (0, 2)): [3015, 1507, 954, 624, 462, 161, 80, 25, 6, 6, 2, 0, 0, 1]
(1, (1, 1, 1), (1, 0)): [4771, 4367, 2688, 1717, 1491, 646, 293, 103, 36, 12, 5, 6, 2]
(1, (1, 1, 1), (1, 1)): [4689, 3616, 2244, 1445, 1171, 481, 226, 82, 34, 7, 3, 3]
(1, (1, 1, 1), (1, 2)): [3767, 2089, 1387, 886, 682, 282, 120, 45, 16, 6, 1, 3, 0, 1]
(1, (1, 1, 1), (2, 0)): [1246, 1459, 935, 586, 547, 269, 115, 45, 11, 5, 2, 3, 1]
(1, (1, 1, 1), (2, 1)): [1998, 1934, 1149, 744, 611, 289, 132, 45, 15, 4, 3, 2]
(1, (1, 1, 1), (2, 2)): [2523, 1726, 1116, 728, 570, 244, 115, 41, 14, 8, 1, 3, 0, 1]
(1, (1, 1, 1), (3, 0)): [207, 444, 317, 207, 170, 91, 42, 19, 4, 2, 0, 1, 1]
(1, (1, 1, 1), (3, 1)): [528, 827, 532, 332, 284, 151, 53, 24, 9, 2, 2, 1, 1]
(1, (1, 1, 1), (3, 2)): [977, 1035, 654, 441, 347, 177, 75, 30, 8, 3, 2, 1, 0, 1]
(2, (0, 0, 0), (0, 0)): [1525120, 71919, 23974, 7606, 2555, 816, 280, 93, 19, 8, 5, 0, 1]
(2, (0, 0, 0), (0, 1)): [241127, 10212, 3413, 1089, 393, 115, 43, 13, 3]
(2, (0, 0, 0), (0, 2)): [91890, 2736, 950, 296, 114, 28, 3, 5]
(2, (0, 0, 0), (1, 0)): [223039, 13134, 4594, 1404, 506, 142, 54, 14, 6, 0, 0, 0, 1]
(2, (0, 0, 0), (1, 1)): [212107, 10249, 3541, 1082, 404, 123, 50, 9, 5]
(2, (0, 0, 0), (1, 2)): [141265, 4868, 1720, 558, 191, 62, 21, 7, 1]
(2, (0, 0, 0), (2, 0)): [78268, 5206, 2157, 633, 227, 64, 24, 7, 3, 0, 0, 0, 1]
(2, (0, 0, 0), (2, 1)): [116988, 6612, 2554, 720, 263, 75, 31, 7, 5]
(2, (0, 0, 0), (2, 2)): [120136, 5012, 1918, 574, 197, 66, 23, 7, 1]
(2, (0, 0, 0), (3, 0)): [24610, 1743, 990, 295, 104, 34, 10, 4, 0, 0, 0, 0, 1]
(2, (0, 0, 0), (3, 1)): [49260, 3331, 1615, 496, 156, 46, 14, 6, 3]
(2, (0, 0, 0), (3, 2)): [70000, 3801, 1757, 523, 175, 59, 20, 6, 2]
(2, (0, 0, 1), (0, 0)): [144757, 42934, 9004, 3074, 1100, 374, 106, 36, 8, 5, 0, 2]
(2, (0, 0, 1), (0, 1)): [21428, 5107, 1138, 368, 130, 49, 13, 4, 1, 2]
(2, (0, 0, 1), (0, 2)): [8495, 1544, 342, 107, 38, 13, 4, 0, 0, 1]
(2, (0, 0, 1), (1, 0)): [24145, 6654, 1713, 656, 253, 82, 24, 10, 2, 1, 0, 1]
(2, (0, 0, 1), (1, 1)): [20084, 4956, 1137, 422, 152, 55, 10, 6, 1, 1]
(2, (0, 0, 1), (1, 2)): [13661, 2593, 559, 184, 80, 29, 7, 2, 0, 1]
(2, (0, 0, 1), (2, 0)): [10545, 2825, 829, 373, 146, 46, 16, 5, 1, 1, 0, 1]
(2, (0, 0, 1), (2, 1)): [12169, 3141, 841, 339, 124, 35, 9, 7, 0, 2]
(2, (0, 0, 1), (2, 2)): [12538, 2548, 663, 228, 93, 34, 6, 3]
(2, (0, 0, 1), (3, 0)): [5024, 1159, 405, 232, 83, 30, 11, 1, 1, 0, 0, 1]
(2, (0, 0, 1), (3, 1)): [5734, 1493, 458, 247, 83, 24, 9, 4, 0, 1]
(2, (0, 0, 1), (3, 2)): [8000, 1755, 528, 237, 93, 24, 8, 3, 0, 1]
(2, (0, 1, 0), (0, 0)): [381039, 79335, 22104, 7831, 2636, 865, 274, 83, 19, 12, 7, 0, 1]
(2, (0, 1, 0), (0, 1)): [55295, 9696, 2716, 873, 331, 94, 30, 8, 4, 3, 1]
(2, (0, 1, 0), (0, 2)): [21862, 2889, 808, 238, 91, 18, 8, 1, 1, 1]
(2, (0, 1, 0), (1, 0)): [63465, 12553, 4261, 1783, 586, 196, 69, 23, 1, 1, 0, 0, 1]
(2, (0, 1, 0), (1, 1)): [51539, 9375, 2828, 996, 359, 106, 43, 13, 3, 2, 1]
(2, (0, 1, 0), (1, 2)): [34760, 4904, 1346, 478, 167, 36, 21, 7, 0, 1]
(2, (0, 1, 0), (2, 0)): [28614, 5400, 2067, 1066, 366, 120, 33, 13, 1, 1, 0, 0, 1]
(2, (0, 1, 0), (2, 1)): [30822, 5842, 1997, 762, 283, 84, 26, 6, 2, 2, 1, 0, 1]
(2, (0, 1, 0), (2, 2)): [31343, 4756, 1409, 544, 204, 48, 26, 8, 0, 2]
(2, (0, 1, 0), (3, 0)): [14611, 2355, 1040, 718, 229, 77, 24, 12, 1, 1]
(2, (0, 1, 0), (3, 1)): [14392, 2743, 1105, 554, 197, 62, 18, 5, 2, 1, 1, 0, 1]
(2, (0, 1, 0), (3, 2)): [19797, 3150, 1146, 592, 201, 54, 31, 8, 0, 1, 0, 0, 1]
(2, (0, 1, 1), (0, 0)): [88070, 7486, 18618, 5345, 2115, 691, 224, 72, 23, 6, 4, 1, 0, 1]
(2, (0, 1, 1), (0, 1)): [12941, 832, 2235, 644, 223, 79, 20, 9, 1, 1]
(2, (0, 1, 1), (0, 2)): [5482, 282, 702, 202, 79, 23, 6, 2, 0, 1]
(2, (0, 1, 1), (1, 0)): [15182, 1467, 2926, 1080, 501, 172, 53, 16, 4, 0, 2]
(2, (0, 1, 1), (1, 1)): [11777, 827, 2133, 676, 246, 96, 23, 10, 3]
(2, (0, 1, 1), (1, 2)): [8744, 482, 1209, 349, 136, 44, 9, 3, 0, 1]
(2, (0, 1, 1), (2, 0)): [7365, 833, 1333, 569, 329, 104, 32, 11, 1, 0, 2]
(2, (0, 1, 1), (2, 1)): [6943, 559, 1309, 450, 205, 72, 17, 6, 3, 0, 1]
(2, (0, 1, 1), (2, 2)): [7782, 519, 1125, 370, 145, 59, 9, 4, 2]
(2, (0, 1, 1), (3, 0)): [4324, 571, 686, 337, 226, 77, 22, 10, 0, 0, 1]
(2, (0, 1, 1), (3, 1)): [3301, 308, 602, 243, 135, 47, 15, 7, 1, 0, 1]
(2, (0, 1, 1), (3, 2)): [4928, 415, 774, 291, 141, 62, 9, 7, 3]
(2, (1, 0, 0), (0, 0)): [792512, 57597, 38392, 12225, 4056, 1296, 492, 141, 36, 15, 7, 1, 1]
(2, (1, 0, 0), (0, 1)): [112746, 6973, 4783, 1566, 536, 181, 69, 26, 10, 1, 0, 1]
(2, (1, 0, 0), (0, 2)): [42285, 1893, 1234, 436, 148, 37, 21, 5, 4]
(2, (1, 0, 0), (1, 0)): [109265, 9091, 6535, 2232, 801, 229, 97, 22, 7, 2, 0, 0, 1]
(2, (1, 0, 0), (1, 1)): [94275, 6392, 4506, 1505, 512, 167, 61, 19, 7, 1]
(2, (1, 0, 0), (1, 2)): [60938, 3056, 2011, 740, 250, 69, 26, 7, 4]
(2, (1, 0, 0), (2, 0)): [36864, 3572, 2450, 1025, 365, 105, 44, 14, 5, 2, 0, 0, 1]
(2, (1, 0, 0), (2, 1)): [49289, 3894, 2761, 1018, 347, 109, 46, 12, 4, 0, 0, 0, 1]
(2, (1, 0, 0), (2, 2)): [47822, 2974, 1926, 714, 255, 74, 34, 6, 4]
(2, (1, 0, 0), (3, 0)): [10920, 1347, 792, 472, 163, 47, 17, 6, 3, 2]
(2, (1, 0, 0), (3, 1)): [19957, 2059, 1349, 674, 195, 64, 23, 7, 2, 1, 0, 0, 1]
(2, (1, 0, 0), (3, 2)): [25445, 2204, 1386, 646, 205, 72, 26, 10, 1, 1, 0, 0, 1]
(2, (1, 0, 1), (0, 0)): [139485, 32856, 13037, 8208, 2744, 886, 301, 89, 30, 10, 2, 4, 1]
(2, (1, 0, 1), (0, 1)): [21717, 4194, 1581, 1070, 380, 125, 43, 7, 4, 1, 1, 1]
(2, (1, 0, 1), (0, 2)): [8764, 1255, 457, 290, 112, 30, 10, 2, 1]
(2, (1, 0, 1), (1, 0)): [20911, 4637, 2118, 1519, 570, 156, 57, 15, 1, 2, 0, 1]
(2, (1, 0, 1), (1, 1)): [18198, 3621, 1550, 1021, 406, 121, 44, 10, 3, 2, 1, 2]
(2, (1, 0, 1), (1, 2)): [12434, 1880, 794, 481, 195, 64, 25, 4, 3, 0, 0, 1]
(2, (1, 0, 1), (2, 0)): [7528, 1639, 873, 606, 250, 72, 25, 8, 1]
(2, (1, 0, 1), (2, 1)): [9872, 1972, 956, 608, 294, 84, 24, 8, 0, 1, 0, 1]
(2, (1, 0, 1), (2, 2)): [9771, 1524, 739, 444, 184, 67, 24, 4, 3, 0, 0, 1]
(2, (1, 0, 1), (3, 0)): [2536, 505, 355, 229, 103, 28, 15, 3, 1]
(2, (1, 0, 1), (3, 1)): [4264, 797, 493, 309, 186, 37, 22, 4, 1, 1]
(2, (1, 0, 1), (3, 2)): [5488, 815, 570, 320, 179, 53, 16, 5, 3]
(2, (1, 1, 0), (0, 0)): [312146, 47030, 23850, 16675, 5410, 1754, 594, 195, 64, 28, 10, 2, 2, 1]
(2, (1, 1, 0), (0, 1)): [48549, 6173, 2968, 2224, 690, 211, 76, 30, 5, 4, 2, 1, 1]
(2, (1, 1, 0), (0, 2)): [19953, 1824, 874, 631, 210, 61, 21, 10, 2, 1]
(2, (1, 1, 0), (1, 0)): [44184, 6757, 3833, 2882, 1072, 317, 119, 30, 14, 4, 1]
(2, (1, 1, 0), (1, 1)): [40642, 5499, 2870, 2133, 666, 215, 72, 27, 9, 4, 2, 1, 1]
(2, (1, 1, 0), (1, 2)): [28853, 2879, 1509, 1018, 315, 111, 29, 17, 6, 1, 1]
(2, (1, 1, 0), (2, 0)): [15216, 2381, 1546, 1126, 546, 151, 60, 13, 6, 3]
(2, (1, 1, 0), (2, 1)): [21356, 3007, 1793, 1323, 530, 139, 57, 17, 6, 3, 0, 0, 1]
(2, (1, 1, 0), (2, 2)): [22842, 2490, 1454, 987, 370, 108, 40, 17, 10, 1, 1]
(2, (1, 1, 0), (3, 0)): [4917, 747, 628, 384, 267, 84, 27, 5, 3, 2]
(2, (1, 1, 0), (3, 1)): [9108, 1312, 1008, 674, 374, 98, 35, 6, 3, 1, 0, 0, 1]
(2, (1, 1, 0), (3, 2)): [12736, 1530, 1183, 742, 389, 90, 35, 12, 7, 1, 1]
(2, (1, 1, 1), (0, 0)): [92361, 13475, 15340, 7748, 5826, 1801, 614, 202, 67, 16, 10, 4, 1, 1]
(2, (1, 1, 1), (0, 1)): [16097, 1704, 2103, 1090, 829, 247, 90, 23, 11, 1, 3, 0, 1]
(2, (1, 1, 1), (0, 2)): [7066, 540, 611, 329, 221, 72, 29, 6, 2, 0, 2]
(2, (1, 1, 1), (1, 0)): [12455, 2767, 2341, 1336, 1063, 336, 112, 38, 12, 4, 1, 2]
(2, (1, 1, 1), (1, 1)): [12681, 1806, 1928, 1062, 797, 243, 79, 22, 9, 2, 1, 0, 1]
(2, (1, 1, 1), (1, 2)): [9825, 939, 1004, 509, 391, 127, 40, 11, 3, 1, 2]
(2, (1, 1, 1), (2, 0)): [3498, 1599, 806, 534, 428, 135, 47, 15, 4, 3, 0, 2]
(2, (1, 1, 1), (2, 1)): [5772, 1485, 1074, 695, 506, 178, 53, 9, 5, 1, 0, 0, 1]
(2, (1, 1, 1), (2, 2)): [6980, 1110, 901, 540, 385, 142, 41, 9, 4, 2, 2]
(2, (1, 1, 1), (3, 0)): [591, 982, 229, 226, 136, 60, 28, 10, 2, 3, 0, 1]
(2, (1, 1, 1), (3, 1)): [1669, 1234, 422, 384, 274, 98, 38, 7, 2, 3, 0, 1]
(2, (1, 1, 1), (3, 2)): [2984, 1250, 553, 483, 301, 120, 44, 9, 3, 2, 2]
