(0, (0, 0, 0), (0, 0)): [78096, 14698, 6502, 2934, 1316, 499, 206, 92, 27, 8, 14]
(0, (0, 0, 0), (0, 1)): [258, 46, 13, 7, 2, 1, 1, 1]
(0, (0, 0, 0), (0, 2)): [110, 24, 3, 3, 0, 1, 1, 1]
(0, (0, 0, 0), (1, 0)): [216, 36, 13, 1, 0, 2, 2]
(0, (0, 0, 0), (1, 1)): [197, 28, 14, 5, 1]
(0, (0, 0, 0), (1, 2)): [147, 21, 5, 3, 0, 1, 0, 1]
(0, (0, 0, 0), (2, 0)): [65, 15, 4, 0, 0, 2, 1]
(0, (0, 0, 0), (2, 1)): [96, 23, 6, 2, 0, 1]
(0, (0, 0, 0), (2, 2)): [108, 20, 1, 1, 0, 2]
(0, (0, 0, 0), (3, 0)): [19, 6, 3, 0, 0, 1, 1]
(0, (0, 0, 0), (3, 1)): [28, 7, 6, 0, 0, 0, 1]
(0, (0, 0, 0), (3, 2)): [49, 15, 6, 0, 0, 2, 1]
(0, (0, 0, 1), (0, 0)): [529, 1440, 391, 173, 87, 30, 17, 6, 1, 1, 2]
(0, (0, 1, 0), (0, 0)): [2684, 2610, 932, 433, 217, 69, 30, 7, 4, 2, 3]
(0, (0, 1, 0), (0, 1)): [8, 7, 1, 1]
(0, (0, 1, 0), (0, 2)): [3, 2, 0, 1]
(0, (0, 1, 1), (0, 0)): [237, 360, 504, 240, 99, 51, 20, 8, 5, 3, 1]
(0, (1, 0, 0), (0, 0)): [17828, 6240, 3514, 1746, 788, 324, 126, 59, 19, 6, 9]
(0, (1, 0, 0), (0, 1)): [48, 8, 3, 2, 0, 1, 1]
(0, (1, 0, 0), (0, 2)): [17, 4, 0, 1, 0, 1, 1]
(0, (1, 0, 0), (1, 0)): [28, 16, 7, 1, 0, 1]
(0, (1, 0, 0), (1, 1)): [23, 9, 6, 0, 0, 1]
(0, (1, 0, 0), (1, 2)): [15, 3, 3, 0, 0, 2]
(0, (1, 0, 0), (2, 0)): [7, 5, 1, 1]
(0, (1, 0, 0), (2, 1)): [7, 8, 3, 1]
(0, (1, 0, 0), (2, 2)): [9, 3, 2, 1, 0, 1]
(0, (1, 0, 1), (0, 0)): [432, 985, 521, 281, 171, 66, 34, 17, 7, 2, 3]
(0, (1, 0, 1), (1, 0)): [2, 5, 1, 0, 1]
(0, (1, 1, 0), (0, 0)): [2294, 1501, 1259, 797, 425, 179, 71, 33, 7, 8, 5]
(0, (1, 1, 0), (0, 1)): [6, 2, 1, 1]
(0, (1, 1, 0), (0, 2)): [4, 1]
(0, (1, 1, 0), (1, 0)): [2, 2, 0, 1, 0, 1, 1]
(0, (1, 1, 1), (0, 0)): [286, 421, 367, 330, 243, 117, 52, 24, 10, 8, 3]
(0, (1, 1, 1), (0, 1)): [0, 0, 1, 2, 1]
(1, (0, 0, 0), (0, 0)): [61491, 5940, 2312, 860, 345, 134, 46, 27, 4, 1, 2]
(1, (0, 0, 0), (0, 1)): [219, 20, 6, 3, 1]
(1, (0, 0, 0), (0, 2)): [88, 7, 2, 2]
(1, (0, 0, 0), (1, 0)): [155, 17, 7, 2, 0, 1, 0, 1]
(1, (0, 0, 0), (1, 1)): [158, 13, 4, 1, 0, 1]
(1, (0, 0, 0), (1, 2)): [103, 10, 2, 2, 0, 1]
(1, (0, 0, 0), (2, 0)): [47, 8, 4, 2]
(1, (0, 0, 0), (2, 1)): [69, 6, 5, 2]
(1, (0, 0, 0), (2, 2)): [74, 5, 2, 2, 0, 1]
(1, (0, 0, 0), (3, 0)): [14, 3, 1]
(1, (0, 0, 0), (3, 1)): [21, 5, 3]
(1, (0, 0, 0), (3, 2)): [39, 5, 5, 1, 0, 1]
(1, (0, 0, 1), (0, 0)): [2596, 3814, 701, 288, 127, 42, 21, 10, 2, 1]
(1, (0, 0, 1), (0, 1)): [8, 11]
(1, (0, 0, 1), (0, 2)): [5, 4]
(1, (0, 0, 1), (1, 0)): [8, 11, 1, 1, 1]
(1, (0, 0, 1), (1, 1)): [7, 9, 0, 1, 1]
(1, (0, 0, 1), (1, 2)): [3, 5, 0, 1]
(1, (0, 0, 1), (2, 0)): [1, 1]
(1, (0, 0, 1), (2, 1)): [3, 5]
(1, (0, 0, 1), (3, 1)): [1, 1]
(1, (0, 1, 0), (0, 0)): [10235, 4776, 1538, 659, 248, 99, 29, 15, 4]
(1, (0, 1, 0), (0, 1)): [26, 13, 3, 1, 0, 1]
(1, (0, 1, 0), (0, 2)): [10, 3, 0, 0, 0, 1]
(1, (0, 1, 0), (1, 0)): [29, 16, 1, 2, 1, 1]
(1, (0, 1, 0), (1, 1)): [26, 12, 0, 2, 1, 1]
(1, (0, 1, 0), (1, 2)): [21, 6, 0, 0, 1]
(1, (0, 1, 0), (2, 0)): [11, 4, 1]
(1, (0, 1, 0), (2, 2)): [13, 6, 0, 2, 1, 1]
(1, (0, 1, 0), (3, 0)): [5, 3, 1]
(1, (0, 1, 0), (3, 2)): [5, 0, 0, 0, 0, 1]
(1, (0, 1, 1), (0, 0)): [1683, 1369, 1462, 546, 206, 90, 31, 9, 4, 3, 1]
(1, (0, 1, 1), (0, 1)): [4, 1, 5, 0, 0, 0, 0, 1]
(1, (0, 1, 1), (1, 0)): [4, 1, 2, 2]
(1, (1, 0, 0), (0, 0)): [24560, 4708, 2423, 1018, 399, 164, 54, 27, 7, 1, 2]
(1, (1, 0, 0), (0, 1)): [74, 9, 3, 4, 1, 1, 1]
(1, (1, 0, 0), (0, 2)): [30, 6, 1, 2]
(1, (1, 0, 0), (1, 0)): [50, 16, 8, 3, 0, 2]
(1, (1, 0, 0), (1, 1)): [44, 7, 2, 3, 0, 1]
(1, (1, 0, 0), (1, 2)): [40, 5, 2, 2]
(1, (1, 0, 0), (2, 1)): [11, 4, 1, 1, 0, 1]
(1, (1, 0, 0), (2, 2)): [19, 5, 2, 3, 0, 1]
(1, (1, 0, 0), (3, 2)): [7, 6, 1, 1, 0, 1]
(1, (1, 0, 1), (0, 0)): [1770, 2139, 817, 468, 199, 64, 17, 13, 3, 1, 1]
(1, (1, 0, 1), (0, 1)): [7, 3, 0, 2, 1]
(1, (1, 0, 1), (0, 2)): [5, 0, 0, 1]
(1, (1, 0, 1), (1, 0)): [6, 5, 0, 0, 1, 1]
(1, (1, 0, 1), (1, 1)): [1, 5, 0, 1, 1]
(1, (1, 0, 1), (2, 0)): [4, 2, 0, 0, 1]
(1, (1, 0, 1), (3, 0)): [3, 1]
(1, (1, 1, 0), (0, 0)): [5940, 1826, 1322, 839, 346, 129, 47, 18, 6, 1]
(1, (1, 1, 0), (0, 1)): [14, 2, 5, 3]
(1, (1, 1, 0), (1, 0)): [12, 6, 0, 2]
(1, (1, 1, 0), (1, 1)): [18, 4, 3, 1]
(1, (1, 1, 0), (2, 1)): [5, 4, 2, 1]
(1, (1, 1, 0), (2, 2)): [8, 1, 1, 1]
(1, (1, 1, 0), (3, 1)): [1, 2, 1]
(1, (1, 1, 0), (3, 2)): [2, 2, 1, 1]
(1, (1, 1, 1), (0, 0)): [1216, 946, 615, 478, 294, 130, 52, 23, 5, 2]
(2, (0, 0, 0), (0, 0)): [53784, 1947, 612, 182, 64, 13, 5, 2, 0, 0, 1]
(2, (0, 0, 0), (0, 1)): [174, 4, 1]
(2, (0, 0, 0), (0, 2)): [70, 1]
(2, (0, 0, 0), (1, 0)): [154, 8, 4, 0, 1]
(2, (0, 0, 0), (1, 1)): [141, 8, 1]
(2, (0, 0, 0), (1, 2)): [84, 2, 1]
(2, (0, 0, 0), (2, 0)): [55, 0, 3]
(2, (0, 0, 0), (2, 1)): [82, 7]
(2, (0, 0, 0), (2, 2)): [73, 4, 1]
(2, (0, 0, 0), (3, 0)): [15, 0, 3]
(2, (0, 0, 0), (3, 1)): [34, 2, 1]
(2, (0, 0, 0), (3, 2)): [52, 2]
(2, (0, 0, 1), (0, 0)): [6928, 2504, 380, 123, 37, 6, 4, 2]
(2, (0, 0, 1), (0, 1)): [17, 6, 1]
(2, (0, 0, 1), (0, 2)): [10, 5, 1]
(2, (0, 0, 1), (1, 0)): [17, 8]
(2, (0, 0, 1), (1, 1)): [13, 1]
(2, (0, 0, 1), (1, 2)): [13, 4, 1]
(2, (0, 0, 1), (2, 0)): [6, 2]
(2, (0, 0, 1), (2, 1)): [7]
(2, (0, 0, 1), (2, 2)): [7, 1, 1]
(2, (0, 1, 0), (0, 0)): [17054, 3763, 872, 261, 66, 21, 11, 6]
(2, (0, 1, 0), (0, 1)): [48, 5, 2, 1, 1]
(2, (0, 1, 0), (0, 2)): [23, 1]
(2, (0, 1, 0), (1, 0)): [53, 12, 4, 0, 0, 1]
(2, (0, 1, 0), (1, 1)): [37, 7, 2, 0, 1]
(2, (0, 1, 0), (1, 2)): [26, 2, 0, 0, 1]
(2, (0, 1, 0), (2, 0)): [26, 5, 2, 0, 0, 1]
(2, (0, 1, 0), (2, 1)): [23, 6, 1, 0, 0, 1]
(2, (0, 1, 0), (2, 2)): [20]
(2, (0, 1, 0), (3, 0)): [14, 3, 1]
(2, (0, 1, 0), (3, 1)): [17, 5, 0, 0, 0, 1]
(2, (0, 1, 0), (3, 2)): [13, 3, 0, 0, 0, 1]
(2, (0, 1, 1), (0, 0)): [4099, 433, 954, 219, 78, 24, 6, 1]
(2, (0, 1, 1), (0, 1)): [11, 2, 3]
(2, (0, 1, 1), (1, 0)): [11, 1, 10, 1]
(2, (0, 1, 1), (1, 1)): [10, 2, 6, 1]
(2, (0, 1, 1), (1, 2)): [3, 0, 2, 1]
(2, (0, 1, 1), (2, 0)): [4, 1, 5]
(2, (0, 1, 1), (2, 1)): [4, 1, 3]
(2, (0, 1, 1), (3, 1)): [2, 1, 3]
(2, (1, 0, 0), (0, 0)): [29875, 2253, 1019, 325, 94, 30, 10, 4, 0, 0, 1]
(2, (1, 0, 0), (0, 1)): [85, 1, 3]
(2, (1, 0, 0), (0, 2)): [18]
(2, (1, 0, 0), (1, 0)): [73, 3, 4, 1, 1]
(2, (1, 0, 0), (1, 1)): [53, 1, 2, 0, 1]
(2, (1, 0, 0), (1, 2)): [24]
(2, (1, 0, 0), (2, 0)): [30, 2, 2, 1]
(2, (1, 0, 0), (2, 1)): [17, 2, 0, 0, 1]
(2, (1, 0, 0), (2, 2)): [10]
(2, (1, 0, 0), (3, 0)): [10, 1, 1, 1]
(2, (1, 0, 0), (3, 1)): [10, 1]
(2, (1, 0, 0), (3, 2)): [5]
(2, (1, 0, 1), (0, 0)): [4443, 1259, 571, 211, 72, 15, 6, 2]
(2, (1, 0, 1), (1, 0)): [13, 1, 4]
(2, (1, 0, 1), (2, 0)): [5, 0, 3]
(2, (1, 0, 1), (3, 0)): [1, 0, 1]
(2, (1, 0, 1), (3, 1)): [1, 0, 2]
(2, (1, 1, 0), (0, 0)): [8989, 1238, 756, 415, 97, 37, 10, 3, 1, 1, 1]
(2, (1, 1, 0), (0, 1)): [26, 2, 2, 0, 1]
(2, (1, 1, 0), (1, 1)): [12, 0, 1]
(2, (1, 1, 0), (1, 2)): [7, 1]
(2, (1, 1, 0), (2, 2)): [4, 1]
(2, (1, 1, 1), (0, 0)): [2773, 441, 436, 239, 146, 43, 20, 4, 2, 2, 1]
(2, (1, 1, 1), (0, 1)): [11, 0, 2, 0, 1]
(2, (1, 1, 1), (0, 2)): [8]
