(0, (0, 0, 0), (0, 0)): [2378638, 486223, 223190, 102178, 45836, 19555, 8150, 3272, 1343, 576, 259, 119, 43, 23, 6, 1, 1, 1]
(0, (0, 0, 0), (0, 1)): [462852, 89664, 40679, 18894, 8318, 3574, 1471, 523, 240, 98, 48, 23, 6, 5, 1, 1]
(0, (0, 0, 0), (0, 2)): [179923, 30848, 13773, 6268, 2701, 1144, 465, 156, 76, 32, 8, 4, 4, 1, 1]
(0, (0, 0, 0), (1, 0)): [376009, 84531, 39928, 18638, 8739, 3679, 1596, 659, 250, 100, 52, 20, 6, 6, 2, 0, 1]
(0, (0, 0, 0), (1, 1)): [380847, 77561, 35845, 16660, 7499, 3203, 1341, 514, 223, 80, 51, 21, 4, 6, 0, 1, 1]
(0, (0, 0, 0), (1, 2)): [267834, 47669, 21655, 9747, 4304, 1810, 771, 289, 128, 43, 16, 8, 5, 2, 1]
(0, (0, 0, 0), (2, 0)): [119421, 29724, 15087, 7125, 3482, 1424, 628, 278, 97, 47, 23, 8, 2, 3, 1]
(0, (0, 0, 0), (2, 1)): [192210, 43021, 20963, 9788, 4594, 1941, 785, 344, 139, 54, 31, 14, 3, 4, 0, 0, 1]
(0, (0, 0, 0), (2, 2)): [210553, 40989, 19306, 8879, 3957, 1641, 699, 266, 132, 41, 19, 6, 5, 2, 1, 0, 1]
(0, (0, 0, 0), (3, 0)): [34321, 9657, 5686, 2874, 1418, 578, 261, 114, 40, 24, 12, 3, 0, 2, 1]
(0, (0, 0, 0), (3, 1)): [72564, 18968, 10195, 4992, 2416, 1049, 418, 206, 84, 34, 12, 10, 2, 4, 1]
(0, (0, 0, 0), (3, 2)): [110040, 25000, 13126, 6109, 2882, 1226, 495, 219, 99, 38, 13, 11, 4, 2, 1, 0, 1]
(0, (0, 0, 1), (0, 0)): [8670, 26963, 7407, 3612, 1723, 746, 330, 135, 55, 33, 20, 4, 4, 3]
(0, (0, 0, 1), (0, 1)): [1189, 3699, 1007, 476, 219, 104, 40, 17, 9, 5, 4, 1, 0, 1]
(0, (0, 0, 1), (0, 2)): [537, 1381, 356, 165, 73, 39, 15, 6, 6, 0, 1]
(0, (0, 0, 1), (1, 0)): [1140, 3934, 1132, 626, 312, 138, 60, 21, 9, 5, 7]
(0, (0, 0, 1), (1, 1)): [1075, 3367, 907, 463, 239, 109, 40, 13, 5, 9, 3, 1, 0, 1]
(0, (0, 0, 1), (1, 2)): [855, 2160, 560, 274, 122, 66, 21, 9, 4, 4, 2]
(0, (0, 0, 1), (2, 0)): [419, 1437, 455, 279, 125, 59, 25, 12, 5, 1, 5]
(0, (0, 0, 1), (2, 1)): [579, 1906, 561, 328, 159, 70, 34, 11, 6, 5, 2, 1]
(0, (0, 0, 1), (2, 2)): [762, 1965, 534, 269, 140, 66, 22, 7, 3, 4, 2]
(0, (0, 0, 1), (3, 0)): [137, 487, 145, 112, 49, 24, 9, 3, 1, 0, 3]
(0, (0, 0, 1), (3, 1)): [242, 828, 246, 197, 86, 36, 20, 4, 3, 3, 0, 1]
(0, (0, 0, 1), (3, 2)): [425, 1187, 332, 230, 118, 47, 19, 4, 3, 3, 1]
(0, (0, 1, 0), (0, 0)): [88376, 82784, 32553, 16155, 7661, 3310, 1429, 583, 246, 123, 46, 18, 8, 6, 3, 0, 1]
(0, (0, 1, 0), (0, 1)): [16818, 14718, 5838, 2821, 1309, 556, 263, 100, 40, 19, 7, 4, 2, 1, 1]
(0, (0, 1, 0), (0, 2)): [6923, 5135, 2061, 955, 452, 196, 94, 35, 16, 5, 0, 1, 2]
(0, (0, 1, 0), (1, 0)): [15796, 15018, 6327, 3397, 1586, 729, 303, 129, 55, 18, 10, 4, 2, 2, 1, 0, 1]
(0, (0, 1, 0), (1, 1)): [14394, 12593, 5167, 2642, 1232, 519, 234, 98, 31, 21, 10, 4, 0, 2, 1]
(0, (0, 1, 0), (1, 2)): [10177, 7826, 3226, 1576, 707, 303, 128, 67, 20, 8, 3, 3, 2, 0, 1]
(0, (0, 1, 0), (2, 0)): [5730, 5367, 2416, 1384, 631, 329, 123, 57, 23, 5, 2, 3, 2, 1, 0, 0, 1]
(0, (0, 1, 0), (2, 1)): [7793, 6997, 3017, 1569, 761, 346, 163, 55, 23, 16, 5, 2, 1, 1, 0, 0, 1]
(0, (0, 1, 0), (2, 2)): [8577, 6663, 2894, 1392, 651, 278, 129, 52, 21, 8, 4, 2, 1, 0, 1, 0, 1]
(0, (0, 1, 0), (3, 0)): [1980, 1601, 833, 573, 261, 146, 55, 31, 10, 2, 0, 1, 1]
(0, (0, 1, 0), (3, 1)): [3443, 2874, 1385, 918, 420, 198, 81, 39, 7, 5, 2, 2, 0, 1]
(0, (0, 1, 0), (3, 2)): [5041, 3836, 1834, 1029, 477, 228, 113, 40, 9, 8, 2, 1, 0, 0, 1, 0, 1]
(0, (0, 1, 1), (0, 0)): [6990, 12290, 14596, 6791, 3567, 1723, 739, 321, 159, 72, 21, 15, 3, 4, 2, 0, 1, 1]
(0, (0, 1, 1), (0, 1)): [1288, 2190, 2430, 1096, 581, 278, 130, 48, 20, 11, 3, 3, 1, 0, 0, 0, 1]
(0, (0, 1, 1), (0, 2)): [619, 840, 895, 414, 215, 107, 47, 23, 3, 4, 0, 1]
(0, (0, 1, 1), (1, 0)): [1220, 2246, 2692, 1352, 704, 375, 147, 64, 37, 13, 6, 6, 0, 1, 1]
(0, (0, 1, 1), (1, 1)): [1056, 1886, 2181, 979, 524, 249, 110, 35, 18, 8, 6, 3, 1, 0, 0, 0, 1]
(0, (0, 1, 1), (1, 2)): [875, 1228, 1350, 593, 352, 161, 64, 25, 10, 2, 1, 3, 0, 0, 0, 0, 1]
(0, (0, 1, 1), (2, 0)): [494, 967, 1007, 562, 326, 194, 66, 32, 24, 8, 2, 2, 0, 1, 1]
(0, (0, 1, 1), (2, 1)): [538, 1024, 1185, 576, 265, 155, 60, 30, 12, 9, 4, 1, 1, 0, 1]
(0, (0, 1, 1), (2, 2)): [681, 1061, 1154, 526, 285, 135, 52, 23, 10, 7, 2, 3, 0, 0, 0, 0, 1]
(0, (0, 1, 1), (3, 0)): [264, 460, 434, 276, 186, 98, 35, 10, 16, 2, 1, 2, 0, 1]
(0, (0, 1, 1), (3, 1)): [223, 412, 476, 256, 160, 92, 33, 16, 13, 4, 1, 1, 0, 0, 1]
(0, (0, 1, 1), (3, 2)): [392, 588, 653, 355, 181, 107, 44, 22, 13, 4, 3, 0, 0, 0, 0, 0, 1]
(0, (1, 0, 0), (0, 0)): [497005, 164201, 106900, 53255, 25503, 11362, 4764, 2020, 858, 369, 178, 70, 27, 17, 4, 1, 1, 1]
(0, (1, 0, 0), (0, 1)): [86369, 25290, 17411, 8554, 4063, 1776, 755, 294, 144, 52, 27, 12, 1, 3]
(0, (1, 0, 0), (0, 2)): [33577, 8526, 5955, 2751, 1271, 549, 252, 100, 41, 17, 10, 3]
(0, (1, 0, 0), (1, 0)): [73124, 25477, 17978, 9435, 4641, 2072, 863, 368, 151, 72, 40, 12, 3, 6, 2, 0, 1]
(0, (1, 0, 0), (1, 1)): [65173, 20316, 14198, 7254, 3393, 1577, 644, 264, 115, 48, 23, 11, 1, 4, 1]
(0, (1, 0, 0), (1, 2)): [43789, 11799, 8276, 4081, 1875, 831, 361, 147, 67, 21, 6, 5, 0, 0, 1]
(0, (1, 0, 0), (2, 0)): [22721, 8629, 6384, 3538, 1817, 806, 339, 141, 52, 37, 21, 3, 3, 3, 0, 0, 1]
(0, (1, 0, 0), (2, 1)): [31359, 10627, 7601, 4026, 1950, 908, 363, 158, 71, 39, 20, 7, 0, 6, 0, 0, 1]
(0, (1, 0, 0), (2, 2)): [31768, 9302, 6589, 3249, 1571, 654, 315, 123, 59, 27, 12, 4, 0, 3]
(0, (1, 0, 0), (3, 0)): [5838, 2701, 2072, 1397, 721, 320, 142, 51, 22, 16, 8, 1, 2]
(0, (1, 0, 0), (3, 1)): [11201, 4510, 3337, 2065, 1013, 496, 198, 87, 37, 19, 12, 3, 2, 2]
(0, (1, 0, 0), (3, 2)): [14964, 5488, 3828, 2165, 1053, 455, 217, 94, 43, 19, 10, 4, 0, 1]
(0, (1, 0, 1), (0, 0)): [11608, 35362, 14404, 10301, 5401, 2522, 1179, 485, 237, 97, 52, 20, 10, 3, 2, 0, 0, 1]
(0, (1, 0, 1), (0, 1)): [2030, 5412, 2212, 1661, 813, 399, 175, 65, 36, 14, 6, 1, 4, 1]
(0, (1, 0, 1), (0, 2)): [958, 1971, 793, 583, 273, 132, 57, 21, 11, 1, 2, 1, 2, 1]
(0, (1, 0, 1), (1, 0)): [1685, 5564, 2253, 1698, 929, 459, 197, 89, 47, 23, 15, 2, 0, 1, 1]
(0, (1, 0, 1), (1, 1)): [1550, 4291, 1813, 1310, 675, 304, 140, 62, 38, 15, 8, 1]
(0, (1, 0, 1), (1, 2)): [1268, 2608, 1098, 761, 392, 170, 74, 33, 20, 5, 2, 1, 2]
(0, (1, 0, 1), (2, 0)): [560, 1871, 761, 605, 341, 193, 76, 33, 17, 12, 5, 1]
(0, (1, 0, 1), (2, 1)): [727, 2183, 939, 699, 356, 196, 82, 32, 22, 14, 6]
(0, (1, 0, 1), (2, 2)): [939, 1988, 874, 620, 314, 153, 71, 35, 11, 9, 3]
(0, (1, 0, 1), (3, 0)): [186, 571, 263, 174, 127, 81, 28, 12, 7, 2, 1, 1]
(0, (1, 0, 1), (3, 1)): [289, 765, 395, 292, 189, 101, 38, 17, 14, 8, 3]
(0, (1, 0, 1), (3, 2)): [458, 998, 519, 347, 223, 116, 50, 22, 14, 11, 5]
(0, (1, 1, 0), (0, 0)): [71164, 44715, 33070, 24173, 12826, 6001, 2575, 1182, 496, 225, 107, 42, 14, 6, 1, 0, 1]
(0, (1, 1, 0), (0, 1)): [13763, 7511, 5109, 3956, 2125, 942, 451, 184, 74, 27, 16, 9, 1, 1, 1, 0, 1]
(0, (1, 1, 0), (0, 2)): [5756, 2665, 1764, 1377, 723, 331, 143, 74, 29, 13, 5]
(0, (1, 1, 0), (1, 0)): [10751, 6923, 5167, 4086, 2143, 1050, 448, 197, 87, 36, 20, 7, 3, 3]
(0, (1, 1, 0), (1, 1)): [10138, 5797, 4137, 3277, 1674, 767, 346, 142, 44, 20, 18, 4, 2, 2, 1, 0, 1]
(0, (1, 1, 0), (1, 2)): [7497, 3563, 2454, 2008, 997, 431, 196, 85, 33, 19, 5, 2, 0, 1, 0, 0, 1]
(0, (1, 1, 0), (2, 0)): [3149, 2297, 1760, 1382, 827, 428, 186, 83, 41, 13, 6, 5, 0, 1]
(0, (1, 1, 0), (2, 1)): [4673, 2915, 2187, 1703, 952, 440, 203, 84, 39, 10, 12, 5, 2, 0, 1]
(0, (1, 1, 0), (2, 2)): [5299, 2787, 1985, 1572, 823, 372, 167, 81, 29, 16, 7, 2, 0, 0, 0, 0, 1]
(0, (1, 1, 0), (3, 0)): [706, 742, 608, 471, 325, 168, 73, 31, 14, 6, 2, 2, 0, 1]
(0, (1, 1, 0), (3, 1)): [1590, 1237, 971, 781, 517, 272, 118, 41, 22, 8, 5, 2, 2, 0, 1]
(0, (1, 1, 0), (3, 2)): [2455, 1568, 1227, 985, 592, 288, 120, 61, 22, 10, 6, 0, 0, 0, 0, 0, 1]
(0, (1, 1, 1), (0, 0)): [6845, 13402, 10745, 7813, 6397, 3204, 1485, 705, 338, 140, 68, 26, 7, 4, 1, 0, 1]
(0, (1, 1, 1), (0, 1)): [1448, 2501, 1944, 1298, 1097, 555, 242, 119, 64, 24, 9, 5, 2, 1]
(0, (1, 1, 1), (0, 2)): [774, 980, 699, 473, 397, 190, 77, 41, 20, 8, 6, 2, 1]
(0, (1, 1, 1), (1, 0)): [949, 2201, 1777, 1259, 1070, 590, 256, 101, 59, 24, 10, 5, 0, 1, 0, 0, 1]
(0, (1, 1, 1), (1, 1)): [961, 1953, 1528, 1017, 880, 487, 215, 102, 50, 19, 6, 4, 1, 1, 0, 0, 1]
(0, (1, 1, 1), (1, 2)): [894, 1332, 996, 647, 564, 266, 115, 58, 26, 11, 5, 4, 0, 1, 0, 0, 1]
(0, (1, 1, 1), (2, 0)): [263, 647, 596, 453, 397, 215, 86, 37, 18, 12, 4, 2, 0, 1]
(0, (1, 1, 1), (2, 1)): [431, 899, 776, 538, 444, 272, 107, 54, 35, 12, 3, 0, 1]
(0, (1, 1, 1), (2, 2)): [574, 985, 771, 515, 432, 236, 97, 53, 26, 13, 3, 2, 1]
(0, (1, 1, 1), (3, 0)): [47, 170, 159, 159, 121, 78, 40, 17, 5, 5, 3, 1, 0, 1]
(0, (1, 1, 1), (3, 1)): [120, 310, 310, 233, 201, 117, 59, 21, 13, 6, 2, 1, 0, 1]
(0, (1, 1, 1), (3, 2)): [215, 473, 424, 317, 282, 148, 84, 30, 19, 7, 2, 1, 1, 1]
(1, (0, 0, 0), (0, 0)): [1944266, 217266, 88595, 35175, 13797, 5259, 2035, 724, 257, 105, 37, 23, 8, 3, 0, 1]
(1, (0, 0, 0), (0, 1)): [381006, 39786, 16049, 6349, 2516, 936, 351, 130, 40, 14, 4, 5, 1, 1]
(1, (0, 0, 0), (0, 2)): [149707, 13207, 5338, 1975, 778, 288, 91, 34, 6, 5, 1, 3]
(1, (0, 0, 0), (1, 0)): [321542, 40919, 17085, 6903, 2807, 1067, 412, 128, 49, 23, 6, 3, 0, 0, 0, 1]
(1, (0, 0, 0), (1, 1)): [320147, 36045, 14632, 5838, 2366, 843, 368, 121, 40, 13, 6, 2, 1, 1]
(1, (0, 0, 0), (1, 2)): [223210, 21109, 8460, 3269, 1334, 467, 181, 51, 18, 8, 1, 2, 1]
(1, (0, 0, 0), (2, 0)): [106324, 15204, 6840, 2892, 1173, 459, 169, 56, 20, 14, 2, 2, 0, 0, 0, 1]
(1, (0, 0, 0), (2, 1)): [166372, 20980, 8998, 3619, 1509, 566, 201, 81, 18, 17, 6, 2]
(1, (0, 0, 0), (2, 2)): [180488, 18979, 7965, 3199, 1279, 457, 163, 62, 22, 8, 1, 1]
(1, (0, 0, 0), (3, 0)): [31179, 5001, 2780, 1235, 472, 203, 92, 23, 14, 6, 1, 1, 0, 0, 0, 1]
(1, (0, 0, 0), (3, 1)): [65649, 9850, 4887, 2092, 867, 340, 118, 45, 13, 7, 3]
(1, (0, 0, 0), (3, 2)): [98104, 12418, 6016, 2447, 1036, 371, 128, 53, 14, 8, 3]
(1, (0, 0, 1), (0, 0)): [52660, 75703, 15078, 6640, 2705, 1102, 430, 155, 74, 26, 15, 8, 4, 2]
(1, (0, 0, 1), (0, 1)): [8943, 10957, 2210, 927, 328, 148, 72, 19, 4, 1, 3, 1]
(1, (0, 0, 1), (0, 2)): [3966, 3660, 695, 281, 107, 45, 21, 3, 3, 0, 1, 1]
(1, (0, 0, 1), (1, 0)): [9218, 13604, 2871, 1445, 582, 243, 83, 29, 22, 5, 2, 1]
(1, (0, 0, 1), (1, 1)): [8106, 10302, 2122, 967, 359, 146, 61, 19, 7, 3, 1, 1]
(1, (0, 0, 1), (1, 2)): [6167, 5862, 1172, 510, 197, 82, 38, 7, 5, 1, 1, 2]
(1, (0, 0, 1), (2, 0)): [3820, 5539, 1273, 737, 300, 126, 48, 17, 12, 3, 1]
(1, (0, 0, 1), (2, 1)): [4586, 6079, 1307, 666, 252, 103, 33, 18, 7, 2, 1]
(1, (0, 0, 1), (2, 2)): [5381, 5343, 1152, 540, 186, 76, 38, 11, 3, 1, 2, 2]
(1, (0, 0, 1), (3, 0)): [1795, 2234, 583, 410, 167, 76, 26, 8, 4, 1, 1]
(1, (0, 0, 1), (3, 1)): [2019, 2654, 669, 372, 149, 69, 21, 11, 4, 2]
(1, (0, 0, 1), (3, 2)): [3224, 3308, 816, 429, 155, 72, 34, 12, 3, 0, 1]
(1, (0, 1, 0), (0, 0)): [263079, 113819, 42099, 18280, 7395, 2959, 1040, 448, 140, 64, 32, 10, 10, 2, 1]
(1, (0, 1, 0), (0, 1)): [46235, 17899, 6687, 2762, 1130, 475, 162, 74, 18, 11, 6, 1, 1]
(1, (0, 1, 0), (0, 2)): [18466, 6286, 2267, 849, 347, 156, 49, 23, 7, 4, 1, 1, 1]
(1, (0, 1, 0), (1, 0)): [48100, 20220, 8113, 4033, 1642, 651, 238, 97, 41, 15, 6, 0, 0, 1]
(1, (0, 1, 0), (1, 1)): [41311, 16210, 6285, 2817, 1151, 453, 174, 61, 21, 6, 5, 0, 0, 1]
(1, (0, 1, 0), (1, 2)): [28383, 9857, 3626, 1500, 578, 236, 87, 41, 13, 7, 1, 1]
(1, (0, 1, 0), (2, 0)): [19883, 8096, 3525, 2032, 865, 337, 116, 59, 22, 10, 5]
(1, (0, 1, 0), (2, 1)): [23712, 9359, 3954, 1927, 836, 316, 120, 43, 16, 6, 3, 0, 0, 1]
(1, (0, 1, 0), (2, 2)): [24570, 8582, 3419, 1491, 604, 253, 87, 33, 11, 6, 2]
(1, (0, 1, 0), (3, 0)): [8797, 3268, 1528, 1101, 487, 188, 67, 32, 11, 6, 2]
(1, (0, 1, 0), (3, 1)): [10984, 4098, 1979, 1193, 528, 178, 81, 38, 16, 5, 2, 0, 0, 1]
(1, (0, 1, 0), (3, 2)): [15004, 5232, 2402, 1237, 546, 192, 79, 32, 9, 7, 2, 0, 0, 1]
(1, (0, 1, 1), (0, 0)): [40814, 34505, 29844, 12152, 6227, 2475, 993, 392, 166, 58, 18, 10, 3, 2, 0, 1]
(1, (0, 1, 1), (0, 1)): [6342, 4819, 4089, 1635, 753, 272, 131, 59, 14, 2, 4, 1]
(1, (0, 1, 1), (0, 2)): [3026, 1533, 1458, 587, 270, 83, 46, 22, 2, 1, 3]
(1, (0, 1, 1), (1, 0)): [7852, 7141, 5385, 2423, 1452, 602, 240, 92, 34, 17, 1, 2, 1]
(1, (0, 1, 1), (1, 1)): [5420, 4401, 3600, 1465, 723, 263, 111, 48, 16, 6, 0, 2]
(1, (0, 1, 1), (1, 2)): [4433, 2500, 2235, 865, 444, 146, 67, 32, 5, 4, 2, 1]
(1, (0, 1, 1), (2, 0)): [4303, 3757, 2701, 1348, 948, 414, 165, 63, 25, 10, 1, 1]
(1, (0, 1, 1), (2, 1)): [2930, 2491, 2032, 903, 452, 188, 79, 22, 10, 3]
(1, (0, 1, 1), (2, 2)): [3696, 2197, 1930, 800, 405, 130, 60, 18, 6, 2, 1, 1]
(1, (0, 1, 1), (3, 0)): [3070, 2473, 1617, 922, 770, 332, 129, 56, 21, 7, 1, 1]
(1, (0, 1, 1), (3, 1)): [1244, 1100, 881, 413, 254, 135, 45, 20, 8, 3]
(1, (0, 1, 1), (3, 2)): [2070, 1402, 1098, 532, 325, 115, 44, 18, 7, 3, 0, 1]
(1, (1, 0, 0), (0, 0)): [722521, 127083, 83867, 35773, 14628, 5802, 2281, 828, 319, 139, 50, 32, 7, 3, 0, 2]
(1, (1, 0, 0), (0, 1)): [126442, 19682, 13496, 5764, 2284, 906, 360, 136, 36, 18, 9, 4, 1]
(1, (1, 0, 0), (0, 2)): [48651, 6520, 4377, 1797, 693, 313, 118, 36, 8, 5, 4]
(1, (1, 0, 0), (1, 0)): [114648, 21452, 15250, 6843, 2858, 1142, 472, 165, 50, 29, 8, 4, 2, 0, 0, 1]
(1, (1, 0, 0), (1, 1)): [100550, 16794, 11701, 5139, 2074, 790, 332, 125, 38, 18, 6, 6, 1, 0, 0, 1]
(1, (1, 0, 0), (1, 2)): [66863, 9665, 6623, 2803, 1092, 417, 175, 64, 18, 7, 5, 1]
(1, (1, 0, 0), (2, 0)): [37315, 7613, 5649, 2780, 1187, 468, 203, 67, 26, 10, 3, 0, 1]
(1, (1, 0, 0), (2, 1)): [50083, 9155, 6533, 3153, 1256, 503, 205, 73, 23, 9, 5, 4, 1, 0, 0, 1]
(1, (1, 0, 0), (2, 2)): [50280, 7923, 5432, 2485, 982, 387, 156, 58, 13, 6, 3, 1, 1]
(1, (1, 0, 0), (3, 0)): [10497, 2495, 1784, 1086, 492, 187, 91, 23, 9, 5, 1, 0, 1]
(1, (1, 0, 0), (3, 1)): [19160, 4217, 2905, 1695, 696, 268, 133, 32, 15, 5, 3, 1, 0, 0, 0, 1]
(1, (1, 0, 0), (3, 2)): [25055, 5011, 3280, 1775, 688, 276, 127, 35, 16, 7, 4, 2, 1, 0, 0, 1]
(1, (1, 0, 1), (0, 0)): [58841, 66616, 21430, 14656, 6350, 2614, 1018, 398, 143, 77, 23, 9, 2, 1]
(1, (1, 0, 1), (0, 1)): [10881, 9862, 3114, 2208, 946, 390, 139, 46, 25, 9, 3, 1, 2]
(1, (1, 0, 1), (0, 2)): [4852, 3252, 1063, 771, 327, 126, 58, 23, 9, 4, 2, 0, 1]
(1, (1, 0, 1), (1, 0)): [9412, 10470, 3515, 2558, 1194, 500, 189, 83, 26, 17, 1, 2]
(1, (1, 0, 1), (1, 1)): [8411, 8065, 2656, 1864, 773, 348, 117, 36, 16, 6, 1, 2, 1]
(1, (1, 0, 1), (1, 2)): [6268, 4569, 1559, 1090, 435, 191, 67, 32, 9, 4, 3]
(1, (1, 0, 1), (2, 0)): [3228, 3463, 1257, 936, 499, 204, 79, 39, 9, 8, 0, 1]
(1, (1, 0, 1), (2, 1)): [4204, 4065, 1387, 1011, 494, 191, 71, 23, 13, 6, 0, 3]
(1, (1, 0, 1), (2, 2)): [4648, 3496, 1271, 872, 408, 151, 62, 22, 11, 4, 1]
(1, (1, 0, 1), (3, 0)): [1057, 1124, 442, 329, 200, 97, 32, 11, 1, 4]
(1, (1, 0, 1), (3, 1)): [1557, 1566, 634, 462, 248, 115, 32, 16, 2, 3, 0, 2]
(1, (1, 0, 1), (3, 2)): [2279, 1966, 794, 538, 311, 118, 40, 15, 8, 3, 0, 2]
(1, (1, 1, 0), (0, 0)): [203206, 61036, 40666, 29846, 12538, 5191, 2028, 809, 307, 128, 47, 25, 10, 5, 1]
(1, (1, 1, 0), (0, 1)): [38592, 10058, 6376, 4923, 2060, 849, 303, 130, 56, 20, 9, 4, 1]
(1, (1, 1, 0), (0, 2)): [15803, 3609, 2159, 1698, 690, 272, 84, 43, 15, 4, 3]
(1, (1, 1, 0), (1, 0)): [32596, 10470, 7006, 5479, 2371, 972, 429, 154, 37, 27, 11, 4, 2, 1]
(1, (1, 1, 0), (1, 1)): [30250, 8473, 5657, 4343, 1832, 741, 282, 124, 43, 24, 9, 4, 1]
(1, (1, 1, 0), (1, 2)): [21533, 5192, 3242, 2510, 1046, 373, 129, 67, 25, 6, 7, 2, 1]
(1, (1, 1, 0), (2, 0)): [10361, 3888, 2459, 1952, 984, 420, 197, 61, 16, 12, 6, 2, 2, 1]
(1, (1, 1, 0), (2, 1)): [14890, 4696, 3182, 2436, 1120, 491, 208, 67, 27, 13, 7, 2, 1]
(1, (1, 1, 0), (2, 2)): [16231, 4296, 2760, 2118, 976, 392, 144, 60, 25, 8, 3, 2, 1]
(1, (1, 1, 0), (3, 0)): [2650, 1397, 892, 605, 400, 166, 78, 32, 4, 6, 1, 2, 1]
(1, (1, 1, 0), (3, 1)): [5422, 2300, 1550, 1151, 622, 269, 115, 39, 12, 9, 4, 2, 1]
(1, (1, 1, 0), (3, 2)): [8044, 2726, 1844, 1372, 729, 279, 103, 42, 19, 9, 2, 1, 1]
(1, (1, 1, 1), (0, 0)): [41548, 33262, 20756, 13554, 10385, 4416, 1806, 685, 273, 99, 31, 22, 9, 4, 1, 1]
(1, (1, 1, 1), (0, 1)): [8481, 5732, 3467, 2212, 1777, 724, 297, 107, 47, 14, 3, 1, 0, 1]
(1, (1, 1, 1), (0, 2)): [4092, 1992, 1251, 807, 616, 235, 98, 28, 10, 8, 2, 0, 0, 1]
(1, (1, 1, 1), (1, 0)): [6169, 5604, 3384, 2200, 1902, 823, 376, 134, 47, 17, 6, 7, 2]
(1, (1, 1, 1), (1, 1)): [6153, 4659, 2847, 1843, 1480, 617, 285, 103, 40, 10, 3, 3]
(1, (1, 1, 1), (1, 2)): [5040, 2742, 1789, 1151, 868, 375, 158, 54, 22, 9, 1, 3, 0, 1]
(1, (1, 1, 1), (2, 0)): [1614, 1892, 1192, 750, 694, 330, 154, 58, 17, 8, 3, 3, 1]
(1, (1, 1, 1), (2, 1)): [2647, 2482, 1487, 954, 801, 357, 167, 57, 22, 6, 3, 2]
(1, (1, 1, 1), (2, 2)): [3416, 2256, 1445, 926, 733, 318, 147, 50, 20, 11, 1, 3, 0, 1]
(1, (1, 1, 1), (3, 0)): [275, 583, 416, 253, 202, 117, 54, 24, 6, 3, 0, 1, 1]
(1, (1, 1, 1), (3, 1)): [690, 1063, 684, 428, 365, 188, 71, 31, 15, 2, 2, 1, 1]
(1, (1, 1, 1), (3, 2)): [1312, 1328, 877, 551, 449, 232, 98, 37, 16, 4, 2, 1, 0, 1]
(2, (0, 0, 0), (0, 0)): [1698384, 80398, 26624, 8509, 2837, 890, 307, 103, 20, 8, 5, 0, 1]
(2, (0, 0, 0), (0, 1)): [329575, 13694, 4574, 1471, 530, 151, 51, 16, 3]
(2, (0, 0, 0), (0, 2)): [128168, 3756, 1309, 401, 157, 41, 3, 7]
(2, (0, 0, 0), (1, 0)): [291663, 17033, 5783, 1831, 623, 173, 71, 18, 7, 0, 0, 0, 1]
(2, (0, 0, 0), (1, 1)): [284367, 13488, 4580, 1449, 519, 156, 64, 13, 5]
(2, (0, 0, 0), (1, 2)): [194059, 6538, 2292, 752, 262, 77, 24, 8, 1]
(2, (0, 0, 0), (2, 0)): [101386, 6713, 2707, 819, 284, 74, 29, 7, 3, 0, 0, 0, 1]
(2, (0, 0, 0), (2, 1)): [154177, 8623, 3259, 954, 336, 97, 44, 10, 5]
(2, (0, 0, 0), (2, 2)): [163410, 6670, 2519, 785, 261, 82, 28, 7, 1]
(2, (0, 0, 0), (3, 0)): [31446, 2237, 1227, 381, 132, 37, 11, 4, 0, 0, 0, 0, 1]
(2, (0, 0, 0), (3, 1)): [64287, 4326, 2050, 637, 206, 58, 21, 7, 3]
(2, (0, 0, 0), (3, 2)): [94471, 4989, 2308, 708, 231, 77, 25, 7, 2]
(2, (0, 0, 1), (0, 0)): [160353, 46894, 9853, 3408, 1191, 413, 116, 40, 9, 6, 0, 2]
(2, (0, 0, 1), (0, 1)): [28534, 6715, 1465, 498, 162, 68, 13, 5, 1, 3]
(2, (0, 0, 1), (0, 2)): [11551, 2059, 437, 145, 50, 21, 4, 0, 0, 1]
(2, (0, 0, 1), (1, 0)): [31338, 8541, 2143, 840, 307, 98, 33, 13, 3, 1, 0, 1]
(2, (0, 0, 1), (1, 1)): [26412, 6473, 1440, 560, 184, 64, 13, 7, 1, 2]
(2, (0, 0, 1), (1, 2)): [18342, 3465, 721, 256, 103, 37, 8, 3, 0, 2]
(2, (0, 0, 1), (2, 0)): [13650, 3564, 1047, 473, 178, 57, 19, 7, 2, 1, 0, 1]
(2, (0, 0, 1), (2, 1)): [15805, 4018, 1047, 437, 150, 38, 13, 8, 0, 2]
(2, (0, 0, 1), (2, 2)): [16655, 3383, 811, 302, 111, 39, 8, 4]
(2, (0, 0, 1), (3, 0)): [6481, 1442, 514, 299, 101, 40, 12, 1, 2, 0, 0, 1]
(2, (0, 0, 1), (3, 1)): [7463, 1882, 595, 324, 99, 27, 11, 5, 0, 1]
(2, (0, 0, 1), (3, 2)): [10550, 2348, 659, 318, 110, 30, 11, 3, 0, 1]
(2, (0, 1, 0), (0, 0)): [421962, 86891, 24381, 8679, 2913, 938, 297, 86, 21, 13, 7, 0, 1]
(2, (0, 1, 0), (0, 1)): [74380, 12827, 3604, 1163, 439, 125, 38, 9, 6, 3, 1]
(2, (0, 1, 0), (0, 2)): [30019, 3839, 1089, 325, 117, 26, 9, 2, 3, 1]
(2, (0, 1, 0), (1, 0)): [82095, 16142, 5398, 2285, 738, 231, 82, 25, 1, 2, 0, 0, 1]
(2, (0, 1, 0), (1, 1)): [68100, 12297, 3670, 1298, 468, 129, 53, 13, 3, 2, 1]
(2, (0, 1, 0), (1, 2)): [47031, 6503, 1828, 645, 222, 50, 26, 7, 1, 1]
(2, (0, 1, 0), (2, 0)): [36626, 6837, 2585, 1360, 454, 141, 41, 15, 1, 2, 0, 0, 1]
(2, (0, 1, 0), (2, 1)): [40091, 7543, 2484, 991, 346, 102, 31, 7, 2, 2, 1, 0, 1]
(2, (0, 1, 0), (2, 2)): [41958, 6256, 1892, 743, 256, 71, 32, 9, 0, 2]
(2, (0, 1, 0), (3, 0)): [18546, 2942, 1289, 898, 289, 90, 29, 13, 1, 2]
(2, (0, 1, 0), (3, 1)): [18599, 3517, 1351, 705, 252, 70, 23, 6, 2, 1, 1, 0, 1]
(2, (0, 1, 0), (3, 2)): [26270, 4165, 1490, 773, 255, 69, 39, 8, 0, 1, 0, 0, 1]
(2, (0, 1, 1), (0, 0)): [98070, 8200, 20366, 5905, 2323, 776, 251, 79, 24, 7, 5, 1, 0, 1]
(2, (0, 1, 1), (0, 1)): [17606, 1124, 2956, 856, 299, 110, 30, 9, 1, 2]
(2, (0, 1, 1), (0, 2)): [7597, 383, 922, 270, 102, 32, 12, 2, 0, 2]
(2, (0, 1, 1), (1, 0)): [19770, 1838, 3776, 1384, 623, 221, 69, 22, 5, 0, 3]
(2, (0, 1, 1), (1, 1)): [15763, 1085, 2805, 880, 320, 128, 29, 11, 4, 0, 1]
(2, (0, 1, 1), (1, 2)): [11876, 639, 1607, 467, 176, 61, 14, 4, 1, 2, 1]
(2, (0, 1, 1), (2, 0)): [9441, 1038, 1709, 717, 413, 134, 44, 15, 1, 0, 2]
(2, (0, 1, 1), (2, 1)): [9241, 714, 1714, 584, 268, 88, 23, 8, 3, 0, 1]
(2, (0, 1, 1), (2, 2)): [10591, 673, 1512, 509, 189, 76, 14, 4, 3, 1]
(2, (0, 1, 1), (3, 0)): [5455, 706, 884, 418, 281, 106, 28, 12, 0, 0, 1]
(2, (0, 1, 1), (3, 1)): [4298, 399, 788, 313, 178, 60, 20, 8, 1, 0, 1]
(2, (0, 1, 1), (3, 2)): [6636, 531, 1023, 391, 180, 78, 15, 7, 4, 1]
(2, (1, 0, 0), (0, 0)): [874422, 63321, 42557, 13582, 4462, 1417, 540, 157, 38, 15, 7, 1, 1]
(2, (1, 0, 0), (0, 1)): [152295, 9343, 6378, 2060, 697, 227, 89, 32, 10, 1, 0, 1]
(2, (1, 0, 0), (0, 2)): [58483, 2600, 1712, 571, 185, 52, 25, 9, 4]
(2, (1, 0, 0), (1, 0)): [141734, 11771, 8424, 2918, 986, 284, 115, 31, 8, 2, 0, 0, 1]
(2, (1, 0, 0), (1, 1)): [124663, 8436, 5904, 2007, 670, 203, 80, 24, 7, 1]
(2, (1, 0, 0), (1, 2)): [82563, 4176, 2704, 982, 310, 87, 33, 10, 4]
(2, (1, 0, 0), (2, 0)): [47486, 4558, 3137, 1289, 446, 134, 52, 19, 6, 2, 0, 0, 1]
(2, (1, 0, 0), (2, 1)): [64417, 5050, 3604, 1341, 451, 136, 54, 14, 5, 0, 0, 0, 1]
(2, (1, 0, 0), (2, 2)): [64128, 3945, 2542, 961, 323, 97, 40, 9, 4]
(2, (1, 0, 0), (3, 0)): [13994, 1708, 992, 586, 195, 59, 22, 11, 3, 2]
(2, (1, 0, 0), (3, 1)): [25914, 2680, 1732, 863, 257, 78, 30, 9, 3, 1, 0, 0, 1]
(2, (1, 0, 0), (3, 2)): [33942, 2918, 1802, 853, 273, 91, 30, 13, 1, 1, 0, 0, 1]
(2, (1, 0, 1), (0, 0)): [154559, 35945, 14242, 9055, 2997, 974, 329, 96, 32, 11, 2, 4, 2]
(2, (1, 0, 1), (0, 1)): [28932, 5497, 2031, 1389, 475, 160, 57, 13, 4, 2, 1, 1, 1]
(2, (1, 0, 1), (0, 2)): [11828, 1642, 590, 381, 142, 43, 12, 3, 1, 1]
(2, (1, 0, 1), (1, 0)): [27129, 5975, 2737, 1918, 696, 200, 71, 16, 3, 2, 0, 1]
(2, (1, 0, 1), (1, 1)): [23930, 4720, 1999, 1333, 491, 158, 56, 15, 3, 2, 1, 2, 1]
(2, (1, 0, 1), (1, 2)): [16711, 2474, 1024, 632, 243, 83, 30, 7, 3, 1, 0, 1]
(2, (1, 0, 1), (2, 0)): [9730, 2075, 1121, 750, 303, 90, 33, 9, 3]
(2, (1, 0, 1), (2, 1)): [12766, 2557, 1248, 794, 342, 104, 34, 11, 0, 1, 0, 1]
(2, (1, 0, 1), (2, 2)): [13037, 1978, 966, 594, 225, 87, 34, 7, 3, 0, 0, 1]
(2, (1, 0, 1), (3, 0)): [3267, 635, 458, 279, 129, 40, 19, 3, 3]
(2, (1, 0, 1), (3, 1)): [5470, 1040, 645, 397, 220, 49, 27, 5, 3, 1]
(2, (1, 0, 1), (3, 2)): [7269, 1064, 752, 425, 212, 68, 23, 8, 5]
(2, (1, 1, 0), (0, 0)): [343935, 51370, 26017, 18414, 5935, 1903, 643, 214, 68, 29, 10, 3, 2, 1]
(2, (1, 1, 0), (0, 1)): [64409, 7983, 3911, 2901, 890, 273, 96, 34, 6, 4, 2, 1, 1]
(2, (1, 1, 0), (0, 2)): [26840, 2350, 1179, 821, 267, 79, 27, 13, 2, 1]
(2, (1, 1, 0), (1, 0)): [56828, 8656, 4798, 3685, 1337, 381, 139, 42, 17, 5, 1, 1]
(2, (1, 1, 0), (1, 1)): [53149, 7065, 3667, 2742, 850, 276, 84, 33, 9, 5, 2, 2, 1]
(2, (1, 1, 0), (1, 2)): [38405, 3711, 1949, 1343, 420, 146, 35, 17, 6, 1, 1, 1]
(2, (1, 1, 0), (2, 0)): [19478, 3048, 1931, 1425, 680, 179, 69, 18, 8, 3]
(2, (1, 1, 0), (2, 1)): [27782, 3834, 2272, 1700, 657, 169, 68, 24, 6, 4, 0, 0, 1]
(2, (1, 1, 0), (2, 2)): [30429, 3210, 1864, 1290, 483, 133, 47, 19, 10, 1, 1, 1]
(2, (1, 1, 0), (3, 0)): [6190, 949, 783, 468, 318, 95, 30, 7, 5, 2]
(2, (1, 1, 0), (3, 1)): [11689, 1675, 1281, 857, 453, 119, 44, 9, 4, 2, 0, 0, 1]
(2, (1, 1, 0), (3, 2)): [16768, 1974, 1527, 955, 483, 110, 44, 15, 7, 1, 1]
(2, (1, 1, 1), (0, 0)): [102078, 14832, 16891, 8461, 6407, 1996, 670, 223, 76, 19, 10, 4, 1, 1]
(2, (1, 1, 1), (0, 1)): [21195, 2221, 2745, 1380, 1064, 337, 114, 33, 18, 3, 3, 0, 1]
(2, (1, 1, 1), (0, 2)): [9428, 721, 815, 426, 289, 91, 38, 6, 4, 1, 2]
(2, (1, 1, 1), (1, 0)): [15999, 3527, 3012, 1661, 1334, 423, 141, 47, 14, 5, 1, 2]
(2, (1, 1, 1), (1, 1)): [16564, 2322, 2486, 1325, 1024, 321, 105, 33, 14, 4, 1, 0, 1]
(2, (1, 1, 1), (1, 2)): [12974, 1237, 1326, 666, 504, 176, 56, 15, 4, 2, 2]
(2, (1, 1, 1), (2, 0)): [4466, 2009, 1037, 666, 536, 178, 60, 20, 5, 3, 0, 2]
(2, (1, 1, 1), (2, 1)): [7480, 1883, 1392, 862, 660, 222, 71, 17, 9, 2, 0, 0, 1]
(2, (1, 1, 1), (2, 2)): [9249, 1440, 1182, 690, 509, 189, 60, 14, 5, 4, 2]
(2, (1, 1, 1), (3, 0)): [737, 1229, 297, 275, 162, 83, 31, 13, 2, 3, 0, 1]
(2, (1, 1, 1), (3, 1)): [2120, 1569, 552, 471, 345, 125, 46, 11, 5, 3, 0, 1]
(2, (1, 1, 1), (3, 2)): [3910, 1614, 722, 610, 385, 159, 53, 14, 4, 3, 2]
