(0, (0, 0, 0)): [219250, 42561, 19003, 8578, 3801, 1589, 677, 265, 98, 38, 27, 1, 1, 1, 2]
(0, (0, 0, 1)): [1282, 3717, 1051, 486, 223, 89, 46, 24, 5, 2, 2]
(0, (0, 1, 0)): [7132, 7065, 2534, 1155, 592, 243, 93, 22, 22, 9, 6]
(0, (0, 1, 1)): [609, 1089, 1422, 623, 322, 146, 65, 21, 14, 5, 1, 0, 0, 0, 1]
(0, (1, 0, 0)): [49738, 17672, 10065, 5012, 2255, 991, 438, 173, 64, 23, 19, 1, 1, 1, 2]
(0, (1, 0, 1)): [1165, 3034, 1460, 906, 502, 220, 115, 44, 18, 6, 3, 0, 0, 0, 1]
(0, (1, 1, 0)): [6297, 4198, 3479, 2293, 1196, 550, 241, 100, 35, 19, 14, 1, 1, 1]
(0, (1, 1, 1)): [714, 1178, 1020, 913, 686, 329, 149, 78, 35, 22, 10, 1, 1, 0, 1]
(1, (0, 0, 0)): [172435, 17389, 6878, 2602, 1054, 423, 139, 67, 12, 8, 3]
(1, (0, 0, 1)): [6620, 9949, 1883, 762, 336, 122, 49, 21, 8, 2, 0, 1]
(1, (0, 1, 0)): [27622, 13303, 4318, 1699, 666, 285, 92, 36, 9, 3, 1]
(1, (0, 1, 1)): [4549, 3799, 4042, 1536, 619, 251, 89, 29, 9, 6, 2, 1, 0, 1]
(1, (1, 0, 0)): [69942, 13230, 7249, 3095, 1212, 507, 151, 79, 18, 9, 4, 0, 0, 1]
(1, (1, 0, 1)): [5294, 6566, 2450, 1405, 593, 240, 72, 37, 10, 5, 1]
(1, (1, 1, 0)): [17316, 5448, 3890, 2488, 1046, 423, 140, 62, 23, 7, 3, 0, 0, 2]
(1, (1, 1, 1)): [3294, 2711, 1763, 1349, 850, 376, 141, 70, 20, 6, 1, 0, 0, 1]
(2, (0, 0, 0)): [148581, 5730, 1797, 565, 197, 60, 21, 10, 1, 1, 1]
(2, (0, 0, 1)): [18882, 6719, 1062, 331, 114, 32, 15, 3]
(2, (0, 1, 0)): [45005, 10156, 2377, 733, 217, 72, 29, 10, 1, 1]
(2, (0, 1, 1)): [11459, 1071, 2713, 685, 225, 73, 20, 3, 3, 0, 1]
(2, (1, 0, 0)): [84989, 6522, 3023, 1006, 307, 102, 38, 16, 3, 0, 1]
(2, (1, 0, 1)): [13505, 3910, 1713, 712, 223, 71, 26, 7, 3, 0, 0, 1]
(2, (1, 1, 0)): [26847, 4035, 2202, 1254, 353, 129, 34, 14, 4, 1, 2, 0, 0, 1]
(2, (1, 1, 1)): [7993, 1265, 1329, 758, 443, 131, 47, 14, 6, 2, 2, 0, 0, 1]
