(0, (0, 0, 0), (0, 0)): [701556, 141636, 66648, 30709, 13959, 6086, 2566, 1085, 457, 213, 97, 41, 22, 6, 3, 1, 0, 1]
(0, (0, 0, 0), (0, 1)): [10278, 1953, 964, 396, 197, 79, 26, 17, 4, 5, 2, 0, 2, 1, 0, 1]
(0, (0, 0, 0), (0, 2)): [3569, 618, 299, 122, 59, 14, 9, 10, 0, 1, 0, 0, 1]
(0, (0, 0, 0), (1, 0)): [9552, 2102, 1109, 499, 259, 100, 53, 17, 4, 3, 2]
(0, (0, 0, 0), (1, 1)): [8735, 1727, 923, 407, 199, 82, 26, 15, 5, 3, 3, 0, 1, 1, 0, 1]
(0, (0, 0, 0), (1, 2)): [5334, 970, 470, 185, 98, 34, 14, 10, 3, 1, 0, 0, 2]
(0, (0, 0, 0), (2, 0)): [3204, 798, 418, 212, 120, 44, 28, 7, 1, 1, 1]
(0, (0, 0, 0), (2, 1)): [4789, 1019, 551, 278, 137, 58, 26, 11, 1, 0, 1, 0, 0, 1]
(0, (0, 0, 0), (2, 2)): [4341, 848, 404, 185, 98, 38, 14, 10, 1, 1, 1, 0, 2]
(0, (0, 0, 0), (3, 0)): [1078, 275, 188, 101, 52, 25, 12, 2, 1, 0, 1]
(0, (0, 0, 0), (3, 1)): [1980, 472, 317, 169, 75, 31, 16, 5, 2]
(0, (0, 0, 0), (3, 2)): [2662, 552, 358, 177, 85, 30, 13, 7, 2, 1, 0, 0, 2]
(0, (0, 0, 1), (0, 0)): [3190, 10142, 2871, 1327, 650, 282, 134, 74, 29, 14, 6, 1, 3, 1]
(0, (0, 0, 1), (0, 1)): [37, 93, 37, 10, 7, 3, 4, 0, 0, 0, 0, 0, 0, 1]
(0, (0, 0, 1), (0, 2)): [15, 36, 12, 2, 3]
(0, (0, 0, 1), (1, 0)): [44, 95, 28, 19, 12, 6, 1, 1, 1]
(0, (0, 0, 1), (1, 1)): [32, 65, 26, 10, 8, 4, 3, 0, 0, 0, 0, 0, 0, 1]
(0, (0, 0, 1), (1, 2)): [20, 44, 16, 5, 4, 0, 1]
(0, (0, 0, 1), (2, 0)): [23, 40, 14, 9, 4, 4, 1, 1, 1]
(0, (0, 0, 1), (2, 1)): [23, 34, 15, 8, 7, 3, 1]
(0, (0, 0, 1), (2, 2)): [21, 27, 12, 4, 4, 1, 1]
(0, (0, 0, 1), (3, 0)): [4, 21, 6, 5, 1, 2, 1, 1, 1]
(0, (0, 0, 1), (3, 1)): [8, 15, 6, 5, 3, 3, 0, 1]
(0, (0, 0, 1), (3, 2)): [13, 17, 4, 4, 2, 3, 1, 1]
(0, (0, 1, 0), (0, 0)): [22959, 22748, 8797, 4171, 2089, 932, 389, 165, 73, 43, 17, 5, 2, 0, 1]
(0, (0, 1, 0), (0, 1)): [325, 266, 110, 48, 17, 13, 4, 2]
(0, (0, 1, 0), (0, 2)): [120, 77, 36, 14, 2, 6, 1]
(0, (0, 1, 0), (1, 0)): [303, 289, 104, 64, 38, 18, 7, 0, 1]
(0, (0, 1, 0), (1, 1)): [267, 214, 87, 44, 21, 9, 5, 2]
(0, (0, 1, 0), (1, 2)): [166, 122, 48, 28, 9, 8, 2]
(0, (0, 1, 0), (2, 0)): [96, 109, 41, 27, 16, 12, 3, 0, 1]
(0, (0, 1, 0), (2, 1)): [113, 115, 48, 30, 10, 13, 5, 2]
(0, (0, 1, 0), (2, 2)): [124, 92, 47, 24, 5, 6, 4, 1]
(0, (0, 1, 0), (3, 0)): [43, 42, 18, 15, 12, 3, 1, 0, 1]
(0, (0, 1, 0), (3, 1)): [50, 53, 24, 18, 14, 6, 2, 1]
(0, (0, 1, 0), (3, 2)): [71, 57, 36, 16, 10, 4, 4]
(0, (0, 1, 1), (0, 0)): [2048, 3612, 4662, 2092, 1126, 523, 233, 106, 55, 21, 7, 5, 0, 2, 1, 0, 0, 1]
(0, (0, 1, 1), (0, 1)): [24, 32, 54, 26, 14, 3, 3, 1, 1]
(0, (0, 1, 1), (0, 2)): [10, 11, 22, 9, 8, 1, 1, 1]
(0, (0, 1, 1), (1, 0)): [36, 57, 75, 41, 25, 9, 7, 3, 2, 0, 0, 1]
(0, (0, 1, 1), (1, 1)): [20, 31, 41, 24, 14, 3, 3, 0, 1]
(0, (0, 1, 1), (1, 2)): [12, 10, 24, 14, 10, 2, 2, 1]
(0, (0, 1, 1), (2, 0)): [23, 36, 39, 24, 12, 6, 3, 3, 2, 0, 0, 1]
(0, (0, 1, 1), (2, 1)): [16, 25, 30, 18, 9, 3, 2, 2, 2]
(0, (0, 1, 1), (2, 2)): [18, 15, 24, 15, 6, 2, 1, 2]
(0, (0, 1, 1), (3, 0)): [14, 21, 20, 19, 10, 5, 1, 1, 0, 0, 0, 1]
(0, (0, 1, 1), (3, 1)): [7, 14, 13, 10, 7, 1, 0, 0, 2]
(0, (0, 1, 1), (3, 2)): [12, 8, 21, 11, 5, 2, 1, 2, 1]
(0, (1, 0, 0), (0, 0)): [156328, 53918, 33744, 16886, 8143, 3692, 1594, 693, 298, 139, 67, 26, 14, 4, 2, 1, 0, 1]
(0, (1, 0, 0), (0, 1)): [2111, 576, 454, 217, 119, 47, 16, 8, 3, 1]
(0, (1, 0, 0), (0, 2)): [757, 161, 142, 59, 37, 11, 7, 1, 1, 1]
(0, (1, 0, 0), (1, 0)): [1927, 655, 463, 232, 130, 41, 31, 11, 3, 4, 2]
(0, (1, 0, 0), (1, 1)): [1656, 490, 352, 178, 91, 28, 17, 8, 2, 2]
(0, (1, 0, 0), (1, 2)): [972, 243, 198, 77, 50, 19, 11, 2, 1]
(0, (1, 0, 0), (2, 0)): [600, 229, 153, 92, 56, 21, 8, 8, 2, 2, 2]
(0, (1, 0, 0), (2, 1)): [825, 258, 183, 115, 60, 18, 7, 5, 3, 3]
(0, (1, 0, 0), (2, 2)): [712, 195, 154, 72, 42, 11, 6, 3, 2, 2]
(0, (1, 0, 0), (3, 0)): [185, 78, 58, 40, 29, 9, 1, 5, 0, 1, 1]
(0, (1, 0, 0), (3, 1)): [313, 112, 78, 53, 41, 10, 3, 2, 2, 1, 1]
(0, (1, 0, 0), (3, 2)): [373, 125, 83, 47, 39, 10, 3, 1, 1, 2]
(0, (1, 0, 1), (0, 0)): [3540, 11303, 4804, 3234, 1753, 822, 407, 174, 81, 33, 16, 10, 4, 0, 1, 0, 0, 1]
(0, (1, 0, 1), (0, 1)): [43, 129, 55, 41, 16, 9, 7, 2, 1, 0, 0, 0, 1]
(0, (1, 0, 1), (0, 2)): [19, 50, 11, 14, 6, 6, 4, 1, 1]
(0, (1, 0, 1), (1, 0)): [46, 155, 65, 44, 23, 16, 1, 2, 2, 1, 1]
(0, (1, 0, 1), (1, 1)): [38, 112, 42, 31, 14, 9, 3, 1, 2, 0, 1]
(0, (1, 0, 1), (1, 2)): [26, 55, 17, 13, 9, 6, 1, 2, 2]
(0, (1, 0, 1), (2, 0)): [16, 57, 28, 16, 8, 8, 0, 1, 0, 1]
(0, (1, 0, 1), (2, 1)): [15, 75, 27, 20, 8, 5, 0, 0, 1, 0, 1]
(0, (1, 0, 1), (2, 2)): [23, 55, 21, 10, 6, 3, 0, 2, 1, 0, 1]
(0, (1, 0, 1), (3, 0)): [9, 15, 13, 9, 5, 6, 0, 1]
(0, (1, 0, 1), (3, 1)): [8, 23, 10, 7, 7, 4]
(0, (1, 0, 1), (3, 2)): [6, 31, 18, 7, 6, 1, 0, 0, 1, 0, 1]
(0, (1, 1, 0), (0, 0)): [21198, 14018, 11251, 7733, 4218, 1986, 881, 433, 173, 83, 43, 14, 7, 1]
(0, (1, 1, 0), (0, 1)): [336, 184, 119, 101, 57, 25, 8, 6, 0, 0, 1]
(0, (1, 1, 0), (0, 2)): [120, 63, 42, 32, 25, 6, 3, 4]
(0, (1, 1, 0), (1, 0)): [255, 173, 143, 100, 61, 33, 12, 8, 2, 3]
(0, (1, 1, 0), (1, 1)): [221, 129, 96, 72, 35, 22, 5, 3, 1, 1, 1]
(0, (1, 1, 0), (1, 2)): [143, 70, 55, 41, 21, 8, 3, 3, 0, 1]
(0, (1, 1, 0), (2, 0)): [65, 51, 51, 39, 26, 14, 5, 6, 1, 1]
(0, (1, 1, 0), (2, 1)): [101, 67, 56, 39, 27, 13, 3, 4, 0, 1]
(0, (1, 1, 0), (2, 2)): [89, 61, 50, 32, 14, 8, 1, 3, 0, 2]
(0, (1, 1, 0), (3, 0)): [17, 19, 20, 15, 10, 4, 2, 3, 1]
(0, (1, 1, 0), (3, 1)): [35, 26, 28, 24, 11, 8, 4, 2, 1]
(0, (1, 1, 0), (3, 2)): [52, 35, 33, 24, 10, 5, 1, 3, 1]
(0, (1, 1, 1), (0, 0)): [2223, 4057, 3452, 2774, 2155, 1066, 508, 264, 116, 50, 31, 11, 2, 1, 1]
(0, (1, 1, 1), (0, 1)): [42, 47, 49, 37, 22, 9, 4, 2, 3, 2, 1, 1]
(0, (1, 1, 1), (0, 2)): [23, 19, 13, 14, 12, 2, 1, 1, 1, 0, 0, 1]
(0, (1, 1, 1), (1, 0)): [26, 67, 68, 44, 43, 23, 7, 6, 2, 0, 1]
(0, (1, 1, 1), (1, 1)): [23, 43, 51, 32, 21, 8, 5, 4, 2, 1, 1]
(0, (1, 1, 1), (1, 2)): [24, 23, 23, 13, 10, 4, 3, 1, 2, 0, 0, 1]
(0, (1, 1, 1), (2, 0)): [8, 29, 16, 21, 22, 8, 1, 2, 1, 0, 1]
(0, (1, 1, 1), (2, 1)): [12, 25, 24, 17, 21, 6, 0, 4, 2]
(0, (1, 1, 1), (2, 2)): [12, 24, 18, 16, 9, 4, 2, 3, 1, 0, 0, 1]
(0, (1, 1, 1), (3, 0)): [1, 7, 7, 10, 6, 2, 0, 0, 0, 0, 1]
(0, (1, 1, 1), (3, 1)): [3, 11, 7, 15, 7, 1, 0, 0, 1, 0, 1]
(0, (1, 1, 1), (3, 2)): [5, 7, 10, 14, 6, 1, 1, 0, 2, 0, 0, 1]
(1, (0, 0, 0), (0, 0)): [557723, 60607, 25220, 10063, 4021, 1583, 601, 241, 92, 38, 15, 10, 5, 2, 0, 1]
(1, (0, 0, 0), (0, 1)): [8234, 869, 376, 135, 66, 12, 5, 5, 1, 0, 0, 0, 0, 1]
(1, (0, 0, 0), (0, 2)): [2881, 251, 108, 46, 15, 2, 0, 2]
(1, (0, 0, 0), (1, 0)): [8022, 1023, 466, 161, 76, 26, 14, 5, 0, 1, 0, 0, 0, 0, 0, 1]
(1, (0, 0, 0), (1, 1)): [7108, 820, 350, 117, 60, 18, 11, 2, 1, 1, 0, 0, 0, 1]
(1, (0, 0, 0), (1, 2)): [4312, 418, 168, 73, 26, 8, 4, 2]
(1, (0, 0, 0), (2, 0)): [2800, 404, 216, 63, 32, 13, 5, 3, 0, 0, 0, 0, 0, 0, 0, 1]
(1, (0, 0, 0), (2, 1)): [3965, 507, 233, 73, 47, 14, 6, 2, 0, 1]
(1, (0, 0, 0), (2, 2)): [3583, 375, 160, 64, 27, 12, 6, 3]
(1, (0, 0, 0), (3, 0)): [924, 149, 104, 31, 15, 4, 3, 0, 0, 0, 0, 0, 0, 0, 0, 1]
(1, (0, 0, 0), (3, 1)): [1699, 283, 151, 49, 29, 5, 2]
(1, (0, 0, 0), (3, 2)): [2122, 281, 152, 54, 26, 11, 5, 2]
(1, (0, 0, 1), (0, 0)): [16890, 25953, 5086, 2144, 922, 374, 158, 74, 33, 12, 6, 4, 3, 1]
(1, (0, 0, 1), (0, 1)): [199, 241, 50, 15, 8, 3, 3]
(1, (0, 0, 1), (0, 2)): [79, 80, 13, 4, 2, 0, 1]
(1, (0, 0, 1), (1, 0)): [225, 297, 62, 32, 15, 8, 4, 1, 1]
(1, (0, 0, 1), (1, 1)): [179, 222, 40, 15, 7, 4, 2, 1]
(1, (0, 0, 1), (1, 2)): [121, 111, 16, 8, 4, 1, 1]
(1, (0, 0, 1), (2, 0)): [100, 120, 33, 20, 8, 6, 4, 0, 1]
(1, (0, 0, 1), (2, 1)): [94, 128, 23, 11, 4, 4, 4, 1]
(1, (0, 0, 1), (2, 2)): [89, 104, 13, 8, 2, 1]
(1, (0, 0, 1), (3, 0)): [43, 56, 18, 14, 6, 3, 2, 0, 1]
(1, (0, 0, 1), (3, 1)): [55, 63, 9, 10, 4, 1, 2, 1]
(1, (0, 0, 1), (3, 2)): [57, 65, 11, 8, 2, 1, 1]
(1, (0, 1, 0), (0, 0)): [78869, 37911, 13155, 5557, 2261, 935, 335, 153, 44, 27, 12, 7, 5, 1, 1]
(1, (0, 1, 0), (0, 1)): [898, 373, 134, 56, 21, 7, 5, 2, 1]
(1, (0, 1, 0), (0, 2)): [325, 132, 40, 14, 5, 2, 2]
(1, (0, 1, 0), (1, 0)): [1181, 533, 188, 115, 58, 18, 4, 3, 0, 0, 1, 0, 0, 1]
(1, (0, 1, 0), (1, 1)): [836, 333, 114, 61, 28, 9, 5, 3, 1, 0, 0, 0, 0, 1]
(1, (0, 1, 0), (1, 2)): [505, 192, 59, 25, 10, 3, 3, 1]
(1, (0, 1, 0), (2, 0)): [514, 208, 89, 71, 28, 11, 2, 2, 0, 0, 1]
(1, (0, 1, 0), (2, 1)): [461, 184, 64, 49, 25, 9, 4, 3, 0, 0, 1, 0, 0, 1]
(1, (0, 1, 0), (2, 2)): [413, 164, 52, 32, 15, 3, 1, 1]
(1, (0, 1, 0), (3, 0)): [254, 111, 41, 50, 20, 5, 0, 1]
(1, (0, 1, 0), (3, 1)): [224, 90, 36, 31, 17, 4, 1, 1, 0, 0, 0, 0, 0, 1]
(1, (0, 1, 0), (3, 2)): [231, 90, 42, 33, 16, 1, 0, 1, 0, 0, 0, 0, 0, 1]
(1, (0, 1, 1), (0, 0)): [13359, 11434, 11161, 4392, 2156, 868, 346, 135, 74, 21, 9, 4, 1, 2, 0, 1]
(1, (0, 1, 1), (0, 1)): [138, 106, 86, 24, 17, 7, 5, 2]
(1, (0, 1, 1), (0, 2)): [68, 27, 29, 7, 5, 0, 1]
(1, (0, 1, 1), (1, 0)): [243, 182, 142, 76, 56, 14, 7, 5, 2, 1]
(1, (0, 1, 1), (1, 1)): [112, 93, 74, 30, 15, 5, 6, 2]
(1, (0, 1, 1), (1, 2)): [86, 43, 40, 19, 4, 1, 2]
(1, (0, 1, 1), (2, 0)): [162, 122, 79, 47, 46, 12, 5, 4, 2, 1]
(1, (0, 1, 1), (2, 1)): [69, 62, 42, 19, 7, 7, 5, 1]
(1, (0, 1, 1), (2, 2)): [64, 46, 36, 17, 8, 0, 0, 1]
(1, (0, 1, 1), (3, 0)): [132, 101, 61, 36, 42, 9, 4, 4, 2, 1]
(1, (0, 1, 1), (3, 1)): [35, 29, 15, 8, 2, 5, 5]
(1, (0, 1, 1), (3, 2)): [38, 36, 23, 5, 4, 2, 1]
(1, (1, 0, 0), (0, 0)): [225772, 42076, 25688, 11199, 4553, 1882, 718, 269, 125, 55, 22, 15, 3, 2, 0, 2]
(1, (1, 0, 0), (0, 1)): [3041, 450, 353, 140, 60, 17, 12, 1, 0, 2]
(1, (1, 0, 0), (0, 2)): [1042, 139, 124, 38, 17, 5, 5, 0, 0, 2]
(1, (1, 0, 0), (1, 0)): [3043, 562, 430, 190, 74, 27, 11, 6, 1, 1, 0, 0, 1, 0, 0, 1]
(1, (1, 0, 0), (1, 1)): [2509, 397, 305, 116, 49, 15, 7, 3, 0, 0, 0, 0, 0, 0, 0, 1]
(1, (1, 0, 0), (1, 2)): [1458, 202, 161, 50, 27, 8, 5, 1, 0, 1]
(1, (1, 0, 0), (2, 0)): [981, 210, 160, 90, 32, 15, 6, 0, 1, 1, 0, 0, 1]
(1, (1, 0, 0), (2, 1)): [1286, 230, 186, 86, 30, 12, 3, 1, 1, 0, 0, 0, 0, 0, 0, 1]
(1, (1, 0, 0), (2, 2)): [1117, 174, 141, 66, 28, 9, 2, 0, 0, 1]
(1, (1, 0, 0), (3, 0)): [318, 84, 53, 38, 17, 6, 3, 0, 0, 1, 0, 0, 1]
(1, (1, 0, 0), (3, 1)): [504, 128, 84, 51, 15, 6, 4, 1, 0, 0, 0, 0, 0, 0, 0, 1]
(1, (1, 0, 0), (3, 2)): [578, 122, 76, 46, 18, 10, 3, 0, 0, 0, 0, 0, 0, 0, 0, 1]
(1, (1, 0, 1), (0, 0)): [17427, 22349, 7503, 4778, 2039, 879, 316, 137, 56, 39, 13, 3, 0, 1]
(1, (1, 0, 1), (0, 1)): [254, 223, 70, 54, 28, 10, 6, 1, 3, 2]
(1, (1, 0, 1), (0, 2)): [110, 65, 22, 19, 5, 5, 1, 1, 0, 1]
(1, (1, 0, 1), (1, 0)): [234, 299, 82, 58, 33, 15, 3, 1, 0, 2]
(1, (1, 0, 1), (1, 1)): [190, 188, 57, 48, 29, 3, 5, 0, 2]
(1, (1, 0, 1), (1, 2)): [138, 97, 37, 31, 14, 3, 2, 1, 0, 1]
(1, (1, 0, 1), (2, 0)): [93, 104, 26, 16, 13, 9, 1, 0, 0, 1]
(1, (1, 0, 1), (2, 1)): [95, 102, 26, 23, 12, 6, 4, 0, 2]
(1, (1, 0, 1), (2, 2)): [82, 72, 27, 14, 8, 4, 2, 0, 1]
(1, (1, 0, 1), (3, 0)): [35, 44, 10, 5, 7, 4, 0, 0, 0, 1]
(1, (1, 0, 1), (3, 1)): [36, 48, 10, 13, 10, 6]
(1, (1, 0, 1), (3, 2)): [42, 44, 18, 13, 12, 7, 2, 0, 1]
(1, (1, 1, 0), (0, 0)): [60708, 19276, 13713, 9233, 4041, 1739, 691, 272, 109, 51, 19, 9, 5, 4, 1]
(1, (1, 1, 0), (0, 1)): [840, 224, 164, 120, 48, 17, 11, 3]
(1, (1, 1, 0), (0, 2)): [321, 85, 54, 42, 16, 3, 1]
(1, (1, 1, 0), (1, 0)): [798, 271, 195, 161, 70, 21, 7, 3, 1, 1, 0, 0, 2, 1]
(1, (1, 1, 0), (1, 1)): [669, 182, 139, 104, 44, 14, 10, 3, 0, 1]
(1, (1, 1, 0), (1, 2)): [460, 105, 76, 64, 24, 6, 4, 1]
(1, (1, 1, 0), (2, 0)): [263, 100, 71, 57, 30, 9, 1, 1, 1, 0, 0, 0, 2, 1]
(1, (1, 1, 0), (2, 1)): [334, 119, 73, 61, 23, 10, 4, 1, 0, 1, 0, 0, 1]
(1, (1, 1, 0), (2, 2)): [336, 86, 55, 39, 23, 6, 3, 1]
(1, (1, 1, 0), (3, 0)): [75, 34, 28, 20, 17, 6, 1, 1, 1, 0, 0, 0, 1]
(1, (1, 1, 0), (3, 1)): [136, 60, 39, 29, 18, 3, 4, 2, 0, 1, 0, 0, 1]
(1, (1, 1, 0), (3, 2)): [181, 56, 37, 24, 21, 5, 5, 3, 0, 1, 0, 0, 1]
(1, (1, 1, 1), (0, 0)): [12533, 10234, 6685, 4641, 3279, 1436, 600, 225, 101, 37, 15, 10, 5, 2, 1, 1]
(1, (1, 1, 1), (0, 1)): [215, 146, 92, 61, 54, 15, 6, 4, 2]
(1, (1, 1, 1), (0, 2)): [102, 54, 33, 17, 20, 5, 4]
(1, (1, 1, 1), (1, 0)): [189, 145, 103, 64, 57, 24, 13, 2, 2, 2, 0, 1, 1]
(1, (1, 1, 1), (1, 1)): [158, 99, 70, 54, 49, 14, 3, 3, 1]
(1, (1, 1, 1), (1, 2)): [118, 52, 42, 30, 26, 10, 5, 1]
(1, (1, 1, 1), (2, 0)): [57, 60, 46, 25, 21, 13, 7, 2, 1, 1, 0, 1, 1]
(1, (1, 1, 1), (2, 1)): [76, 65, 48, 31, 32, 6, 4, 2, 1, 1, 0, 1]
(1, (1, 1, 1), (2, 2)): [78, 46, 40, 30, 29, 7, 5, 2]
(1, (1, 1, 1), (3, 0)): [15, 23, 12, 12, 6, 8, 3, 0, 1, 0, 0, 0, 1]
(1, (1, 1, 1), (3, 1)): [31, 31, 13, 17, 12, 6, 3, 1, 0, 0, 0, 0, 1]
(1, (1, 1, 1), (3, 2)): [54, 31, 22, 22, 18, 8, 2, 1]
(2, (0, 0, 0), (0, 0)): [479502, 20931, 7182, 2263, 807, 278, 98, 36, 8, 2, 2, 0, 1]
(2, (0, 0, 0), (0, 1)): [7238, 324, 109, 30, 16, 4, 3]
(2, (0, 0, 0), (0, 2)): [2422, 73, 23, 10, 2, 1]
(2, (0, 0, 0), (1, 0)): [7475, 438, 151, 49, 18, 8, 3, 0, 0, 0, 0, 0, 1]
(2, (0, 0, 0), (1, 1)): [6545, 331, 116, 26, 17, 4, 5]
(2, (0, 0, 0), (1, 2)): [3849, 144, 48, 14, 8, 3, 1]
(2, (0, 0, 0), (2, 0)): [2729, 168, 72, 30, 9, 5, 1, 0, 0, 0, 0, 0, 1]
(2, (0, 0, 0), (2, 1)): [3815, 195, 80, 28, 8, 3, 3]
(2, (0, 0, 0), (2, 2)): [3233, 152, 52, 20, 10, 4]
(2, (0, 0, 0), (3, 0)): [953, 71, 40, 14, 6, 2, 1, 0, 0, 0, 0, 0, 1]
(2, (0, 0, 0), (3, 1)): [1730, 101, 55, 18, 6, 3, 2]
(2, (0, 0, 0), (3, 2)): [2111, 120, 57, 18, 5, 3]
(2, (0, 0, 1), (0, 0)): [49888, 16740, 3044, 1032, 371, 135, 47, 13, 1, 2, 0, 1]
(2, (0, 0, 1), (0, 1)): [580, 180, 40, 12, 8, 3, 1]
(2, (0, 0, 1), (0, 2)): [223, 47, 15, 1, 1, 1]
(2, (0, 0, 1), (1, 0)): [666, 200, 55, 14, 6, 2, 0, 1]
(2, (0, 0, 1), (1, 1)): [525, 139, 35, 8, 8, 1, 1]
(2, (0, 0, 1), (1, 2)): [337, 74, 20, 5, 2, 1, 1]
(2, (0, 0, 1), (2, 0)): [285, 82, 26, 11, 4, 2, 0, 1]
(2, (0, 0, 1), (2, 1)): [310, 81, 24, 6, 7, 0, 0, 1]
(2, (0, 0, 1), (2, 2)): [272, 58, 22, 3, 3, 1, 1]
(2, (0, 0, 1), (3, 0)): [148, 31, 14, 7, 1, 2]
(2, (0, 0, 1), (3, 1)): [173, 40, 13, 5, 5]
(2, (0, 0, 1), (3, 2)): [188, 47, 15, 3, 2, 1]
(2, (0, 1, 0), (0, 0)): [127587, 29340, 7274, 2518, 801, 279, 98, 24, 6, 1, 1, 0, 1]
(2, (0, 1, 0), (0, 1)): [1482, 272, 75, 26, 11, 1, 1]
(2, (0, 1, 0), (0, 2)): [535, 68, 17, 6, 4]
(2, (0, 1, 0), (1, 0)): [2048, 340, 153, 60, 14, 6, 3, 1, 0, 0, 0, 0, 1]
(2, (0, 1, 0), (1, 1)): [1379, 250, 92, 28, 9, 3, 2, 1]
(2, (0, 1, 0), (1, 2)): [790, 118, 34, 19, 5]
(2, (0, 1, 0), (2, 0)): [965, 145, 76, 42, 10, 2, 2, 0, 0, 0, 0, 0, 1]
(2, (0, 1, 0), (2, 1)): [889, 142, 57, 18, 6, 2, 2, 1, 0, 0, 0, 0, 1]
(2, (0, 1, 0), (2, 2)): [750, 105, 36, 21, 6, 0, 0, 1]
(2, (0, 1, 0), (3, 0)): [529, 67, 45, 26, 6, 0, 1]
(2, (0, 1, 0), (3, 1)): [449, 71, 38, 14, 7, 1, 2, 0, 0, 0, 0, 0, 1]
(2, (0, 1, 0), (3, 2)): [513, 68, 35, 15, 4, 1, 1, 0, 0, 0, 0, 0, 1]
(2, (0, 1, 1), (0, 0)): [30972, 2802, 7367, 1919, 734, 245, 85, 33, 11, 4, 2, 1, 0, 1]
(2, (0, 1, 1), (0, 1)): [326, 25, 60, 15, 4, 2, 1, 3]
(2, (0, 1, 1), (0, 2)): [131, 5, 20, 5, 2, 1, 1]
(2, (0, 1, 1), (1, 0)): [470, 54, 92, 34, 19, 3, 3, 0, 0, 0, 1]
(2, (0, 1, 1), (1, 1)): [292, 26, 53, 12, 5, 1, 1, 2]
(2, (0, 1, 1), (1, 2)): [191, 9, 31, 6, 2, 1, 2, 1]
(2, (0, 1, 1), (2, 0)): [247, 39, 45, 23, 15, 3, 1, 0, 0, 0, 1]
(2, (0, 1, 1), (2, 1)): [149, 20, 35, 9, 3, 1]
(2, (0, 1, 1), (2, 2)): [151, 14, 29, 7, 0, 1, 1, 1]
(2, (0, 1, 1), (3, 0)): [184, 27, 27, 15, 14, 3, 1, 0, 0, 0, 1]
(2, (0, 1, 1), (3, 1)): [81, 10, 19, 5, 2, 1]
(2, (0, 1, 1), (3, 2)): [104, 14, 24, 6, 1, 2, 0, 1]
(2, (1, 0, 0), (0, 0)): [276236, 21052, 12290, 3964, 1322, 426, 167, 52, 13, 6, 3, 0, 1]
(2, (1, 0, 0), (0, 1)): [3520, 188, 170, 47, 18, 6, 2, 1]
(2, (1, 0, 0), (0, 2)): [1198, 55, 41, 10, 7, 2, 1]
(2, (1, 0, 0), (1, 0)): [3794, 313, 233, 96, 31, 6, 4, 0, 0, 0, 0, 0, 1]
(2, (1, 0, 0), (1, 1)): [2928, 184, 173, 54, 15, 2, 1]
(2, (1, 0, 0), (1, 2)): [1714, 88, 74, 29, 7, 2]
(2, (1, 0, 0), (2, 0)): [1328, 135, 89, 48, 16, 3, 2, 0, 0, 0, 0, 0, 1]
(2, (1, 0, 0), (2, 1)): [1543, 116, 98, 30, 16, 3, 1, 0, 0, 0, 0, 0, 1]
(2, (1, 0, 0), (2, 2)): [1296, 83, 72, 24, 9, 4, 1]
(2, (1, 0, 0), (3, 0)): [433, 61, 28, 26, 6, 1, 2]
(2, (1, 0, 0), (3, 1)): [661, 70, 52, 26, 8, 1, 2, 0, 0, 0, 0, 0, 1]
(2, (1, 0, 0), (3, 2)): [730, 73, 48, 20, 7, 5, 1, 0, 0, 0, 0, 0, 1]
(2, (1, 0, 1), (0, 0)): [44973, 11914, 5018, 2696, 860, 301, 106, 35, 12, 3, 0, 2, 1]
(2, (1, 0, 1), (0, 1)): [626, 119, 56, 43, 17, 2, 0, 1, 0, 0, 0, 1]
(2, (1, 0, 1), (0, 2)): [244, 33, 18, 12, 7]
(2, (1, 0, 1), (1, 0)): [595, 138, 74, 46, 22, 8, 2]
(2, (1, 0, 1), (1, 1)): [474, 104, 41, 33, 16, 2, 2, 1, 0, 0, 0, 1]
(2, (1, 0, 1), (1, 2)): [311, 48, 18, 12, 6, 1, 0, 1, 0, 0, 0, 1]
(2, (1, 0, 1), (2, 0)): [217, 48, 38, 21, 5, 4]
(2, (1, 0, 1), (2, 1)): [266, 64, 21, 20, 11, 2]
(2, (1, 0, 1), (2, 2)): [225, 38, 14, 9, 7, 2, 0, 1, 0, 0, 0, 1]
(2, (1, 0, 1), (3, 0)): [81, 16, 17, 11, 3, 1]
(2, (1, 0, 1), (3, 1)): [121, 25, 14, 14, 6]
(2, (1, 0, 1), (3, 2)): [139, 27, 13, 5, 6, 2, 0, 1]
(2, (1, 1, 0), (0, 0)): [103605, 16417, 8655, 5325, 1697, 594, 183, 61, 26, 10, 5, 0, 2, 1]
(2, (1, 1, 0), (0, 1)): [1421, 211, 103, 67, 25, 5, 3, 0, 0, 0, 0, 0, 1]
(2, (1, 1, 0), (0, 2)): [507, 68, 27, 14, 7, 0, 1]
(2, (1, 1, 0), (1, 0)): [1481, 209, 132, 108, 31, 12, 4, 2, 1, 1]
(2, (1, 1, 0), (1, 1)): [1193, 162, 86, 64, 18, 5, 1, 1, 1, 1, 0, 0, 1]
(2, (1, 1, 0), (1, 2)): [750, 89, 51, 24, 6, 2, 2]
(2, (1, 1, 0), (2, 0)): [536, 78, 63, 49, 16, 7, 1, 1]
(2, (1, 1, 0), (2, 1)): [672, 83, 53, 39, 16, 6, 0, 1, 1, 1, 0, 0, 1]
(2, (1, 1, 0), (2, 2)): [580, 78, 42, 31, 10, 3, 2, 0, 1]
(2, (1, 1, 0), (3, 0)): [199, 35, 27, 24, 8, 3, 1]
(2, (1, 1, 0), (3, 1)): [296, 41, 31, 29, 6, 5, 1, 1, 0, 0, 0, 0, 1]
(2, (1, 1, 0), (3, 2)): [356, 45, 33, 28, 9, 2, 1, 0, 1]
(2, (1, 1, 1), (0, 0)): [30536, 4640, 5236, 2755, 1837, 623, 200, 71, 30, 7, 5, 0, 1, 1]
(2, (1, 1, 1), (0, 1)): [509, 51, 71, 42, 31, 5, 4, 2, 1, 0, 0, 0, 1]
(2, (1, 1, 1), (0, 2)): [228, 11, 17, 7, 7, 1, 1, 0, 1]
(2, (1, 1, 1), (1, 0)): [437, 128, 77, 60, 28, 12, 4, 1, 1, 0, 1]
(2, (1, 1, 1), (1, 1)): [389, 54, 68, 39, 24, 4, 2, 0, 0, 0, 1, 0, 1]
(2, (1, 1, 1), (1, 2)): [275, 20, 26, 14, 11, 2, 2, 0, 0, 0, 1]
(2, (1, 1, 1), (2, 0)): [127, 94, 22, 27, 13, 8, 3, 1]
(2, (1, 1, 1), (2, 1)): [182, 52, 37, 22, 17, 4, 3, 0, 0, 0, 0, 0, 1]
(2, (1, 1, 1), (2, 2)): [188, 29, 26, 15, 9, 2, 2, 0, 0, 0, 1]
(2, (1, 1, 1), (3, 0)): [28, 69, 9, 15, 4, 5]
(2, (1, 1, 1), (3, 1)): [63, 60, 14, 17, 11, 5, 2]
(2, (1, 1, 1), (3, 2)): [98, 44, 17, 21, 11, 6, 2, 0, 0, 0, 1]
