(0, (0, 0, 0)): [2637828, 538968, 248451, 114085, 51248, 21910, 9154, 3715, 1503, 656, 294, 132, 46, 25, 7, 1, 1, 1]
(0, (0, 0, 1)): [9236, 28811, 7916, 3897, 1858, 801, 358, 146, 57, 35, 20, 4, 5, 3]
(0, (0, 1, 0)): [98132, 90944, 36245, 18075, 8554, 3736, 1622, 673, 280, 145, 50, 20, 9, 6, 3, 0, 1]
(0, (0, 1, 1)): [7800, 13625, 16174, 7566, 4026, 1913, 824, 367, 182, 78, 27, 17, 4, 4, 2, 0, 1, 1]
(0, (1, 0, 0)): [546468, 178109, 118170, 58978, 28387, 12668, 5295, 2273, 954, 418, 202, 79, 28, 18, 5, 1, 1, 1]
(0, (1, 0, 1)): [12636, 38259, 15589, 11331, 5897, 2758, 1297, 533, 252, 109, 58, 20, 11, 3, 2, 0, 0, 1]
(0, (1, 1, 0)): [79099, 49216, 36232, 26874, 14320, 6708, 2871, 1321, 556, 257, 115, 49, 14, 6, 2, 0, 1]
(0, (1, 1, 1)): [7637, 14832, 11865, 8642, 7141, 3562, 1674, 799, 376, 161, 75, 28, 8, 5, 2, 0, 1]
(1, (0, 0, 0)): [2162990, 242883, 99033, 39505, 15423, 5890, 2292, 824, 285, 113, 43, 25, 8, 3, 0, 1]
(1, (0, 0, 1)): [56932, 81611, 16402, 7248, 2956, 1196, 472, 179, 80, 27, 15, 9, 4, 2]
(1, (0, 1, 0)): [287583, 123363, 46263, 20142, 8158, 3264, 1175, 493, 148, 74, 36, 10, 10, 2, 1]
(1, (0, 1, 1)): [44771, 37837, 32653, 13405, 6871, 2738, 1103, 434, 181, 62, 24, 10, 3, 2, 0, 1]
(1, (1, 0, 0)): [799107, 138783, 93579, 40002, 16310, 6480, 2546, 939, 359, 148, 59, 33, 7, 3, 0, 2]
(1, (1, 0, 1)): [64405, 72431, 23316, 16162, 7005, 2903, 1129, 453, 162, 87, 24, 10, 2, 1]
(1, (1, 1, 0)): [224355, 66829, 44564, 33190, 13999, 5800, 2275, 907, 345, 139, 55, 26, 10, 5, 1]
(1, (1, 1, 1)): [45728, 36607, 22747, 14790, 11593, 4963, 2026, 759, 305, 112, 38, 22, 9, 4, 1, 1]
(2, (0, 0, 0)): [1892755, 90660, 29802, 9538, 3190, 978, 335, 117, 23, 10, 5, 1, 1]
(2, (0, 0, 1)): [175729, 50675, 10900, 3771, 1306, 447, 136, 49, 10, 7, 1, 2]
(2, (0, 1, 0)): [464661, 94666, 27065, 9627, 3231, 1028, 332, 100, 24, 14, 7, 0, 1]
(2, (0, 1, 1)): [109128, 9011, 22381, 6640, 2597, 865, 281, 88, 26, 7, 5, 1, 0, 1]
(2, (1, 0, 0)): [967814, 69502, 47615, 15235, 4995, 1585, 592, 181, 43, 17, 7, 2, 1]
(2, (1, 0, 1)): [170551, 39156, 15550, 10131, 3355, 1080, 369, 118, 36, 14, 2, 4, 2]
(2, (1, 1, 0)): [378188, 56024, 28440, 20557, 6643, 2110, 711, 243, 73, 34, 12, 4, 2, 1]
(2, (1, 1, 1)): [112898, 16466, 18594, 9303, 7242, 2229, 753, 256, 86, 23, 10, 4, 1, 1]
