(0, (0, 0, 0)): [1439327, 286957, 131805, 59755, 26500, 11279, 4643, 1938, 771, 348, 149, 65, 31, 10, 3, 1, 0, 1]
(0, (0, 0, 1)): [6196, 18372, 5009, 2362, 1148, 482, 221, 99, 37, 21, 9, 3, 3, 2]
(0, (0, 1, 0)): [50790, 47003, 18296, 8780, 4222, 1791, 753, 322, 132, 75, 27, 6, 3, 2, 1]
(0, (0, 1, 1)): [4264, 7199, 8634, 4005, 2122, 990, 420, 197, 99, 43, 10, 6, 2, 2, 1, 0, 0, 1]
(0, (1, 0, 0)): [309236, 103641, 64966, 32060, 15131, 6760, 2812, 1211, 505, 228, 102, 40, 22, 4, 2, 1, 0, 1]
(0, (1, 0, 1)): [7410, 22147, 9102, 6216, 3268, 1479, 721, 295, 141, 56, 29, 14, 5, 1, 1, 0, 0, 1]
(0, (1, 1, 0)): [42253, 26990, 20418, 14407, 7635, 3588, 1517, 723, 291, 141, 65, 24, 10, 1]
(0, (1, 1, 1)): [4158, 7796, 6393, 4868, 3815, 1907, 879, 444, 193, 87, 43, 14, 4, 1, 1]
(1, (0, 0, 0)): [1164495, 125936, 51502, 20220, 7832, 2987, 1153, 430, 160, 64, 26, 15, 6, 3, 0, 1]
(1, (0, 0, 1)): [32846, 47041, 9250, 3899, 1635, 651, 258, 106, 46, 16, 9, 5, 4, 1]
(1, (0, 1, 0)): [159332, 71171, 25440, 10799, 4338, 1703, 583, 271, 79, 37, 20, 9, 9, 2, 1]
(1, (0, 1, 1)): [25646, 20815, 19000, 7561, 3837, 1512, 585, 230, 111, 36, 11, 7, 2, 2, 0, 1]
(1, (1, 0, 0)): [445492, 79510, 50213, 21225, 8572, 3394, 1332, 476, 205, 85, 31, 21, 4, 3, 0, 2]
(1, (1, 0, 1)): [35621, 41949, 13518, 8921, 3821, 1555, 616, 242, 83, 51, 13, 5, 0, 1]
(1, (1, 1, 0)): [121671, 37609, 25263, 17721, 7427, 3060, 1203, 483, 201, 74, 26, 15, 8, 5, 1]
(1, (1, 1, 1)): [24841, 19703, 12632, 8362, 6002, 2551, 1034, 391, 164, 60, 20, 15, 7, 3, 1, 1]
(2, (0, 0, 0)): [1010065, 45173, 15137, 4811, 1574, 525, 179, 55, 10, 6, 5, 0, 1]
(2, (0, 0, 1)): [94987, 29660, 5752, 1951, 693, 226, 66, 22, 3, 2, 0, 1]
(2, (0, 1, 0)): [252145, 54089, 14270, 4986, 1620, 549, 166, 49, 11, 8, 5, 0, 1]
(2, (0, 1, 1)): [57673, 5036, 12802, 3430, 1339, 423, 146, 49, 18, 4, 3, 1, 0, 1]
(2, (1, 0, 0)): [540614, 39242, 24960, 7907, 2513, 808, 318, 87, 18, 11, 6, 0, 1]
(2, (1, 0, 1)): [91277, 22406, 8865, 5201, 1680, 563, 192, 64, 21, 7, 0, 3, 1]
(2, (1, 1, 0)): [208587, 31969, 16112, 10772, 3422, 1131, 374, 120, 43, 19, 7, 1, 2, 1]
(2, (1, 1, 1)): [60159, 8789, 10165, 5026, 3584, 1146, 386, 131, 43, 9, 7, 1, 1, 1]
