(0, (0, 0, 0), (0, 0)): [399520, 81543, 38192, 17577, 7950, 3450, 1500, 630, 252, 118, 55, 22, 12, 3, 2]
(0, (0, 0, 0), (0, 1)): [1225, 242, 100, 40, 17, 5, 2, 4, 0, 1, 1]
(0, (0, 0, 0), (0, 2)): [497, 96, 36, 13, 4, 2, 1, 2]
(0, (0, 0, 0), (1, 0)): [1121, 240, 95, 47, 24, 17, 5, 1, 0, 2]
(0, (0, 0, 0), (1, 1)): [955, 196, 71, 38, 14, 3, 1, 3, 0, 1, 1]
(0, (0, 0, 0), (1, 2)): [616, 125, 33, 15, 4, 2, 1, 2]
(0, (0, 0, 0), (2, 0)): [421, 96, 47, 25, 16, 12, 3, 0, 0, 1]
(0, (0, 0, 0), (2, 1)): [532, 107, 40, 24, 11, 5, 1, 1]
(0, (0, 0, 0), (2, 2)): [501, 104, 22, 12, 8, 4, 1, 1]
(0, (0, 0, 0), (3, 0)): [186, 46, 32, 17, 8, 10, 2]
(0, (0, 0, 0), (3, 1)): [229, 52, 31, 14, 4, 2, 3]
(0, (0, 0, 0), (3, 2)): [302, 65, 34, 13, 7, 2, 2]
(0, (0, 0, 1), (0, 0)): [2028, 6568, 1870, 890, 421, 169, 90, 47, 13, 8, 4, 1, 3]
(0, (0, 0, 1), (0, 1)): [5, 9, 3, 1, 0, 0, 2]
(0, (0, 0, 1), (1, 0)): [3, 17, 7, 3, 2]
(0, (0, 0, 1), (1, 1)): [4, 9, 6, 0, 1, 0, 2]
(0, (0, 0, 1), (1, 2)): [2, 4, 2]
(0, (0, 0, 1), (2, 0)): [1, 8, 2, 2, 1]
(0, (0, 0, 1), (2, 2)): [1, 2, 1, 0, 1, 0, 1]
(0, (0, 0, 1), (3, 0)): [0, 4, 0, 1, 1]
(0, (0, 0, 1), (3, 1)): [1, 3, 1]
(0, (0, 1, 0), (0, 0)): [13187, 13611, 5182, 2431, 1255, 551, 234, 99, 47, 27, 9, 3]
(0, (0, 1, 0), (0, 1)): [39, 38, 9, 3, 2, 1]
(0, (0, 1, 0), (0, 2)): [7, 10, 5, 3, 0, 1]
(0, (0, 1, 0), (1, 0)): [42, 34, 7, 10, 3, 1, 1]
(0, (0, 1, 0), (1, 1)): [34, 20, 3, 2, 1, 1]
(0, (0, 1, 0), (1, 2)): [15, 12, 5, 3, 1]
(0, (0, 1, 0), (2, 0)): [13, 20, 3, 6, 2, 0, 1]
(0, (0, 1, 0), (2, 1)): [8, 14, 2, 5, 0, 1, 1]
(0, (0, 1, 0), (2, 2)): [11, 12, 2, 4]
(0, (0, 1, 0), (3, 1)): [6, 4, 1, 4, 1, 1, 1]
(0, (0, 1, 0), (3, 2)): [4, 8, 2, 2, 1, 0, 1]
(0, (0, 1, 1), (0, 0)): [1164, 2150, 2840, 1287, 661, 315, 143, 65, 31, 13, 6, 1, 0, 1, 1]
(0, (0, 1, 1), (1, 0)): [3, 7, 9, 5, 2, 2, 3]
(0, (0, 1, 1), (1, 1)): [3, 3, 7, 4, 2, 1, 0, 0, 1]
(0, (0, 1, 1), (1, 2)): [0, 1, 4, 3, 3]
(0, (0, 1, 1), (2, 0)): [0, 5, 5, 3, 1, 1, 1]
(0, (0, 1, 1), (2, 1)): [2, 2, 1, 1, 0, 1, 0, 0, 1]
(0, (0, 1, 1), (2, 2)): [1, 1, 2, 3, 2]
(0, (0, 1, 1), (3, 0)): [0, 4, 5, 2, 1, 1, 1]
(0, (0, 1, 1), (3, 1)): [1, 2, 2, 2, 0, 1, 0, 0, 1]
(0, (1, 0, 0), (0, 0)): [89757, 32305, 19606, 9861, 4661, 2113, 917, 398, 160, 79, 40, 14, 8, 3, 2]
(0, (1, 0, 0), (0, 1)): [257, 63, 46, 20, 14, 5, 3, 1, 1, 1]
(0, (1, 0, 0), (0, 2)): [90, 20, 17, 4, 4, 2, 1, 1, 0, 1]
(0, (1, 0, 0), (1, 0)): [196, 82, 52, 18, 8, 4, 2, 3, 2]
(0, (1, 0, 0), (1, 1)): [164, 49, 38, 15, 9, 2]
(0, (1, 0, 0), (1, 2)): [94, 23, 25, 3, 5, 2]
(0, (1, 0, 0), (2, 0)): [75, 36, 17, 9, 4, 1, 2, 3, 2]
(0, (1, 0, 0), (2, 1)): [80, 31, 15, 10, 3, 0, 1, 0, 2]
(0, (1, 0, 0), (2, 2)): [80, 22, 17, 5, 2, 1, 0, 0, 1]
(0, (1, 0, 0), (3, 0)): [32, 16, 7, 5, 2, 1, 0, 1]
(0, (1, 0, 0), (3, 1)): [29, 14, 5, 6, 2, 1, 0, 0, 1]
(0, (1, 0, 0), (3, 2)): [33, 15, 7, 3, 1, 1, 0, 0, 1]
(0, (1, 0, 1), (0, 0)): [2164, 6468, 2973, 1954, 1106, 511, 267, 108, 47, 24, 10, 7, 2, 0, 1]
(0, (1, 0, 1), (0, 1)): [5, 16, 1, 6, 2, 0, 3, 1]
(0, (1, 0, 1), (1, 0)): [11, 20, 7, 2, 4, 5, 0, 1]
(0, (1, 0, 1), (1, 1)): [5, 12, 4, 1, 2, 2, 1]
(0, (1, 0, 1), (2, 0)): [4, 10, 2, 1, 0, 3]
(0, (1, 0, 1), (2, 1)): [2, 9, 2, 1, 1, 2]
(0, (1, 0, 1), (3, 0)): [3, 3, 1, 0, 0, 2]
(0, (1, 0, 1), (3, 1)): [3, 4, 0, 0, 0, 1]
(0, (1, 1, 0), (0, 0)): [11732, 7887, 6555, 4393, 2355, 1106, 498, 233, 91, 47, 28, 7, 3, 1]
(0, (1, 1, 0), (0, 1)): [43, 22, 16, 11, 2, 6]
(0, (1, 1, 0), (0, 2)): [12, 7, 6, 5, 1, 1]
(0, (1, 1, 0), (1, 0)): [25, 19, 15, 16, 5, 5, 4, 1, 1]
(0, (1, 1, 0), (1, 1)): [24, 19, 11, 9, 1, 7, 1, 0, 1]
(0, (1, 1, 0), (1, 2)): [19, 9, 6, 6, 0, 1]
(0, (1, 1, 0), (2, 0)): [11, 3, 7, 7, 4, 1, 2, 1]
(0, (1, 1, 0), (2, 1)): [10, 7, 3, 4, 4, 4, 2]
(0, (1, 1, 0), (2, 2)): [9, 7, 1, 5, 1, 1, 1]
(0, (1, 1, 0), (3, 0)): [4, 1, 5, 4, 1, 0, 0, 1]
(0, (1, 1, 0), (3, 1)): [4, 2, 3, 3, 3, 2, 1]
(0, (1, 1, 1), (0, 0)): [1242, 2230, 1932, 1619, 1257, 616, 311, 146, 68, 37, 16, 4, 1, 1, 1]
(0, (1, 1, 1), (0, 1)): [2, 6, 7, 3, 4, 0, 1, 0, 1]
(0, (1, 1, 1), (0, 2)): [1, 1, 3, 3, 1]
(0, (1, 1, 1), (1, 0)): [1, 5, 8, 5, 4, 2, 1, 1, 1]
(0, (1, 1, 1), (1, 1)): [1, 6, 4, 3, 5, 1, 2, 0, 1]
(0, (1, 1, 1), (1, 2)): [2, 3, 3, 0, 3]
(0, (1, 1, 1), (2, 0)): [0, 1, 5, 2, 2, 0, 0, 1]
(0, (1, 1, 1), (2, 1)): [0, 2, 2, 3, 2, 1, 0, 1, 1]
(0, (1, 1, 1), (3, 0)): [0, 0, 3, 1, 1]
(0, (1, 1, 1), (3, 1)): [0, 0, 2, 1, 0, 0, 0, 0, 1]
(1, (0, 0, 0), (0, 0)): [315519, 34104, 14204, 5560, 2218, 896, 359, 145, 50, 17, 7, 5, 2]
(1, (0, 0, 0), (0, 1)): [988, 106, 31, 10, 6, 0, 0, 1]
(1, (0, 0, 0), (0, 2)): [406, 29, 13, 6, 2, 0, 0, 1]
(1, (0, 0, 0), (1, 0)): [871, 103, 44, 12, 2, 3, 0, 1]
(1, (0, 0, 0), (1, 1)): [774, 86, 30, 10, 3, 1]
(1, (0, 0, 0), (1, 2)): [490, 50, 15, 10, 2, 1]
(1, (0, 0, 0), (2, 0)): [293, 43, 22, 4, 1, 1]
(1, (0, 0, 0), (2, 1)): [391, 47, 27, 6, 2]
(1, (0, 0, 0), (2, 2)): [396, 38, 20, 9, 2, 1]
(1, (0, 0, 0), (3, 0)): [116, 13, 7, 1, 1, 1]
(1, (0, 0, 0), (3, 1)): [158, 30, 13, 1, 1]
(1, (0, 0, 0), (3, 2)): [226, 30, 20, 4, 0, 1]
(1, (0, 0, 1), (0, 0)): [10906, 17180, 3382, 1421, 612, 236, 103, 51, 19, 8, 5, 3, 2]
(1, (0, 0, 1), (0, 1)): [27, 46, 7, 1, 1]
(1, (0, 0, 1), (0, 2)): [13, 21, 1]
(1, (0, 0, 1), (1, 0)): [33, 33, 9, 3, 3]
(1, (0, 0, 1), (1, 1)): [26, 26, 7, 2, 2]
(1, (0, 0, 1), (1, 2)): [14, 19, 4, 1]
(1, (0, 0, 1), (2, 0)): [13, 12, 5, 2, 2]
(1, (0, 0, 1), (2, 1)): [9, 15, 2, 1, 2]
(1, (0, 0, 1), (2, 2)): [11, 16, 2]
(1, (0, 0, 1), (3, 0)): [7, 9, 4, 2, 1]
(1, (0, 0, 1), (3, 1)): [6, 7, 1, 0, 2]
(1, (0, 0, 1), (3, 2)): [7, 7, 1]
(1, (0, 1, 0), (0, 0)): [47764, 23781, 8004, 3306, 1343, 585, 206, 86, 26, 16, 3, 4, 3]
(1, (0, 1, 0), (0, 1)): [143, 53, 14, 7, 1, 1, 1, 1]
(1, (0, 1, 0), (0, 2)): [54, 19, 4, 0, 0, 1, 1]
(1, (0, 1, 0), (1, 0)): [155, 74, 21, 11, 9, 2]
(1, (0, 1, 0), (1, 1)): [131, 48, 9, 9, 4, 1, 0, 1]
(1, (0, 1, 0), (1, 2)): [86, 27, 9, 1, 1]
(1, (0, 1, 0), (2, 0)): [59, 22, 11, 5, 5, 1]
(1, (0, 1, 0), (2, 1)): [57, 25, 5, 9, 2, 2, 0, 1]
(1, (0, 1, 0), (2, 2)): [56, 20, 8, 5, 2, 1]
(1, (0, 1, 0), (3, 0)): [34, 12, 4, 2, 5]
(1, (0, 1, 0), (3, 1)): [30, 12, 2, 5, 4, 1]
(1, (0, 1, 0), (3, 2)): [41, 5, 6, 6, 0, 1]
(1, (0, 1, 1), (0, 0)): [8123, 7030, 7319, 2795, 1250, 509, 209, 79, 39, 15, 7, 3, 0, 1]
(1, (0, 1, 1), (0, 1)): [34, 9, 20, 3, 1, 0, 0, 1]
(1, (0, 1, 1), (0, 2)): [22, 2, 7, 1]
(1, (0, 1, 1), (1, 0)): [34, 13, 14, 9, 7, 3, 2, 1]
(1, (0, 1, 1), (1, 1)): [17, 7, 14, 4, 2, 0, 1]
(1, (0, 1, 1), (1, 2)): [18, 2, 8, 1, 0, 0, 1]
(1, (0, 1, 1), (2, 0)): [20, 11, 5, 5, 4, 3, 1, 1]
(1, (0, 1, 1), (2, 1)): [10, 7, 9, 3]
(1, (0, 1, 1), (3, 0)): [14, 7, 2, 3, 4, 3, 1, 1]
(1, (0, 1, 1), (3, 1)): [6, 4, 3, 2]
(1, (0, 1, 1), (3, 2)): [7, 2, 6]
(1, (1, 0, 0), (0, 0)): [129886, 25001, 14744, 6441, 2594, 1085, 406, 161, 68, 32, 10, 9, 2, 2]
(1, (1, 0, 0), (0, 1)): [388, 53, 43, 16, 6, 3, 2]
(1, (1, 0, 0), (0, 2)): [154, 24, 19, 4, 1]
(1, (1, 0, 0), (1, 0)): [356, 72, 60, 24, 4, 4, 0, 1]
(1, (1, 0, 0), (1, 1)): [290, 46, 30, 14, 3, 4, 1, 1]
(1, (1, 0, 0), (1, 2)): [190, 24, 17, 6, 2, 0, 1]
(1, (1, 0, 0), (2, 0)): [113, 26, 30, 12, 3, 1]
(1, (1, 0, 0), (2, 1)): [131, 27, 25, 10, 1, 3, 0, 1]
(1, (1, 0, 0), (2, 2)): [121, 19, 19, 6, 2, 1]
(1, (1, 0, 0), (3, 0)): [45, 14, 11, 7, 3]
(1, (1, 0, 0), (3, 1)): [51, 16, 11, 7, 0, 1, 0, 1]
(1, (1, 0, 0), (3, 2)): [68, 15, 11, 8, 0, 1]
(1, (1, 0, 1), (0, 0)): [10464, 13418, 4755, 2958, 1243, 545, 199, 81, 31, 22, 7, 2]
(1, (1, 0, 1), (0, 1)): [29, 27, 10, 7, 4, 1, 1, 1]
(1, (1, 0, 1), (0, 2)): [23, 5, 5, 5, 1, 1, 0, 1]
(1, (1, 0, 1), (1, 0)): [25, 39, 4, 11, 3, 4, 0, 1]
(1, (1, 0, 1), (1, 1)): [12, 24, 5, 8, 3, 0, 1]
(1, (1, 0, 1), (1, 2)): [15, 7, 7, 8, 2, 0, 0, 1]
(1, (1, 0, 1), (2, 0)): [11, 14, 1, 3, 2, 2]
(1, (1, 0, 1), (2, 1)): [5, 14, 0, 4, 0, 1, 1]
(1, (1, 0, 1), (2, 2)): [6, 8, 4, 3, 1, 1]
(1, (1, 0, 1), (3, 2)): [3, 9, 3, 3, 2, 1]
(1, (1, 1, 0), (0, 0)): [32987, 10561, 7692, 5064, 2234, 966, 370, 142, 53, 25, 5, 6, 1, 3]
(1, (1, 1, 0), (0, 1)): [93, 28, 19, 16, 7, 3, 1]
(1, (1, 1, 0), (0, 2)): [36, 16, 5, 7, 3]
(1, (1, 1, 0), (1, 0)): [83, 22, 24, 24, 9, 2]
(1, (1, 1, 0), (1, 1)): [78, 15, 13, 14, 3, 1, 1]
(1, (1, 1, 0), (1, 2)): [48, 7, 5, 8, 3]
(1, (1, 1, 0), (2, 0)): [25, 7, 10, 8, 6, 1]
(1, (1, 1, 0), (2, 1)): [35, 15, 5, 8, 2, 1, 1]
(1, (1, 1, 0), (2, 2)): [37, 8, 4, 6, 2]
(1, (1, 1, 0), (3, 0)): [9, 2, 7, 4, 4, 1]
(1, (1, 1, 0), (3, 1)): [9, 7, 6, 2, 1, 0, 1]
(1, (1, 1, 0), (3, 2)): [18, 8, 2, 4, 3]
(1, (1, 1, 1), (0, 0)): [6462, 5362, 3497, 2587, 1728, 779, 318, 131, 54, 21, 6, 3, 1, 1]
(1, (1, 1, 1), (0, 1)): [22, 20, 11, 10, 1, 1, 0, 1]
(1, (1, 1, 1), (0, 2)): [14, 7, 4, 4, 0, 1]
(1, (1, 1, 1), (1, 0)): [18, 12, 17, 8, 11, 4, 3, 1]
(1, (1, 1, 1), (1, 1)): [16, 15, 7, 9, 4, 2, 1, 1]
(1, (1, 1, 1), (1, 2)): [10, 7, 1, 7, 1, 2, 1, 1]
(1, (1, 1, 1), (2, 0)): [3, 5, 10, 3, 6, 2, 1, 1]
(1, (1, 1, 1), (2, 1)): [6, 6, 8, 4, 5, 1, 1]
(1, (1, 1, 1), (2, 2)): [5, 6, 5, 3, 3, 2, 2, 1]
(1, (1, 1, 1), (3, 0)): [2, 4, 3, 2, 3, 2]
(1, (1, 1, 1), (3, 1)): [3, 2, 2, 4, 2, 1]
(1, (1, 1, 1), (3, 2)): [5, 3, 2, 5, 3, 3]
(2, (0, 0, 0), (0, 0)): [271054, 11463, 3889, 1192, 419, 153, 55, 22, 3, 1, 1]
(2, (0, 0, 0), (0, 1)): [868, 40, 8, 3, 1]
(2, (0, 0, 0), (0, 2)): [319, 11, 3, 2]
(2, (0, 0, 0), (1, 0)): [903, 60, 19, 7, 2]
(2, (0, 0, 0), (1, 1)): [772, 38, 13, 3, 1]
(2, (0, 0, 0), (1, 2)): [448, 11, 9, 2]
(2, (0, 0, 0), (2, 0)): [344, 22, 8, 4, 1]
(2, (0, 0, 0), (2, 1)): [465, 25, 7, 4, 1]
(2, (0, 0, 0), (2, 2)): [398, 14, 10, 5]
(2, (0, 0, 0), (3, 0)): [121, 12, 6, 2, 1]
(2, (0, 0, 0), (3, 1)): [205, 15, 3, 0, 1]
(2, (0, 0, 0), (3, 2)): [277, 17, 9, 2]
(2, (0, 0, 1), (0, 0)): [33037, 11379, 2008, 653, 230, 89, 31, 11, 0, 1]
(2, (0, 0, 1), (0, 1)): [83, 29, 7]
(2, (0, 0, 1), (0, 2)): [41, 10, 5]
(2, (0, 0, 1), (1, 0)): [77, 30, 5, 0, 0, 1]
(2, (0, 0, 1), (1, 1)): [56, 20, 2]
(2, (0, 0, 1), (1, 2)): [49, 14, 4]
(2, (0, 0, 1), (2, 0)): [37, 10, 4, 0, 0, 1]
(2, (0, 0, 1), (2, 1)): [34, 12, 2]
(2, (0, 0, 1), (2, 2)): [36, 11, 4]
(2, (0, 0, 1), (3, 0)): [19, 3, 3, 0, 0, 1]
(2, (0, 0, 1), (3, 1)): [19, 3, 2]
(2, (0, 0, 1), (3, 2)): [24, 5, 3]
(2, (0, 1, 0), (0, 0)): [77885, 18284, 4416, 1476, 458, 165, 59, 18, 4, 1]
(2, (0, 1, 0), (0, 1)): [198, 39, 7, 2, 4]
(2, (0, 1, 0), (0, 2)): [83, 7, 1, 1, 2]
(2, (0, 1, 0), (1, 0)): [250, 42, 16, 3, 1, 1]
(2, (0, 1, 0), (1, 1)): [175, 38, 7, 0, 2]
(2, (0, 1, 0), (1, 2)): [109, 16, 4, 1, 4]
(2, (0, 1, 0), (2, 0)): [119, 20, 12, 3, 1, 1]
(2, (0, 1, 0), (2, 1)): [113, 19, 6, 1, 0, 1]
(2, (0, 1, 0), (2, 2)): [107, 13, 5, 1, 3]
(2, (0, 1, 0), (3, 0)): [68, 12, 7, 1, 1]
(2, (0, 1, 0), (3, 1)): [61, 12, 2, 1, 1, 1]
(2, (0, 1, 0), (3, 2)): [82, 11, 6, 0, 1, 1]
(2, (0, 1, 1), (0, 0)): [19820, 1810, 4834, 1263, 451, 166, 48, 15, 8, 2, 1]
(2, (0, 1, 1), (0, 1)): [56, 5, 13, 2, 2]
(2, (0, 1, 1), (0, 2)): [25, 0, 4, 2, 2]
(2, (0, 1, 1), (1, 0)): [70, 5, 19, 7, 2, 1]
(2, (0, 1, 1), (1, 1)): [46, 6, 14, 2]
(2, (0, 1, 1), (1, 2)): [30, 1, 8, 2, 1]
(2, (0, 1, 1), (2, 0)): [37, 2, 9, 5, 1, 1]
(2, (0, 1, 1), (2, 1)): [19, 3, 5, 1]
(2, (0, 1, 1), (2, 2)): [23, 1, 7, 1]
(2, (0, 1, 1), (3, 0)): [31, 0, 7, 3, 1, 1]
(2, (0, 1, 1), (3, 1)): [10, 1, 4, 1]
(2, (0, 1, 1), (3, 2)): [18, 0, 8, 1]
(2, (1, 0, 0), (0, 0)): [159569, 12500, 6693, 2196, 723, 246, 100, 32, 7, 2, 1]
(2, (1, 0, 0), (0, 1)): [418, 17, 16, 5, 1, 1]
(2, (1, 0, 0), (0, 2)): [145, 7, 4, 0, 0, 1]
(2, (1, 0, 0), (1, 0)): [431, 20, 22, 8, 2, 1]
(2, (1, 0, 0), (1, 1)): [332, 11, 14, 7, 1]
(2, (1, 0, 0), (1, 2)): [182, 7, 8, 3]
(2, (1, 0, 0), (2, 0)): [156, 12, 6, 5, 1]
(2, (1, 0, 0), (2, 1)): [158, 9, 5, 0, 1]
(2, (1, 0, 0), (2, 2)): [136, 10, 10, 1]
(2, (1, 0, 0), (3, 0)): [53, 6, 2, 4, 1]
(2, (1, 0, 0), (3, 1)): [64, 4, 3, 1]
(2, (1, 0, 0), (3, 2)): [73, 7, 3, 1]
(2, (1, 0, 1), (0, 0)): [27574, 7534, 3327, 1614, 533, 204, 63, 25, 7, 1, 0, 1]
(2, (1, 0, 1), (0, 1)): [66, 16, 6, 7, 1, 1]
(2, (1, 0, 1), (0, 2)): [26, 5, 2, 4]
(2, (1, 0, 1), (1, 0)): [64, 9, 7, 9, 0, 1]
(2, (1, 0, 1), (1, 1)): [39, 10, 2, 2, 1]
(2, (1, 0, 1), (1, 2)): [23, 6, 1, 3]
(2, (1, 0, 1), (2, 0)): [29, 4, 5, 6]
(2, (1, 0, 1), (2, 1)): [19, 4, 2, 3, 1]
(2, (1, 0, 1), (2, 2)): [16, 2, 2, 2]
(2, (1, 0, 1), (3, 0)): [16, 1, 2, 1]
(2, (1, 0, 1), (3, 1)): [11, 0, 2, 2, 1]
(2, (1, 0, 1), (3, 2)): [11, 1, 3, 1]
(2, (1, 1, 0), (0, 0)): [53064, 8258, 4644, 2729, 844, 320, 93, 26, 12, 5, 2, 0, 0, 1]
(2, (1, 1, 0), (0, 1)): [160, 21, 12, 5, 3]
(2, (1, 1, 0), (0, 2)): [72, 8, 5, 1]
(2, (1, 1, 0), (1, 0)): [143, 15, 11, 15, 2, 2, 0, 1]
(2, (1, 1, 0), (1, 1)): [104, 15, 5, 5, 2]
(2, (1, 1, 0), (1, 2)): [66, 12, 3, 2, 1]
(2, (1, 1, 0), (2, 0)): [64, 6, 5, 9, 1, 1, 0, 1]
(2, (1, 1, 0), (2, 1)): [62, 6, 3, 2, 1]
(2, (1, 1, 0), (2, 2)): [53, 9, 2, 2, 1]
(2, (1, 1, 0), (3, 0)): [30, 2, 4, 5, 1, 1]
(2, (1, 1, 0), (3, 1)): [28, 1, 4, 5]
(2, (1, 1, 0), (3, 2)): [32, 1, 5, 3, 1]
(2, (1, 1, 1), (0, 0)): [15894, 2420, 2775, 1498, 992, 340, 112, 39, 17, 3, 2, 0, 0, 1]
(2, (1, 1, 1), (0, 1)): [58, 7, 12, 5, 2, 1]
(2, (1, 1, 1), (0, 2)): [35, 4, 1, 0, 0, 1]
(2, (1, 1, 1), (1, 0)): [47, 15, 7, 13, 0, 1]
(2, (1, 1, 1), (1, 1)): [30, 5, 11, 6]
(2, (1, 1, 1), (1, 2)): [27, 3, 4, 2, 0, 1]
(2, (1, 1, 1), (2, 0)): [21, 13, 2, 8, 0, 1]
(2, (1, 1, 1), (2, 1)): [16, 6, 6, 5]
(2, (1, 1, 1), (2, 2)): [18, 5, 4, 4]
(2, (1, 1, 1), (3, 0)): [8, 9, 0, 5, 0, 1]
(2, (1, 1, 1), (3, 1)): [10, 5, 1, 3]
(2, (1, 1, 1), (3, 2)): [12, 5, 2, 6]
