(0, (0, 0, 0)): [669048, 135155, 63442, 29268, 13326, 5821, 2429, 1053, 437, 210, 96, 38, 22, 5, 3, 1, 0, 1]
(0, (0, 0, 1)): [3063, 9797, 2771, 1293, 638, 268, 131, 74, 28, 14, 6, 1, 3, 1]
(0, (0, 1, 0)): [21957, 21905, 8416, 4000, 2014, 899, 375, 162, 71, 43, 17, 5, 2, 0, 1]
(0, (0, 1, 1)): [1942, 3483, 4492, 2001, 1084, 501, 223, 103, 54, 21, 7, 5, 0, 1, 1, 0, 0, 1]
(0, (1, 0, 0)): [149253, 51784, 32257, 16101, 7784, 3538, 1510, 669, 287, 138, 66, 23, 14, 3, 2, 1, 0, 1]
(0, (1, 0, 1)): [3383, 10891, 4625, 3110, 1691, 794, 391, 171, 80, 32, 15, 10, 4, 0, 1, 0, 0, 1]
(0, (1, 1, 0)): [20139, 13363, 10806, 7380, 4041, 1894, 834, 417, 165, 82, 42, 13, 7, 1]
(0, (1, 1, 1)): [2107, 3873, 3295, 2670, 2078, 1023, 479, 255, 112, 49, 30, 11, 2, 1, 1]
(1, (0, 0, 0)): [531224, 57555, 23914, 9575, 3822, 1514, 569, 237, 88, 37, 15, 10, 5, 2, 0, 1]
(1, (0, 0, 1)): [16262, 25161, 4905, 2064, 892, 359, 157, 73, 32, 12, 6, 4, 3, 1]
(1, (0, 1, 0)): [75759, 36622, 12643, 5332, 2178, 901, 324, 148, 44, 27, 10, 5, 5, 1, 1]
(1, (0, 1, 1)): [12853, 11015, 10810, 4234, 2069, 834, 329, 129, 72, 21, 9, 4, 1, 1, 0, 1]
(1, (1, 0, 0)): [215635, 40407, 24479, 10682, 4319, 1802, 683, 263, 119, 54, 22, 15, 3, 2, 0, 2]
(1, (1, 0, 1)): [16697, 21466, 7241, 4580, 1956, 843, 308, 130, 55, 39, 13, 3, 0, 1]
(1, (1, 1, 0)): [57729, 18396, 13111, 8769, 3853, 1662, 666, 262, 102, 48, 17, 9, 5, 4, 1]
(1, (1, 1, 1)): [11864, 9735, 6372, 4436, 3115, 1366, 571, 222, 99, 37, 14, 10, 5, 2, 1, 1]
(2, (0, 0, 0)): [456476, 19750, 6757, 2140, 766, 266, 90, 34, 8, 2, 2, 0, 1]
(2, (0, 0, 1)): [48096, 16214, 2934, 999, 359, 130, 44, 13, 1, 2, 0, 1]
(2, (0, 1, 0)): [122603, 28314, 6994, 2408, 772, 272, 91, 23, 6, 1, 1, 0, 1]
(2, (0, 1, 1)): [29874, 2712, 7090, 1852, 711, 234, 82, 32, 11, 4, 2]
(2, (1, 0, 0)): [263909, 20223, 11611, 3777, 1261, 405, 155, 50, 13, 5, 3, 0, 1]
(2, (1, 0, 1)): [43161, 11503, 4864, 2577, 818, 289, 100, 33, 12, 2, 0, 2]
(2, (1, 1, 0)): [98281, 15582, 8267, 5018, 1609, 567, 168, 58, 24, 9, 5, 0, 2, 1]
(2, (1, 1, 1)): [29014, 4401, 4976, 2620, 1754, 596, 190, 67, 29, 7, 5, 0, 1, 1]
