(0, (0, 0, 0)): [14456, 3239, 1572, 774, 352, 156, 68, 33, 8, 11, 4, 1, 2, 2]
(0, (0, 0, 1)): [69, 244, 83, 32, 22, 6, 5, 2, 0, 1]
(0, (0, 1, 0)): [458, 540, 227, 115, 53, 28, 11, 5, 2, 1]
(0, (0, 1, 1)): [41, 90, 128, 62, 32, 9, 4, 6, 2, 0, 0, 1, 0, 1]
(0, (1, 0, 0)): [3395, 1243, 803, 429, 205, 95, 39, 21, 4, 10, 4, 1, 2, 2]
(0, (1, 0, 1)): [83, 287, 137, 94, 46, 24, 12, 4, 5, 5, 2, 2]
(0, (1, 1, 0)): [490, 284, 272, 158, 102, 47, 23, 16, 2, 6, 4, 0, 1]
(0, (1, 1, 1)): [50, 85, 69, 52, 46, 25, 8, 7, 1, 3, 1, 0, 0, 1]
(1, (0, 0, 0)): [11329, 1380, 574, 247, 97, 40, 21, 6, 2, 1]
(1, (0, 0, 1)): [369, 613, 154, 58, 26, 17, 6, 3, 1, 0, 0, 1]
(1, (0, 1, 0)): [1681, 904, 322, 151, 51, 24, 12, 6, 1, 2, 0, 1, 1]
(1, (0, 1, 1)): [264, 252, 284, 128, 58, 20, 10, 5, 2]
(1, (1, 0, 0)): [4938, 1021, 576, 289, 118, 55, 24, 5, 4, 2, 2, 0, 0, 1]
(1, (1, 0, 1)): [442, 566, 198, 126, 59, 35, 13, 5, 3, 4, 2]
(1, (1, 1, 0)): [1319, 451, 305, 229, 96, 47, 21, 7, 5, 2, 0, 0, 0, 1]
(1, (1, 1, 1)): [251, 214, 133, 100, 72, 38, 18, 5, 3]
(2, (0, 0, 0)): [9719, 494, 164, 52, 17, 6, 3, 1]
(2, (0, 0, 1)): [1254, 434, 78, 24, 10, 6, 1]
(2, (0, 1, 0)): [2702, 694, 172, 59, 22, 9, 2]
(2, (0, 1, 1)): [741, 69, 190, 46, 24, 8, 1, 2]
(2, (1, 0, 0)): [6123, 483, 304, 104, 29, 8, 4, 1]
(2, (1, 0, 1)): [1171, 323, 117, 73, 24, 13, 3, 2]
(2, (1, 1, 0)): [2075, 346, 215, 123, 38, 10, 6, 0, 1]
(2, (1, 1, 1)): [582, 91, 108, 64, 45, 15, 4, 1]
