(0, (0, 0, 0), (0, 0)): [369399, 74920, 34931, 15979, 7242, 3126, 1367, 562, 221, 104, 51, 18, 10, 3, 2]
(0, (0, 0, 0), (0, 1)): [1122, 219, 88, 37, 15, 5, 2, 2, 0, 1, 1]
(0, (0, 0, 0), (0, 2)): [451, 88, 32, 11, 4, 2, 1, 1]
(0, (0, 0, 0), (1, 0)): [1022, 218, 86, 42, 19, 16, 4, 1, 0, 2]
(0, (0, 0, 0), (1, 1)): [873, 181, 65, 36, 14, 3, 1, 2, 0, 1, 1]
(0, (0, 0, 0), (1, 2)): [565, 111, 31, 15, 4, 2, 1, 1]
(0, (0, 0, 0), (2, 0)): [391, 82, 43, 23, 11, 12, 2, 0, 0, 1]
(0, (0, 0, 0), (2, 1)): [485, 94, 36, 22, 6, 5, 1, 1]
(0, (0, 0, 0), (2, 2)): [466, 90, 20, 12, 6, 4, 1, 1]
(0, (0, 0, 0), (3, 0)): [178, 41, 29, 15, 8, 10, 1]
(0, (0, 0, 0), (3, 1)): [208, 48, 30, 14, 2, 2, 2]
(0, (0, 0, 0), (3, 2)): [278, 58, 32, 13, 6, 2, 2]
(0, (0, 0, 1), (0, 0)): [1899, 6104, 1730, 822, 393, 156, 85, 46, 11, 6, 4, 1, 3]
(0, (0, 0, 1), (0, 1)): [3, 9, 3, 1, 0, 0, 1]
(0, (0, 0, 1), (1, 0)): [3, 16, 4, 3, 2]
(0, (0, 0, 1), (1, 1)): [3, 9, 3, 0, 1, 0, 1]
(0, (0, 0, 1), (2, 1)): [1, 5, 2, 1, 1, 0, 1]
(0, (0, 1, 0), (0, 0)): [12158, 12476, 4744, 2209, 1148, 493, 209, 87, 40, 21, 9, 2]
(0, (0, 1, 0), (0, 1)): [30, 36, 5, 2, 1, 1]
(0, (0, 1, 0), (1, 0)): [40, 31, 6, 8, 3]
(0, (0, 1, 0), (1, 1)): [26, 17, 3, 1]
(0, (0, 1, 0), (2, 0)): [13, 18, 2, 6, 2]
(0, (0, 1, 0), (2, 1)): [8, 12, 1, 5]
(0, (0, 1, 0), (2, 2)): [10, 12, 2, 3]
(0, (0, 1, 0), (3, 0)): [10, 9, 1, 2, 2]
(0, (0, 1, 0), (3, 1)): [6, 2, 1, 4, 1]
(0, (0, 1, 1), (0, 0)): [1072, 1962, 2600, 1192, 608, 290, 124, 58, 29, 12, 5, 1, 0, 1, 1]
(0, (0, 1, 1), (0, 1)): [4, 5, 6, 2, 3, 0, 0, 0, 1]
(0, (0, 1, 1), (0, 2)): [3, 3, 2, 0, 2]
(0, (0, 1, 1), (1, 0)): [2, 6, 9, 5, 1, 1, 2]
(0, (0, 1, 1), (1, 1)): [2, 2, 7, 4, 2, 0, 0, 0, 1]
(0, (0, 1, 1), (1, 2)): [0, 0, 4, 3, 3]
(0, (0, 1, 1), (2, 0)): [0, 5, 5, 3, 0, 1]
(0, (0, 1, 1), (2, 2)): [1, 0, 2, 3, 2]
(0, (0, 1, 1), (3, 0)): [0, 4, 5, 2, 0, 1]
(0, (1, 0, 0), (0, 0)): [83211, 29793, 18033, 9021, 4248, 1916, 842, 351, 139, 73, 37, 12, 6, 3, 2]
(0, (1, 0, 0), (0, 1)): [226, 53, 43, 18, 11, 5, 3, 1, 1, 1]
(0, (1, 0, 0), (0, 2)): [81, 15, 17, 2, 3, 2, 1, 1, 0, 1]
(0, (1, 0, 0), (1, 0)): [182, 74, 47, 16, 6, 3, 1, 0, 2]
(0, (1, 0, 0), (1, 1)): [148, 41, 33, 14, 7, 2]
(0, (1, 0, 0), (1, 2)): [83, 17, 24, 2, 4, 2]
(0, (1, 0, 0), (2, 0)): [67, 31, 16, 8, 4, 1, 1, 0, 2]
(0, (1, 0, 0), (2, 1)): [70, 26, 12, 10, 3, 0, 1, 0, 2]
(0, (1, 0, 0), (2, 2)): [70, 14, 14, 5, 1, 1, 0, 0, 1]
(0, (1, 0, 0), (3, 0)): [30, 14, 7, 5, 2, 1]
(0, (1, 0, 0), (3, 1)): [26, 13, 4, 6, 2, 1, 0, 0, 1]
(0, (1, 0, 0), (3, 2)): [26, 10, 6, 3, 0, 1, 0, 0, 1]
(0, (1, 0, 1), (0, 0)): [2008, 5837, 2712, 1766, 1006, 453, 247, 97, 45, 24, 9, 6, 2, 0, 1]
(0, (1, 0, 1), (0, 1)): [5, 15, 1, 5, 1, 0, 3, 1]
(0, (1, 0, 1), (0, 2)): [3, 9, 0, 2, 0, 0, 2, 1]
(0, (1, 0, 1), (1, 0)): [10, 18, 7, 2, 4, 3]
(0, (1, 0, 1), (1, 1)): [5, 11, 4, 1, 2, 0, 1]
(0, (1, 0, 1), (1, 2)): [3, 7, 2, 1, 1, 0, 0, 1]
(0, (1, 0, 1), (2, 2)): [2, 6, 4, 0, 1, 0, 0, 1]
(0, (1, 0, 1), (3, 2)): [1, 5, 3]
(0, (1, 1, 0), (0, 0)): [10828, 7237, 6025, 4007, 2158, 1012, 455, 209, 74, 45, 28, 5, 2, 1]
(0, (1, 1, 0), (0, 1)): [41, 18, 13, 10, 2, 5]
(0, (1, 1, 0), (0, 2)): [12, 6, 6, 5, 1, 1]
(0, (1, 1, 0), (1, 0)): [23, 15, 13, 15, 4, 5, 3, 1, 1]
(0, (1, 1, 0), (1, 1)): [22, 16, 9, 8, 1, 6, 0, 0, 1]
(0, (1, 1, 0), (1, 2)): [18, 8, 6, 6, 0, 1]
(0, (1, 1, 0), (2, 2)): [9, 6, 1, 5, 1, 1, 1]
(0, (1, 1, 0), (3, 2)): [6, 2, 3, 3, 2, 1]
(0, (1, 1, 1), (0, 0)): [1150, 2047, 1777, 1476, 1163, 574, 284, 132, 62, 37, 15, 4, 1, 1, 1]
(0, (1, 1, 1), (0, 1)): [0, 6, 6, 3, 3, 0, 0, 0, 1]
(0, (1, 1, 1), (1, 0)): [1, 5, 7, 4, 4, 2, 0, 0, 1]
(0, (1, 1, 1), (1, 1)): [1, 6, 4, 3, 4, 1, 0, 0, 1]
(0, (1, 1, 1), (1, 2)): [1, 3, 3, 0, 3]
(0, (1, 1, 1), (2, 0)): [0, 1, 5, 1, 2]
(0, (1, 1, 1), (2, 1)): [0, 2, 2, 3, 1, 1, 0, 0, 1]
(0, (1, 1, 1), (2, 2)): [0, 3, 2, 3, 1, 1]
(1, (0, 0, 0), (0, 0)): [291441, 31320, 12943, 5021, 2016, 824, 326, 129, 44, 14, 6, 4, 2]
(1, (0, 0, 0), (0, 1)): [896, 102, 28, 9, 6, 0, 0, 1]
(1, (0, 0, 0), (0, 2)): [366, 27, 12, 6, 2, 0, 0, 1]
(1, (0, 0, 0), (1, 0)): [803, 93, 37, 11, 2, 3, 0, 1]
(1, (0, 0, 0), (1, 1)): [708, 80, 27, 9, 3, 1]
(1, (0, 0, 0), (1, 2)): [446, 45, 14, 9, 2, 1]
(1, (0, 0, 0), (2, 0)): [272, 39, 20, 4, 1, 1]
(1, (0, 0, 0), (2, 1)): [353, 44, 24, 6, 2]
(1, (0, 0, 0), (2, 2)): [358, 36, 17, 8, 2, 1]
(1, (0, 0, 0), (3, 0)): [110, 12, 6, 1, 1, 1]
(1, (0, 0, 0), (3, 1)): [145, 26, 13, 1, 1]
(1, (0, 0, 0), (3, 2)): [204, 25, 19, 4, 0, 1]
(1, (0, 0, 1), (0, 0)): [10235, 16082, 3155, 1311, 570, 213, 88, 49, 16, 6, 5, 3, 2]
(1, (0, 0, 1), (0, 1)): [24, 43, 5, 1, 1]
(1, (0, 0, 1), (0, 2)): [10, 20]
(1, (0, 0, 1), (1, 1)): [22, 24, 6, 2, 2]
(1, (0, 0, 1), (1, 2)): [13, 18, 3, 1]
(1, (0, 1, 0), (0, 0)): [44395, 22091, 7396, 3026, 1221, 532, 194, 75, 23, 11, 2, 3, 2]
(1, (0, 1, 0), (0, 1)): [133, 52, 13, 7, 1, 1, 1, 1]
(1, (0, 1, 0), (0, 2)): [51, 19, 3, 0, 0, 1, 1]
(1, (0, 1, 0), (1, 0)): [141, 68, 19, 11, 8, 2]
(1, (0, 1, 0), (1, 1)): [120, 45, 8, 9, 4, 1, 0, 1]
(1, (0, 1, 0), (1, 2)): [80, 26, 8, 1, 1]
(1, (0, 1, 0), (2, 0)): [58, 21, 10, 5, 4, 1]
(1, (0, 1, 0), (2, 1)): [55, 25, 4, 9, 2, 2, 0, 1]
(1, (0, 1, 0), (2, 2)): [54, 19, 8, 5, 2, 1]
(1, (0, 1, 0), (3, 1)): [30, 12, 2, 5, 3, 1]
(1, (0, 1, 0), (3, 2)): [39, 4, 6, 6, 0, 1]
(1, (0, 1, 1), (0, 0)): [7516, 6481, 6773, 2571, 1132, 465, 191, 70, 31, 13, 7, 3, 0, 1]
(1, (0, 1, 1), (0, 1)): [32, 7, 20, 3, 1, 0, 0, 1]
(1, (0, 1, 1), (0, 2)): [21, 2, 7, 1]
(1, (0, 1, 1), (1, 0)): [32, 7, 13, 7, 6, 2, 2, 1]
(1, (0, 1, 1), (1, 1)): [17, 3, 14, 4, 2, 0, 1]
(1, (0, 1, 1), (1, 2)): [18, 0, 8, 1, 0, 0, 1]
(1, (0, 1, 1), (2, 0)): [18, 7, 4, 3, 3, 2, 1, 1]
(1, (0, 1, 1), (2, 1)): [10, 4, 9, 3]
(1, (0, 1, 1), (3, 0)): [12, 5, 1, 1, 3, 2, 1, 1]
(1, (0, 1, 1), (3, 1)): [6, 2, 3, 2]
(1, (0, 1, 1), (3, 2)): [7, 1, 6]
(1, (1, 0, 0), (0, 0)): [119830, 23018, 13524, 5849, 2354, 999, 366, 138, 61, 27, 9, 8, 2, 2]
(1, (1, 0, 0), (0, 1)): [352, 46, 37, 14, 5, 3, 2]
(1, (1, 0, 0), (0, 2)): [144, 22, 16, 4]
(1, (1, 0, 0), (1, 0)): [330, 62, 56, 23, 4, 3, 0, 1]
(1, (1, 0, 0), (1, 1)): [266, 39, 28, 14, 3, 3, 1, 1]
(1, (1, 0, 0), (1, 2)): [177, 22, 16, 6, 2, 0, 1]
(1, (1, 0, 0), (2, 0)): [110, 23, 28, 11, 3, 1]
(1, (1, 0, 0), (2, 1)): [124, 21, 22, 9, 1, 3, 0, 1]
(1, (1, 0, 0), (2, 2)): [115, 18, 17, 6, 2, 1]
(1, (1, 0, 0), (3, 0)): [43, 14, 10, 7, 3]
(1, (1, 0, 0), (3, 1)): [49, 12, 10, 7, 0, 1, 0, 1]
(1, (1, 0, 0), (3, 2)): [63, 11, 11, 8, 0, 1]
(1, (1, 0, 1), (0, 0)): [9598, 12268, 4386, 2697, 1132, 484, 177, 73, 26, 18, 7, 2]
(1, (1, 0, 1), (0, 1)): [26, 21, 10, 7, 3, 1, 1, 1]
(1, (1, 0, 1), (0, 2)): [22, 5, 5, 5, 1, 1, 0, 1]
(1, (1, 0, 1), (1, 0)): [20, 32, 4, 10, 3, 3, 0, 1]
(1, (1, 0, 1), (1, 1)): [8, 20, 5, 8, 2, 0, 1]
(1, (1, 0, 1), (1, 2)): [13, 7, 7, 8, 1, 0, 0, 1]
(1, (1, 0, 1), (2, 0)): [10, 12, 1, 3, 2, 2]
(1, (1, 0, 1), (2, 2)): [3, 7, 4, 3, 0, 1]
(1, (1, 0, 1), (3, 0)): [5, 6, 0, 0, 1, 1]
(1, (1, 0, 1), (3, 1)): [3, 5, 0, 2, 1]
(1, (1, 0, 1), (3, 2)): [1, 8, 3, 3, 1, 1]
(1, (1, 1, 0), (0, 0)): [30280, 9654, 7010, 4604, 2025, 875, 327, 126, 49, 22, 5, 5, 1, 3]
(1, (1, 1, 0), (0, 1)): [82, 24, 14, 15, 6, 2, 1]
(1, (1, 1, 0), (0, 2)): [31, 13, 4, 6, 3]
(1, (1, 1, 0), (1, 0)): [75, 17, 21, 21, 7, 1]
(1, (1, 1, 0), (1, 1)): [73, 12, 9, 13, 2, 0, 1]
(1, (1, 1, 0), (1, 2)): [43, 7, 4, 7, 3]
(1, (1, 1, 0), (2, 0)): [21, 5, 9, 7, 6]
(1, (1, 1, 0), (2, 1)): [31, 12, 5, 8, 2, 0, 1]
(1, (1, 1, 0), (2, 2)): [33, 7, 3, 5, 2]
(1, (1, 1, 0), (3, 1)): [8, 7, 5, 2, 1, 0, 1]
(1, (1, 1, 0), (3, 2)): [14, 8, 2, 4, 3]
(1, (1, 1, 1), (0, 0)): [5843, 4851, 3154, 2339, 1570, 707, 292, 120, 44, 17, 6, 3, 1, 1]
(1, (1, 1, 1), (0, 1)): [18, 17, 10, 7, 0, 1, 0, 1]
(1, (1, 1, 1), (0, 2)): [11, 7, 4, 3, 0, 1]
(1, (1, 1, 1), (1, 0)): [16, 11, 16, 7, 10, 4, 3, 1]
(1, (1, 1, 1), (1, 1)): [15, 11, 6, 7, 3, 2, 1, 1]
(1, (1, 1, 1), (1, 2)): [8, 7, 1, 6, 1, 2, 1, 1]
(1, (1, 1, 1), (2, 2)): [4, 5, 4, 1, 1, 2, 2, 1]
(2, (0, 0, 0), (0, 0)): [250565, 10518, 3495, 1095, 379, 134, 51, 20, 3, 1, 1]
(2, (0, 0, 0), (0, 1)): [789, 40, 7, 3]
(2, (0, 0, 0), (0, 2)): [291, 11, 3, 2]
(2, (0, 0, 0), (1, 0)): [829, 56, 18, 6, 2]
(2, (0, 0, 0), (1, 1)): [708, 36, 12, 2]
(2, (0, 0, 0), (1, 2)): [410, 11, 9, 2]
(2, (0, 0, 0), (2, 0)): [321, 20, 7, 4, 1]
(2, (0, 0, 0), (2, 1)): [431, 25, 5, 3]
(2, (0, 0, 0), (2, 2)): [368, 14, 9, 5]
(2, (0, 0, 0), (3, 0)): [117, 10, 6, 2, 1]
(2, (0, 0, 0), (3, 1)): [193, 13, 3]
(2, (0, 0, 0), (3, 2)): [253, 16, 8, 2]
(2, (0, 0, 1), (0, 0)): [30875, 10670, 1849, 589, 206, 77, 26, 9]
(2, (0, 0, 1), (0, 1)): [73, 28, 6]
(2, (0, 0, 1), (0, 2)): [37, 10, 4]
(2, (0, 0, 1), (1, 0)): [67, 28, 4, 0, 0, 1]
(2, (0, 0, 1), (1, 1)): [48, 18, 2]
(2, (0, 0, 1), (1, 2)): [41, 14, 3]
(2, (0, 0, 1), (2, 0)): [35, 9, 3, 0, 0, 1]
(2, (0, 0, 1), (2, 1)): [30, 10, 2]
(2, (0, 0, 1), (2, 2)): [32, 10, 4]
(2, (0, 1, 0), (0, 0)): [72420, 16945, 4084, 1344, 429, 153, 54, 16, 3, 1]
(2, (0, 1, 0), (0, 1)): [181, 34, 6, 2, 4]
(2, (0, 1, 0), (0, 2)): [76, 7, 1, 1, 2]
(2, (0, 1, 0), (1, 0)): [232, 40, 16, 3, 1, 1]
(2, (0, 1, 0), (1, 1)): [168, 34, 6, 0, 2]
(2, (0, 1, 0), (1, 2)): [104, 16, 3, 1, 4]
(2, (0, 1, 0), (2, 0)): [107, 20, 12, 3, 1, 1]
(2, (0, 1, 0), (2, 1)): [106, 17, 6, 1, 0, 1]
(2, (0, 1, 0), (2, 2)): [99, 12, 4, 1, 3]
(2, (0, 1, 0), (3, 0)): [62, 12, 7, 1, 1]
(2, (0, 1, 0), (3, 1)): [58, 11, 2, 1, 1, 1]
(2, (0, 1, 0), (3, 2)): [74, 11, 5, 0, 1, 1]
(2, (0, 1, 1), (0, 0)): [18464, 1699, 4485, 1173, 408, 146, 44, 13, 8, 1, 1]
(2, (0, 1, 1), (0, 1)): [53, 5, 11, 2, 1]
(2, (0, 1, 1), (0, 2)): [25, 0, 3, 2, 1]
(2, (0, 1, 1), (1, 0)): [65, 3, 19, 6, 2, 1]
(2, (0, 1, 1), (1, 1)): [42, 4, 13, 2]
(2, (0, 1, 1), (1, 2)): [27, 1, 6, 2, 1]
(2, (0, 1, 1), (2, 0)): [34, 2, 9, 4, 1, 1]
(2, (0, 1, 1), (2, 2)): [22, 1, 5]
(2, (0, 1, 1), (3, 0)): [29, 0, 7, 3, 1, 1]
(2, (0, 1, 1), (3, 2)): [16, 0, 7]
(2, (1, 0, 0), (0, 0)): [146992, 11514, 6049, 2004, 648, 218, 90, 29, 7, 1, 1]
(2, (1, 0, 0), (0, 1)): [373, 15, 15, 4, 1, 1]
(2, (1, 0, 0), (0, 2)): [127, 7, 4, 0, 0, 1]
(2, (1, 0, 0), (1, 0)): [392, 19, 19, 7, 1, 1]
(2, (1, 0, 0), (1, 1)): [300, 9, 12, 5, 1]
(2, (1, 0, 0), (1, 2)): [163, 7, 7, 3]
(2, (1, 0, 0), (2, 0)): [143, 11, 5, 5]
(2, (1, 0, 0), (2, 1)): [139, 7, 5, 0, 1]
(2, (1, 0, 0), (2, 2)): [123, 9, 9, 1]
(2, (1, 0, 0), (3, 0)): [50, 5, 1, 4]
(2, (1, 0, 0), (3, 1)): [58, 3, 2, 1]
(2, (1, 0, 0), (3, 2)): [64, 6, 3, 1]
(2, (1, 0, 1), (0, 0)): [25242, 6933, 3046, 1464, 486, 183, 55, 23, 6, 0, 0, 1]
(2, (1, 0, 1), (0, 1)): [60, 13, 5, 6, 1, 1]
(2, (1, 0, 1), (0, 2)): [24, 4, 2, 4]
(2, (1, 0, 1), (1, 0)): [57, 8, 7, 8, 0, 1]
(2, (1, 0, 1), (1, 1)): [32, 7, 2, 2, 1]
(2, (1, 0, 1), (1, 2)): [21, 5, 1, 3]
(2, (1, 0, 1), (2, 0)): [27, 4, 5, 5]
(2, (1, 0, 1), (2, 1)): [15, 2, 2, 3, 1]
(2, (1, 0, 1), (2, 2)): [14, 2, 2, 2]
(2, (1, 1, 0), (0, 0)): [48332, 7494, 4220, 2460, 765, 281, 81, 19, 10, 5, 2, 0, 0, 1]
(2, (1, 1, 0), (0, 1)): [142, 16, 10, 5, 2]
(2, (1, 1, 0), (0, 2)): [64, 6, 4, 1]
(2, (1, 1, 0), (1, 0)): [122, 11, 11, 12, 2, 2, 0, 1]
(2, (1, 1, 0), (1, 1)): [86, 11, 5, 5, 1]
(2, (1, 1, 0), (1, 2)): [59, 8, 2, 2]
(2, (1, 1, 0), (2, 0)): [59, 5, 5, 6, 1, 1, 0, 1]
(2, (1, 1, 0), (2, 1)): [54, 5, 3, 2, 1]
(2, (1, 1, 0), (2, 2)): [47, 7, 2, 2, 1]
(2, (1, 1, 0), (3, 0)): [28, 2, 4, 3, 1, 1]
(2, (1, 1, 0), (3, 1)): [22, 1, 4, 4]
(2, (1, 1, 0), (3, 2)): [27, 1, 5, 2, 1]
(2, (1, 1, 1), (0, 0)): [14400, 2204, 2490, 1353, 885, 290, 101, 33, 17, 3, 2, 0, 0, 1]
(2, (1, 1, 1), (0, 1)): [50, 6, 11, 4, 2, 1]
(2, (1, 1, 1), (0, 2)): [30, 3, 1, 0, 0, 1]
(2, (1, 1, 1), (1, 0)): [42, 14, 6, 11, 0, 1]
(2, (1, 1, 1), (1, 1)): [26, 5, 10, 4]
(2, (1, 1, 1), (1, 2)): [21, 2, 3, 1, 0, 1]
(2, (1, 1, 1), (2, 0)): [19, 12, 2, 7, 0, 1]
(2, (1, 1, 1), (2, 1)): [15, 6, 6, 5]
(2, (1, 1, 1), (2, 2)): [17, 4, 4, 3]
(2, (1, 1, 1), (3, 0)): [8, 8, 0, 5, 0, 1]
(2, (1, 1, 1), (3, 1)): [10, 4, 1, 3]
(2, (1, 1, 1), (3, 2)): [12, 4, 2, 5]
