(0, (0, 0, 0), (0, 0)): [14728, 3407, 1776, 925, 407, 215, 79, 42, 16, 7, 4, 4, 1]
(0, (0, 0, 0), (0, 1)): [76, 17, 9, 1, 0, 1]
(0, (0, 0, 0), (0, 2)): [34, 10, 3, 1]
(0, (0, 0, 0), (1, 0)): [60, 15, 4, 0, 0, 2]
(0, (0, 0, 0), (1, 1)): [57, 10, 5, 0, 0, 1]
(0, (0, 0, 0), (1, 2)): [40, 5, 2, 1]
(0, (0, 0, 0), (2, 0)): [19, 4]
(0, (0, 0, 0), (2, 1)): [31, 4, 0, 0, 0, 1]
(0, (0, 0, 0), (2, 2)): [26, 4, 2, 1, 0, 1]
(0, (0, 0, 0), (3, 0)): [9, 3]
(0, (0, 0, 0), (3, 1)): [15, 2]
(0, (0, 0, 0), (3, 2)): [19, 2, 2, 1]
(0, (0, 0, 1), (0, 0)): [75, 259, 69, 56, 19, 7, 4, 3, 2, 0, 1, 1]
(0, (0, 0, 1), (1, 0)): [0, 1]
(0, (0, 0, 1), (2, 0)): [0, 1]
(0, (0, 0, 1), (2, 1)): [0, 1]
(0, (0, 0, 1), (3, 1)): [0, 1]
(0, (0, 0, 1), (3, 2)): [0, 1]
(0, (0, 1, 0), (0, 0)): [578, 593, 245, 106, 66, 43, 11, 10, 1, 2, 2]
(0, (0, 1, 0), (0, 1)): [0, 2, 1]
(0, (0, 1, 0), (0, 2)): [0, 1]
(0, (0, 1, 0), (1, 0)): [1, 3]
(0, (0, 1, 0), (1, 1)): [1]
(0, (0, 1, 0), (2, 0)): [0, 1]
(0, (0, 1, 0), (2, 1)): [1, 1]
(0, (0, 1, 0), (3, 1)): [1]
(0, (0, 1, 1), (0, 0)): [44, 85, 154, 75, 38, 20, 3, 7, 3, 3]
(0, (0, 1, 1), (0, 1)): [0, 0, 1, 1]
(0, (0, 1, 1), (1, 0)): [0, 0, 1]
(0, (0, 1, 1), (1, 1)): [0, 0, 2, 1]
(0, (0, 1, 1), (1, 2)): [0, 0, 0, 1]
(0, (0, 1, 1), (2, 1)): [0, 0, 1]
(0, (0, 1, 1), (2, 2)): [0, 0, 0, 1]
(0, (0, 1, 1), (3, 1)): [0, 0, 1]
(0, (0, 1, 1), (3, 2)): [0, 0, 1, 1]
(0, (1, 0, 0), (0, 0)): [3200, 1183, 863, 500, 234, 118, 38, 27, 11, 4, 2, 3, 1]
(0, (1, 0, 0), (0, 1)): [6, 4, 2, 0, 0, 1]
(0, (1, 0, 0), (0, 2)): [2, 2, 1]
(0, (1, 0, 0), (1, 0)): [13, 3, 1, 1]
(0, (1, 0, 0), (1, 1)): [9, 2, 0, 1]
(0, (1, 0, 0), (1, 2)): [7, 0, 0, 1]
(0, (1, 0, 0), (2, 0)): [3, 2]
(0, (1, 0, 0), (2, 1)): [2, 1]
(0, (1, 0, 0), (2, 2)): [5]
(0, (1, 0, 0), (3, 0)): [2, 2]
(0, (1, 0, 0), (3, 1)): [2, 2]
(0, (1, 0, 0), (3, 2)): [4]
(0, (1, 0, 1), (0, 0)): [78, 317, 140, 81, 57, 18, 9, 3, 4, 0, 0, 1, 1]
(0, (1, 0, 1), (0, 1)): [0, 1]
(0, (1, 0, 1), (0, 2)): [0, 1]
(0, (1, 0, 1), (1, 0)): [0, 0, 0, 0, 1]
(0, (1, 0, 1), (1, 2)): [0, 1]
(0, (1, 0, 1), (2, 2)): [0, 1]
(0, (1, 1, 0), (0, 0)): [448, 295, 268, 212, 114, 67, 21, 17, 6, 1, 3, 2]
(0, (1, 1, 0), (0, 1)): [2, 2, 0, 0, 0, 1]
(0, (1, 1, 0), (1, 0)): [0, 1]
(0, (1, 1, 0), (1, 1)): [0, 3, 0, 0, 0, 1]
(0, (1, 1, 0), (1, 2)): [0, 1]
(0, (1, 1, 0), (2, 1)): [0, 2, 0, 0, 0, 1]
(0, (1, 1, 0), (2, 2)): [0, 2, 0, 0, 0, 1]
(0, (1, 1, 1), (0, 0)): [39, 80, 57, 63, 70, 29, 13, 5, 4, 1, 2, 1]
(0, (1, 1, 1), (0, 1)): [0, 0, 1]
(0, (1, 1, 1), (1, 1)): [0, 0, 1]
(1, (0, 0, 0), (0, 0)): [11850, 1524, 703, 306, 109, 57, 24, 8, 4, 2]
(1, (0, 0, 0), (0, 1)): [65, 8, 5]
(1, (0, 0, 0), (0, 2)): [22, 2, 3]
(1, (0, 0, 0), (1, 0)): [56, 7, 4, 0, 0, 1]
(1, (0, 0, 0), (1, 1)): [54, 8, 5]
(1, (0, 0, 0), (1, 2)): [38, 6, 6]
(1, (0, 0, 0), (2, 0)): [19, 1, 1, 0, 0, 1]
(1, (0, 0, 0), (2, 1)): [21, 3, 2]
(1, (0, 0, 0), (2, 2)): [26, 7, 3]
(1, (0, 0, 0), (3, 0)): [7, 0, 1, 0, 0, 1]
(1, (0, 0, 0), (3, 1)): [11, 0, 3]
(1, (0, 0, 0), (3, 2)): [11, 3, 4]
(1, (0, 0, 1), (0, 0)): [374, 667, 147, 66, 28, 14, 5, 3, 1, 0, 3]
(1, (0, 0, 1), (0, 1)): [0, 4, 1]
(1, (0, 0, 1), (0, 2)): [0, 3]
(1, (0, 0, 1), (1, 0)): [0, 3]
(1, (0, 0, 1), (1, 1)): [0, 2, 1]
(1, (0, 0, 1), (1, 2)): [0, 1, 1]
(1, (0, 0, 1), (2, 1)): [0, 2]
(1, (0, 0, 1), (2, 2)): [0, 1]
(1, (0, 0, 1), (3, 1)): [0, 1]
(1, (0, 1, 0), (0, 0)): [1590, 876, 301, 132, 60, 28, 15, 7, 4]
(1, (0, 1, 0), (0, 1)): [5, 1, 1]
(1, (0, 1, 0), (0, 2)): [2, 1]
(1, (0, 1, 0), (1, 0)): [4, 2]
(1, (0, 1, 0), (1, 1)): [1, 0, 1]
(1, (0, 1, 0), (1, 2)): [2, 1, 1]
(1, (0, 1, 0), (2, 0)): [2, 2]
(1, (0, 1, 0), (2, 1)): [2, 1]
(1, (0, 1, 0), (2, 2)): [3, 2]
(1, (0, 1, 0), (3, 1)): [1]
(1, (0, 1, 0), (3, 2)): [3]
(1, (0, 1, 1), (0, 0)): [274, 270, 307, 128, 57, 20, 9, 10, 3, 1, 1, 1]
(1, (0, 1, 1), (0, 1)): [1, 1]
(1, (0, 1, 1), (0, 2)): [1]
(1, (0, 1, 1), (1, 0)): [3, 0, 0, 1]
(1, (0, 1, 1), (1, 1)): [0, 1, 0, 1]
(1, (0, 1, 1), (1, 2)): [1]
(1, (0, 1, 1), (2, 0)): [3]
(1, (0, 1, 1), (2, 1)): [1, 0, 0, 1]
(1, (0, 1, 1), (2, 2)): [1]
(1, (0, 1, 1), (3, 0)): [2]
(1, (0, 1, 1), (3, 1)): [0, 0, 0, 1]
(1, (0, 1, 1), (3, 2)): [1]
(1, (1, 0, 0), (0, 0)): [5041, 1014, 679, 359, 146, 64, 30, 11, 4, 4, 0, 1]
(1, (1, 0, 0), (0, 1)): [16, 1, 2, 1]
(1, (1, 0, 0), (0, 2)): [7, 1]
(1, (1, 0, 0), (1, 0)): [14, 2, 2]
(1, (1, 0, 0), (1, 1)): [12, 2, 0, 1]
(1, (1, 0, 0), (1, 2)): [9, 1]
(1, (1, 0, 0), (2, 0)): [5, 0, 2]
(1, (1, 0, 0), (2, 1)): [7, 2, 1]
(1, (1, 0, 0), (2, 2)): [5, 2]
(1, (1, 0, 0), (3, 0)): [1, 0, 1]
(1, (1, 0, 0), (3, 1)): [3]
(1, (1, 0, 0), (3, 2)): [4]
(1, (1, 0, 1), (0, 0)): [458, 577, 181, 164, 63, 26, 16, 5, 1, 2, 1, 1]
(1, (1, 0, 1), (0, 1)): [1]
(1, (1, 0, 1), (0, 2)): [1]
(1, (1, 0, 1), (1, 0)): [3, 3]
(1, (1, 0, 1), (1, 1)): [2]
(1, (1, 0, 1), (1, 2)): [2]
(1, (1, 0, 1), (2, 0)): [1]
(1, (1, 0, 1), (2, 1)): [1]
(1, (1, 0, 1), (3, 1)): [1]
(1, (1, 1, 0), (0, 0)): [1243, 423, 332, 258, 115, 65, 26, 10, 3, 3]
(1, (1, 1, 0), (0, 1)): [3]
(1, (1, 1, 0), (0, 2)): [1]
(1, (1, 1, 0), (1, 0)): [3]
(1, (1, 1, 0), (1, 1)): [3]
(1, (1, 1, 0), (1, 2)): [2]
(1, (1, 1, 0), (2, 2)): [1]
(1, (1, 1, 1), (0, 0)): [221, 178, 132, 121, 84, 39, 16, 11, 2, 2, 0, 1]
(1, (1, 1, 1), (0, 1)): [0, 0, 0, 1]
(1, (1, 1, 1), (1, 0)): [2, 0, 1]
(1, (1, 1, 1), (1, 1)): [2, 0, 0, 1]
(1, (1, 1, 1), (2, 1)): [1, 0, 0, 1]
(1, (1, 1, 1), (2, 2)): [0, 0, 0, 1]
(1, (1, 1, 1), (3, 2)): [0, 0, 0, 1]
(2, (0, 0, 0), (0, 0)): [10256, 521, 210, 67, 19, 12, 2, 1]
(2, (0, 0, 0), (0, 1)): [62, 1, 2]
(2, (0, 0, 0), (0, 2)): [31]
(2, (0, 0, 0), (1, 0)): [46, 2, 3]
(2, (0, 0, 0), (1, 1)): [47, 3, 5]
(2, (0, 0, 0), (1, 2)): [35, 1, 3]
(2, (0, 0, 0), (2, 0)): [13]
(2, (0, 0, 0), (2, 1)): [19, 2, 1]
(2, (0, 0, 0), (2, 2)): [20, 0, 2]
(2, (0, 0, 0), (3, 0)): [4]
(2, (0, 0, 0), (3, 1)): [8, 1]
(2, (0, 0, 0), (3, 2)): [13, 1, 1]
(2, (0, 0, 1), (0, 0)): [1243, 390, 88, 32, 13, 5, 2, 1]
(2, (0, 0, 1), (0, 1)): [1, 2]
(2, (0, 0, 1), (0, 2)): [1, 1]
(2, (0, 0, 1), (1, 0)): [3, 1, 0, 0, 0, 1]
(2, (0, 0, 1), (1, 1)): [0, 2]
(2, (0, 0, 1), (1, 2)): [0, 1]
(2, (0, 0, 1), (2, 0)): [3, 0, 0, 0, 0, 1]
(2, (0, 0, 1), (2, 1)): [1, 1]
(2, (0, 0, 1), (2, 2)): [1, 1]
(2, (0, 0, 1), (3, 0)): [2, 0, 0, 0, 0, 1]
(2, (0, 0, 1), (3, 1)): [1, 1]
(2, (0, 0, 1), (3, 2)): [1, 1]
(2, (0, 1, 0), (0, 0)): [2755, 773, 196, 58, 26, 12, 3]
(2, (0, 1, 0), (0, 1)): [12, 4, 1]
(2, (0, 1, 0), (0, 2)): [4, 1, 1]
(2, (0, 1, 0), (1, 0)): [15, 1]
(2, (0, 1, 0), (1, 1)): [14, 2]
(2, (0, 1, 0), (1, 2)): [5, 1, 1]
(2, (0, 1, 0), (2, 0)): [4, 1]
(2, (0, 1, 0), (2, 1)): [9]
(2, (0, 1, 0), (2, 2)): [8]
(2, (0, 1, 0), (3, 0)): [3, 1]
(2, (0, 1, 0), (3, 1)): [3]
(2, (0, 1, 0), (3, 2)): [6]
(2, (0, 1, 1), (0, 0)): [671, 68, 168, 61, 28, 8, 5]
(2, (0, 1, 1), (0, 1)): [2, 0, 1]
(2, (0, 1, 1), (0, 2)): [1]
(2, (0, 1, 1), (1, 0)): [3, 0, 0, 0, 0, 1]
(2, (0, 1, 1), (1, 1)): [3, 0, 1]
(2, (0, 1, 1), (1, 2)): [2, 0, 1]
(2, (0, 1, 1), (2, 0)): [1, 0, 0, 0, 0, 1]
(2, (0, 1, 1), (2, 2)): [1, 0, 1]
(2, (0, 1, 1), (3, 0)): [1, 0, 0, 0, 0, 1]
(2, (0, 1, 1), (3, 1)): [1]
(2, (1, 0, 0), (0, 0)): [6348, 535, 354, 133, 44, 20, 6, 2, 1]
(2, (1, 0, 0), (0, 1)): [27, 2, 2]
(2, (1, 0, 0), (0, 2)): [12, 1, 1]
(2, (1, 0, 0), (1, 0)): [22, 0, 1, 0, 0, 1]
(2, (1, 0, 0), (1, 1)): [20, 1]
(2, (1, 0, 0), (1, 2)): [14, 2]
(2, (1, 0, 0), (2, 0)): [9]
(2, (1, 0, 0), (2, 1)): [9]
(2, (1, 0, 0), (2, 2)): [12, 2]
(2, (1, 0, 0), (3, 0)): [3]
(2, (1, 0, 0), (3, 1)): [5]
(2, (1, 0, 0), (3, 2)): [8]
(2, (1, 0, 1), (0, 0)): [1233, 316, 161, 97, 37, 15, 7, 3, 1]
(2, (1, 0, 1), (0, 1)): [5]
(2, (1, 0, 1), (0, 2)): [2]
(2, (1, 0, 1), (1, 0)): [2, 3, 0, 1, 0, 1]
(2, (1, 0, 1), (1, 1)): [1, 1]
(2, (1, 0, 1), (1, 2)): [2]
(2, (1, 0, 1), (2, 0)): [2, 2, 0, 1]
(2, (1, 0, 1), (2, 1)): [0, 0, 0, 1]
(2, (1, 0, 1), (2, 2)): [1]
(2, (1, 0, 1), (3, 0)): [1]
(2, (1, 0, 1), (3, 1)): [1, 0, 0, 1]
(2, (1, 0, 1), (3, 2)): [2]
(2, (1, 1, 0), (0, 0)): [2098, 363, 216, 142, 54, 27, 3, 0, 1, 1]
(2, (1, 1, 0), (0, 1)): [9, 0, 0, 1]
(2, (1, 1, 0), (0, 2)): [4]
(2, (1, 1, 0), (1, 0)): [9, 0, 1, 0, 1]
(2, (1, 1, 0), (1, 1)): [6]
(2, (1, 1, 0), (1, 2)): [4]
(2, (1, 1, 0), (2, 0)): [3]
(2, (1, 1, 0), (2, 1)): [5]
(2, (1, 1, 0), (2, 2)): [3]
(2, (1, 1, 0), (3, 1)): [1]
(2, (1, 1, 1), (0, 0)): [636, 91, 105, 67, 59, 26, 9, 3, 1]
(2, (1, 1, 1), (0, 1)): [1]
(2, (1, 1, 1), (0, 2)): [1]
(2, (1, 1, 1), (1, 0)): [3]
(2, (1, 1, 1), (1, 1)): [1]
