(0, (0, 0, 0), (0, 0)): [26581, 4679, 2044, 840, 392, 128, 60, 24, 11, 4, 2, 1, 0, 1]
(0, (0, 0, 0), (0, 1)): [83, 16, 4, 3]
(0, (0, 0, 0), (0, 2)): [24, 4, 2]
(0, (0, 0, 0), (1, 0)): [69, 12, 7, 5, 1]
(0, (0, 0, 0), (1, 1)): [65, 11, 4, 2, 1]
(0, (0, 0, 0), (1, 2)): [41, 9, 2]
(0, (0, 0, 0), (2, 0)): [23, 5, 3, 2]
(0, (0, 0, 0), (2, 1)): [33, 8, 3, 2, 1]
(0, (0, 0, 0), (2, 2)): [32, 5, 2, 1, 1]
(0, (0, 0, 0), (3, 0)): [9, 1, 1]
(0, (0, 0, 0), (3, 1)): [17, 4, 1, 1]
(0, (0, 0, 0), (3, 2)): [19, 4, 3, 1, 1]
(0, (0, 0, 1), (0, 0)): [96, 264, 60, 37, 9, 3, 0, 0, 1]
(0, (0, 0, 1), (0, 1)): [0, 1]
(0, (0, 1, 0), (0, 0)): [954, 812, 262, 109, 54, 23, 14, 0, 2, 1, 2, 0, 0, 1]
(0, (0, 1, 0), (0, 1)): [6, 1, 2, 0, 0, 0, 1]
(0, (0, 1, 0), (0, 2)): [2, 0, 1, 0, 0, 0, 1]
(0, (0, 1, 0), (1, 0)): [2, 2, 1, 1]
(0, (0, 1, 0), (1, 1)): [2, 3]
(0, (0, 1, 0), (1, 2)): [1, 1, 1]
(0, (0, 1, 0), (2, 0)): [1, 0, 0, 1]
(0, (0, 1, 0), (2, 1)): [2, 1]
(0, (0, 1, 0), (2, 2)): [2]
(0, (0, 1, 0), (3, 0)): [1, 0, 0, 1]
(0, (0, 1, 0), (3, 1)): [0, 1, 0, 1]
(0, (0, 1, 0), (3, 2)): [0, 1, 0, 1]
(0, (0, 1, 1), (0, 0)): [85, 113, 134, 69, 27, 15, 3, 3, 3]
(0, (1, 0, 0), (0, 0)): [5407, 1606, 1015, 456, 250, 83, 36, 17, 9, 2, 0, 1]
(0, (1, 0, 0), (0, 1)): [12, 2, 2, 2, 0, 1]
(0, (1, 0, 0), (0, 2)): [5, 0, 1, 0, 0, 1]
(0, (1, 0, 0), (1, 0)): [13, 5, 3]
(0, (1, 0, 0), (1, 1)): [7, 4, 1, 2]
(0, (1, 0, 0), (1, 2)): [7, 0, 1]
(0, (1, 0, 0), (2, 0)): [4]
(0, (1, 0, 0), (2, 1)): [3, 3, 1, 2]
(0, (1, 0, 0), (2, 2)): [5, 1, 1, 2]
(0, (1, 0, 0), (3, 0)): [1]
(0, (1, 0, 0), (3, 1)): [2]
(0, (1, 0, 0), (3, 2)): [3, 1, 0, 1]
(0, (1, 0, 1), (0, 0)): [150, 351, 155, 86, 50, 16, 10, 1, 4, 2]
(0, (1, 0, 1), (0, 1)): [0, 1]
(0, (1, 0, 1), (1, 0)): [0, 1]
(0, (1, 0, 1), (1, 1)): [0, 1]
(0, (1, 0, 1), (2, 0)): [0, 1]
(0, (1, 0, 1), (2, 1)): [0, 2]
(0, (1, 0, 1), (2, 2)): [0, 1]
(0, (1, 0, 1), (3, 1)): [0, 1]
(0, (1, 0, 1), (3, 2)): [0, 1]
(0, (1, 1, 0), (0, 0)): [731, 434, 336, 211, 109, 45, 17, 13, 6, 0, 2, 1]
(0, (1, 1, 0), (0, 1)): [4, 1, 0, 1]
(0, (1, 1, 0), (0, 2)): [1]
(0, (1, 1, 0), (1, 0)): [1, 0, 0, 2]
(0, (1, 1, 0), (1, 1)): [2]
(0, (1, 1, 0), (2, 0)): [0, 0, 0, 2]
(0, (1, 1, 0), (2, 1)): [2, 0, 0, 1]
(0, (1, 1, 0), (2, 2)): [1]
(0, (1, 1, 0), (3, 0)): [0, 0, 0, 1]
(0, (1, 1, 0), (3, 2)): [1]
(0, (1, 1, 1), (0, 0)): [62, 129, 107, 71, 43, 24, 10, 4, 4, 1, 2, 1]
(1, (0, 0, 0), (0, 0)): [21835, 2057, 833, 296, 109, 28, 15, 7]
(1, (0, 0, 0), (0, 1)): [61, 6, 2]
(1, (0, 0, 0), (0, 2)): [24, 1, 1]
(1, (0, 0, 0), (1, 0)): [63, 9, 2, 2]
(1, (0, 0, 0), (1, 1)): [58, 6, 2]
(1, (0, 0, 0), (1, 2)): [41, 2, 1]
(1, (0, 0, 0), (2, 0)): [19, 5, 0, 1]
(1, (0, 0, 0), (2, 1)): [23, 4, 1]
(1, (0, 0, 0), (2, 2)): [25, 2, 1]
(1, (0, 0, 0), (3, 0)): [8, 1]
(1, (0, 0, 0), (3, 1)): [15, 3]
(1, (0, 0, 0), (3, 2)): [17, 1]
(1, (0, 0, 1), (0, 0)): [536, 643, 124, 53, 18, 7, 1, 0, 1]
(1, (0, 0, 1), (0, 1)): [1, 1, 2]
(1, (0, 0, 1), (0, 2)): [0, 0, 1]
(1, (0, 0, 1), (1, 1)): [1, 0, 1]
(1, (0, 0, 1), (2, 1)): [0, 0, 1]
(1, (0, 0, 1), (2, 2)): [0, 0, 1]
(1, (0, 1, 0), (0, 0)): [2767, 1066, 362, 153, 65, 17, 7, 3, 1, 0, 0, 0, 1, 1]
(1, (0, 1, 0), (0, 1)): [11, 4]
(1, (0, 1, 0), (0, 2)): [6, 1]
(1, (0, 1, 0), (1, 0)): [13, 3, 0, 1]
(1, (0, 1, 0), (1, 1)): [7, 2]
(1, (0, 1, 0), (1, 2)): [7, 1]
(1, (0, 1, 0), (2, 0)): [6, 0, 0, 1]
(1, (0, 1, 0), (2, 1)): [4, 1, 0, 1]
(1, (0, 1, 0), (2, 2)): [6, 1]
(1, (0, 1, 0), (3, 0)): [3]
(1, (0, 1, 0), (3, 1)): [5, 0, 0, 1]
(1, (0, 1, 0), (3, 2)): [2]
(1, (0, 1, 1), (0, 0)): [443, 302, 258, 103, 50, 16, 6, 6, 1]
(1, (0, 1, 1), (0, 1)): [1, 1, 0, 1]
(1, (0, 1, 1), (0, 2)): [0, 1, 0, 1]
(1, (0, 1, 1), (1, 0)): [2, 1, 1]
(1, (0, 1, 1), (1, 1)): [2]
(1, (0, 1, 1), (1, 2)): [1, 0, 0, 1]
(1, (0, 1, 1), (2, 0)): [1, 1, 1]
(1, (0, 1, 1), (2, 2)): [1, 0, 0, 1]
(1, (0, 1, 1), (3, 0)): [1, 1]
(1, (1, 0, 0), (0, 0)): [7908, 1197, 767, 291, 119, 34, 13, 8, 1, 0, 0, 1]
(1, (1, 0, 0), (0, 1)): [16, 2, 0, 0, 0, 1]
(1, (1, 0, 0), (0, 2)): [9, 0, 0, 0, 0, 1]
(1, (1, 0, 0), (1, 0)): [27, 4, 2, 1]
(1, (1, 0, 0), (1, 1)): [10]
(1, (1, 0, 0), (1, 2)): [9]
(1, (1, 0, 0), (2, 0)): [11, 2, 1]
(1, (1, 0, 0), (2, 1)): [7]
(1, (1, 0, 0), (2, 2)): [6]
(1, (1, 0, 0), (3, 0)): [2, 1]
(1, (1, 0, 0), (3, 1)): [3, 1]
(1, (1, 0, 0), (3, 2)): [2]
(1, (1, 0, 1), (0, 0)): [662, 610, 199, 123, 44, 19, 7, 2]
(1, (1, 0, 1), (0, 1)): [1, 1, 0, 1]
(1, (1, 0, 1), (0, 2)): [1, 1, 0, 1]
(1, (1, 0, 1), (1, 0)): [0, 1, 0, 0, 0, 1]
(1, (1, 0, 1), (2, 0)): [0, 1, 0, 0, 0, 1]
(1, (1, 1, 0), (0, 0)): [2175, 626, 361, 265, 109, 30, 13, 12, 4, 0, 0, 1]
(1, (1, 1, 0), (0, 1)): [6]
(1, (1, 1, 0), (0, 2)): [1]
(1, (1, 1, 0), (1, 0)): [7, 1, 0, 2, 1]
(1, (1, 1, 0), (1, 1)): [7, 1, 0, 1, 1]
(1, (1, 1, 0), (1, 2)): [2, 1, 0, 0, 1]
(1, (1, 1, 0), (2, 0)): [1, 0, 0, 1]
(1, (1, 1, 0), (2, 1)): [3, 0, 0, 1]
(1, (1, 1, 0), (2, 2)): [3, 0, 0, 1]
(1, (1, 1, 0), (3, 0)): [0, 0, 0, 1]
(1, (1, 1, 0), (3, 1)): [1]
(1, (1, 1, 0), (3, 2)): [1]
(1, (1, 1, 1), (0, 0)): [416, 324, 213, 111, 68, 23, 10, 8, 1, 0, 0, 1]
(1, (1, 1, 1), (0, 1)): [1]
(1, (1, 1, 1), (0, 2)): [1]
(1, (1, 1, 1), (1, 0)): [1]
(2, (0, 0, 0), (0, 0)): [18677, 755, 262, 64, 23, 3, 4, 1]
(2, (0, 0, 0), (0, 1)): [45, 4, 0, 1]
(2, (0, 0, 0), (0, 2)): [22, 1, 0, 1]
(2, (0, 0, 0), (1, 0)): [58, 4, 1, 1]
(2, (0, 0, 0), (1, 1)): [43, 5, 1, 1]
(2, (0, 0, 0), (1, 2)): [25, 4, 0, 2]
(2, (0, 0, 0), (2, 0)): [25, 2]
(2, (0, 0, 0), (2, 1)): [35, 2, 1]
(2, (0, 0, 0), (2, 2)): [22, 2, 0, 1]
(2, (0, 0, 0), (3, 0)): [6, 1]
(2, (0, 0, 0), (3, 1)): [22, 1, 1]
(2, (0, 0, 0), (3, 2)): [19, 1, 1, 1]
(2, (0, 0, 1), (0, 0)): [1449, 395, 85, 24, 10, 2]
(2, (0, 0, 1), (0, 1)): [5, 1, 2]
(2, (0, 0, 1), (0, 2)): [3, 1]
(2, (0, 0, 1), (1, 0)): [2, 0, 1, 1]
(2, (0, 0, 1), (1, 1)): [3, 0, 2]
(2, (0, 0, 1), (1, 2)): [4, 0, 2]
(2, (0, 0, 1), (2, 0)): [1, 0, 1]
(2, (0, 0, 1), (2, 1)): [1]
(2, (0, 0, 1), (2, 2)): [3, 0, 1]
(2, (0, 0, 1), (3, 0)): [0, 0, 1]
(2, (0, 0, 1), (3, 2)): [2, 0, 1]
(2, (0, 1, 0), (0, 0)): [4198, 786, 194, 64, 23, 9, 3, 1]
(2, (0, 1, 0), (0, 1)): [14, 0, 1]
(2, (0, 1, 0), (0, 2)): [2]
(2, (0, 1, 0), (1, 0)): [22, 4, 1, 2]
(2, (0, 1, 0), (1, 1)): [18, 0, 2, 1]
(2, (0, 1, 0), (1, 2)): [7]
(2, (0, 1, 0), (2, 0)): [9, 3]
(2, (0, 1, 0), (2, 1)): [10, 2]
(2, (0, 1, 0), (2, 2)): [8]
(2, (0, 1, 0), (3, 0)): [6, 1]
(2, (0, 1, 0), (3, 1)): [6, 2]
(2, (0, 1, 0), (3, 2)): [6, 1]
(2, (0, 1, 1), (0, 0)): [892, 76, 179, 55, 18, 5, 1]
(2, (0, 1, 1), (0, 1)): [1, 0, 1]
(2, (0, 1, 1), (0, 2)): [0, 0, 1]
(2, (0, 1, 1), (1, 0)): [8, 0, 1, 2]
(2, (0, 1, 1), (1, 1)): [1, 0, 1]
(2, (0, 1, 1), (1, 2)): [0, 0, 1]
(2, (0, 1, 1), (2, 0)): [5, 0, 0, 2]
(2, (0, 1, 1), (2, 1)): [0, 0, 1]
(2, (0, 1, 1), (2, 2)): [0, 0, 2]
(2, (0, 1, 1), (3, 0)): [4, 0, 0, 2]
(2, (0, 1, 1), (3, 2)): [0, 0, 1]
(2, (1, 0, 0), (0, 0)): [9361, 553, 388, 98, 37, 6, 6, 1]
(2, (1, 0, 0), (0, 1)): [27, 2, 2, 1]
(2, (1, 0, 0), (0, 2)): [10, 1]
(2, (1, 0, 0), (1, 0)): [33, 3, 1]
(2, (1, 0, 0), (1, 1)): [29, 2, 1, 1]
(2, (1, 0, 0), (1, 2)): [13, 2]
(2, (1, 0, 0), (2, 0)): [8]
(2, (1, 0, 0), (2, 1)): [11, 0, 0, 1]
(2, (1, 0, 0), (2, 2)): [10, 1]
(2, (1, 0, 0), (3, 0)): [2]
(2, (1, 0, 0), (3, 1)): [5]
(2, (1, 0, 0), (3, 2)): [7]
(2, (1, 0, 1), (0, 0)): [1543, 305, 106, 75, 19, 5, 2]
(2, (1, 0, 1), (0, 1)): [4, 0, 1, 1]
(2, (1, 0, 1), (0, 2)): [1, 0, 1]
(2, (1, 0, 1), (1, 0)): [3, 1, 0, 1]
(2, (1, 0, 1), (1, 1)): [3, 0, 0, 1]
(2, (1, 0, 1), (1, 2)): [2, 0, 1, 1]
(2, (1, 0, 1), (2, 0)): [1]
(2, (1, 0, 1), (2, 1)): [1]
(2, (1, 1, 0), (0, 0)): [3654, 489, 237, 155, 51, 12, 7, 3, 1]
(2, (1, 1, 0), (0, 1)): [13, 3]
(2, (1, 1, 0), (0, 2)): [6]
(2, (1, 1, 0), (1, 0)): [17, 3, 1, 3]
(2, (1, 1, 0), (1, 1)): [13, 4, 0, 2]
(2, (1, 1, 0), (1, 2)): [6, 2]
(2, (1, 1, 0), (2, 0)): [5]
(2, (1, 1, 0), (2, 1)): [8, 1]
(2, (1, 1, 0), (2, 2)): [5, 2]
(2, (1, 1, 0), (3, 0)): [3]
(2, (1, 1, 0), (3, 1)): [5]
(2, (1, 1, 0), (3, 2)): [4]
(2, (1, 1, 1), (0, 0)): [1078, 132, 142, 64, 47, 12, 5, 3, 1]
(2, (1, 1, 1), (0, 1)): [9, 0, 0, 1]
(2, (1, 1, 1), (0, 2)): [5]
(2, (1, 1, 1), (1, 1)): [3]
(2, (1, 1, 1), (1, 2)): [5]
(2, (1, 1, 1), (2, 2)): [1]
