(0, (0, 0, 0), (0, 0)): [19726, 3734, 1647, 730, 306, 114, 52, 23, 5, 1, 1, 1]
(0, (0, 0, 0), (0, 1)): [268, 48, 28, 6, 2, 1, 0, 1]
(0, (0, 0, 0), (0, 2)): [107, 16, 10, 2, 0, 1]
(0, (0, 0, 0), (1, 0)): [240, 48, 27, 19, 4, 1, 1, 1]
(0, (0, 0, 0), (1, 1)): [223, 34, 24, 7, 3, 0, 0, 1]
(0, (0, 0, 0), (1, 2)): [171, 25, 13, 5, 2]
(0, (0, 0, 0), (2, 0)): [80, 22, 8, 10, 2, 1, 1]
(0, (0, 0, 0), (2, 1)): [113, 17, 13, 5, 2]
(0, (0, 0, 0), (2, 2)): [118, 19, 11, 3, 2]
(0, (0, 0, 0), (3, 0)): [27, 8, 3, 6, 0, 1, 1]
(0, (0, 0, 0), (3, 1)): [53, 7, 4, 7, 0, 1, 1]
(0, (0, 0, 0), (3, 2)): [74, 10, 7, 4, 1, 1]
(0, (0, 0, 1), (0, 0)): [70, 222, 60, 32, 15, 3, 5, 1]
(0, (0, 0, 1), (0, 1)): [0, 3, 1, 0, 0, 0, 0, 1]
(0, (0, 0, 1), (0, 2)): [0, 1]
(0, (0, 0, 1), (1, 0)): [1, 1, 3, 1]
(0, (0, 0, 1), (1, 1)): [1, 2, 1]
(0, (0, 0, 1), (1, 2)): [0, 2]
(0, (0, 0, 1), (2, 0)): [0, 1, 2, 1]
(0, (0, 0, 1), (2, 1)): [0, 1, 2]
(0, (0, 0, 1), (2, 2)): [0, 2]
(0, (0, 0, 1), (3, 0)): [0, 0, 1]
(0, (0, 0, 1), (3, 2)): [0, 1]
(0, (0, 1, 0), (0, 0)): [847, 694, 263, 121, 56, 22, 10, 6, 1, 1, 1, 1]
(0, (0, 1, 0), (0, 1)): [10, 15, 1, 1, 0, 0, 1, 1]
(0, (0, 1, 0), (0, 2)): [3, 5, 1, 0, 0, 0, 0, 1]
(0, (0, 1, 0), (1, 0)): [18, 11, 4, 1, 1]
(0, (0, 1, 0), (1, 1)): [12, 11, 2, 2, 1, 0, 1]
(0, (0, 1, 0), (1, 2)): [10, 10, 2, 1, 0, 0, 0, 1]
(0, (0, 1, 0), (2, 0)): [8, 5, 1]
(0, (0, 1, 0), (2, 1)): [9, 3, 0, 0, 1, 0, 1]
(0, (0, 1, 0), (2, 2)): [11, 8, 1, 0, 1]
(0, (0, 1, 0), (3, 0)): [2, 1, 1]
(0, (0, 1, 0), (3, 1)): [4, 0, 0, 0, 0, 0, 1]
(0, (0, 1, 0), (3, 2)): [6, 3, 0, 0, 1]
(0, (0, 1, 1), (0, 0)): [51, 107, 101, 46, 22, 12, 6, 2, 1, 1]
(0, (0, 1, 1), (0, 1)): [1, 1, 1, 1]
(0, (0, 1, 1), (0, 2)): [1]
(0, (0, 1, 1), (1, 0)): [0, 2, 2, 0, 0, 1]
(0, (0, 1, 1), (1, 1)): [0, 2, 1, 1, 0, 1]
(0, (0, 1, 1), (2, 0)): [0, 1, 1]
(0, (0, 1, 1), (2, 1)): [0, 1, 1, 1, 0, 1]
(0, (0, 1, 1), (2, 2)): [0, 1, 0, 0, 0, 1]
(0, (0, 1, 1), (3, 0)): [0, 1, 1]
(0, (0, 1, 1), (3, 1)): [0, 0, 0, 1]
(0, (0, 1, 1), (3, 2)): [0, 1, 0, 0, 0, 1]
(0, (1, 0, 0), (0, 0)): [4118, 1372, 798, 411, 177, 67, 24, 13, 4, 1]
(0, (1, 0, 0), (0, 1)): [70, 12, 10, 5, 2, 0, 1]
(0, (1, 0, 0), (0, 2)): [32, 3, 4, 3]
(0, (1, 0, 0), (1, 0)): [53, 14, 11, 10, 4]
(0, (1, 0, 0), (1, 1)): [44, 9, 9, 5, 2, 0, 1]
(0, (1, 0, 0), (1, 2)): [23, 5, 8, 3]
(0, (1, 0, 0), (2, 0)): [14, 3, 3, 4, 2]
(0, (1, 0, 0), (2, 1)): [22, 5, 3, 2, 1]
(0, (1, 0, 0), (2, 2)): [11, 4, 5, 2, 1]
(0, (1, 0, 0), (3, 0)): [2, 1, 1, 3, 1]
(0, (1, 0, 0), (3, 1)): [4, 3, 0, 1]
(0, (1, 0, 0), (3, 2)): [7, 3, 3, 2, 1]
(0, (1, 0, 1), (0, 0)): [101, 312, 122, 81, 38, 18, 7, 4, 2, 0, 0, 1]
(0, (1, 0, 1), (0, 1)): [2, 4, 3, 2, 1]
(0, (1, 0, 1), (0, 2)): [1, 0, 1]
(0, (1, 0, 1), (1, 0)): [1, 6, 1, 2]
(0, (1, 0, 1), (1, 1)): [2, 3, 1]
(0, (1, 0, 1), (1, 2)): [1]
(0, (1, 0, 1), (2, 0)): [0, 1, 0, 2]
(0, (1, 0, 1), (2, 1)): [1, 1, 1, 1]
(0, (1, 0, 1), (2, 2)): [1, 1]
(0, (1, 0, 1), (3, 0)): [0, 1]
(0, (1, 0, 1), (3, 1)): [0, 0, 1]
(0, (1, 1, 0), (0, 0)): [550, 363, 255, 170, 85, 33, 12, 9, 1, 0, 1]
(0, (1, 1, 0), (0, 1)): [4, 2, 1, 6, 2, 0, 1]
(0, (1, 1, 0), (0, 2)): [1, 0, 0, 3, 0, 0, 1]
(0, (1, 1, 0), (1, 0)): [7, 4, 5, 2, 2, 1, 1]
(0, (1, 1, 0), (1, 1)): [4, 2, 1, 1, 3, 1]
(0, (1, 1, 0), (1, 2)): [4, 0, 0, 2, 2]
(0, (1, 1, 0), (2, 0)): [1, 2, 2, 1, 1, 0, 1]
(0, (1, 1, 0), (2, 1)): [1, 3, 2, 0, 0, 1]
(0, (1, 1, 0), (2, 2)): [1, 1, 2, 1, 1]
(0, (1, 1, 0), (3, 0)): [0, 0, 0, 0, 1, 0, 1]
(0, (1, 1, 0), (3, 1)): [1, 0, 0, 0, 0, 0, 1]
(0, (1, 1, 0), (3, 2)): [0, 1, 1, 1]
(0, (1, 1, 1), (0, 0)): [45, 97, 67, 57, 42, 22, 8, 4, 1, 0, 1]
(0, (1, 1, 1), (0, 1)): [0, 1, 1]
(0, (1, 1, 1), (1, 0)): [1, 1, 1, 2]
(0, (1, 1, 1), (1, 1)): [0, 1, 1, 1]
(0, (1, 1, 1), (1, 2)): [0, 0, 0, 1]
(0, (1, 1, 1), (2, 0)): [1, 0, 0, 1]
(0, (1, 1, 1), (2, 1)): [0, 1, 1, 1]
(0, (1, 1, 1), (2, 2)): [0, 0, 0, 1]
(0, (1, 1, 1), (3, 0)): [1]
(0, (1, 1, 1), (3, 1)): [1, 1]
(0, (1, 1, 1), (3, 2)): [1, 0, 0, 1]
(1, (0, 0, 0), (0, 0)): [16160, 1629, 651, 240, 92, 33, 19, 3, 1]
(1, (0, 0, 0), (0, 1)): [218, 22, 11, 2, 2, 1]
(1, (0, 0, 0), (0, 2)): [85, 9, 2]
(1, (0, 0, 0), (1, 0)): [189, 27, 11, 2, 3]
(1, (0, 0, 0), (1, 1)): [177, 18, 6, 2, 3, 1]
(1, (0, 0, 0), (1, 2)): [116, 12, 4, 0, 1]
(1, (0, 0, 0), (2, 0)): [66, 11, 5, 1, 1]
(1, (0, 0, 0), (2, 1)): [96, 9, 6, 1, 2, 1]
(1, (0, 0, 0), (2, 2)): [91, 8, 2]
(1, (0, 0, 0), (3, 0)): [20, 2, 1, 1]
(1, (0, 0, 0), (3, 1)): [33, 5, 3, 1, 1, 1]
(1, (0, 0, 0), (3, 2)): [41, 7, 1]
(1, (0, 0, 1), (0, 0)): [444, 610, 116, 43, 20, 6, 2]
(1, (0, 0, 1), (0, 1)): [6, 13]
(1, (0, 0, 1), (0, 2)): [3, 6]
(1, (0, 0, 1), (1, 0)): [7, 10, 1]
(1, (0, 0, 1), (1, 1)): [6, 12]
(1, (0, 0, 1), (1, 2)): [3, 6]
(1, (0, 0, 1), (2, 0)): [1, 3, 1]
(1, (0, 0, 1), (2, 1)): [2, 5]
(1, (0, 0, 1), (2, 2)): [2, 4]
(1, (0, 0, 1), (3, 0)): [1, 1]
(1, (0, 0, 1), (3, 1)): [1]
(1, (0, 0, 1), (3, 2)): [0, 2]
(1, (0, 1, 0), (0, 0)): [2295, 935, 324, 151, 56, 13, 7, 2, 1]
(1, (0, 1, 0), (0, 1)): [21, 12, 3, 2]
(1, (0, 1, 0), (0, 2)): [7, 8, 1]
(1, (0, 1, 0), (1, 0)): [41, 13, 7, 0, 1]
(1, (0, 1, 0), (1, 1)): [24, 5, 3, 1]
(1, (0, 1, 0), (1, 2)): [16, 5, 2]
(1, (0, 1, 0), (2, 0)): [17, 8, 3, 0, 1]
(1, (0, 1, 0), (2, 1)): [11, 6, 2]
(1, (0, 1, 0), (2, 2)): [11, 4, 3]
(1, (0, 1, 0), (3, 0)): [7, 3, 1, 0, 1]
(1, (0, 1, 0), (3, 1)): [7, 2]
(1, (0, 1, 0), (3, 2)): [7, 3, 1]
(1, (0, 1, 1), (0, 0)): [310, 258, 205, 88, 31, 18, 6, 1, 1, 1]
(1, (0, 1, 1), (0, 1)): [2, 4, 3, 1]
(1, (0, 1, 1), (0, 2)): [2, 1]
(1, (0, 1, 1), (1, 0)): [9, 7, 2, 1, 1]
(1, (0, 1, 1), (1, 1)): [5, 2, 1, 1]
(1, (0, 1, 1), (1, 2)): [4, 3, 1]
(1, (0, 1, 1), (2, 0)): [3, 6, 0, 0, 1]
(1, (0, 1, 1), (2, 1)): [1, 1, 0, 1]
(1, (0, 1, 1), (2, 2)): [4, 3, 1]
(1, (0, 1, 1), (3, 0)): [3, 4, 0, 0, 1]
(1, (0, 1, 1), (3, 1)): [0, 0, 0, 1]
(1, (0, 1, 1), (3, 2)): [1, 1, 1]
(1, (1, 0, 0), (0, 0)): [5752, 985, 575, 268, 100, 35, 22, 5, 2]
(1, (1, 0, 0), (0, 1)): [88, 12, 8, 3, 1]
(1, (1, 0, 0), (0, 2)): [31, 5, 6, 1]
(1, (1, 0, 0), (1, 0)): [81, 13, 10, 1, 3, 0, 0, 1]
(1, (1, 0, 0), (1, 1)): [72, 11, 4, 3, 1, 0, 0, 1]
(1, (1, 0, 0), (1, 2)): [42, 6, 4, 1, 1, 0, 0, 1]
(1, (1, 0, 0), (2, 0)): [18, 3, 4, 0, 1]
(1, (1, 0, 0), (2, 1)): [22, 6, 4, 1, 1]
(1, (1, 0, 0), (2, 2)): [21, 3, 3]
(1, (1, 0, 0), (3, 0)): [6, 1, 1]
(1, (1, 0, 0), (3, 1)): [10, 2, 0, 1, 1]
(1, (1, 0, 0), (3, 2)): [10, 1, 1]
(1, (1, 0, 1), (0, 0)): [477, 508, 158, 111, 42, 12, 10, 3]
(1, (1, 0, 1), (0, 1)): [8, 3, 3, 1, 1]
(1, (1, 0, 1), (0, 2)): [6, 0, 1]
(1, (1, 0, 1), (1, 0)): [8, 8, 0, 3, 1, 0, 1]
(1, (1, 0, 1), (1, 1)): [2, 6, 0, 4, 1]
(1, (1, 0, 1), (1, 2)): [7, 3, 1, 2, 1]
(1, (1, 0, 1), (2, 0)): [3, 3, 0, 0, 1, 0, 1]
(1, (1, 0, 1), (2, 1)): [1, 1, 0, 1]
(1, (1, 0, 1), (2, 2)): [3, 1, 0, 2, 1]
(1, (1, 0, 1), (3, 0)): [2, 2, 0, 0, 0, 0, 1]
(1, (1, 0, 1), (3, 1)): [3, 1]
(1, (1, 0, 1), (3, 2)): [0, 2]
(1, (1, 1, 0), (0, 0)): [1632, 493, 307, 221, 91, 29, 15, 3, 3]
(1, (1, 1, 0), (0, 1)): [18, 7, 4, 3, 1, 1, 1]
(1, (1, 1, 0), (0, 2)): [11, 2]
(1, (1, 1, 0), (1, 0)): [21, 7, 6, 4, 3, 0, 0, 1]
(1, (1, 1, 0), (1, 1)): [14, 6, 4, 5, 1, 1]
(1, (1, 1, 0), (1, 2)): [18, 2, 0, 2, 1, 1]
(1, (1, 1, 0), (2, 0)): [6, 2, 0, 1, 2]
(1, (1, 1, 0), (2, 1)): [3, 0, 4, 2, 1]
(1, (1, 1, 0), (2, 2)): [6, 0, 2, 1, 1, 1]
(1, (1, 1, 0), (3, 0)): [1, 2, 0, 0, 1]
(1, (1, 1, 0), (3, 1)): [1, 2, 0, 0, 1]
(1, (1, 1, 0), (3, 2)): [4, 0, 1, 0, 0, 1]
(1, (1, 1, 1), (0, 0)): [278, 241, 160, 93, 64, 26, 8, 2, 2, 1]
(1, (1, 1, 1), (0, 1)): [5, 2, 1, 1, 2, 1, 1]
(1, (1, 1, 1), (0, 2)): [3, 2, 0, 0, 0, 0, 1]
(1, (1, 1, 1), (1, 0)): [5, 7, 0, 0, 0, 1]
(1, (1, 1, 1), (1, 1)): [3, 2, 0, 1, 1, 1]
(1, (1, 1, 1), (1, 2)): [3, 1]
(1, (1, 1, 1), (2, 0)): [2]
(1, (1, 1, 1), (2, 1)): [1, 2, 0, 1]
(1, (1, 1, 1), (2, 2)): [1, 1, 0, 1]
(1, (1, 1, 1), (3, 0)): [1]
(1, (1, 1, 1), (3, 1)): [1, 1]
(1, (1, 1, 1), (3, 2)): [2, 1]
(2, (0, 0, 0), (0, 0)): [14139, 570, 200, 56, 22, 5, 3, 1]
(2, (0, 0, 0), (0, 1)): [176, 11]
(2, (0, 0, 0), (0, 2)): [56, 3]
(2, (0, 0, 0), (1, 0)): [181, 9, 2, 2, 1]
(2, (0, 0, 0), (1, 1)): [178, 9, 2]
(2, (0, 0, 0), (1, 2)): [108, 2]
(2, (0, 0, 0), (2, 0)): [62, 3, 0, 1, 1]
(2, (0, 0, 0), (2, 1)): [82, 5, 1, 0, 1]
(2, (0, 0, 0), (2, 2)): [83, 1]
(2, (0, 0, 0), (3, 0)): [22]
(2, (0, 0, 0), (3, 1)): [39, 3, 0, 0, 1]
(2, (0, 0, 0), (3, 2)): [47, 1, 0, 0, 1]
(2, (0, 0, 1), (0, 0)): [1303, 378, 64, 26, 7, 0, 2]
(2, (0, 0, 1), (0, 1)): [14, 4, 1]
(2, (0, 0, 1), (0, 2)): [7, 3]
(2, (0, 0, 1), (1, 0)): [28, 5, 1, 1]
(2, (0, 0, 1), (1, 1)): [21, 3, 0, 1]
(2, (0, 0, 1), (1, 2)): [10, 2]
(2, (0, 0, 1), (2, 0)): [6, 1, 1]
(2, (0, 0, 1), (2, 1)): [12, 3, 1]
(2, (0, 0, 1), (2, 2)): [7, 3, 1]
(2, (0, 0, 1), (3, 0)): [3]
(2, (0, 0, 1), (3, 1)): [5]
(2, (0, 0, 1), (3, 2)): [5, 1, 1]
(2, (0, 1, 0), (0, 0)): [3442, 692, 170, 64, 30, 9, 2]
(2, (0, 1, 0), (0, 1)): [44, 9, 1, 1]
(2, (0, 1, 0), (0, 2)): [18, 3]
(2, (0, 1, 0), (1, 0)): [57, 13, 5, 1, 1]
(2, (0, 1, 0), (1, 1)): [38, 9, 1]
(2, (0, 1, 0), (1, 2)): [19, 6]
(2, (0, 1, 0), (2, 0)): [30, 3, 2, 0, 1]
(2, (0, 1, 0), (2, 1)): [33, 6, 1, 0, 1]
(2, (0, 1, 0), (2, 2)): [20, 7, 1]
(2, (0, 1, 0), (3, 0)): [17, 0, 1]
(2, (0, 1, 0), (3, 1)): [23, 3, 0, 0, 1]
(2, (0, 1, 0), (3, 2)): [20, 5, 0, 0, 1]
(2, (0, 1, 1), (0, 0)): [746, 64, 132, 45, 15, 5, 1]
(2, (0, 1, 1), (0, 1)): [10, 0, 0, 2]
(2, (0, 1, 1), (0, 2)): [5]
(2, (0, 1, 1), (1, 0)): [9, 1, 3, 0, 1]
(2, (0, 1, 1), (1, 1)): [8, 0, 2, 2]
(2, (0, 1, 1), (1, 2)): [6, 0, 1, 1]
(2, (0, 1, 1), (2, 0)): [5, 1, 0, 0, 1]
(2, (0, 1, 1), (2, 1)): [4, 0, 1, 1]
(2, (0, 1, 1), (2, 2)): [3, 0, 2, 1]
(2, (0, 1, 1), (3, 0)): [2, 1, 0, 0, 1]
(2, (0, 1, 1), (3, 1)): [1]
(2, (0, 1, 1), (3, 2)): [1, 0, 0, 1]
(2, (1, 0, 0), (0, 0)): [6899, 505, 325, 92, 28, 9, 5, 1]
(2, (1, 0, 0), (0, 1)): [99, 4, 7, 1, 1]
(2, (1, 0, 0), (0, 2)): [38, 3, 0, 0, 1]
(2, (1, 0, 0), (1, 0)): [105, 13, 5, 3, 1]
(2, (1, 0, 0), (1, 1)): [75, 6, 5, 1, 1]
(2, (1, 0, 0), (1, 2)): [44, 4, 0, 0, 1]
(2, (1, 0, 0), (2, 0)): [38, 7, 2, 1]
(2, (1, 0, 0), (2, 1)): [53, 6, 3, 1, 1]
(2, (1, 0, 0), (2, 2)): [36, 4]
(2, (1, 0, 0), (3, 0)): [7, 3, 1]
(2, (1, 0, 0), (3, 1)): [18, 4, 2, 0, 1]
(2, (1, 0, 0), (3, 2)): [14, 4, 2]
(2, (1, 0, 1), (0, 0)): [1244, 271, 98, 51, 21, 4, 5]
(2, (1, 0, 1), (0, 1)): [19, 1, 0, 2]
(2, (1, 0, 1), (0, 2)): [6, 1]
(2, (1, 0, 1), (1, 0)): [15, 2, 1, 1]
(2, (1, 0, 1), (1, 1)): [18, 1, 0, 1]
(2, (1, 0, 1), (1, 2)): [12, 2]
(2, (1, 0, 1), (2, 0)): [5, 1, 0, 1]
(2, (1, 0, 1), (2, 1)): [7, 1, 0, 1]
(2, (1, 0, 1), (2, 2)): [4, 2, 0, 1]
(2, (1, 0, 1), (3, 0)): [3]
(2, (1, 0, 1), (3, 1)): [6]
(2, (1, 0, 1), (3, 2)): [6, 1]
(2, (1, 1, 0), (0, 0)): [2715, 410, 192, 142, 47, 13, 6, 1]
(2, (1, 1, 0), (0, 1)): [47, 7, 3, 2, 1]
(2, (1, 1, 0), (0, 2)): [21, 4, 1, 1]
(2, (1, 1, 0), (1, 0)): [43, 10, 3, 3, 2]
(2, (1, 1, 0), (1, 1)): [43, 6, 3, 2, 1]
(2, (1, 1, 0), (1, 2)): [26, 5, 1, 1]
(2, (1, 1, 0), (2, 0)): [16, 5, 0, 1, 2]
(2, (1, 1, 0), (2, 1)): [23, 4, 2, 1, 1]
(2, (1, 1, 0), (2, 2)): [21, 4, 3, 1]
(2, (1, 1, 0), (3, 0)): [5, 3]
(2, (1, 1, 0), (3, 1)): [9, 0, 0, 0, 1]
(2, (1, 1, 0), (3, 2)): [10, 2, 2]
(2, (1, 1, 1), (0, 0)): [761, 123, 122, 68, 35, 9, 3, 2, 1, 1]
(2, (1, 1, 1), (0, 1)): [13, 0, 2, 2]
(2, (1, 1, 1), (0, 2)): [6, 0, 0, 1]
(2, (1, 1, 1), (1, 0)): [9, 7, 1, 1, 2]
(2, (1, 1, 1), (1, 1)): [9, 0, 2, 1]
(2, (1, 1, 1), (1, 2)): [9, 0, 1]
(2, (1, 1, 1), (2, 0)): [2, 7, 0, 1, 2]
(2, (1, 1, 1), (2, 1)): [0, 1, 1, 2, 2]
(2, (1, 1, 1), (2, 2)): [3, 0, 0, 1]
(2, (1, 1, 1), (3, 0)): [0, 5]
(2, (1, 1, 1), (3, 1)): [0, 3, 0, 1, 1]
(2, (1, 1, 1), (3, 2)): [2, 0, 0, 1]
