(0, (0, 0, 0)): [157912, 29356, 12791, 5638, 2408, 980, 397, 148, 60, 18, 19, 0, 0, 0, 1]
(0, (0, 0, 1)): [982, 2650, 760, 331, 143, 53, 31, 13, 4, 1, 2]
(0, (0, 1, 0)): [5152, 4932, 1721, 795, 375, 129, 58, 16, 10, 3, 4]
(0, (0, 1, 1)): [438, 748, 954, 417, 190, 84, 41, 15, 6, 4, 1, 0, 0, 0, 1]
(0, (1, 0, 0)): [35620, 12493, 6823, 3328, 1446, 624, 250, 98, 40, 13, 14, 0, 0, 0, 1]
(0, (1, 0, 1)): [842, 1998, 970, 592, 294, 121, 65, 25, 12, 2, 3]
(0, (1, 1, 0)): [4459, 2933, 2389, 1505, 807, 345, 139, 55, 18, 12, 10]
(0, (1, 1, 1)): [531, 845, 710, 626, 454, 213, 97, 50, 23, 14, 7, 0, 0, 0, 1]
(1, (0, 0, 0)): [124335, 11906, 4604, 1667, 646, 271, 82, 39, 10, 3, 2]
(1, (0, 0, 1)): [4968, 7215, 1329, 531, 220, 77, 32, 15, 6, 1, 0, 1]
(1, (0, 1, 0)): [20333, 9529, 3020, 1151, 424, 183, 58, 23, 9]
(1, (0, 1, 1)): [3317, 2694, 2828, 1046, 410, 164, 56, 17, 7, 3, 2]
(1, (1, 0, 0)): [49181, 9246, 4800, 1979, 756, 328, 92, 47, 12, 5, 3]
(1, (1, 0, 1)): [3605, 4399, 1640, 940, 383, 145, 44, 22, 7, 3, 1]
(1, (1, 1, 0)): [11990, 3733, 2658, 1608, 664, 269, 85, 32, 12, 2, 0, 0, 0, 1]
(1, (1, 1, 1)): [2327, 1901, 1229, 918, 563, 256, 94, 40, 9, 3]
(2, (0, 0, 0)): [107611, 3825, 1195, 349, 108, 35, 13, 5, 1, 0, 1]
(2, (0, 0, 1)): [13585, 4809, 731, 214, 63, 14, 9, 2]
(2, (0, 1, 0)): [33034, 7270, 1647, 502, 129, 40, 14, 8]
(2, (0, 1, 1)): [8181, 802, 1892, 448, 148, 47, 11, 2, 1]
(2, (1, 0, 0)): [59586, 4454, 1974, 600, 179, 65, 23, 8, 2, 0, 1]
(2, (1, 0, 1)): [9023, 2566, 1190, 426, 138, 42, 12, 2, 1]
(2, (1, 1, 0)): [18367, 2632, 1466, 777, 191, 75, 19, 8, 3, 1, 1]
(2, (1, 1, 1)): [5579, 881, 899, 481, 275, 80, 27, 7, 3, 2, 1]
