(0, (0, 0, 0)): [1751042, 353253, 161915, 73504, 32807, 13891, 5746, 2359, 953, 412, 175, 84, 32, 17, 4, 1, 1, 1]
(0, (0, 0, 1)): [7103, 21485, 5898, 2794, 1348, 570, 258, 113, 41, 23, 11, 3, 4, 3]
(0, (0, 1, 0)): [62950, 59114, 22987, 11146, 5326, 2283, 960, 400, 170, 93, 31, 8, 4, 6, 2, 0, 1]
(0, (0, 1, 1)): [5156, 8924, 10658, 4920, 2580, 1229, 517, 234, 119, 48, 12, 9, 2, 2, 2, 0, 1, 1]
(0, (1, 0, 0)): [372444, 125351, 79195, 39073, 18582, 8288, 3460, 1469, 614, 268, 122, 52, 22, 11, 3, 1, 1, 1]
(0, (1, 0, 1)): [8848, 26969, 11041, 7656, 4004, 1851, 877, 346, 174, 64, 37, 16, 6, 2, 2, 0, 0, 1]
(0, (1, 1, 0)): [51508, 32889, 24767, 17649, 9357, 4375, 1851, 875, 353, 166, 77, 29, 11, 4, 0, 0, 1]
(0, (1, 1, 1)): [4950, 9517, 7825, 5820, 4629, 2302, 1060, 514, 233, 103, 51, 17, 6, 3, 1, 0, 1]
(1, (0, 0, 0)): [1422848, 155875, 63619, 25123, 9767, 3662, 1425, 525, 189, 75, 29, 19, 7, 3, 0, 1]
(1, (0, 0, 1)): [39682, 57345, 11291, 4812, 2005, 827, 304, 122, 55, 22, 12, 6, 4, 2]
(1, (0, 1, 0)): [194997, 86388, 31139, 13379, 5386, 2127, 725, 331, 105, 47, 26, 9, 9, 2, 1]
(1, (0, 1, 1)): [30821, 25550, 22783, 9072, 4647, 1814, 713, 285, 128, 43, 12, 7, 2, 2, 0, 1]
(1, (1, 0, 0)): [538199, 96297, 61401, 26007, 10536, 4136, 1637, 590, 241, 100, 35, 27, 5, 3, 0, 2]
(1, (1, 0, 1)): [43523, 50646, 16333, 10869, 4674, 1902, 741, 289, 97, 61, 16, 7, 0, 1]
(1, (1, 1, 0)): [148341, 45588, 30506, 21682, 9105, 3732, 1460, 593, 237, 89, 34, 19, 9, 5, 1]
(1, (1, 1, 1)): [30125, 24169, 15395, 10010, 7372, 3131, 1272, 482, 201, 73, 24, 17, 9, 4, 1, 1]
(2, (0, 0, 0)): [1237898, 56421, 18789, 5966, 2003, 634, 219, 72, 12, 7, 5, 0, 1]
(2, (0, 0, 1)): [117366, 35886, 7204, 2424, 853, 290, 86, 29, 5, 2, 0, 1]
(2, (0, 1, 0)): [309282, 65400, 17641, 6188, 2024, 672, 206, 66, 16, 10, 6, 0, 1]
(2, (0, 1, 1)): [71108, 6147, 15409, 4197, 1658, 535, 182, 57, 21, 5, 4, 1, 0, 1]
(2, (1, 0, 0)): [652525, 47494, 30678, 9730, 3155, 1011, 395, 109, 21, 13, 6, 1, 1]
(2, (1, 0, 1)): [112992, 27215, 10817, 6427, 2118, 699, 234, 77, 25, 8, 0, 3, 1]
(2, (1, 1, 0)): [253409, 38646, 19454, 13255, 4252, 1373, 463, 153, 50, 23, 8, 2, 2, 1]
(2, (1, 1, 1)): [73681, 10762, 12365, 6139, 4475, 1404, 475, 158, 51, 10, 9, 3, 1, 1]
