(0, (0, 0, 0), (0, 0)): [2607537, 532920, 245564, 112738, 50625, 21632, 9022, 3666, 1482, 647, 288, 132, 46, 24, 7, 1, 1, 1]
(0, (0, 0, 0), (0, 1)): [585263, 112374, 51514, 23930, 10559, 4522, 1840, 699, 303, 132, 61, 28, 7, 5, 2, 1]
(0, (0, 0, 0), (0, 2)): [232499, 39490, 17687, 8088, 3497, 1455, 599, 221, 96, 43, 13, 6, 4, 1, 1]
(0, (0, 0, 0), (1, 0)): [460285, 102859, 48995, 22948, 10727, 4568, 1996, 823, 310, 131, 65, 24, 7, 7, 2, 0, 1]
(0, (0, 0, 0), (1, 1)): [475138, 95896, 44951, 20951, 9405, 4030, 1650, 663, 281, 107, 59, 23, 4, 6, 1, 1, 1]
(0, (0, 0, 0), (1, 2)): [341754, 60169, 27670, 12493, 5516, 2296, 967, 378, 168, 62, 21, 9, 5, 2, 1]
(0, (0, 0, 0), (2, 0)): [145986, 35968, 18435, 8737, 4260, 1768, 804, 338, 119, 57, 29, 11, 3, 3, 1]
(0, (0, 0, 0), (2, 1)): [238169, 52912, 26084, 12238, 5672, 2453, 989, 435, 166, 69, 36, 17, 4, 4, 0, 0, 1]
(0, (0, 0, 0), (2, 2)): [269065, 51689, 24646, 11422, 5046, 2134, 893, 344, 159, 60, 24, 8, 5, 2, 1, 0, 1]
(0, (0, 0, 0), (3, 0)): [41641, 11490, 6889, 3472, 1739, 705, 322, 140, 51, 28, 14, 4, 0, 2, 1]
(0, (0, 0, 0), (3, 1)): [89898, 23100, 12675, 6209, 3027, 1320, 519, 254, 100, 41, 16, 13, 3, 4, 1]
(0, (0, 0, 0), (3, 2)): [141072, 31423, 16774, 7933, 3686, 1583, 649, 281, 120, 52, 19, 14, 5, 2, 1, 0, 1]
(0, (0, 0, 1), (0, 0)): [9168, 28608, 7865, 3867, 1846, 797, 355, 146, 57, 35, 20, 4, 4, 3]
(0, (0, 0, 1), (0, 1)): [1448, 4449, 1220, 592, 268, 130, 49, 22, 10, 6, 4, 1, 0, 1]
(0, (0, 0, 1), (0, 2)): [661, 1673, 437, 216, 88, 53, 18, 8, 7, 0, 1]
(0, (0, 0, 1), (1, 0)): [1332, 4647, 1320, 743, 375, 154, 73, 26, 10, 6, 7]
(0, (0, 0, 1), (1, 1)): [1269, 4024, 1097, 557, 294, 126, 51, 20, 6, 10, 3, 1, 0, 1]
(0, (0, 0, 1), (1, 2)): [1044, 2635, 692, 345, 154, 76, 27, 13, 5, 4, 2]
(0, (0, 0, 1), (2, 0)): [500, 1719, 516, 333, 148, 63, 30, 13, 5, 2, 5]
(0, (0, 0, 1), (2, 1)): [673, 2302, 657, 387, 191, 83, 38, 13, 6, 7, 2, 1]
(0, (0, 0, 1), (2, 2)): [924, 2414, 651, 331, 175, 76, 27, 9, 4, 4, 2]
(0, (0, 0, 1), (3, 0)): [166, 579, 165, 134, 57, 26, 12, 3, 1, 0, 3]
(0, (0, 0, 1), (3, 1)): [278, 990, 287, 232, 98, 42, 23, 4, 3, 5, 0, 1]
(0, (0, 0, 1), (3, 2)): [515, 1471, 394, 289, 145, 58, 21, 4, 3, 3, 1]
(0, (0, 1, 0), (0, 0)): [97018, 89988, 35810, 17857, 8451, 3680, 1594, 659, 277, 140, 49, 20, 9, 6, 3, 0, 1]
(0, (0, 1, 0), (0, 1)): [21109, 18059, 7300, 3556, 1655, 716, 336, 135, 55, 28, 9, 4, 3, 1, 1]
(0, (0, 1, 0), (0, 2)): [8871, 6429, 2613, 1227, 562, 256, 121, 46, 20, 7, 0, 1, 2]
(0, (0, 1, 0), (1, 0)): [19237, 17886, 7710, 4148, 1942, 894, 372, 160, 70, 25, 11, 6, 2, 2, 1, 0, 1]
(0, (0, 1, 0), (1, 1)): [17843, 15306, 6425, 3298, 1536, 656, 299, 127, 44, 29, 11, 4, 1, 2, 1]
(0, (0, 1, 0), (1, 2)): [12981, 9729, 4048, 2035, 882, 386, 164, 84, 27, 11, 3, 3, 2, 0, 1]
(0, (0, 1, 0), (2, 0)): [6958, 6363, 2943, 1684, 798, 402, 152, 71, 31, 7, 3, 5, 2, 1, 0, 0, 1]
(0, (0, 1, 0), (2, 1)): [9604, 8459, 3743, 1946, 978, 447, 203, 72, 30, 20, 6, 4, 1, 1, 0, 0, 1]
(0, (0, 1, 0), (2, 2)): [10850, 8326, 3593, 1813, 840, 363, 166, 66, 30, 11, 5, 3, 1, 0, 1, 0, 1]
(0, (0, 1, 0), (3, 0)): [2380, 1891, 988, 694, 320, 173, 69, 37, 15, 2, 0, 1, 1]
(0, (0, 1, 0), (3, 1)): [4248, 3473, 1723, 1107, 535, 260, 106, 48, 10, 7, 2, 3, 0, 1]
(0, (0, 1, 0), (3, 2)): [6449, 4841, 2282, 1302, 628, 300, 139, 52, 13, 11, 3, 1, 0, 0, 1, 0, 1]
(0, (0, 1, 1), (0, 0)): [7710, 13471, 15977, 7476, 3962, 1891, 817, 367, 179, 77, 27, 17, 4, 4, 2, 0, 1, 1]
(0, (0, 1, 1), (0, 1)): [1664, 2732, 3045, 1388, 749, 346, 156, 65, 30, 14, 4, 5, 1, 0, 0, 0, 1]
(0, (0, 1, 1), (0, 2)): [797, 1073, 1129, 519, 281, 129, 58, 28, 8, 4, 1, 3]
(0, (0, 1, 1), (1, 0)): [1509, 2748, 3262, 1645, 888, 460, 191, 86, 45, 15, 8, 6, 1, 1, 1]
(0, (0, 1, 1), (1, 1)): [1355, 2335, 2692, 1224, 678, 311, 137, 48, 23, 11, 6, 3, 2, 0, 0, 0, 1]
(0, (0, 1, 1), (1, 2)): [1122, 1551, 1693, 745, 439, 201, 84, 32, 18, 3, 2, 4, 1, 0, 0, 0, 1]
(0, (0, 1, 1), (2, 0)): [601, 1157, 1206, 688, 406, 233, 82, 43, 28, 8, 4, 2, 0, 1, 1]
(0, (0, 1, 1), (2, 1)): [699, 1263, 1457, 714, 361, 185, 75, 43, 15, 10, 6, 1, 1, 0, 1]
(0, (0, 1, 1), (2, 2)): [895, 1329, 1450, 677, 375, 178, 64, 31, 15, 8, 2, 3, 1, 0, 0, 0, 1]
(0, (0, 1, 1), (3, 0)): [307, 536, 499, 335, 228, 118, 44, 14, 18, 2, 1, 2, 0, 1]
(0, (0, 1, 1), (3, 1)): [282, 517, 585, 331, 197, 109, 42, 21, 16, 5, 2, 1, 0, 0, 1]
(0, (0, 1, 1), (3, 2)): [507, 749, 806, 448, 241, 123, 53, 28, 16, 5, 3, 0, 1, 0, 0, 0, 1]
(0, (1, 0, 0), (0, 0)): [540695, 176517, 116895, 58341, 28052, 12513, 5226, 2249, 941, 413, 197, 78, 28, 17, 5, 1, 1, 1]
(0, (1, 0, 0), (0, 1)): [108654, 31034, 21978, 10887, 5187, 2277, 954, 378, 184, 76, 34, 13, 1, 3]
(0, (1, 0, 0), (0, 2)): [43355, 10719, 7693, 3640, 1678, 734, 316, 127, 56, 28, 12, 4]
(0, (1, 0, 0), (1, 0)): [88955, 30484, 22013, 11564, 5715, 2554, 1067, 473, 184, 89, 48, 17, 4, 6, 3, 0, 1]
(0, (1, 0, 0), (1, 1)): [81353, 24763, 17780, 9100, 4331, 1961, 821, 348, 149, 63, 31, 12, 1, 4, 1]
(0, (1, 0, 0), (1, 2)): [56227, 14766, 10584, 5301, 2447, 1063, 462, 192, 86, 32, 11, 7, 0, 0, 1]
(0, (1, 0, 0), (2, 0)): [27498, 10387, 7820, 4343, 2239, 1009, 402, 178, 63, 46, 23, 5, 4, 3, 0, 0, 1]
(0, (1, 0, 0), (2, 1)): [38849, 12922, 9462, 4980, 2514, 1136, 471, 213, 86, 50, 24, 7, 1, 6, 0, 0, 1]
(0, (1, 0, 0), (2, 2)): [40723, 11748, 8441, 4229, 2056, 868, 425, 174, 80, 33, 15, 5, 1, 3]
(0, (1, 0, 0), (3, 0)): [7136, 3286, 2521, 1705, 864, 398, 160, 59, 29, 18, 9, 2, 2]
(0, (1, 0, 0), (3, 1)): [13959, 5549, 4171, 2547, 1290, 619, 244, 111, 43, 25, 13, 4, 2, 2]
(0, (1, 0, 0), (3, 2)): [19377, 6976, 4918, 2824, 1406, 597, 298, 131, 60, 23, 12, 6, 0, 1]
(0, (1, 0, 1), (0, 0)): [12524, 37927, 15468, 11210, 5828, 2725, 1285, 527, 252, 108, 57, 20, 11, 3, 2, 0, 0, 1]
(0, (1, 0, 1), (0, 1)): [2517, 6577, 2691, 2063, 996, 475, 212, 85, 43, 19, 10, 1, 4, 1]
(0, (1, 0, 1), (0, 2)): [1213, 2417, 973, 731, 334, 163, 70, 33, 14, 1, 3, 1, 2, 1]
(0, (1, 0, 1), (1, 0)): [2022, 6558, 2671, 2052, 1107, 551, 246, 103, 53, 27, 15, 2, 1, 1, 1]
(0, (1, 0, 1), (1, 1)): [1932, 5184, 2194, 1584, 816, 374, 178, 73, 44, 21, 8, 1, 1]
(0, (1, 0, 1), (1, 2)): [1582, 3231, 1357, 958, 476, 214, 98, 44, 26, 5, 2, 1, 2]
(0, (1, 0, 1), (2, 0)): [648, 2195, 886, 744, 415, 226, 90, 40, 20, 14, 5, 1]
(0, (1, 0, 1), (2, 1)): [893, 2612, 1120, 836, 438, 235, 105, 40, 23, 18, 6]
(0, (1, 0, 1), (2, 2)): [1158, 2471, 1080, 776, 390, 190, 96, 43, 15, 11, 3]
(0, (1, 0, 1), (3, 0)): [209, 654, 299, 215, 163, 90, 33, 15, 9, 3, 1, 1]
(0, (1, 0, 1), (3, 1)): [348, 903, 473, 360, 226, 116, 50, 23, 15, 10, 3]
(0, (1, 0, 1), (3, 2)): [575, 1248, 650, 441, 280, 140, 68, 29, 16, 11, 5]
(0, (1, 1, 0), (0, 0)): [78192, 48718, 35857, 26527, 14152, 6618, 2825, 1306, 544, 250, 111, 48, 14, 6, 2, 0, 1]
(0, (1, 1, 0), (0, 1)): [17370, 9359, 6402, 5013, 2729, 1193, 555, 230, 99, 34, 18, 13, 1, 1, 1, 0, 1]
(0, (1, 1, 0), (0, 2)): [7410, 3431, 2245, 1793, 948, 410, 175, 92, 36, 14, 6, 2]
(0, (1, 1, 0), (1, 0)): [13269, 8510, 6256, 5062, 2671, 1332, 556, 261, 101, 46, 22, 9, 3, 3, 1]
(0, (1, 1, 0), (1, 1)): [12785, 7214, 5145, 4100, 2146, 1001, 435, 188, 62, 28, 20, 7, 2, 2, 2, 0, 1]
(0, (1, 1, 0), (1, 2)): [9624, 4547, 3145, 2551, 1295, 570, 244, 110, 44, 23, 6, 3, 0, 1, 0, 0, 1]
(0, (1, 1, 0), (2, 0)): [3872, 2855, 2151, 1752, 1029, 527, 231, 112, 45, 18, 7, 6, 0, 1]
(0, (1, 1, 0), (2, 1)): [5910, 3645, 2705, 2177, 1227, 559, 256, 111, 46, 15, 13, 7, 2, 0, 2]
(0, (1, 1, 0), (2, 2)): [6882, 3576, 2511, 2014, 1098, 481, 225, 103, 36, 19, 7, 3, 0, 0, 1, 0, 1]
(0, (1, 1, 0), (3, 0)): [870, 932, 739, 582, 397, 208, 97, 47, 15, 8, 3, 2, 0, 1]
(0, (1, 1, 0), (3, 1)): [1993, 1539, 1213, 998, 653, 339, 148, 67, 24, 10, 7, 3, 2, 0, 1]
(0, (1, 1, 0), (3, 2)): [3189, 2009, 1553, 1257, 772, 361, 167, 89, 24, 12, 7, 1, 0, 0, 1, 0, 1]
(0, (1, 1, 1), (0, 0)): [7556, 14660, 11735, 8530, 7065, 3522, 1644, 784, 365, 156, 73, 28, 8, 5, 2, 0, 1]
(0, (1, 1, 1), (0, 1)): [1851, 3117, 2381, 1621, 1427, 698, 307, 150, 80, 25, 11, 5, 3, 1, 1]
(0, (1, 1, 1), (0, 2)): [981, 1267, 874, 612, 526, 245, 102, 56, 28, 8, 8, 2, 1, 0, 1]
(0, (1, 1, 1), (1, 0)): [1199, 2676, 2170, 1547, 1300, 716, 328, 137, 66, 36, 13, 7, 0, 1, 0, 0, 1]
(0, (1, 1, 1), (1, 1)): [1250, 2400, 1882, 1261, 1113, 612, 268, 131, 63, 24, 7, 4, 1, 1, 0, 0, 1]
(0, (1, 1, 1), (1, 2)): [1143, 1672, 1230, 826, 733, 346, 148, 77, 34, 14, 6, 4, 0, 1, 0, 0, 1]
(0, (1, 1, 1), (2, 0)): [341, 791, 732, 559, 476, 259, 112, 52, 20, 14, 5, 4, 0, 1]
(0, (1, 1, 1), (2, 1)): [559, 1102, 951, 677, 560, 333, 145, 70, 40, 14, 4, 1, 1]
(0, (1, 1, 1), (2, 2)): [753, 1227, 957, 668, 558, 301, 133, 70, 33, 15, 4, 2, 1]
(0, (1, 1, 1), (3, 0)): [66, 208, 196, 190, 145, 93, 49, 23, 5, 6, 3, 2, 0, 1]
(0, (1, 1, 1), (3, 1)): [159, 384, 380, 288, 249, 150, 72, 30, 13, 7, 2, 3, 0, 1]
(0, (1, 1, 1), (3, 2)): [282, 579, 541, 392, 345, 193, 108, 43, 23, 8, 3, 3, 1, 1]
(1, (0, 0, 0), (0, 0)): [2137477, 239979, 97799, 39009, 15245, 5812, 2258, 812, 282, 113, 43, 25, 8, 3, 0, 1]
(1, (0, 0, 0), (0, 1)): [483001, 50530, 20286, 8112, 3174, 1174, 447, 168, 50, 17, 7, 6, 1, 1]
(1, (0, 0, 0), (0, 2)): [194068, 17034, 6852, 2576, 1032, 379, 127, 47, 8, 6, 1, 3]
(1, (0, 0, 0), (1, 0)): [394236, 50110, 21048, 8569, 3404, 1321, 506, 163, 64, 27, 8, 4, 0, 0, 0, 1]
(1, (0, 0, 0), (1, 1)): [399814, 45064, 18346, 7378, 2910, 1056, 456, 158, 51, 14, 10, 4, 1, 1]
(1, (0, 0, 0), (1, 2)): [285872, 26964, 10824, 4197, 1668, 609, 229, 70, 25, 8, 3, 2, 1]
(1, (0, 0, 0), (2, 0)): [129907, 18514, 8379, 3553, 1412, 559, 210, 65, 29, 16, 3, 2, 0, 0, 0, 1]
(1, (0, 0, 0), (2, 1)): [206328, 25987, 11185, 4576, 1857, 705, 258, 101, 23, 17, 8, 4]
(1, (0, 0, 0), (2, 2)): [231217, 24271, 10175, 4125, 1615, 597, 215, 83, 27, 8, 4, 2]
(1, (0, 0, 0), (3, 0)): [37883, 5986, 3369, 1493, 579, 235, 104, 26, 19, 7, 2, 1, 0, 0, 0, 1]
(1, (0, 0, 0), (3, 1)): [81207, 11963, 6036, 2597, 1064, 412, 147, 52, 17, 8, 5]
(1, (0, 0, 0), (3, 2)): [125638, 15672, 7663, 3119, 1302, 476, 173, 71, 20, 8, 6, 1]
(1, (0, 0, 1), (0, 0)): [56460, 80936, 16271, 7196, 2932, 1189, 468, 178, 80, 27, 15, 9, 4, 2]
(1, (0, 0, 1), (0, 1)): [10878, 13240, 2713, 1171, 417, 174, 86, 28, 5, 1, 3, 1]
(1, (0, 0, 1), (0, 2)): [4894, 4510, 899, 376, 142, 57, 26, 3, 4, 0, 1, 1]
(1, (0, 0, 1), (1, 0)): [10769, 15804, 3395, 1701, 687, 293, 102, 42, 26, 6, 2, 1]
(1, (0, 0, 1), (1, 1)): [9693, 12218, 2565, 1166, 435, 168, 76, 31, 8, 4, 1, 1]
(1, (0, 0, 1), (1, 2)): [7525, 7068, 1490, 647, 247, 94, 48, 11, 5, 2, 1, 2]
(1, (0, 0, 1), (2, 0)): [4436, 6380, 1483, 856, 352, 157, 57, 25, 15, 3, 1]
(1, (0, 0, 1), (2, 1)): [5440, 7181, 1569, 801, 306, 123, 43, 26, 8, 2, 1]
(1, (0, 0, 1), (2, 2)): [6534, 6461, 1426, 672, 231, 91, 50, 16, 3, 2, 2, 2]
(1, (0, 0, 1), (3, 0)): [2056, 2545, 676, 467, 193, 95, 31, 13, 7, 1, 1]
(1, (0, 0, 1), (3, 1)): [2405, 3127, 799, 439, 190, 85, 27, 17, 6, 2]
(1, (0, 0, 1), (3, 2)): [3913, 3974, 979, 529, 198, 91, 44, 15, 3, 0, 1]
(1, (0, 1, 0), (0, 0)): [284677, 122247, 45791, 19940, 8076, 3233, 1161, 490, 147, 73, 36, 10, 10, 2, 1]
(1, (0, 1, 0), (0, 1)): [56860, 21820, 8425, 3473, 1423, 567, 217, 89, 21, 14, 7, 1, 1]
(1, (0, 1, 0), (0, 2)): [23130, 7788, 2892, 1105, 480, 182, 68, 26, 7, 5, 1, 1, 1]
(1, (0, 1, 0), (1, 0)): [57119, 23824, 9684, 4832, 1962, 793, 291, 120, 45, 19, 9, 0, 0, 1]
(1, (0, 1, 0), (1, 1)): [50158, 19494, 7707, 3490, 1376, 552, 221, 80, 25, 7, 6, 0, 0, 1]
(1, (0, 1, 0), (1, 2)): [35166, 12070, 4536, 1919, 746, 286, 117, 48, 14, 7, 1, 1]
(1, (0, 1, 0), (2, 0)): [23289, 9410, 4151, 2382, 1021, 403, 141, 69, 23, 12, 6]
(1, (0, 1, 0), (2, 1)): [28553, 11179, 4764, 2353, 988, 383, 150, 59, 19, 7, 5, 0, 0, 1]
(1, (0, 1, 0), (2, 2)): [30277, 10470, 4196, 1936, 758, 301, 109, 43, 12, 6, 3]
(1, (0, 1, 0), (3, 0)): [10041, 3750, 1767, 1275, 566, 228, 79, 36, 11, 7, 2]
(1, (0, 1, 0), (3, 1)): [13106, 4859, 2358, 1446, 628, 232, 102, 48, 16, 6, 3, 0, 0, 1]
(1, (0, 1, 0), (3, 2)): [18500, 6393, 2894, 1594, 680, 241, 105, 42, 10, 7, 3, 0, 0, 1]
(1, (0, 1, 1), (0, 0)): [44331, 37432, 32319, 13232, 6794, 2714, 1093, 433, 179, 61, 24, 10, 3, 2, 0, 1]
(1, (0, 1, 1), (0, 1)): [8097, 6025, 5139, 2087, 961, 359, 172, 76, 19, 5, 5, 1]
(1, (0, 1, 1), (0, 2)): [3926, 1958, 1880, 744, 340, 121, 68, 28, 4, 1, 4]
(1, (0, 1, 1), (1, 0)): [9406, 8460, 6482, 2921, 1744, 733, 293, 113, 39, 17, 5, 2, 1]
(1, (0, 1, 1), (1, 1)): [6809, 5413, 4498, 1854, 937, 336, 135, 62, 20, 8, 0, 2]
(1, (0, 1, 1), (1, 2)): [5717, 3161, 2871, 1118, 563, 200, 89, 37, 9, 5, 3, 1]
(1, (0, 1, 1), (2, 0)): [4996, 4346, 3142, 1573, 1094, 492, 198, 72, 26, 10, 5, 1]
(1, (0, 1, 1), (2, 1)): [3642, 3036, 2534, 1126, 577, 232, 95, 31, 11, 3, 1]
(1, (0, 1, 1), (2, 2)): [4729, 2751, 2501, 1031, 507, 188, 74, 23, 9, 2, 3, 1]
(1, (0, 1, 1), (3, 0)): [3463, 2790, 1821, 1032, 868, 385, 149, 62, 22, 7, 4, 1]
(1, (0, 1, 1), (3, 1)): [1538, 1365, 1081, 510, 326, 159, 57, 26, 9, 3]
(1, (0, 1, 1), (3, 2)): [2627, 1751, 1420, 665, 416, 150, 58, 25, 9, 3, 2, 1]
(1, (1, 0, 0), (0, 0)): [790113, 137456, 92431, 39545, 16116, 6397, 2511, 929, 358, 148, 59, 33, 7, 3, 0, 2]
(1, (1, 0, 0), (0, 1)): [160397, 24449, 17353, 7465, 2967, 1159, 453, 185, 54, 22, 12, 4, 1]
(1, (1, 0, 0), (0, 2)): [63433, 8308, 5748, 2409, 946, 408, 146, 52, 14, 8, 4]
(1, (1, 0, 0), (1, 0)): [140013, 25731, 18714, 8448, 3471, 1401, 574, 205, 69, 31, 13, 5, 2, 0, 0, 1]
(1, (1, 0, 0), (1, 1)): [125894, 20488, 14731, 6541, 2589, 992, 417, 157, 50, 21, 11, 7, 1, 0, 0, 1]
(1, (1, 0, 0), (1, 2)): [85946, 12043, 8488, 3635, 1428, 540, 217, 89, 25, 10, 8, 1]
(1, (1, 0, 0), (2, 0)): [45432, 9134, 6855, 3405, 1429, 579, 242, 83, 37, 10, 5, 0, 1]
(1, (1, 0, 0), (2, 1)): [62414, 11105, 8117, 3983, 1555, 637, 256, 86, 29, 10, 7, 4, 1, 0, 0, 1]
(1, (1, 0, 0), (2, 2)): [64504, 9875, 6963, 3220, 1300, 504, 197, 75, 21, 10, 4, 1, 1]
(1, (1, 0, 0), (3, 0)): [12702, 3022, 2179, 1321, 589, 231, 111, 31, 18, 5, 1, 0, 1]
(1, (1, 0, 0), (3, 1)): [23854, 5095, 3629, 2171, 854, 333, 161, 41, 24, 5, 5, 1, 0, 0, 0, 1]
(1, (1, 0, 0), (3, 2)): [32435, 6255, 4212, 2310, 900, 358, 157, 49, 25, 10, 5, 2, 1, 0, 0, 1]
(1, (1, 0, 1), (0, 0)): [63782, 71770, 23084, 15986, 6926, 2862, 1116, 448, 159, 87, 24, 10, 2, 1]
(1, (1, 0, 1), (0, 1)): [13383, 12160, 3845, 2785, 1170, 479, 183, 70, 32, 15, 4, 1, 2]
(1, (1, 0, 1), (0, 2)): [6080, 4104, 1357, 976, 401, 148, 76, 31, 10, 6, 3, 0, 1]
(1, (1, 0, 1), (1, 0)): [11238, 12419, 4181, 3105, 1453, 612, 225, 104, 34, 21, 1, 3]
(1, (1, 0, 1), (1, 1)): [10195, 9739, 3208, 2336, 979, 427, 148, 51, 23, 11, 1, 3, 1]
(1, (1, 0, 1), (1, 2)): [7730, 5600, 1932, 1385, 548, 231, 94, 42, 14, 6, 3]
(1, (1, 0, 1), (2, 0)): [3809, 4115, 1481, 1119, 594, 250, 93, 46, 12, 9, 0, 1]
(1, (1, 0, 1), (2, 1)): [5073, 4908, 1652, 1237, 619, 245, 88, 28, 15, 12, 0, 3]
(1, (1, 0, 1), (2, 2)): [5680, 4297, 1562, 1108, 518, 193, 79, 27, 13, 8, 1]
(1, (1, 0, 1), (3, 0)): [1246, 1313, 514, 392, 245, 115, 37, 14, 1, 4]
(1, (1, 0, 1), (3, 1)): [1862, 1881, 736, 575, 318, 139, 43, 19, 4, 6, 0, 2]
(1, (1, 0, 1), (3, 2)): [2806, 2412, 981, 669, 393, 145, 57, 20, 12, 6, 0, 2]
(1, (1, 1, 0), (0, 0)): [221884, 66139, 44086, 32805, 13809, 5728, 2245, 895, 343, 136, 55, 26, 10, 5, 1]
(1, (1, 1, 0), (0, 1)): [47962, 12395, 7923, 6315, 2588, 1071, 395, 166, 69, 24, 13, 4, 1]
(1, (1, 1, 0), (0, 2)): [20047, 4579, 2761, 2219, 885, 340, 110, 52, 19, 5, 5]
(1, (1, 1, 0), (1, 0)): [39660, 12616, 8451, 6656, 2934, 1204, 531, 194, 52, 30, 15, 4, 2, 1]
(1, (1, 1, 0), (1, 1)): [37373, 10313, 6926, 5429, 2274, 944, 363, 155, 52, 25, 13, 4, 1]
(1, (1, 1, 0), (1, 2)): [27126, 6471, 4071, 3208, 1317, 498, 179, 90, 32, 7, 9, 2, 1]
(1, (1, 1, 0), (2, 0)): [12688, 4681, 2971, 2378, 1209, 512, 240, 82, 24, 15, 8, 2, 2, 1]
(1, (1, 1, 0), (2, 1)): [18419, 5701, 3873, 3018, 1401, 604, 252, 86, 33, 15, 8, 2, 1]
(1, (1, 1, 0), (2, 2)): [20549, 5383, 3476, 2637, 1228, 504, 185, 86, 33, 9, 5, 2, 1]
(1, (1, 1, 0), (3, 0)): [3272, 1695, 1066, 733, 493, 202, 97, 39, 7, 6, 1, 2, 1]
(1, (1, 1, 0), (3, 1)): [6688, 2775, 1870, 1416, 769, 342, 146, 45, 17, 10, 4, 2, 1]
(1, (1, 1, 0), (3, 2)): [10230, 3412, 2315, 1690, 906, 363, 129, 58, 26, 10, 4, 1, 1]
(1, (1, 1, 1), (0, 0)): [45286, 36210, 22517, 14642, 11459, 4901, 2002, 750, 302, 110, 38, 22, 9, 4, 1, 1]
(1, (1, 1, 1), (0, 1)): [10548, 7085, 4274, 2694, 2247, 913, 382, 138, 61, 20, 7, 1, 0, 1]
(1, (1, 1, 1), (0, 2)): [5137, 2541, 1577, 1011, 790, 306, 132, 33, 12, 10, 4, 0, 0, 1]
(1, (1, 1, 1), (1, 0)): [7442, 6765, 4079, 2653, 2345, 1040, 459, 159, 61, 21, 9, 7, 2]
(1, (1, 1, 1), (1, 1)): [7579, 5712, 3470, 2217, 1861, 779, 355, 126, 53, 14, 4, 3]
(1, (1, 1, 1), (1, 2)): [6323, 3461, 2204, 1394, 1110, 476, 203, 66, 27, 10, 4, 3, 0, 1]
(1, (1, 1, 1), (2, 0)): [1965, 2287, 1447, 893, 860, 419, 183, 69, 23, 11, 3, 3, 1]
(1, (1, 1, 1), (2, 1)): [3289, 3030, 1824, 1158, 1005, 459, 204, 70, 32, 11, 3, 2]
(1, (1, 1, 1), (2, 2)): [4288, 2812, 1794, 1121, 949, 412, 188, 60, 27, 12, 3, 3, 0, 1]
(1, (1, 1, 1), (3, 0)): [329, 708, 513, 298, 257, 154, 70, 27, 6, 3, 0, 1, 1]
(1, (1, 1, 1), (3, 1)): [848, 1281, 845, 514, 447, 241, 92, 37, 18, 5, 2, 1, 1]
(1, (1, 1, 1), (3, 2)): [1663, 1646, 1089, 680, 574, 302, 125, 41, 19, 6, 4, 1, 0, 1]
(2, (0, 0, 0), (0, 0)): [1870151, 89470, 29418, 9412, 3154, 971, 332, 114, 21, 10, 5, 1, 1]
(2, (0, 0, 0), (0, 1)): [418776, 17524, 5760, 1870, 659, 183, 62, 19, 4, 1]
(2, (0, 0, 0), (0, 2)): [166563, 4908, 1662, 533, 200, 48, 5, 8, 1]
(2, (0, 0, 0), (1, 0)): [357567, 20971, 7075, 2251, 781, 211, 83, 24, 7, 1, 0, 0, 1]
(2, (0, 0, 0), (1, 1)): [355804, 16978, 5760, 1829, 651, 195, 73, 15, 5, 1]
(2, (0, 0, 0), (1, 2)): [248788, 8490, 2922, 978, 333, 98, 28, 8, 1]
(2, (0, 0, 0), (2, 0)): [123531, 8134, 3254, 998, 352, 92, 35, 9, 3, 0, 0, 0, 1]
(2, (0, 0, 0), (2, 1)): [191280, 10616, 4059, 1207, 425, 124, 50, 13, 5]
(2, (0, 0, 0), (2, 2)): [209269, 8538, 3220, 1016, 339, 103, 33, 8, 1]
(2, (0, 0, 0), (3, 0)): [38038, 2713, 1460, 457, 166, 43, 14, 4, 0, 0, 0, 0, 1]
(2, (0, 0, 0), (3, 1)): [79239, 5292, 2532, 797, 254, 70, 25, 9, 3]
(2, (0, 0, 0), (3, 2)): [120642, 6335, 2969, 927, 302, 96, 30, 9, 2]
(2, (0, 0, 1), (0, 0)): [173970, 50262, 10796, 3737, 1293, 442, 134, 49, 10, 7, 1, 2]
(2, (0, 0, 1), (0, 1)): [35052, 8186, 1842, 617, 203, 81, 20, 7, 1, 3]
(2, (0, 0, 1), (0, 2)): [14498, 2549, 552, 188, 60, 23, 8, 0, 0, 1]
(2, (0, 0, 1), (1, 0)): [37305, 10037, 2592, 1025, 359, 112, 44, 20, 4, 2, 1, 1]
(2, (0, 0, 1), (1, 1)): [31985, 7787, 1801, 691, 217, 79, 20, 11, 1, 3]
(2, (0, 0, 1), (1, 2)): [22755, 4227, 918, 333, 120, 38, 10, 5, 0, 3]
(2, (0, 0, 1), (2, 0)): [16056, 4152, 1247, 572, 214, 62, 24, 11, 3, 1, 1, 1]
(2, (0, 0, 1), (2, 1)): [18957, 4817, 1291, 528, 174, 49, 21, 10, 0, 2]
(2, (0, 0, 1), (2, 2)): [20575, 4127, 1024, 390, 131, 43, 11, 6, 0, 1]
(2, (0, 0, 1), (3, 0)): [7511, 1659, 605, 365, 122, 40, 14, 4, 3, 0, 1, 1]
(2, (0, 0, 1), (3, 1)): [8849, 2231, 720, 383, 121, 33, 15, 5, 1, 1, 1]
(2, (0, 0, 1), (3, 2)): [12973, 2841, 827, 393, 133, 36, 16, 3, 1, 2]
(2, (0, 1, 0), (0, 0)): [459636, 93718, 26751, 9515, 3198, 1019, 330, 99, 24, 14, 7, 0, 1]
(2, (0, 1, 0), (0, 1)): [92781, 15783, 4561, 1456, 557, 163, 48, 12, 7, 4, 1]
(2, (0, 1, 0), (0, 2)): [38187, 4820, 1379, 411, 148, 34, 12, 2, 3, 1]
(2, (0, 1, 0), (1, 0)): [98244, 19172, 6526, 2752, 881, 268, 101, 35, 1, 2, 0, 0, 1]
(2, (0, 1, 0), (1, 1)): [83467, 14838, 4558, 1600, 575, 162, 67, 17, 4, 3, 1]
(2, (0, 1, 0), (1, 2)): [59355, 8037, 2333, 800, 277, 65, 32, 8, 2, 1]
(2, (0, 1, 0), (2, 0)): [43156, 7999, 3077, 1622, 539, 164, 51, 23, 1, 2, 0, 0, 1]
(2, (0, 1, 0), (2, 1)): [48535, 9013, 3019, 1212, 417, 124, 41, 8, 2, 3, 1, 0, 1]
(2, (0, 1, 0), (2, 2)): [52605, 7654, 2391, 926, 327, 87, 37, 10, 0, 2]
(2, (0, 1, 0), (3, 0)): [21373, 3365, 1512, 1067, 343, 107, 37, 21, 1, 2]
(2, (0, 1, 0), (3, 1)): [22292, 4155, 1640, 865, 304, 88, 33, 7, 2, 2, 1, 0, 1]
(2, (0, 1, 0), (3, 2)): [32842, 5107, 1852, 957, 323, 87, 45, 10, 0, 1, 0, 0, 1]
(2, (0, 1, 1), (0, 0)): [107867, 8930, 22131, 6541, 2571, 853, 280, 88, 26, 7, 5, 1, 0, 1]
(2, (0, 1, 1), (0, 1)): [22412, 1405, 3699, 1117, 382, 140, 41, 14, 1, 2]
(2, (0, 1, 1), (0, 2)): [9838, 482, 1171, 361, 131, 40, 14, 5, 0, 2]
(2, (0, 1, 1), (1, 0)): [24094, 2246, 4571, 1690, 772, 263, 86, 25, 6, 0, 3]
(2, (0, 1, 1), (1, 1)): [19770, 1379, 3483, 1118, 418, 156, 45, 13, 4, 0, 1]
(2, (0, 1, 1), (1, 2)): [15234, 832, 2017, 594, 226, 77, 21, 7, 1, 2, 1]
(2, (0, 1, 1), (2, 0)): [11336, 1248, 2037, 856, 499, 161, 51, 18, 2, 0, 2]
(2, (0, 1, 1), (2, 1)): [11539, 888, 2099, 733, 340, 103, 31, 9, 3, 0, 1]
(2, (0, 1, 1), (2, 2)): [13611, 871, 1902, 646, 245, 90, 22, 7, 3, 1]
(2, (0, 1, 1), (3, 0)): [6406, 829, 1021, 493, 337, 129, 34, 15, 1, 0, 1]
(2, (0, 1, 1), (3, 1)): [5292, 499, 962, 372, 231, 71, 26, 10, 1, 0, 1]
(2, (0, 1, 1), (3, 2)): [8490, 692, 1286, 484, 233, 93, 23, 10, 4, 1]
(2, (1, 0, 0), (0, 0)): [956787, 68788, 47001, 15058, 4942, 1563, 581, 177, 41, 17, 7, 2, 1]
(2, (1, 0, 0), (0, 1)): [193361, 11689, 8169, 2654, 874, 295, 105, 39, 10, 2, 0, 2]
(2, (1, 0, 0), (0, 2)): [75973, 3355, 2252, 758, 241, 70, 29, 12, 4, 0, 0, 1]
(2, (1, 0, 0), (1, 0)): [173359, 14170, 10356, 3601, 1217, 344, 134, 39, 10, 3, 0, 0, 1]
(2, (1, 0, 0), (1, 1)): [155805, 10393, 7450, 2566, 832, 255, 95, 26, 7, 2]
(2, (1, 0, 0), (1, 2)): [105688, 5300, 3526, 1299, 399, 110, 40, 13, 4, 1, 0, 1]
(2, (1, 0, 0), (2, 0)): [57685, 5447, 3845, 1572, 543, 158, 59, 24, 7, 2, 0, 0, 1]
(2, (1, 0, 0), (2, 1)): [80052, 6117, 4466, 1685, 559, 171, 62, 18, 6, 0, 0, 0, 1]
(2, (1, 0, 0), (2, 2)): [82079, 4942, 3290, 1267, 420, 120, 47, 14, 4, 1]
(2, (1, 0, 0), (3, 0)): [16968, 2058, 1199, 684, 233, 74, 24, 12, 3, 2]
(2, (1, 0, 0), (3, 1)): [31962, 3244, 2130, 1063, 314, 95, 34, 10, 4, 1, 0, 0, 1]
(2, (1, 0, 0), (3, 2)): [43654, 3708, 2291, 1103, 365, 108, 35, 16, 1, 1, 0, 0, 1]
(2, (1, 0, 1), (0, 0)): [168572, 38786, 15401, 10006, 3321, 1061, 364, 117, 36, 14, 2, 4, 2]
(2, (1, 0, 1), (0, 1)): [35935, 6728, 2506, 1762, 594, 195, 65, 24, 8, 2, 1, 1, 1]
(2, (1, 0, 1), (0, 2)): [14934, 2027, 756, 492, 181, 50, 15, 11, 1, 1]
(2, (1, 0, 1), (1, 0)): [32693, 7139, 3287, 2351, 865, 241, 91, 23, 3, 4, 0, 1]
(2, (1, 0, 1), (1, 1)): [29240, 5672, 2396, 1693, 609, 194, 70, 20, 6, 3, 1, 2, 1]
(2, (1, 0, 1), (1, 2)): [20707, 2998, 1254, 811, 304, 98, 37, 12, 4, 1, 0, 1]
(2, (1, 0, 1), (2, 0)): [11609, 2439, 1344, 904, 381, 107, 38, 12, 3]
(2, (1, 0, 1), (2, 1)): [15442, 3006, 1492, 984, 430, 125, 40, 14, 1, 2, 0, 1]
(2, (1, 0, 1), (2, 2)): [16074, 2406, 1169, 745, 287, 101, 40, 10, 4, 0, 0, 1]
(2, (1, 0, 1), (3, 0)): [3889, 745, 546, 331, 164, 49, 22, 3, 3]
(2, (1, 0, 1), (3, 1)): [6565, 1213, 783, 499, 280, 58, 31, 5, 4, 2]
(2, (1, 0, 1), (3, 2)): [8870, 1284, 912, 528, 265, 79, 27, 9, 5, 1]
(2, (1, 1, 0), (0, 0)): [374260, 55493, 28152, 20308, 6559, 2085, 704, 240, 71, 34, 12, 4, 2, 1]
(2, (1, 1, 0), (0, 1)): [79830, 9788, 4741, 3678, 1149, 329, 114, 44, 6, 6, 2, 2, 1]
(2, (1, 1, 0), (0, 2)): [33747, 2958, 1438, 1080, 349, 90, 33, 15, 2, 3]
(2, (1, 1, 0), (1, 0)): [68621, 10327, 5810, 4515, 1633, 479, 175, 54, 20, 7, 2, 1]
(2, (1, 1, 0), (1, 1)): [65152, 8504, 4441, 3419, 1087, 353, 101, 42, 10, 6, 3, 3, 1]
(2, (1, 1, 0), (1, 2)): [47764, 4554, 2363, 1728, 558, 170, 39, 21, 6, 1, 2, 2]
(2, (1, 1, 0), (2, 0)): [23439, 3630, 2331, 1737, 831, 220, 85, 25, 10, 4]
(2, (1, 1, 0), (2, 1)): [33972, 4632, 2764, 2095, 821, 226, 82, 30, 8, 5, 0, 0, 1]
(2, (1, 1, 0), (2, 2)): [37828, 3925, 2302, 1654, 625, 163, 55, 22, 12, 1, 2, 1]
(2, (1, 1, 0), (3, 0)): [7338, 1123, 953, 575, 393, 113, 38, 12, 6, 3]
(2, (1, 1, 0), (3, 1)): [14201, 2006, 1540, 1063, 563, 150, 54, 12, 5, 2, 0, 0, 1]
(2, (1, 1, 0), (3, 2)): [20939, 2411, 1886, 1194, 621, 136, 53, 18, 9, 1, 1]
(2, (1, 1, 1), (0, 0)): [111722, 16294, 18397, 9203, 7156, 2207, 751, 253, 84, 23, 10, 4, 1, 1]
(2, (1, 1, 1), (0, 1)): [26459, 2746, 3419, 1693, 1351, 417, 148, 42, 20, 6, 3, 0, 1]
(2, (1, 1, 1), (0, 2)): [11957, 892, 1039, 521, 388, 112, 51, 8, 4, 1, 2]
(2, (1, 1, 1), (1, 0)): [19349, 4343, 3625, 1989, 1665, 525, 178, 65, 18, 6, 1, 2]
(2, (1, 1, 1), (1, 1)): [20384, 2899, 3020, 1606, 1272, 405, 141, 43, 18, 6, 1, 0, 1]
(2, (1, 1, 1), (1, 2)): [16192, 1550, 1630, 830, 638, 226, 74, 17, 5, 4, 2]
(2, (1, 1, 1), (2, 0)): [5405, 2454, 1266, 810, 666, 226, 72, 31, 7, 3, 0, 2]
(2, (1, 1, 1), (2, 1)): [9151, 2331, 1669, 1037, 802, 274, 91, 27, 10, 2, 0, 0, 1]
(2, (1, 1, 1), (2, 2)): [11558, 1795, 1441, 848, 640, 233, 82, 21, 6, 4, 2]
(2, (1, 1, 1), (3, 0)): [935, 1498, 383, 337, 208, 109, 36, 19, 4, 3, 0, 1]
(2, (1, 1, 1), (3, 1)): [2630, 1959, 685, 572, 421, 159, 58, 16, 5, 3, 0, 1]
(2, (1, 1, 1), (3, 2)): [4946, 2018, 888, 749, 475, 204, 70, 20, 5, 3, 2]
