(0, (0, 0, 0), (0, 0)): [788405, 159248, 74767, 34307, 15583, 6811, 2829, 1187, 500, 229, 103, 45, 23, 6, 3, 1, 0, 1]
(0, (0, 0, 0), (0, 1)): [15618, 2932, 1394, 614, 263, 122, 40, 25, 6, 5, 2, 0, 2, 1, 0, 1]
(0, (0, 0, 0), (0, 2)): [5595, 937, 434, 189, 82, 26, 14, 11, 1, 1, 0, 0, 1]
(0, (0, 0, 0), (1, 0)): [14392, 3117, 1601, 720, 375, 147, 69, 24, 8, 6, 2]
(0, (0, 0, 0), (1, 1)): [13248, 2623, 1321, 605, 273, 113, 39, 20, 6, 4, 3, 0, 1, 1, 0, 1]
(0, (0, 0, 0), (1, 2)): [8357, 1494, 682, 291, 142, 57, 17, 11, 4, 2, 0, 0, 2]
(0, (0, 0, 0), (2, 0)): [4742, 1139, 598, 305, 161, 70, 33, 12, 1, 2, 1]
(0, (0, 0, 0), (2, 1)): [7151, 1500, 817, 389, 184, 81, 33, 17, 2, 1, 1, 0, 0, 1]
(0, (0, 0, 0), (2, 2)): [6675, 1269, 639, 287, 138, 63, 18, 11, 1, 3, 1, 0, 2]
(0, (0, 0, 0), (3, 0)): [1592, 399, 263, 147, 72, 38, 14, 4, 1, 0, 1]
(0, (0, 0, 0), (3, 1)): [2911, 709, 462, 237, 101, 46, 18, 9, 3]
(0, (0, 0, 0), (3, 2)): [3888, 846, 532, 248, 113, 48, 15, 7, 3, 2, 0, 0, 2]
(0, (0, 0, 1), (0, 0)): [3505, 11018, 3093, 1442, 700, 318, 143, 80, 30, 18, 6, 1, 3, 1]
(0, (0, 0, 1), (0, 1)): [59, 142, 50, 17, 14, 5, 5, 1, 0, 1, 0, 0, 0, 1]
(0, (0, 0, 1), (0, 2)): [25, 54, 15, 6, 6, 1]
(0, (0, 0, 1), (1, 0)): [61, 152, 40, 29, 15, 9, 1, 2, 1]
(0, (0, 0, 1), (1, 1)): [51, 102, 36, 14, 15, 5, 4, 1, 0, 1, 0, 0, 0, 1]
(0, (0, 0, 1), (1, 2)): [34, 70, 22, 8, 6, 0, 2, 1, 0, 1]
(0, (0, 0, 1), (2, 0)): [29, 69, 18, 14, 4, 6, 1, 1, 1]
(0, (0, 0, 1), (2, 1)): [33, 64, 19, 14, 12, 4, 1]
(0, (0, 0, 1), (2, 2)): [30, 49, 19, 7, 7, 1, 1]
(0, (0, 0, 1), (3, 0)): [6, 30, 8, 6, 1, 3, 1, 1, 1]
(0, (0, 0, 1), (3, 1)): [14, 30, 8, 7, 6, 3, 0, 1]
(0, (0, 0, 1), (3, 2)): [18, 34, 7, 5, 6, 3, 1, 1]
(0, (0, 1, 0), (0, 0)): [25739, 25210, 9776, 4651, 2312, 1026, 425, 178, 81, 46, 17, 5, 3, 0, 1]
(0, (0, 1, 0), (0, 1)): [487, 385, 149, 67, 25, 17, 8, 3]
(0, (0, 1, 0), (0, 2)): [185, 116, 51, 16, 4, 7, 1]
(0, (0, 1, 0), (1, 0)): [456, 411, 162, 96, 45, 22, 8, 1, 1]
(0, (0, 1, 0), (1, 1)): [400, 320, 129, 65, 24, 13, 9, 3]
(0, (0, 1, 0), (1, 2)): [253, 202, 82, 34, 13, 10, 3, 1]
(0, (0, 1, 0), (2, 0)): [149, 143, 56, 41, 20, 13, 3, 0, 1]
(0, (0, 1, 0), (2, 1)): [184, 167, 63, 45, 11, 14, 6, 2]
(0, (0, 1, 0), (2, 2)): [189, 148, 68, 35, 8, 6, 5, 1]
(0, (0, 1, 0), (3, 0)): [59, 52, 23, 23, 16, 4, 1, 0, 1]
(0, (0, 1, 0), (3, 1)): [74, 74, 33, 26, 15, 8, 3, 1]
(0, (0, 1, 0), (3, 2)): [110, 88, 48, 26, 11, 4, 6]
(0, (0, 1, 1), (0, 0)): [2304, 4035, 5138, 2298, 1261, 574, 252, 118, 60, 24, 8, 5, 0, 2, 1, 0, 0, 1]
(0, (0, 1, 1), (0, 1)): [37, 50, 81, 36, 17, 5, 4, 1, 1]
(0, (0, 1, 1), (0, 2)): [19, 19, 28, 13, 8, 3, 2, 1]
(0, (0, 1, 1), (1, 0)): [52, 85, 110, 55, 38, 13, 7, 5, 3, 0, 0, 1]
(0, (0, 1, 1), (1, 1)): [33, 47, 73, 38, 18, 4, 3, 1, 2]
(0, (0, 1, 1), (1, 2)): [19, 20, 39, 21, 12, 3, 2, 1, 1]
(0, (0, 1, 1), (2, 0)): [30, 51, 54, 26, 22, 8, 3, 4, 2, 0, 0, 1]
(0, (0, 1, 1), (2, 1)): [25, 35, 49, 22, 11, 4, 2, 3, 2]
(0, (0, 1, 1), (2, 2)): [27, 23, 38, 17, 8, 3, 1, 2, 1]
(0, (0, 1, 1), (3, 0)): [18, 32, 27, 20, 16, 7, 1, 1, 0, 0, 0, 1]
(0, (0, 1, 1), (3, 1)): [10, 20, 19, 12, 9, 1, 0, 1, 2]
(0, (0, 1, 1), (3, 2)): [14, 13, 30, 14, 7, 3, 1, 3, 2]
(0, (1, 0, 0), (0, 0)): [174806, 59611, 37649, 18736, 9054, 4126, 1752, 754, 331, 147, 69, 28, 14, 4, 2, 1, 0, 1]
(0, (1, 0, 0), (0, 1)): [3319, 871, 662, 314, 164, 78, 24, 11, 7, 1]
(0, (1, 0, 0), (0, 2)): [1235, 249, 219, 84, 48, 19, 9, 1, 4, 1]
(0, (1, 0, 0), (1, 0)): [2849, 931, 711, 338, 171, 63, 37, 13, 5, 5, 2]
(0, (1, 0, 0), (1, 1)): [2484, 712, 551, 253, 122, 46, 22, 11, 4, 3]
(0, (1, 0, 0), (1, 2)): [1551, 376, 318, 115, 64, 23, 14, 5, 3, 1]
(0, (1, 0, 0), (2, 0)): [894, 323, 227, 134, 72, 29, 11, 8, 3, 2, 2]
(0, (1, 0, 0), (2, 1)): [1209, 369, 280, 156, 74, 33, 10, 5, 4, 3]
(0, (1, 0, 0), (2, 2)): [1119, 305, 237, 104, 54, 18, 10, 5, 3, 2]
(0, (1, 0, 0), (3, 0)): [271, 110, 86, 57, 37, 11, 4, 5, 0, 1, 1]
(0, (1, 0, 0), (3, 1)): [447, 157, 129, 78, 51, 16, 5, 2, 3, 1, 1]
(0, (1, 0, 0), (3, 2)): [572, 196, 144, 74, 50, 16, 6, 3, 3, 2]
(0, (1, 0, 1), (0, 0)): [3923, 12599, 5284, 3576, 1928, 905, 443, 187, 87, 36, 17, 10, 4, 0, 1, 0, 0, 1]
(0, (1, 0, 1), (0, 1)): [72, 201, 76, 54, 24, 11, 11, 2, 1, 0, 0, 0, 1]
(0, (1, 0, 1), (0, 2)): [28, 80, 17, 18, 9, 7, 5, 1, 1]
(0, (1, 0, 1), (1, 0)): [69, 225, 86, 62, 34, 21, 2, 4, 4, 1, 1]
(0, (1, 0, 1), (1, 1)): [64, 166, 57, 46, 21, 10, 5, 1, 2, 0, 1]
(0, (1, 0, 1), (1, 2)): [50, 93, 28, 21, 11, 7, 3, 2, 2]
(0, (1, 0, 1), (2, 0)): [23, 77, 38, 22, 14, 12, 0, 3, 1, 1]
(0, (1, 0, 1), (2, 1)): [21, 103, 38, 28, 14, 9, 1, 0, 2, 0, 1]
(0, (1, 0, 1), (2, 2)): [38, 81, 30, 13, 9, 4, 2, 2, 1, 0, 1]
(0, (1, 0, 1), (3, 0)): [13, 21, 16, 12, 7, 7, 0, 3]
(0, (1, 0, 1), (3, 1)): [10, 38, 13, 14, 10, 6]
(0, (1, 0, 1), (3, 2)): [11, 43, 22, 9, 7, 3, 1, 0, 1, 0, 1]
(0, (1, 1, 0), (0, 0)): [23835, 15566, 12348, 8539, 4665, 2186, 969, 469, 189, 86, 43, 15, 7, 1]
(0, (1, 1, 0), (0, 1)): [489, 262, 174, 140, 74, 32, 11, 9, 1, 0, 1]
(0, (1, 1, 0), (0, 2)): [183, 93, 54, 45, 28, 10, 5, 6]
(0, (1, 1, 0), (1, 0)): [407, 241, 203, 144, 76, 47, 17, 10, 3, 3]
(0, (1, 1, 0), (1, 1)): [343, 185, 144, 101, 45, 28, 9, 6, 2, 1, 1]
(0, (1, 1, 0), (1, 2)): [237, 101, 80, 61, 27, 13, 3, 8, 1, 1]
(0, (1, 1, 0), (2, 0)): [116, 73, 69, 55, 31, 19, 5, 6, 2, 1]
(0, (1, 1, 0), (2, 1)): [159, 97, 71, 54, 33, 18, 7, 4, 1, 1]
(0, (1, 1, 0), (2, 2)): [157, 81, 66, 41, 17, 12, 1, 6, 2, 2]
(0, (1, 1, 0), (3, 0)): [29, 26, 27, 20, 12, 7, 2, 3, 1]
(0, (1, 1, 0), (3, 1)): [61, 37, 39, 32, 16, 10, 7, 2, 1]
(0, (1, 1, 0), (3, 2)): [91, 46, 42, 32, 12, 7, 1, 3, 2]
(0, (1, 1, 1), (0, 0)): [2499, 4548, 3830, 3015, 2381, 1169, 558, 290, 127, 56, 31, 11, 2, 1, 1]
(0, (1, 1, 1), (0, 1)): [67, 81, 74, 47, 34, 19, 7, 5, 5, 2, 1, 1]
(0, (1, 1, 1), (0, 2)): [33, 34, 23, 16, 15, 4, 2, 1, 2, 0, 0, 1]
(0, (1, 1, 1), (1, 0)): [40, 90, 93, 64, 58, 27, 10, 8, 3, 0, 1]
(0, (1, 1, 1), (1, 1)): [43, 68, 78, 45, 30, 17, 8, 7, 2, 1, 1]
(0, (1, 1, 1), (1, 2)): [39, 42, 42, 17, 14, 7, 3, 2, 3, 0, 0, 1]
(0, (1, 1, 1), (2, 0)): [12, 36, 23, 31, 28, 10, 2, 2, 1, 0, 1]
(0, (1, 1, 1), (2, 1)): [23, 33, 31, 28, 25, 10, 2, 4, 2]
(0, (1, 1, 1), (2, 2)): [23, 30, 30, 22, 13, 7, 3, 3, 1, 0, 0, 1]
(0, (1, 1, 1), (3, 0)): [2, 11, 12, 14, 10, 2, 1, 0, 0, 0, 1]
(0, (1, 1, 1), (3, 1)): [5, 18, 13, 22, 8, 3, 1, 0, 1, 0, 1]
(0, (1, 1, 1), (3, 2)): [8, 11, 17, 22, 9, 4, 3, 0, 2, 0, 0, 1]
(1, (0, 0, 0), (0, 0)): [628650, 68670, 28503, 11322, 4542, 1769, 666, 265, 102, 42, 20, 11, 5, 2, 0, 1]
(1, (0, 0, 0), (0, 1)): [12589, 1295, 547, 204, 94, 18, 10, 8, 1, 0, 0, 0, 0, 1]
(1, (0, 0, 0), (0, 2)): [4490, 373, 153, 59, 24, 5, 1, 2]
(1, (0, 0, 0), (1, 0)): [12064, 1541, 681, 244, 113, 43, 17, 7, 0, 1, 0, 0, 0, 0, 0, 1]
(1, (0, 0, 0), (1, 1)): [10962, 1245, 515, 185, 85, 30, 15, 5, 1, 1, 0, 0, 0, 1]
(1, (0, 0, 0), (1, 2)): [6729, 616, 246, 113, 47, 18, 5, 2]
(1, (0, 0, 0), (2, 0)): [4133, 586, 303, 99, 47, 19, 6, 4, 0, 0, 0, 0, 0, 0, 0, 1]
(1, (0, 0, 0), (2, 1)): [6043, 774, 346, 118, 59, 17, 9, 5, 0, 1]
(1, (0, 0, 0), (2, 2)): [5606, 578, 254, 103, 44, 22, 8, 3]
(1, (0, 0, 0), (3, 0)): [1326, 214, 137, 41, 25, 8, 4, 0, 0, 0, 0, 0, 0, 0, 0, 1]
(1, (0, 0, 0), (3, 1)): [2501, 414, 211, 73, 41, 7, 3, 3]
(1, (0, 0, 0), (3, 2)): [3258, 421, 223, 80, 38, 16, 8, 3]
(1, (0, 0, 1), (0, 0)): [18506, 28182, 5527, 2305, 993, 419, 169, 77, 35, 12, 6, 4, 3, 1]
(1, (0, 0, 1), (0, 1)): [307, 339, 76, 24, 13, 7, 4]
(1, (0, 0, 1), (0, 2)): [121, 111, 20, 6, 2, 1, 2]
(1, (0, 0, 1), (1, 0)): [313, 434, 83, 42, 20, 10, 5, 2, 1]
(1, (0, 0, 1), (1, 1)): [274, 314, 57, 24, 14, 6, 2, 2]
(1, (0, 0, 1), (1, 2)): [197, 166, 21, 11, 7, 2, 1]
(1, (0, 0, 1), (2, 0)): [132, 177, 38, 23, 11, 6, 4, 0, 1]
(1, (0, 0, 1), (2, 1)): [133, 183, 30, 17, 8, 6, 4, 2]
(1, (0, 0, 1), (2, 2)): [138, 145, 22, 11, 3, 2]
(1, (0, 0, 1), (3, 0)): [59, 76, 21, 16, 8, 3, 2, 0, 1]
(1, (0, 0, 1), (3, 1)): [73, 92, 11, 14, 5, 2, 2, 2]
(1, (0, 0, 1), (3, 2)): [88, 90, 17, 10, 3, 2, 1]
(1, (0, 1, 0), (0, 0)): [87439, 41487, 14565, 6155, 2521, 1034, 352, 160, 47, 28, 14, 7, 5, 1, 1]
(1, (0, 1, 0), (0, 1)): [1364, 558, 203, 84, 29, 11, 6, 2, 1]
(1, (0, 1, 0), (0, 2)): [523, 199, 62, 17, 6, 5, 2]
(1, (0, 1, 0), (1, 0)): [1690, 756, 278, 170, 78, 25, 5, 3, 0, 0, 1, 0, 0, 1]
(1, (0, 1, 0), (1, 1)): [1220, 479, 189, 91, 37, 13, 5, 3, 1, 0, 0, 0, 0, 1]
(1, (0, 1, 0), (1, 2)): [788, 280, 105, 33, 11, 6, 3, 1]
(1, (0, 1, 0), (2, 0)): [733, 313, 125, 96, 41, 15, 3, 2, 0, 0, 1]
(1, (0, 1, 0), (2, 1)): [652, 271, 102, 65, 33, 11, 4, 3, 0, 0, 1, 0, 0, 1]
(1, (0, 1, 0), (2, 2)): [609, 244, 94, 36, 21, 5, 1, 1]
(1, (0, 1, 0), (3, 0)): [385, 153, 56, 70, 29, 8, 1, 1]
(1, (0, 1, 0), (3, 1)): [322, 127, 51, 45, 20, 7, 1, 1, 0, 0, 0, 0, 0, 1]
(1, (0, 1, 0), (3, 2)): [345, 135, 61, 40, 22, 1, 0, 1, 0, 0, 0, 0, 0, 1]
(1, (0, 1, 1), (0, 0)): [14817, 12484, 12101, 4764, 2384, 954, 381, 151, 78, 21, 9, 4, 1, 2, 0, 1]
(1, (0, 1, 1), (0, 1)): [211, 141, 120, 42, 24, 11, 5, 2]
(1, (0, 1, 1), (0, 2)): [105, 43, 43, 14, 7, 2, 1]
(1, (0, 1, 1), (1, 0)): [368, 256, 209, 111, 68, 26, 11, 7, 3, 1]
(1, (0, 1, 1), (1, 1)): [175, 122, 110, 45, 22, 6, 6, 2]
(1, (0, 1, 1), (1, 2)): [138, 59, 62, 30, 8, 3, 2]
(1, (0, 1, 1), (2, 0)): [240, 171, 114, 74, 54, 23, 9, 6, 3, 1]
(1, (0, 1, 1), (2, 1)): [103, 83, 55, 27, 10, 8, 5, 1]
(1, (0, 1, 1), (2, 2)): [97, 64, 50, 24, 12, 2, 0, 1]
(1, (0, 1, 1), (3, 0)): [195, 138, 91, 58, 49, 19, 7, 6, 3, 1]
(1, (0, 1, 1), (3, 1)): [52, 35, 25, 14, 3, 5, 5]
(1, (0, 1, 1), (3, 2)): [58, 45, 30, 10, 7, 3, 1]
(1, (1, 0, 0), (0, 0)): [252478, 46501, 28768, 12505, 5105, 2099, 790, 302, 138, 60, 23, 15, 3, 2, 0, 2]
(1, (1, 0, 0), (0, 1)): [4727, 656, 514, 207, 87, 31, 15, 3, 1, 2]
(1, (1, 0, 0), (0, 2)): [1646, 216, 176, 52, 27, 9, 5, 1, 0, 2]
(1, (1, 0, 0), (1, 0)): [4532, 783, 589, 276, 111, 41, 17, 8, 1, 2, 0, 0, 1, 0, 0, 1]
(1, (1, 0, 0), (1, 1)): [3829, 555, 438, 178, 72, 29, 10, 6, 1, 0, 0, 0, 0, 0, 0, 1]
(1, (1, 0, 0), (1, 2)): [2324, 293, 246, 76, 41, 12, 5, 4, 0, 1]
(1, (1, 0, 0), (2, 0)): [1478, 285, 222, 128, 51, 21, 8, 0, 1, 2, 0, 0, 1]
(1, (1, 0, 0), (2, 1)): [1961, 327, 269, 124, 49, 19, 6, 2, 2, 0, 0, 0, 0, 0, 0, 1]
(1, (1, 0, 0), (2, 2)): [1741, 241, 218, 89, 39, 11, 4, 3, 1, 1]
(1, (1, 0, 0), (3, 0)): [458, 106, 73, 54, 25, 8, 4, 0, 0, 2, 0, 0, 1]
(1, (1, 0, 0), (3, 1)): [747, 185, 120, 76, 27, 11, 5, 1, 0, 1, 0, 0, 0, 0, 0, 1]
(1, (1, 0, 0), (3, 2)): [906, 180, 122, 70, 28, 12, 5, 1, 1, 1, 0, 0, 0, 0, 0, 1]
(1, (1, 0, 1), (0, 0)): [19548, 24614, 8193, 5277, 2282, 960, 352, 151, 58, 41, 13, 3, 0, 1]
(1, (1, 0, 1), (0, 1)): [383, 327, 94, 80, 40, 13, 9, 2, 3, 2]
(1, (1, 0, 1), (0, 2)): [177, 104, 31, 28, 6, 5, 4, 1, 0, 1]
(1, (1, 0, 1), (1, 0)): [359, 427, 116, 95, 47, 19, 6, 1, 0, 2]
(1, (1, 0, 1), (1, 1)): [277, 272, 77, 74, 40, 5, 6, 1, 2]
(1, (1, 0, 1), (1, 2)): [216, 151, 44, 47, 17, 4, 4, 2, 0, 1]
(1, (1, 0, 1), (2, 0)): [140, 152, 38, 27, 23, 11, 1, 0, 0, 1]
(1, (1, 0, 1), (2, 1)): [135, 148, 42, 40, 24, 7, 5, 0, 2]
(1, (1, 0, 1), (2, 2)): [136, 112, 39, 24, 15, 4, 4, 0, 1]
(1, (1, 0, 1), (3, 0)): [53, 61, 14, 9, 10, 5, 0, 0, 0, 1]
(1, (1, 0, 1), (3, 1)): [61, 69, 15, 19, 18, 6]
(1, (1, 0, 1), (3, 2)): [69, 67, 22, 19, 15, 7, 3, 0, 1]
(1, (1, 1, 0), (0, 0)): [68031, 21514, 15133, 10328, 4512, 1939, 754, 303, 122, 53, 19, 9, 5, 4, 1]
(1, (1, 1, 0), (0, 1)): [1289, 339, 225, 173, 73, 29, 15, 4, 1]
(1, (1, 1, 0), (0, 2)): [508, 132, 76, 59, 24, 6, 2]
(1, (1, 1, 0), (1, 0)): [1175, 412, 283, 223, 99, 32, 12, 7, 1, 2, 0, 0, 2, 1]
(1, (1, 1, 0), (1, 1)): [998, 280, 198, 152, 66, 24, 13, 5, 0, 2]
(1, (1, 1, 0), (1, 2)): [704, 166, 113, 90, 38, 12, 6, 1]
(1, (1, 1, 0), (2, 0)): [392, 141, 101, 85, 36, 14, 2, 2, 1, 0, 0, 0, 2, 1]
(1, (1, 1, 0), (2, 1)): [497, 175, 117, 94, 35, 16, 6, 2, 0, 1, 0, 0, 1]
(1, (1, 1, 0), (2, 2)): [512, 141, 84, 68, 35, 8, 4, 1]
(1, (1, 1, 0), (3, 0)): [106, 48, 34, 27, 20, 8, 1, 2, 1, 0, 0, 0, 1]
(1, (1, 1, 0), (3, 1)): [202, 84, 59, 44, 23, 8, 5, 2, 0, 1, 0, 0, 1]
(1, (1, 1, 0), (3, 2)): [275, 90, 60, 43, 28, 7, 6, 3, 0, 1, 0, 0, 1]
(1, (1, 1, 1), (0, 0)): [14048, 11382, 7433, 5088, 3667, 1588, 656, 254, 106, 39, 15, 10, 5, 2, 1, 1]
(1, (1, 1, 1), (0, 1)): [317, 209, 137, 79, 73, 29, 12, 5, 3]
(1, (1, 1, 1), (0, 2)): [159, 73, 50, 23, 26, 9, 7]
(1, (1, 1, 1), (1, 0)): [270, 210, 146, 97, 74, 34, 15, 5, 2, 2, 0, 1, 1]
(1, (1, 1, 1), (1, 1)): [220, 151, 107, 75, 67, 28, 6, 4, 1]
(1, (1, 1, 1), (1, 2)): [181, 76, 63, 39, 32, 20, 7, 1]
(1, (1, 1, 1), (2, 0)): [79, 82, 64, 41, 25, 15, 8, 3, 1, 1, 0, 1, 1]
(1, (1, 1, 1), (2, 1)): [103, 96, 70, 46, 37, 13, 7, 4, 1, 1, 0, 1]
(1, (1, 1, 1), (2, 2)): [117, 67, 56, 45, 35, 14, 7, 2]
(1, (1, 1, 1), (3, 0)): [17, 31, 18, 18, 8, 9, 3, 0, 1, 0, 0, 0, 1]
(1, (1, 1, 1), (3, 1)): [34, 50, 21, 25, 14, 9, 4, 3, 0, 0, 0, 0, 1]
(1, (1, 1, 1), (3, 2)): [68, 46, 28, 31, 21, 12, 3, 2]
(2, (0, 0, 0), (0, 0)): [541620, 24002, 8222, 2584, 918, 308, 116, 38, 8, 3, 3, 0, 1]
(2, (0, 0, 0), (0, 1)): [10959, 472, 170, 43, 27, 5, 4, 1]
(2, (0, 0, 0), (0, 2)): [3770, 119, 32, 13, 5, 1, 0, 1]
(2, (0, 0, 0), (1, 0)): [11153, 643, 216, 65, 31, 8, 3, 0, 0, 0, 0, 0, 1]
(2, (0, 0, 0), (1, 1)): [9917, 485, 180, 38, 28, 4, 6]
(2, (0, 0, 0), (1, 2)): [5963, 220, 73, 20, 13, 3, 2]
(2, (0, 0, 0), (2, 0)): [4002, 236, 100, 39, 15, 5, 1, 0, 0, 0, 0, 0, 1]
(2, (0, 0, 0), (2, 1)): [5715, 282, 112, 40, 10, 3, 3]
(2, (0, 0, 0), (2, 2)): [5026, 225, 84, 28, 12, 4, 1]
(2, (0, 0, 0), (3, 0)): [1386, 97, 60, 19, 11, 2, 1, 0, 0, 0, 0, 0, 1]
(2, (0, 0, 0), (3, 1)): [2617, 140, 78, 24, 10, 3, 2]
(2, (0, 0, 0), (3, 2)): [3241, 174, 82, 24, 7, 3]
(2, (0, 0, 1), (0, 0)): [54766, 18190, 3331, 1136, 400, 151, 48, 14, 1, 2, 0, 1]
(2, (0, 0, 1), (0, 1)): [880, 252, 58, 19, 8, 3, 1]
(2, (0, 0, 1), (0, 2)): [335, 67, 21, 2, 1, 1]
(2, (0, 0, 1), (1, 0)): [1002, 285, 71, 22, 8, 2, 0, 1]
(2, (0, 0, 1), (1, 1)): [818, 201, 49, 16, 8, 1, 1]
(2, (0, 0, 1), (1, 2)): [540, 104, 24, 9, 2, 1, 1]
(2, (0, 0, 1), (2, 0)): [413, 118, 33, 16, 5, 2, 0, 1]
(2, (0, 0, 1), (2, 1)): [468, 111, 38, 12, 7, 0, 0, 1]
(2, (0, 0, 1), (2, 2)): [445, 85, 28, 6, 3, 1, 1]
(2, (0, 0, 1), (3, 0)): [204, 49, 18, 10, 2, 2]
(2, (0, 0, 1), (3, 1)): [245, 55, 19, 10, 5]
(2, (0, 0, 1), (3, 2)): [282, 64, 22, 6, 2, 1]
(2, (0, 1, 0), (0, 0)): [141321, 32105, 8113, 2815, 901, 307, 106, 24, 6, 2, 2, 0, 1]
(2, (0, 1, 0), (0, 1)): [2236, 404, 113, 42, 16, 1, 1]
(2, (0, 1, 0), (0, 2)): [827, 112, 31, 10, 6]
(2, (0, 1, 0), (1, 0)): [2933, 514, 224, 82, 23, 11, 5, 1, 0, 0, 0, 0, 1]
(2, (0, 1, 0), (1, 1)): [2073, 364, 137, 43, 14, 4, 3, 1]
(2, (0, 1, 0), (1, 2)): [1255, 179, 54, 26, 6]
(2, (0, 1, 0), (2, 0)): [1378, 223, 106, 56, 17, 6, 3, 0, 0, 0, 0, 0, 1]
(2, (0, 1, 0), (2, 1)): [1274, 235, 84, 31, 9, 4, 3, 1, 0, 0, 0, 0, 1]
(2, (0, 1, 0), (2, 2)): [1148, 165, 54, 28, 7, 1, 0, 1]
(2, (0, 1, 0), (3, 0)): [755, 105, 59, 37, 12, 3, 2]
(2, (0, 1, 0), (3, 1)): [613, 110, 49, 21, 10, 3, 3, 0, 0, 0, 0, 0, 1]
(2, (0, 1, 0), (3, 2)): [755, 112, 45, 24, 6, 2, 1, 0, 0, 0, 0, 0, 1]
(2, (0, 1, 1), (0, 0)): [34059, 3094, 8014, 2086, 804, 271, 95, 34, 11, 4, 2, 1, 0, 1]
(2, (0, 1, 1), (0, 1)): [492, 44, 85, 20, 5, 3, 1, 3]
(2, (0, 1, 1), (0, 2)): [197, 12, 31, 7, 3, 1, 1]
(2, (0, 1, 1), (1, 0)): [698, 78, 136, 52, 23, 4, 3, 0, 0, 0, 1]
(2, (0, 1, 1), (1, 1)): [456, 40, 73, 20, 5, 2, 1, 2]
(2, (0, 1, 1), (1, 2)): [293, 19, 45, 9, 3, 1, 2, 1]
(2, (0, 1, 1), (2, 0)): [355, 48, 69, 33, 18, 4, 1, 0, 0, 0, 1]
(2, (0, 1, 1), (2, 1)): [242, 27, 52, 13, 3, 3]
(2, (0, 1, 1), (2, 2)): [246, 23, 46, 12, 0, 3, 1, 1]
(2, (0, 1, 1), (3, 0)): [254, 36, 41, 19, 17, 3, 1, 0, 0, 0, 1]
(2, (0, 1, 1), (3, 1)): [130, 14, 28, 7, 4, 1]
(2, (0, 1, 1), (3, 2)): [167, 19, 38, 7, 2, 4, 0, 1]
(2, (1, 0, 0), (0, 0)): [308770, 23272, 13987, 4455, 1486, 478, 190, 57, 14, 8, 4, 0, 1]
(2, (1, 0, 0), (0, 1)): [5436, 288, 233, 69, 32, 8, 4, 1]
(2, (1, 0, 0), (0, 2)): [1890, 88, 60, 13, 11, 2, 1]
(2, (1, 0, 0), (1, 0)): [5718, 463, 359, 128, 41, 8, 5, 1, 0, 0, 0, 0, 1]
(2, (1, 0, 0), (1, 1)): [4526, 275, 244, 77, 24, 3, 1]
(2, (1, 0, 0), (1, 2)): [2710, 133, 99, 40, 12, 2]
(2, (1, 0, 0), (2, 0)): [1980, 187, 125, 61, 19, 3, 3, 0, 0, 0, 0, 0, 1]
(2, (1, 0, 0), (2, 1)): [2359, 163, 138, 46, 22, 4, 1, 0, 0, 0, 0, 0, 1]
(2, (1, 0, 0), (2, 2)): [2115, 126, 101, 34, 16, 4, 1]
(2, (1, 0, 0), (3, 0)): [648, 87, 37, 32, 6, 1, 2]
(2, (1, 0, 0), (3, 1)): [1015, 108, 67, 35, 9, 2, 2, 0, 0, 0, 0, 0, 1]
(2, (1, 0, 0), (3, 2)): [1177, 110, 64, 28, 10, 5, 1, 0, 0, 0, 0, 0, 1]
(2, (1, 0, 1), (0, 0)): [50240, 13155, 5436, 2976, 967, 336, 115, 38, 14, 3, 0, 2, 1]
(2, (1, 0, 1), (0, 1)): [939, 185, 77, 61, 19, 2, 1, 1, 0, 0, 0, 1]
(2, (1, 0, 1), (0, 2)): [358, 52, 23, 15, 8]
(2, (1, 0, 1), (1, 0)): [869, 194, 98, 66, 28, 9, 3]
(2, (1, 0, 1), (1, 1)): [707, 148, 61, 50, 16, 3, 3, 1, 0, 0, 0, 1]
(2, (1, 0, 1), (1, 2)): [466, 67, 32, 21, 7, 1, 1, 1, 0, 0, 0, 1]
(2, (1, 0, 1), (2, 0)): [310, 68, 48, 26, 11, 4, 1]
(2, (1, 0, 1), (2, 1)): [389, 88, 27, 28, 13, 3]
(2, (1, 0, 1), (2, 2)): [337, 56, 24, 15, 8, 2, 1, 1, 0, 0, 0, 1]
(2, (1, 0, 1), (3, 0)): [112, 20, 23, 12, 7, 1, 1]
(2, (1, 0, 1), (3, 1)): [186, 35, 20, 18, 7, 1, 1]
(2, (1, 0, 1), (3, 2)): [213, 42, 22, 9, 7, 2, 1, 1]
(2, (1, 1, 0), (0, 0)): [116446, 18363, 9576, 6027, 1924, 668, 204, 68, 28, 13, 5, 0, 2, 1]
(2, (1, 1, 0), (0, 1)): [2220, 313, 145, 101, 33, 6, 4, 1, 0, 0, 0, 0, 1]
(2, (1, 1, 0), (0, 2)): [852, 94, 43, 21, 9, 1, 1]
(2, (1, 1, 0), (1, 0)): [2191, 331, 185, 153, 47, 17, 6, 2, 1, 1]
(2, (1, 1, 0), (1, 1)): [1816, 242, 123, 94, 25, 6, 2, 2, 1, 1, 0, 0, 1]
(2, (1, 1, 0), (1, 2)): [1191, 132, 73, 36, 11, 3, 2, 1]
(2, (1, 1, 0), (2, 0)): [771, 132, 88, 70, 24, 11, 3, 1]
(2, (1, 1, 0), (2, 1)): [1004, 124, 81, 66, 21, 9, 2, 1, 1, 1, 0, 0, 1]
(2, (1, 1, 0), (2, 2)): [906, 111, 60, 48, 12, 4, 3, 1, 1]
(2, (1, 1, 0), (3, 0)): [282, 54, 38, 27, 12, 5, 1]
(2, (1, 1, 0), (3, 1)): [441, 67, 48, 38, 10, 7, 2, 1, 0, 0, 0, 0, 1]
(2, (1, 1, 0), (3, 2)): [523, 69, 46, 35, 10, 3, 2, 1, 1]
(2, (1, 1, 1), (0, 0)): [34210, 5198, 5827, 3027, 2064, 696, 223, 81, 32, 7, 5, 0, 1, 1]
(2, (1, 1, 1), (0, 1)): [755, 79, 102, 50, 39, 7, 5, 2, 1, 0, 0, 0, 1]
(2, (1, 1, 1), (0, 2)): [333, 23, 23, 12, 11, 2, 1, 0, 1]
(2, (1, 1, 1), (1, 0)): [611, 178, 114, 78, 41, 21, 6, 1, 1, 0, 1]
(2, (1, 1, 1), (1, 1)): [577, 85, 96, 48, 32, 6, 3, 0, 0, 0, 1, 0, 1]
(2, (1, 1, 1), (1, 2)): [420, 39, 38, 17, 15, 4, 2, 0, 0, 0, 1]
(2, (1, 1, 1), (2, 0)): [167, 124, 31, 35, 19, 13, 4, 1]
(2, (1, 1, 1), (2, 1)): [254, 82, 54, 28, 24, 7, 4, 0, 0, 0, 0, 0, 1]
(2, (1, 1, 1), (2, 2)): [285, 52, 39, 19, 14, 5, 2, 0, 0, 0, 1]
(2, (1, 1, 1), (3, 0)): [35, 85, 11, 19, 4, 7, 1]
(2, (1, 1, 1), (3, 1)): [81, 88, 18, 21, 14, 5, 4]
(2, (1, 1, 1), (3, 2)): [134, 72, 24, 26, 15, 8, 4, 0, 0, 0, 1]
