(0, (0, 0, 0), (0, 0)): [769164, 155295, 72871, 33455, 15193, 6641, 2760, 1163, 488, 224, 103, 44, 22, 6, 3, 1, 0, 1]
(0, (0, 0, 0), (0, 1)): [14529, 2723, 1298, 560, 248, 113, 36, 25, 6, 5, 2, 0, 2, 1, 0, 1]
(0, (0, 0, 0), (0, 2)): [5189, 872, 406, 174, 75, 25, 14, 11, 1, 1, 0, 0, 1]
(0, (0, 0, 0), (1, 0)): [13423, 2899, 1486, 675, 348, 138, 66, 22, 8, 5, 2]
(0, (0, 0, 0), (1, 1)): [12340, 2445, 1228, 561, 256, 107, 34, 20, 6, 4, 3, 0, 1, 1, 0, 1]
(0, (0, 0, 0), (1, 2)): [7726, 1385, 636, 264, 131, 53, 17, 11, 4, 2, 0, 0, 2]
(0, (0, 0, 0), (2, 0)): [4430, 1067, 558, 283, 154, 65, 33, 10, 1, 1, 1]
(0, (0, 0, 0), (2, 1)): [6703, 1402, 763, 369, 173, 77, 31, 16, 2, 0, 1, 0, 0, 1]
(0, (0, 0, 0), (2, 2)): [6188, 1169, 597, 262, 129, 57, 18, 10, 1, 2, 1, 0, 2]
(0, (0, 0, 0), (3, 0)): [1497, 375, 242, 135, 68, 35, 14, 3, 1, 0, 1]
(0, (0, 0, 0), (3, 1)): [2740, 664, 424, 223, 95, 44, 18, 8, 3]
(0, (0, 0, 0), (3, 2)): [3649, 790, 494, 233, 109, 45, 15, 7, 3, 2, 0, 0, 2]
(0, (0, 0, 1), (0, 0)): [3440, 10825, 3033, 1408, 679, 310, 139, 80, 30, 16, 6, 1, 3, 1]
(0, (0, 0, 1), (0, 1)): [56, 130, 48, 17, 9, 4, 5, 1, 0, 0, 0, 0, 0, 1]
(0, (0, 0, 1), (0, 2)): [23, 52, 13, 6, 4]
(0, (0, 0, 1), (1, 0)): [56, 140, 37, 26, 15, 7, 1, 2, 1]
(0, (0, 0, 1), (1, 1)): [49, 89, 34, 13, 12, 4, 4, 1, 0, 0, 0, 0, 0, 1]
(0, (0, 0, 1), (1, 2)): [33, 64, 20, 8, 6, 0, 2, 1]
(0, (0, 0, 1), (2, 0)): [26, 65, 18, 13, 4, 5, 1, 1, 1]
(0, (0, 0, 1), (2, 1)): [29, 56, 18, 12, 9, 3, 1]
(0, (0, 0, 1), (2, 2)): [28, 42, 18, 7, 6, 1, 1]
(0, (0, 0, 1), (3, 0)): [5, 28, 8, 6, 1, 2, 1, 1, 1]
(0, (0, 0, 1), (3, 1)): [13, 27, 8, 7, 4, 3, 0, 1]
(0, (0, 0, 1), (3, 2)): [17, 30, 7, 5, 3, 3, 1, 1]
(0, (0, 1, 0), (0, 0)): [25111, 24675, 9550, 4540, 2266, 1009, 418, 175, 79, 46, 17, 5, 2, 0, 1]
(0, (0, 1, 0), (0, 1)): [455, 358, 137, 61, 24, 16, 7, 3]
(0, (0, 1, 0), (0, 2)): [173, 108, 47, 16, 4, 7, 1]
(0, (0, 1, 0), (1, 0)): [425, 385, 150, 92, 43, 21, 8, 1, 1]
(0, (0, 1, 0), (1, 1)): [372, 300, 115, 62, 24, 12, 8, 3]
(0, (0, 1, 0), (1, 2)): [235, 187, 69, 32, 13, 10, 2, 1]
(0, (0, 1, 0), (2, 0)): [140, 135, 55, 40, 19, 12, 3, 0, 1]
(0, (0, 1, 0), (2, 1)): [171, 159, 62, 43, 11, 13, 6, 2]
(0, (0, 1, 0), (2, 2)): [178, 136, 60, 33, 8, 6, 4, 1]
(0, (0, 1, 0), (3, 0)): [56, 50, 22, 23, 15, 3, 1, 0, 1]
(0, (0, 1, 0), (3, 1)): [69, 68, 31, 26, 15, 6, 3, 1]
(0, (0, 1, 0), (3, 2)): [105, 81, 45, 24, 11, 4, 5]
(0, (0, 1, 1), (0, 0)): [2258, 3936, 5003, 2252, 1228, 563, 249, 112, 59, 23, 8, 5, 0, 2, 1, 0, 0, 1]
(0, (0, 1, 1), (0, 1)): [30, 44, 73, 35, 17, 5, 4, 1, 1]
(0, (0, 1, 1), (0, 2)): [15, 16, 26, 12, 8, 3, 2, 1]
(0, (0, 1, 1), (1, 0)): [50, 76, 102, 49, 36, 11, 7, 4, 3, 0, 0, 1]
(0, (0, 1, 1), (1, 1)): [28, 42, 65, 36, 18, 3, 3, 1, 2]
(0, (0, 1, 1), (1, 2)): [17, 19, 33, 21, 12, 3, 2, 1, 1]
(0, (0, 1, 1), (2, 0)): [30, 46, 51, 24, 20, 7, 3, 3, 2, 0, 0, 1]
(0, (0, 1, 1), (2, 1)): [23, 32, 47, 20, 11, 3, 2, 2, 2]
(0, (0, 1, 1), (2, 2)): [25, 22, 32, 17, 8, 3, 1, 2, 1]
(0, (0, 1, 1), (3, 0)): [18, 28, 25, 19, 15, 6, 1, 1, 0, 0, 0, 1]
(0, (0, 1, 1), (3, 1)): [10, 18, 18, 10, 9, 1, 0, 0, 2]
(0, (0, 1, 1), (3, 2)): [14, 12, 28, 12, 7, 3, 1, 2, 2]
(0, (1, 0, 0), (0, 0)): [170679, 58310, 36749, 18284, 8843, 4024, 1717, 738, 324, 146, 69, 27, 14, 4, 2, 1, 0, 1]
(0, (1, 0, 0), (0, 1)): [3056, 808, 611, 288, 157, 72, 23, 10, 6, 1]
(0, (1, 0, 0), (0, 2)): [1136, 235, 204, 77, 46, 18, 9, 1, 3, 1]
(0, (1, 0, 0), (1, 0)): [2679, 875, 657, 315, 160, 57, 36, 13, 5, 5, 2]
(0, (1, 0, 0), (1, 1)): [2314, 664, 508, 240, 112, 41, 22, 10, 4, 3]
(0, (1, 0, 0), (1, 2)): [1423, 354, 290, 106, 59, 22, 14, 4, 3, 1]
(0, (1, 0, 0), (2, 0)): [847, 299, 213, 122, 68, 27, 10, 8, 3, 2, 2]
(0, (1, 0, 0), (2, 1)): [1131, 338, 266, 146, 72, 28, 10, 5, 4, 3]
(0, (1, 0, 0), (2, 2)): [1031, 284, 218, 95, 52, 18, 10, 4, 3, 2]
(0, (1, 0, 0), (3, 0)): [259, 106, 80, 52, 34, 10, 3, 5, 0, 1, 1]
(0, (1, 0, 0), (3, 1)): [419, 148, 119, 74, 48, 13, 4, 2, 3, 1, 1]
(0, (1, 0, 0), (3, 2)): [523, 191, 133, 67, 48, 16, 5, 2, 3, 2]
(0, (1, 0, 1), (0, 0)): [3827, 12300, 5176, 3481, 1883, 880, 435, 185, 85, 36, 17, 10, 4, 0, 1, 0, 0, 1]
(0, (1, 0, 1), (0, 1)): [64, 186, 72, 52, 21, 10, 11, 2, 1, 0, 0, 0, 1]
(0, (1, 0, 1), (0, 2)): [27, 75, 15, 17, 7, 6, 5, 1, 1]
(0, (1, 0, 1), (1, 0)): [64, 207, 82, 59, 30, 20, 2, 4, 4, 1, 1]
(0, (1, 0, 1), (1, 1)): [58, 155, 54, 45, 18, 10, 5, 1, 2, 0, 1]
(0, (1, 0, 1), (1, 2)): [45, 87, 25, 19, 9, 6, 3, 2, 2]
(0, (1, 0, 1), (2, 0)): [22, 72, 36, 21, 13, 11, 0, 3, 1, 1]
(0, (1, 0, 1), (2, 1)): [20, 95, 36, 27, 13, 8, 1, 0, 2, 0, 1]
(0, (1, 0, 1), (2, 2)): [34, 77, 29, 13, 7, 3, 2, 2, 1, 0, 1]
(0, (1, 0, 1), (3, 0)): [12, 19, 16, 12, 6, 7, 0, 3]
(0, (1, 0, 1), (3, 1)): [10, 35, 13, 14, 10, 5]
(0, (1, 0, 1), (3, 2)): [9, 42, 22, 9, 6, 2, 1, 0, 1, 0, 1]
(0, (1, 1, 0), (0, 0)): [23291, 15197, 12069, 8335, 4563, 2143, 945, 457, 186, 86, 43, 15, 7, 1]
(0, (1, 1, 0), (0, 1)): [467, 248, 160, 134, 69, 32, 11, 9, 1, 0, 1]
(0, (1, 1, 0), (0, 2)): [174, 92, 52, 41, 26, 10, 5, 6]
(0, (1, 1, 0), (1, 0)): [381, 230, 191, 135, 75, 45, 16, 10, 3, 3]
(0, (1, 1, 0), (1, 1)): [325, 174, 133, 96, 45, 28, 8, 6, 2, 1, 1]
(0, (1, 1, 0), (1, 2)): [226, 95, 76, 57, 25, 13, 3, 8, 1, 1]
(0, (1, 1, 0), (2, 0)): [106, 67, 64, 51, 30, 17, 5, 6, 2, 1]
(0, (1, 1, 0), (2, 1)): [150, 89, 69, 51, 33, 18, 6, 4, 1, 1]
(0, (1, 1, 0), (2, 2)): [145, 76, 64, 38, 17, 12, 1, 6, 2, 2]
(0, (1, 1, 0), (3, 0)): [28, 25, 26, 18, 11, 5, 2, 3, 1]
(0, (1, 1, 0), (3, 1)): [58, 35, 39, 32, 15, 10, 6, 2, 1]
(0, (1, 1, 0), (3, 2)): [85, 42, 41, 31, 12, 7, 1, 3, 2]
(0, (1, 1, 1), (0, 0)): [2449, 4439, 3739, 2960, 2328, 1145, 545, 280, 125, 55, 31, 11, 2, 1, 1]
(0, (1, 1, 1), (0, 1)): [64, 74, 70, 46, 32, 17, 7, 5, 5, 2, 1, 1]
(0, (1, 1, 1), (0, 2)): [31, 32, 21, 15, 15, 4, 2, 1, 2, 0, 0, 1]
(0, (1, 1, 1), (1, 0)): [37, 86, 88, 59, 55, 27, 9, 7, 3, 0, 1]
(0, (1, 1, 1), (1, 1)): [39, 65, 75, 43, 28, 15, 8, 7, 2, 1, 1]
(0, (1, 1, 1), (1, 2)): [37, 37, 39, 17, 13, 7, 3, 2, 3, 0, 0, 1]
(0, (1, 1, 1), (2, 0)): [12, 34, 21, 28, 26, 10, 1, 2, 1, 0, 1]
(0, (1, 1, 1), (2, 1)): [20, 32, 31, 26, 25, 9, 2, 4, 2]
(0, (1, 1, 1), (2, 2)): [21, 29, 29, 22, 12, 6, 3, 3, 1, 0, 0, 1]
(0, (1, 1, 1), (3, 0)): [2, 10, 10, 12, 9, 2, 0, 0, 0, 0, 1]
(0, (1, 1, 1), (3, 1)): [5, 17, 12, 21, 8, 3, 0, 0, 1, 0, 1]
(0, (1, 1, 1), (3, 2)): [7, 11, 17, 21, 8, 3, 2, 0, 2, 0, 0, 1]
(1, (0, 0, 0), (0, 0)): [612952, 66866, 27744, 11046, 4420, 1720, 645, 259, 96, 39, 19, 10, 5, 2, 0, 1]
(1, (0, 0, 0), (0, 1)): [11674, 1197, 509, 188, 83, 15, 8, 7, 1, 0, 0, 0, 0, 1]
(1, (0, 0, 0), (0, 2)): [4154, 345, 139, 54, 20, 3, 1, 2]
(1, (0, 0, 0), (1, 0)): [11237, 1423, 630, 224, 106, 40, 17, 7, 0, 1, 0, 0, 0, 0, 0, 1]
(1, (0, 0, 0), (1, 1)): [10157, 1144, 475, 168, 77, 29, 14, 4, 1, 1, 0, 0, 0, 1]
(1, (0, 0, 0), (1, 2)): [6218, 563, 226, 101, 39, 15, 5, 2]
(1, (0, 0, 0), (2, 0)): [3850, 540, 286, 93, 45, 18, 6, 4, 0, 0, 0, 0, 0, 0, 0, 1]
(1, (0, 0, 0), (2, 1)): [5594, 708, 321, 107, 57, 17, 8, 4, 0, 1]
(1, (0, 0, 0), (2, 2)): [5175, 528, 229, 93, 37, 20, 7, 3]
(1, (0, 0, 0), (3, 0)): [1241, 201, 133, 40, 23, 7, 4, 0, 0, 0, 0, 0, 0, 0, 0, 1]
(1, (0, 0, 0), (3, 1)): [2331, 387, 201, 68, 41, 6, 3, 2]
(1, (0, 0, 0), (3, 2)): [3024, 388, 205, 72, 35, 15, 7, 3]
(1, (0, 0, 1), (0, 0)): [18155, 27678, 5397, 2264, 977, 410, 167, 76, 35, 12, 6, 4, 3, 1]
(1, (0, 0, 1), (0, 1)): [292, 319, 67, 23, 12, 6, 4]
(1, (0, 0, 1), (0, 2)): [116, 103, 17, 6, 2, 1, 2]
(1, (0, 0, 1), (1, 0)): [295, 402, 78, 42, 20, 9, 5, 2, 1]
(1, (0, 0, 1), (1, 1)): [261, 293, 52, 24, 13, 6, 2, 2]
(1, (0, 0, 1), (1, 2)): [192, 150, 19, 11, 6, 2, 1]
(1, (0, 0, 1), (2, 0)): [123, 165, 36, 23, 11, 6, 4, 0, 1]
(1, (0, 0, 1), (2, 1)): [122, 172, 29, 17, 8, 6, 4, 2]
(1, (0, 0, 1), (2, 2)): [128, 133, 19, 11, 3, 2]
(1, (0, 0, 1), (3, 0)): [54, 71, 19, 16, 8, 3, 2, 0, 1]
(1, (0, 0, 1), (3, 1)): [69, 88, 11, 14, 5, 2, 2, 2]
(1, (0, 0, 1), (3, 2)): [82, 83, 16, 10, 3, 2, 1]
(1, (0, 1, 0), (0, 0)): [85528, 40689, 14241, 6013, 2448, 1018, 347, 158, 46, 28, 14, 7, 5, 1, 1]
(1, (0, 1, 0), (0, 1)): [1271, 515, 190, 79, 27, 11, 6, 2, 1]
(1, (0, 1, 0), (0, 2)): [489, 180, 57, 16, 5, 5, 2]
(1, (0, 1, 0), (1, 0)): [1592, 705, 258, 152, 76, 25, 4, 3, 0, 0, 1, 0, 0, 1]
(1, (0, 1, 0), (1, 1)): [1139, 447, 177, 82, 35, 13, 5, 3, 1, 0, 0, 0, 0, 1]
(1, (0, 1, 0), (1, 2)): [726, 263, 95, 31, 10, 6, 3, 1]
(1, (0, 1, 0), (2, 0)): [685, 290, 119, 87, 40, 15, 2, 2, 0, 0, 1]
(1, (0, 1, 0), (2, 1)): [611, 251, 96, 61, 32, 11, 4, 3, 0, 0, 1, 0, 0, 1]
(1, (0, 1, 0), (2, 2)): [563, 228, 86, 35, 21, 5, 1, 1]
(1, (0, 1, 0), (3, 0)): [354, 139, 52, 62, 28, 8, 0, 1]
(1, (0, 1, 0), (3, 1)): [299, 114, 49, 43, 19, 7, 1, 1, 0, 0, 0, 0, 0, 1]
(1, (0, 1, 0), (3, 2)): [322, 123, 55, 38, 21, 1, 0, 1, 0, 0, 0, 0, 0, 1]
(1, (0, 1, 1), (0, 0)): [14498, 12227, 11862, 4675, 2323, 935, 372, 148, 78, 21, 9, 4, 1, 2, 0, 1]
(1, (0, 1, 1), (0, 1)): [191, 132, 110, 36, 24, 11, 5, 2]
(1, (0, 1, 1), (0, 2)): [97, 39, 40, 13, 7, 2, 1]
(1, (0, 1, 1), (1, 0)): [343, 234, 196, 106, 67, 23, 11, 7, 3, 1]
(1, (0, 1, 1), (1, 1)): [157, 111, 99, 40, 22, 6, 6, 2]
(1, (0, 1, 1), (1, 2)): [118, 53, 55, 27, 8, 3, 2]
(1, (0, 1, 1), (2, 0)): [225, 157, 108, 70, 53, 20, 9, 6, 3, 1]
(1, (0, 1, 1), (2, 1)): [101, 75, 51, 24, 10, 7, 5, 1]
(1, (0, 1, 1), (2, 2)): [90, 56, 47, 23, 12, 1, 0, 1]
(1, (0, 1, 1), (3, 0)): [183, 128, 86, 55, 48, 17, 7, 6, 3, 1]
(1, (0, 1, 1), (3, 1)): [49, 35, 22, 12, 3, 5, 5]
(1, (0, 1, 1), (3, 2)): [54, 42, 27, 9, 7, 3, 1]
(1, (1, 0, 0), (0, 0)): [246394, 45474, 28104, 12212, 4982, 2038, 775, 297, 132, 58, 23, 15, 3, 2, 0, 2]
(1, (1, 0, 0), (0, 1)): [4356, 611, 486, 195, 82, 28, 15, 2, 0, 2]
(1, (1, 0, 0), (0, 2)): [1525, 199, 171, 50, 26, 8, 5, 0, 0, 2]
(1, (1, 0, 0), (1, 0)): [4225, 737, 547, 260, 106, 37, 16, 8, 1, 2, 0, 0, 1, 0, 0, 1]
(1, (1, 0, 0), (1, 1)): [3544, 518, 407, 165, 68, 26, 10, 6, 0, 0, 0, 0, 0, 0, 0, 1]
(1, (1, 0, 0), (1, 2)): [2151, 271, 232, 75, 40, 11, 5, 3, 0, 1]
(1, (1, 0, 0), (2, 0)): [1378, 275, 208, 121, 47, 20, 8, 0, 1, 2, 0, 0, 1]
(1, (1, 0, 0), (2, 1)): [1824, 310, 248, 115, 45, 18, 6, 2, 1, 0, 0, 0, 0, 0, 0, 1]
(1, (1, 0, 0), (2, 2)): [1602, 227, 201, 84, 38, 11, 4, 2, 0, 1]
(1, (1, 0, 0), (3, 0)): [431, 102, 72, 49, 23, 7, 4, 0, 0, 2, 0, 0, 1]
(1, (1, 0, 0), (3, 1)): [701, 176, 114, 72, 23, 11, 5, 1, 0, 1, 0, 0, 0, 0, 0, 1]
(1, (1, 0, 0), (3, 2)): [826, 169, 113, 64, 26, 12, 5, 1, 0, 1, 0, 0, 0, 0, 0, 1]
(1, (1, 0, 1), (0, 0)): [19061, 24125, 8021, 5154, 2222, 939, 347, 145, 58, 40, 13, 3, 0, 1]
(1, (1, 0, 1), (0, 1)): [364, 306, 90, 75, 38, 13, 9, 2, 3, 2]
(1, (1, 0, 1), (0, 2)): [169, 96, 28, 26, 6, 5, 4, 1, 0, 1]
(1, (1, 0, 1), (1, 0)): [335, 400, 111, 88, 45, 19, 6, 1, 0, 2]
(1, (1, 0, 1), (1, 1)): [260, 253, 74, 69, 38, 5, 6, 1, 2]
(1, (1, 0, 1), (1, 2)): [202, 143, 42, 45, 17, 4, 4, 2, 0, 1]
(1, (1, 0, 1), (2, 0)): [131, 141, 38, 24, 22, 11, 1, 0, 0, 1]
(1, (1, 0, 1), (2, 1)): [130, 135, 39, 35, 22, 7, 5, 0, 2]
(1, (1, 0, 1), (2, 2)): [129, 102, 37, 20, 13, 4, 4, 0, 1]
(1, (1, 0, 1), (3, 0)): [49, 59, 14, 8, 10, 5, 0, 0, 0, 1]
(1, (1, 0, 1), (3, 1)): [57, 63, 14, 18, 18, 6]
(1, (1, 0, 1), (3, 2)): [65, 62, 21, 15, 15, 7, 3, 0, 1]
(1, (1, 1, 0), (0, 0)): [66458, 20987, 14822, 10060, 4401, 1888, 734, 299, 116, 53, 19, 9, 5, 4, 1]
(1, (1, 1, 0), (0, 1)): [1189, 311, 215, 158, 68, 26, 15, 4]
(1, (1, 1, 0), (0, 2)): [474, 122, 74, 55, 22, 6, 2]
(1, (1, 1, 0), (1, 0)): [1096, 383, 263, 206, 93, 30, 7, 7, 1, 2, 0, 0, 2, 1]
(1, (1, 1, 0), (1, 1)): [924, 259, 187, 136, 59, 22, 11, 5, 0, 2]
(1, (1, 1, 0), (1, 2)): [650, 150, 107, 82, 33, 12, 6, 1]
(1, (1, 1, 0), (2, 0)): [365, 132, 94, 78, 36, 14, 1, 2, 1, 0, 0, 0, 2, 1]
(1, (1, 1, 0), (2, 1)): [455, 166, 106, 85, 32, 14, 4, 2, 0, 1, 0, 0, 1]
(1, (1, 1, 0), (2, 2)): [476, 129, 78, 59, 32, 8, 3, 1]
(1, (1, 1, 0), (3, 0)): [99, 43, 33, 26, 20, 8, 1, 2, 1, 0, 0, 0, 1]
(1, (1, 1, 0), (3, 1)): [183, 79, 56, 42, 22, 7, 4, 2, 0, 1, 0, 0, 1]
(1, (1, 1, 0), (3, 2)): [256, 84, 55, 41, 26, 6, 5, 3, 0, 1, 0, 0, 1]
(1, (1, 1, 1), (0, 0)): [13749, 11136, 7264, 5000, 3573, 1554, 642, 249, 104, 39, 15, 10, 5, 2, 1, 1]
(1, (1, 1, 1), (0, 1)): [301, 193, 127, 76, 71, 26, 11, 5, 3]
(1, (1, 1, 1), (0, 2)): [152, 68, 48, 22, 26, 9, 6]
(1, (1, 1, 1), (1, 0)): [259, 204, 140, 91, 70, 32, 14, 5, 2, 2, 0, 1, 1]
(1, (1, 1, 1), (1, 1)): [208, 139, 99, 73, 63, 25, 6, 4, 1]
(1, (1, 1, 1), (1, 2)): [172, 69, 57, 39, 31, 19, 7, 1]
(1, (1, 1, 1), (2, 0)): [77, 80, 62, 39, 25, 14, 7, 3, 1, 1, 0, 1, 1]
(1, (1, 1, 1), (2, 1)): [100, 90, 68, 46, 36, 10, 6, 4, 1, 1, 0, 1]
(1, (1, 1, 1), (2, 2)): [114, 62, 52, 45, 35, 14, 7, 2]
(1, (1, 1, 1), (3, 0)): [17, 30, 17, 16, 8, 9, 3, 0, 1, 0, 0, 0, 1]
(1, (1, 1, 1), (3, 1)): [34, 48, 19, 24, 13, 7, 3, 3, 0, 0, 0, 0, 1]
(1, (1, 1, 1), (3, 2)): [68, 42, 27, 30, 21, 11, 2, 2]
(2, (0, 0, 0), (0, 0)): [527850, 23314, 7956, 2510, 895, 300, 108, 38, 8, 2, 3, 0, 1]
(2, (0, 0, 0), (0, 1)): [10207, 439, 155, 41, 23, 4, 4, 1]
(2, (0, 0, 0), (0, 2)): [3499, 108, 32, 12, 4, 1, 0, 1]
(2, (0, 0, 0), (1, 0)): [10392, 590, 200, 59, 27, 8, 3, 0, 0, 0, 0, 0, 1]
(2, (0, 0, 0), (1, 1)): [9236, 446, 159, 37, 24, 4, 6]
(2, (0, 0, 0), (1, 2)): [5532, 198, 66, 19, 11, 3, 2]
(2, (0, 0, 0), (2, 0)): [3727, 221, 98, 34, 13, 5, 1, 0, 0, 0, 0, 0, 1]
(2, (0, 0, 0), (2, 1)): [5316, 265, 106, 37, 10, 3, 3]
(2, (0, 0, 0), (2, 2)): [4669, 207, 76, 25, 12, 4, 1]
(2, (0, 0, 0), (3, 0)): [1291, 92, 58, 17, 10, 2, 1, 0, 0, 0, 0, 0, 1]
(2, (0, 0, 0), (3, 1)): [2422, 137, 75, 23, 10, 3, 2]
(2, (0, 0, 0), (3, 2)): [3012, 163, 77, 21, 7, 3]
(2, (0, 0, 1), (0, 0)): [53598, 17842, 3254, 1110, 392, 148, 47, 14, 1, 2, 0, 1]
(2, (0, 0, 1), (0, 1)): [833, 228, 52, 17, 8, 3, 1]
(2, (0, 0, 1), (0, 2)): [316, 61, 18, 2, 1, 1]
(2, (0, 0, 1), (1, 0)): [932, 261, 68, 20, 8, 2, 0, 1]
(2, (0, 0, 1), (1, 1)): [766, 180, 47, 14, 8, 1, 1]
(2, (0, 0, 1), (1, 2)): [505, 94, 22, 9, 2, 1, 1]
(2, (0, 0, 1), (2, 0)): [385, 110, 32, 15, 5, 2, 0, 1]
(2, (0, 0, 1), (2, 1)): [434, 104, 35, 11, 7, 0, 0, 1]
(2, (0, 0, 1), (2, 2)): [408, 75, 26, 6, 3, 1, 1]
(2, (0, 0, 1), (3, 0)): [196, 45, 18, 9, 2, 2]
(2, (0, 0, 1), (3, 1)): [232, 52, 18, 8, 5]
(2, (0, 0, 1), (3, 2)): [262, 61, 19, 6, 2, 1]
(2, (0, 1, 0), (0, 0)): [138219, 31481, 7929, 2755, 876, 302, 102, 24, 6, 1, 2, 0, 1]
(2, (0, 1, 0), (0, 1)): [2074, 376, 104, 38, 15, 1, 1]
(2, (0, 1, 0), (0, 2)): [762, 101, 29, 8, 6]
(2, (0, 1, 0), (1, 0)): [2736, 471, 207, 78, 20, 9, 5, 1, 0, 0, 0, 0, 1]
(2, (0, 1, 0), (1, 1)): [1925, 341, 122, 40, 13, 4, 3, 1]
(2, (0, 1, 0), (1, 2)): [1154, 162, 49, 23, 6]
(2, (0, 1, 0), (2, 0)): [1296, 202, 101, 53, 14, 4, 3, 0, 0, 0, 0, 0, 1]
(2, (0, 1, 0), (2, 1)): [1187, 215, 79, 29, 7, 3, 3, 1, 0, 0, 0, 0, 1]
(2, (0, 1, 0), (2, 2)): [1051, 150, 52, 28, 7, 1, 0, 1]
(2, (0, 1, 0), (3, 0)): [711, 96, 55, 35, 10, 2, 2]
(2, (0, 1, 0), (3, 1)): [580, 104, 45, 19, 8, 2, 3, 0, 0, 0, 0, 0, 1]
(2, (0, 1, 0), (3, 2)): [699, 103, 44, 23, 5, 2, 1, 0, 0, 0, 0, 0, 1]
(2, (0, 1, 1), (0, 0)): [33369, 3018, 7855, 2042, 786, 266, 92, 34, 11, 4, 2, 1, 0, 1]
(2, (0, 1, 1), (0, 1)): [454, 40, 78, 20, 5, 3, 1, 3]
(2, (0, 1, 1), (0, 2)): [181, 12, 31, 7, 3, 1, 1]
(2, (0, 1, 1), (1, 0)): [647, 70, 126, 47, 23, 3, 3, 0, 0, 0, 1]
(2, (0, 1, 1), (1, 1)): [417, 35, 66, 20, 5, 2, 1, 2]
(2, (0, 1, 1), (1, 2)): [266, 18, 43, 9, 3, 1, 2, 1]
(2, (0, 1, 1), (2, 0)): [333, 44, 64, 29, 18, 3, 1, 0, 0, 0, 1]
(2, (0, 1, 1), (2, 1)): [220, 24, 48, 12, 3, 2]
(2, (0, 1, 1), (2, 2)): [223, 22, 43, 12, 0, 2, 1, 1]
(2, (0, 1, 1), (3, 0)): [237, 32, 38, 18, 17, 3, 1, 0, 0, 0, 1]
(2, (0, 1, 1), (3, 1)): [117, 12, 27, 6, 4, 1]
(2, (0, 1, 1), (3, 2)): [153, 19, 35, 6, 2, 3, 0, 1]
(2, (1, 0, 0), (0, 0)): [301418, 22753, 13590, 4355, 1458, 460, 182, 57, 13, 7, 4, 0, 1]
(2, (1, 0, 0), (0, 1)): [5008, 259, 215, 66, 29, 7, 4, 1]
(2, (1, 0, 0), (0, 2)): [1729, 79, 56, 12, 9, 2, 1]
(2, (1, 0, 0), (1, 0)): [5331, 431, 330, 118, 38, 6, 5, 1, 0, 0, 0, 0, 1]
(2, (1, 0, 0), (1, 1)): [4186, 251, 225, 75, 23, 2, 1]
(2, (1, 0, 0), (1, 2)): [2483, 121, 94, 40, 10, 2]
(2, (1, 0, 0), (2, 0)): [1848, 177, 120, 55, 19, 3, 3, 0, 0, 0, 0, 0, 1]
(2, (1, 0, 0), (2, 1)): [2203, 150, 125, 42, 22, 3, 1, 0, 0, 0, 0, 0, 1]
(2, (1, 0, 0), (2, 2)): [1935, 110, 95, 34, 14, 4, 1]
(2, (1, 0, 0), (3, 0)): [598, 84, 36, 29, 6, 1, 2]
(2, (1, 0, 0), (3, 1)): [945, 102, 62, 31, 9, 1, 2, 0, 0, 0, 0, 0, 1]
(2, (1, 0, 0), (3, 2)): [1080, 100, 60, 26, 10, 5, 1, 0, 0, 0, 0, 0, 1]
(2, (1, 0, 1), (0, 0)): [48972, 12896, 5341, 2915, 942, 324, 113, 35, 13, 3, 0, 2, 1]
(2, (1, 0, 1), (0, 1)): [885, 175, 74, 58, 18, 2, 1, 1, 0, 0, 0, 1]
(2, (1, 0, 1), (0, 2)): [337, 49, 23, 14, 7]
(2, (1, 0, 1), (1, 0)): [807, 180, 92, 65, 28, 9, 3]
(2, (1, 0, 1), (1, 1)): [661, 141, 55, 48, 16, 3, 3, 1, 0, 0, 0, 1]
(2, (1, 0, 1), (1, 2)): [439, 63, 28, 20, 6, 1, 1, 1, 0, 0, 0, 1]
(2, (1, 0, 1), (2, 0)): [286, 63, 45, 25, 11, 4, 1]
(2, (1, 0, 1), (2, 1)): [363, 84, 24, 27, 13, 3]
(2, (1, 0, 1), (2, 2)): [316, 52, 20, 14, 7, 2, 1, 1, 0, 0, 0, 1]
(2, (1, 0, 1), (3, 0)): [105, 18, 21, 12, 7, 1, 1]
(2, (1, 0, 1), (3, 1)): [170, 33, 17, 18, 7, 1, 1]
(2, (1, 0, 1), (3, 2)): [196, 40, 18, 9, 7, 2, 1, 1]
(2, (1, 1, 0), (0, 0)): [113617, 17903, 9389, 5875, 1873, 649, 197, 68, 26, 11, 5, 0, 2, 1]
(2, (1, 1, 0), (0, 1)): [2060, 287, 137, 91, 32, 6, 4, 1, 0, 0, 0, 0, 1]
(2, (1, 1, 0), (0, 2)): [778, 85, 40, 20, 9, 1, 1]
(2, (1, 1, 0), (1, 0)): [2035, 308, 176, 143, 44, 14, 6, 2, 1, 1]
(2, (1, 1, 0), (1, 1)): [1694, 227, 115, 90, 22, 5, 2, 2, 1, 1, 0, 0, 1]
(2, (1, 1, 0), (1, 2)): [1100, 122, 71, 35, 11, 3, 2, 1]
(2, (1, 1, 0), (2, 0)): [716, 121, 85, 64, 23, 9, 3, 1]
(2, (1, 1, 0), (2, 1)): [937, 117, 75, 60, 19, 8, 2, 1, 1, 1, 0, 0, 1]
(2, (1, 1, 0), (2, 2)): [831, 106, 59, 46, 12, 4, 3, 1, 1]
(2, (1, 1, 0), (3, 0)): [260, 48, 37, 26, 11, 3, 1]
(2, (1, 1, 0), (3, 1)): [408, 63, 44, 36, 8, 6, 2, 1, 0, 0, 0, 0, 1]
(2, (1, 1, 0), (3, 2)): [482, 65, 43, 34, 10, 3, 2, 1, 1]
(2, (1, 1, 1), (0, 0)): [33393, 5062, 5696, 2983, 2004, 677, 217, 77, 31, 7, 5, 0, 1, 1]
(2, (1, 1, 1), (0, 1)): [693, 69, 93, 49, 37, 6, 5, 2, 1, 0, 0, 0, 1]
(2, (1, 1, 1), (0, 2)): [307, 19, 21, 12, 10, 1, 1, 0, 1]
(2, (1, 1, 1), (1, 0)): [575, 163, 105, 75, 39, 17, 6, 1, 1, 0, 1]
(2, (1, 1, 1), (1, 1)): [528, 76, 87, 47, 31, 4, 3, 0, 0, 0, 1, 0, 1]
(2, (1, 1, 1), (1, 2)): [382, 32, 34, 17, 14, 2, 2, 0, 0, 0, 1]
(2, (1, 1, 1), (2, 0)): [160, 114, 29, 34, 18, 11, 4, 1]
(2, (1, 1, 1), (2, 1)): [238, 70, 45, 27, 23, 6, 4, 0, 0, 0, 0, 0, 1]
(2, (1, 1, 1), (2, 2)): [263, 44, 35, 18, 12, 4, 2, 0, 0, 0, 1]
(2, (1, 1, 1), (3, 0)): [35, 83, 11, 18, 4, 6, 1]
(2, (1, 1, 1), (3, 1)): [78, 79, 16, 20, 14, 5, 4]
(2, (1, 1, 1), (3, 2)): [127, 64, 21, 25, 14, 8, 4, 0, 0, 0, 1]
