(0, (0, 0, 0), (0, 0)): [2345291, 479167, 220058, 100667, 45187, 19247, 8054, 3222, 1327, 570, 259, 118, 41, 22, 6, 1, 1, 1]
(0, (0, 0, 0), (0, 1)): [445201, 86261, 39184, 18176, 8032, 3435, 1428, 494, 230, 96, 48, 23, 6, 4, 1, 1]
(0, (0, 0, 0), (0, 2)): [172671, 29577, 13225, 6029, 2591, 1092, 449, 149, 71, 31, 8, 4, 4, 0, 1]
(0, (0, 0, 0), (1, 0)): [363519, 81676, 38633, 18011, 8443, 3547, 1556, 642, 247, 96, 52, 19, 4, 6, 2, 0, 1]
(0, (0, 0, 0), (1, 1)): [367072, 74774, 34602, 16064, 7240, 3087, 1305, 492, 219, 80, 51, 20, 3, 6, 0, 1, 1]
(0, (0, 0, 0), (1, 2)): [257450, 45836, 20873, 9403, 4155, 1736, 747, 275, 124, 43, 16, 8, 5, 1, 1]
(0, (0, 0, 0), (2, 0)): [115567, 28724, 14624, 6887, 3375, 1380, 613, 274, 95, 45, 23, 8, 2, 3, 1]
(0, (0, 0, 0), (2, 1)): [185433, 41512, 20278, 9446, 4438, 1875, 762, 336, 136, 54, 31, 13, 2, 4, 0, 0, 1]
(0, (0, 0, 0), (2, 2)): [202258, 39424, 18578, 8534, 3814, 1576, 678, 258, 127, 41, 19, 5, 5, 2, 1, 0, 1]
(0, (0, 0, 0), (3, 0)): [33257, 9347, 5511, 2774, 1375, 560, 256, 112, 39, 22, 12, 3, 0, 2, 1]
(0, (0, 0, 0), (3, 1)): [70107, 18334, 9884, 4811, 2351, 1017, 403, 204, 81, 33, 12, 10, 1, 4, 1]
(0, (0, 0, 0), (3, 2)): [105742, 24057, 12659, 5873, 2795, 1177, 482, 213, 95, 37, 13, 10, 4, 2, 1, 0, 1]
(0, (0, 0, 1), (0, 0)): [8585, 26677, 7323, 3570, 1707, 742, 327, 134, 54, 32, 20, 4, 4, 3]
(0, (0, 0, 1), (0, 1)): [1142, 3577, 967, 459, 213, 103, 39, 17, 9, 5, 4, 1, 0, 1]
(0, (0, 0, 1), (0, 2)): [514, 1334, 340, 161, 71, 39, 14, 6, 6, 0, 1]
(0, (0, 0, 1), (1, 0)): [1108, 3800, 1097, 608, 303, 135, 58, 20, 8, 4, 7]
(0, (0, 0, 1), (1, 1)): [1036, 3266, 877, 448, 232, 108, 40, 13, 5, 8, 3, 1, 0, 1]
(0, (0, 0, 1), (1, 2)): [824, 2091, 533, 265, 118, 66, 20, 9, 4, 4, 2]
(0, (0, 0, 1), (2, 0)): [409, 1378, 441, 274, 122, 58, 23, 12, 4, 1, 5]
(0, (0, 0, 1), (2, 1)): [557, 1836, 544, 319, 154, 68, 33, 11, 6, 4, 2, 1]
(0, (0, 0, 1), (2, 2)): [734, 1898, 513, 258, 135, 64, 21, 7, 3, 4, 2]
(0, (0, 0, 1), (3, 0)): [135, 467, 141, 110, 48, 24, 9, 3, 1, 0, 3]
(0, (0, 0, 1), (3, 1)): [232, 803, 239, 193, 85, 36, 20, 4, 3, 2, 0, 1]
(0, (0, 0, 1), (3, 2)): [408, 1144, 317, 220, 115, 46, 18, 4, 3, 3, 1]
(0, (0, 1, 0), (0, 0)): [87044, 81624, 32075, 15869, 7528, 3254, 1415, 578, 245, 122, 46, 18, 7, 6, 3, 0, 1]
(0, (0, 1, 0), (0, 1)): [16190, 14194, 5644, 2695, 1259, 535, 257, 98, 39, 18, 7, 4, 1, 1, 1]
(0, (0, 1, 0), (0, 2)): [6666, 4958, 1989, 899, 438, 189, 93, 34, 15, 4, 0, 1, 1]
(0, (0, 1, 0), (1, 0)): [15254, 14562, 6098, 3269, 1521, 705, 295, 126, 55, 18, 10, 4, 2, 2, 1, 0, 1]
(0, (0, 1, 0), (1, 1)): [13849, 12155, 4984, 2535, 1180, 504, 226, 96, 31, 21, 10, 4, 0, 2, 1]
(0, (0, 1, 0), (1, 2)): [9806, 7550, 3125, 1501, 677, 295, 127, 66, 19, 7, 3, 3, 1, 0, 1]
(0, (0, 1, 0), (2, 0)): [5535, 5223, 2337, 1337, 605, 316, 119, 56, 23, 5, 2, 3, 2, 1, 0, 0, 1]
(0, (0, 1, 0), (2, 1)): [7502, 6770, 2910, 1503, 730, 334, 157, 54, 23, 16, 5, 2, 1, 1, 0, 0, 1]
(0, (0, 1, 0), (2, 2)): [8241, 6414, 2809, 1327, 627, 270, 125, 51, 21, 8, 4, 2, 1, 0, 1, 0, 1]
(0, (0, 1, 0), (3, 0)): [1919, 1564, 803, 553, 251, 138, 55, 30, 10, 2, 0, 1, 1]
(0, (0, 1, 0), (3, 1)): [3326, 2801, 1338, 879, 396, 190, 80, 38, 7, 5, 2, 2, 0, 1]
(0, (0, 1, 0), (3, 2)): [4859, 3701, 1776, 975, 462, 223, 110, 39, 9, 8, 2, 1, 0, 0, 1, 0, 1]
(0, (0, 1, 1), (0, 0)): [6871, 12115, 14406, 6692, 3523, 1697, 729, 317, 156, 71, 21, 13, 3, 4, 2, 0, 1, 1]
(0, (0, 1, 1), (0, 1)): [1231, 2109, 2356, 1055, 567, 265, 127, 47, 19, 11, 3, 2, 1, 0, 0, 0, 1]
(0, (0, 1, 1), (0, 2)): [588, 806, 866, 397, 206, 102, 47, 22, 2, 4, 0, 1]
(0, (0, 1, 1), (1, 0)): [1164, 2175, 2604, 1301, 681, 365, 143, 61, 35, 12, 6, 5, 0, 1, 1]
(0, (0, 1, 1), (1, 1)): [1005, 1826, 2122, 939, 513, 242, 107, 35, 18, 7, 6, 1, 1, 0, 0, 0, 1]
(0, (0, 1, 1), (1, 2)): [829, 1184, 1313, 570, 341, 157, 63, 24, 9, 2, 1, 1, 0, 0, 0, 0, 1]
(0, (0, 1, 1), (2, 0)): [475, 929, 971, 543, 316, 188, 64, 30, 23, 8, 2, 2, 0, 1, 1]
(0, (0, 1, 1), (2, 1)): [514, 989, 1138, 556, 261, 148, 58, 29, 11, 9, 4, 1, 1, 0, 1]
(0, (0, 1, 1), (2, 2)): [643, 1025, 1112, 506, 278, 134, 51, 22, 8, 7, 2, 1, 0, 0, 0, 0, 1]
(0, (0, 1, 1), (3, 0)): [253, 440, 424, 266, 181, 95, 35, 9, 16, 2, 1, 2, 0, 1]
(0, (0, 1, 1), (3, 1)): [216, 398, 460, 249, 158, 85, 31, 15, 13, 4, 1, 1, 0, 0, 1]
(0, (0, 1, 1), (3, 2)): [370, 572, 633, 342, 175, 103, 44, 21, 12, 4, 3, 0, 0, 0, 0, 0, 1]
(0, (1, 0, 0), (0, 0)): [490503, 162250, 105518, 52536, 25170, 11210, 4715, 1991, 847, 366, 178, 69, 26, 17, 4, 1, 1, 1]
(0, (1, 0, 0), (0, 1)): [83216, 24409, 16831, 8253, 3934, 1723, 731, 283, 139, 52, 27, 12, 1, 3]
(0, (1, 0, 0), (0, 2)): [32276, 8188, 5751, 2637, 1226, 533, 244, 95, 41, 17, 10, 3]
(0, (1, 0, 0), (1, 0)): [70667, 24706, 17387, 9114, 4488, 1995, 844, 357, 148, 69, 40, 12, 2, 6, 2, 0, 1]
(0, (1, 0, 0), (1, 1)): [62801, 19621, 13714, 7004, 3277, 1529, 625, 253, 110, 47, 23, 11, 1, 4, 1]
(0, (1, 0, 0), (1, 2)): [42059, 11396, 7997, 3918, 1807, 804, 352, 138, 65, 21, 6, 5, 0, 0, 1]
(0, (1, 0, 0), (2, 0)): [21972, 8374, 6182, 3422, 1762, 772, 330, 139, 51, 35, 21, 3, 2, 3, 0, 0, 1]
(0, (1, 0, 0), (2, 1)): [30277, 10271, 7343, 3896, 1880, 876, 353, 152, 68, 37, 20, 7, 0, 6, 0, 0, 1]
(0, (1, 0, 0), (2, 2)): [30478, 8957, 6360, 3129, 1508, 631, 306, 117, 58, 26, 12, 4, 0, 3]
(0, (1, 0, 0), (3, 0)): [5647, 2620, 2009, 1343, 700, 312, 137, 51, 22, 15, 8, 1, 1]
(0, (1, 0, 0), (3, 1)): [10828, 4364, 3213, 1995, 981, 482, 192, 85, 36, 18, 12, 3, 1, 2]
(0, (1, 0, 0), (3, 2)): [14376, 5293, 3688, 2066, 1018, 440, 209, 91, 42, 18, 10, 4, 0, 1]
(0, (1, 0, 1), (0, 0)): [11463, 34941, 14235, 10174, 5340, 2486, 1169, 480, 236, 97, 52, 20, 9, 3, 2, 0, 0, 1]
(0, (1, 0, 1), (0, 1)): [1966, 5245, 2125, 1609, 785, 384, 172, 65, 35, 14, 6, 1, 4, 1]
(0, (1, 0, 1), (0, 2)): [918, 1901, 750, 562, 263, 127, 55, 21, 11, 1, 2, 1, 2, 1]
(0, (1, 0, 1), (1, 0)): [1623, 5386, 2187, 1651, 906, 446, 190, 86, 47, 23, 15, 2, 0, 1, 1]
(0, (1, 0, 1), (1, 1)): [1504, 4150, 1767, 1271, 655, 292, 137, 62, 37, 15, 8, 1]
(0, (1, 0, 1), (1, 2)): [1224, 2510, 1054, 743, 383, 162, 71, 33, 19, 5, 2, 1, 2]
(0, (1, 0, 1), (2, 0)): [536, 1807, 737, 587, 334, 192, 73, 30, 17, 12, 5, 1]
(0, (1, 0, 1), (2, 1)): [702, 2110, 921, 682, 347, 190, 79, 31, 22, 14, 6]
(0, (1, 0, 1), (2, 2)): [907, 1918, 850, 606, 304, 147, 67, 35, 11, 9, 3]
(0, (1, 0, 1), (3, 0)): [172, 556, 254, 166, 126, 81, 28, 10, 7, 2, 1, 1]
(0, (1, 0, 1), (3, 1)): [278, 739, 385, 285, 187, 99, 38, 16, 14, 8, 3]
(0, (1, 0, 1), (3, 2)): [440, 973, 507, 339, 218, 113, 48, 21, 14, 11, 5]
(0, (1, 1, 0), (0, 0)): [70172, 44129, 32694, 23825, 12662, 5928, 2548, 1167, 491, 223, 107, 40, 13, 6, 1, 0, 1]
(0, (1, 1, 0), (0, 1)): [13246, 7249, 4956, 3797, 2065, 910, 439, 174, 70, 26, 16, 7, 0, 1, 1, 0, 1]
(0, (1, 1, 0), (0, 2)): [5540, 2557, 1710, 1309, 699, 320, 138, 70, 27, 12, 5]
(0, (1, 1, 0), (1, 0)): [10390, 6694, 5016, 3940, 2067, 1019, 437, 194, 86, 35, 20, 7, 3, 3]
(0, (1, 1, 0), (1, 1)): [9758, 5591, 4012, 3169, 1614, 746, 338, 137, 43, 19, 18, 2, 2, 2, 1, 0, 1]
(0, (1, 1, 0), (1, 2)): [7208, 3415, 2363, 1927, 967, 418, 190, 84, 32, 17, 5, 1, 0, 1, 0, 0, 1]
(0, (1, 1, 0), (2, 0)): [3048, 2228, 1709, 1327, 801, 414, 182, 81, 41, 13, 6, 5, 0, 1]
(0, (1, 1, 0), (2, 1)): [4504, 2815, 2128, 1643, 914, 427, 200, 81, 38, 10, 12, 4, 2, 0, 1]
(0, (1, 1, 0), (2, 2)): [5066, 2667, 1926, 1500, 794, 360, 163, 77, 28, 15, 7, 1, 0, 0, 0, 0, 1]
(0, (1, 1, 0), (3, 0)): [684, 719, 593, 446, 316, 163, 71, 31, 14, 6, 2, 2, 0, 1]
(0, (1, 1, 0), (3, 1)): [1532, 1193, 943, 748, 497, 264, 117, 41, 21, 8, 5, 2, 2, 0, 1]
(0, (1, 1, 0), (3, 2)): [2323, 1500, 1187, 942, 564, 280, 118, 59, 21, 9, 6, 0, 0, 0, 0, 0, 1]
(0, (1, 1, 1), (0, 0)): [6718, 13204, 10605, 7716, 6329, 3163, 1466, 694, 335, 139, 68, 25, 7, 4, 1, 0, 1]
(0, (1, 1, 1), (0, 1)): [1378, 2405, 1889, 1245, 1063, 543, 236, 115, 63, 23, 9, 5, 2, 1]
(0, (1, 1, 1), (0, 2)): [733, 940, 681, 450, 381, 185, 75, 39, 20, 8, 6, 2, 1]
(0, (1, 1, 1), (1, 0)): [909, 2126, 1717, 1227, 1048, 566, 248, 94, 58, 24, 10, 4, 0, 1, 0, 0, 1]
(0, (1, 1, 1), (1, 1)): [915, 1884, 1472, 985, 857, 470, 210, 98, 49, 18, 6, 3, 1, 1, 0, 0, 1]
(0, (1, 1, 1), (1, 2)): [848, 1293, 965, 617, 550, 256, 112, 55, 26, 10, 5, 3, 0, 1, 0, 0, 1]
(0, (1, 1, 1), (2, 0)): [254, 624, 580, 444, 390, 210, 82, 33, 17, 12, 4, 2, 0, 1]
(0, (1, 1, 1), (2, 1)): [410, 867, 749, 525, 432, 262, 102, 51, 34, 12, 3, 0, 1]
(0, (1, 1, 1), (2, 2)): [550, 946, 746, 495, 423, 226, 94, 52, 26, 13, 3, 1, 1]
(0, (1, 1, 1), (3, 0)): [47, 164, 157, 154, 118, 78, 39, 17, 4, 5, 3, 1, 0, 1]
(0, (1, 1, 1), (3, 1)): [113, 302, 299, 227, 192, 115, 57, 21, 11, 6, 2, 1, 0, 1]
(0, (1, 1, 1), (3, 2)): [207, 453, 413, 307, 271, 141, 81, 29, 18, 7, 2, 1, 1, 1]
(1, (0, 0, 0), (0, 0)): [1916325, 213931, 87313, 34646, 13606, 5165, 2007, 711, 254, 104, 37, 23, 8, 3, 0, 1]
(1, (0, 0, 0), (0, 1)): [366243, 38178, 15425, 6113, 2432, 892, 342, 124, 37, 13, 4, 5, 1, 1]
(1, (0, 0, 0), (0, 2)): [143443, 12637, 5119, 1891, 750, 275, 87, 32, 3, 4, 1, 3]
(1, (0, 0, 0), (1, 0)): [310996, 39567, 16520, 6670, 2722, 1028, 398, 124, 49, 23, 6, 3, 0, 0, 0, 1]
(1, (0, 0, 0), (1, 1)): [308557, 34726, 14074, 5631, 2296, 807, 358, 115, 40, 13, 6, 2, 1, 1]
(1, (0, 0, 0), (1, 2)): [214283, 20268, 8124, 3145, 1289, 448, 177, 48, 15, 7, 1, 2, 1]
(1, (0, 0, 0), (2, 0)): [102906, 14712, 6622, 2793, 1132, 447, 162, 55, 20, 14, 2, 2, 0, 0, 0, 1]
(1, (0, 0, 0), (2, 1)): [160637, 20208, 8688, 3490, 1462, 543, 190, 80, 18, 17, 6, 2]
(1, (0, 0, 0), (2, 2)): [173363, 18215, 7629, 3074, 1242, 436, 157, 58, 20, 8, 1, 1]
(1, (0, 0, 0), (3, 0)): [30179, 4866, 2696, 1192, 456, 196, 89, 22, 14, 6, 1, 1, 0, 0, 0, 1]
(1, (0, 0, 0), (3, 1)): [63374, 9505, 4738, 2023, 838, 325, 115, 45, 13, 7, 3]
(1, (0, 0, 0), (3, 2)): [94246, 11948, 5767, 2367, 1003, 357, 122, 50, 12, 8, 3]
(1, (0, 0, 1), (0, 0)): [52027, 74767, 14905, 6545, 2674, 1092, 427, 154, 74, 26, 15, 8, 4, 2]
(1, (0, 0, 1), (0, 1)): [8644, 10586, 2139, 881, 321, 145, 70, 18, 4, 1, 3, 1]
(1, (0, 0, 1), (0, 2)): [3828, 3540, 667, 266, 106, 45, 21, 2, 3, 0, 1, 1]
(1, (0, 0, 1), (1, 0)): [8936, 13181, 2789, 1406, 559, 239, 83, 29, 22, 5, 2, 1]
(1, (0, 0, 1), (1, 1)): [7835, 9947, 2056, 933, 345, 143, 59, 19, 7, 3, 1, 1]
(1, (0, 0, 1), (1, 2)): [5959, 5661, 1128, 490, 192, 81, 38, 6, 5, 1, 1, 2]
(1, (0, 0, 1), (2, 0)): [3697, 5377, 1242, 715, 288, 123, 48, 17, 12, 3, 1]
(1, (0, 0, 1), (2, 1)): [4440, 5892, 1275, 643, 242, 102, 33, 18, 7, 2, 1]
(1, (0, 0, 1), (2, 2)): [5214, 5165, 1108, 519, 182, 75, 38, 10, 3, 1, 2, 2]
(1, (0, 0, 1), (3, 0)): [1735, 2165, 568, 398, 158, 73, 26, 8, 4, 1, 1]
(1, (0, 0, 1), (3, 1)): [1943, 2569, 650, 361, 142, 67, 21, 11, 4, 2]
(1, (0, 0, 1), (3, 2)): [3126, 3201, 791, 413, 151, 70, 34, 11, 3, 0, 1]
(1, (0, 1, 0), (0, 0)): [259789, 112510, 41587, 18039, 7309, 2919, 1028, 443, 138, 64, 32, 10, 10, 2, 1]
(1, (0, 1, 0), (0, 1)): [44625, 17299, 6463, 2673, 1097, 459, 157, 72, 17, 11, 6, 1, 1]
(1, (0, 1, 0), (0, 2)): [17763, 6064, 2184, 821, 334, 151, 47, 22, 6, 4, 1, 1, 1]
(1, (0, 1, 0), (1, 0)): [46705, 19671, 7888, 3909, 1594, 630, 234, 94, 40, 15, 6, 0, 0, 1]
(1, (0, 1, 0), (1, 1)): [39974, 15715, 6088, 2730, 1125, 434, 169, 57, 21, 6, 5, 0, 0, 1]
(1, (0, 1, 0), (1, 2)): [27338, 9542, 3502, 1453, 560, 228, 81, 38, 12, 7, 1, 1]
(1, (0, 1, 0), (2, 0)): [19377, 7894, 3436, 1977, 836, 328, 115, 59, 21, 10, 5]
(1, (0, 1, 0), (2, 1)): [22987, 9093, 3838, 1870, 808, 302, 119, 42, 16, 6, 3, 0, 0, 1]
(1, (0, 1, 0), (2, 2)): [23727, 8312, 3297, 1440, 584, 242, 84, 29, 10, 6, 2]
(1, (0, 1, 0), (3, 0)): [8603, 3196, 1497, 1070, 475, 183, 66, 32, 11, 6, 2]
(1, (0, 1, 0), (3, 1)): [10661, 3975, 1921, 1160, 511, 170, 80, 38, 16, 5, 2, 0, 0, 1]
(1, (0, 1, 0), (3, 2)): [14512, 5071, 2314, 1199, 530, 184, 77, 29, 8, 7, 2, 0, 0, 1]
(1, (0, 1, 1), (0, 0)): [40300, 34026, 29525, 12008, 6158, 2439, 984, 381, 165, 57, 18, 9, 3, 2, 0, 1]
(1, (0, 1, 1), (0, 1)): [6116, 4640, 3947, 1585, 726, 255, 128, 53, 13, 2, 4]
(1, (0, 1, 1), (0, 2)): [2905, 1481, 1402, 570, 262, 78, 45, 20, 2, 1, 3]
(1, (0, 1, 1), (1, 0)): [7607, 6919, 5247, 2348, 1413, 584, 237, 88, 34, 16, 1, 2, 1]
(1, (0, 1, 1), (1, 1)): [5220, 4239, 3493, 1408, 699, 250, 109, 42, 15, 6, 0, 1]
(1, (0, 1, 1), (1, 2)): [4270, 2400, 2159, 838, 428, 136, 65, 28, 5, 4, 2, 1]
(1, (0, 1, 1), (2, 0)): [4199, 3649, 2638, 1310, 925, 401, 164, 62, 25, 9, 1, 1]
(1, (0, 1, 1), (2, 1)): [2824, 2404, 1969, 872, 439, 181, 78, 20, 9, 3]
(1, (0, 1, 1), (2, 2)): [3554, 2116, 1873, 768, 387, 122, 59, 17, 5, 2, 1, 1]
(1, (0, 1, 1), (3, 0)): [2998, 2410, 1581, 897, 754, 321, 128, 55, 21, 7, 1, 1]
(1, (0, 1, 1), (3, 1)): [1199, 1064, 852, 400, 247, 132, 44, 18, 8, 3]
(1, (0, 1, 1), (3, 2)): [1992, 1355, 1063, 515, 315, 111, 44, 17, 7, 3, 0, 1]
(1, (1, 0, 0), (0, 0)): [712720, 125492, 82735, 35285, 14430, 5705, 2257, 813, 315, 138, 50, 32, 7, 3, 0, 2]
(1, (1, 0, 0), (0, 1)): [121613, 18981, 13013, 5539, 2194, 871, 354, 129, 35, 18, 9, 4, 1]
(1, (1, 0, 0), (0, 2)): [46612, 6271, 4216, 1718, 667, 298, 117, 35, 8, 5, 4]
(1, (1, 0, 0), (1, 0)): [110870, 20790, 14773, 6640, 2774, 1096, 458, 157, 48, 28, 8, 4, 2, 0, 0, 1]
(1, (1, 0, 0), (1, 1)): [96931, 16213, 11305, 4960, 2001, 762, 322, 118, 38, 18, 6, 6, 1, 0, 0, 1]
(1, (1, 0, 0), (1, 2)): [64201, 9305, 6373, 2698, 1050, 399, 169, 62, 18, 7, 5, 1]
(1, (1, 0, 0), (2, 0)): [36088, 7378, 5468, 2704, 1155, 447, 194, 64, 24, 9, 3, 0, 1]
(1, (1, 0, 0), (2, 1)): [48387, 8847, 6310, 3051, 1216, 481, 199, 70, 23, 9, 5, 4, 1, 0, 0, 1]
(1, (1, 0, 0), (2, 2)): [48358, 7621, 5208, 2383, 946, 369, 153, 56, 13, 6, 3, 1, 1]
(1, (1, 0, 0), (3, 0)): [10153, 2427, 1730, 1055, 481, 180, 89, 23, 8, 4, 1, 0, 1]
(1, (1, 0, 0), (3, 1)): [18504, 4089, 2822, 1648, 674, 253, 130, 32, 15, 5, 3, 1, 0, 0, 0, 1]
(1, (1, 0, 0), (3, 2)): [24078, 4827, 3151, 1706, 663, 262, 124, 35, 16, 7, 4, 2, 1, 0, 0, 1]
(1, (1, 0, 1), (0, 0)): [58093, 65838, 21186, 14458, 6263, 2569, 1011, 394, 140, 77, 22, 9, 2, 1]
(1, (1, 0, 1), (0, 1)): [10510, 9530, 3006, 2124, 908, 375, 137, 44, 24, 9, 3, 1, 2]
(1, (1, 0, 1), (0, 2)): [4663, 3135, 1021, 740, 311, 119, 56, 23, 9, 4, 2, 0, 1]
(1, (1, 0, 1), (1, 0)): [9123, 10168, 3424, 2476, 1157, 477, 184, 81, 25, 17, 0, 2]
(1, (1, 0, 1), (1, 1)): [8147, 7822, 2571, 1794, 742, 333, 116, 32, 15, 6, 0, 2, 1]
(1, (1, 0, 1), (1, 2)): [6047, 4429, 1510, 1050, 420, 183, 65, 30, 9, 4, 2]
(1, (1, 0, 1), (2, 0)): [3138, 3347, 1227, 908, 484, 198, 76, 39, 8, 8, 0, 1]
(1, (1, 0, 1), (2, 1)): [4062, 3935, 1341, 971, 472, 185, 71, 23, 13, 6, 0, 3]
(1, (1, 0, 1), (2, 2)): [4480, 3376, 1236, 841, 396, 147, 61, 21, 11, 4, 1]
(1, (1, 0, 1), (3, 0)): [1034, 1096, 436, 318, 194, 93, 30, 11, 1, 4]
(1, (1, 0, 1), (3, 1)): [1505, 1511, 617, 442, 233, 112, 31, 16, 2, 3, 0, 2]
(1, (1, 0, 1), (3, 2)): [2205, 1893, 773, 520, 299, 114, 39, 15, 8, 3, 0, 2]
(1, (1, 1, 0), (0, 0)): [200478, 60291, 40178, 29425, 12372, 5104, 2004, 800, 305, 126, 47, 25, 10, 5, 1]
(1, (1, 1, 0), (0, 1)): [37263, 9727, 6163, 4735, 1996, 806, 296, 125, 55, 19, 9, 4, 1]
(1, (1, 1, 0), (0, 2)): [15224, 3484, 2084, 1628, 667, 258, 81, 40, 15, 3, 3]
(1, (1, 1, 0), (1, 0)): [31499, 10135, 6784, 5294, 2286, 936, 414, 151, 37, 26, 11, 4, 2, 1]
(1, (1, 1, 0), (1, 1)): [29219, 8208, 5462, 4189, 1770, 709, 276, 121, 42, 23, 9, 4, 1]
(1, (1, 1, 0), (1, 2)): [20820, 5031, 3115, 2418, 1014, 352, 125, 63, 24, 5, 7, 2, 1]
(1, (1, 1, 0), (2, 0)): [9993, 3757, 2397, 1881, 947, 406, 190, 61, 16, 12, 6, 2, 2, 1]
(1, (1, 1, 0), (2, 1)): [14363, 4522, 3087, 2348, 1075, 474, 201, 66, 27, 12, 7, 2, 1]
(1, (1, 1, 0), (2, 2)): [15639, 4163, 2666, 2039, 942, 369, 140, 59, 25, 7, 3, 2, 1]
(1, (1, 1, 0), (3, 0)): [2559, 1360, 867, 584, 383, 159, 75, 32, 4, 6, 1, 2, 1]
(1, (1, 1, 0), (3, 1)): [5233, 2226, 1503, 1100, 599, 264, 108, 39, 12, 9, 4, 2, 1]
(1, (1, 1, 0), (3, 2)): [7735, 2633, 1788, 1313, 704, 262, 102, 41, 19, 9, 2, 1, 1]
(1, (1, 1, 1), (0, 0)): [40955, 32806, 20503, 13396, 10231, 4346, 1782, 676, 271, 97, 31, 22, 9, 4, 1, 1]
(1, (1, 1, 1), (0, 1)): [8156, 5514, 3358, 2151, 1716, 697, 288, 106, 47, 12, 3, 1, 0, 1]
(1, (1, 1, 1), (0, 2)): [3930, 1911, 1207, 781, 590, 220, 98, 28, 10, 7, 2, 0, 0, 1]
(1, (1, 1, 1), (1, 0)): [5959, 5434, 3286, 2128, 1827, 787, 365, 127, 45, 17, 6, 7, 2]
(1, (1, 1, 1), (1, 1)): [5912, 4494, 2763, 1796, 1434, 597, 277, 100, 39, 9, 3, 3]
(1, (1, 1, 1), (1, 2)): [4841, 2634, 1728, 1115, 835, 360, 156, 52, 22, 8, 1, 3, 0, 1]
(1, (1, 1, 1), (2, 0)): [1560, 1837, 1151, 723, 667, 312, 146, 56, 17, 8, 3, 3, 1]
(1, (1, 1, 1), (2, 1)): [2547, 2395, 1442, 924, 775, 339, 158, 56, 21, 6, 3, 2]
(1, (1, 1, 1), (2, 2)): [3263, 2170, 1389, 904, 711, 302, 141, 48, 20, 10, 1, 3, 0, 1]
(1, (1, 1, 1), (3, 0)): [267, 569, 399, 246, 199, 109, 53, 23, 6, 3, 0, 1, 1]
(1, (1, 1, 1), (3, 1)): [671, 1031, 664, 418, 355, 177, 68, 30, 14, 2, 2, 1, 1]
(1, (1, 1, 1), (3, 2)): [1262, 1282, 837, 541, 434, 220, 96, 35, 15, 4, 2, 1, 0, 1]
(2, (0, 0, 0), (0, 0)): [1673508, 79069, 26200, 8367, 2794, 877, 304, 101, 20, 8, 5, 0, 1]
(2, (0, 0, 0), (0, 1)): [316790, 13135, 4377, 1403, 509, 143, 49, 16, 3]
(2, (0, 0, 0), (0, 2)): [122858, 3602, 1241, 381, 149, 36, 3, 7]
(2, (0, 0, 0), (1, 0)): [281893, 16451, 5608, 1771, 610, 170, 70, 17, 7, 0, 0, 0, 1]
(2, (0, 0, 0), (1, 1)): [273967, 12993, 4410, 1400, 502, 154, 61, 12, 5]
(2, (0, 0, 0), (1, 2)): [186309, 6287, 2193, 717, 246, 71, 23, 8, 1]
(2, (0, 0, 0), (2, 0)): [98054, 6487, 2639, 791, 278, 72, 29, 7, 3, 0, 0, 0, 1]
(2, (0, 0, 0), (2, 1)): [148835, 8309, 3151, 923, 330, 96, 42, 10, 5]
(2, (0, 0, 0), (2, 2)): [157067, 6417, 2429, 748, 250, 76, 27, 7, 1]
(2, (0, 0, 0), (3, 0)): [30468, 2164, 1198, 368, 129, 36, 11, 4, 0, 0, 0, 0, 1]
(2, (0, 0, 0), (3, 1)): [62130, 4172, 1987, 622, 200, 58, 21, 7, 3]
(2, (0, 0, 0), (3, 2)): [90887, 4797, 2223, 679, 223, 75, 24, 7, 2]
(2, (0, 0, 1), (0, 0)): [158236, 46335, 9738, 3354, 1178, 405, 114, 38, 9, 6, 0, 2]
(2, (0, 0, 1), (0, 1)): [27539, 6495, 1425, 480, 154, 64, 13, 5, 1, 3]
(2, (0, 0, 1), (0, 2)): [11111, 1982, 427, 142, 45, 20, 4, 0, 0, 1]
(2, (0, 0, 1), (1, 0)): [30379, 8261, 2084, 807, 304, 95, 31, 11, 3, 1, 0, 1]
(2, (0, 0, 1), (1, 1)): [25523, 6253, 1401, 538, 181, 61, 13, 6, 1, 2]
(2, (0, 0, 1), (1, 2)): [17683, 3328, 695, 246, 95, 35, 8, 2, 0, 2]
(2, (0, 0, 1), (2, 0)): [13257, 3464, 1015, 456, 177, 54, 18, 6, 2, 1, 0, 1]
(2, (0, 0, 1), (2, 1)): [15298, 3893, 1024, 420, 149, 37, 12, 7, 0, 2]
(2, (0, 0, 1), (2, 2)): [16054, 3266, 783, 291, 106, 37, 8, 3]
(2, (0, 0, 1), (3, 0)): [6302, 1404, 494, 287, 101, 37, 12, 1, 2, 0, 0, 1]
(2, (0, 0, 1), (3, 1)): [7232, 1819, 582, 310, 98, 27, 11, 4, 0, 1]
(2, (0, 0, 1), (3, 2)): [10175, 2267, 642, 307, 107, 28, 11, 3, 0, 1]
(2, (0, 1, 0), (0, 0)): [416396, 85868, 24041, 8579, 2876, 925, 293, 86, 21, 13, 7, 0, 1]
(2, (0, 1, 0), (0, 1)): [71714, 12401, 3477, 1131, 423, 119, 36, 9, 6, 3, 1]
(2, (0, 1, 0), (0, 2)): [28829, 3709, 1052, 318, 113, 23, 9, 2, 3, 1]
(2, (0, 1, 0), (1, 0)): [79616, 15666, 5219, 2228, 720, 225, 81, 25, 1, 2, 0, 0, 1]
(2, (0, 1, 0), (1, 1)): [65815, 11901, 3531, 1259, 457, 127, 51, 13, 3, 2, 1]
(2, (0, 1, 0), (1, 2)): [45296, 6282, 1754, 624, 214, 46, 26, 7, 1, 1]
(2, (0, 1, 0), (2, 0)): [35565, 6656, 2507, 1329, 440, 136, 40, 15, 1, 2, 0, 0, 1]
(2, (0, 1, 0), (2, 1)): [38828, 7319, 2409, 965, 335, 99, 30, 7, 2, 2, 1, 0, 1]
(2, (0, 1, 0), (2, 2)): [40432, 6043, 1823, 722, 248, 65, 32, 9, 0, 2]
(2, (0, 1, 0), (3, 0)): [18026, 2866, 1250, 880, 283, 87, 28, 13, 1, 2]
(2, (0, 1, 0), (3, 1)): [18063, 3412, 1320, 686, 242, 69, 22, 6, 2, 1, 1, 0, 1]
(2, (0, 1, 0), (3, 2)): [25375, 4026, 1441, 749, 244, 64, 39, 8, 0, 1, 0, 0, 1]
(2, (0, 1, 1), (0, 0)): [96610, 8100, 20112, 5828, 2295, 758, 246, 79, 24, 7, 5, 1, 0, 1]
(2, (0, 1, 1), (0, 1)): [16897, 1082, 2864, 834, 290, 106, 26, 9, 1, 2]
(2, (0, 1, 1), (0, 2)): [7282, 367, 885, 263, 99, 30, 8, 2, 0, 2]
(2, (0, 1, 1), (1, 0)): [19127, 1788, 3648, 1333, 604, 208, 68, 22, 5, 0, 3]
(2, (0, 1, 1), (1, 1)): [15167, 1046, 2711, 854, 311, 122, 29, 11, 4, 0, 1]
(2, (0, 1, 1), (1, 2)): [11428, 618, 1538, 452, 174, 59, 11, 4, 1, 2, 1]
(2, (0, 1, 1), (2, 0)): [9157, 1012, 1656, 691, 401, 127, 43, 15, 1, 0, 2]
(2, (0, 1, 1), (2, 1)): [8900, 690, 1666, 562, 261, 85, 23, 8, 3, 0, 1]
(2, (0, 1, 1), (2, 2)): [10191, 650, 1448, 497, 184, 72, 13, 4, 3, 1]
(2, (0, 1, 1), (3, 0)): [5305, 690, 852, 404, 271, 99, 27, 12, 0, 0, 1]
(2, (0, 1, 1), (3, 1)): [4163, 386, 764, 294, 171, 58, 19, 8, 1, 0, 1]
(2, (0, 1, 1), (3, 2)): [6400, 512, 983, 377, 176, 74, 13, 7, 4, 1]
(2, (1, 0, 0), (0, 0)): [862666, 62538, 41945, 13380, 4401, 1399, 535, 155, 38, 15, 7, 1, 1]
(2, (1, 0, 0), (0, 1)): [146499, 9026, 6154, 1992, 674, 217, 89, 32, 10, 1, 0, 1]
(2, (1, 0, 0), (0, 2)): [56033, 2497, 1642, 552, 182, 50, 25, 9, 4]
(2, (1, 0, 0), (1, 0)): [137173, 11405, 8148, 2817, 958, 278, 113, 29, 8, 2, 0, 0, 1]
(2, (1, 0, 0), (1, 1)): [120310, 8174, 5711, 1941, 646, 194, 80, 24, 7, 1]
(2, (1, 0, 0), (1, 2)): [79308, 4023, 2596, 946, 303, 81, 33, 10, 4]
(2, (1, 0, 0), (2, 0)): [45971, 4430, 3035, 1245, 430, 133, 50, 18, 6, 2, 0, 0, 1]
(2, (1, 0, 0), (2, 1)): [62245, 4924, 3501, 1294, 429, 133, 54, 14, 5, 0, 0, 0, 1]
(2, (1, 0, 0), (2, 2)): [61656, 3831, 2447, 930, 312, 91, 40, 9, 4]
(2, (1, 0, 0), (3, 0)): [13559, 1654, 963, 569, 191, 59, 21, 10, 3, 2]
(2, (1, 0, 0), (3, 1)): [25038, 2603, 1690, 826, 242, 77, 30, 8, 3, 1, 0, 0, 1]
(2, (1, 0, 0), (3, 2)): [32649, 2834, 1733, 822, 262, 89, 30, 13, 1, 1, 0, 0, 1]
(2, (1, 0, 1), (0, 0)): [152472, 35525, 14092, 8927, 2962, 960, 323, 93, 32, 11, 2, 4, 2]
(2, (1, 0, 1), (0, 1)): [27893, 5308, 1964, 1345, 465, 156, 57, 10, 4, 2, 1, 1, 1]
(2, (1, 0, 1), (0, 2)): [11373, 1587, 573, 367, 141, 40, 12, 3, 1, 1]
(2, (1, 0, 1), (1, 0)): [26282, 5810, 2667, 1852, 677, 193, 65, 16, 3, 2, 0, 1]
(2, (1, 0, 1), (1, 1)): [23133, 4568, 1943, 1284, 479, 150, 54, 12, 3, 2, 1, 2, 1]
(2, (1, 0, 1), (1, 2)): [16104, 2388, 993, 602, 239, 78, 30, 6, 3, 1, 0, 1]
(2, (1, 0, 1), (2, 0)): [9431, 2028, 1088, 724, 294, 90, 29, 9, 3]
(2, (1, 0, 1), (2, 1)): [12362, 2491, 1205, 769, 335, 101, 30, 9, 0, 1, 0, 1]
(2, (1, 0, 1), (2, 2)): [12558, 1913, 928, 563, 219, 83, 32, 7, 3, 0, 0, 1]
(2, (1, 0, 1), (3, 0)): [3166, 619, 449, 271, 127, 40, 18, 3, 3]
(2, (1, 0, 1), (3, 1)): [5306, 1015, 626, 382, 215, 47, 25, 4, 3, 1]
(2, (1, 0, 1), (3, 2)): [6997, 1028, 724, 405, 207, 66, 21, 7, 5]
(2, (1, 1, 0), (0, 0)): [339445, 50767, 25734, 18154, 5861, 1879, 638, 213, 67, 29, 10, 3, 2, 1]
(2, (1, 1, 0), (0, 1)): [62161, 7734, 3787, 2793, 860, 262, 94, 34, 5, 4, 2, 1, 1]
(2, (1, 1, 0), (0, 2)): [25803, 2276, 1142, 791, 262, 72, 26, 13, 2, 1]
(2, (1, 1, 0), (1, 0)): [54988, 8393, 4666, 3576, 1306, 373, 136, 42, 17, 5, 1, 1]
(2, (1, 1, 0), (1, 1)): [51423, 6853, 3562, 2658, 822, 269, 82, 33, 9, 5, 2, 2, 1]
(2, (1, 1, 0), (1, 2)): [37075, 3593, 1885, 1293, 406, 137, 34, 17, 6, 1, 1, 1]
(2, (1, 1, 0), (2, 0)): [18828, 2958, 1873, 1388, 663, 175, 67, 18, 8, 3]
(2, (1, 1, 0), (2, 1)): [26832, 3732, 2202, 1651, 636, 166, 67, 24, 6, 4, 0, 0, 1]
(2, (1, 1, 0), (2, 2)): [29368, 3117, 1811, 1244, 466, 127, 47, 19, 10, 1, 1, 1]
(2, (1, 1, 0), (3, 0)): [5999, 922, 758, 461, 315, 92, 28, 7, 5, 2]
(2, (1, 1, 0), (3, 1)): [11315, 1621, 1231, 834, 443, 116, 42, 9, 4, 2, 0, 0, 1]
(2, (1, 1, 0), (3, 2)): [16208, 1911, 1478, 925, 469, 107, 43, 15, 7, 1, 1]
(2, (1, 1, 1), (0, 0)): [100708, 14649, 16651, 8371, 6334, 1968, 664, 223, 76, 18, 10, 4, 1, 1]
(2, (1, 1, 1), (0, 1)): [20487, 2143, 2644, 1344, 1032, 323, 111, 33, 18, 3, 3, 0, 1]
(2, (1, 1, 1), (0, 2)): [9079, 700, 787, 416, 280, 88, 37, 6, 4, 1, 2]
(2, (1, 1, 1), (1, 0)): [15479, 3428, 2910, 1618, 1302, 413, 139, 47, 14, 4, 1, 2]
(2, (1, 1, 1), (1, 1)): [16020, 2234, 2400, 1293, 995, 310, 103, 33, 14, 3, 1, 0, 1]
(2, (1, 1, 1), (1, 2)): [12525, 1192, 1273, 650, 491, 168, 54, 15, 4, 2, 2]
(2, (1, 1, 1), (2, 0)): [4320, 1959, 1002, 647, 523, 174, 58, 20, 5, 3, 0, 2]
(2, (1, 1, 1), (2, 1)): [7247, 1826, 1354, 842, 638, 218, 69, 17, 9, 2, 0, 0, 1]
(2, (1, 1, 1), (2, 2)): [8931, 1390, 1134, 672, 493, 183, 58, 14, 5, 4, 2]
(2, (1, 1, 1), (3, 0)): [712, 1197, 283, 269, 161, 81, 30, 13, 2, 3, 0, 1]
(2, (1, 1, 1), (3, 1)): [2049, 1519, 535, 459, 339, 124, 44, 11, 5, 3, 0, 1]
(2, (1, 1, 1), (3, 2)): [3771, 1558, 704, 595, 374, 154, 52, 14, 4, 3, 2]
