(0, (0, 0, 0)): [810352, 163690, 76899, 35249, 16033, 6989, 2898, 1222, 508, 234, 105, 47, 24, 6, 3, 1, 0, 1]
(0, (0, 0, 1)): [3608, 11289, 3150, 1475, 720, 324, 147, 81, 30, 18, 6, 1, 3, 1]
(0, (0, 1, 0)): [26480, 25888, 10038, 4777, 2378, 1051, 431, 181, 81, 47, 17, 5, 3, 0, 1]
(0, (0, 1, 1)): [2369, 4136, 5270, 2362, 1289, 593, 261, 126, 61, 27, 8, 6, 0, 2, 1, 0, 0, 1]
(0, (1, 0, 0)): [179539, 61108, 38719, 19231, 9280, 4231, 1796, 783, 337, 151, 71, 30, 15, 4, 2, 1, 0, 1]
(0, (1, 0, 1)): [4034, 12920, 5420, 3670, 1975, 930, 451, 190, 88, 37, 19, 10, 4, 0, 1, 0, 0, 1]
(0, (1, 1, 0)): [24485, 15926, 12625, 8763, 4776, 2237, 987, 487, 192, 88, 44, 17, 7, 1]
(0, (1, 1, 1)): [2566, 4656, 3927, 3089, 2441, 1199, 572, 303, 128, 58, 32, 11, 2, 1, 1]
(1, (0, 0, 0)): [646574, 70643, 29349, 11639, 4702, 1809, 683, 268, 104, 42, 20, 11, 5, 2, 0, 1]
(1, (0, 0, 1)): [18991, 28795, 5647, 2360, 1020, 431, 173, 77, 35, 12, 6, 4, 3, 1]
(1, (0, 1, 0)): [89645, 42438, 14954, 6301, 2583, 1046, 362, 162, 48, 28, 14, 7, 5, 1, 1]
(1, (0, 1, 1)): [15173, 12761, 12367, 4859, 2434, 968, 385, 156, 78, 22, 9, 4, 1, 2, 0, 1]
(1, (1, 0, 0)): [259333, 47644, 29596, 12824, 5262, 2145, 811, 306, 141, 60, 23, 15, 4, 2, 0, 2]
(1, (1, 0, 1)): [20115, 25249, 8373, 5415, 2344, 985, 360, 153, 61, 42, 13, 3, 0, 1]
(1, (1, 1, 0)): [69870, 22034, 15511, 10583, 4639, 1981, 770, 309, 125, 54, 19, 10, 6, 4, 1]
(1, (1, 1, 1)): [14416, 11648, 7600, 5201, 3763, 1625, 667, 262, 107, 40, 15, 11, 6, 2, 1, 1]
(2, (0, 0, 0)): [557360, 24784, 8489, 2661, 960, 318, 118, 38, 8, 3, 3, 0, 1]
(2, (0, 0, 1)): [56011, 18579, 3422, 1174, 415, 153, 48, 14, 2, 2, 0, 1]
(2, (0, 1, 0)): [144880, 32806, 8318, 2884, 932, 315, 107, 24, 6, 2, 2, 0, 1]
(2, (0, 1, 1)): [34842, 3151, 8181, 2140, 825, 275, 96, 34, 11, 4, 3, 1, 0, 1]
(2, (1, 0, 0)): [317125, 23861, 14420, 4586, 1536, 489, 196, 58, 14, 8, 4, 0, 1]
(2, (1, 0, 1)): [51654, 13479, 5549, 3067, 1005, 341, 123, 38, 15, 3, 0, 2, 1]
(2, (1, 1, 0)): [119727, 18870, 9820, 6186, 1992, 689, 206, 70, 28, 13, 5, 1, 2, 1]
(2, (1, 1, 1)): [35103, 5315, 5969, 3097, 2118, 711, 228, 82, 33, 7, 5, 0, 1, 1]
