(0, (0, 0, 0)): [14789, 3098, 1529, 721, 344, 159, 68, 29, 16, 4, 3, 5, 1, 0, 1]
(0, (0, 0, 1)): [73, 175, 44, 19, 10, 9, 5, 4, 0, 0, 1]
(0, (0, 1, 0)): [446, 420, 176, 92, 47, 29, 12, 2, 2, 1, 0, 0, 0, 0, 1]
(0, (0, 1, 1)): [37, 79, 82, 38, 28, 10, 2, 4, 1, 1]
(0, (1, 0, 0)): [3443, 1077, 742, 392, 185, 94, 39, 22, 12, 4, 2, 3, 1]
(0, (1, 0, 1)): [87, 249, 81, 70, 29, 8, 8, 5, 3, 0, 1]
(0, (1, 1, 0)): [517, 304, 238, 179, 97, 61, 24, 11, 5, 2, 1, 3, 1]
(0, (1, 1, 1)): [44, 90, 68, 63, 51, 26, 11, 7, 2, 1, 0, 1, 1]
(1, (0, 0, 0)): [11826, 1393, 612, 241, 125, 43, 16, 5, 5, 0, 1, 2]
(1, (0, 0, 1)): [291, 418, 88, 39, 17, 5, 6, 2]
(1, (0, 1, 0)): [1484, 634, 269, 132, 58, 18, 5, 3, 2, 0, 2, 0, 0, 0, 1]
(1, (0, 1, 1)): [270, 214, 189, 96, 53, 17, 10, 3, 5]
(1, (1, 0, 0)): [4850, 815, 591, 252, 136, 51, 21, 8, 5, 3, 1, 1]
(1, (1, 0, 1)): [415, 428, 134, 92, 34, 16, 9, 5, 3, 2, 0, 1]
(1, (1, 1, 0)): [1401, 432, 290, 245, 133, 55, 20, 6, 4, 3, 1, 1, 0, 0, 1]
(1, (1, 1, 1)): [322, 244, 163, 126, 97, 55, 19, 8, 3, 1, 1, 3, 2, 1, 1]
(2, (0, 0, 0)): [10267, 540, 187, 55, 25, 3, 4, 1, 1]
(2, (0, 0, 1)): [772, 268, 56, 20, 15, 3, 1]
(2, (0, 1, 0)): [2373, 527, 158, 58, 17, 5, 1, 0, 0, 0, 1]
(2, (0, 1, 1)): [538, 54, 136, 34, 16, 3, 4, 1, 1]
(2, (1, 0, 0)): [5828, 427, 330, 96, 37, 7, 7, 1, 1, 1]
(2, (1, 0, 1)): [924, 204, 95, 62, 23, 3, 3, 0, 1]
(2, (1, 1, 0)): [2566, 444, 215, 145, 56, 14, 6, 2, 1, 1]
(2, (1, 1, 1)): [745, 130, 127, 86, 74, 19, 8, 2, 1]
