(0, (0, 0, 0), (0, 0)): [2175918, 445387, 204914, 93867, 42166, 18087, 7542, 3038, 1230, 532, 245, 114, 39, 22, 6, 1, 1, 1]
(0, (0, 0, 0), (0, 1)): [355302, 69788, 31810, 14912, 6557, 2901, 1203, 428, 178, 81, 43, 22, 5, 4, 1, 1]
(0, (0, 0, 0), (0, 2)): [135977, 23686, 10631, 4895, 2091, 917, 374, 129, 57, 28, 8, 4, 3, 0, 1]
(0, (0, 0, 0), (1, 0)): [300151, 68162, 32452, 15207, 7185, 3052, 1339, 539, 207, 75, 44, 17, 3, 6, 2, 0, 1]
(0, (0, 0, 0), (1, 1)): [297178, 61218, 28475, 13328, 6016, 2611, 1109, 409, 177, 62, 43, 18, 3, 6, 0, 1, 1]
(0, (0, 0, 0), (1, 2)): [204881, 36953, 16980, 7754, 3410, 1458, 625, 234, 100, 37, 14, 8, 5, 1, 1]
(0, (0, 0, 0), (2, 0)): [96209, 24173, 12354, 5861, 2881, 1216, 527, 241, 77, 34, 18, 8, 1, 3, 1]
(0, (0, 0, 0), (2, 1)): [152255, 34443, 16873, 7879, 3741, 1635, 654, 290, 107, 40, 25, 12, 1, 4, 0, 0, 1]
(0, (0, 0, 0), (2, 2)): [162150, 31970, 15147, 7015, 3179, 1324, 576, 221, 99, 34, 17, 5, 4, 2, 1, 0, 1]
(0, (0, 0, 0), (3, 0)): [27891, 7949, 4697, 2366, 1187, 495, 220, 99, 34, 16, 11, 3, 0, 2, 1]
(0, (0, 0, 0), (3, 1)): [57866, 15358, 8304, 4052, 1986, 875, 350, 179, 69, 25, 10, 10, 1, 4, 1]
(0, (0, 0, 0), (3, 2)): [85258, 19644, 10454, 4899, 2346, 994, 410, 186, 76, 31, 11, 10, 4, 2, 1, 0, 1]
(0, (0, 0, 1), (0, 0)): [8157, 25270, 6937, 3371, 1613, 700, 312, 128, 53, 29, 19, 3, 4, 3]
(0, (0, 0, 1), (0, 1)): [940, 2932, 797, 370, 190, 84, 35, 14, 9, 3, 3, 0, 0, 1]
(0, (0, 0, 1), (0, 2)): [418, 1079, 276, 131, 61, 34, 12, 4, 6]
(0, (0, 0, 1), (1, 0)): [912, 3201, 926, 522, 245, 114, 48, 17, 7, 4, 7]
(0, (0, 0, 1), (1, 1)): [857, 2701, 743, 363, 195, 90, 37, 13, 4, 6, 3, 0, 0, 1]
(0, (0, 0, 1), (1, 2)): [664, 1730, 442, 212, 99, 55, 18, 7, 4, 3, 2]
(0, (0, 0, 1), (2, 0)): [328, 1170, 368, 237, 101, 47, 17, 10, 4, 1, 5]
(0, (0, 0, 1), (2, 1)): [457, 1510, 461, 264, 131, 57, 29, 10, 5, 3, 2]
(0, (0, 0, 1), (2, 2)): [603, 1545, 428, 204, 110, 52, 20, 5, 3, 2, 2]
(0, (0, 0, 1), (3, 0)): [108, 400, 125, 96, 41, 19, 8, 3, 1, 0, 3]
(0, (0, 0, 1), (3, 1)): [180, 666, 208, 168, 75, 28, 16, 4, 2, 2]
(0, (0, 0, 1), (3, 2)): [335, 943, 261, 176, 98, 37, 16, 2, 3, 1, 1]
(0, (0, 1, 0), (0, 0)): [80390, 75635, 29676, 14721, 6985, 3029, 1319, 531, 221, 116, 43, 17, 7, 6, 3, 0, 1]
(0, (0, 1, 0), (0, 1)): [13056, 11601, 4660, 2212, 1043, 449, 217, 79, 33, 16, 4, 4, 1, 1, 1]
(0, (0, 1, 0), (0, 2)): [5345, 4002, 1608, 725, 349, 152, 79, 25, 11, 4, 0, 1, 1]
(0, (0, 1, 0), (1, 0)): [12576, 12123, 5071, 2772, 1279, 595, 250, 104, 41, 15, 10, 3, 2, 2, 1, 0, 1]
(0, (0, 1, 0), (1, 1)): [11302, 10078, 4131, 2106, 989, 429, 197, 81, 22, 18, 8, 3, 0, 2, 1]
(0, (0, 1, 0), (1, 2)): [7937, 6134, 2564, 1227, 555, 243, 108, 53, 12, 6, 2, 3, 1, 0, 1]
(0, (0, 1, 0), (2, 0)): [4577, 4348, 1949, 1136, 509, 262, 103, 45, 20, 3, 2, 3, 2, 1, 0, 0, 1]
(0, (0, 1, 0), (2, 1)): [6165, 5636, 2430, 1276, 608, 288, 135, 48, 16, 13, 4, 1, 1, 1, 0, 0, 1]
(0, (0, 1, 0), (2, 2)): [6707, 5204, 2342, 1075, 512, 223, 103, 45, 13, 7, 3, 2, 1, 0, 1, 0, 1]
(0, (0, 1, 0), (3, 0)): [1585, 1282, 676, 471, 212, 112, 52, 22, 9, 1, 0, 1, 1]
(0, (0, 1, 0), (3, 1)): [2720, 2347, 1128, 747, 333, 165, 74, 28, 6, 4, 1, 1, 0, 1]
(0, (0, 1, 0), (3, 2)): [3943, 3036, 1495, 810, 374, 186, 98, 34, 6, 6, 2, 0, 0, 0, 1, 0, 1]
(0, (0, 1, 1), (0, 0)): [6404, 11285, 13433, 6248, 3291, 1586, 683, 291, 148, 66, 20, 13, 3, 4, 2, 0, 1, 1]
(0, (0, 1, 1), (0, 1)): [1011, 1720, 1937, 848, 465, 216, 109, 38, 17, 10, 3, 2, 1, 0, 0, 0, 1]
(0, (0, 1, 1), (0, 2)): [481, 645, 697, 312, 162, 83, 41, 21, 2, 4, 0, 1]
(0, (0, 1, 1), (1, 0)): [953, 1823, 2198, 1115, 584, 310, 124, 47, 32, 9, 5, 5, 0, 1, 1]
(0, (0, 1, 1), (1, 1)): [834, 1513, 1769, 788, 425, 198, 87, 27, 17, 5, 5, 1, 1, 0, 0, 0, 1]
(0, (0, 1, 1), (1, 2)): [686, 965, 1062, 462, 279, 128, 54, 19, 8, 2, 1, 1, 0, 0, 0, 0, 1]
(0, (0, 1, 1), (2, 0)): [386, 783, 829, 466, 277, 165, 58, 22, 21, 6, 2, 2, 0, 1, 1]
(0, (0, 1, 1), (2, 1)): [419, 837, 974, 467, 214, 119, 50, 20, 11, 8, 4, 1, 1, 0, 1]
(0, (0, 1, 1), (2, 2)): [536, 852, 904, 413, 224, 111, 45, 16, 8, 7, 2, 1, 0, 0, 0, 0, 1]
(0, (0, 1, 1), (3, 0)): [205, 368, 357, 232, 160, 88, 32, 8, 14, 1, 1, 2, 0, 1]
(0, (0, 1, 1), (3, 1)): [170, 332, 390, 211, 136, 70, 27, 11, 12, 2, 1, 1, 0, 0, 1]
(0, (0, 1, 1), (3, 2)): [306, 455, 520, 278, 147, 86, 40, 15, 12, 3, 3, 0, 0, 0, 0, 0, 1]
(0, (1, 0, 0), (0, 0)): [457732, 152481, 98612, 49133, 23567, 10597, 4425, 1885, 787, 342, 168, 66, 25, 17, 4, 1, 1, 1]
(0, (1, 0, 0), (0, 1)): [67243, 20134, 13757, 6787, 3286, 1469, 607, 245, 118, 41, 21, 9, 1, 3]
(0, (1, 0, 0), (0, 2)): [25669, 6670, 4662, 2148, 1024, 448, 213, 79, 33, 14, 8, 2]
(0, (1, 0, 0), (1, 0)): [58640, 20665, 14562, 7693, 3790, 1739, 727, 311, 120, 60, 36, 12, 2, 6, 2, 0, 1]
(0, (1, 0, 0), (1, 1)): [51448, 16321, 11341, 5832, 2734, 1311, 524, 221, 95, 43, 18, 9, 1, 4, 1]
(0, (1, 0, 0), (1, 2)): [33876, 9354, 6557, 3223, 1509, 678, 297, 117, 56, 18, 4, 3, 0, 0, 1]
(0, (1, 0, 0), (2, 0)): [18242, 7047, 5187, 2904, 1492, 686, 280, 122, 38, 30, 19, 3, 2, 3, 0, 0, 1]
(0, (1, 0, 0), (2, 1)): [24926, 8607, 6099, 3270, 1573, 758, 303, 133, 55, 33, 17, 6, 0, 6, 0, 0, 1]
(0, (1, 0, 0), (2, 2)): [24585, 7386, 5246, 2563, 1273, 532, 252, 102, 50, 24, 10, 3, 0, 3]
(0, (1, 0, 0), (3, 0)): [4701, 2212, 1705, 1156, 599, 276, 113, 47, 15, 13, 7, 1, 1]
(0, (1, 0, 0), (3, 1)): [8931, 3648, 2678, 1705, 827, 420, 167, 74, 26, 16, 11, 3, 1, 2]
(0, (1, 0, 0), (3, 2)): [11557, 4340, 3027, 1689, 852, 378, 178, 77, 37, 17, 8, 3, 0, 1]
(0, (1, 0, 1), (0, 0)): [10766, 32844, 13406, 9537, 5025, 2349, 1106, 448, 220, 87, 50, 19, 9, 3, 2, 0, 0, 1]
(0, (1, 0, 1), (0, 1)): [1597, 4347, 1769, 1326, 661, 322, 154, 50, 26, 11, 5, 1, 4, 1]
(0, (1, 0, 1), (0, 2)): [723, 1558, 617, 453, 215, 110, 47, 15, 6, 1, 1, 1, 2, 1]
(0, (1, 0, 1), (1, 0)): [1380, 4546, 1860, 1397, 774, 399, 156, 75, 42, 17, 14, 1, 0, 1, 1]
(0, (1, 0, 1), (1, 1)): [1274, 3490, 1476, 1063, 566, 254, 112, 50, 30, 12, 8]
(0, (1, 0, 1), (1, 2)): [1001, 2081, 866, 598, 309, 137, 63, 25, 12, 4, 2, 1, 2]
(0, (1, 0, 1), (2, 0)): [460, 1536, 641, 497, 282, 172, 64, 28, 15, 9, 5, 1]
(0, (1, 0, 1), (2, 1)): [603, 1798, 778, 579, 303, 166, 65, 28, 19, 10, 6]
(0, (1, 0, 1), (2, 2)): [746, 1612, 700, 495, 255, 128, 59, 27, 5, 5, 3]
(0, (1, 0, 1), (3, 0)): [151, 473, 225, 135, 105, 75, 26, 9, 6, 2, 1, 1]
(0, (1, 0, 1), (3, 1)): [247, 616, 335, 242, 167, 91, 30, 15, 14, 7, 3]
(0, (1, 0, 1), (3, 2)): [375, 804, 432, 277, 184, 98, 38, 19, 10, 10, 5]
(0, (1, 1, 0), (0, 0)): [65056, 41226, 30687, 22296, 11863, 5585, 2387, 1095, 452, 211, 101, 38, 13, 6, 1, 0, 1]
(0, (1, 1, 0), (0, 1)): [10788, 5948, 4069, 3185, 1757, 765, 367, 149, 57, 22, 14, 7, 0, 1, 1, 0, 1]
(0, (1, 1, 0), (0, 2)): [4441, 2068, 1377, 1071, 585, 273, 115, 59, 24, 12, 3]
(0, (1, 1, 0), (1, 0)): [8469, 5573, 4231, 3283, 1721, 889, 373, 158, 68, 29, 17, 6, 3, 3]
(0, (1, 1, 0), (1, 1)): [7950, 4591, 3337, 2657, 1354, 645, 282, 113, 32, 17, 15, 2, 2, 2, 1, 0, 1]
(0, (1, 1, 0), (1, 2)): [5759, 2803, 1909, 1617, 805, 357, 153, 67, 24, 17, 4, 1, 0, 1, 0, 0, 1]
(0, (1, 1, 0), (2, 0)): [2503, 1889, 1456, 1100, 667, 358, 155, 65, 35, 12, 6, 4, 0, 1]
(0, (1, 1, 0), (2, 1)): [3661, 2344, 1799, 1362, 759, 364, 167, 67, 32, 10, 10, 3, 2, 0, 1]
(0, (1, 1, 0), (2, 2)): [4030, 2176, 1585, 1256, 656, 304, 135, 59, 22, 15, 5, 1, 0, 0, 0, 0, 1]
(0, (1, 1, 0), (3, 0)): [575, 609, 508, 371, 263, 143, 58, 27, 13, 6, 2, 2, 0, 1]
(0, (1, 1, 0), (3, 1)): [1281, 1001, 808, 625, 406, 229, 98, 35, 18, 8, 5, 1, 2, 0, 1]
(0, (1, 1, 0), (3, 2)): [1884, 1219, 985, 774, 453, 232, 96, 51, 17, 9, 5, 0, 0, 0, 0, 0, 1]
(0, (1, 1, 1), (0, 0)): [6241, 12279, 9893, 7227, 5917, 2980, 1372, 652, 312, 136, 67, 24, 7, 4, 1, 0, 1]
(0, (1, 1, 1), (0, 1)): [1116, 1987, 1566, 1031, 893, 461, 200, 94, 57, 21, 8, 5, 2, 1]
(0, (1, 1, 1), (0, 2)): [604, 788, 566, 358, 319, 160, 60, 30, 18, 7, 5, 2, 1]
(0, (1, 1, 1), (1, 0)): [743, 1766, 1444, 1032, 885, 489, 207, 82, 49, 23, 10, 4, 0, 1, 0, 0, 1]
(0, (1, 1, 1), (1, 1)): [727, 1552, 1250, 837, 712, 406, 176, 85, 42, 18, 6, 3, 1, 1, 0, 0, 1]
(0, (1, 1, 1), (1, 2)): [671, 1083, 812, 520, 447, 224, 97, 46, 22, 9, 4, 3, 0, 1, 0, 0, 1]
(0, (1, 1, 1), (2, 0)): [213, 519, 485, 368, 334, 179, 68, 30, 16, 11, 4, 2, 0, 1]
(0, (1, 1, 1), (2, 1)): [333, 710, 617, 441, 359, 219, 86, 48, 30, 11, 3, 0, 1]
(0, (1, 1, 1), (2, 2)): [439, 780, 626, 420, 348, 194, 79, 47, 22, 12, 2, 1, 1]
(0, (1, 1, 1), (3, 0)): [41, 143, 133, 131, 98, 65, 32, 15, 4, 5, 3, 1, 0, 1]
(0, (1, 1, 1), (3, 1)): [97, 260, 250, 189, 157, 94, 50, 18, 9, 5, 2, 1, 0, 1]
(0, (1, 1, 1), (3, 2)): [163, 376, 348, 258, 221, 115, 68, 27, 15, 6, 2, 1, 1, 1]
(1, (0, 0, 0), (0, 0)): [1775283, 198344, 81211, 32256, 12685, 4841, 1887, 670, 237, 97, 36, 23, 7, 3, 0, 1]
(1, (0, 0, 0), (0, 1)): [292537, 30908, 12567, 4978, 1995, 744, 285, 111, 29, 11, 4, 5, 0, 1]
(1, (0, 0, 0), (0, 2)): [112777, 10167, 4117, 1512, 611, 223, 69, 30, 3, 4, 1, 3]
(1, (0, 0, 0), (1, 0)): [257012, 33006, 13894, 5664, 2327, 889, 350, 106, 40, 18, 5, 3, 0, 0, 0, 1]
(1, (0, 0, 0), (1, 1)): [250446, 28425, 11624, 4713, 1925, 693, 309, 101, 34, 11, 5, 2, 0, 1]
(1, (0, 0, 0), (1, 2)): [170894, 16392, 6606, 2576, 1076, 388, 153, 43, 14, 7, 1, 2]
(1, (0, 0, 0), (2, 0)): [85608, 12393, 5585, 2364, 985, 392, 151, 45, 14, 10, 2, 2, 0, 0, 0, 1]
(1, (0, 0, 0), (2, 1)): [132011, 16750, 7243, 2946, 1259, 460, 166, 70, 16, 13, 5, 2]
(1, (0, 0, 0), (2, 2)): [139068, 14710, 6231, 2571, 1059, 373, 132, 51, 18, 8, 1, 1]
(1, (0, 0, 0), (3, 0)): [25340, 4123, 2284, 1010, 391, 175, 83, 17, 10, 4, 1, 1, 0, 0, 0, 1]
(1, (0, 0, 0), (3, 1)): [52626, 8010, 3961, 1704, 727, 278, 106, 37, 10, 5, 3]
(1, (0, 0, 0), (3, 2)): [76198, 9805, 4697, 1993, 857, 304, 108, 45, 11, 7, 3]
(1, (0, 0, 1), (0, 0)): [48694, 70085, 13962, 6114, 2499, 1030, 397, 144, 72, 25, 14, 8, 4, 2]
(1, (0, 0, 1), (0, 1)): [7031, 8662, 1783, 731, 253, 128, 56, 15, 4, 1, 3, 1]
(1, (0, 0, 1), (0, 2)): [3074, 2837, 552, 215, 85, 41, 18, 2, 3, 0, 1, 1]
(1, (0, 0, 1), (1, 0)): [7490, 11064, 2327, 1178, 477, 200, 70, 23, 20, 4, 1, 1]
(1, (0, 0, 1), (1, 1)): [6518, 8319, 1717, 784, 285, 121, 46, 15, 6, 3, 1, 1]
(1, (0, 0, 1), (1, 2)): [4906, 4628, 927, 405, 159, 67, 28, 5, 4, 1, 1, 2]
(1, (0, 0, 1), (2, 0)): [3065, 4492, 1035, 594, 247, 103, 42, 14, 11, 2, 1]
(1, (0, 0, 1), (2, 1)): [3712, 4954, 1077, 540, 201, 90, 28, 14, 6, 2, 1]
(1, (0, 0, 1), (2, 2)): [4289, 4230, 903, 434, 148, 65, 31, 9, 3, 1, 2, 2]
(1, (0, 0, 1), (3, 0)): [1422, 1822, 470, 328, 139, 57, 23, 7, 4, 0, 1]
(1, (0, 0, 1), (3, 1)): [1609, 2138, 543, 303, 126, 57, 18, 9, 3, 1]
(1, (0, 0, 1), (3, 2)): [2583, 2643, 639, 354, 129, 63, 28, 11, 3, 0, 1]
(1, (0, 1, 0), (0, 0)): [241965, 105513, 38902, 16932, 6846, 2752, 960, 421, 124, 61, 32, 10, 10, 2, 1]
(1, (0, 1, 0), (0, 1)): [36035, 14248, 5312, 2231, 894, 398, 133, 61, 14, 10, 6, 1, 1]
(1, (0, 1, 0), (0, 2)): [14122, 4971, 1763, 695, 263, 130, 40, 16, 4, 4, 1, 1, 1]
(1, (0, 1, 0), (1, 0)): [39077, 16481, 6649, 3334, 1375, 543, 199, 86, 29, 13, 6, 0, 0, 1]
(1, (0, 1, 0), (1, 1)): [32817, 13044, 5068, 2295, 953, 382, 137, 52, 16, 5, 5, 0, 0, 1]
(1, (0, 1, 0), (1, 2)): [22078, 7834, 2851, 1218, 452, 202, 71, 35, 9, 6, 1, 1]
(1, (0, 1, 0), (2, 0)): [16361, 6672, 2913, 1701, 722, 283, 103, 53, 15, 8, 5]
(1, (0, 1, 0), (2, 1)): [19077, 7624, 3206, 1572, 688, 260, 97, 40, 11, 6, 3, 0, 0, 1]
(1, (0, 1, 0), (2, 2)): [19289, 6855, 2700, 1191, 487, 214, 70, 27, 8, 5, 2]
(1, (0, 1, 0), (3, 0)): [7334, 2728, 1295, 927, 418, 159, 61, 28, 9, 4, 2]
(1, (0, 1, 0), (3, 1)): [8913, 3356, 1622, 980, 445, 148, 68, 33, 13, 4, 2, 0, 0, 1]
(1, (0, 1, 0), (3, 2)): [11936, 4197, 1909, 1010, 446, 164, 62, 25, 5, 6, 2, 0, 0, 1]
(1, (0, 1, 1), (0, 0)): [37726, 31875, 27796, 11292, 5831, 2278, 922, 361, 158, 53, 17, 8, 2, 2, 0, 1]
(1, (0, 1, 1), (0, 1)): [4974, 3833, 3239, 1317, 601, 206, 109, 47, 13, 2, 3]
(1, (0, 1, 1), (0, 2)): [2325, 1228, 1133, 462, 221, 66, 39, 18, 2, 1, 3]
(1, (0, 1, 1), (1, 0)): [6373, 5853, 4436, 1991, 1245, 490, 201, 76, 28, 13, 1, 1]
(1, (0, 1, 1), (1, 1)): [4270, 3504, 2881, 1176, 585, 201, 92, 36, 14, 5, 0, 1]
(1, (0, 1, 1), (1, 2)): [3453, 2019, 1783, 702, 350, 111, 55, 26, 5, 4, 2, 1]
(1, (0, 1, 1), (2, 0)): [3589, 3134, 2274, 1135, 831, 337, 139, 52, 20, 8, 1]
(1, (0, 1, 1), (2, 1)): [2336, 1989, 1619, 727, 376, 145, 66, 18, 8, 3]
(1, (0, 1, 1), (2, 2)): [2872, 1750, 1543, 644, 326, 99, 50, 17, 5, 2, 1, 1]
(1, (0, 1, 1), (3, 0)): [2598, 2097, 1392, 786, 683, 272, 109, 45, 16, 7, 1]
(1, (0, 1, 1), (3, 1)): [1019, 870, 703, 332, 205, 101, 36, 15, 6, 3]
(1, (0, 1, 1), (3, 2)): [1629, 1103, 875, 427, 257, 89, 35, 17, 7, 3, 0, 1]
(1, (1, 0, 0), (0, 0)): [664218, 117573, 77113, 32939, 13511, 5373, 2125, 765, 298, 127, 48, 32, 5, 3, 0, 2]
(1, (1, 0, 0), (0, 1)): [98170, 15520, 10618, 4559, 1829, 732, 302, 106, 30, 14, 8, 4]
(1, (1, 0, 0), (0, 2)): [37043, 5075, 3412, 1380, 545, 249, 101, 28, 8, 4, 4]
(1, (1, 0, 0), (1, 0)): [92115, 17399, 12394, 5591, 2374, 958, 394, 139, 41, 24, 7, 4, 1, 0, 0, 1]
(1, (1, 0, 0), (1, 1)): [79330, 13445, 9376, 4127, 1671, 656, 273, 100, 32, 13, 6, 6, 0, 0, 0, 1]
(1, (1, 0, 0), (1, 2)): [51721, 7591, 5218, 2231, 863, 335, 138, 52, 16, 5, 5, 1]
(1, (1, 0, 0), (2, 0)): [30114, 6176, 4577, 2305, 997, 398, 168, 57, 21, 8, 2, 0, 1]
(1, (1, 0, 0), (2, 1)): [39848, 7414, 5268, 2545, 1028, 426, 168, 57, 20, 8, 5, 4, 0, 0, 0, 1]
(1, (1, 0, 0), (2, 2)): [39084, 6268, 4277, 1971, 780, 325, 128, 48, 11, 5, 3, 1]
(1, (1, 0, 0), (3, 0)): [8532, 2040, 1430, 917, 427, 159, 78, 21, 7, 4, 0, 0, 1]
(1, (1, 0, 0), (3, 1)): [15337, 3447, 2388, 1382, 579, 221, 108, 26, 14, 4, 3, 1, 0, 0, 0, 1]
(1, (1, 0, 0), (3, 2)): [19602, 4010, 2608, 1409, 555, 232, 105, 28, 13, 5, 4, 2, 0, 0, 0, 1]
(1, (1, 0, 1), (0, 0)): [54105, 61773, 19937, 13569, 5889, 2417, 954, 373, 129, 75, 22, 7, 2, 1]
(1, (1, 0, 1), (0, 1)): [8606, 7839, 2486, 1747, 758, 318, 119, 35, 20, 9, 3, 0, 2]
(1, (1, 0, 1), (0, 2)): [3794, 2543, 832, 609, 259, 100, 46, 20, 8, 4, 2, 0, 1]
(1, (1, 0, 1), (1, 0)): [7566, 8528, 2896, 2107, 985, 411, 158, 71, 20, 17, 0, 1]
(1, (1, 0, 1), (1, 1)): [6688, 6482, 2161, 1503, 632, 278, 101, 27, 12, 6, 0, 1, 1]
(1, (1, 0, 1), (1, 2)): [4900, 3633, 1254, 879, 360, 150, 52, 27, 8, 4, 2]
(1, (1, 0, 1), (2, 0)): [2603, 2834, 1037, 778, 417, 175, 64, 33, 6, 8]
(1, (1, 0, 1), (2, 1)): [3338, 3328, 1116, 825, 407, 160, 69, 21, 9, 6, 0, 1]
(1, (1, 0, 1), (2, 2)): [3612, 2779, 1039, 705, 342, 118, 55, 20, 9, 4, 1]
(1, (1, 0, 1), (3, 0)): [879, 936, 373, 270, 168, 79, 24, 9, 1, 4]
(1, (1, 0, 1), (3, 1)): [1261, 1305, 517, 370, 206, 95, 30, 14, 2, 3, 0, 1]
(1, (1, 0, 1), (3, 2)): [1782, 1575, 654, 443, 258, 100, 37, 14, 7, 3, 0, 1]
(1, (1, 1, 0), (0, 0)): [186536, 56486, 37717, 27501, 11600, 4818, 1889, 751, 288, 117, 44, 25, 9, 5, 1]
(1, (1, 1, 0), (0, 1)): [30399, 8036, 5067, 3930, 1678, 687, 243, 110, 41, 14, 8, 4]
(1, (1, 1, 0), (0, 2)): [12315, 2854, 1710, 1339, 555, 219, 63, 34, 12, 1, 2]
(1, (1, 1, 0), (1, 0)): [26162, 8500, 5712, 4453, 1935, 806, 373, 122, 35, 23, 9, 4, 2, 1]
(1, (1, 1, 0), (1, 1)): [23968, 6859, 4539, 3487, 1501, 606, 242, 101, 30, 22, 8, 4]
(1, (1, 1, 0), (1, 2)): [17004, 4165, 2587, 1998, 855, 289, 99, 57, 17, 5, 6, 2]
(1, (1, 1, 0), (2, 0)): [8367, 3146, 2049, 1588, 797, 361, 169, 51, 16, 10, 5, 2, 2, 1]
(1, (1, 1, 0), (2, 1)): [11874, 3794, 2574, 1979, 919, 414, 181, 54, 21, 9, 7, 2, 1]
(1, (1, 1, 0), (2, 2)): [12804, 3465, 2199, 1683, 804, 303, 117, 52, 16, 6, 3, 2]
(1, (1, 1, 0), (3, 0)): [2142, 1154, 735, 478, 322, 143, 68, 26, 4, 6, 1, 2, 1]
(1, (1, 1, 0), (3, 1)): [4329, 1857, 1253, 911, 506, 233, 93, 32, 12, 7, 4, 2, 1]
(1, (1, 1, 0), (3, 2)): [6266, 2191, 1483, 1064, 598, 217, 89, 35, 13, 7, 2, 1, 1]
(1, (1, 1, 1), (0, 0)): [38184, 30686, 19234, 12571, 9571, 4053, 1668, 631, 252, 91, 30, 21, 9, 4, 1, 1]
(1, (1, 1, 1), (0, 1)): [6696, 4604, 2795, 1800, 1438, 568, 246, 90, 41, 11, 3, 1, 0, 1]
(1, (1, 1, 1), (0, 2)): [3188, 1591, 999, 659, 482, 169, 83, 25, 7, 6, 2, 0, 0, 1]
(1, (1, 1, 1), (1, 0)): [5002, 4583, 2799, 1800, 1552, 675, 308, 107, 36, 14, 5, 6, 2]
(1, (1, 1, 1), (1, 1)): [4899, 3788, 2341, 1511, 1214, 498, 236, 84, 36, 7, 3, 3]
(1, (1, 1, 1), (1, 2)): [3959, 2192, 1446, 935, 709, 292, 126, 45, 19, 6, 1, 3, 0, 1]
(1, (1, 1, 1), (2, 0)): [1308, 1542, 975, 613, 571, 278, 121, 47, 11, 7, 2, 3, 1]
(1, (1, 1, 1), (2, 1)): [2098, 2024, 1202, 775, 638, 297, 138, 46, 15, 5, 3, 2]
(1, (1, 1, 1), (2, 2)): [2667, 1812, 1163, 763, 601, 253, 119, 42, 15, 9, 1, 3, 0, 1]
(1, (1, 1, 1), (3, 0)): [217, 476, 334, 213, 179, 95, 43, 20, 4, 3, 0, 1, 1]
(1, (1, 1, 1), (3, 1)): [544, 875, 558, 341, 294, 158, 55, 25, 9, 2, 2, 1, 1]
(1, (1, 1, 1), (3, 2)): [1029, 1080, 687, 461, 360, 184, 78, 31, 9, 3, 2, 1, 0, 1]
(2, (0, 0, 0), (0, 0)): [1549262, 73114, 24355, 7747, 2595, 830, 283, 100, 20, 8, 5, 0, 1]
(2, (0, 0, 0), (0, 1)): [253123, 10689, 3581, 1146, 414, 121, 44, 16, 3]
(2, (0, 0, 0), (0, 2)): [96722, 2872, 996, 309, 118, 29, 3, 7]
(2, (0, 0, 0), (1, 0)): [232933, 13721, 4766, 1478, 523, 149, 56, 16, 7, 0, 0, 0, 1]
(2, (0, 0, 0), (1, 1)): [222210, 10699, 3688, 1140, 425, 131, 52, 12, 5]
(2, (0, 0, 0), (1, 2)): [148463, 5116, 1795, 575, 202, 66, 21, 8, 1]
(2, (0, 0, 0), (2, 0)): [81613, 5447, 2240, 671, 234, 64, 25, 7, 3, 0, 0, 0, 1]
(2, (0, 0, 0), (2, 1)): [122266, 6893, 2652, 767, 270, 78, 32, 10, 5]
(2, (0, 0, 0), (2, 2)): [126032, 5259, 1996, 608, 209, 68, 23, 7, 1]
(2, (0, 0, 0), (3, 0)): [25632, 1844, 1028, 315, 110, 34, 11, 4, 0, 0, 0, 0, 1]
(2, (0, 0, 0), (3, 1)): [51492, 3493, 1677, 524, 161, 48, 16, 7, 3]
(2, (0, 0, 0), (3, 2)): [73415, 3974, 1826, 553, 185, 62, 20, 7, 2]
(2, (0, 0, 1), (0, 0)): [146963, 43475, 9124, 3123, 1114, 377, 108, 37, 8, 6, 0, 2]
(2, (0, 0, 1), (0, 1)): [22396, 5324, 1183, 390, 136, 50, 13, 4, 1, 3]
(2, (0, 0, 1), (0, 2)): [8906, 1608, 351, 115, 39, 13, 4, 0, 0, 1]
(2, (0, 0, 1), (1, 0)): [25187, 6912, 1773, 680, 261, 84, 26, 11, 2, 1, 0, 1]
(2, (0, 0, 1), (1, 1)): [20968, 5177, 1184, 443, 160, 57, 11, 6, 1, 2]
(2, (0, 0, 1), (1, 2)): [14309, 2708, 576, 195, 84, 30, 7, 2, 0, 2]
(2, (0, 0, 1), (2, 0)): [11023, 2930, 860, 384, 151, 46, 16, 6, 1, 1, 0, 1]
(2, (0, 0, 1), (2, 1)): [12678, 3281, 873, 352, 128, 35, 10, 7, 0, 2]
(2, (0, 0, 1), (2, 2)): [13094, 2672, 679, 240, 96, 34, 6, 3]
(2, (0, 0, 1), (3, 0)): [5262, 1195, 424, 241, 87, 30, 11, 1, 1, 0, 0, 1]
(2, (0, 0, 1), (3, 1)): [6003, 1564, 488, 258, 87, 24, 9, 4, 0, 1]
(2, (0, 0, 1), (3, 2)): [8364, 1840, 543, 250, 98, 24, 8, 3, 0, 1]
(2, (0, 1, 0), (0, 0)): [387061, 80454, 22436, 7972, 2681, 876, 278, 84, 20, 12, 7, 0, 1]
(2, (0, 1, 0), (0, 1)): [58084, 10128, 2837, 925, 351, 95, 31, 9, 5, 3, 1]
(2, (0, 1, 0), (0, 2)): [23031, 3016, 843, 255, 94, 18, 9, 2, 2, 1]
(2, (0, 1, 0), (1, 0)): [66239, 13119, 4432, 1862, 610, 204, 72, 23, 1, 1, 0, 0, 1]
(2, (0, 1, 0), (1, 1)): [53992, 9819, 2945, 1048, 380, 108, 43, 13, 3, 2, 1]
(2, (0, 1, 0), (1, 2)): [36547, 5133, 1410, 509, 174, 36, 21, 7, 0, 1]
(2, (0, 1, 0), (2, 0)): [29801, 5628, 2141, 1116, 378, 126, 36, 13, 1, 1, 0, 0, 1]
(2, (0, 1, 0), (2, 1)): [32233, 6100, 2058, 798, 294, 88, 26, 6, 2, 2, 1, 0, 1]
(2, (0, 1, 0), (2, 2)): [32918, 4975, 1475, 584, 212, 51, 26, 8, 0, 2]
(2, (0, 1, 0), (3, 0)): [15192, 2451, 1082, 750, 238, 81, 26, 12, 1, 1]
(2, (0, 1, 0), (3, 1)): [15030, 2882, 1143, 586, 204, 65, 18, 5, 2, 1, 1, 0, 1]
(2, (0, 1, 0), (3, 2)): [20734, 3309, 1196, 632, 206, 56, 31, 8, 0, 1, 0, 0, 1]
(2, (0, 1, 1), (0, 0)): [89537, 7576, 18909, 5433, 2148, 708, 226, 72, 23, 6, 5, 1, 0, 1]
(2, (0, 1, 1), (0, 1)): [13585, 868, 2351, 681, 236, 84, 20, 9, 1, 1]
(2, (0, 1, 1), (0, 2)): [5764, 292, 735, 215, 83, 25, 6, 2, 0, 1]
(2, (0, 1, 1), (1, 0)): [15902, 1515, 3074, 1121, 517, 184, 55, 16, 4, 0, 3]
(2, (0, 1, 1), (1, 1)): [12369, 856, 2241, 701, 257, 102, 24, 10, 3, 0, 1]
(2, (0, 1, 1), (1, 2)): [9194, 495, 1271, 370, 143, 49, 9, 3, 0, 1, 1]
(2, (0, 1, 1), (2, 0)): [7691, 859, 1398, 593, 341, 113, 33, 11, 1, 0, 2]
(2, (0, 1, 1), (2, 1)): [7288, 578, 1376, 469, 214, 74, 18, 6, 3, 0, 1]
(2, (0, 1, 1), (2, 2)): [8202, 533, 1182, 393, 154, 64, 9, 4, 2]
(2, (0, 1, 1), (3, 0)): [4507, 593, 715, 349, 234, 86, 23, 10, 0, 0, 1]
(2, (0, 1, 1), (3, 1)): [3429, 324, 635, 251, 141, 48, 16, 7, 1, 0, 1]
(2, (0, 1, 1), (3, 2)): [5174, 426, 813, 304, 146, 66, 9, 7, 3]
(2, (1, 0, 0), (0, 0)): [804166, 58448, 38994, 12432, 4119, 1313, 499, 148, 38, 15, 7, 1, 1]
(2, (1, 0, 0), (0, 1)): [118288, 7307, 5041, 1640, 560, 189, 71, 31, 10, 1, 0, 1]
(2, (1, 0, 0), (0, 2)): [44471, 1991, 1299, 450, 152, 39, 22, 9, 4]
(2, (1, 0, 0), (1, 0)): [114016, 9509, 6799, 2337, 828, 236, 101, 24, 8, 2, 0, 0, 1]
(2, (1, 0, 0), (1, 1)): [98658, 6694, 4713, 1586, 540, 174, 62, 20, 7, 1]
(2, (1, 0, 0), (1, 2)): [64028, 3222, 2114, 773, 257, 71, 26, 10, 4]
(2, (1, 0, 0), (2, 0)): [38443, 3738, 2555, 1072, 378, 110, 45, 16, 6, 2, 0, 0, 1]
(2, (1, 0, 0), (2, 1)): [51502, 4063, 2878, 1073, 367, 113, 47, 12, 5, 0, 0, 0, 1]
(2, (1, 0, 0), (2, 2)): [50121, 3128, 2007, 757, 267, 79, 35, 9, 4]
(2, (1, 0, 0), (3, 0)): [11376, 1408, 824, 492, 169, 49, 18, 8, 3, 2]
(2, (1, 0, 0), (3, 1)): [20846, 2151, 1418, 700, 207, 66, 24, 7, 3, 1, 0, 0, 1]
(2, (1, 0, 0), (3, 2)): [26665, 2317, 1458, 678, 221, 77, 27, 12, 1, 1, 0, 0, 1]
(2, (1, 0, 1), (0, 0)): [141674, 33317, 13220, 8328, 2779, 902, 304, 90, 30, 10, 2, 4, 2]
(2, (1, 0, 1), (0, 1)): [22711, 4384, 1638, 1113, 394, 132, 46, 8, 4, 1, 1, 1, 1]
(2, (1, 0, 1), (0, 2)): [9188, 1309, 482, 297, 114, 33, 11, 3, 1]
(2, (1, 0, 1), (1, 0)): [21868, 4844, 2225, 1577, 588, 164, 57, 15, 1, 2, 0, 1]
(2, (1, 0, 1), (1, 1)): [19052, 3789, 1616, 1061, 418, 128, 46, 10, 3, 2, 1, 2, 1]
(2, (1, 0, 1), (1, 2)): [13067, 1972, 831, 498, 198, 68, 25, 5, 3, 0, 0, 1]
(2, (1, 0, 1), (2, 0)): [7874, 1707, 910, 636, 259, 76, 25, 8, 1]
(2, (1, 0, 1), (2, 1)): [10314, 2056, 995, 633, 304, 89, 26, 8, 0, 1, 0, 1]
(2, (1, 0, 1), (2, 2)): [10248, 1583, 777, 467, 186, 72, 24, 5, 3, 0, 0, 1]
(2, (1, 0, 1), (3, 0)): [2651, 531, 372, 240, 110, 30, 15, 3, 1]
(2, (1, 0, 1), (3, 1)): [4446, 835, 510, 323, 196, 40, 23, 4, 1, 1]
(2, (1, 0, 1), (3, 2)): [5750, 850, 598, 340, 184, 57, 17, 5, 3]
(2, (1, 1, 0), (0, 0)): [316866, 47701, 24209, 16951, 5498, 1780, 605, 199, 66, 28, 10, 3, 2, 1]
(2, (1, 1, 0), (0, 1)): [50870, 6438, 3116, 2331, 718, 224, 81, 31, 5, 4, 2, 1, 1]
(2, (1, 1, 0), (0, 2)): [20926, 1899, 923, 651, 222, 61, 21, 11, 2, 1]
(2, (1, 1, 0), (1, 0)): [46104, 7081, 3991, 3009, 1117, 329, 123, 33, 16, 4, 1, 1]
(2, (1, 1, 0), (1, 1)): [42549, 5758, 2988, 2250, 694, 229, 75, 28, 9, 4, 2, 2, 1]
(2, (1, 1, 0), (1, 2)): [30253, 2994, 1582, 1075, 334, 117, 29, 17, 6, 1, 1, 1]
(2, (1, 1, 0), (2, 0)): [15864, 2485, 1615, 1165, 568, 157, 61, 15, 8, 3]
(2, (1, 1, 0), (2, 1)): [22368, 3150, 1866, 1388, 549, 145, 60, 18, 6, 3, 0, 0, 1]
(2, (1, 1, 0), (2, 2)): [24001, 2600, 1514, 1041, 388, 110, 42, 17, 10, 1, 1, 1]
(2, (1, 1, 0), (3, 0)): [5107, 779, 658, 395, 277, 87, 27, 6, 5, 2]
(2, (1, 1, 0), (3, 1)): [9535, 1368, 1059, 698, 385, 103, 36, 7, 4, 1, 0, 0, 1]
(2, (1, 1, 0), (3, 2)): [13383, 1608, 1238, 776, 402, 94, 36, 13, 7, 1, 1]
(2, (1, 1, 1), (0, 0)): [93867, 13712, 15601, 7863, 5928, 1838, 620, 208, 69, 16, 10, 4, 1, 1]
(2, (1, 1, 1), (0, 1)): [16878, 1787, 2216, 1129, 872, 266, 92, 26, 12, 1, 3, 0, 1]
(2, (1, 1, 1), (0, 2)): [7419, 566, 652, 342, 233, 76, 29, 6, 3, 0, 2]
(2, (1, 1, 1), (1, 0)): [13014, 2906, 2457, 1401, 1107, 351, 116, 41, 13, 4, 1, 2]
(2, (1, 1, 1), (1, 1)): [13284, 1902, 2010, 1113, 836, 259, 82, 25, 9, 2, 1, 0, 1]
(2, (1, 1, 1), (1, 2)): [10290, 987, 1050, 533, 410, 138, 42, 12, 3, 1, 2]
(2, (1, 1, 1), (2, 0)): [3654, 1672, 854, 559, 444, 143, 49, 17, 5, 3, 0, 2]
(2, (1, 1, 1), (2, 1)): [6036, 1558, 1140, 726, 532, 187, 54, 11, 6, 1, 0, 0, 1]
(2, (1, 1, 1), (2, 2)): [7285, 1163, 947, 562, 404, 154, 42, 10, 4, 2, 2]
(2, (1, 1, 1), (3, 0)): [622, 1025, 242, 238, 141, 66, 29, 11, 2, 3, 0, 1]
(2, (1, 1, 1), (3, 1)): [1755, 1298, 450, 400, 287, 105, 38, 9, 3, 3, 0, 1]
(2, (1, 1, 1), (3, 2)): [3128, 1304, 584, 503, 312, 133, 45, 10, 4, 2, 2]
