(0, (0, 0, 0), (0, 0)): [575872, 116498, 54479, 25189, 11450, 4964, 2077, 890, 372, 182, 77, 26, 17, 4, 2]
(0, (0, 0, 0), (0, 1)): [3229, 626, 274, 110, 57, 15, 5, 7, 1, 1, 1]
(0, (0, 0, 0), (0, 2)): [1170, 222, 90, 35, 17, 2, 3, 4]
(0, (0, 0, 0), (1, 0)): [3037, 615, 330, 143, 81, 31, 15, 6, 1, 3]
(0, (0, 0, 0), (1, 1)): [2675, 514, 259, 116, 56, 15, 5, 6, 1, 1, 1]
(0, (0, 0, 0), (1, 2)): [1622, 285, 124, 46, 22, 5, 5, 4]
(0, (0, 0, 0), (2, 0)): [1056, 242, 130, 61, 42, 17, 9, 3, 1, 1]
(0, (0, 0, 0), (2, 1)): [1488, 299, 157, 76, 41, 16, 6, 3, 1]
(0, (0, 0, 0), (2, 2)): [1343, 255, 103, 48, 32, 11, 3, 3]
(0, (0, 0, 0), (3, 0)): [404, 102, 61, 34, 19, 12, 4, 1, 1]
(0, (0, 0, 0), (3, 1)): [614, 140, 95, 48, 21, 8, 4, 2, 2]
(0, (0, 0, 0), (3, 2)): [818, 164, 101, 43, 26, 6, 4, 3, 1]
(0, (0, 0, 1), (0, 0)): [2705, 8775, 2467, 1157, 576, 229, 117, 65, 24, 12, 4, 1, 3]
(0, (0, 0, 1), (0, 1)): [13, 24, 11, 4, 2, 0, 3]
(0, (0, 0, 1), (0, 2)): [6, 10, 2, 0, 1]
(0, (0, 0, 1), (1, 0)): [16, 41, 15, 8, 4, 0, 0, 1]
(0, (0, 0, 1), (1, 1)): [11, 22, 12, 5, 3, 0, 3]
(0, (0, 0, 1), (1, 2)): [8, 8, 5, 3, 2, 0, 1]
(0, (0, 0, 1), (2, 0)): [8, 19, 7, 3, 1, 0, 0, 1]
(0, (0, 0, 1), (2, 1)): [8, 14, 5, 2, 2, 0, 1]
(0, (0, 0, 1), (2, 2)): [7, 5, 4, 2, 2, 0, 1]
(0, (0, 0, 1), (3, 0)): [2, 9, 3, 2, 1, 0, 0, 1]
(0, (0, 0, 1), (3, 1)): [4, 5, 2, 1, 1, 0, 0, 1]
(0, (0, 0, 1), (3, 2)): [3, 5, 1, 1, 1, 0, 1, 1]
(0, (0, 1, 0), (0, 0)): [18927, 19242, 7308, 3466, 1753, 780, 327, 144, 61, 37, 14, 4, 2]
(0, (0, 1, 0), (0, 1)): [104, 81, 33, 10, 7, 3, 1, 1]
(0, (0, 1, 0), (0, 2)): [35, 19, 12, 4, 2, 3]
(0, (0, 1, 0), (1, 0)): [96, 98, 32, 25, 9, 4, 2]
(0, (0, 1, 0), (1, 1)): [79, 65, 17, 15, 5, 3, 1, 1]
(0, (0, 1, 0), (1, 2)): [52, 36, 13, 8, 4, 2, 1]
(0, (0, 1, 0), (2, 0)): [30, 45, 17, 12, 4, 1, 1]
(0, (0, 1, 0), (2, 1)): [26, 35, 16, 13, 2, 3, 1, 1]
(0, (0, 1, 0), (2, 2)): [36, 23, 15, 11, 1, 1]
(0, (0, 1, 0), (3, 0)): [18, 19, 6, 5, 3]
(0, (0, 1, 0), (3, 1)): [15, 16, 6, 9, 3, 3, 1, 1]
(0, (0, 1, 0), (3, 2)): [17, 16, 9, 9, 4, 1, 1]
(0, (0, 1, 1), (0, 0)): [1691, 3020, 3951, 1766, 942, 441, 195, 84, 48, 17, 6, 3, 0, 1, 1]
(0, (0, 1, 1), (0, 1)): [5, 9, 15, 5, 7, 0, 1, 0, 1]
(0, (0, 1, 1), (0, 2)): [3, 4, 5, 2, 5, 0, 1]
(0, (0, 1, 1), (1, 0)): [10, 14, 24, 20, 5, 4, 3, 1]
(0, (0, 1, 1), (1, 1)): [5, 8, 10, 8, 3, 2, 0, 0, 1]
(0, (0, 1, 1), (1, 2)): [0, 5, 5, 6, 7, 1]
(0, (0, 1, 1), (2, 0)): [5, 9, 16, 12, 3, 2, 1, 1]
(0, (0, 1, 1), (2, 1)): [3, 4, 6, 4, 0, 1, 0, 0, 1]
(0, (0, 1, 1), (2, 2)): [2, 1, 6, 4, 3, 1]
(0, (0, 1, 1), (3, 0)): [4, 5, 12, 10, 3, 2, 1, 1]
(0, (0, 1, 1), (3, 1)): [3, 4, 3, 5, 1, 1, 0, 0, 1]
(0, (0, 1, 1), (3, 2)): [1, 2, 5, 3, 1, 1, 0, 0, 1]
(0, (1, 0, 0), (0, 0)): [128547, 45157, 27908, 13963, 6718, 3009, 1295, 560, 240, 121, 53, 17, 11, 3, 2]
(0, (1, 0, 0), (0, 1)): [677, 174, 142, 58, 34, 12, 6, 3, 1, 1]
(0, (1, 0, 0), (0, 2)): [249, 47, 45, 13, 7, 4, 1, 1, 0, 1]
(0, (1, 0, 0), (1, 0)): [563, 218, 133, 74, 35, 10, 10, 4, 2, 2]
(0, (1, 0, 0), (1, 1)): [475, 158, 110, 62, 27, 7, 5, 3, 0, 1]
(0, (1, 0, 0), (1, 2)): [272, 76, 73, 18, 9, 6, 2, 2]
(0, (1, 0, 0), (2, 0)): [186, 76, 37, 26, 20, 5, 4, 3, 2, 1]
(0, (1, 0, 0), (2, 1)): [226, 82, 45, 38, 18, 3, 3, 1, 2, 1]
(0, (1, 0, 0), (2, 2)): [204, 67, 44, 26, 8, 4, 1, 1, 1]
(0, (1, 0, 0), (3, 0)): [69, 26, 14, 14, 12, 3, 0, 1, 0, 1]
(0, (1, 0, 0), (3, 1)): [84, 30, 18, 15, 15, 2, 1, 0, 1, 1]
(0, (1, 0, 0), (3, 2)): [101, 33, 22, 14, 10, 5, 1, 0, 1]
(0, (1, 0, 1), (0, 0)): [2949, 9439, 4102, 2735, 1484, 691, 352, 145, 66, 29, 13, 8, 3, 0, 1]
(0, (1, 0, 1), (0, 1)): [13, 41, 18, 14, 7, 2, 3, 2]
(0, (1, 0, 1), (0, 2)): [6, 18, 6, 4, 2, 1, 2, 1]
(0, (1, 0, 1), (1, 0)): [18, 55, 20, 10, 8, 8, 0, 2, 1]
(0, (1, 0, 1), (1, 1)): [10, 36, 16, 8, 5, 4, 1, 1, 1]
(0, (1, 0, 1), (1, 2)): [5, 19, 9, 3, 4, 0, 0, 2]
(0, (1, 0, 1), (2, 0)): [6, 23, 8, 3, 4, 4, 0, 1]
(0, (1, 0, 1), (2, 1)): [7, 25, 8, 5, 4, 3, 0, 0, 1]
(0, (1, 0, 1), (2, 2)): [7, 16, 11, 2, 3, 1, 0, 2]
(0, (1, 0, 1), (3, 0)): [3, 9, 4, 1, 1, 3, 0, 1]
(0, (1, 0, 1), (3, 1)): [3, 9, 4, 0, 2, 1]
(0, (1, 0, 1), (3, 2)): [3, 10, 6, 1, 1]
(0, (1, 1, 0), (0, 0)): [17072, 11392, 9377, 6327, 3446, 1591, 713, 347, 140, 72, 35, 9, 5, 1]
(0, (1, 1, 0), (0, 1)): [103, 56, 42, 30, 16, 9, 4, 1]
(0, (1, 1, 0), (0, 2)): [28, 17, 14, 11, 11, 3, 1, 1]
(0, (1, 1, 0), (1, 0)): [82, 53, 48, 38, 19, 11, 5, 2, 1, 1]
(0, (1, 1, 0), (1, 1)): [75, 39, 34, 26, 9, 10, 2, 0, 1, 1]
(0, (1, 1, 0), (1, 2)): [49, 18, 18, 13, 8, 2, 0, 1, 0, 1]
(0, (1, 1, 0), (2, 0)): [23, 16, 18, 12, 10, 4, 2, 2]
(0, (1, 1, 0), (2, 1)): [29, 21, 16, 11, 10, 7, 2]
(0, (1, 1, 0), (2, 2)): [28, 16, 11, 11, 4, 3, 1, 0, 0, 1]
(0, (1, 1, 0), (3, 0)): [8, 8, 9, 5, 4, 1, 0, 2]
(0, (1, 1, 0), (3, 1)): [15, 12, 6, 7, 4, 4, 1, 1]
(0, (1, 1, 0), (3, 2)): [26, 10, 8, 9, 3, 1, 0, 1]
(0, (1, 1, 1), (0, 0)): [1775, 3265, 2825, 2300, 1775, 869, 408, 210, 95, 44, 24, 7, 1, 1, 1]
(0, (1, 1, 1), (0, 1)): [18, 17, 20, 13, 8, 1, 1, 0, 1, 1]
(0, (1, 1, 1), (0, 2)): [8, 5, 6, 5, 2]
(0, (1, 1, 1), (1, 0)): [7, 22, 28, 18, 12, 7, 4, 4, 1]
(0, (1, 1, 1), (1, 1)): [10, 17, 19, 14, 12, 2, 3, 2, 1]
(0, (1, 1, 1), (1, 2)): [11, 9, 8, 5, 5, 0, 1]
(0, (1, 1, 1), (2, 0)): [1, 9, 7, 9, 5, 3, 0, 1]
(0, (1, 1, 1), (2, 1)): [3, 10, 11, 7, 5, 2, 0, 2, 1]
(0, (1, 1, 1), (2, 2)): [5, 12, 8, 7, 2, 2, 1, 1]
(0, (1, 1, 1), (3, 1)): [1, 1, 5, 8, 3, 0, 0, 0, 1]
(0, (1, 1, 1), (3, 2)): [2, 2, 7, 9, 3, 1, 1, 0, 1]
(1, (0, 0, 0), (0, 0)): [456275, 49266, 20335, 8160, 3241, 1292, 490, 202, 77, 28, 11, 6, 2, 1]
(1, (0, 0, 0), (0, 1)): [2584, 254, 95, 23, 21, 2, 0, 1, 1]
(1, (0, 0, 0), (0, 2)): [956, 67, 33, 13, 4, 0, 0, 1]
(1, (0, 0, 0), (1, 0)): [2457, 304, 127, 36, 19, 7, 2, 1]
(1, (0, 0, 0), (1, 1)): [2112, 249, 88, 23, 16, 6, 1, 0, 1]
(1, (0, 0, 0), (1, 2)): [1293, 114, 41, 15, 7, 2]
(1, (0, 0, 0), (2, 0)): [880, 127, 59, 14, 9, 2]
(1, (0, 0, 0), (2, 1)): [1197, 158, 72, 16, 15, 2, 1]
(1, (0, 0, 0), (2, 2)): [1055, 114, 48, 13, 10, 2, 1]
(1, (0, 0, 0), (3, 0)): [293, 47, 22, 7, 4, 1]
(1, (0, 0, 0), (3, 1)): [515, 103, 35, 12, 6, 1]
(1, (0, 0, 0), (3, 2)): [646, 100, 48, 13, 7, 2]
(1, (0, 0, 1), (0, 0)): [14456, 22689, 4389, 1854, 807, 314, 136, 68, 29, 11, 6, 4, 3, 1]
(1, (0, 0, 1), (0, 1)): [60, 87, 15, 6, 1]
(1, (0, 0, 1), (0, 2)): [23, 37, 7]
(1, (0, 0, 1), (1, 0)): [78, 97, 20, 10, 7, 1, 1, 0, 1]
(1, (0, 0, 1), (1, 1)): [64, 70, 12, 8, 3]
(1, (0, 0, 1), (1, 2)): [36, 41, 8, 2]
(1, (0, 0, 1), (2, 0)): [29, 32, 10, 6, 4, 1, 1, 0, 1]
(1, (0, 0, 1), (2, 1)): [29, 38, 5, 6, 3]
(1, (0, 0, 1), (2, 2)): [27, 26, 4, 0, 1]
(1, (0, 0, 1), (3, 0)): [14, 16, 8, 4, 3, 0, 1, 0, 1]
(1, (0, 0, 1), (3, 1)): [18, 23, 2, 6, 2]
(1, (0, 0, 1), (3, 2)): [18, 17, 2, 1, 1]
(1, (0, 1, 0), (0, 0)): [66506, 32639, 11131, 4607, 1913, 787, 289, 130, 36, 25, 7, 5, 4]
(1, (0, 1, 0), (0, 1)): [326, 138, 43, 19, 4, 3, 2, 1]
(1, (0, 1, 0), (0, 2)): [113, 49, 11, 1, 0, 2, 1]
(1, (0, 1, 0), (1, 0)): [373, 212, 56, 33, 25, 6, 3, 1]
(1, (0, 1, 0), (1, 1)): [283, 130, 32, 22, 12, 4, 3, 1]
(1, (0, 1, 0), (1, 2)): [182, 70, 19, 6, 3, 1]
(1, (0, 1, 0), (2, 0)): [167, 76, 30, 22, 12, 2, 1, 1]
(1, (0, 1, 0), (2, 1)): [138, 70, 21, 17, 9, 4, 3, 1]
(1, (0, 1, 0), (2, 2)): [131, 53, 15, 8, 5, 2]
(1, (0, 1, 0), (3, 0)): [93, 42, 12, 15, 10, 0, 0, 1]
(1, (0, 1, 0), (3, 1)): [79, 34, 12, 13, 6, 2, 1]
(1, (0, 1, 0), (3, 2)): [82, 22, 11, 12, 4, 1]
(1, (0, 1, 1), (0, 0)): [11278, 9734, 9697, 3785, 1801, 731, 282, 111, 58, 19, 8, 4, 1, 1]
(1, (0, 1, 1), (0, 1)): [55, 38, 38, 12, 8, 0, 0, 1]
(1, (0, 1, 1), (0, 2)): [28, 10, 10, 5, 2]
(1, (0, 1, 1), (1, 0)): [86, 49, 52, 21, 23, 6, 3, 1, 1]
(1, (0, 1, 1), (1, 1)): [37, 27, 26, 9, 7, 0, 1]
(1, (0, 1, 1), (1, 2)): [34, 11, 13, 6, 0, 0, 1]
(1, (0, 1, 1), (2, 0)): [58, 38, 32, 13, 17, 6, 2, 1, 1]
(1, (0, 1, 1), (2, 1)): [21, 21, 18, 6, 2]
(1, (0, 1, 1), (2, 2)): [26, 11, 14, 6]
(1, (0, 1, 1), (3, 0)): [46, 28, 24, 8, 17, 6, 2, 1, 1]
(1, (0, 1, 1), (3, 1)): [10, 11, 6, 2, 2]
(1, (0, 1, 1), (3, 2)): [12, 9, 11, 1]
(1, (1, 0, 0), (0, 0)): [186042, 35283, 21016, 9256, 3680, 1549, 571, 224, 101, 41, 16, 11, 2, 2]
(1, (1, 0, 0), (0, 1)): [973, 154, 101, 39, 20, 7, 6]
(1, (1, 0, 0), (0, 2)): [341, 51, 36, 11, 3, 1, 2]
(1, (1, 0, 0), (1, 0)): [954, 186, 135, 57, 16, 6, 1, 2, 1]
(1, (1, 0, 0), (1, 1)): [752, 141, 86, 31, 15, 7, 2, 1]
(1, (1, 0, 0), (1, 2)): [447, 61, 43, 12, 6, 3, 2]
(1, (1, 0, 0), (2, 0)): [320, 68, 55, 26, 8, 3, 0, 0, 1]
(1, (1, 0, 0), (2, 1)): [382, 81, 46, 22, 9, 4, 0, 1, 1]
(1, (1, 0, 0), (2, 2)): [331, 59, 40, 14, 7, 3]
(1, (1, 0, 0), (3, 0)): [113, 29, 24, 12, 5, 1]
(1, (1, 0, 0), (3, 1)): [153, 42, 24, 17, 3, 3, 0, 1]
(1, (1, 0, 0), (3, 2)): [167, 38, 24, 16, 3, 4]
(1, (1, 0, 1), (0, 0)): [14511, 18838, 6423, 4034, 1717, 747, 271, 111, 44, 28, 10, 2]
(1, (1, 0, 1), (0, 1)): [80, 74, 21, 16, 9, 3, 2, 1, 2]
(1, (1, 0, 1), (0, 2)): [44, 22, 7, 9, 1, 2, 1, 1]
(1, (1, 0, 1), (1, 0)): [78, 114, 26, 22, 13, 7, 0, 1]
(1, (1, 0, 1), (1, 1)): [49, 63, 13, 14, 12, 0, 1, 0, 1]
(1, (1, 0, 1), (1, 2)): [40, 31, 10, 13, 5, 1, 1, 1]
(1, (1, 0, 1), (2, 0)): [31, 42, 10, 6, 6, 4]
(1, (1, 0, 1), (2, 1)): [26, 37, 3, 5, 5, 2, 1, 0, 1]
(1, (1, 0, 1), (2, 2)): [22, 26, 7, 5, 3, 3, 0, 0, 1]
(1, (1, 0, 1), (3, 0)): [16, 16, 5, 3, 3, 2]
(1, (1, 0, 1), (3, 1)): [12, 18, 4, 5, 5, 1]
(1, (1, 0, 1), (3, 2)): [15, 17, 6, 5, 6, 3, 0, 0, 1]
(1, (1, 1, 0), (0, 0)): [49025, 15715, 11335, 7461, 3247, 1405, 556, 221, 86, 36, 11, 6, 2, 3]
(1, (1, 1, 0), (0, 1)): [255, 69, 57, 35, 19, 5, 2, 1]
(1, (1, 1, 0), (0, 2)): [93, 30, 20, 11, 5]
(1, (1, 1, 0), (1, 0)): [241, 90, 62, 63, 23, 7, 1, 1]
(1, (1, 1, 0), (1, 1)): [194, 57, 44, 34, 16, 1, 2, 1]
(1, (1, 1, 0), (1, 2)): [127, 24, 25, 16, 9, 0, 1]
(1, (1, 1, 0), (2, 0)): [84, 35, 22, 26, 12, 4]
(1, (1, 1, 0), (2, 1)): [104, 49, 25, 26, 10, 1, 1, 1]
(1, (1, 1, 0), (2, 2)): [93, 27, 22, 14, 6]
(1, (1, 1, 0), (3, 0)): [22, 7, 8, 8, 6, 3]
(1, (1, 1, 0), (3, 1)): [41, 22, 12, 10, 8, 0, 1, 1]
(1, (1, 1, 0), (3, 2)): [47, 20, 11, 10, 8, 0, 0, 1]
(1, (1, 1, 1), (0, 0)): [9924, 8276, 5421, 3814, 2605, 1164, 479, 189, 81, 28, 11, 6, 2, 1]
(1, (1, 1, 1), (0, 1)): [70, 52, 29, 20, 15, 6, 2, 1]
(1, (1, 1, 1), (0, 2)): [34, 19, 12, 7, 5, 3, 1]
(1, (1, 1, 1), (1, 0)): [69, 51, 48, 21, 24, 6, 4, 2, 1]
(1, (1, 1, 1), (1, 1)): [53, 41, 22, 17, 15, 5, 1, 1]
(1, (1, 1, 1), (1, 2)): [39, 16, 13, 13, 9, 5, 2, 1]
(1, (1, 1, 1), (2, 0)): [20, 17, 24, 10, 11, 3, 2, 2]
(1, (1, 1, 1), (2, 1)): [30, 25, 15, 9, 11, 1, 1, 1]
(1, (1, 1, 1), (2, 2)): [35, 17, 13, 8, 12, 3, 3, 1]
(1, (1, 1, 1), (3, 0)): [6, 7, 9, 5, 5, 3, 1]
(1, (1, 1, 1), (3, 1)): [13, 10, 4, 4, 3, 1, 1, 1]
(1, (1, 1, 1), (3, 2)): [23, 10, 7, 8, 5, 3, 1]
(2, (0, 0, 0), (0, 0)): [391458, 16709, 5689, 1789, 646, 236, 80, 30, 7, 2, 2]
(2, (0, 0, 0), (0, 1)): [2277, 92, 31, 8, 4, 2]
(2, (0, 0, 0), (0, 2)): [784, 22, 9, 4]
(2, (0, 0, 0), (1, 0)): [2330, 143, 44, 12, 6, 1, 2]
(2, (0, 0, 0), (1, 1)): [2028, 90, 34, 6, 6, 3, 1]
(2, (0, 0, 0), (1, 2)): [1156, 33, 22, 3, 2, 1, 1]
(2, (0, 0, 0), (2, 0)): [872, 60, 21, 6, 2, 0, 1]
(2, (0, 0, 0), (2, 1)): [1195, 63, 19, 7, 4, 2]
(2, (0, 0, 0), (2, 2)): [986, 37, 18, 7, 2, 2]
(2, (0, 0, 0), (3, 0)): [320, 27, 13, 3, 1, 0, 1]
(2, (0, 0, 0), (3, 1)): [545, 35, 12, 3, 3, 1]
(2, (0, 0, 0), (3, 2)): [638, 37, 18, 4, 1, 2]
(2, (0, 0, 1), (0, 0)): [43217, 14696, 2600, 881, 306, 114, 41, 12, 1, 2, 0, 1]
(2, (0, 0, 1), (0, 1)): [196, 68, 14, 1, 2, 1, 1]
(2, (0, 0, 1), (0, 2)): [79, 17, 6]
(2, (0, 0, 1), (1, 0)): [221, 81, 16, 3, 0, 2]
(2, (0, 0, 1), (1, 1)): [165, 53, 11, 2, 2, 1, 1]
(2, (0, 0, 1), (1, 2)): [104, 26, 8, 0, 1, 0, 1]
(2, (0, 0, 1), (2, 0)): [109, 31, 9, 2, 0, 2]
(2, (0, 0, 1), (2, 1)): [103, 26, 6, 2]
(2, (0, 0, 1), (2, 2)): [94, 20, 8, 1, 1, 0, 1]
(2, (0, 0, 1), (3, 0)): [59, 15, 6, 2, 0, 2]
(2, (0, 0, 1), (3, 1)): [49, 11, 4, 1]
(2, (0, 0, 1), (3, 2)): [58, 15, 5, 1]
(2, (0, 1, 0), (0, 0)): [107769, 25173, 6074, 2080, 674, 243, 78, 22, 6, 1]
(2, (0, 1, 0), (0, 1)): [492, 110, 15, 2, 8, 1, 1]
(2, (0, 1, 0), (0, 2)): [162, 20, 5, 1, 4]
(2, (0, 1, 0), (1, 0)): [679, 118, 48, 16, 2, 3]
(2, (0, 1, 0), (1, 1)): [452, 96, 19, 2, 4, 3, 1]
(2, (0, 1, 0), (1, 2)): [257, 44, 11, 3, 5]
(2, (0, 1, 0), (2, 0)): [348, 61, 29, 14, 2, 1]
(2, (0, 1, 0), (2, 1)): [285, 52, 12, 4, 1, 2]
(2, (0, 1, 0), (2, 2)): [250, 37, 8, 3, 4]
(2, (0, 1, 0), (3, 0)): [210, 33, 20, 7, 1]
(2, (0, 1, 0), (3, 1)): [153, 34, 10, 4, 2, 1]
(2, (0, 1, 0), (3, 2)): [175, 29, 8, 2, 2, 1]
(2, (0, 1, 1), (0, 0)): [26562, 2386, 6376, 1661, 620, 209, 71, 26, 10, 3, 1]
(2, (0, 1, 1), (0, 1)): [116, 8, 25, 4, 2, 0, 0, 1]
(2, (0, 1, 1), (0, 2)): [47, 2, 8, 3, 2]
(2, (0, 1, 1), (1, 0)): [172, 17, 36, 12, 9, 1, 1]
(2, (0, 1, 1), (1, 1)): [98, 7, 24, 4, 2, 0, 0, 1]
(2, (0, 1, 1), (1, 2)): [62, 2, 15, 3, 1]
(2, (0, 1, 1), (2, 0)): [99, 13, 17, 9, 6, 1, 1]
(2, (0, 1, 1), (2, 1)): [52, 6, 12, 4, 1]
(2, (0, 1, 1), (2, 2)): [53, 1, 14, 2]
(2, (0, 1, 1), (3, 0)): [75, 8, 11, 6, 6, 1, 1]
(2, (0, 1, 1), (3, 1)): [30, 3, 7, 3]
(2, (0, 1, 1), (3, 2)): [37, 1, 14, 3]
(2, (1, 0, 0), (0, 0)): [228093, 17623, 9834, 3231, 1071, 347, 136, 46, 12, 3, 3]
(2, (1, 0, 0), (0, 1)): [1116, 66, 43, 15, 5, 3, 1]
(2, (1, 0, 0), (0, 2)): [383, 19, 12, 2, 3, 2, 1]
(2, (1, 0, 0), (1, 0)): [1184, 74, 60, 24, 10, 2, 3]
(2, (1, 0, 0), (1, 1)): [877, 56, 39, 17, 4]
(2, (1, 0, 0), (1, 2)): [506, 25, 18, 9, 3, 1]
(2, (1, 0, 0), (2, 0)): [423, 36, 25, 14, 6, 0, 2]
(2, (1, 0, 0), (2, 1)): [450, 36, 25, 6, 4]
(2, (1, 0, 0), (2, 2)): [386, 21, 21, 3, 3, 1]
(2, (1, 0, 0), (3, 0)): [136, 17, 7, 7, 4, 0, 2]
(2, (1, 0, 0), (3, 1)): [190, 21, 16, 4, 3, 0, 2]
(2, (1, 0, 0), (3, 2)): [207, 23, 12, 2, 2, 1]
(2, (1, 0, 1), (0, 0)): [37932, 10204, 4345, 2245, 716, 263, 83, 33, 11, 2, 0, 1]
(2, (1, 0, 1), (0, 1)): [188, 45, 13, 17, 5, 1]
(2, (1, 0, 1), (0, 2)): [71, 10, 4, 8, 1]
(2, (1, 0, 1), (1, 0)): [204, 36, 16, 19, 8, 1]
(2, (1, 0, 1), (1, 1)): [148, 32, 9, 11, 5]
(2, (1, 0, 1), (1, 2)): [88, 15, 5, 6, 1]
(2, (1, 0, 1), (2, 0)): [71, 9, 9, 11, 3]
(2, (1, 0, 1), (2, 1)): [84, 16, 5, 8, 4]
(2, (1, 0, 1), (2, 2)): [58, 7, 5, 3, 2]
(2, (1, 0, 1), (3, 0)): [35, 1, 3, 5, 1]
(2, (1, 0, 1), (3, 1)): [38, 6, 3, 6, 3]
(2, (1, 0, 1), (3, 2)): [43, 5, 4, 1, 3]
(2, (1, 1, 0), (0, 0)): [82724, 13089, 7081, 4200, 1329, 471, 144, 50, 20, 7, 4, 0, 0, 1]
(2, (1, 1, 0), (0, 1)): [478, 67, 32, 20, 6, 2]
(2, (1, 1, 0), (0, 2)): [179, 23, 12, 4, 1]
(2, (1, 1, 0), (1, 0)): [471, 63, 46, 37, 6, 4, 2, 1]
(2, (1, 1, 0), (1, 1)): [372, 48, 22, 21, 3, 3]
(2, (1, 1, 0), (1, 2)): [220, 30, 15, 9, 1, 1]
(2, (1, 1, 0), (2, 0)): [185, 25, 20, 17, 3, 2, 1, 1]
(2, (1, 1, 0), (2, 1)): [212, 23, 11, 14, 2, 2]
(2, (1, 1, 0), (2, 2)): [172, 28, 12, 11, 1, 1]
(2, (1, 1, 0), (3, 0)): [84, 8, 11, 7, 2, 2, 1]
(2, (1, 1, 0), (3, 1)): [105, 8, 8, 11, 1, 3, 1]
(2, (1, 1, 0), (3, 2)): [121, 12, 12, 11, 1, 0, 1]
(2, (1, 1, 1), (0, 0)): [24470, 3711, 4261, 2235, 1461, 497, 163, 58, 25, 6, 4, 0, 0, 1]
(2, (1, 1, 1), (0, 1)): [178, 18, 23, 15, 10, 1, 1, 0, 1]
(2, (1, 1, 1), (0, 2)): [91, 5, 2, 3, 3, 1, 0, 0, 1]
(2, (1, 1, 1), (1, 0)): [141, 41, 28, 26, 6, 3, 1]
(2, (1, 1, 1), (1, 1)): [118, 16, 22, 14, 6, 1, 1]
(2, (1, 1, 1), (1, 2)): [87, 7, 6, 9, 4, 1]
(2, (1, 1, 1), (2, 0)): [46, 36, 11, 14, 3, 1, 1]
(2, (1, 1, 1), (2, 1)): [52, 15, 12, 10, 4, 1, 1]
(2, (1, 1, 1), (2, 2)): [63, 12, 6, 9, 2, 0, 1]
(2, (1, 1, 1), (3, 0)): [14, 28, 4, 8, 1, 1]
(2, (1, 1, 1), (3, 1)): [23, 20, 4, 8, 2]
(2, (1, 1, 1), (3, 2)): [35, 16, 4, 13, 2, 0, 1]
