(0, (0, 0, 0), (0, 0)): [28100, 6312, 2902, 1284, 641, 256, 106, 36, 17, 5, 1, 2, 1]
(0, (0, 0, 0), (0, 1)): [228, 44, 14, 4, 4, 1, 2, 0, 0, 1]
(0, (0, 0, 0), (0, 2)): [107, 16, 2, 3, 1, 0, 1, 0, 0, 1]
(0, (0, 0, 0), (1, 0)): [218, 56, 23, 8, 6, 1, 1]
(0, (0, 0, 0), (1, 1)): [175, 43, 25, 3, 3, 0, 1]
(0, (0, 0, 0), (1, 2)): [131, 25, 6, 3, 2, 0, 1]
(0, (0, 0, 0), (2, 0)): [72, 19, 5, 4, 4, 1, 1]
(0, (0, 0, 0), (2, 1)): [97, 24, 13, 4, 3]
(0, (0, 0, 0), (2, 2)): [98, 17, 10, 4, 2]
(0, (0, 0, 0), (3, 0)): [18, 5, 2, 1, 2, 0, 1]
(0, (0, 0, 0), (3, 1)): [35, 13, 6, 1, 3]
(0, (0, 0, 0), (3, 2)): [53, 13, 9, 2, 3]
(0, (0, 0, 1), (0, 0)): [94, 296, 77, 43, 14, 9, 3]
(0, (0, 0, 1), (0, 1)): [0, 1, 1]
(0, (0, 0, 1), (0, 2)): [0, 1]
(0, (0, 0, 1), (1, 0)): [0, 9, 1]
(0, (0, 0, 1), (1, 1)): [0, 4, 2]
(0, (0, 0, 1), (1, 2)): [0, 1]
(0, (0, 0, 1), (2, 0)): [0, 3]
(0, (0, 0, 1), (2, 1)): [0, 4, 1]
(0, (0, 0, 1), (2, 2)): [0, 0, 1]
(0, (0, 0, 1), (3, 0)): [0, 2]
(0, (0, 0, 1), (3, 1)): [0, 3]
(0, (0, 1, 0), (0, 0)): [1156, 1142, 436, 243, 114, 57, 34, 8, 2, 1]
(0, (0, 1, 0), (0, 1)): [7, 7, 6, 1, 1]
(0, (0, 1, 0), (0, 2)): [2, 3, 1, 1, 1]
(0, (0, 1, 0), (1, 0)): [9, 7, 0, 3, 0, 2]
(0, (0, 1, 0), (1, 1)): [7, 4, 3, 1]
(0, (0, 1, 0), (1, 2)): [3, 4, 1, 1, 1]
(0, (0, 1, 0), (2, 0)): [1, 3, 0, 1, 0, 2]
(0, (0, 1, 0), (2, 1)): [3, 2, 0, 1, 0, 2]
(0, (0, 1, 0), (2, 2)): [4, 1, 0, 1, 1]
(0, (0, 1, 0), (3, 0)): [1, 1]
(0, (0, 1, 0), (3, 1)): [2, 1, 0, 0, 0, 1]
(0, (0, 1, 0), (3, 2)): [1, 1]
(0, (0, 1, 1), (0, 0)): [85, 160, 196, 93, 40, 19, 9, 2, 1, 1]
(0, (0, 1, 1), (0, 1)): [0, 0, 3, 0, 1]
(0, (0, 1, 1), (0, 2)): [0, 0, 1, 0, 1]
(0, (0, 1, 1), (1, 0)): [0, 1, 2, 2, 0, 2]
(0, (0, 1, 1), (1, 1)): [0, 0, 3]
(0, (0, 1, 1), (1, 2)): [0, 0, 4, 0, 1]
(0, (0, 1, 1), (2, 0)): [0, 0, 0, 2, 0, 2]
(0, (0, 1, 1), (2, 1)): [0, 0, 0, 2, 0, 2]
(0, (0, 1, 1), (2, 2)): [0, 0, 2, 1, 1, 1]
(0, (0, 1, 1), (3, 1)): [0, 0, 0, 0, 0, 1]
(0, (0, 1, 1), (3, 2)): [0, 0, 1, 0, 0, 1]
(0, (1, 0, 0), (0, 0)): [5725, 1995, 1357, 657, 351, 138, 51, 19, 12, 3, 1, 2]
(0, (1, 0, 0), (0, 1)): [40, 11, 10, 3, 6, 1]
(0, (1, 0, 0), (0, 2)): [12, 4, 2, 2, 1]
(0, (1, 0, 0), (1, 0)): [47, 14, 10, 3, 4, 1, 2]
(0, (1, 0, 0), (1, 1)): [34, 8, 6, 3, 5, 1, 1]
(0, (1, 0, 0), (1, 2)): [19, 4, 3, 4, 3]
(0, (1, 0, 0), (2, 0)): [16, 7, 4, 1, 2]
(0, (1, 0, 0), (2, 1)): [20, 8, 5, 1, 3, 0, 1]
(0, (1, 0, 0), (2, 2)): [13, 4, 3, 0, 1]
(0, (1, 0, 0), (3, 0)): [4, 2, 0, 0, 1]
(0, (1, 0, 0), (3, 1)): [7, 6, 2, 0, 1]
(0, (1, 0, 0), (3, 2)): [8, 3, 2, 0, 2]
(0, (1, 0, 1), (0, 0)): [156, 444, 183, 130, 67, 30, 12, 5, 0, 0, 1, 1]
(0, (1, 0, 1), (0, 1)): [1, 2, 0, 0, 0, 1, 1]
(0, (1, 0, 1), (0, 2)): [1, 1]
(0, (1, 0, 1), (1, 0)): [1, 5, 3, 1, 1]
(0, (1, 0, 1), (1, 1)): [1, 4, 3, 0, 0, 1]
(0, (1, 0, 1), (1, 2)): [2, 1, 1]
(0, (1, 0, 1), (2, 0)): [0, 2, 0, 1, 1]
(0, (1, 0, 1), (2, 1)): [0, 2, 1, 0, 1, 1]
(0, (1, 0, 1), (2, 2)): [1, 2, 1, 0, 1]
(0, (1, 0, 1), (3, 0)): [0, 1]
(0, (1, 0, 1), (3, 1)): [0, 1, 0, 0, 0, 1]
(0, (1, 0, 1), (3, 2)): [0, 0, 0, 0, 1, 1]
(0, (1, 1, 0), (0, 0)): [824, 528, 382, 279, 163, 72, 29, 11, 7, 2]
(0, (1, 1, 0), (0, 1)): [6, 6, 4, 1, 2]
(0, (1, 1, 0), (0, 2)): [3, 1, 0, 1, 1]
(0, (1, 1, 0), (1, 0)): [7, 6, 2, 2, 1, 0, 0, 1]
(0, (1, 1, 0), (1, 1)): [4, 4, 4, 1, 1]
(0, (1, 1, 0), (1, 2)): [4, 2, 1, 2, 1]
(0, (1, 1, 0), (2, 0)): [2, 3, 0, 1]
(0, (1, 1, 0), (2, 1)): [1, 4, 1, 0, 1]
(0, (1, 1, 0), (2, 2)): [2, 3]
(0, (1, 1, 0), (3, 0)): [1]
(0, (1, 1, 0), (3, 1)): [2, 0, 0, 0, 1]
(0, (1, 1, 0), (3, 2)): [2, 1, 0, 0, 1]
(0, (1, 1, 1), (0, 0)): [73, 130, 112, 64, 64, 30, 14, 4, 2, 0, 0, 1]
(0, (1, 1, 1), (0, 1)): [0, 0, 1, 0, 0, 3, 0, 1]
(0, (1, 1, 1), (0, 2)): [0, 0, 0, 0, 0, 1]
(0, (1, 1, 1), (1, 0)): [0, 1, 0, 0, 1]
(0, (1, 1, 1), (1, 1)): [0, 1, 1, 0, 1, 1]
(0, (1, 1, 1), (1, 2)): [0, 0, 1, 0, 1, 2]
(0, (1, 1, 1), (2, 1)): [0, 1]
(0, (1, 1, 1), (2, 2)): [0, 1, 1]
(1, (0, 0, 0), (0, 0)): [23437, 2907, 1208, 459, 192, 71, 29, 8, 3, 2, 0, 0, 1]
(1, (0, 0, 0), (0, 1)): [205, 29, 9, 2]
(1, (0, 0, 0), (0, 2)): [72, 6, 1, 1]
(1, (0, 0, 0), (1, 0)): [177, 19, 6, 5, 2, 1, 0, 0, 0, 1]
(1, (0, 0, 0), (1, 1)): [170, 26, 8, 1, 1]
(1, (0, 0, 0), (1, 2)): [120, 13, 2, 0, 1]
(1, (0, 0, 0), (2, 0)): [68, 5, 2, 4, 1, 0, 0, 0, 0, 1]
(1, (0, 0, 0), (2, 1)): [96, 14, 3, 3, 0, 0, 0, 0, 0, 1]
(1, (0, 0, 0), (2, 2)): [100, 11, 1, 1, 1]
(1, (0, 0, 0), (3, 0)): [16, 1, 1, 1]
(1, (0, 0, 0), (3, 1)): [33, 6, 3, 2, 0, 0, 0, 0, 0, 1]
(1, (0, 0, 0), (3, 2)): [49, 6, 3, 2]
(1, (0, 0, 1), (0, 0)): [617, 950, 184, 88, 42, 14, 4, 2, 0, 1]
(1, (0, 0, 1), (0, 1)): [7, 10]
(1, (0, 0, 1), (0, 2)): [4, 3]
(1, (0, 0, 1), (1, 0)): [6, 7, 1, 4]
(1, (0, 0, 1), (1, 1)): [5, 9, 0, 1]
(1, (0, 0, 1), (1, 2)): [7, 5]
(1, (0, 0, 1), (2, 0)): [3, 3, 1, 2]
(1, (0, 0, 1), (2, 1)): [2, 6, 1, 1]
(1, (0, 0, 1), (2, 2)): [4, 3, 0, 1]
(1, (0, 0, 1), (3, 0)): [3, 1, 0, 1]
(1, (0, 0, 1), (3, 1)): [1, 1, 1]
(1, (0, 0, 1), (3, 2)): [4, 2, 1, 1]
(1, (0, 1, 0), (0, 0)): [3280, 1416, 536, 274, 101, 38, 19, 4, 2, 1]
(1, (0, 1, 0), (0, 1)): [32, 3, 1, 3, 1]
(1, (0, 1, 0), (0, 2)): [14, 1, 0, 2]
(1, (0, 1, 0), (1, 0)): [31, 11, 4, 3, 2, 1]
(1, (0, 1, 0), (1, 1)): [30, 2, 2, 1, 1]
(1, (0, 1, 0), (1, 2)): [15, 1, 0, 3, 1]
(1, (0, 1, 0), (2, 0)): [14, 8, 2, 3, 1]
(1, (0, 1, 0), (2, 1)): [24, 3, 2, 2]
(1, (0, 1, 0), (2, 2)): [18, 4, 0, 5]
(1, (0, 1, 0), (3, 0)): [8, 3, 0, 1, 1]
(1, (0, 1, 0), (3, 1)): [11, 1, 2]
(1, (0, 1, 0), (3, 2)): [7, 0, 0, 3]
(1, (0, 1, 1), (0, 0)): [480, 422, 358, 161, 74, 34, 11, 4, 2, 3, 1]
(1, (0, 1, 1), (0, 1)): [2, 2, 1, 2, 0, 0, 0, 0, 0, 1]
(1, (0, 1, 1), (0, 2)): [1, 0, 1, 2, 0, 0, 0, 0, 0, 1]
(1, (0, 1, 1), (1, 0)): [2, 0, 1, 2, 4, 0, 1]
(1, (0, 1, 1), (1, 1)): [0, 1, 0, 0, 1]
(1, (0, 1, 1), (1, 2)): [0, 0, 0, 1, 0, 0, 0, 0, 0, 1]
(1, (0, 1, 1), (2, 0)): [1, 0, 1, 2, 3, 0, 1]
(1, (0, 1, 1), (2, 1)): [0, 0, 0, 0, 1]
(1, (0, 1, 1), (2, 2)): [0, 0, 0, 1, 1, 0, 0, 0, 0, 1]
(1, (0, 1, 1), (3, 0)): [1, 0, 1, 2, 2, 0, 1]
(1, (0, 1, 1), (3, 2)): [0, 0, 0, 1, 1, 0, 0, 0, 0, 1]
(1, (1, 0, 0), (0, 0)): [8368, 1528, 1065, 442, 209, 78, 29, 9, 5, 2, 0, 1, 1]
(1, (1, 0, 0), (0, 1)): [69, 6, 5, 2, 1, 0, 2]
(1, (1, 0, 0), (0, 2)): [22, 1, 2, 2, 0, 0, 2]
(1, (1, 0, 0), (1, 0)): [64, 18, 10, 3, 2, 0, 0, 0, 0, 1]
(1, (1, 0, 0), (1, 1)): [61, 5, 4, 1, 2]
(1, (1, 0, 0), (1, 2)): [35, 2, 3, 3, 1, 0, 2]
(1, (1, 0, 0), (2, 0)): [21, 4, 2, 2]
(1, (1, 0, 0), (2, 1)): [30, 2, 2, 1]
(1, (1, 0, 0), (2, 2)): [24, 3, 2, 2, 1, 0, 1]
(1, (1, 0, 0), (3, 0)): [6, 2, 0, 1]
(1, (1, 0, 0), (3, 1)): [12]
(1, (1, 0, 0), (3, 2)): [9, 0, 1, 1, 1]
(1, (1, 0, 1), (0, 0)): [749, 762, 269, 209, 85, 36, 15, 4, 0, 1, 1, 1]
(1, (1, 0, 1), (0, 1)): [4, 4, 4, 1, 1, 0, 0, 0, 0, 1]
(1, (1, 0, 1), (0, 2)): [2, 0, 1, 0, 1, 0, 0, 0, 0, 1]
(1, (1, 0, 1), (1, 0)): [4, 5, 1, 0, 1, 0, 1]
(1, (1, 0, 1), (1, 1)): [4, 4, 4, 1, 0, 0, 1]
(1, (1, 0, 1), (1, 2)): [2, 0, 2, 0, 0, 0, 0, 0, 0, 1]
(1, (1, 0, 1), (2, 0)): [1, 1]
(1, (1, 0, 1), (2, 1)): [2, 2, 2]
(1, (1, 0, 1), (2, 2)): [0, 1, 1, 0, 0, 0, 0, 0, 0, 1]
(1, (1, 0, 1), (3, 2)): [0, 0, 1, 0, 0, 0, 0, 0, 0, 1]
(1, (1, 1, 0), (0, 0)): [2308, 737, 467, 357, 161, 59, 20, 8, 2, 4, 0, 0, 1]
(1, (1, 1, 0), (0, 1)): [22, 7, 0, 1, 0, 1]
(1, (1, 1, 0), (0, 2)): [6, 3, 0, 1]
(1, (1, 1, 0), (1, 0)): [23, 14, 5, 7, 1, 0, 1]
(1, (1, 1, 0), (1, 1)): [19, 9, 1, 1, 0, 1]
(1, (1, 1, 0), (1, 2)): [12, 7, 1, 1]
(1, (1, 1, 0), (2, 0)): [5, 4, 2, 3, 1, 0, 1]
(1, (1, 1, 0), (2, 1)): [6, 4, 2, 1, 0, 1]
(1, (1, 1, 0), (2, 2)): [5, 5, 1, 1]
(1, (1, 1, 0), (3, 0)): [2, 1, 0, 2, 1, 0, 1]
(1, (1, 1, 0), (3, 1)): [5, 1, 0, 3, 1, 1]
(1, (1, 1, 0), (3, 2)): [5, 3, 0, 2, 0, 1]
(1, (1, 1, 1), (0, 0)): [480, 400, 256, 141, 119, 51, 15, 8, 3, 3, 0, 0, 1]
(1, (1, 1, 1), (0, 1)): [4, 1, 1, 1, 0, 0, 1]
(1, (1, 1, 1), (0, 2)): [3, 0, 0, 1, 0, 0, 1]
(1, (1, 1, 1), (1, 0)): [1, 1, 2, 2, 2, 1, 0, 0, 0, 1]
(1, (1, 1, 1), (1, 1)): [1, 2, 2, 0, 1]
(1, (1, 1, 1), (1, 2)): [1, 2, 2]
(1, (1, 1, 1), (2, 0)): [0, 0, 1, 1, 1, 1, 0, 0, 0, 1]
(1, (1, 1, 1), (2, 1)): [1, 0, 1, 1, 2]
(1, (1, 1, 1), (2, 2)): [0, 1, 1, 1, 1]
(1, (1, 1, 1), (3, 1)): [0, 0, 1]
(1, (1, 1, 1), (3, 2)): [0, 1]
(2, (0, 0, 0), (0, 0)): [20954, 1070, 371, 113, 50, 7, 3, 2]
(2, (0, 0, 0), (0, 1)): [179, 7, 3, 0, 1]
(2, (0, 0, 0), (0, 2)): [71, 2, 1]
(2, (0, 0, 0), (1, 0)): [159, 8, 3, 1]
(2, (0, 0, 0), (1, 1)): [146, 10, 1, 0, 1]
(2, (0, 0, 0), (1, 2)): [104, 4, 0, 0, 1]
(2, (0, 0, 0), (2, 0)): [57, 3, 1, 1]
(2, (0, 0, 0), (2, 1)): [77, 5, 0, 1]
(2, (0, 0, 0), (2, 2)): [79, 5, 0, 1]
(2, (0, 0, 0), (3, 0)): [18, 2, 1]
(2, (0, 0, 0), (3, 1)): [39, 3, 1]
(2, (0, 0, 0), (3, 2)): [40, 3, 1, 1]
(2, (0, 0, 1), (0, 0)): [2027, 592, 143, 46, 14, 5, 2, 0, 1]
(2, (0, 0, 1), (0, 1)): [20, 1, 1]
(2, (0, 0, 1), (0, 2)): [8]
(2, (0, 0, 1), (1, 0)): [17, 2, 1, 1]
(2, (0, 0, 1), (1, 1)): [19, 1, 1]
(2, (0, 0, 1), (1, 2)): [15, 0, 1]
(2, (0, 0, 1), (2, 0)): [6, 1, 0, 1]
(2, (0, 0, 1), (2, 1)): [6, 1]
(2, (0, 0, 1), (2, 2)): [8, 0, 1]
(2, (0, 0, 1), (3, 0)): [6, 1, 0, 1]
(2, (0, 0, 1), (3, 1)): [4, 1, 0, 1]
(2, (0, 0, 1), (3, 2)): [9, 0, 1]
(2, (0, 1, 0), (0, 0)): [5255, 1043, 327, 103, 37, 14, 4, 1, 1]
(2, (0, 1, 0), (0, 1)): [48, 3, 3]
(2, (0, 1, 0), (0, 2)): [15, 1, 1]
(2, (0, 1, 0), (1, 0)): [50, 4, 4, 2]
(2, (0, 1, 0), (1, 1)): [42, 2, 5]
(2, (0, 1, 0), (1, 2)): [25, 1]
(2, (0, 1, 0), (2, 0)): [33, 2, 0, 2]
(2, (0, 1, 0), (2, 1)): [25, 2, 4]
(2, (0, 1, 0), (2, 2)): [24, 1, 2]
(2, (0, 1, 0), (3, 0)): [22, 0, 0, 2]
(2, (0, 1, 0), (3, 1)): [11, 2, 1]
(2, (0, 1, 0), (3, 2)): [14, 1, 1]
(2, (0, 1, 1), (0, 0)): [1208, 91, 268, 66, 29, 10, 2]
(2, (0, 1, 1), (0, 1)): [7, 0, 0, 1]
(2, (0, 1, 1), (0, 2)): [2]
(2, (0, 1, 1), (1, 0)): [7, 2, 2, 1]
(2, (0, 1, 1), (1, 1)): [4, 1]
(2, (0, 1, 1), (1, 2)): [5]
(2, (0, 1, 1), (2, 0)): [5, 1, 2, 1]
(2, (0, 1, 1), (2, 1)): [1, 1]
(2, (0, 1, 1), (2, 2)): [3]
(2, (0, 1, 1), (3, 0)): [3, 1, 2, 1]
(2, (0, 1, 1), (3, 1)): [1, 1, 1]
(2, (0, 1, 1), (3, 2)): [1, 1, 1]
(2, (1, 0, 0), (0, 0)): [10159, 759, 574, 178, 72, 22, 4, 3]
(2, (1, 0, 0), (0, 1)): [82, 5, 6]
(2, (1, 0, 0), (0, 2)): [33, 1, 1]
(2, (1, 0, 0), (1, 0)): [77, 7, 4, 2, 1]
(2, (1, 0, 0), (1, 1)): [72, 3, 4]
(2, (1, 0, 0), (1, 2)): [40, 2]
(2, (1, 0, 0), (2, 0)): [28, 2, 3, 2]
(2, (1, 0, 0), (2, 1)): [39, 1, 3, 1]
(2, (1, 0, 0), (2, 2)): [32, 2]
(2, (1, 0, 0), (3, 0)): [6, 2, 1]
(2, (1, 0, 0), (3, 1)): [13, 1, 1, 1]
(2, (1, 0, 0), (3, 2)): [12, 3, 0, 1]
(2, (1, 0, 1), (0, 0)): [1990, 430, 177, 106, 55, 11, 4, 1, 1]
(2, (1, 0, 1), (0, 1)): [16, 2, 1]
(2, (1, 0, 1), (0, 2)): [11]
(2, (1, 0, 1), (1, 0)): [11, 2, 3, 0, 1]
(2, (1, 0, 1), (1, 1)): [9, 1, 1]
(2, (1, 0, 1), (1, 2)): [9]
(2, (1, 0, 1), (2, 0)): [1, 0, 1, 0, 1]
(2, (1, 0, 1), (2, 1)): [4, 1, 1]
(2, (1, 0, 1), (2, 2)): [5, 1]
(2, (1, 0, 1), (3, 0)): [1, 0, 1, 0, 1]
(2, (1, 0, 1), (3, 1)): [1, 0, 1]
(2, (1, 0, 1), (3, 2)): [2, 0, 1]
(2, (1, 1, 0), (0, 0)): [3949, 609, 286, 236, 72, 23, 6, 4, 1, 1]
(2, (1, 1, 0), (0, 1)): [41, 2, 1, 2]
(2, (1, 1, 0), (0, 2)): [13]
(2, (1, 1, 0), (1, 0)): [31, 10, 4]
(2, (1, 1, 0), (1, 1)): [31, 3, 3, 1]
(2, (1, 1, 0), (1, 2)): [18, 0, 2]
(2, (1, 1, 0), (2, 0)): [11, 3]
(2, (1, 1, 0), (2, 1)): [16, 1, 1]
(2, (1, 1, 0), (2, 2)): [15, 1, 2]
(2, (1, 1, 0), (3, 0)): [3, 1]
(2, (1, 1, 0), (3, 1)): [11, 1]
(2, (1, 1, 0), (3, 2)): [11, 1]
(2, (1, 1, 1), (0, 0)): [1210, 177, 207, 81, 88, 24, 8, 6, 2, 1]
(2, (1, 1, 1), (0, 1)): [9, 0, 1]
(2, (1, 1, 1), (0, 2)): [6]
(2, (1, 1, 1), (1, 0)): [4, 4, 3, 2, 1]
(2, (1, 1, 1), (1, 1)): [5, 2, 1, 0, 1]
(2, (1, 1, 1), (1, 2)): [4, 0, 0, 0, 1]
(2, (1, 1, 1), (2, 0)): [1, 1, 3, 1]
(2, (1, 1, 1), (2, 1)): [4, 2, 2, 1]
(2, (1, 1, 1), (2, 2)): [4, 1, 2]
(2, (1, 1, 1), (3, 0)): [0, 1, 1]
(2, (1, 1, 1), (3, 1)): [1, 1]
(2, (1, 1, 1), (3, 2)): [3, 1]
