(0, (0, 0, 0), (0, 0)): [1161879, 229767, 106129, 48392, 21586, 9222, 3826, 1606, 640, 291, 127, 54, 27, 8, 3, 1, 0, 1]
(0, (0, 0, 0), (0, 1)): [21934, 3962, 1860, 824, 359, 153, 54, 33, 7, 5, 2, 0, 2, 1, 0, 1]
(0, (0, 0, 0), (0, 2)): [8052, 1265, 596, 262, 110, 40, 19, 13, 2, 1, 0, 0, 1]
(0, (0, 0, 0), (1, 0)): [20103, 4296, 2120, 968, 475, 196, 90, 34, 11, 6, 3]
(0, (0, 0, 0), (1, 1)): [18452, 3538, 1717, 795, 366, 147, 51, 26, 6, 4, 4, 0, 1, 1, 0, 1]
(0, (0, 0, 0), (1, 2)): [11970, 2005, 915, 405, 197, 85, 24, 14, 5, 2, 0, 0, 2]
(0, (0, 0, 0), (2, 0)): [6626, 1576, 814, 411, 193, 91, 42, 16, 4, 2, 1]
(0, (0, 0, 0), (2, 1)): [9820, 2052, 1078, 514, 236, 97, 42, 22, 3, 1, 1, 0, 0, 1]
(0, (0, 0, 0), (2, 2)): [9437, 1717, 855, 399, 184, 85, 23, 12, 3, 3, 1, 0, 2]
(0, (0, 0, 0), (3, 0)): [2155, 556, 330, 188, 84, 48, 19, 7, 3, 0, 1]
(0, (0, 0, 0), (3, 1)): [3958, 972, 586, 308, 123, 59, 25, 15, 4]
(0, (0, 0, 0), (3, 2)): [5395, 1128, 682, 325, 149, 64, 18, 12, 5, 2, 0, 0, 2]
(0, (0, 0, 1), (0, 0)): [5096, 15035, 4094, 1952, 928, 394, 176, 86, 35, 19, 6, 1, 3, 1]
(0, (0, 0, 1), (0, 1)): [89, 224, 67, 24, 17, 7, 5, 1, 0, 1, 0, 0, 0, 1]
(0, (0, 0, 1), (0, 2)): [37, 90, 20, 7, 6, 1]
(0, (0, 0, 1), (1, 0)): [85, 210, 59, 38, 22, 10, 2, 2, 1]
(0, (0, 0, 1), (1, 1)): [78, 162, 54, 21, 20, 7, 5, 1, 0, 1, 0, 0, 0, 1]
(0, (0, 0, 1), (1, 2)): [52, 114, 32, 12, 9, 0, 3, 1, 0, 1]
(0, (0, 0, 1), (2, 1)): [45, 94, 29, 18, 13, 5, 1]
(0, (0, 0, 1), (2, 2)): [52, 83, 23, 9, 10, 1, 2]
(0, (0, 0, 1), (3, 1)): [20, 38, 13, 9, 7, 4, 0, 1]
(0, (0, 0, 1), (3, 2)): [30, 46, 13, 8, 9, 4, 1, 1]
(0, (0, 1, 0), (0, 0)): [39405, 36514, 14111, 6723, 3294, 1412, 589, 246, 103, 60, 20, 5, 3, 2, 1]
(0, (0, 1, 0), (0, 1)): [707, 576, 210, 100, 40, 21, 12, 5, 1]
(0, (0, 1, 0), (0, 2)): [280, 175, 73, 30, 10, 9, 4, 0, 1]
(0, (0, 1, 0), (1, 0)): [654, 575, 240, 126, 63, 29, 12, 3, 1]
(0, (0, 1, 0), (1, 1)): [570, 478, 195, 92, 37, 15, 10, 6]
(0, (0, 1, 0), (1, 2)): [376, 287, 109, 56, 21, 10, 5, 2, 1]
(0, (0, 1, 0), (2, 0)): [220, 207, 81, 51, 26, 18, 5, 0, 1]
(0, (0, 1, 0), (2, 1)): [286, 249, 105, 57, 18, 17, 7, 4]
(0, (0, 1, 0), (2, 2)): [296, 211, 96, 49, 16, 7, 7, 1, 1]
(0, (0, 1, 0), (3, 0)): [80, 75, 36, 28, 19, 6, 2, 0, 1]
(0, (0, 1, 0), (3, 1)): [113, 108, 54, 33, 19, 9, 3, 1]
(0, (0, 1, 0), (3, 2)): [181, 131, 69, 37, 19, 6, 7]
(0, (0, 1, 1), (0, 0)): [3479, 5751, 7066, 3269, 1732, 785, 344, 166, 77, 33, 10, 6, 1, 2, 1, 0, 0, 1]
(0, (0, 1, 1), (0, 1)): [56, 74, 107, 47, 27, 9, 8, 3, 2]
(0, (0, 1, 1), (0, 2)): [29, 26, 37, 15, 14, 5, 3, 2]
(0, (0, 1, 1), (1, 0)): [73, 122, 144, 78, 44, 19, 8, 6, 4, 0, 0, 1]
(0, (0, 1, 1), (1, 1)): [46, 74, 96, 51, 26, 6, 5, 2, 2]
(0, (0, 1, 1), (1, 2)): [33, 38, 51, 25, 19, 5, 3, 2, 1]
(0, (0, 1, 1), (2, 0)): [42, 66, 68, 39, 23, 14, 4, 5, 3, 0, 0, 1]
(0, (0, 1, 1), (2, 1)): [32, 50, 64, 30, 15, 5, 2, 5, 3]
(0, (0, 1, 1), (2, 2)): [36, 38, 47, 20, 12, 5, 2, 2, 2]
(0, (0, 1, 1), (3, 0)): [26, 40, 35, 27, 17, 12, 2, 1, 0, 0, 0, 1]
(0, (0, 1, 1), (3, 1)): [13, 28, 28, 17, 10, 1, 0, 2, 2]
(0, (0, 1, 1), (3, 2)): [19, 23, 38, 16, 9, 3, 2, 4, 3]
(0, (1, 0, 0), (0, 0)): [252327, 84001, 52775, 26101, 12429, 5548, 2350, 1019, 422, 187, 87, 35, 17, 4, 2, 1, 0, 1]
(0, (1, 0, 0), (0, 1)): [4627, 1243, 872, 430, 218, 97, 32, 14, 8, 1]
(0, (1, 0, 0), (0, 2)): [1762, 376, 282, 120, 62, 23, 13, 2, 5, 1]
(0, (1, 0, 0), (1, 0)): [3968, 1309, 947, 452, 224, 88, 47, 20, 8, 6, 2, 1]
(0, (1, 0, 0), (1, 1)): [3395, 995, 740, 349, 174, 68, 26, 15, 6, 4, 0, 1]
(0, (1, 0, 0), (1, 2)): [2201, 536, 409, 173, 87, 31, 18, 8, 3, 2]
(0, (1, 0, 0), (2, 0)): [1249, 427, 307, 173, 91, 38, 15, 10, 4, 2, 2]
(0, (1, 0, 0), (2, 1)): [1628, 506, 384, 203, 101, 43, 15, 7, 5, 3, 0, 1]
(0, (1, 0, 0), (2, 2)): [1529, 415, 313, 144, 78, 25, 15, 7, 3, 3]
(0, (1, 0, 0), (3, 0)): [371, 144, 115, 77, 46, 15, 4, 5, 0, 1, 1]
(0, (1, 0, 0), (3, 1)): [617, 214, 169, 110, 66, 22, 5, 3, 4, 1, 1, 1]
(0, (1, 0, 0), (3, 2)): [770, 253, 184, 96, 68, 21, 7, 5, 3, 3]
(0, (1, 0, 1), (0, 0)): [5992, 17806, 7370, 5009, 2699, 1210, 599, 249, 113, 48, 24, 12, 5, 1, 1, 0, 0, 1]
(0, (1, 0, 1), (0, 1)): [99, 274, 112, 80, 36, 17, 13, 4, 1, 0, 0, 0, 1]
(0, (1, 0, 1), (0, 2)): [37, 104, 27, 27, 13, 8, 5, 2, 1]
(0, (1, 0, 1), (1, 0)): [97, 297, 109, 87, 45, 25, 2, 4, 4, 1, 1]
(0, (1, 0, 1), (1, 1)): [85, 217, 79, 57, 32, 14, 6, 1, 2, 0, 1]
(0, (1, 0, 1), (1, 2)): [67, 126, 38, 30, 14, 10, 3, 2, 2]
(0, (1, 0, 1), (2, 0)): [34, 103, 46, 32, 17, 13, 0, 3, 1, 1]
(0, (1, 0, 1), (2, 1)): [29, 127, 48, 36, 20, 9, 1, 0, 2, 0, 1]
(0, (1, 0, 1), (2, 2)): [50, 105, 36, 23, 15, 6, 2, 2, 1, 0, 1]
(0, (1, 0, 1), (3, 0)): [18, 36, 19, 14, 8, 8, 0, 3]
(0, (1, 0, 1), (3, 1)): [14, 48, 19, 17, 11, 6]
(0, (1, 0, 1), (3, 2)): [18, 53, 29, 12, 10, 5, 1, 0, 1, 0, 1]
(0, (1, 1, 0), (0, 0)): [34271, 21901, 16849, 11859, 6268, 2989, 1279, 615, 241, 109, 51, 21, 8, 1]
(0, (1, 1, 0), (0, 1)): [667, 361, 249, 193, 105, 43, 17, 12, 2, 0, 1, 1]
(0, (1, 1, 0), (0, 2)): [264, 126, 81, 59, 38, 14, 8, 6]
(0, (1, 1, 0), (1, 0)): [527, 330, 256, 193, 98, 60, 21, 13, 3, 3]
(0, (1, 1, 0), (1, 1)): [451, 247, 198, 148, 64, 39, 13, 10, 3, 1, 1]
(0, (1, 1, 0), (1, 2)): [313, 142, 105, 79, 42, 18, 4, 10, 1, 1]
(0, (1, 1, 0), (2, 0)): [152, 105, 80, 66, 37, 24, 7, 6, 2, 1]
(0, (1, 1, 0), (2, 1)): [212, 131, 85, 83, 42, 24, 10, 5, 2, 1]
(0, (1, 1, 0), (2, 2)): [213, 113, 77, 62, 31, 17, 3, 7, 2, 2]
(0, (1, 1, 0), (3, 0)): [35, 35, 29, 23, 14, 8, 3, 3, 1]
(0, (1, 1, 0), (3, 1)): [72, 56, 41, 42, 18, 14, 9, 3, 2]
(0, (1, 1, 0), (3, 2)): [116, 65, 45, 43, 19, 12, 2, 5, 2]
(0, (1, 1, 1), (0, 0)): [3461, 6360, 5302, 4072, 3183, 1592, 743, 379, 160, 71, 36, 13, 3, 1, 1]
(0, (1, 1, 1), (0, 1)): [82, 106, 95, 61, 47, 25, 9, 5, 6, 2, 1, 1]
(0, (1, 1, 1), (0, 2)): [37, 45, 32, 20, 22, 6, 2, 1, 3, 0, 0, 1]
(0, (1, 1, 1), (1, 0)): [53, 120, 113, 83, 70, 38, 11, 10, 3, 0, 1, 1]
(0, (1, 1, 1), (1, 1)): [57, 89, 94, 63, 38, 26, 10, 7, 2, 1, 1]
(0, (1, 1, 1), (1, 2)): [46, 62, 49, 26, 18, 13, 3, 2, 4, 0, 0, 1]
(0, (1, 1, 1), (2, 0)): [13, 46, 27, 34, 34, 11, 3, 4, 1, 0, 1]
(0, (1, 1, 1), (2, 1)): [28, 43, 39, 36, 29, 14, 3, 4, 2]
(0, (1, 1, 1), (2, 2)): [28, 42, 37, 32, 16, 12, 3, 3, 1, 0, 0, 1]
(0, (1, 1, 1), (3, 0)): [2, 16, 13, 17, 12, 2, 2, 2, 0, 0, 1]
(0, (1, 1, 1), (3, 1)): [5, 21, 14, 23, 11, 4, 1, 1, 1, 0, 1]
(0, (1, 1, 1), (3, 2)): [10, 16, 21, 25, 12, 8, 3, 0, 2, 0, 0, 1]
(1, (0, 0, 0), (0, 0)): [934907, 100221, 41122, 16262, 6356, 2434, 938, 363, 135, 54, 24, 13, 6, 2, 0, 1]
(1, (0, 0, 0), (0, 1)): [17731, 1778, 752, 277, 113, 29, 12, 9, 1, 0, 0, 0, 0, 1]
(1, (0, 0, 0), (0, 2)): [6515, 528, 214, 78, 33, 9, 1, 2]
(1, (0, 0, 0), (1, 0)): [16882, 2090, 895, 343, 145, 53, 21, 9, 0, 1, 0, 0, 0, 0, 0, 1]
(1, (0, 0, 0), (1, 1)): [15205, 1657, 678, 255, 109, 40, 18, 7, 1, 1, 0, 0, 0, 1]
(1, (0, 0, 0), (1, 2)): [9617, 849, 329, 142, 64, 28, 8, 2]
(1, (0, 0, 0), (2, 0)): [5763, 805, 398, 143, 57, 23, 8, 5, 0, 0, 0, 0, 0, 0, 0, 1]
(1, (0, 0, 0), (2, 1)): [8373, 1015, 440, 166, 74, 21, 10, 6, 0, 1]
(1, (0, 0, 0), (2, 2)): [7950, 778, 341, 133, 64, 32, 11, 4]
(1, (0, 0, 0), (3, 0)): [1823, 290, 190, 64, 27, 9, 5, 1, 0, 0, 0, 0, 0, 0, 0, 1]
(1, (0, 0, 0), (3, 1)): [3494, 537, 278, 101, 49, 7, 4, 3]
(1, (0, 0, 0), (3, 2)): [4533, 560, 281, 100, 53, 19, 11, 3]
(1, (0, 0, 1), (0, 0)): [26455, 37938, 7423, 3142, 1336, 541, 212, 86, 38, 14, 6, 4, 4, 1]
(1, (0, 0, 1), (0, 1)): [440, 475, 105, 34, 17, 7, 6]
(1, (0, 0, 1), (0, 2)): [181, 156, 32, 8, 2, 1, 4]
(1, (0, 0, 1), (1, 0)): [457, 621, 127, 65, 29, 12, 6, 3, 1]
(1, (0, 0, 1), (1, 1)): [401, 442, 92, 40, 21, 6, 2, 2]
(1, (0, 0, 1), (1, 2)): [294, 245, 37, 15, 11, 2, 3]
(1, (0, 0, 1), (2, 0)): [195, 255, 53, 30, 15, 7, 5, 1, 1]
(1, (0, 0, 1), (2, 1)): [184, 267, 52, 25, 13, 7, 5, 2]
(1, (0, 0, 1), (2, 2)): [204, 205, 41, 18, 7, 2, 2]
(1, (0, 0, 1), (3, 0)): [88, 101, 31, 21, 8, 3, 2, 1, 1]
(1, (0, 0, 1), (3, 1)): [101, 131, 22, 14, 7, 3, 3, 2]
(1, (0, 0, 1), (3, 2)): [127, 128, 29, 13, 6, 2, 3]
(1, (0, 1, 0), (0, 0)): [126936, 57566, 20378, 8572, 3478, 1368, 476, 219, 63, 32, 19, 7, 7, 2, 1]
(1, (0, 1, 0), (0, 1)): [2059, 803, 291, 115, 35, 17, 7, 3, 1]
(1, (0, 1, 0), (0, 2)): [813, 275, 88, 24, 10, 6, 3]
(1, (0, 1, 0), (1, 0)): [2398, 1068, 384, 215, 102, 29, 12, 4, 0, 0, 1, 0, 0, 1]
(1, (0, 1, 0), (1, 1)): [1795, 687, 271, 121, 46, 18, 7, 4, 1, 0, 0, 0, 0, 1]
(1, (0, 1, 0), (1, 2)): [1188, 407, 157, 46, 17, 8, 5, 2]
(1, (0, 1, 0), (2, 0)): [1043, 461, 169, 114, 51, 16, 8, 3, 0, 0, 1]
(1, (0, 1, 0), (2, 1)): [949, 401, 139, 88, 39, 12, 6, 3, 0, 0, 1, 0, 0, 1]
(1, (0, 1, 0), (2, 2)): [928, 357, 133, 46, 26, 6, 3, 1]
(1, (0, 1, 0), (3, 0)): [558, 218, 74, 76, 35, 9, 5, 2]
(1, (0, 1, 0), (3, 1)): [471, 185, 68, 54, 26, 8, 3, 1, 0, 0, 0, 0, 0, 1]
(1, (0, 1, 0), (3, 2)): [534, 200, 89, 47, 25, 2, 4, 1, 0, 0, 0, 0, 0, 1]
(1, (0, 1, 1), (0, 0)): [21094, 16969, 15904, 6279, 3154, 1253, 492, 198, 92, 28, 9, 6, 1, 2, 0, 1]
(1, (0, 1, 1), (0, 1)): [295, 190, 167, 64, 33, 15, 6, 3]
(1, (0, 1, 1), (0, 2)): [149, 63, 55, 21, 9, 4, 2]
(1, (0, 1, 1), (1, 0)): [503, 375, 295, 145, 94, 36, 14, 9, 3, 1]
(1, (0, 1, 1), (1, 1)): [238, 168, 157, 62, 32, 9, 6, 4]
(1, (0, 1, 1), (1, 2)): [189, 93, 87, 43, 15, 6, 3]
(1, (0, 1, 1), (2, 0)): [330, 243, 168, 98, 73, 30, 11, 7, 3, 1]
(1, (0, 1, 1), (2, 1)): [141, 109, 87, 38, 18, 8, 7, 2]
(1, (0, 1, 1), (2, 2)): [138, 88, 79, 38, 19, 3, 2, 2]
(1, (0, 1, 1), (3, 0)): [267, 193, 127, 73, 64, 26, 7, 7, 3, 1]
(1, (0, 1, 1), (3, 1)): [69, 50, 36, 19, 6, 7, 5]
(1, (0, 1, 1), (3, 2)): [83, 61, 43, 20, 10, 3, 1, 1]
(1, (1, 0, 0), (0, 0)): [363589, 64716, 40682, 17376, 7048, 2800, 1089, 403, 176, 72, 29, 19, 4, 2, 0, 2]
(1, (1, 0, 0), (0, 1)): [6603, 922, 691, 283, 112, 43, 17, 3, 1, 2]
(1, (1, 0, 0), (0, 2)): [2383, 280, 245, 78, 33, 13, 6, 1, 0, 2]
(1, (1, 0, 0), (1, 0)): [6248, 1117, 797, 367, 153, 50, 24, 9, 1, 2, 0, 0, 1, 0, 0, 1]
(1, (1, 0, 0), (1, 1)): [5251, 791, 581, 243, 97, 35, 14, 6, 1, 0, 0, 0, 0, 0, 0, 1]
(1, (1, 0, 0), (1, 2)): [3266, 412, 338, 114, 50, 18, 5, 4, 0, 1]
(1, (1, 0, 0), (2, 0)): [2022, 401, 303, 166, 63, 24, 10, 0, 1, 2, 0, 0, 1]
(1, (1, 0, 0), (2, 1)): [2660, 458, 354, 162, 65, 20, 10, 2, 2, 0, 0, 0, 0, 0, 0, 1]
(1, (1, 0, 0), (2, 2)): [2445, 345, 299, 111, 46, 13, 5, 3, 1, 1]
(1, (1, 0, 0), (3, 0)): [616, 139, 100, 74, 28, 10, 4, 0, 0, 2, 0, 0, 1]
(1, (1, 0, 0), (3, 1)): [1016, 247, 164, 96, 33, 12, 6, 1, 0, 1, 0, 0, 0, 0, 0, 1]
(1, (1, 0, 0), (3, 2)): [1249, 243, 176, 92, 31, 14, 5, 1, 1, 1, 0, 0, 0, 0, 0, 1]
(1, (1, 0, 1), (0, 0)): [28840, 34192, 11213, 7258, 3114, 1274, 488, 201, 68, 45, 13, 4, 0, 1]
(1, (1, 0, 1), (0, 1)): [538, 485, 134, 111, 54, 19, 10, 5, 3, 2]
(1, (1, 0, 1), (0, 2)): [241, 147, 45, 37, 8, 7, 4, 3, 0, 1]
(1, (1, 0, 1), (1, 0)): [521, 581, 185, 136, 70, 22, 7, 2, 0, 2]
(1, (1, 0, 1), (1, 1)): [407, 394, 117, 97, 51, 6, 8, 2, 2]
(1, (1, 0, 1), (1, 2)): [304, 207, 63, 55, 20, 6, 6, 3, 0, 1]
(1, (1, 0, 1), (2, 0)): [202, 201, 63, 43, 30, 13, 1, 1, 0, 1]
(1, (1, 0, 1), (2, 1)): [195, 210, 65, 51, 30, 7, 5, 1, 2]
(1, (1, 0, 1), (2, 2)): [200, 160, 54, 33, 21, 5, 5, 1, 1]
(1, (1, 0, 1), (3, 0)): [79, 80, 21, 18, 14, 6, 0, 0, 0, 1]
(1, (1, 0, 1), (3, 1)): [84, 95, 23, 24, 20, 6, 0, 1]
(1, (1, 0, 1), (3, 2)): [101, 89, 32, 24, 20, 8, 3, 2, 1]
(1, (1, 1, 0), (0, 0)): [98584, 30613, 20774, 14477, 6153, 2558, 1002, 399, 163, 62, 24, 13, 7, 4, 1]
(1, (1, 1, 0), (0, 1)): [1843, 490, 302, 235, 95, 34, 18, 5, 2]
(1, (1, 1, 0), (0, 2)): [744, 186, 101, 83, 29, 8, 4, 0, 1]
(1, (1, 1, 0), (1, 0)): [1657, 556, 388, 299, 128, 47, 21, 8, 1, 2, 0, 0, 2, 1]
(1, (1, 1, 0), (1, 1)): [1390, 396, 269, 197, 85, 31, 18, 7, 0, 2]
(1, (1, 1, 0), (1, 2)): [1007, 241, 152, 117, 45, 14, 8, 1]
(1, (1, 1, 0), (2, 0)): [545, 196, 132, 115, 50, 19, 5, 2, 1, 0, 0, 0, 2, 1]
(1, (1, 1, 0), (2, 1)): [685, 245, 158, 114, 46, 20, 9, 3, 0, 1, 0, 0, 1]
(1, (1, 1, 0), (2, 2)): [723, 197, 111, 86, 39, 13, 4, 1]
(1, (1, 1, 0), (3, 0)): [150, 73, 42, 40, 26, 11, 3, 2, 1, 0, 0, 0, 1]
(1, (1, 1, 0), (3, 1)): [282, 114, 77, 60, 32, 12, 8, 3, 0, 1, 0, 0, 1]
(1, (1, 1, 0), (3, 2)): [371, 117, 80, 51, 34, 14, 8, 4, 0, 1, 0, 0, 1]
(1, (1, 1, 1), (0, 0)): [20396, 16035, 10419, 6938, 4926, 2116, 853, 327, 130, 47, 18, 14, 6, 2, 1, 1]
(1, (1, 1, 1), (0, 1)): [439, 275, 175, 112, 93, 34, 14, 6, 3]
(1, (1, 1, 1), (0, 2)): [220, 95, 63, 35, 36, 12, 7]
(1, (1, 1, 1), (1, 0)): [381, 283, 195, 124, 103, 41, 18, 6, 2, 2, 0, 1, 1]
(1, (1, 1, 1), (1, 1)): [318, 209, 144, 102, 82, 32, 7, 6, 1]
(1, (1, 1, 1), (1, 2)): [246, 109, 91, 61, 41, 24, 8, 2]
(1, (1, 1, 1), (2, 0)): [112, 108, 77, 48, 34, 18, 11, 3, 1, 1, 0, 1, 1]
(1, (1, 1, 1), (2, 1)): [155, 133, 85, 59, 47, 14, 9, 4, 1, 1, 0, 1]
(1, (1, 1, 1), (2, 2)): [165, 91, 72, 63, 40, 17, 7, 2]
(1, (1, 1, 1), (3, 0)): [22, 40, 24, 20, 9, 11, 4, 0, 1, 0, 0, 0, 1]
(1, (1, 1, 1), (3, 1)): [44, 74, 30, 28, 20, 10, 5, 3, 0, 0, 0, 0, 1]
(1, (1, 1, 1), (3, 2)): [81, 60, 35, 39, 27, 14, 3, 2]
(2, (0, 0, 0), (0, 0)): [808007, 35738, 11964, 3833, 1284, 420, 151, 45, 9, 4, 5, 0, 1]
(2, (0, 0, 0), (0, 1)): [15369, 646, 223, 57, 31, 7, 6, 1]
(2, (0, 0, 0), (0, 2)): [5542, 169, 47, 16, 8, 1, 1, 1]
(2, (0, 0, 0), (1, 0)): [15350, 893, 286, 90, 35, 10, 3, 0, 0, 0, 0, 0, 1]
(2, (0, 0, 0), (1, 1)): [13555, 673, 230, 51, 30, 6, 6]
(2, (0, 0, 0), (1, 2)): [8470, 295, 98, 26, 14, 3, 3]
(2, (0, 0, 0), (2, 0)): [5559, 339, 132, 55, 17, 6, 1, 0, 0, 0, 0, 0, 1]
(2, (0, 0, 0), (2, 1)): [7812, 419, 147, 51, 10, 5, 3]
(2, (0, 0, 0), (2, 2)): [7104, 303, 112, 34, 13, 5, 1]
(2, (0, 0, 0), (3, 0)): [1895, 131, 75, 28, 13, 3, 1, 0, 0, 0, 0, 0, 1]
(2, (0, 0, 0), (3, 1)): [3541, 214, 99, 36, 12, 5, 2]
(2, (0, 0, 0), (3, 2)): [4475, 238, 107, 31, 9, 5]
(2, (0, 0, 1), (0, 0)): [76142, 24279, 4564, 1575, 563, 192, 57, 16, 3, 2, 0, 1]
(2, (0, 0, 1), (0, 1)): [1253, 347, 75, 22, 11, 3, 1]
(2, (0, 0, 1), (0, 2)): [485, 93, 25, 4, 2, 1]
(2, (0, 0, 1), (1, 0)): [1447, 423, 91, 39, 11, 5, 0, 2]
(2, (0, 0, 1), (1, 1)): [1166, 281, 64, 19, 9, 1, 1, 1]
(2, (0, 0, 1), (1, 2)): [778, 144, 30, 9, 2, 1, 1]
(2, (0, 0, 1), (2, 0)): [610, 181, 42, 26, 7, 5, 0, 1]
(2, (0, 0, 1), (2, 1)): [669, 159, 47, 16, 9, 1, 0, 2]
(2, (0, 0, 1), (2, 2)): [636, 118, 40, 6, 3, 2, 1]
(2, (0, 0, 1), (3, 0)): [310, 78, 22, 17, 3, 4]
(2, (0, 0, 1), (3, 1)): [338, 84, 20, 14, 6, 1, 0, 1]
(2, (0, 0, 1), (3, 2)): [394, 86, 28, 9, 2, 1]
(2, (0, 1, 0), (0, 0)): [201962, 44062, 11443, 4004, 1294, 429, 137, 37, 8, 6, 5, 0, 1]
(2, (0, 1, 0), (0, 1)): [3207, 588, 154, 54, 18, 1, 1]
(2, (0, 1, 0), (0, 2)): [1193, 166, 37, 11, 6]
(2, (0, 1, 0), (1, 0)): [4169, 724, 295, 125, 29, 16, 5, 1, 0, 0, 0, 0, 1]
(2, (0, 1, 0), (1, 1)): [2982, 518, 182, 61, 16, 4, 3, 1]
(2, (0, 1, 0), (1, 2)): [1860, 259, 68, 35, 6]
(2, (0, 1, 0), (2, 0)): [1931, 322, 146, 84, 21, 11, 3, 0, 0, 0, 0, 0, 1]
(2, (0, 1, 0), (2, 1)): [1775, 327, 113, 45, 11, 8, 3, 1, 0, 0, 0, 0, 1]
(2, (0, 1, 0), (2, 2)): [1635, 239, 68, 38, 8, 4, 0, 1]
(2, (0, 1, 0), (3, 0)): [1088, 150, 85, 56, 15, 4, 2]
(2, (0, 1, 0), (3, 1)): [840, 150, 73, 29, 11, 4, 3, 0, 0, 0, 0, 0, 1]
(2, (0, 1, 0), (3, 2)): [1050, 163, 66, 33, 7, 5, 1, 0, 0, 0, 0, 0, 1]
(2, (0, 1, 1), (0, 0)): [47298, 4169, 10645, 2829, 1107, 354, 122, 42, 17, 4, 3, 1, 0, 1]
(2, (0, 1, 1), (0, 1)): [691, 57, 120, 28, 7, 3, 1, 3]
(2, (0, 1, 1), (0, 2)): [299, 21, 40, 10, 4, 1, 1]
(2, (0, 1, 1), (1, 0)): [972, 98, 191, 71, 31, 7, 4, 0, 0, 0, 1]
(2, (0, 1, 1), (1, 1)): [622, 50, 112, 31, 7, 3, 1, 2]
(2, (0, 1, 1), (1, 2)): [418, 28, 62, 12, 4, 1, 2, 1]
(2, (0, 1, 1), (2, 0)): [495, 59, 96, 41, 23, 6, 1, 0, 0, 0, 1]
(2, (0, 1, 1), (2, 1)): [343, 30, 79, 19, 7, 4]
(2, (0, 1, 1), (2, 2)): [358, 29, 63, 16, 3, 4, 1, 1]
(2, (0, 1, 1), (3, 0)): [347, 44, 56, 27, 20, 5, 1, 0, 0, 0, 1]
(2, (0, 1, 1), (3, 1)): [180, 16, 37, 13, 4, 1]
(2, (0, 1, 1), (3, 2)): [239, 23, 49, 14, 4, 4, 0, 1]
(2, (1, 0, 0), (0, 0)): [441968, 32053, 20034, 6398, 2048, 662, 264, 72, 17, 10, 6, 0, 1]
(2, (1, 0, 0), (0, 1)): [7580, 413, 324, 87, 34, 8, 6, 1]
(2, (1, 0, 0), (0, 2)): [2723, 118, 82, 15, 12, 2, 1]
(2, (1, 0, 0), (1, 0)): [7794, 620, 451, 175, 44, 14, 7, 2, 0, 0, 0, 0, 1]
(2, (1, 0, 0), (1, 1)): [6258, 382, 312, 99, 26, 3, 4, 1]
(2, (1, 0, 0), (1, 2)): [3870, 188, 131, 48, 13, 2]
(2, (1, 0, 0), (2, 0)): [2609, 247, 152, 83, 19, 6, 4, 0, 0, 0, 0, 0, 1]
(2, (1, 0, 0), (2, 1)): [3176, 206, 174, 61, 22, 6, 2, 1, 0, 0, 0, 0, 1]
(2, (1, 0, 0), (2, 2)): [2927, 173, 132, 40, 16, 5, 1, 1]
(2, (1, 0, 0), (3, 0)): [853, 112, 44, 47, 6, 2, 3]
(2, (1, 0, 0), (3, 1)): [1360, 138, 80, 46, 9, 3, 2, 0, 0, 0, 0, 0, 1]
(2, (1, 0, 0), (3, 2)): [1631, 139, 88, 39, 10, 7, 1, 1, 0, 0, 0, 0, 1]
(2, (1, 0, 1), (0, 0)): [73455, 18283, 7296, 4185, 1350, 456, 162, 52, 20, 7, 0, 2, 1]
(2, (1, 0, 1), (0, 1)): [1332, 274, 109, 77, 24, 3, 2, 2, 0, 0, 0, 1]
(2, (1, 0, 1), (0, 2)): [527, 83, 32, 18, 10, 0, 0, 1]
(2, (1, 0, 1), (1, 0)): [1232, 268, 131, 98, 36, 15, 5]
(2, (1, 0, 1), (1, 1)): [994, 208, 82, 71, 19, 9, 5, 1, 0, 0, 0, 1]
(2, (1, 0, 1), (1, 2)): [678, 106, 39, 29, 11, 4, 1, 2, 0, 0, 0, 1]
(2, (1, 0, 1), (2, 0)): [454, 94, 65, 32, 15, 5, 2]
(2, (1, 0, 1), (2, 1)): [551, 121, 45, 38, 16, 5, 1]
(2, (1, 0, 1), (2, 2)): [483, 81, 32, 23, 10, 3, 1, 2, 0, 0, 0, 1]
(2, (1, 0, 1), (3, 0)): [162, 28, 30, 14, 8, 2, 2]
(2, (1, 0, 1), (3, 1)): [257, 50, 30, 20, 7, 2, 3]
(2, (1, 0, 1), (3, 2)): [283, 56, 32, 13, 8, 3, 2, 2]
(2, (1, 1, 0), (0, 0)): [169146, 26107, 13279, 8732, 2759, 928, 298, 99, 38, 18, 7, 1, 2, 1]
(2, (1, 1, 0), (0, 1)): [3111, 431, 195, 137, 38, 7, 4, 3, 0, 0, 0, 0, 1]
(2, (1, 1, 0), (0, 2)): [1231, 130, 57, 30, 9, 1, 1, 1]
(2, (1, 1, 0), (1, 0)): [2992, 458, 251, 206, 63, 19, 7, 2, 1, 1]
(2, (1, 1, 0), (1, 1)): [2510, 345, 158, 137, 31, 7, 3, 2, 1, 1, 0, 0, 1]
(2, (1, 1, 0), (1, 2)): [1721, 193, 86, 54, 13, 3, 2, 2]
(2, (1, 1, 0), (2, 0)): [1041, 177, 113, 84, 34, 12, 3, 1]
(2, (1, 1, 0), (2, 1)): [1342, 173, 110, 86, 25, 11, 3, 1, 1, 1, 0, 0, 1]
(2, (1, 1, 0), (2, 2)): [1277, 155, 76, 70, 15, 4, 4, 2, 1]
(2, (1, 1, 0), (3, 0)): [373, 69, 48, 34, 15, 5, 1]
(2, (1, 1, 0), (3, 1)): [587, 91, 68, 49, 14, 8, 2, 1, 0, 0, 0, 0, 1]
(2, (1, 1, 0), (3, 2)): [717, 96, 61, 49, 16, 3, 3, 2, 1]
(2, (1, 1, 1), (0, 0)): [49363, 7261, 8263, 4172, 2934, 945, 312, 112, 40, 8, 6, 0, 1, 1]
(2, (1, 1, 1), (0, 1)): [1064, 111, 150, 72, 53, 9, 5, 3, 1, 0, 0, 0, 1]
(2, (1, 1, 1), (0, 2)): [492, 31, 35, 22, 15, 2, 1, 1, 1]
(2, (1, 1, 1), (1, 0)): [819, 235, 154, 96, 57, 25, 7, 1, 2, 0, 1]
(2, (1, 1, 1), (1, 1)): [776, 121, 130, 66, 44, 7, 3, 0, 0, 0, 1, 0, 1]
(2, (1, 1, 1), (1, 2)): [592, 54, 54, 31, 17, 4, 2, 1, 0, 0, 1]
(2, (1, 1, 1), (2, 0)): [229, 155, 43, 42, 29, 16, 4, 1, 1]
(2, (1, 1, 1), (2, 1)): [337, 108, 73, 37, 34, 10, 4, 0, 0, 0, 0, 0, 1]
(2, (1, 1, 1), (2, 2)): [382, 69, 52, 34, 20, 5, 2, 0, 0, 0, 1]
(2, (1, 1, 1), (3, 0)): [49, 104, 17, 24, 10, 8, 1, 0, 1]
(2, (1, 1, 1), (3, 1)): [108, 107, 28, 26, 23, 8, 4]
(2, (1, 1, 1), (3, 2)): [180, 92, 35, 38, 20, 8, 4, 0, 0, 0, 1]
