(0, (0, 0, 0), (0, 0)): [1381941, 274987, 126440, 57313, 25414, 10859, 4466, 1878, 745, 331, 145, 64, 29, 10, 3, 1, 0, 1]
(0, (0, 0, 0), (0, 1)): [24112, 4349, 2057, 902, 389, 166, 62, 37, 7, 5, 2, 0, 2, 1, 0, 1]
(0, (0, 0, 0), (0, 2)): [8885, 1407, 662, 283, 115, 44, 23, 14, 2, 1, 0, 0, 1]
(0, (0, 0, 0), (1, 0)): [22485, 4818, 2362, 1091, 536, 214, 99, 40, 14, 6, 3]
(0, (0, 0, 0), (1, 1)): [20419, 3890, 1894, 866, 402, 162, 57, 29, 7, 4, 4, 0, 1, 1, 0, 1]
(0, (0, 0, 0), (1, 2)): [13302, 2214, 1021, 443, 217, 93, 29, 16, 5, 2, 0, 0, 2]
(0, (0, 0, 0), (2, 0)): [7504, 1795, 925, 469, 224, 98, 48, 18, 6, 2, 1]
(0, (0, 0, 0), (2, 1)): [10915, 2285, 1189, 563, 263, 106, 48, 23, 5, 1, 1, 0, 0, 1]
(0, (0, 0, 0), (2, 2)): [10518, 1899, 946, 433, 208, 90, 24, 13, 5, 3, 1, 0, 2]
(0, (0, 0, 0), (3, 0)): [2471, 647, 382, 217, 97, 52, 21, 8, 3, 0, 1]
(0, (0, 0, 0), (3, 1)): [4462, 1114, 647, 340, 141, 64, 29, 16, 4]
(0, (0, 0, 0), (3, 2)): [6046, 1267, 756, 355, 169, 69, 21, 13, 5, 2, 0, 0, 2]
(0, (0, 0, 1), (0, 0)): [5997, 17724, 4840, 2279, 1103, 462, 210, 96, 36, 21, 8, 2, 3, 2]
(0, (0, 0, 1), (0, 1)): [95, 249, 77, 27, 19, 7, 5, 2, 0, 1, 0, 0, 0, 1]
(0, (0, 0, 1), (0, 2)): [39, 97, 23, 8, 8, 1]
(0, (0, 0, 1), (1, 0)): [96, 246, 72, 46, 25, 11, 4, 2, 1]
(0, (0, 0, 1), (1, 1)): [85, 187, 62, 23, 20, 8, 6, 1, 0, 1, 0, 0, 0, 1]
(0, (0, 0, 1), (1, 2)): [57, 132, 37, 14, 11, 1, 3, 1, 0, 1]
(0, (0, 0, 1), (2, 0)): [37, 106, 31, 23, 8, 7, 1, 1, 1]
(0, (0, 0, 1), (2, 1)): [50, 109, 36, 20, 13, 5, 1]
(0, (0, 0, 1), (2, 2)): [56, 101, 30, 9, 12, 1, 2]
(0, (0, 0, 1), (3, 0)): [9, 50, 12, 9, 4, 4, 1, 1, 1]
(0, (0, 0, 1), (3, 1)): [23, 48, 16, 12, 7, 4, 0, 1]
(0, (0, 0, 1), (3, 2)): [33, 59, 17, 10, 10, 4, 1, 1]
(0, (0, 1, 0), (0, 0)): [48563, 44890, 17430, 8341, 4017, 1708, 719, 309, 126, 72, 26, 6, 3, 2, 1]
(0, (0, 1, 0), (0, 1)): [801, 640, 243, 108, 46, 25, 14, 8, 3]
(0, (0, 1, 0), (0, 2)): [320, 192, 90, 30, 14, 11, 4, 3, 1]
(0, (0, 1, 0), (1, 0)): [759, 673, 268, 142, 71, 29, 16, 4, 1]
(0, (0, 1, 0), (1, 1)): [657, 546, 215, 106, 41, 16, 12, 6]
(0, (0, 1, 0), (1, 2)): [438, 324, 127, 60, 24, 11, 6, 4, 1]
(0, (0, 1, 0), (2, 0)): [266, 253, 91, 55, 30, 18, 8, 0, 1]
(0, (0, 1, 0), (2, 1)): [334, 293, 117, 61, 24, 18, 8, 4]
(0, (0, 1, 0), (2, 2)): [347, 252, 108, 51, 19, 8, 7, 1, 1]
(0, (0, 1, 0), (3, 0)): [97, 88, 40, 29, 21, 6, 5, 0, 1]
(0, (0, 1, 0), (3, 1)): [134, 127, 59, 37, 22, 10, 4, 1]
(0, (0, 1, 0), (3, 2)): [209, 154, 73, 38, 21, 7, 7]
(0, (0, 1, 1), (0, 0)): [4110, 6898, 8316, 3838, 2039, 943, 404, 188, 90, 42, 10, 6, 1, 2, 1, 0, 0, 1]
(0, (0, 1, 1), (0, 1)): [63, 82, 118, 52, 30, 12, 8, 3, 2]
(0, (0, 1, 1), (0, 2)): [35, 30, 41, 18, 15, 6, 3, 2]
(0, (0, 1, 1), (1, 0)): [80, 140, 159, 84, 46, 20, 8, 7, 4, 0, 0, 1]
(0, (0, 1, 1), (1, 1)): [50, 81, 104, 56, 27, 9, 5, 3, 2]
(0, (0, 1, 1), (1, 2)): [35, 41, 56, 27, 21, 6, 3, 2, 1]
(0, (0, 1, 1), (2, 0)): [45, 77, 76, 41, 25, 14, 4, 5, 3, 0, 0, 1]
(0, (0, 1, 1), (2, 1)): [35, 57, 69, 34, 15, 7, 2, 5, 3]
(0, (0, 1, 1), (2, 2)): [39, 44, 53, 21, 13, 6, 2, 2, 2]
(0, (0, 1, 1), (3, 2)): [20, 28, 41, 17, 11, 4, 2, 4, 3]
(0, (1, 0, 0), (0, 0)): [297452, 99677, 62445, 30797, 14552, 6512, 2713, 1179, 488, 217, 99, 40, 20, 4, 2, 1, 0, 1]
(0, (1, 0, 0), (0, 1)): [5075, 1374, 964, 475, 232, 104, 38, 19, 8, 1]
(0, (1, 0, 0), (0, 2)): [1938, 417, 313, 139, 68, 26, 15, 3, 5, 1]
(0, (1, 0, 0), (1, 0)): [4399, 1465, 1045, 513, 250, 100, 51, 20, 10, 6, 2, 1]
(0, (1, 0, 0), (1, 1)): [3730, 1098, 816, 390, 188, 75, 29, 17, 7, 4, 0, 1]
(0, (1, 0, 0), (1, 2)): [2391, 605, 462, 203, 98, 33, 19, 9, 4, 2]
(0, (1, 0, 0), (2, 0)): [1388, 482, 340, 196, 102, 45, 18, 10, 5, 2, 2]
(0, (1, 0, 0), (2, 1)): [1810, 560, 417, 219, 107, 49, 17, 7, 6, 3, 0, 1]
(0, (1, 0, 0), (2, 2)): [1674, 463, 344, 163, 86, 29, 16, 8, 5, 3]
(0, (1, 0, 0), (3, 0)): [404, 168, 126, 88, 51, 18, 5, 5, 0, 1, 1]
(0, (1, 0, 0), (3, 1)): [680, 242, 185, 121, 70, 25, 6, 3, 4, 1, 1, 1]
(0, (1, 0, 0), (3, 2)): [837, 281, 203, 114, 76, 24, 8, 6, 3, 3]
(0, (1, 0, 1), (0, 0)): [7109, 21279, 8773, 5968, 3139, 1426, 690, 284, 137, 54, 28, 13, 5, 1, 1, 0, 0, 1]
(0, (1, 0, 1), (0, 1)): [111, 307, 126, 87, 41, 21, 13, 4, 1, 0, 0, 0, 1]
(0, (1, 0, 1), (0, 2)): [43, 116, 30, 29, 16, 10, 5, 2, 1]
(0, (1, 0, 1), (1, 0)): [108, 344, 128, 97, 48, 26, 5, 4, 4, 1, 1]
(0, (1, 0, 1), (1, 1)): [96, 243, 95, 63, 33, 15, 9, 1, 2, 0, 1]
(0, (1, 0, 1), (1, 2)): [74, 144, 44, 32, 17, 12, 3, 2, 2]
(0, (1, 0, 1), (2, 0)): [38, 122, 51, 36, 18, 13, 0, 3, 1, 1]
(0, (1, 0, 1), (2, 1)): [34, 145, 60, 40, 21, 9, 3, 0, 2, 0, 1]
(0, (1, 0, 1), (2, 2)): [56, 117, 44, 26, 17, 7, 3, 2, 1, 0, 1]
(0, (1, 0, 1), (3, 0)): [19, 45, 20, 16, 8, 8, 0, 3]
(0, (1, 0, 1), (3, 1)): [15, 52, 24, 19, 11, 6, 1]
(0, (1, 0, 1), (3, 2)): [22, 56, 32, 15, 10, 6, 2, 0, 1, 0, 1]
(0, (1, 1, 0), (0, 0)): [40581, 25957, 19673, 13844, 7353, 3474, 1467, 710, 283, 133, 62, 24, 10, 1]
(0, (1, 1, 0), (0, 1)): [719, 388, 269, 211, 115, 47, 21, 12, 3, 0, 1, 1]
(0, (1, 1, 0), (0, 2)): [281, 135, 87, 65, 39, 15, 10, 6, 1]
(0, (1, 1, 0), (1, 0)): [582, 360, 283, 209, 106, 66, 29, 15, 3, 3]
(0, (1, 1, 0), (1, 1)): [489, 266, 217, 162, 72, 45, 17, 10, 3, 1, 1]
(0, (1, 1, 0), (1, 2)): [342, 155, 117, 87, 47, 21, 6, 10, 1, 1]
(0, (1, 1, 0), (2, 0)): [166, 115, 90, 72, 40, 25, 12, 7, 2, 1]
(0, (1, 1, 0), (2, 1)): [228, 137, 95, 89, 45, 26, 12, 5, 2, 1]
(0, (1, 1, 0), (2, 2)): [234, 124, 87, 69, 36, 21, 4, 7, 2, 2]
(0, (1, 1, 0), (3, 0)): [38, 40, 33, 26, 16, 8, 5, 4, 1]
(0, (1, 1, 0), (3, 1)): [81, 61, 42, 45, 18, 14, 11, 3, 2]
(0, (1, 1, 0), (3, 2)): [124, 72, 50, 47, 21, 15, 4, 5, 2]
(0, (1, 1, 1), (0, 0)): [4031, 7503, 6175, 4703, 3690, 1845, 848, 430, 183, 80, 40, 14, 4, 1, 1]
(0, (1, 1, 1), (0, 1)): [88, 120, 104, 64, 49, 30, 11, 5, 6, 2, 1, 1]
(0, (1, 1, 1), (0, 2)): [39, 51, 35, 22, 23, 8, 3, 1, 3, 0, 0, 1]
(0, (1, 1, 1), (1, 0)): [58, 133, 120, 89, 72, 39, 11, 12, 3, 0, 1, 1]
(0, (1, 1, 1), (1, 1)): [60, 101, 99, 66, 40, 29, 11, 7, 2, 1, 1]
(0, (1, 1, 1), (1, 2)): [48, 71, 53, 30, 21, 14, 4, 2, 4, 0, 0, 1]
(0, (1, 1, 1), (2, 0)): [16, 51, 30, 38, 34, 11, 3, 6, 1, 0, 1]
(0, (1, 1, 1), (2, 1)): [29, 49, 41, 39, 29, 15, 4, 5, 2]
(0, (1, 1, 1), (2, 2)): [30, 48, 38, 34, 17, 13, 3, 4, 1, 0, 0, 1]
(0, (1, 1, 1), (3, 1)): [6, 23, 14, 25, 11, 4, 1, 2, 1, 0, 1]
(0, (1, 1, 1), (3, 2)): [11, 18, 21, 26, 12, 9, 3, 2, 2, 0, 0, 1]
(1, (0, 0, 0), (0, 0)): [1117004, 120505, 49299, 19377, 7497, 2885, 1110, 417, 157, 62, 26, 15, 6, 3, 0, 1]
(1, (0, 0, 0), (0, 1)): [19597, 1967, 838, 306, 125, 35, 14, 9, 1, 0, 0, 0, 0, 1]
(1, (0, 0, 0), (0, 2)): [7231, 583, 246, 87, 36, 12, 2, 2]
(1, (0, 0, 0), (1, 0)): [18872, 2326, 1000, 382, 161, 57, 25, 10, 0, 1, 0, 0, 0, 0, 0, 1]
(1, (0, 0, 0), (1, 1)): [16841, 1837, 747, 284, 122, 45, 20, 7, 1, 1, 0, 0, 0, 1]
(1, (0, 0, 0), (1, 2)): [10704, 945, 368, 155, 69, 32, 10, 2]
(1, (0, 0, 0), (2, 0)): [6562, 918, 449, 159, 65, 24, 10, 5, 0, 0, 0, 0, 0, 0, 0, 1]
(1, (0, 0, 0), (2, 1)): [9288, 1124, 492, 183, 84, 24, 11, 6, 0, 1]
(1, (0, 0, 0), (2, 2)): [8839, 868, 377, 148, 72, 33, 12, 4]
(1, (0, 0, 0), (3, 0)): [2119, 334, 214, 73, 30, 10, 6, 1, 0, 0, 0, 0, 0, 0, 0, 1]
(1, (0, 0, 0), (3, 1)): [3916, 607, 304, 113, 52, 11, 5, 3]
(1, (0, 0, 0), (3, 2)): [5058, 633, 314, 109, 57, 20, 12, 3]
(1, (0, 0, 1), (0, 0)): [31554, 45240, 8836, 3737, 1569, 626, 248, 102, 44, 16, 9, 5, 4, 1]
(1, (0, 0, 1), (0, 1)): [489, 531, 120, 37, 19, 7, 6, 1]
(1, (0, 0, 1), (0, 2)): [205, 181, 38, 8, 3, 1, 4]
(1, (0, 0, 1), (1, 0)): [516, 716, 145, 77, 30, 12, 6, 3, 1]
(1, (0, 0, 1), (1, 1)): [446, 496, 103, 45, 23, 6, 2, 3]
(1, (0, 0, 1), (1, 2)): [323, 272, 43, 16, 13, 2, 3]
(1, (0, 0, 1), (2, 0)): [217, 292, 63, 37, 15, 7, 5, 1, 1]
(1, (0, 0, 1), (2, 1)): [212, 301, 59, 28, 13, 7, 5, 3]
(1, (0, 0, 1), (2, 2)): [236, 233, 48, 18, 7, 2, 2, 1]
(1, (0, 0, 1), (3, 0)): [99, 121, 37, 26, 8, 3, 2, 1, 1]
(1, (0, 0, 1), (3, 1)): [113, 148, 26, 18, 7, 3, 3, 2]
(1, (0, 0, 1), (3, 2)): [145, 147, 35, 14, 6, 2, 3, 1]
(1, (0, 1, 0), (0, 0)): [152937, 68383, 24426, 10352, 4151, 1642, 564, 262, 74, 36, 20, 8, 8, 2, 1]
(1, (0, 1, 0), (0, 1)): [2312, 894, 324, 129, 41, 17, 7, 3, 1]
(1, (0, 1, 0), (0, 2)): [907, 318, 97, 29, 11, 6, 3]
(1, (0, 1, 0), (1, 0)): [2714, 1203, 427, 238, 112, 33, 12, 5, 0, 0, 1, 0, 0, 1]
(1, (0, 1, 0), (1, 1)): [2009, 764, 303, 137, 52, 21, 7, 4, 1, 0, 0, 0, 0, 1]
(1, (0, 1, 0), (1, 2)): [1339, 467, 176, 55, 17, 9, 5, 2]
(1, (0, 1, 0), (2, 0)): [1198, 530, 192, 124, 58, 17, 8, 4, 0, 0, 1]
(1, (0, 1, 0), (2, 1)): [1072, 451, 157, 96, 44, 15, 6, 3, 0, 0, 1, 0, 0, 1]
(1, (0, 1, 0), (2, 2)): [1043, 404, 151, 52, 29, 7, 3, 1]
(1, (0, 1, 0), (3, 0)): [643, 245, 84, 81, 42, 9, 5, 3]
(1, (0, 1, 0), (3, 1)): [564, 208, 75, 62, 30, 9, 3, 1, 0, 0, 0, 0, 0, 1]
(1, (0, 1, 0), (3, 2)): [625, 228, 98, 56, 27, 3, 4, 1, 0, 0, 0, 0, 0, 1]
(1, (0, 1, 1), (0, 0)): [24756, 20090, 18389, 7299, 3688, 1465, 564, 224, 108, 34, 11, 7, 2, 2, 0, 1]
(1, (0, 1, 1), (0, 1)): [329, 210, 185, 77, 35, 18, 8, 3]
(1, (0, 1, 1), (0, 2)): [164, 70, 60, 25, 10, 5, 4]
(1, (0, 1, 1), (1, 0)): [551, 423, 330, 160, 104, 38, 17, 10, 3, 1]
(1, (0, 1, 1), (1, 1)): [274, 188, 175, 68, 34, 11, 6, 4]
(1, (0, 1, 1), (1, 2)): [217, 104, 96, 46, 17, 7, 4]
(1, (0, 1, 1), (2, 0)): [355, 276, 189, 108, 82, 32, 14, 8, 3, 1]
(1, (0, 1, 1), (2, 1)): [152, 125, 101, 43, 19, 9, 7, 2]
(1, (0, 1, 1), (2, 2)): [153, 100, 88, 42, 21, 4, 2, 2]
(1, (0, 1, 1), (3, 0)): [290, 215, 139, 81, 72, 28, 10, 8, 3, 1]
(1, (0, 1, 1), (3, 1)): [74, 51, 41, 21, 7, 9, 5]
(1, (0, 1, 1), (3, 2)): [94, 64, 47, 22, 13, 4, 1, 1]
(1, (1, 0, 0), (0, 0)): [428445, 76459, 48189, 20417, 8237, 3266, 1290, 462, 202, 80, 31, 21, 4, 3, 0, 2]
(1, (1, 0, 0), (0, 1)): [7236, 1020, 753, 320, 120, 46, 19, 4, 1, 2]
(1, (1, 0, 0), (0, 2)): [2633, 314, 275, 90, 33, 13, 6, 1, 0, 2]
(1, (1, 0, 0), (1, 0)): [6941, 1264, 900, 398, 171, 57, 27, 10, 1, 2, 0, 0, 1, 0, 0, 1]
(1, (1, 0, 0), (1, 1)): [5747, 875, 638, 274, 107, 40, 17, 8, 1, 0, 0, 0, 0, 0, 0, 1]
(1, (1, 0, 0), (1, 2)): [3595, 463, 372, 135, 53, 18, 6, 6, 0, 1]
(1, (1, 0, 0), (2, 0)): [2273, 462, 345, 175, 69, 27, 10, 0, 1, 2, 0, 0, 1]
(1, (1, 0, 0), (2, 1)): [2926, 511, 394, 176, 71, 23, 12, 2, 2, 0, 0, 0, 0, 0, 0, 1]
(1, (1, 0, 0), (2, 2)): [2699, 390, 332, 126, 48, 14, 6, 3, 1, 1]
(1, (1, 0, 0), (3, 0)): [697, 166, 112, 78, 31, 12, 4, 0, 0, 2, 0, 0, 1]
(1, (1, 0, 0), (3, 1)): [1124, 274, 177, 103, 39, 14, 6, 1, 0, 1, 0, 0, 0, 0, 0, 1]
(1, (1, 0, 0), (3, 2)): [1364, 273, 195, 98, 33, 15, 5, 1, 1, 1, 0, 0, 0, 0, 0, 1]
(1, (1, 0, 1), (0, 0)): [34198, 40379, 13044, 8594, 3659, 1489, 595, 236, 81, 51, 13, 5, 0, 1]
(1, (1, 0, 1), (0, 1)): [605, 528, 148, 128, 58, 19, 10, 5, 3, 2]
(1, (1, 0, 1), (0, 2)): [267, 162, 55, 48, 8, 7, 4, 3, 0, 1]
(1, (1, 0, 1), (1, 0)): [579, 643, 200, 147, 78, 26, 10, 4, 0, 2]
(1, (1, 0, 1), (1, 1)): [461, 436, 124, 106, 57, 8, 9, 3, 2]
(1, (1, 0, 1), (1, 2)): [335, 237, 72, 63, 22, 8, 6, 3, 0, 1]
(1, (1, 0, 1), (2, 0)): [225, 219, 68, 47, 34, 15, 2, 1, 0, 1]
(1, (1, 0, 1), (2, 1)): [223, 226, 67, 56, 34, 8, 6, 1, 2]
(1, (1, 0, 1), (2, 2)): [224, 177, 59, 37, 23, 7, 6, 1, 1]
(1, (1, 0, 1), (3, 1)): [96, 104, 26, 28, 22, 7, 0, 1]
(1, (1, 0, 1), (3, 2)): [111, 100, 36, 28, 21, 10, 4, 2, 1]
(1, (1, 1, 0), (0, 0)): [116821, 36134, 24313, 17016, 7176, 2966, 1166, 463, 195, 72, 26, 14, 8, 5, 1]
(1, (1, 1, 0), (0, 1)): [2027, 545, 329, 260, 102, 40, 21, 6, 3]
(1, (1, 1, 0), (0, 2)): [817, 205, 109, 93, 31, 10, 5, 0, 1]
(1, (1, 1, 0), (1, 0)): [1817, 620, 435, 327, 144, 51, 25, 11, 1, 3, 0, 0, 2, 1]
(1, (1, 1, 0), (1, 1)): [1514, 441, 300, 219, 98, 36, 19, 9, 0, 2]
(1, (1, 1, 0), (1, 2)): [1087, 265, 167, 133, 52, 17, 8, 2]
(1, (1, 1, 0), (2, 0)): [611, 217, 141, 127, 55, 19, 8, 2, 1, 1, 0, 0, 2, 1]
(1, (1, 1, 0), (2, 1)): [762, 270, 179, 126, 53, 21, 12, 4, 0, 1, 0, 0, 1]
(1, (1, 1, 0), (2, 2)): [785, 217, 126, 95, 46, 15, 6, 2]
(1, (1, 1, 0), (3, 0)): [165, 83, 42, 43, 27, 11, 4, 2, 1, 1, 0, 0, 1]
(1, (1, 1, 0), (3, 1)): [315, 131, 83, 66, 34, 12, 10, 3, 0, 2, 0, 0, 1]
(1, (1, 1, 0), (3, 2)): [406, 135, 85, 58, 37, 16, 9, 5, 0, 2, 0, 0, 1]
(1, (1, 1, 1), (0, 0)): [23887, 18938, 12177, 8063, 5770, 2460, 1002, 380, 159, 58, 20, 15, 7, 3, 1, 1]
(1, (1, 1, 1), (0, 1)): [472, 300, 186, 122, 103, 37, 20, 8, 3]
(1, (1, 1, 1), (0, 2)): [235, 105, 68, 38, 38, 12, 10, 1]
(1, (1, 1, 1), (1, 0)): [414, 312, 210, 135, 113, 47, 20, 7, 2, 2, 0, 1, 1]
(1, (1, 1, 1), (1, 1)): [344, 227, 152, 110, 91, 36, 10, 6, 1]
(1, (1, 1, 1), (1, 2)): [263, 120, 94, 65, 46, 27, 9, 3]
(1, (1, 1, 1), (2, 0)): [128, 116, 87, 52, 39, 20, 12, 4, 1, 1, 0, 1, 1]
(1, (1, 1, 1), (2, 1)): [167, 142, 90, 64, 50, 15, 11, 4, 1, 1, 0, 1]
(1, (1, 1, 1), (2, 2)): [178, 101, 77, 67, 43, 18, 8, 2]
(1, (1, 1, 1), (3, 0)): [29, 43, 29, 23, 12, 11, 4, 1, 1, 0, 0, 0, 1]
(1, (1, 1, 1), (3, 2)): [91, 68, 40, 41, 28, 14, 3, 2]
(2, (0, 0, 0), (0, 0)): [967886, 43122, 14472, 4601, 1511, 504, 171, 53, 10, 5, 5, 0, 1]
(2, (0, 0, 0), (0, 1)): [16949, 712, 237, 68, 31, 9, 6, 1]
(2, (0, 0, 0), (0, 2)): [6123, 186, 49, 19, 8, 2, 1, 1]
(2, (0, 0, 0), (1, 0)): [17188, 992, 329, 100, 42, 12, 3, 0, 0, 0, 0, 0, 1]
(2, (0, 0, 0), (1, 1)): [15047, 742, 246, 59, 33, 8, 6]
(2, (0, 0, 0), (1, 2)): [9453, 326, 108, 31, 15, 5, 3]
(2, (0, 0, 0), (2, 0)): [6347, 383, 158, 57, 21, 6, 1, 0, 0, 0, 0, 0, 1]
(2, (0, 0, 0), (2, 1)): [8691, 464, 161, 54, 12, 6, 3]
(2, (0, 0, 0), (2, 2)): [7973, 333, 120, 37, 14, 7, 1]
(2, (0, 0, 0), (3, 0)): [2197, 151, 90, 29, 15, 3, 1, 0, 0, 0, 0, 0, 1]
(2, (0, 0, 0), (3, 1)): [4005, 239, 116, 38, 15, 6, 2]
(2, (0, 0, 0), (3, 2)): [5008, 263, 117, 33, 12, 6]
(2, (0, 0, 1), (0, 0)): [91055, 28514, 5508, 1865, 663, 221, 66, 22, 3, 2, 0, 1]
(2, (0, 0, 1), (0, 1)): [1378, 384, 83, 23, 13, 3, 1]
(2, (0, 0, 1), (0, 2)): [531, 109, 28, 4, 3, 1]
(2, (0, 0, 1), (1, 0)): [1690, 473, 109, 47, 12, 6, 0, 2]
(2, (0, 0, 1), (1, 1)): [1318, 318, 73, 23, 10, 2, 1, 1]
(2, (0, 0, 1), (1, 2)): [860, 165, 38, 11, 3, 1, 1]
(2, (0, 0, 1), (2, 0)): [728, 203, 52, 30, 7, 5, 0, 1]
(2, (0, 0, 1), (2, 1)): [768, 178, 53, 19, 10, 2, 0, 2]
(2, (0, 0, 1), (2, 2)): [710, 136, 48, 7, 3, 2, 1]
(2, (0, 0, 1), (3, 0)): [377, 91, 27, 19, 3, 4]
(2, (0, 0, 1), (3, 1)): [406, 98, 22, 18, 7, 2, 0, 1]
(2, (0, 0, 1), (3, 2)): [460, 99, 33, 12, 3, 1]
(2, (0, 1, 0), (0, 0)): [241969, 52073, 13731, 4755, 1548, 533, 162, 46, 10, 7, 5, 0, 1]
(2, (0, 1, 0), (0, 1)): [3576, 662, 170, 59, 20, 1, 1]
(2, (0, 1, 0), (0, 2)): [1329, 193, 44, 12, 7]
(2, (0, 1, 0), (1, 0)): [4701, 819, 330, 137, 36, 19, 5, 1, 0, 0, 0, 0, 1]
(2, (0, 1, 0), (1, 1)): [3318, 576, 197, 63, 18, 5, 3, 1]
(2, (0, 1, 0), (1, 2)): [2089, 294, 71, 35, 6]
(2, (0, 1, 0), (2, 0)): [2225, 369, 166, 94, 27, 12, 3, 0, 0, 0, 0, 0, 1]
(2, (0, 1, 0), (2, 1)): [2005, 361, 129, 49, 16, 9, 3, 1, 0, 0, 0, 0, 1]
(2, (0, 1, 0), (2, 2)): [1842, 278, 72, 38, 9, 4, 0, 1]
(2, (0, 1, 0), (3, 0)): [1262, 175, 95, 63, 17, 5, 2]
(2, (0, 1, 0), (3, 1)): [992, 177, 90, 34, 16, 5, 3, 0, 0, 0, 0, 0, 1]
(2, (0, 1, 0), (3, 2)): [1215, 191, 79, 35, 10, 5, 1, 0, 0, 0, 0, 0, 1]
(2, (0, 1, 1), (0, 0)): [55481, 4829, 12311, 3281, 1281, 402, 140, 47, 18, 4, 3, 1, 0, 1]
(2, (0, 1, 1), (0, 1)): [766, 61, 127, 32, 8, 3, 1, 3]
(2, (0, 1, 1), (0, 2)): [331, 23, 42, 11, 5, 1, 1]
(2, (0, 1, 1), (1, 0)): [1079, 111, 222, 76, 38, 8, 4, 0, 0, 0, 1]
(2, (0, 1, 1), (1, 1)): [701, 58, 126, 36, 7, 4, 1, 2]
(2, (0, 1, 1), (1, 2)): [474, 30, 70, 17, 5, 1, 2, 1]
(2, (0, 1, 1), (2, 0)): [549, 64, 107, 43, 30, 6, 1, 0, 0, 0, 1]
(2, (0, 1, 1), (2, 1)): [387, 35, 86, 20, 9, 5]
(2, (0, 1, 1), (2, 2)): [403, 30, 70, 20, 4, 4, 1, 1]
(2, (0, 1, 1), (3, 0)): [389, 48, 66, 29, 25, 5, 1, 0, 0, 0, 1]
(2, (0, 1, 1), (3, 2)): [258, 23, 56, 16, 5, 4, 0, 1]
(2, (1, 0, 0), (0, 0)): [520168, 37832, 23914, 7585, 2397, 776, 304, 85, 18, 10, 6, 0, 1]
(2, (1, 0, 0), (0, 1)): [8317, 462, 364, 95, 38, 10, 6, 1]
(2, (1, 0, 0), (0, 2)): [3005, 132, 92, 16, 14, 2, 1]
(2, (1, 0, 0), (1, 0)): [8652, 688, 502, 200, 46, 15, 7, 2, 0, 0, 0, 0, 1]
(2, (1, 0, 0), (1, 1)): [6844, 426, 345, 115, 27, 4, 4, 1]
(2, (1, 0, 0), (1, 2)): [4229, 207, 144, 49, 15, 3]
(2, (1, 0, 0), (2, 0)): [2952, 283, 168, 94, 20, 7, 4, 0, 0, 0, 0, 0, 1]
(2, (1, 0, 0), (2, 1)): [3547, 238, 187, 73, 24, 6, 2, 1, 0, 0, 0, 0, 1]
(2, (1, 0, 0), (2, 2)): [3240, 191, 141, 45, 18, 5, 1, 1]
(2, (1, 0, 0), (3, 0)): [953, 133, 55, 55, 6, 3, 3]
(2, (1, 0, 0), (3, 1)): [1517, 165, 91, 54, 10, 4, 2, 0, 0, 0, 0, 0, 1]
(2, (1, 0, 0), (3, 2)): [1802, 159, 98, 46, 11, 8, 1, 1, 0, 0, 0, 0, 1]
(2, (1, 0, 1), (0, 0)): [87602, 21559, 8529, 4988, 1599, 541, 187, 59, 21, 7, 0, 2, 1]
(2, (1, 0, 1), (0, 1)): [1472, 300, 115, 82, 25, 5, 2, 2, 0, 0, 0, 1]
(2, (1, 0, 1), (0, 2)): [588, 91, 33, 18, 10, 0, 0, 1]
(2, (1, 0, 1), (1, 0)): [1384, 306, 147, 112, 38, 16, 5]
(2, (1, 0, 1), (1, 1)): [1109, 233, 92, 80, 19, 11, 5, 1, 0, 0, 0, 1]
(2, (1, 0, 1), (1, 2)): [765, 124, 46, 34, 11, 6, 1, 2, 0, 0, 0, 1]
(2, (1, 0, 1), (2, 0)): [523, 107, 69, 37, 15, 5, 2]
(2, (1, 0, 1), (2, 1)): [616, 132, 49, 42, 16, 5, 1]
(2, (1, 0, 1), (2, 2)): [533, 94, 36, 26, 10, 3, 1, 2, 0, 0, 0, 1]
(2, (1, 0, 1), (3, 0)): [189, 34, 32, 14, 8, 2, 2]
(2, (1, 0, 1), (3, 1)): [289, 57, 35, 21, 7, 2, 3]
(2, (1, 0, 1), (3, 2)): [312, 62, 37, 15, 8, 3, 2, 2]
(2, (1, 1, 0), (0, 0)): [200370, 30789, 15536, 10326, 3280, 1088, 353, 115, 42, 18, 7, 1, 2, 1]
(2, (1, 1, 0), (0, 1)): [3449, 465, 214, 157, 45, 7, 5, 3, 0, 0, 0, 0, 1]
(2, (1, 1, 0), (0, 2)): [1388, 143, 62, 38, 11, 1, 2, 1]
(2, (1, 1, 0), (1, 0)): [3320, 519, 285, 232, 72, 23, 8, 2, 1, 1]
(2, (1, 1, 0), (1, 1)): [2784, 378, 181, 149, 35, 9, 4, 2, 1, 1, 0, 0, 1]
(2, (1, 1, 0), (1, 2)): [1919, 213, 93, 63, 14, 4, 2, 2]
(2, (1, 1, 0), (2, 0)): [1172, 203, 124, 93, 40, 13, 3, 1]
(2, (1, 1, 0), (2, 1)): [1482, 194, 128, 98, 28, 11, 4, 1, 1, 1, 0, 0, 1]
(2, (1, 1, 0), (2, 2)): [1434, 172, 84, 82, 16, 4, 4, 2, 1]
(2, (1, 1, 0), (3, 0)): [426, 81, 53, 36, 16, 6, 1]
(2, (1, 1, 0), (3, 1)): [654, 103, 76, 53, 16, 9, 2, 1, 0, 0, 0, 0, 1]
(2, (1, 1, 0), (3, 2)): [799, 107, 71, 58, 18, 4, 3, 2, 1]
(2, (1, 1, 1), (0, 0)): [57900, 8424, 9782, 4858, 3443, 1104, 370, 124, 42, 9, 6, 0, 1, 1]
(2, (1, 1, 1), (0, 1)): [1163, 116, 166, 82, 57, 10, 7, 3, 1, 0, 0, 0, 1]
(2, (1, 1, 1), (0, 2)): [542, 33, 42, 26, 16, 2, 2, 1, 1]
(2, (1, 1, 1), (1, 0)): [906, 257, 172, 102, 63, 27, 8, 1, 2, 0, 1]
(2, (1, 1, 1), (1, 1)): [848, 127, 142, 72, 46, 8, 5, 0, 0, 0, 1, 0, 1]
(2, (1, 1, 1), (1, 2)): [647, 56, 62, 35, 18, 4, 3, 1, 0, 0, 1]
(2, (1, 1, 1), (2, 0)): [258, 171, 49, 46, 34, 17, 4, 1, 1]
(2, (1, 1, 1), (2, 1)): [374, 115, 84, 42, 38, 11, 5, 0, 0, 0, 0, 0, 1]
(2, (1, 1, 1), (2, 2)): [419, 72, 58, 40, 21, 5, 3, 0, 0, 0, 1]
(2, (1, 1, 1), (3, 0)): [53, 116, 17, 26, 13, 8, 1, 0, 1]
(2, (1, 1, 1), (3, 1)): [120, 118, 34, 28, 27, 8, 4]
(2, (1, 1, 1), (3, 2)): [198, 97, 41, 43, 23, 8, 5, 0, 0, 0, 1]
