(0, (0, 0, 0)): [173551, 32728, 14388, 6388, 2805, 1125, 455, 182, 70, 26, 19, 0, 0, 0, 1]
(0, (0, 0, 1)): [1062, 2937, 847, 371, 164, 62, 38, 16, 4, 1, 2]
(0, (0, 1, 0)): [5634, 5483, 1912, 899, 440, 160, 65, 19, 11, 5, 4]
(0, (0, 1, 1)): [480, 832, 1064, 482, 225, 100, 46, 17, 8, 4, 1, 0, 0, 0, 1]
(0, (1, 0, 0)): [39249, 13832, 7641, 3782, 1681, 704, 285, 120, 50, 17, 14, 0, 0, 0, 1]
(0, (1, 0, 1)): [920, 2233, 1089, 667, 352, 146, 77, 32, 14, 3, 3]
(0, (1, 1, 0)): [4904, 3266, 2689, 1699, 913, 391, 162, 68, 25, 15, 10]
(0, (1, 1, 1)): [581, 939, 801, 690, 509, 240, 110, 58, 26, 15, 7, 0, 0, 0, 1]
(1, (0, 0, 0)): [136542, 13305, 5219, 1882, 762, 310, 94, 47, 10, 6, 2]
(1, (0, 0, 1)): [5412, 7948, 1486, 596, 261, 83, 36, 19, 6, 1, 0, 1]
(1, (0, 1, 0)): [22309, 10531, 3358, 1323, 495, 204, 65, 27, 9, 1]
(1, (0, 1, 1)): [3641, 2990, 3167, 1181, 468, 182, 62, 19, 7, 3, 2]
(1, (1, 0, 0)): [54405, 10267, 5400, 2265, 870, 368, 107, 55, 12, 7, 3]
(1, (1, 0, 1)): [4015, 4953, 1837, 1060, 441, 162, 56, 26, 8, 4, 1]
(1, (1, 1, 0)): [13317, 4154, 2952, 1848, 765, 307, 101, 38, 14, 5, 0, 0, 0, 1]
(1, (1, 1, 1)): [2581, 2101, 1347, 1022, 630, 277, 102, 45, 12, 3]
(2, (0, 0, 0)): [118049, 4312, 1358, 391, 139, 41, 14, 7, 1, 1, 1]
(2, (0, 0, 1)): [14990, 5347, 824, 242, 83, 17, 9, 3]
(2, (0, 1, 0)): [36145, 8008, 1842, 566, 150, 49, 17, 9, 0, 1]
(2, (0, 1, 1)): [9043, 875, 2095, 508, 172, 53, 15, 2, 1]
(2, (1, 0, 0)): [66081, 4988, 2280, 707, 211, 71, 24, 12, 2, 0, 1]
(2, (1, 0, 1)): [10119, 2913, 1323, 488, 156, 48, 14, 5, 1]
(2, (1, 1, 0)): [20449, 2980, 1658, 889, 223, 81, 21, 8, 3, 1, 1]
(2, (1, 1, 1)): [6210, 986, 1003, 554, 316, 86, 30, 7, 3, 2, 1]
