(0, (0, 0, 0), (0, 0)): [855674, 172040, 80802, 36914, 16737, 7292, 3016, 1273, 531, 240, 108, 48, 24, 6, 3, 1, 0, 1]
(0, (0, 0, 0), (0, 1)): [19653, 3577, 1681, 748, 328, 146, 50, 30, 7, 5, 2, 0, 2, 1, 0, 1]
(0, (0, 0, 0), (0, 2)): [7179, 1129, 521, 240, 103, 39, 17, 13, 2, 1, 0, 0, 1]
(0, (0, 0, 0), (1, 0)): [17881, 3800, 1919, 869, 443, 181, 83, 32, 11, 6, 2]
(0, (0, 0, 0), (1, 1)): [16538, 3189, 1572, 722, 330, 133, 46, 23, 6, 4, 3, 0, 1, 1, 0, 1]
(0, (0, 0, 0), (1, 2)): [10666, 1805, 828, 363, 181, 75, 21, 13, 5, 2, 0, 0, 2]
(0, (0, 0, 0), (2, 0)): [5868, 1379, 737, 368, 183, 86, 40, 15, 4, 2, 1]
(0, (0, 0, 0), (2, 1)): [8797, 1827, 982, 470, 216, 92, 38, 21, 3, 1, 1, 0, 0, 1]
(0, (0, 0, 0), (2, 2)): [8408, 1545, 768, 355, 170, 79, 20, 12, 3, 3, 1, 0, 2]
(0, (0, 0, 0), (3, 0)): [1929, 476, 306, 170, 81, 46, 18, 6, 3, 0, 1]
(0, (0, 0, 0), (3, 1)): [3539, 851, 538, 277, 115, 54, 23, 13, 4]
(0, (0, 0, 0), (3, 2)): [4794, 1011, 627, 292, 135, 55, 16, 10, 5, 2, 0, 0, 2]
(0, (0, 0, 1), (0, 0)): [3775, 11753, 3264, 1532, 752, 338, 151, 81, 31, 18, 6, 1, 3, 1]
(0, (0, 0, 1), (0, 1)): [75, 196, 60, 20, 17, 7, 5, 1, 0, 1, 0, 0, 0, 1]
(0, (0, 0, 1), (0, 2)): [31, 77, 18, 7, 6, 1]
(0, (0, 0, 1), (1, 0)): [74, 191, 52, 32, 19, 10, 2, 2, 1]
(0, (0, 0, 1), (1, 1)): [64, 142, 48, 17, 19, 7, 5, 1, 0, 1, 0, 0, 0, 1]
(0, (0, 0, 1), (1, 2)): [44, 98, 27, 9, 9, 0, 3, 1, 0, 1]
(0, (0, 0, 1), (2, 0)): [32, 84, 22, 16, 6, 7, 1, 1, 1]
(0, (0, 0, 1), (2, 1)): [36, 87, 28, 16, 13, 5, 1]
(0, (0, 0, 1), (2, 2)): [41, 76, 22, 7, 10, 1, 2]
(0, (0, 0, 1), (3, 1)): [15, 36, 12, 8, 7, 4, 0, 1]
(0, (0, 0, 1), (3, 2)): [22, 44, 11, 5, 9, 4, 1, 1]
(0, (0, 1, 0), (0, 0)): [28079, 27154, 10583, 5008, 2491, 1088, 447, 194, 86, 48, 17, 5, 3, 0, 1]
(0, (0, 1, 0), (0, 1)): [614, 503, 180, 90, 34, 21, 10, 5, 1]
(0, (0, 1, 0), (0, 2)): [238, 150, 61, 25, 7, 9, 2, 0, 1]
(0, (0, 1, 0), (1, 0)): [564, 499, 214, 115, 57, 27, 10, 2, 1]
(0, (0, 1, 0), (1, 1)): [489, 415, 168, 85, 32, 15, 10, 5]
(0, (0, 1, 0), (1, 2)): [324, 250, 95, 49, 18, 10, 4, 2, 1]
(0, (0, 1, 0), (2, 0)): [191, 174, 74, 46, 26, 17, 3, 0, 1]
(0, (0, 1, 0), (2, 1)): [239, 218, 91, 53, 14, 17, 6, 3]
(0, (0, 1, 0), (2, 2)): [254, 188, 84, 46, 15, 7, 6, 1, 1]
(0, (0, 1, 0), (3, 0)): [71, 63, 33, 25, 19, 5, 1, 0, 1]
(0, (0, 1, 0), (3, 1)): [97, 91, 48, 28, 16, 9, 3, 1]
(0, (0, 1, 0), (3, 2)): [154, 114, 64, 34, 17, 6, 6]
(0, (0, 1, 1), (0, 0)): [2519, 4322, 5496, 2478, 1348, 612, 270, 128, 62, 29, 9, 6, 0, 2, 1, 0, 0, 1]
(0, (0, 1, 1), (0, 1)): [49, 60, 94, 42, 23, 8, 8, 3, 2]
(0, (0, 1, 1), (0, 2)): [25, 23, 34, 15, 12, 5, 3, 2]
(0, (0, 1, 1), (1, 0)): [60, 106, 126, 67, 41, 17, 8, 6, 4, 0, 0, 1]
(0, (0, 1, 1), (1, 1)): [39, 62, 83, 43, 21, 5, 5, 2, 2]
(0, (0, 1, 1), (1, 2)): [27, 31, 46, 22, 16, 5, 3, 2, 1]
(0, (0, 1, 1), (2, 0)): [35, 61, 62, 35, 23, 12, 4, 5, 3, 0, 0, 1]
(0, (0, 1, 1), (2, 1)): [29, 42, 55, 28, 12, 4, 2, 5, 3]
(0, (0, 1, 1), (2, 2)): [34, 33, 42, 19, 10, 4, 2, 2, 2]
(0, (0, 1, 1), (3, 0)): [21, 39, 32, 24, 17, 11, 2, 1, 0, 0, 0, 1]
(0, (0, 1, 1), (3, 1)): [10, 23, 21, 15, 9, 1, 0, 2, 2]
(0, (0, 1, 1), (3, 2)): [15, 19, 32, 15, 8, 3, 2, 4, 3]
(0, (1, 0, 0), (0, 0)): [188770, 63873, 40486, 20053, 9668, 4406, 1861, 812, 352, 155, 73, 31, 15, 4, 2, 1, 0, 1]
(0, (1, 0, 0), (0, 1)): [4142, 1095, 794, 382, 204, 92, 30, 14, 8, 1]
(0, (1, 0, 0), (0, 2)): [1571, 323, 260, 102, 57, 20, 12, 2, 5, 1]
(0, (1, 0, 0), (1, 0)): [3527, 1154, 855, 404, 205, 77, 45, 20, 8, 6, 2, 1]
(0, (1, 0, 0), (1, 1)): [3056, 896, 664, 311, 163, 62, 26, 15, 6, 4, 0, 1]
(0, (1, 0, 0), (1, 2)): [1944, 473, 369, 147, 82, 28, 17, 8, 3, 2]
(0, (1, 0, 0), (2, 0)): [1114, 389, 278, 156, 83, 32, 13, 10, 4, 2, 2]
(0, (1, 0, 0), (2, 1)): [1488, 455, 344, 183, 93, 38, 14, 7, 5, 3, 0, 1]
(0, (1, 0, 0), (2, 2)): [1375, 368, 283, 126, 73, 22, 13, 7, 3, 3]
(0, (1, 0, 0), (3, 0)): [325, 134, 106, 70, 42, 11, 4, 5, 0, 1, 1]
(0, (1, 0, 0), (3, 1)): [555, 199, 151, 96, 60, 17, 5, 3, 4, 1, 1, 1]
(0, (1, 0, 0), (3, 2)): [698, 229, 165, 86, 64, 18, 6, 5, 3, 3]
(0, (1, 0, 1), (0, 0)): [4262, 13514, 5647, 3824, 2056, 967, 464, 201, 90, 38, 20, 10, 4, 0, 1, 0, 0, 1]
(0, (1, 0, 1), (0, 1)): [88, 249, 103, 71, 29, 17, 11, 3, 1, 0, 0, 0, 1]
(0, (1, 0, 1), (0, 2)): [32, 92, 24, 23, 12, 8, 5, 1, 1]
(0, (1, 0, 1), (1, 0)): [84, 271, 98, 79, 41, 24, 2, 4, 4, 1, 1]
(0, (1, 0, 1), (1, 1)): [78, 200, 72, 54, 25, 13, 5, 1, 2, 0, 1]
(0, (1, 0, 1), (1, 2)): [59, 115, 36, 27, 14, 9, 3, 2, 2]
(0, (1, 0, 1), (2, 0)): [27, 95, 43, 30, 17, 13, 0, 3, 1, 1]
(0, (1, 0, 1), (2, 1)): [26, 118, 43, 34, 18, 9, 1, 0, 2, 0, 1]
(0, (1, 0, 1), (2, 2)): [46, 97, 33, 19, 13, 5, 2, 2, 1, 0, 1]
(0, (1, 0, 1), (3, 0)): [14, 32, 19, 14, 8, 8, 0, 3]
(0, (1, 0, 1), (3, 1)): [10, 43, 17, 17, 11, 6]
(0, (1, 0, 1), (3, 2)): [15, 48, 26, 11, 10, 4, 1, 0, 1, 0, 1]
(0, (1, 1, 0), (0, 0)): [25687, 16608, 13116, 9123, 4942, 2341, 1027, 499, 198, 90, 45, 18, 7, 1]
(0, (1, 1, 0), (0, 1)): [588, 318, 226, 173, 94, 40, 14, 11, 2, 0, 1, 1]
(0, (1, 1, 0), (0, 2)): [224, 113, 74, 55, 34, 12, 6, 6]
(0, (1, 1, 0), (1, 0)): [474, 291, 235, 171, 87, 54, 20, 13, 3, 3]
(0, (1, 1, 0), (1, 1)): [407, 219, 177, 129, 59, 35, 12, 9, 3, 1, 1]
(0, (1, 1, 0), (1, 2)): [279, 126, 97, 71, 38, 15, 4, 9, 1, 1]
(0, (1, 1, 0), (2, 0)): [134, 90, 74, 61, 34, 22, 6, 6, 2, 1]
(0, (1, 1, 0), (2, 1)): [187, 112, 82, 70, 36, 22, 8, 5, 2, 1]
(0, (1, 1, 0), (2, 2)): [189, 99, 74, 53, 25, 14, 2, 7, 2, 2]
(0, (1, 1, 0), (3, 0)): [32, 32, 27, 22, 13, 7, 3, 3, 1]
(0, (1, 1, 0), (3, 1)): [68, 46, 40, 40, 17, 12, 8, 3, 2]
(0, (1, 1, 0), (3, 2)): [107, 55, 45, 39, 16, 10, 1, 5, 2]
(0, (1, 1, 1), (0, 0)): [2672, 4839, 4075, 3204, 2528, 1248, 598, 311, 132, 61, 33, 12, 2, 1, 1]
(0, (1, 1, 1), (0, 1)): [74, 96, 87, 57, 42, 23, 8, 5, 6, 2, 1, 1]
(0, (1, 1, 1), (0, 2)): [34, 40, 28, 18, 20, 6, 2, 1, 3, 0, 0, 1]
(0, (1, 1, 1), (1, 0)): [46, 106, 105, 75, 66, 33, 11, 10, 3, 0, 1, 1]
(0, (1, 1, 1), (1, 1)): [51, 80, 87, 58, 34, 23, 9, 7, 2, 1, 1]
(0, (1, 1, 1), (1, 2)): [44, 52, 43, 22, 16, 10, 3, 2, 4, 0, 0, 1]
(0, (1, 1, 1), (2, 0)): [12, 43, 26, 32, 33, 11, 3, 4, 1, 0, 1]
(0, (1, 1, 1), (2, 1)): [25, 39, 36, 34, 28, 14, 3, 4, 2]
(0, (1, 1, 1), (2, 2)): [24, 35, 32, 28, 14, 10, 3, 3, 1, 0, 0, 1]
(0, (1, 1, 1), (3, 0)): [2, 14, 12, 15, 12, 2, 2, 2, 0, 0, 1]
(0, (1, 1, 1), (3, 1)): [5, 18, 14, 22, 11, 4, 1, 1, 1, 0, 1]
(0, (1, 1, 1), (3, 2)): [8, 11, 19, 24, 11, 7, 3, 0, 2, 0, 0, 1]
(1, (0, 0, 0), (0, 0)): [683994, 74430, 30970, 12259, 4912, 1894, 718, 282, 108, 43, 21, 11, 5, 2, 0, 1]
(1, (0, 0, 0), (0, 1)): [15885, 1606, 680, 255, 105, 28, 12, 8, 1, 0, 0, 0, 0, 1]
(1, (0, 0, 0), (0, 2)): [5799, 472, 189, 72, 30, 9, 1, 2]
(1, (0, 0, 0), (1, 0)): [15030, 1863, 807, 303, 138, 50, 19, 7, 0, 1, 0, 0, 0, 0, 0, 1]
(1, (0, 0, 0), (1, 1)): [13666, 1500, 621, 229, 101, 38, 17, 5, 1, 1, 0, 0, 0, 1]
(1, (0, 0, 0), (1, 2)): [8584, 756, 300, 130, 58, 26, 7, 2]
(1, (0, 0, 0), (2, 0)): [5140, 711, 361, 127, 55, 22, 7, 4, 0, 0, 0, 0, 0, 0, 0, 1]
(1, (0, 0, 0), (2, 1)): [7509, 925, 405, 150, 68, 21, 10, 5, 0, 1]
(1, (0, 0, 0), (2, 2)): [7122, 702, 310, 122, 58, 31, 10, 3]
(1, (0, 0, 0), (3, 0)): [1628, 254, 170, 55, 27, 8, 4, 0, 0, 0, 0, 0, 0, 0, 0, 1]
(1, (0, 0, 0), (3, 1)): [3121, 485, 256, 90, 46, 7, 3, 3]
(1, (0, 0, 0), (3, 2)): [4067, 507, 263, 90, 50, 19, 10, 3]
(1, (0, 0, 1), (0, 0)): [19888, 29917, 5874, 2459, 1052, 448, 177, 77, 35, 12, 6, 4, 3, 1]
(1, (0, 0, 1), (0, 1)): [386, 427, 91, 31, 17, 7, 5]
(1, (0, 0, 1), (0, 2)): [160, 138, 27, 7, 2, 1, 3]
(1, (0, 0, 1), (1, 0)): [388, 549, 107, 59, 27, 12, 6, 2, 1]
(1, (0, 0, 1), (1, 1)): [340, 401, 76, 37, 20, 6, 2, 2]
(1, (0, 0, 1), (1, 2)): [250, 219, 31, 15, 11, 2, 2]
(1, (0, 0, 1), (2, 0)): [167, 216, 45, 26, 14, 7, 5, 0, 1]
(1, (0, 0, 1), (2, 1)): [161, 240, 38, 22, 11, 7, 5, 2]
(1, (0, 0, 1), (2, 2)): [167, 183, 32, 16, 6, 2, 1]
(1, (0, 0, 1), (3, 0)): [74, 87, 27, 18, 8, 3, 2, 0, 1]
(1, (0, 0, 1), (3, 1)): [86, 117, 15, 14, 6, 3, 3, 2]
(1, (0, 0, 1), (3, 2)): [100, 113, 22, 13, 5, 2, 3]
(1, (0, 1, 0), (0, 0)): [94200, 44276, 15660, 6560, 2699, 1080, 371, 172, 51, 28, 14, 7, 5, 1, 1]
(1, (0, 1, 0), (0, 1)): [1750, 692, 258, 106, 33, 14, 7, 3, 1]
(1, (0, 1, 0), (0, 2)): [684, 239, 79, 22, 8, 6, 3]
(1, (0, 1, 0), (1, 0)): [2090, 945, 342, 199, 96, 27, 11, 4, 0, 0, 1, 0, 0, 1]
(1, (0, 1, 0), (1, 1)): [1551, 598, 237, 115, 45, 15, 7, 4, 1, 0, 0, 0, 0, 1]
(1, (0, 1, 0), (1, 2)): [1017, 351, 131, 44, 15, 7, 5, 2]
(1, (0, 1, 0), (2, 0)): [898, 403, 154, 103, 47, 15, 7, 3, 0, 0, 1]
(1, (0, 1, 0), (2, 1)): [818, 344, 131, 77, 36, 11, 6, 3, 0, 0, 1, 0, 0, 1]
(1, (0, 1, 0), (2, 2)): [785, 301, 118, 42, 25, 6, 3, 1]
(1, (0, 1, 0), (3, 0)): [474, 194, 64, 73, 34, 8, 4, 2]
(1, (0, 1, 0), (3, 1)): [402, 162, 63, 48, 23, 7, 3, 1, 0, 0, 0, 0, 0, 1]
(1, (0, 1, 0), (3, 2)): [443, 168, 78, 43, 23, 2, 4, 1, 0, 0, 0, 0, 0, 1]
(1, (0, 1, 1), (0, 0)): [15916, 13244, 12806, 5030, 2537, 1005, 398, 159, 81, 22, 9, 4, 1, 2, 0, 1]
(1, (0, 1, 1), (0, 1)): [257, 174, 157, 53, 29, 14, 5, 2]
(1, (0, 1, 1), (0, 2)): [128, 54, 51, 17, 9, 3, 1]
(1, (0, 1, 1), (1, 0)): [450, 325, 252, 129, 86, 30, 13, 8, 3, 1]
(1, (0, 1, 1), (1, 1)): [216, 153, 146, 54, 27, 6, 6, 2]
(1, (0, 1, 1), (1, 2)): [167, 81, 81, 37, 11, 4, 2]
(1, (0, 1, 1), (2, 0)): [292, 213, 138, 87, 67, 27, 10, 7, 3, 1]
(1, (0, 1, 1), (2, 1)): [126, 100, 73, 34, 15, 8, 6, 1]
(1, (0, 1, 1), (2, 2)): [123, 78, 72, 31, 16, 2, 1, 1]
(1, (0, 1, 1), (3, 0)): [237, 168, 108, 66, 60, 23, 7, 7, 3, 1]
(1, (0, 1, 1), (3, 1)): [65, 46, 31, 17, 6, 7, 5]
(1, (0, 1, 1), (3, 2)): [75, 55, 38, 14, 10, 3, 1]
(1, (1, 0, 0), (0, 0)): [272721, 49680, 31047, 13440, 5523, 2227, 850, 321, 143, 62, 23, 15, 4, 2, 0, 2]
(1, (1, 0, 0), (0, 1)): [5942, 830, 627, 250, 108, 40, 17, 3, 1, 2]
(1, (1, 0, 0), (0, 2)): [2132, 262, 223, 64, 31, 11, 6, 1, 0, 2]
(1, (1, 0, 0), (1, 0)): [5590, 996, 715, 332, 144, 48, 23, 9, 1, 2, 0, 0, 1, 0, 0, 1]
(1, (1, 0, 0), (1, 1)): [4738, 715, 532, 215, 92, 34, 13, 6, 1, 0, 0, 0, 0, 0, 0, 1]
(1, (1, 0, 0), (1, 2)): [2949, 375, 306, 93, 47, 16, 5, 4, 0, 1]
(1, (1, 0, 0), (2, 0)): [1810, 356, 269, 154, 60, 24, 10, 0, 1, 2, 0, 0, 1]
(1, (1, 0, 0), (2, 1)): [2405, 416, 326, 150, 62, 20, 9, 2, 2, 0, 0, 0, 0, 0, 0, 1]
(1, (1, 0, 0), (2, 2)): [2183, 314, 271, 102, 45, 13, 5, 3, 1, 1]
(1, (1, 0, 0), (3, 0)): [556, 120, 87, 70, 26, 10, 4, 0, 0, 2, 0, 0, 1]
(1, (1, 0, 0), (3, 1)): [919, 217, 148, 90, 31, 12, 6, 1, 0, 1, 0, 0, 0, 0, 0, 1]
(1, (1, 0, 0), (3, 2)): [1136, 228, 158, 80, 30, 14, 5, 1, 1, 1, 0, 0, 0, 0, 0, 1]
(1, (1, 0, 1), (0, 0)): [21161, 26332, 8720, 5661, 2455, 1029, 381, 160, 61, 43, 13, 3, 0, 1]
(1, (1, 0, 1), (0, 1)): [474, 417, 127, 99, 49, 18, 10, 3, 3, 2]
(1, (1, 0, 1), (0, 2)): [217, 126, 42, 32, 8, 7, 4, 1, 0, 1]
(1, (1, 0, 1), (1, 0)): [453, 522, 153, 117, 65, 20, 6, 1, 0, 2]
(1, (1, 0, 1), (1, 1)): [354, 350, 103, 88, 46, 6, 7, 2, 2]
(1, (1, 0, 1), (1, 2)): [277, 181, 58, 52, 20, 6, 5, 2, 0, 1]
(1, (1, 0, 1), (2, 0)): [178, 176, 54, 33, 29, 12, 1, 0, 0, 1]
(1, (1, 0, 1), (2, 1)): [167, 185, 54, 47, 28, 7, 5, 1, 2]
(1, (1, 0, 1), (2, 2)): [176, 141, 50, 29, 19, 5, 5, 0, 1]
(1, (1, 0, 1), (3, 0)): [71, 71, 19, 13, 14, 6, 0, 0, 0, 1]
(1, (1, 0, 1), (3, 1)): [73, 85, 19, 23, 20, 6, 0, 1]
(1, (1, 0, 1), (3, 2)): [92, 81, 29, 22, 19, 8, 3, 1, 1]
(1, (1, 1, 0), (0, 0)): [73342, 23077, 16170, 11065, 4837, 2045, 801, 324, 130, 56, 19, 10, 6, 4, 1]
(1, (1, 1, 0), (0, 1)): [1616, 426, 276, 214, 86, 33, 18, 5, 1]
(1, (1, 1, 0), (0, 2)): [649, 169, 93, 74, 25, 8, 4]
(1, (1, 1, 0), (1, 0)): [1470, 495, 349, 270, 121, 43, 17, 7, 1, 2, 0, 0, 2, 1]
(1, (1, 1, 0), (1, 1)): [1236, 342, 241, 185, 79, 30, 17, 6, 0, 2]
(1, (1, 1, 0), (1, 2)): [883, 214, 138, 108, 42, 14, 8, 1]
(1, (1, 1, 0), (2, 0)): [490, 175, 125, 101, 48, 17, 3, 2, 1, 0, 0, 0, 2, 1]
(1, (1, 1, 0), (2, 1)): [612, 211, 144, 109, 44, 19, 8, 3, 0, 1, 0, 0, 1]
(1, (1, 1, 0), (2, 2)): [637, 173, 99, 80, 39, 12, 4, 1]
(1, (1, 1, 0), (3, 0)): [133, 63, 40, 32, 24, 10, 1, 2, 1, 0, 0, 0, 1]
(1, (1, 1, 0), (3, 1)): [253, 102, 72, 55, 30, 11, 7, 3, 0, 1, 0, 0, 1]
(1, (1, 1, 0), (3, 2)): [338, 105, 74, 49, 33, 13, 7, 4, 0, 1, 0, 0, 1]
(1, (1, 1, 1), (0, 0)): [15143, 12171, 7910, 5406, 3913, 1681, 694, 265, 110, 42, 15, 11, 6, 2, 1, 1]
(1, (1, 1, 1), (0, 1)): [394, 247, 161, 102, 88, 33, 14, 5, 3]
(1, (1, 1, 1), (0, 2)): [203, 86, 58, 33, 33, 11, 7]
(1, (1, 1, 1), (1, 0)): [334, 250, 170, 110, 95, 39, 17, 6, 2, 2, 0, 1, 1]
(1, (1, 1, 1), (1, 1)): [274, 179, 128, 89, 78, 31, 7, 5, 1]
(1, (1, 1, 1), (1, 2)): [221, 88, 79, 51, 39, 24, 8, 1]
(1, (1, 1, 1), (2, 0)): [98, 99, 72, 43, 30, 18, 10, 3, 1, 1, 0, 1, 1]
(1, (1, 1, 1), (2, 1)): [137, 121, 81, 53, 45, 14, 8, 4, 1, 1, 0, 1]
(1, (1, 1, 1), (2, 2)): [147, 84, 64, 56, 39, 17, 7, 2]
(1, (1, 1, 1), (3, 0)): [18, 36, 19, 19, 9, 11, 4, 0, 1, 0, 0, 0, 1]
(1, (1, 1, 1), (3, 1)): [38, 65, 25, 26, 19, 10, 5, 3, 0, 0, 0, 0, 1]
(1, (1, 1, 1), (3, 2)): [76, 56, 33, 36, 25, 14, 3, 2]
(2, (0, 0, 0), (0, 0)): [589972, 26199, 8975, 2802, 997, 332, 121, 40, 8, 3, 4, 0, 1]
(2, (0, 0, 0), (0, 1)): [13784, 577, 203, 53, 31, 6, 5, 1]
(2, (0, 0, 0), (0, 2)): [4909, 151, 45, 15, 8, 1, 1, 1]
(2, (0, 0, 0), (1, 0)): [13718, 785, 259, 80, 34, 10, 3, 0, 0, 0, 0, 0, 1]
(2, (0, 0, 0), (1, 1)): [12182, 602, 209, 48, 30, 5, 6]
(2, (0, 0, 0), (1, 2)): [7549, 267, 92, 23, 14, 3, 3]
(2, (0, 0, 0), (2, 0)): [4911, 289, 118, 48, 16, 6, 1, 0, 0, 0, 0, 0, 1]
(2, (0, 0, 0), (2, 1)): [6998, 362, 131, 47, 10, 4, 3]
(2, (0, 0, 0), (2, 2)): [6334, 273, 101, 31, 13, 4, 1]
(2, (0, 0, 0), (3, 0)): [1667, 116, 68, 25, 12, 3, 1, 0, 0, 0, 0, 0, 1]
(2, (0, 0, 0), (3, 1)): [3157, 181, 88, 32, 11, 5, 2]
(2, (0, 0, 0), (3, 2)): [3987, 213, 100, 28, 9, 4]
(2, (0, 0, 1), (0, 0)): [58515, 19262, 3551, 1217, 433, 160, 48, 15, 2, 2, 0, 1]
(2, (0, 0, 1), (0, 1)): [1094, 312, 68, 22, 10, 3, 1]
(2, (0, 0, 1), (0, 2)): [426, 84, 24, 4, 1, 1]
(2, (0, 0, 1), (1, 0)): [1256, 372, 80, 31, 11, 4, 0, 2]
(2, (0, 0, 1), (1, 1)): [1018, 248, 55, 19, 9, 1, 1, 1]
(2, (0, 0, 1), (1, 2)): [678, 129, 28, 9, 2, 1, 1]
(2, (0, 0, 1), (2, 0)): [523, 156, 37, 21, 7, 4, 0, 1]
(2, (0, 0, 1), (2, 1)): [590, 136, 41, 15, 9, 1, 0, 2]
(2, (0, 0, 1), (2, 2)): [556, 103, 34, 6, 3, 2, 1]
(2, (0, 0, 1), (3, 0)): [259, 68, 20, 14, 3, 3]
(2, (0, 0, 1), (3, 1)): [293, 72, 19, 13, 6, 0, 0, 1]
(2, (0, 0, 1), (3, 2)): [346, 72, 25, 8, 2, 1]
(2, (0, 1, 0), (0, 0)): [151955, 34172, 8715, 3022, 982, 332, 109, 27, 6, 2, 2, 0, 1]
(2, (0, 1, 0), (0, 1)): [2830, 510, 135, 50, 17, 1, 1]
(2, (0, 1, 0), (0, 2)): [1053, 145, 32, 11, 6]
(2, (0, 1, 0), (1, 0)): [3673, 642, 270, 110, 27, 15, 5, 1, 0, 0, 0, 0, 1]
(2, (0, 1, 0), (1, 1)): [2627, 459, 162, 54, 15, 4, 3, 1]
(2, (0, 1, 0), (1, 2)): [1619, 231, 62, 32, 6]
(2, (0, 1, 0), (2, 0)): [1712, 281, 134, 76, 20, 10, 3, 0, 0, 0, 0, 0, 1]
(2, (0, 1, 0), (2, 1)): [1584, 292, 101, 41, 11, 7, 3, 1, 0, 0, 0, 0, 1]
(2, (0, 1, 0), (2, 2)): [1438, 216, 63, 36, 8, 3, 0, 1]
(2, (0, 1, 0), (3, 0)): [958, 130, 76, 51, 14, 4, 2]
(2, (0, 1, 0), (3, 1)): [743, 131, 65, 26, 11, 4, 3, 0, 0, 0, 0, 0, 1]
(2, (0, 1, 0), (3, 2)): [926, 148, 60, 32, 7, 4, 1, 0, 0, 0, 0, 0, 1]
(2, (0, 1, 1), (0, 0)): [36440, 3273, 8513, 2227, 870, 285, 102, 34, 11, 4, 3, 1, 0, 1]
(2, (0, 1, 1), (0, 1)): [611, 54, 111, 25, 7, 3, 1, 3]
(2, (0, 1, 1), (0, 2)): [255, 19, 37, 9, 4, 1, 1]
(2, (0, 1, 1), (1, 0)): [857, 93, 169, 61, 27, 6, 4, 0, 0, 0, 1]
(2, (0, 1, 1), (1, 1)): [558, 48, 101, 27, 6, 3, 1, 2]
(2, (0, 1, 1), (1, 2)): [364, 26, 55, 10, 4, 1, 2, 1]
(2, (0, 1, 1), (2, 0)): [437, 57, 86, 37, 21, 5, 1, 0, 0, 0, 1]
(2, (0, 1, 1), (2, 1)): [306, 30, 70, 17, 6, 4]
(2, (0, 1, 1), (2, 2)): [308, 28, 57, 14, 3, 4, 1, 1]
(2, (0, 1, 1), (3, 0)): [308, 42, 50, 23, 18, 4, 1, 0, 0, 0, 1]
(2, (0, 1, 1), (3, 1)): [161, 15, 35, 10, 4, 1]
(2, (0, 1, 1), (3, 2)): [211, 23, 44, 10, 4, 4, 0, 1]
(2, (1, 0, 0), (0, 0)): [333310, 24849, 15181, 4819, 1607, 508, 209, 61, 14, 8, 5, 0, 1]
(2, (1, 0, 0), (0, 1)): [6796, 364, 292, 82, 34, 8, 6, 1]
(2, (1, 0, 0), (0, 2)): [2440, 106, 73, 15, 12, 2, 1]
(2, (1, 0, 0), (1, 0)): [6989, 562, 411, 156, 44, 12, 6, 1, 0, 0, 0, 0, 1]
(2, (1, 0, 0), (1, 1)): [5602, 347, 287, 92, 26, 3, 4]
(2, (1, 0, 0), (1, 2)): [3468, 173, 119, 47, 13, 2]
(2, (1, 0, 0), (2, 0)): [2362, 222, 140, 78, 19, 4, 3, 0, 0, 0, 0, 0, 1]
(2, (1, 0, 0), (2, 1)): [2857, 187, 160, 55, 22, 5, 2, 0, 0, 0, 0, 0, 1]
(2, (1, 0, 0), (2, 2)): [2623, 160, 122, 39, 16, 4, 1]
(2, (1, 0, 0), (3, 0)): [763, 104, 41, 45, 6, 1, 2]
(2, (1, 0, 0), (3, 1)): [1220, 128, 77, 43, 9, 3, 2, 0, 0, 0, 0, 0, 1]
(2, (1, 0, 0), (3, 2)): [1451, 129, 81, 36, 10, 6, 1, 0, 0, 0, 0, 0, 1]
(2, (1, 0, 1), (0, 0)): [54340, 14084, 5790, 3220, 1061, 357, 129, 43, 15, 4, 0, 2, 1]
(2, (1, 0, 1), (0, 1)): [1160, 242, 101, 70, 23, 2, 2, 2, 0, 0, 0, 1]
(2, (1, 0, 1), (0, 2)): [448, 69, 30, 17, 9, 0, 0, 1]
(2, (1, 0, 1), (1, 0)): [1082, 243, 118, 83, 35, 12, 4]
(2, (1, 0, 1), (1, 1)): [879, 187, 76, 62, 18, 6, 5, 1, 0, 0, 0, 1]
(2, (1, 0, 1), (1, 2)): [592, 87, 35, 24, 9, 4, 1, 2, 0, 0, 0, 1]
(2, (1, 0, 1), (2, 0)): [389, 84, 61, 28, 15, 4, 1]
(2, (1, 0, 1), (2, 1)): [484, 112, 38, 34, 16, 3, 1]
(2, (1, 0, 1), (2, 2)): [423, 71, 28, 21, 10, 3, 1, 2, 0, 0, 0, 1]
(2, (1, 0, 1), (3, 0)): [146, 26, 30, 12, 8, 1, 1]
(2, (1, 0, 1), (3, 1)): [228, 44, 26, 18, 7, 1, 2]
(2, (1, 0, 1), (3, 2)): [252, 51, 28, 13, 8, 3, 1, 2]
(2, (1, 1, 0), (0, 0)): [125941, 19762, 10240, 6514, 2082, 718, 219, 77, 29, 13, 6, 1, 2, 1]
(2, (1, 1, 0), (0, 1)): [2764, 383, 178, 123, 38, 6, 4, 2, 0, 0, 0, 0, 1]
(2, (1, 1, 0), (0, 2)): [1094, 118, 53, 26, 9, 1, 1]
(2, (1, 1, 0), (1, 0)): [2653, 405, 220, 186, 60, 19, 6, 2, 1, 1]
(2, (1, 1, 0), (1, 1)): [2212, 302, 147, 121, 31, 6, 2, 2, 1, 1, 0, 0, 1]
(2, (1, 1, 0), (1, 2)): [1502, 171, 81, 48, 13, 3, 2, 1]
(2, (1, 1, 0), (2, 0)): [931, 157, 99, 79, 32, 12, 3, 1]
(2, (1, 1, 0), (2, 1)): [1204, 149, 99, 78, 24, 10, 2, 1, 1, 1, 0, 0, 1]
(2, (1, 1, 0), (2, 2)): [1128, 138, 70, 59, 15, 4, 3, 1, 1]
(2, (1, 1, 0), (3, 0)): [341, 61, 42, 32, 15, 5, 1]
(2, (1, 1, 0), (3, 1)): [527, 83, 59, 45, 13, 8, 2, 1, 0, 0, 0, 0, 1]
(2, (1, 1, 0), (3, 2)): [640, 83, 56, 41, 15, 3, 2, 1, 1]
(2, (1, 1, 1), (0, 0)): [36868, 5539, 6250, 3223, 2233, 742, 241, 88, 34, 7, 5, 0, 1, 1]
(2, (1, 1, 1), (0, 1)): [945, 94, 131, 65, 48, 8, 5, 2, 1, 0, 0, 0, 1]
(2, (1, 1, 1), (0, 2)): [432, 27, 30, 17, 13, 2, 1, 0, 1]
(2, (1, 1, 1), (1, 0)): [736, 212, 136, 88, 55, 23, 7, 1, 1, 0, 1]
(2, (1, 1, 1), (1, 1)): [696, 104, 115, 63, 42, 6, 3, 0, 0, 0, 1, 0, 1]
(2, (1, 1, 1), (1, 2)): [526, 47, 47, 27, 17, 4, 2, 0, 0, 0, 1]
(2, (1, 1, 1), (2, 0)): [201, 141, 38, 38, 28, 15, 4, 1]
(2, (1, 1, 1), (2, 1)): [301, 99, 65, 36, 33, 8, 4, 0, 0, 0, 0, 0, 1]
(2, (1, 1, 1), (2, 2)): [341, 62, 47, 33, 20, 5, 2, 0, 0, 0, 1]
(2, (1, 1, 1), (3, 0)): [44, 95, 14, 21, 9, 8, 1]
(2, (1, 1, 1), (3, 1)): [99, 100, 24, 24, 21, 6, 4]
(2, (1, 1, 1), (3, 2)): [162, 85, 30, 35, 19, 8, 4, 0, 0, 0, 1]
