(0, (0, 0, 0)): [1027799, 204399, 94911, 43289, 19361, 8352, 3460, 1447, 587, 262, 119, 53, 26, 7, 3, 1, 0, 1]
(0, (0, 0, 1)): [4547, 13595, 3691, 1760, 861, 370, 165, 83, 32, 19, 6, 1, 3, 1]
(0, (0, 1, 0)): [34268, 32145, 12498, 5931, 2905, 1255, 522, 221, 93, 53, 18, 5, 3, 1, 1]
(0, (0, 1, 1)): [3050, 5082, 6324, 2905, 1561, 701, 314, 149, 71, 33, 10, 6, 1, 2, 1, 0, 0, 1]
(0, (1, 0, 0)): [224045, 74700, 47242, 23369, 11120, 5031, 2122, 923, 382, 171, 83, 34, 16, 4, 2, 1, 0, 1]
(0, (1, 0, 1)): [5238, 15889, 6572, 4464, 2407, 1102, 541, 222, 102, 44, 23, 12, 5, 1, 1, 0, 0, 1]
(0, (1, 1, 0)): [30402, 19406, 15059, 10615, 5648, 2677, 1161, 564, 217, 102, 49, 20, 7, 1]
(0, (1, 1, 1)): [3112, 5684, 4717, 3669, 2880, 1440, 687, 349, 146, 67, 34, 12, 3, 1, 1]
(1, (0, 0, 0)): [825426, 89097, 36636, 14510, 5694, 2181, 841, 326, 127, 47, 22, 13, 6, 2, 0, 1]
(1, (0, 0, 1)): [23514, 34302, 6693, 2818, 1201, 497, 192, 83, 36, 12, 6, 4, 4, 1]
(1, (0, 1, 0)): [111837, 51379, 18223, 7654, 3098, 1240, 419, 199, 55, 30, 18, 7, 6, 1, 1]
(1, (0, 1, 1)): [18811, 15205, 14451, 5690, 2867, 1129, 453, 175, 85, 24, 9, 6, 1, 2, 0, 1]
(1, (1, 0, 0)): [323230, 57969, 36441, 15629, 6332, 2530, 987, 361, 163, 65, 26, 18, 4, 2, 0, 2]
(1, (1, 0, 1)): [25472, 30635, 10053, 6530, 2823, 1162, 434, 183, 64, 44, 13, 4, 0, 1]
(1, (1, 1, 0)): [87071, 27134, 18663, 12937, 5519, 2324, 908, 363, 146, 57, 22, 11, 6, 4, 1]
(1, (1, 1, 1)): [18066, 14249, 9234, 6234, 4449, 1909, 782, 300, 121, 43, 17, 13, 6, 2, 1, 1]
(2, (0, 0, 0)): [713531, 31664, 10661, 3391, 1158, 379, 137, 42, 9, 3, 4, 0, 1]
(2, (0, 0, 1)): [68015, 21936, 4120, 1411, 502, 169, 52, 15, 3, 2, 0, 1]
(2, (0, 1, 0)): [179273, 39611, 10241, 3561, 1147, 384, 124, 33, 8, 4, 4, 0, 1]
(2, (0, 1, 1)): [42363, 3763, 9621, 2537, 995, 321, 113, 40, 15, 4, 3, 1, 0, 1]
(2, (1, 0, 0)): [394055, 28818, 17910, 5714, 1843, 596, 239, 65, 17, 8, 5, 0, 1]
(2, (1, 0, 1)): [64986, 16390, 6626, 3755, 1227, 408, 151, 47, 19, 6, 0, 2, 1]
(2, (1, 1, 0)): [149672, 23256, 11906, 7739, 2427, 837, 259, 85, 35, 14, 6, 1, 2, 1]
(2, (1, 1, 1)): [43816, 6511, 7344, 3725, 2617, 855, 283, 98, 38, 7, 5, 0, 1, 1]
