(0, (0, 0, 0), (0, 0)): [308850, 62167, 28695, 13160, 5909, 2551, 1076, 452, 168, 77, 44, 11, 8, 3, 2]
(0, (0, 0, 0), (0, 1)): [962, 186, 71, 35, 12, 5, 2, 1, 0, 1, 1]
(0, (0, 0, 0), (0, 2)): [387, 77, 26, 11, 3, 2, 1, 1]
(0, (0, 0, 0), (1, 0)): [892, 194, 74, 38, 16, 13, 3, 1, 0, 2]
(0, (0, 0, 0), (1, 1)): [761, 161, 52, 32, 10, 3, 1, 1, 0, 1, 1]
(0, (0, 0, 0), (1, 2)): [492, 97, 24, 14, 3, 2, 1, 1]
(0, (0, 0, 0), (2, 0)): [341, 73, 37, 21, 11, 9, 1, 0, 0, 1]
(0, (0, 0, 0), (2, 1)): [414, 85, 26, 19, 6, 4]
(0, (0, 0, 0), (2, 2)): [398, 81, 15, 11, 6, 4, 1]
(0, (0, 0, 0), (3, 0)): [165, 38, 28, 14, 8, 8, 1]
(0, (0, 0, 0), (3, 1)): [186, 42, 24, 11, 2, 1, 1]
(0, (0, 0, 0), (3, 2)): [244, 52, 25, 12, 6, 2, 2]
(0, (0, 0, 1), (0, 0)): [1679, 5238, 1493, 705, 333, 131, 70, 38, 9, 5, 3, 1, 3]
(0, (0, 0, 1), (1, 0)): [3, 13, 4, 3, 2]
(0, (0, 0, 1), (2, 0)): [1, 6, 2, 2, 1]
(0, (0, 0, 1), (2, 1)): [1, 4, 2, 1, 1, 0, 1]
(0, (0, 0, 1), (3, 1)): [1, 1, 1]
(0, (0, 0, 1), (3, 2)): [0, 1, 0, 0, 0, 0, 1]
(0, (0, 1, 0), (0, 0)): [10141, 10364, 3899, 1782, 913, 397, 152, 68, 29, 18, 8, 1]
(0, (0, 1, 0), (0, 1)): [25, 33, 4, 2, 0, 1]
(0, (0, 1, 0), (0, 2)): [7, 10, 1, 2, 0, 1]
(0, (0, 1, 0), (1, 0)): [36, 28, 4, 6, 3]
(0, (0, 1, 0), (1, 1)): [22, 17, 2]
(0, (0, 1, 0), (2, 0)): [13, 15, 1, 5, 2]
(0, (0, 1, 0), (2, 1)): [7, 10, 0, 4]
(0, (0, 1, 0), (3, 1)): [6, 1, 0, 3, 1]
(0, (0, 1, 1), (0, 0)): [875, 1616, 2177, 1001, 509, 240, 98, 48, 22, 11, 3, 1, 0, 1, 1]
(0, (0, 1, 1), (0, 1)): [4, 4, 6, 2, 3, 0, 0, 0, 1]
(0, (0, 1, 1), (1, 0)): [2, 5, 7, 4, 1, 1, 2]
(0, (0, 1, 1), (1, 1)): [2, 2, 6, 3, 2, 0, 0, 0, 1]
(0, (0, 1, 1), (1, 2)): [0, 0, 3, 3, 3]
(0, (0, 1, 1), (2, 1)): [1, 2, 1, 1, 0, 0, 0, 0, 1]
(0, (0, 1, 1), (2, 2)): [1, 0, 1, 3, 2]
(0, (0, 1, 1), (3, 1)): [0, 2, 2, 2, 0, 0, 0, 0, 1]
(0, (0, 1, 1), (3, 2)): [0, 1, 2, 2, 1, 0, 0, 0, 1]
(0, (1, 0, 0), (0, 0)): [69966, 25138, 14945, 7531, 3484, 1547, 675, 284, 108, 50, 32, 9, 6, 3, 2]
(0, (1, 0, 0), (0, 1)): [189, 42, 37, 16, 7, 4, 2, 1, 1, 1]
(0, (1, 0, 0), (0, 2)): [66, 14, 17, 2, 2, 2, 1, 1, 0, 1]
(0, (1, 0, 0), (1, 0)): [147, 63, 39, 16, 4, 2, 0, 0, 2]
(0, (1, 0, 0), (1, 1)): [125, 33, 27, 12, 4, 2]
(0, (1, 0, 0), (1, 2)): [68, 14, 21, 1, 3, 2]
(0, (1, 0, 0), (2, 0)): [49, 28, 11, 8, 3, 0, 0, 0, 2]
(0, (1, 0, 0), (2, 1)): [56, 24, 8, 10, 1, 0, 0, 0, 2]
(0, (1, 0, 0), (2, 2)): [61, 13, 9, 4, 1, 1, 0, 0, 1]
(0, (1, 0, 0), (3, 0)): [23, 11, 5, 5, 2]
(0, (1, 0, 0), (3, 1)): [20, 10, 2, 6, 1, 0, 0, 0, 1]
(0, (1, 0, 0), (3, 2)): [24, 9, 3, 3, 0, 0, 0, 0, 1]
(0, (1, 0, 1), (0, 0)): [1656, 4739, 2236, 1450, 825, 355, 190, 72, 35, 16, 8, 5, 2, 0, 1]
(0, (1, 0, 1), (0, 1)): [4, 13, 0, 5, 0, 0, 3, 1]
(0, (1, 0, 1), (0, 2)): [2, 7, 0, 2, 0, 0, 2, 1]
(0, (1, 0, 1), (1, 0)): [9, 18, 5, 2, 4, 3]
(0, (1, 0, 1), (1, 2)): [2, 7, 1, 1, 0, 0, 0, 1]
(0, (1, 0, 1), (2, 2)): [2, 6, 2, 0, 1, 0, 0, 1]
(0, (1, 1, 0), (0, 0)): [9047, 6022, 5013, 3357, 1790, 835, 368, 177, 64, 35, 25, 4, 2, 1]
(0, (1, 1, 0), (0, 1)): [33, 16, 12, 9, 2, 4]
(0, (1, 1, 0), (1, 0)): [19, 15, 10, 14, 4, 4, 3, 1, 1]
(0, (1, 1, 0), (1, 1)): [13, 15, 8, 8, 1, 5, 0, 0, 1]
(0, (1, 1, 0), (1, 2)): [12, 7, 4, 5, 0, 1]
(0, (1, 1, 0), (2, 1)): [8, 5, 3, 3, 4, 2, 1]
(0, (1, 1, 0), (2, 2)): [8, 5, 0, 4, 1, 1, 1]
(0, (1, 1, 1), (0, 0)): [998, 1693, 1443, 1263, 998, 486, 226, 113, 50, 28, 14, 3, 1, 1, 1]
(0, (1, 1, 1), (0, 1)): [0, 4, 6, 3, 3, 0, 0, 0, 1]
(0, (1, 1, 1), (1, 1)): [1, 3, 4, 3, 4, 1, 0, 0, 1]
(1, (0, 0, 0), (0, 0)): [243361, 25774, 10526, 4076, 1641, 690, 250, 103, 30, 13, 4, 1]
(1, (0, 0, 0), (0, 1)): [763, 90, 23, 9, 5]
(1, (0, 0, 0), (0, 2)): [309, 27, 11, 6, 1]
(1, (0, 0, 0), (1, 0)): [710, 76, 34, 9, 2, 3, 0, 1]
(1, (0, 0, 0), (1, 1)): [610, 68, 22, 8, 3, 1]
(1, (0, 0, 0), (1, 2)): [378, 43, 10, 9, 1, 1]
(1, (0, 0, 0), (2, 0)): [243, 30, 18, 3, 1, 1]
(1, (0, 0, 0), (2, 1)): [308, 35, 20, 4, 2]
(1, (0, 0, 0), (2, 2)): [302, 31, 13, 7, 1, 1]
(1, (0, 0, 0), (3, 0)): [104, 10, 6, 1, 1, 1]
(1, (0, 0, 0), (3, 1)): [134, 21, 13, 1, 1]
(1, (0, 0, 0), (3, 2)): [171, 22, 17, 4, 0, 1]
(1, (0, 0, 1), (0, 0)): [8866, 13858, 2692, 1089, 478, 187, 75, 37, 14, 3, 4, 2, 1]
(1, (0, 0, 1), (0, 1)): [22, 36, 4, 1, 1]
(1, (0, 0, 1), (0, 2)): [9, 17]
(1, (0, 0, 1), (1, 0)): [24, 30, 9, 3, 3]
(1, (0, 0, 1), (1, 1)): [21, 21, 6, 2, 2]
(1, (0, 0, 1), (1, 2)): [11, 14, 3, 1]
(1, (0, 0, 1), (2, 1)): [8, 13, 1, 1, 2]
(1, (0, 0, 1), (2, 2)): [10, 12, 2]
(1, (0, 0, 1), (3, 1)): [6, 6, 0, 0, 2]
(1, (0, 1, 0), (0, 0)): [37823, 18661, 6202, 2509, 992, 425, 162, 60, 18, 8, 1, 2, 2]
(1, (0, 1, 0), (0, 1)): [120, 42, 10, 5, 1, 1, 1]
(1, (0, 1, 0), (0, 2)): [48, 16, 2, 0, 0, 1, 1]
(1, (0, 1, 0), (1, 0)): [130, 59, 18, 10, 6, 2]
(1, (0, 1, 0), (1, 1)): [107, 39, 8, 8, 3, 1]
(1, (0, 1, 0), (1, 2)): [74, 22, 7, 1, 1]
(1, (0, 1, 0), (2, 0)): [55, 18, 10, 4, 3, 1]
(1, (0, 1, 0), (2, 1)): [48, 23, 4, 8, 2, 2]
(1, (0, 1, 0), (2, 2)): [52, 16, 8, 5, 2, 1]
(1, (0, 1, 0), (3, 1)): [29, 10, 2, 4, 2, 1]
(1, (0, 1, 0), (3, 2)): [39, 2, 6, 6, 0, 1]
(1, (0, 1, 1), (0, 0)): [6326, 5432, 5796, 2210, 941, 379, 144, 52, 21, 10, 6, 3, 0, 1]
(1, (0, 1, 1), (0, 1)): [25, 6, 16, 3, 1, 0, 0, 1]
(1, (0, 1, 1), (0, 2)): [18, 1, 5, 1]
(1, (0, 1, 1), (1, 0)): [24, 5, 12, 7, 4, 1, 1]
(1, (0, 1, 1), (1, 1)): [13, 3, 13, 4, 1, 0, 1]
(1, (0, 1, 1), (1, 2)): [15, 0, 7, 1, 0, 0, 1]
(1, (0, 1, 1), (2, 0)): [13, 5, 3, 3, 2, 1]
(1, (0, 1, 1), (2, 1)): [7, 3, 8, 3]
(1, (0, 1, 1), (2, 2)): [10, 1, 4, 3]
(1, (0, 1, 1), (3, 0)): [10, 4, 1, 1, 2, 1]
(1, (0, 1, 1), (3, 1)): [5, 2, 3, 2]
(1, (0, 1, 1), (3, 2)): [5, 1, 5]
(1, (1, 0, 0), (0, 0)): [99975, 19219, 11055, 4770, 1914, 819, 279, 115, 38, 20, 7, 6, 1, 2]
(1, (1, 0, 0), (0, 1)): [312, 39, 29, 14, 4, 3, 1]
(1, (1, 0, 0), (0, 2)): [131, 19, 12, 4]
(1, (1, 0, 0), (1, 0)): [284, 53, 54, 23, 3, 3, 0, 1]
(1, (1, 0, 0), (1, 1)): [228, 33, 26, 14, 1, 3, 0, 1]
(1, (1, 0, 0), (1, 2)): [157, 19, 15, 6, 1]
(1, (1, 0, 0), (2, 0)): [96, 21, 27, 11, 3, 1]
(1, (1, 0, 0), (2, 1)): [109, 18, 20, 9, 0, 3, 0, 1]
(1, (1, 0, 0), (2, 2)): [105, 16, 16, 6, 0, 1]
(1, (1, 0, 0), (3, 0)): [34, 13, 10, 7, 3]
(1, (1, 0, 0), (3, 1)): [38, 9, 10, 7, 0, 1, 0, 1]
(1, (1, 0, 0), (3, 2)): [54, 10, 11, 8, 0, 1]
(1, (1, 0, 1), (0, 0)): [7933, 9944, 3608, 2166, 932, 388, 137, 59, 19, 15, 6, 2]
(1, (1, 0, 1), (0, 1)): [23, 16, 8, 5, 2, 1, 1, 1]
(1, (1, 0, 1), (0, 2)): [19, 4, 4, 3, 0, 1, 0, 1]
(1, (1, 0, 1), (1, 0)): [17, 26, 2, 9, 2, 3]
(1, (1, 0, 1), (1, 1)): [7, 17, 2, 7, 1, 0, 1]
(1, (1, 0, 1), (1, 2)): [10, 6, 4, 6, 1, 0, 0, 1]
(1, (1, 0, 1), (2, 0)): [9, 9, 1, 3, 2, 2]
(1, (1, 0, 1), (2, 1)): [3, 10, 0, 4, 0, 1, 1]
(1, (1, 0, 1), (3, 1)): [3, 3, 0, 2, 1]
(1, (1, 1, 0), (0, 0)): [25059, 7999, 5717, 3793, 1624, 710, 254, 101, 39, 18, 5, 3, 0, 3]
(1, (1, 1, 0), (0, 1)): [71, 18, 11, 14, 4, 2]
(1, (1, 1, 0), (0, 2)): [26, 9, 3, 5, 2]
(1, (1, 1, 0), (1, 0)): [57, 16, 18, 21, 7, 1]
(1, (1, 1, 0), (1, 1)): [63, 12, 6, 13, 2]
(1, (1, 1, 0), (1, 2)): [38, 4, 4, 7, 2]
(1, (1, 1, 0), (2, 2)): [30, 5, 3, 5, 2]
(1, (1, 1, 1), (0, 0)): [4813, 3947, 2586, 1971, 1313, 583, 223, 102, 32, 12, 4, 1, 0, 1]
(1, (1, 1, 1), (0, 1)): [14, 14, 9, 6, 0, 1]
(1, (1, 1, 1), (1, 0)): [12, 11, 15, 6, 9, 3, 1, 1]
(1, (1, 1, 1), (1, 1)): [12, 10, 6, 7, 3, 1]
(1, (1, 1, 1), (2, 1)): [4, 5, 7, 3, 3, 1, 1]
(1, (1, 1, 1), (2, 2)): [3, 4, 4, 1, 1, 2, 1]
(1, (1, 1, 1), (3, 2)): [3, 2, 1, 4, 2, 3]
(2, (0, 0, 0), (0, 0)): [209531, 8618, 2790, 894, 297, 107, 40, 16, 2, 1, 1]
(2, (0, 0, 0), (0, 1)): [677, 35, 7, 2]
(2, (0, 0, 0), (0, 2)): [260, 10, 3, 1]
(2, (0, 0, 0), (1, 0)): [750, 50, 16, 5, 2]
(2, (0, 0, 0), (1, 1)): [613, 32, 10, 1]
(2, (0, 0, 0), (1, 2)): [351, 11, 9, 1]
(2, (0, 0, 0), (2, 0)): [295, 17, 7, 4, 1]
(2, (0, 0, 0), (2, 1)): [389, 22, 4, 2]
(2, (0, 0, 0), (2, 2)): [320, 13, 8, 3]
(2, (0, 0, 0), (3, 0)): [111, 9, 6, 2, 1]
(2, (0, 0, 0), (3, 1)): [181, 12, 3]
(2, (0, 0, 0), (3, 2)): [237, 15, 7, 1]
(2, (0, 0, 1), (0, 0)): [26551, 9262, 1573, 500, 167, 59, 22, 6]
(2, (0, 0, 1), (0, 1)): [65, 22, 5]
(2, (0, 0, 1), (0, 2)): [32, 10, 3]
(2, (0, 0, 1), (1, 0)): [64, 26, 4, 0, 0, 1]
(2, (0, 0, 1), (1, 1)): [44, 13, 2]
(2, (0, 0, 1), (1, 2)): [36, 12, 2]
(2, (0, 0, 1), (2, 0)): [34, 8, 3, 0, 0, 1]
(2, (0, 0, 1), (2, 1)): [27, 8, 2]
(2, (0, 0, 1), (2, 2)): [27, 7, 3]
(2, (0, 0, 1), (3, 0)): [19, 3, 2, 0, 0, 1]
(2, (0, 0, 1), (3, 1)): [18, 3, 1]
(2, (0, 0, 1), (3, 2)): [23, 4, 3]
(2, (0, 1, 0), (0, 0)): [61558, 14285, 3437, 1093, 345, 129, 48, 14, 2, 1]
(2, (0, 1, 0), (0, 1)): [153, 31, 4, 1, 4]
(2, (0, 1, 0), (0, 2)): [63, 7, 1, 0, 2]
(2, (0, 1, 0), (1, 0)): [207, 34, 15, 2, 1, 1]
(2, (0, 1, 0), (1, 1)): [149, 29, 4, 0, 2]
(2, (0, 1, 0), (1, 2)): [91, 14, 2, 0, 4]
(2, (0, 1, 0), (2, 0)): [98, 18, 11, 2, 1, 1]
(2, (0, 1, 0), (2, 1)): [97, 15, 4, 0, 0, 1]
(2, (0, 1, 0), (2, 2)): [87, 9, 3, 0, 3]
(2, (0, 1, 0), (3, 0)): [54, 11, 7, 1, 1]
(2, (0, 1, 0), (3, 1)): [53, 10, 1, 0, 1, 1]
(2, (0, 1, 0), (3, 2)): [68, 8, 4, 0, 1, 1]
(2, (0, 1, 1), (0, 0)): [15880, 1466, 3796, 987, 351, 111, 37, 8, 4, 1, 1]
(2, (0, 1, 1), (0, 1)): [46, 5, 9, 2, 1]
(2, (0, 1, 1), (0, 2)): [20, 0, 2, 2, 1]
(2, (0, 1, 1), (1, 0)): [56, 3, 17, 5, 2, 1]
(2, (0, 1, 1), (1, 1)): [38, 4, 13, 2]
(2, (0, 1, 1), (1, 2)): [24, 1, 6, 2, 1]
(2, (0, 1, 1), (2, 0)): [30, 2, 8, 3, 1, 1]
(2, (0, 1, 1), (2, 2)): [21, 1, 5]
(2, (0, 1, 1), (3, 0)): [25, 0, 6, 2, 1, 1]
(2, (0, 1, 1), (3, 1)): [9, 1, 4]
(2, (1, 0, 0), (0, 0)): [122246, 9575, 4842, 1594, 499, 169, 67, 23, 5, 1, 1]
(2, (1, 0, 0), (0, 1)): [320, 9, 11, 2, 0, 1]
(2, (1, 0, 0), (0, 2)): [102, 3, 3, 0, 0, 1]
(2, (1, 0, 0), (1, 0)): [339, 16, 16, 6, 1, 1]
(2, (1, 0, 0), (1, 1)): [258, 8, 11, 3, 1]
(2, (1, 0, 0), (1, 2)): [134, 4, 6, 2]
(2, (1, 0, 0), (2, 0)): [125, 9, 5, 4]
(2, (1, 0, 0), (2, 1)): [122, 5, 4, 0, 1]
(2, (1, 0, 0), (2, 2)): [101, 6, 8, 1]
(2, (1, 0, 0), (3, 0)): [47, 5, 1, 4]
(2, (1, 0, 0), (3, 1)): [52, 2, 1, 1]
(2, (1, 0, 0), (3, 2)): [51, 4, 1, 1]
(2, (1, 0, 1), (0, 0)): [20645, 5777, 2542, 1157, 377, 138, 44, 19, 5, 0, 0, 1]
(2, (1, 0, 1), (0, 1)): [46, 11, 5, 6, 1, 1]
(2, (1, 0, 1), (0, 2)): [20, 4, 2, 4]
(2, (1, 0, 1), (1, 0)): [49, 7, 7, 8, 0, 1]
(2, (1, 0, 1), (1, 1)): [21, 5, 2, 2, 1]
(2, (1, 0, 1), (1, 2)): [13, 5, 1, 3]
(2, (1, 0, 1), (2, 0)): [24, 4, 5, 5]
(2, (1, 0, 1), (2, 1)): [10, 2, 2, 3, 1]
(2, (1, 0, 1), (2, 2)): [12, 2, 2, 2]
(2, (1, 0, 1), (3, 0)): [14, 1, 2, 1]
(2, (1, 0, 1), (3, 1)): [9, 0, 2, 2, 1]
(2, (1, 0, 1), (3, 2)): [9, 1, 3, 1]
(2, (1, 1, 0), (0, 0)): [39391, 6066, 3385, 1959, 591, 219, 63, 16, 8, 5, 2, 0, 0, 1]
(2, (1, 1, 0), (0, 1)): [117, 14, 6, 5, 2]
(2, (1, 1, 0), (0, 2)): [51, 5, 2, 1]
(2, (1, 1, 0), (1, 0)): [104, 10, 11, 10, 2, 2, 0, 1]
(2, (1, 1, 0), (1, 1)): [73, 9, 4, 4, 1]
(2, (1, 1, 0), (1, 2)): [51, 5, 1, 1]
(2, (1, 1, 0), (2, 0)): [49, 5, 5, 5, 1, 1, 0, 1]
(2, (1, 1, 0), (2, 1)): [46, 5, 2, 2, 1]
(2, (1, 1, 0), (2, 2)): [39, 5, 2, 1, 1]
(2, (1, 1, 0), (3, 1)): [20, 1, 3, 3]
(2, (1, 1, 1), (0, 0)): [11803, 1821, 1974, 1106, 700, 224, 80, 25, 11, 3, 2, 0, 0, 1]
(2, (1, 1, 1), (0, 1)): [41, 5, 6, 3, 2, 1]
(2, (1, 1, 1), (0, 2)): [25, 3, 1, 0, 0, 1]
(2, (1, 1, 1), (1, 0)): [36, 12, 4, 8, 0, 1]
(2, (1, 1, 1), (1, 1)): [20, 3, 5, 4]
