(0, (0, 0, 0)): [2044201, 417641, 191987, 87898, 39435, 16878, 6985, 2842, 1154, 499, 223, 106, 37, 21, 5, 1, 1, 1]
(0, (0, 0, 1)): [7815, 24061, 6627, 3188, 1540, 662, 294, 124, 48, 29, 16, 3, 4, 3]
(0, (0, 1, 0)): [74955, 70539, 27603, 13620, 6521, 2792, 1200, 501, 204, 111, 40, 17, 6, 6, 3, 0, 1]
(0, (0, 1, 1)): [6008, 10557, 12568, 5856, 3072, 1469, 633, 266, 143, 61, 17, 11, 3, 4, 2, 0, 1, 1]
(0, (1, 0, 0)): [431479, 144269, 92713, 46183, 22143, 9927, 4130, 1757, 743, 319, 155, 60, 24, 16, 3, 1, 1, 1]
(0, (1, 0, 1)): [10164, 31041, 12724, 8991, 4750, 2202, 1035, 419, 207, 82, 44, 19, 8, 3, 2, 0, 0, 1]
(0, (1, 1, 0)): [60864, 38712, 28850, 20921, 11152, 5240, 2219, 1031, 428, 197, 92, 35, 12, 5, 0, 0, 1]
(0, (1, 1, 1)): [5822, 11389, 9240, 6810, 5535, 2772, 1263, 600, 292, 124, 63, 21, 7, 4, 1, 0, 1]
(1, (0, 0, 0)): [1666256, 185604, 76031, 30174, 11793, 4511, 1733, 634, 222, 92, 34, 22, 7, 3, 0, 1]
(1, (0, 0, 1)): [45907, 66191, 13198, 5712, 2350, 961, 372, 140, 66, 24, 13, 8, 4, 2]
(1, (0, 1, 0)): [227697, 99608, 36558, 15843, 6398, 2576, 896, 399, 118, 57, 31, 9, 10, 2, 1]
(1, (0, 1, 1)): [35632, 29956, 26247, 10632, 5494, 2147, 858, 339, 153, 52, 14, 7, 2, 2, 0, 1]
(1, (1, 0, 0)): [625041, 111174, 72392, 30910, 12631, 5018, 1986, 719, 281, 120, 45, 30, 5, 3, 0, 2]
(1, (1, 0, 1)): [50888, 58447, 18870, 12782, 5555, 2268, 887, 355, 123, 69, 21, 7, 1, 1]
(1, (1, 1, 0)): [174699, 53168, 35540, 25802, 10839, 4512, 1758, 700, 271, 112, 43, 23, 9, 5, 1]
(1, (1, 1, 1)): [35683, 28573, 18013, 11768, 8914, 3777, 1543, 589, 240, 86, 28, 19, 9, 4, 1, 1]
(2, (0, 0, 0)): [1453627, 68170, 22758, 7228, 2412, 772, 257, 89, 15, 7, 5, 0, 1]
(2, (0, 0, 1)): [137988, 41198, 8582, 2911, 1030, 352, 101, 35, 8, 5, 0, 2]
(2, (0, 1, 0)): [363247, 75864, 21042, 7419, 2499, 813, 256, 79, 18, 12, 7, 0, 1]
(2, (0, 1, 1)): [83792, 7124, 17808, 5075, 1993, 658, 208, 70, 23, 6, 4, 1, 0, 1]
(2, (1, 0, 0)): [757402, 55059, 36567, 11641, 3837, 1227, 462, 136, 31, 13, 7, 1, 1]
(2, (1, 0, 1)): [132944, 31483, 12464, 7795, 2595, 841, 283, 88, 30, 9, 2, 4, 1]
(2, (1, 1, 0)): [297403, 44935, 22788, 15784, 5110, 1657, 555, 188, 58, 27, 10, 2, 2, 1]
(2, (1, 1, 1)): [87545, 12752, 14576, 7328, 5480, 1703, 580, 197, 62, 15, 10, 3, 1, 1]
