(0, (0, 0, 0), (0, 0)): [384280, 78132, 36461, 16707, 7576, 3285, 1420, 588, 239, 109, 52, 18, 11, 3, 2]
(0, (0, 0, 0), (0, 1)): [1155, 226, 91, 38, 15, 5, 2, 2, 0, 1, 1]
(0, (0, 0, 0), (0, 2)): [468, 90, 34, 11, 4, 2, 1, 1]
(0, (0, 0, 0), (1, 0)): [1059, 224, 88, 42, 21, 16, 4, 1, 0, 2]
(0, (0, 0, 0), (1, 1)): [902, 185, 66, 36, 14, 3, 1, 2, 0, 1, 1]
(0, (0, 0, 0), (1, 2)): [586, 116, 31, 15, 4, 2, 1, 1]
(0, (0, 0, 0), (2, 0)): [402, 87, 44, 23, 13, 12, 2, 0, 0, 1]
(0, (0, 0, 0), (2, 1)): [502, 99, 36, 22, 8, 5, 1, 1]
(0, (0, 0, 0), (2, 2)): [480, 94, 20, 12, 7, 4, 1, 1]
(0, (0, 0, 0), (3, 0)): [179, 42, 30, 15, 8, 10, 1]
(0, (0, 0, 0), (3, 1)): [214, 49, 30, 14, 3, 2, 2]
(0, (0, 0, 0), (3, 2)): [288, 60, 32, 13, 7, 2, 2]
(0, (0, 0, 1), (0, 0)): [1960, 6343, 1801, 860, 406, 164, 87, 47, 12, 6, 4, 1, 3]
(0, (0, 0, 1), (0, 1)): [4, 9, 3, 1, 0, 0, 1]
(0, (0, 0, 1), (0, 2)): [2, 5, 1]
(0, (0, 0, 1), (1, 0)): [3, 16, 5, 3, 2]
(0, (0, 0, 1), (1, 1)): [3, 9, 4, 0, 1, 0, 1]
(0, (0, 1, 0), (0, 0)): [12627, 13013, 4934, 2319, 1190, 516, 217, 87, 41, 23, 9, 2]
(0, (0, 1, 0), (0, 1)): [33, 36, 6, 3, 1, 1]
(0, (0, 1, 0), (0, 2)): [7, 10, 2, 3, 0, 1]
(0, (0, 1, 0), (1, 1)): [27, 17, 3, 1]
(0, (0, 1, 0), (1, 2)): [13, 12, 4, 3]
(0, (0, 1, 0), (2, 2)): [10, 12, 2, 4]
(0, (0, 1, 1), (0, 0)): [1122, 2036, 2711, 1229, 631, 301, 132, 62, 29, 13, 6, 1, 0, 1, 1]
(0, (0, 1, 1), (1, 0)): [3, 6, 9, 5, 1, 1, 2]
(0, (0, 1, 1), (1, 1)): [3, 2, 7, 4, 2, 0, 0, 0, 1]
(0, (0, 1, 1), (2, 1)): [2, 2, 1, 1, 0, 0, 0, 0, 1]
(0, (0, 1, 1), (3, 1)): [1, 2, 2, 2, 0, 0, 0, 0, 1]
(0, (1, 0, 0), (0, 0)): [86387, 30974, 18787, 9396, 4448, 2018, 871, 371, 151, 74, 38, 12, 7, 3, 2]
(0, (1, 0, 0), (0, 1)): [237, 57, 44, 18, 13, 5, 3, 1, 1, 1]
(0, (1, 0, 0), (0, 2)): [84, 18, 17, 2, 4, 2, 1, 1, 0, 1]
(0, (1, 0, 0), (1, 0)): [186, 74, 47, 16, 6, 3, 1, 0, 2]
(0, (1, 0, 0), (1, 1)): [152, 42, 34, 14, 8, 2]
(0, (1, 0, 0), (1, 2)): [87, 20, 24, 2, 5, 2]
(0, (1, 0, 0), (2, 0)): [69, 31, 16, 8, 4, 1, 1, 0, 2]
(0, (1, 0, 0), (2, 1)): [73, 26, 12, 10, 3, 0, 1, 0, 2]
(0, (1, 0, 0), (2, 2)): [73, 16, 14, 5, 2, 1, 0, 0, 1]
(0, (1, 0, 0), (3, 2)): [27, 11, 6, 3, 1, 1, 0, 0, 1]
(0, (1, 0, 1), (0, 0)): [2075, 6121, 2814, 1851, 1051, 482, 255, 99, 46, 24, 9, 6, 2, 0, 1]
(0, (1, 0, 1), (1, 0)): [10, 19, 7, 2, 4, 3]
(0, (1, 0, 1), (1, 1)): [5, 12, 4, 1, 2, 0, 1]
(0, (1, 1, 0), (0, 0)): [11222, 7523, 6278, 4180, 2249, 1062, 472, 220, 85, 45, 28, 5, 2, 1]
(0, (1, 1, 0), (0, 1)): [42, 18, 13, 10, 2, 5]
(0, (1, 1, 1), (0, 0)): [1185, 2123, 1841, 1533, 1194, 591, 290, 136, 65, 37, 15, 4, 1, 1, 1]
(0, (1, 1, 1), (0, 1)): [1, 6, 6, 3, 3, 0, 0, 0, 1]
(1, (0, 0, 0), (0, 0)): [303427, 32714, 13525, 5262, 2113, 853, 340, 137, 47, 16, 6, 4, 2]
(1, (0, 0, 0), (0, 1)): [931, 103, 29, 9, 6, 0, 0, 1]
(1, (0, 0, 0), (0, 2)): [381, 27, 12, 6, 2, 0, 0, 1]
(1, (0, 0, 0), (1, 0)): [826, 97, 39, 12, 2, 3, 0, 1]
(1, (0, 0, 0), (1, 1)): [735, 82, 28, 10, 3, 1]
(1, (0, 0, 0), (1, 2)): [468, 46, 14, 10, 2, 1]
(1, (0, 0, 0), (2, 0)): [278, 40, 20, 4, 1, 1]
(1, (0, 0, 0), (2, 1)): [366, 44, 25, 6, 2]
(1, (0, 0, 0), (2, 2)): [372, 36, 18, 9, 2, 1]
(1, (0, 0, 0), (3, 0)): [112, 13, 6, 1, 1, 1]
(1, (0, 0, 0), (3, 1)): [150, 27, 13, 1, 1]
(1, (0, 0, 0), (3, 2)): [212, 26, 20, 4, 0, 1]
(1, (0, 0, 1), (0, 0)): [10550, 16621, 3265, 1375, 585, 225, 94, 49, 17, 7, 5, 3, 2]
(1, (0, 0, 1), (0, 1)): [27, 43, 5, 1, 1]
(1, (0, 0, 1), (0, 2)): [13, 20]
(1, (0, 0, 1), (1, 0)): [27, 33, 9, 3, 3]
(1, (0, 0, 1), (1, 1)): [23, 24, 6, 2, 2]
(1, (0, 0, 1), (2, 0)): [12, 12, 5, 2, 2]
(1, (0, 0, 1), (2, 1)): [9, 15, 1, 1, 2]
(1, (0, 0, 1), (2, 2)): [11, 15, 2]
(1, (0, 0, 1), (3, 1)): [6, 7, 0, 0, 2]
(1, (0, 1, 0), (0, 0)): [46001, 22914, 7699, 3179, 1286, 556, 199, 79, 25, 15, 2, 3, 3]
(1, (0, 1, 0), (0, 1)): [135, 52, 13, 7, 1, 1, 1, 1]
(1, (0, 1, 0), (0, 2)): [52, 19, 3, 0, 0, 1, 1]
(1, (0, 1, 0), (1, 0)): [148, 72, 19, 11, 8, 2]
(1, (0, 1, 0), (1, 1)): [123, 47, 8, 9, 4, 1, 0, 1]
(1, (0, 1, 0), (1, 2)): [83, 26, 8, 1, 1]
(1, (0, 1, 0), (2, 0)): [59, 21, 10, 5, 4, 1]
(1, (0, 1, 0), (2, 1)): [56, 25, 4, 9, 2, 2, 0, 1]
(1, (0, 1, 0), (3, 0)): [34, 11, 4, 2, 4]
(1, (0, 1, 1), (0, 0)): [7804, 6729, 7031, 2676, 1190, 486, 200, 76, 36, 13, 7, 3, 0, 1]
(1, (0, 1, 1), (1, 0)): [33, 7, 13, 7, 6, 3, 2, 1]
(1, (0, 1, 1), (2, 0)): [19, 7, 4, 3, 3, 3, 1, 1]
(1, (0, 1, 1), (3, 0)): [13, 5, 1, 1, 3, 3, 1, 1]
(1, (1, 0, 0), (0, 0)): [124788, 23965, 14092, 6108, 2470, 1035, 383, 148, 63, 28, 9, 9, 2, 2]
(1, (1, 0, 0), (0, 1)): [361, 47, 40, 14, 5, 3, 2]
(1, (1, 0, 0), (0, 2)): [146, 22, 18, 4]
(1, (1, 0, 0), (1, 0)): [341, 64, 57, 23, 4, 3, 0, 1]
(1, (1, 0, 0), (1, 1)): [274, 40, 28, 14, 3, 3, 1, 1]
(1, (1, 0, 0), (1, 2)): [184, 22, 16, 6, 2, 0, 1]
(1, (1, 0, 0), (2, 0)): [112, 24, 29, 11, 3, 1]
(1, (1, 0, 0), (2, 1)): [124, 22, 23, 9, 1, 3, 0, 1]
(1, (1, 0, 0), (2, 2)): [120, 18, 18, 6, 2, 1]
(1, (1, 0, 0), (3, 0)): [45, 14, 10, 7, 3]
(1, (1, 0, 0), (3, 1)): [50, 13, 10, 7, 0, 1, 0, 1]
(1, (1, 0, 0), (3, 2)): [67, 12, 11, 8, 0, 1]
(1, (1, 0, 1), (0, 0)): [10020, 12846, 4563, 2821, 1181, 511, 187, 76, 29, 21, 7, 2]
(1, (1, 0, 1), (0, 1)): [27, 24, 10, 7, 3, 1, 1, 1]
(1, (1, 0, 1), (1, 0)): [20, 34, 4, 10, 3, 4, 0, 1]
(1, (1, 0, 1), (1, 1)): [8, 23, 5, 8, 2, 0, 1]
(1, (1, 0, 1), (2, 0)): [10, 13, 1, 3, 2, 2]
(1, (1, 0, 1), (2, 1)): [3, 13, 0, 4, 0, 1, 1]
(1, (1, 0, 1), (2, 2)): [3, 8, 4, 3, 0, 1]
(1, (1, 0, 1), (3, 2)): [1, 9, 3, 3, 1, 1]
(1, (1, 1, 0), (0, 0)): [31585, 10060, 7335, 4816, 2130, 914, 339, 134, 50, 23, 5, 6, 1, 3]
(1, (1, 1, 0), (0, 1)): [87, 26, 16, 15, 6, 2, 1]
(1, (1, 1, 0), (0, 2)): [33, 15, 4, 6, 3]
(1, (1, 1, 0), (1, 0)): [77, 18, 22, 21, 7, 2]
(1, (1, 1, 0), (1, 1)): [76, 12, 11, 13, 2, 0, 1]
(1, (1, 1, 0), (1, 2)): [46, 7, 5, 7, 3]
(1, (1, 1, 0), (2, 0)): [21, 5, 9, 7, 6, 1]
(1, (1, 1, 0), (2, 1)): [32, 12, 5, 8, 2, 0, 1]
(1, (1, 1, 0), (2, 2)): [35, 7, 4, 5, 2]
(1, (1, 1, 0), (3, 0)): [8, 2, 6, 3, 4, 1]
(1, (1, 1, 0), (3, 2)): [16, 8, 2, 4, 3]
(1, (1, 1, 1), (0, 0)): [6120, 5086, 3312, 2446, 1647, 746, 303, 129, 48, 18, 6, 3, 1, 1]
(1, (1, 1, 1), (0, 1)): [20, 18, 10, 7, 0, 1, 0, 1]
(1, (1, 1, 1), (0, 2)): [12, 7, 4, 3, 0, 1]
(1, (1, 1, 1), (1, 1)): [16, 12, 6, 7, 3, 2, 1, 1]
(1, (1, 1, 1), (1, 2)): [9, 7, 1, 6, 1, 2, 1, 1]
(1, (1, 1, 1), (2, 1)): [6, 6, 7, 3, 3, 1, 1]
(1, (1, 1, 1), (2, 2)): [5, 6, 4, 1, 1, 2, 2, 1]
(1, (1, 1, 1), (3, 2)): [4, 3, 1, 4, 2, 3]
(2, (0, 0, 0), (0, 0)): [260746, 10984, 3674, 1132, 399, 143, 53, 21, 3, 1, 1]
(2, (0, 0, 0), (0, 1)): [817, 40, 7, 3]
(2, (0, 0, 0), (0, 2)): [302, 11, 3, 2]
(2, (0, 0, 0), (1, 0)): [852, 57, 18, 7, 2]
(2, (0, 0, 0), (1, 1)): [728, 37, 12, 3]
(2, (0, 0, 0), (1, 2)): [419, 11, 9, 2]
(2, (0, 0, 0), (2, 0)): [333, 20, 7, 4, 1]
(2, (0, 0, 0), (2, 1)): [446, 25, 5, 4]
(2, (0, 0, 0), (2, 2)): [378, 14, 9, 5]
(2, (0, 0, 0), (3, 0)): [119, 10, 6, 2, 1]
(2, (0, 0, 0), (3, 1)): [199, 13, 3]
(2, (0, 0, 0), (3, 2)): [262, 16, 8, 2]
(2, (0, 0, 1), (0, 0)): [31865, 11015, 1932, 619, 219, 82, 29, 9, 0, 1]
(2, (0, 0, 1), (0, 1)): [75, 28, 6]
(2, (0, 0, 1), (1, 0)): [70, 28, 4, 0, 0, 1]
(2, (0, 0, 1), (1, 1)): [50, 18, 2]
(2, (0, 0, 1), (1, 2)): [43, 14, 3]
(2, (0, 0, 1), (2, 0)): [36, 9, 3, 0, 0, 1]
(2, (0, 0, 1), (2, 1)): [31, 10, 2]
(2, (0, 0, 1), (2, 2)): [34, 10, 4]
(2, (0, 1, 0), (0, 0)): [75064, 17576, 4232, 1403, 444, 162, 57, 17, 4, 1]
(2, (0, 1, 0), (0, 1)): [186, 37, 6, 2, 4]
(2, (0, 1, 0), (0, 2)): [79, 7, 1, 1, 2]
(2, (0, 1, 0), (1, 0)): [239, 40, 16, 3, 1, 1]
(2, (0, 1, 0), (1, 1)): [171, 35, 6, 0, 2]
(2, (0, 1, 0), (1, 2)): [107, 16, 3, 1, 4]
(2, (0, 1, 0), (2, 0)): [112, 20, 12, 3, 1, 1]
(2, (0, 1, 0), (2, 1)): [110, 18, 6, 1, 0, 1]
(2, (0, 1, 0), (2, 2)): [104, 13, 4, 1, 3]
(2, (0, 1, 0), (3, 0)): [64, 12, 7, 1, 1]
(2, (0, 1, 0), (3, 1)): [60, 11, 2, 1, 1, 1]
(2, (0, 1, 0), (3, 2)): [79, 11, 5, 0, 1, 1]
(2, (0, 1, 1), (0, 0)): [19095, 1757, 4657, 1218, 425, 155, 46, 15, 8, 1, 1]
(2, (0, 1, 1), (0, 1)): [54, 5, 12, 2, 1]
(2, (0, 1, 1), (1, 0)): [67, 3, 19, 6, 2, 1]
(2, (0, 1, 1), (1, 1)): [44, 4, 14, 2]
(2, (0, 1, 1), (1, 2)): [28, 1, 7, 2, 1]
(2, (0, 1, 1), (2, 0)): [35, 2, 9, 4, 1, 1]
(2, (0, 1, 1), (2, 1)): [18, 2, 5]
(2, (0, 1, 1), (2, 2)): [22, 1, 6]
(2, (0, 1, 1), (3, 0)): [30, 0, 7, 3, 1, 1]
(2, (0, 1, 1), (3, 2)): [16, 0, 8]
(2, (1, 0, 0), (0, 0)): [153182, 12006, 6353, 2082, 687, 233, 94, 29, 7, 1, 1]
(2, (1, 0, 0), (0, 1)): [387, 15, 15, 4, 1, 1]
(2, (1, 0, 0), (0, 2)): [132, 7, 4, 0, 0, 1]
(2, (1, 0, 0), (1, 0)): [403, 19, 20, 8, 1, 1]
(2, (1, 0, 0), (1, 1)): [312, 9, 12, 6, 1]
(2, (1, 0, 0), (1, 2)): [167, 7, 7, 3]
(2, (1, 0, 0), (2, 0)): [145, 11, 6, 5]
(2, (1, 0, 0), (2, 1)): [147, 7, 5, 0, 1]
(2, (1, 0, 0), (2, 2)): [127, 9, 9, 1]
(2, (1, 0, 0), (3, 0)): [50, 5, 2, 4]
(2, (1, 0, 0), (3, 1)): [60, 3, 3, 1]
(2, (1, 0, 0), (3, 2)): [66, 6, 3, 1]
(2, (1, 0, 1), (0, 0)): [26367, 7220, 3175, 1531, 508, 194, 57, 24, 7, 1, 0, 1]
(2, (1, 0, 1), (1, 0)): [58, 8, 7, 8, 0, 1]
(2, (1, 0, 1), (1, 1)): [33, 7, 2, 2, 1]
(2, (1, 0, 1), (2, 1)): [16, 2, 2, 3, 1]
(2, (1, 1, 0), (0, 0)): [50647, 7864, 4395, 2581, 803, 299, 85, 21, 12, 5, 2, 0, 0, 1]
(2, (1, 1, 0), (0, 1)): [147, 19, 10, 5, 2]
(2, (1, 1, 0), (0, 2)): [67, 7, 4, 1]
(2, (1, 1, 0), (1, 0)): [127, 11, 11, 13, 2, 2, 0, 1]
(2, (1, 1, 0), (1, 1)): [90, 12, 5, 5, 1]
(2, (1, 1, 0), (1, 2)): [60, 10, 2, 2]
(2, (1, 1, 0), (2, 0)): [61, 5, 5, 7, 1, 1, 0, 1]
(2, (1, 1, 0), (2, 1)): [55, 5, 3, 2, 1]
(2, (1, 1, 0), (2, 2)): [47, 8, 2, 2, 1]
(2, (1, 1, 0), (3, 0)): [28, 2, 4, 4, 1, 1]
(2, (1, 1, 0), (3, 1)): [22, 1, 4, 5]
(2, (1, 1, 0), (3, 2)): [27, 1, 5, 3, 1]
(2, (1, 1, 1), (0, 0)): [15133, 2311, 2610, 1429, 946, 315, 104, 38, 17, 3, 2, 0, 0, 1]
(2, (1, 1, 1), (0, 1)): [52, 6, 12, 5, 2, 1]
(2, (1, 1, 1), (0, 2)): [32, 3, 1, 0, 0, 1]
(2, (1, 1, 1), (1, 0)): [43, 14, 6, 11, 0, 1]
(2, (1, 1, 1), (1, 1)): [26, 5, 10, 5]
(2, (1, 1, 1), (1, 2)): [22, 2, 3, 1, 0, 1]
(2, (1, 1, 1), (2, 0)): [20, 12, 2, 7, 0, 1]
