(0, (0, 0, 0)): [429287, 88000, 41259, 19126, 8670, 3757, 1625, 676, 279, 134, 59, 22, 14, 3, 2]
(0, (0, 0, 1)): [2140, 7008, 1973, 944, 466, 188, 95, 48, 20, 8, 4, 1, 3]
(0, (0, 1, 0)): [14139, 14680, 5607, 2619, 1365, 603, 252, 107, 50, 29, 9, 3, 1]
(0, (0, 1, 1)): [1259, 2307, 3056, 1381, 714, 336, 151, 67, 37, 14, 6, 1, 0, 1, 1]
(0, (1, 0, 0)): [96347, 34576, 21149, 10709, 5069, 2280, 999, 431, 177, 90, 43, 14, 9, 3, 2]
(0, (1, 0, 1)): [2307, 7020, 3217, 2117, 1184, 552, 285, 116, 52, 26, 11, 8, 2, 0, 1]
(0, (1, 1, 0)): [12614, 8522, 7068, 4801, 2569, 1183, 543, 257, 98, 53, 29, 7, 5, 1]
(0, (1, 1, 1)): [1339, 2412, 2080, 1751, 1355, 675, 335, 156, 71, 39, 17, 4, 1, 1, 1]
(1, (0, 0, 0)): [339289, 36923, 15360, 6095, 2439, 980, 390, 157, 55, 19, 8, 5, 2]
(1, (0, 0, 1)): [11521, 18246, 3586, 1512, 657, 249, 110, 56, 20, 9, 5, 3, 2]
(1, (0, 1, 0)): [50958, 25394, 8592, 3558, 1475, 622, 219, 96, 29, 18, 3, 4, 3]
(1, (0, 1, 1)): [8694, 7551, 7777, 2999, 1369, 549, 218, 87, 46, 16, 7, 3, 1, 1]
(1, (1, 0, 0)): [139674, 26924, 15942, 7006, 2826, 1182, 446, 173, 74, 33, 12, 9, 2, 2]
(1, (1, 0, 1)): [11249, 14417, 5098, 3188, 1352, 587, 216, 86, 32, 25, 8, 2]
(1, (1, 1, 0)): [35747, 11478, 8396, 5522, 2436, 1042, 408, 155, 58, 26, 6, 6, 1, 3]
(1, (1, 1, 1)): [7044, 5866, 3845, 2816, 1890, 842, 345, 141, 57, 22, 7, 3, 1, 1]
(2, (0, 0, 0)): [291543, 12448, 4218, 1321, 459, 172, 62, 24, 3, 1, 2]
(2, (0, 0, 1)): [35032, 12017, 2134, 701, 245, 95, 35, 11, 0, 1]
(2, (0, 1, 0)): [83199, 19609, 4736, 1596, 502, 180, 64, 20, 4, 1]
(2, (0, 1, 1)): [21091, 1918, 5121, 1345, 490, 178, 56, 17, 9, 2, 1]
(2, (1, 0, 0)): [171494, 13482, 7268, 2422, 799, 269, 110, 33, 10, 2, 2]
(2, (1, 0, 1)): [29672, 8099, 3557, 1757, 586, 218, 68, 27, 9, 1, 0, 1]
(2, (1, 1, 0)): [58024, 9116, 5084, 3015, 939, 346, 109, 31, 17, 6, 3, 0, 0, 1]
(2, (1, 1, 1)): [17381, 2666, 3073, 1637, 1099, 376, 126, 42, 19, 3, 3, 0, 0, 1]
