(0, (0, 0, 0), (0, 0)): [636926, 128717, 60308, 27842, 12698, 5529, 2316, 1008, 413, 201, 88, 36, 20, 4, 3, 1]
(0, (0, 0, 0), (0, 1)): [6617, 1284, 584, 236, 122, 44, 14, 11, 3, 3, 2, 0, 0, 0, 0, 1]
(0, (0, 0, 0), (0, 2)): [2304, 401, 186, 80, 35, 9, 5, 8, 0, 1]
(0, (0, 0, 0), (1, 0)): [6303, 1343, 708, 314, 169, 70, 35, 11, 3, 3, 1]
(0, (0, 0, 0), (1, 1)): [5618, 1102, 559, 250, 126, 43, 15, 8, 5, 2, 3, 0, 0, 0, 0, 1]
(0, (0, 0, 0), (1, 2)): [3425, 609, 284, 112, 57, 15, 9, 7, 3]
(0, (0, 0, 0), (2, 0)): [2174, 531, 274, 130, 83, 34, 17, 6, 1, 1]
(0, (0, 0, 0), (2, 1)): [3117, 657, 334, 173, 89, 38, 13, 6, 1, 0, 1]
(0, (0, 0, 0), (2, 2)): [2810, 538, 234, 116, 66, 23, 7, 6, 1, 0, 1]
(0, (0, 0, 0), (3, 0)): [762, 199, 131, 62, 38, 21, 9, 2, 1]
(0, (0, 0, 0), (3, 1)): [1297, 309, 196, 98, 49, 19, 11, 4, 2]
(0, (0, 0, 0), (3, 2)): [1749, 343, 217, 101, 54, 20, 6, 4, 2]
(0, (0, 0, 1), (0, 0)): [2957, 9443, 2662, 1255, 616, 252, 126, 73, 25, 14, 5, 1, 3]
(0, (0, 0, 1), (0, 1)): [22, 56, 28, 4, 6, 2, 3]
(0, (0, 0, 1), (0, 2)): [9, 17, 7, 0, 3]
(0, (0, 0, 1), (1, 0)): [29, 64, 22, 16, 7, 4, 1, 1]
(0, (0, 0, 1), (1, 1)): [20, 48, 23, 6, 6, 3, 3]
(0, (0, 0, 1), (1, 2)): [14, 25, 12, 3, 3, 0, 1]
(0, (0, 0, 1), (2, 0)): [16, 26, 10, 8, 3, 2, 1, 1]
(0, (0, 0, 1), (2, 1)): [16, 24, 12, 4, 5, 3, 1]
(0, (0, 0, 1), (2, 2)): [17, 14, 11, 2, 2, 1, 1]
(0, (0, 0, 1), (3, 0)): [2, 14, 5, 5, 1, 0, 1, 1]
(0, (0, 0, 1), (3, 1)): [4, 9, 5, 3, 2, 2, 0, 1]
(0, (0, 0, 1), (3, 2)): [9, 9, 3, 2, 1, 3, 1, 1]
(0, (0, 1, 0), (0, 0)): [20893, 21009, 8017, 3815, 1928, 867, 364, 154, 67, 40, 15, 5, 2, 0, 1]
(0, (0, 1, 0), (0, 1)): [206, 168, 69, 27, 11, 9, 2, 1]
(0, (0, 1, 0), (0, 2)): [76, 45, 24, 9, 2, 5, 1]
(0, (0, 1, 0), (1, 0)): [196, 190, 69, 44, 23, 14, 7, 0, 1]
(0, (0, 1, 0), (1, 1)): [165, 140, 54, 28, 11, 8, 3, 1]
(0, (0, 1, 0), (1, 2)): [103, 75, 35, 15, 6, 6, 2]
(0, (0, 1, 0), (2, 0)): [60, 80, 31, 19, 11, 8, 3, 0, 1]
(0, (0, 1, 0), (2, 1)): [71, 71, 33, 24, 4, 11, 3, 1]
(0, (0, 1, 0), (2, 2)): [76, 50, 34, 17, 3, 5, 3]
(0, (0, 1, 0), (3, 0)): [29, 32, 14, 9, 8, 1, 1, 0, 1]
(0, (0, 1, 0), (3, 1)): [32, 38, 17, 14, 8, 4, 1, 1]
(0, (0, 1, 0), (3, 2)): [46, 37, 24, 12, 6, 3, 3]
(0, (0, 1, 1), (0, 0)): [1853, 3334, 4311, 1916, 1041, 483, 213, 100, 52, 20, 6, 4, 0, 1, 1]
(0, (0, 1, 1), (0, 1)): [10, 19, 34, 14, 11, 2, 3, 1, 1]
(0, (0, 1, 1), (0, 2)): [4, 6, 13, 7, 7, 1, 1, 1]
(0, (0, 1, 1), (1, 0)): [27, 32, 50, 30, 15, 5, 4, 2, 1]
(0, (0, 1, 1), (1, 1)): [11, 18, 25, 13, 8, 3, 2, 0, 1]
(0, (0, 1, 1), (1, 2)): [4, 7, 15, 10, 8, 2, 1, 1]
(0, (0, 1, 1), (2, 0)): [18, 20, 28, 18, 9, 3, 2, 2, 1]
(0, (0, 1, 1), (2, 1)): [10, 14, 18, 10, 5, 2, 1, 1, 1]
(0, (0, 1, 1), (2, 2)): [10, 8, 15, 8, 4, 1, 1, 1]
(0, (0, 1, 1), (3, 0)): [11, 11, 15, 14, 7, 3, 1, 1]
(0, (0, 1, 1), (3, 1)): [5, 8, 9, 8, 4, 1, 0, 0, 1]
(0, (0, 1, 1), (3, 2)): [6, 5, 13, 6, 2, 1, 1, 1, 1]
(0, (1, 0, 0), (0, 0)): [142288, 49516, 30778, 15378, 7446, 3363, 1446, 638, 271, 130, 60, 22, 13, 3, 2]
(0, (1, 0, 0), (0, 1)): [1406, 387, 291, 127, 86, 28, 13, 6, 3, 1]
(0, (1, 0, 0), (0, 2)): [508, 106, 97, 27, 24, 8, 5, 1, 1, 1]
(0, (1, 0, 0), (1, 0)): [1251, 433, 299, 149, 82, 30, 21, 7, 3, 2, 1]
(0, (1, 0, 0), (1, 1)): [1087, 320, 226, 116, 59, 17, 11, 6, 2, 1]
(0, (1, 0, 0), (1, 2)): [643, 153, 138, 38, 25, 12, 7, 2, 1]
(0, (1, 0, 0), (2, 0)): [378, 157, 96, 58, 37, 16, 5, 5, 2, 1, 1]
(0, (1, 0, 0), (2, 1)): [528, 161, 107, 74, 44, 13, 5, 4, 3, 1]
(0, (1, 0, 0), (2, 2)): [464, 121, 102, 42, 24, 8, 4, 3, 2]
(0, (1, 0, 0), (3, 0)): [126, 54, 39, 28, 18, 6, 0, 3, 0, 1]
(0, (1, 0, 0), (3, 1)): [202, 69, 49, 36, 24, 9, 2, 1, 2, 1]
(0, (1, 0, 0), (3, 2)): [247, 78, 52, 26, 22, 10, 2, 1, 1]
(0, (1, 0, 1), (0, 0)): [3255, 10410, 4430, 2995, 1619, 759, 382, 160, 75, 31, 15, 10, 3, 0, 1]
(0, (1, 0, 1), (0, 1)): [30, 85, 37, 29, 13, 3, 6, 2, 1]
(0, (1, 0, 1), (0, 2)): [14, 33, 10, 9, 4, 1, 4, 1, 1]
(0, (1, 0, 1), (1, 0)): [31, 109, 38, 26, 18, 13, 0, 2, 1]
(0, (1, 0, 1), (1, 1)): [23, 76, 26, 21, 11, 7, 2, 1, 1]
(0, (1, 0, 1), (1, 2)): [15, 35, 12, 10, 7, 2, 1, 2, 1]
(0, (1, 0, 1), (2, 0)): [10, 42, 18, 11, 8, 7, 0, 1]
(0, (1, 0, 1), (2, 1)): [11, 52, 16, 10, 7, 4, 0, 0, 1]
(0, (1, 0, 1), (2, 2)): [14, 35, 15, 6, 5, 3, 0, 2, 1]
(0, (1, 0, 1), (3, 0)): [3, 14, 8, 7, 5, 5, 0, 1]
(0, (1, 0, 1), (3, 1)): [4, 16, 7, 1, 7, 3]
(0, (1, 0, 1), (3, 2)): [5, 16, 11, 3, 6, 1, 0, 0, 1]
(0, (1, 1, 0), (0, 0)): [19120, 12660, 10346, 7041, 3860, 1793, 797, 399, 156, 76, 38, 12, 7, 1]
(0, (1, 1, 0), (0, 1)): [226, 114, 82, 62, 37, 18, 8, 4, 0, 0, 1]
(0, (1, 1, 0), (0, 2)): [69, 38, 31, 21, 18, 5, 3, 3]
(0, (1, 1, 0), (1, 0)): [176, 124, 98, 70, 41, 24, 9, 5, 2, 1]
(0, (1, 1, 0), (1, 1)): [157, 80, 66, 53, 19, 17, 4, 1, 1, 1, 1]
(0, (1, 1, 0), (1, 2)): [98, 43, 41, 34, 12, 7, 3, 3, 0, 1]
(0, (1, 1, 0), (2, 0)): [47, 37, 38, 24, 18, 9, 4, 4, 1]
(0, (1, 1, 0), (2, 1)): [69, 41, 33, 23, 19, 8, 3, 1]
(0, (1, 1, 0), (2, 2)): [61, 36, 32, 25, 7, 6, 1, 1, 0, 1]
(0, (1, 1, 0), (3, 0)): [12, 15, 16, 9, 7, 4, 1, 3, 1]
(0, (1, 1, 0), (3, 1)): [27, 19, 16, 11, 8, 5, 3, 2, 1]
(0, (1, 1, 0), (3, 2)): [45, 21, 22, 16, 4, 4, 1, 2, 1]
(0, (1, 1, 1), (0, 0)): [1996, 3665, 3141, 2543, 1989, 974, 462, 244, 104, 48, 26, 9, 2, 1, 1]
(0, (1, 1, 1), (0, 1)): [25, 34, 38, 30, 18, 4, 3, 0, 2, 1, 1]
(0, (1, 1, 1), (0, 2)): [10, 14, 10, 9, 8, 1, 0, 0, 1]
(0, (1, 1, 1), (1, 0)): [16, 46, 53, 33, 30, 18, 6, 5, 2]
(0, (1, 1, 1), (1, 1)): [19, 30, 39, 29, 19, 7, 5, 2, 1, 0, 1]
(0, (1, 1, 1), (1, 2)): [15, 17, 20, 10, 8, 3, 2, 0, 1]
(0, (1, 1, 1), (2, 0)): [5, 17, 15, 17, 14, 4, 0, 2, 1]
(0, (1, 1, 1), (2, 1)): [8, 16, 19, 15, 13, 4, 0, 3, 2]
(0, (1, 1, 1), (2, 2)): [9, 18, 14, 15, 7, 3, 2, 1]
(0, (1, 1, 1), (3, 0)): [1, 3, 6, 8, 5]
(0, (1, 1, 1), (3, 1)): [2, 4, 7, 12, 5, 0, 0, 0, 1]
(0, (1, 1, 1), (3, 2)): [4, 3, 9, 12, 5, 1, 1, 0, 1]
(1, (0, 0, 0), (0, 0)): [505280, 54667, 22623, 9048, 3621, 1436, 542, 229, 85, 36, 14, 10, 3, 2, 0, 1]
(1, (0, 0, 0), (0, 1)): [5286, 543, 211, 73, 45, 5, 2, 4, 1, 0, 0, 0, 0, 1]
(1, (0, 0, 0), (0, 2)): [1855, 149, 60, 23, 8, 1, 0, 2]
(1, (0, 0, 0), (1, 0)): [5132, 645, 292, 96, 43, 18, 8, 4, 0, 1, 0, 0, 0, 0, 0, 1]
(1, (0, 0, 0), (1, 1)): [4514, 517, 209, 65, 36, 10, 4, 1, 1, 1, 0, 0, 0, 1]
(1, (0, 0, 0), (1, 2)): [2719, 264, 93, 38, 15, 4, 1, 1]
(1, (0, 0, 0), (2, 0)): [1793, 262, 140, 37, 20, 9, 3, 2, 0, 0, 0, 0, 0, 0, 0, 1]
(1, (0, 0, 0), (2, 1)): [2497, 322, 146, 43, 32, 8, 3, 1, 0, 1]
(1, (0, 0, 0), (2, 2)): [2232, 247, 94, 31, 16, 7, 3, 1]
(1, (0, 0, 0), (3, 0)): [623, 96, 67, 19, 10, 4, 1, 0, 0, 0, 0, 0, 0, 0, 0, 1]
(1, (0, 0, 0), (3, 1)): [1090, 187, 93, 32, 19, 3]
(1, (0, 0, 0), (3, 2)): [1337, 178, 94, 31, 13, 6, 1, 1]
(1, (0, 0, 1), (0, 0)): [15664, 24343, 4735, 1996, 856, 339, 152, 71, 31, 12, 6, 4, 3, 1]
(1, (0, 0, 1), (0, 1)): [118, 162, 34, 11, 3, 1, 2]
(1, (0, 0, 1), (0, 2)): [44, 56, 11, 2]
(1, (0, 0, 1), (1, 0)): [159, 199, 46, 19, 10, 3, 4, 0, 1]
(1, (0, 0, 1), (1, 1)): [128, 142, 29, 11, 6, 2, 2]
(1, (0, 0, 1), (1, 2)): [81, 75, 13, 5, 2, 1]
(1, (0, 0, 1), (2, 0)): [66, 76, 24, 13, 6, 2, 4, 0, 1]
(1, (0, 0, 1), (2, 1)): [57, 73, 15, 8, 4, 1, 4]
(1, (0, 0, 1), (2, 2)): [56, 57, 11, 4, 2, 1]
(1, (0, 0, 1), (3, 0)): [28, 35, 15, 8, 4, 1, 2, 0, 1]
(1, (0, 0, 1), (3, 1)): [34, 40, 7, 8, 4, 0, 2]
(1, (0, 0, 1), (3, 2)): [37, 40, 9, 7, 2, 1, 1]
(1, (0, 1, 0), (0, 0)): [72532, 35275, 12145, 5081, 2093, 861, 317, 143, 40, 26, 10, 5, 5, 1, 1]
(1, (0, 1, 0), (0, 1)): [595, 254, 94, 32, 11, 5, 4, 2, 1]
(1, (0, 1, 0), (0, 2)): [209, 91, 25, 5, 3, 2, 2]
(1, (0, 1, 0), (1, 0)): [775, 370, 119, 64, 42, 10, 4, 2, 0, 0, 1, 0, 0, 1]
(1, (0, 1, 0), (1, 1)): [552, 232, 76, 36, 21, 5, 4, 2, 1, 0, 0, 0, 0, 1]
(1, (0, 1, 0), (1, 2)): [333, 131, 40, 13, 7, 1, 2]
(1, (0, 1, 0), (2, 0)): [339, 138, 58, 43, 21, 6, 2, 2, 0, 0, 1]
(1, (0, 1, 0), (2, 1)): [290, 126, 40, 29, 17, 7, 4, 3, 0, 0, 1, 0, 0, 1]
(1, (0, 1, 0), (2, 2)): [259, 108, 35, 17, 11, 2, 1]
(1, (0, 1, 0), (3, 0)): [185, 73, 22, 30, 16, 1, 0, 1]
(1, (0, 1, 0), (3, 1)): [156, 60, 25, 20, 13, 4, 1, 1, 0, 0, 0, 0, 0, 1]
(1, (0, 1, 0), (3, 2)): [163, 58, 24, 19, 12, 1, 0, 0, 0, 0, 0, 0, 0, 1]
(1, (0, 1, 1), (0, 0)): [12288, 10587, 10456, 4086, 1987, 805, 311, 124, 67, 20, 8, 4, 1, 1]
(1, (0, 1, 1), (0, 1)): [99, 69, 60, 20, 12, 6, 3, 1]
(1, (0, 1, 1), (0, 2)): [49, 19, 18, 6, 4]
(1, (0, 1, 1), (1, 0)): [167, 117, 95, 50, 40, 10, 5, 4, 1, 1]
(1, (0, 1, 1), (1, 1)): [73, 58, 47, 21, 9, 3, 5, 1]
(1, (0, 1, 1), (1, 2)): [57, 23, 25, 14, 2, 0, 2]
(1, (0, 1, 1), (2, 0)): [116, 81, 57, 31, 33, 10, 3, 3, 1, 1]
(1, (0, 1, 1), (2, 1)): [44, 40, 30, 10, 3, 5, 3, 1]
(1, (0, 1, 1), (2, 2)): [44, 26, 23, 12, 3, 0, 0, 1]
(1, (0, 1, 1), (3, 0)): [94, 67, 42, 24, 32, 8, 3, 3, 1, 1]
(1, (0, 1, 1), (3, 1)): [23, 20, 12, 4, 2, 3, 3]
(1, (0, 1, 1), (3, 2)): [26, 24, 18, 3, 2, 1, 1]
(1, (1, 0, 0), (0, 0)): [205545, 38658, 23271, 10153, 4108, 1717, 641, 251, 112, 52, 19, 15, 2, 2, 0, 1]
(1, (1, 0, 0), (0, 1)): [1980, 302, 207, 80, 36, 14, 11, 1, 0, 2]
(1, (1, 0, 0), (0, 2)): [688, 91, 71, 25, 11, 3, 5, 0, 0, 2]
(1, (1, 0, 0), (1, 0)): [2013, 377, 261, 125, 42, 15, 6, 4, 1, 1, 0, 0, 0, 0, 0, 1]
(1, (1, 0, 0), (1, 1)): [1607, 266, 177, 58, 30, 10, 5, 3, 0, 0, 0, 0, 0, 0, 0, 1]
(1, (1, 0, 0), (1, 2)): [924, 122, 89, 25, 16, 5, 4, 1, 0, 1]
(1, (1, 0, 0), (2, 0)): [665, 139, 103, 61, 20, 9, 3, 0, 1, 1]
(1, (1, 0, 0), (2, 1)): [826, 154, 98, 46, 18, 8, 2, 1, 1, 0, 0, 0, 0, 0, 0, 1]
(1, (1, 0, 0), (2, 2)): [682, 113, 78, 33, 18, 6, 2, 0, 0, 1]
(1, (1, 0, 0), (3, 0)): [222, 57, 41, 28, 12, 4, 1, 0, 0, 1]
(1, (1, 0, 0), (3, 1)): [312, 84, 49, 34, 11, 4, 2, 1, 0, 0, 0, 0, 0, 0, 0, 1]
(1, (1, 0, 0), (3, 2)): [343, 77, 40, 32, 11, 7, 2, 0, 0, 0, 0, 0, 0, 0, 0, 1]
(1, (1, 0, 1), (0, 0)): [15983, 20518, 6936, 4403, 1880, 809, 299, 126, 52, 35, 12, 3]
(1, (1, 0, 1), (0, 1)): [168, 149, 44, 32, 17, 6, 6, 1, 3, 1]
(1, (1, 0, 1), (0, 2)): [80, 44, 14, 17, 2, 3, 1, 1]
(1, (1, 0, 1), (1, 0)): [159, 207, 50, 37, 23, 12, 2, 1, 0, 1]
(1, (1, 0, 1), (1, 1)): [116, 125, 30, 23, 22, 2, 5, 0, 2]
(1, (1, 0, 1), (1, 2)): [87, 61, 23, 21, 9, 2, 2, 1]
(1, (1, 0, 1), (2, 0)): [61, 75, 19, 14, 9, 7]
(1, (1, 0, 1), (2, 1)): [59, 68, 11, 13, 10, 4, 4, 0, 2]
(1, (1, 0, 1), (2, 2)): [50, 46, 15, 7, 6, 3, 2, 0, 1]
(1, (1, 0, 1), (3, 0)): [23, 32, 9, 5, 5, 3]
(1, (1, 0, 1), (3, 1)): [21, 35, 6, 8, 9, 4]
(1, (1, 0, 1), (3, 2)): [26, 29, 11, 6, 10, 6, 2, 0, 1]
(1, (1, 1, 0), (0, 0)): [54723, 17474, 12486, 8336, 3659, 1569, 631, 247, 94, 45, 14, 9, 4, 4, 1]
(1, (1, 1, 0), (0, 1)): [562, 153, 118, 78, 30, 11, 8, 2]
(1, (1, 1, 0), (0, 2)): [204, 57, 38, 26, 10, 2]
(1, (1, 1, 0), (1, 0)): [530, 177, 121, 113, 52, 11, 4, 3, 0, 1, 0, 0, 1, 1]
(1, (1, 1, 0), (1, 1)): [434, 122, 96, 71, 29, 6, 8, 3, 0, 1]
(1, (1, 1, 0), (1, 2)): [297, 66, 51, 45, 15, 2, 1, 1]
(1, (1, 1, 0), (2, 0)): [182, 66, 42, 40, 26, 5, 1, 1, 0, 0, 0, 0, 1, 1]
(1, (1, 1, 0), (2, 1)): [220, 79, 50, 44, 17, 3, 4, 1, 0, 1, 0, 0, 1]
(1, (1, 1, 0), (2, 2)): [217, 54, 36, 26, 15, 0, 1, 1]
(1, (1, 1, 0), (3, 0)): [53, 22, 18, 13, 15, 4, 1, 1]
(1, (1, 1, 0), (3, 1)): [92, 39, 24, 18, 15, 2, 4, 2, 0, 1, 0, 0, 1]
(1, (1, 1, 0), (3, 2)): [113, 41, 22, 16, 16, 1, 3, 3, 0, 1, 0, 0, 1]
(1, (1, 1, 1), (0, 0)): [11197, 9256, 6060, 4228, 2958, 1315, 544, 209, 88, 34, 12, 9, 4, 2, 1]
(1, (1, 1, 1), (0, 1)): [147, 100, 73, 43, 40, 11, 4, 3]
(1, (1, 1, 1), (0, 2)): [73, 38, 28, 13, 14, 4, 2]
(1, (1, 1, 1), (1, 0)): [122, 97, 78, 40, 40, 19, 10, 2, 1, 1]
(1, (1, 1, 1), (1, 1)): [103, 71, 50, 34, 37, 11, 2, 2]
(1, (1, 1, 1), (1, 2)): [83, 37, 30, 22, 20, 7, 2, 1]
(1, (1, 1, 1), (2, 0)): [40, 38, 38, 18, 16, 10, 5, 2]
(1, (1, 1, 1), (2, 1)): [54, 43, 37, 18, 25, 5, 2, 1]
(1, (1, 1, 1), (2, 2)): [56, 30, 31, 14, 22, 5, 3, 1]
(1, (1, 1, 1), (3, 0)): [11, 17, 10, 10, 5, 7, 3]
(1, (1, 1, 1), (3, 1)): [24, 21, 7, 10, 7, 5, 2, 1]
(1, (1, 1, 1), (3, 2)): [40, 21, 13, 15, 12, 7, 2]
(2, (0, 0, 0), (0, 0)): [433979, 18659, 6365, 2010, 715, 257, 88, 34, 8, 2, 2]
(2, (0, 0, 0), (0, 1)): [4748, 189, 66, 17, 8, 3]
(2, (0, 0, 0), (0, 2)): [1565, 44, 14, 8]
(2, (0, 0, 0), (1, 0)): [4757, 294, 93, 32, 8, 6, 2]
(2, (0, 0, 0), (1, 1)): [4223, 189, 70, 14, 9, 4, 1]
(2, (0, 0, 0), (1, 2)): [2427, 79, 31, 8, 4, 2, 1]
(2, (0, 0, 0), (2, 0)): [1748, 125, 42, 20, 3, 4, 1]
(2, (0, 0, 0), (2, 1)): [2480, 127, 48, 17, 4, 3]
(2, (0, 0, 0), (2, 2)): [2060, 90, 30, 14, 4, 3]
(2, (0, 0, 0), (3, 0)): [618, 54, 25, 11, 1, 2, 1]
(2, (0, 0, 0), (3, 1)): [1131, 70, 34, 11, 3, 3]
(2, (0, 0, 0), (3, 2)): [1335, 72, 36, 11, 1, 3]
(2, (0, 0, 1), (0, 0)): [46381, 15697, 2823, 962, 342, 125, 42, 13, 1, 2, 0, 1]
(2, (0, 0, 1), (0, 1)): [378, 123, 26, 6, 5, 3, 1]
(2, (0, 0, 1), (0, 2)): [153, 32, 11, 1, 1, 1]
(2, (0, 0, 1), (1, 0)): [427, 144, 39, 12, 3, 2, 0, 1]
(2, (0, 0, 1), (1, 1)): [319, 98, 22, 4, 4, 1, 1]
(2, (0, 0, 1), (1, 2)): [213, 49, 13, 3, 2, 1, 1]
(2, (0, 0, 1), (2, 0)): [192, 57, 18, 10, 3, 2, 0, 1]
(2, (0, 0, 1), (2, 1)): [198, 59, 17, 5, 4, 0, 0, 1]
(2, (0, 0, 1), (2, 2)): [171, 38, 16, 3, 3, 1, 1]
(2, (0, 0, 1), (3, 0)): [98, 25, 11, 6, 0, 2]
(2, (0, 0, 1), (3, 1)): [106, 25, 9, 5, 2]
(2, (0, 0, 1), (3, 2)): [119, 31, 9, 3, 2, 1]
(2, (0, 1, 0), (0, 0)): [117534, 27223, 6672, 2297, 744, 263, 88, 23, 6, 1, 1, 0, 1]
(2, (0, 1, 0), (0, 1)): [958, 186, 40, 9, 10, 1, 1]
(2, (0, 1, 0), (0, 2)): [352, 40, 10, 1, 4]
(2, (0, 1, 0), (1, 0)): [1335, 229, 100, 36, 12, 6, 1, 0, 0, 0, 0, 0, 1]
(2, (0, 1, 0), (1, 1)): [891, 173, 51, 12, 8, 3, 1]
(2, (0, 1, 0), (1, 2)): [489, 77, 20, 7, 5]
(2, (0, 1, 0), (2, 0)): [639, 104, 52, 27, 8, 2, 1, 0, 0, 0, 0, 0, 1]
(2, (0, 1, 0), (2, 1)): [575, 102, 29, 10, 5, 2, 0, 0, 0, 0, 0, 0, 1]
(2, (0, 1, 0), (2, 2)): [478, 65, 17, 9, 5]
(2, (0, 1, 0), (3, 0)): [370, 53, 34, 16, 5, 0, 1]
(2, (0, 1, 0), (3, 1)): [313, 60, 28, 9, 7, 1, 1, 0, 0, 0, 0, 0, 1]
(2, (0, 1, 0), (3, 2)): [330, 55, 21, 3, 3, 1, 1, 0, 0, 0, 0, 0, 1]
(2, (0, 1, 1), (0, 0)): [28752, 2596, 6857, 1797, 686, 227, 78, 30, 11, 4, 1]
(2, (0, 1, 1), (0, 1)): [238, 16, 42, 9, 3, 2, 1, 1]
(2, (0, 1, 1), (0, 2)): [97, 4, 15, 5, 2, 1, 1]
(2, (0, 1, 1), (1, 0)): [324, 37, 62, 25, 14, 2, 1]
(2, (0, 1, 1), (1, 1)): [205, 18, 39, 9, 3, 1, 0, 1]
(2, (0, 1, 1), (1, 2)): [143, 6, 23, 5, 2, 1, 1]
(2, (0, 1, 1), (2, 0)): [168, 27, 30, 18, 11, 2, 1]
(2, (0, 1, 1), (2, 1)): [105, 15, 23, 7, 2, 1]
(2, (0, 1, 1), (2, 2)): [106, 9, 20, 4, 0, 1]
(2, (0, 1, 1), (3, 0)): [121, 18, 20, 11, 10, 2, 1]
(2, (0, 1, 1), (3, 1)): [55, 7, 13, 4, 0, 1]
(2, (0, 1, 1), (3, 2)): [72, 10, 19, 5, 0, 2]
(2, (1, 0, 0), (0, 0)): [251612, 19321, 10997, 3578, 1183, 391, 150, 49, 13, 5, 3]
(2, (1, 0, 0), (0, 1)): [2273, 122, 97, 29, 7, 6, 1]
(2, (1, 0, 0), (0, 2)): [757, 34, 27, 6, 3, 2, 1]
(2, (1, 0, 0), (1, 0)): [2467, 196, 139, 61, 19, 5, 3]
(2, (1, 0, 0), (1, 1)): [1861, 118, 98, 29, 5, 2]
(2, (1, 0, 0), (1, 2)): [1074, 50, 39, 19, 3, 2]
(2, (1, 0, 0), (2, 0)): [860, 91, 54, 33, 12, 2, 2]
(2, (1, 0, 0), (2, 1)): [986, 76, 61, 16, 6, 2]
(2, (1, 0, 0), (2, 2)): [809, 49, 43, 13, 4, 3]
(2, (1, 0, 0), (3, 0)): [274, 42, 17, 19, 5, 1, 2]
(2, (1, 0, 0), (3, 1)): [415, 46, 32, 14, 4, 1, 2]
(2, (1, 0, 0), (3, 2)): [474, 45, 26, 11, 3, 4]
(2, (1, 0, 1), (0, 0)): [41389, 11037, 4697, 2464, 777, 283, 96, 33, 12, 2, 0, 2]
(2, (1, 0, 1), (0, 1)): [424, 85, 39, 32, 11, 2, 0, 0, 0, 0, 0, 1]
(2, (1, 0, 1), (0, 2)): [159, 20, 12, 11, 3]
(2, (1, 0, 1), (1, 0)): [395, 88, 50, 33, 14, 4, 1]
(2, (1, 0, 1), (1, 1)): [331, 71, 28, 23, 11, 0, 1, 0, 0, 0, 0, 1]
(2, (1, 0, 1), (1, 2)): [209, 30, 9, 10, 3, 0, 0, 0, 0, 0, 0, 1]
(2, (1, 0, 1), (2, 0)): [132, 26, 27, 16, 3, 2]
(2, (1, 0, 1), (2, 1)): [171, 39, 15, 13, 8, 1]
(2, (1, 0, 1), (2, 2)): [142, 24, 8, 7, 5, 1, 0, 0, 0, 0, 0, 1]
(2, (1, 0, 1), (3, 0)): [55, 9, 13, 9, 1]
(2, (1, 0, 1), (3, 1)): [77, 16, 10, 9, 4]
(2, (1, 0, 1), (3, 2)): [88, 18, 7, 5, 6, 1]
(2, (1, 1, 0), (0, 0)): [93012, 14746, 7861, 4728, 1510, 541, 160, 56, 23, 9, 5, 0, 1, 1]
(2, (1, 1, 0), (0, 1)): [929, 141, 70, 46, 12, 4, 2]
(2, (1, 1, 0), (0, 2)): [332, 44, 21, 7, 2]
(2, (1, 1, 0), (1, 0)): [980, 143, 85, 70, 18, 8, 2, 2, 1, 1]
(2, (1, 1, 0), (1, 1)): [763, 102, 55, 43, 11, 4, 1, 1, 1, 1]
(2, (1, 1, 0), (1, 2)): [457, 57, 37, 17, 1, 2, 1]
(2, (1, 1, 0), (2, 0)): [370, 58, 37, 32, 10, 5, 1, 1]
(2, (1, 1, 0), (2, 1)): [442, 45, 29, 25, 11, 4, 0, 1, 1, 1]
(2, (1, 1, 0), (2, 2)): [361, 49, 26, 21, 7, 2, 1, 0, 1]
(2, (1, 1, 0), (3, 0)): [145, 27, 19, 17, 4, 3, 1]
(2, (1, 1, 0), (3, 1)): [195, 23, 19, 21, 2, 5, 1, 1]
(2, (1, 1, 0), (3, 2)): [235, 24, 20, 20, 7, 2, 1, 0, 1]
(2, (1, 1, 1), (0, 0)): [27409, 4179, 4741, 2511, 1673, 569, 183, 65, 29, 7, 4, 0, 0, 1]
(2, (1, 1, 1), (0, 1)): [333, 37, 45, 28, 25, 3, 3, 2, 1]
(2, (1, 1, 1), (0, 2)): [155, 7, 9, 4, 4, 1, 0, 0, 1]
(2, (1, 1, 1), (1, 0)): [286, 87, 53, 44, 16, 9, 4, 0, 1]
(2, (1, 1, 1), (1, 1)): [250, 38, 41, 26, 19, 3, 2]
(2, (1, 1, 1), (1, 2)): [175, 13, 15, 12, 7, 2, 1]
(2, (1, 1, 1), (2, 0)): [91, 67, 19, 20, 7, 5, 3]
(2, (1, 1, 1), (2, 1)): [116, 37, 25, 17, 10, 3, 3]
(2, (1, 1, 1), (2, 2)): [124, 20, 16, 14, 6, 2, 1]
(2, (1, 1, 1), (3, 0)): [23, 50, 7, 10, 2, 3]
(2, (1, 1, 1), (3, 1)): [44, 43, 9, 9, 5, 2, 2]
(2, (1, 1, 1), (3, 2)): [69, 29, 13, 16, 6, 4, 2]
