(0, (0, 0, 0), (0, 0)): [1353223, 269109, 123848, 56198, 24891, 10642, 4372, 1844, 733, 327, 144, 63, 29, 10, 3, 1, 0, 1]
(0, (0, 0, 0), (0, 1)): [23817, 4292, 2028, 890, 386, 162, 59, 36, 7, 5, 2, 0, 2, 1, 0, 1]
(0, (0, 0, 0), (0, 2)): [8773, 1389, 653, 280, 114, 43, 22, 13, 2, 1, 0, 0, 1]
(0, (0, 0, 0), (1, 0)): [22210, 4748, 2331, 1076, 530, 214, 98, 38, 14, 6, 3]
(0, (0, 0, 0), (1, 1)): [20178, 3837, 1876, 856, 398, 159, 55, 28, 7, 4, 4, 0, 1, 1, 0, 1]
(0, (0, 0, 0), (1, 2)): [13141, 2182, 1005, 439, 215, 92, 27, 14, 5, 2, 0, 0, 2]
(0, (0, 0, 0), (2, 0)): [7422, 1775, 907, 460, 220, 98, 48, 18, 6, 2, 1]
(0, (0, 0, 0), (2, 1)): [10789, 2253, 1176, 552, 260, 104, 47, 23, 5, 1, 1, 0, 0, 1]
(0, (0, 0, 0), (2, 2)): [10385, 1881, 934, 429, 208, 89, 24, 12, 5, 3, 1, 0, 2]
(0, (0, 0, 0), (3, 0)): [2446, 645, 374, 215, 96, 52, 21, 8, 3, 0, 1]
(0, (0, 0, 0), (3, 1)): [4422, 1097, 640, 336, 139, 63, 29, 16, 4]
(0, (0, 0, 0), (3, 2)): [5995, 1253, 746, 351, 168, 68, 21, 12, 5, 2, 0, 0, 2]
(0, (0, 0, 1), (0, 0)): [5893, 17408, 4749, 2234, 1071, 454, 205, 96, 36, 21, 8, 1, 3, 2]
(0, (0, 0, 1), (0, 1)): [93, 247, 76, 26, 19, 7, 5, 2, 0, 1, 0, 0, 0, 1]
(0, (0, 0, 1), (0, 2)): [39, 97, 22, 7, 8, 1]
(0, (0, 0, 1), (1, 1)): [84, 181, 62, 23, 20, 8, 6, 1, 0, 1, 0, 0, 0, 1]
(0, (0, 0, 1), (1, 2)): [56, 128, 37, 13, 11, 1, 3, 1, 0, 1]
(0, (0, 0, 1), (2, 2)): [56, 97, 30, 9, 12, 1, 2]
(0, (0, 1, 0), (0, 0)): [47468, 43846, 17008, 8154, 3920, 1672, 708, 302, 122, 72, 26, 6, 3, 2, 1]
(0, (0, 1, 0), (0, 1)): [786, 634, 240, 106, 46, 24, 14, 7, 3]
(0, (0, 1, 0), (0, 2)): [311, 192, 88, 30, 14, 11, 4, 2, 1]
(0, (0, 1, 0), (1, 0)): [752, 654, 265, 140, 70, 29, 14, 4, 1]
(0, (0, 1, 0), (1, 1)): [652, 535, 214, 104, 40, 15, 12, 6]
(0, (0, 1, 0), (1, 2)): [434, 320, 125, 60, 24, 11, 6, 4, 1]
(0, (0, 1, 0), (2, 0)): [261, 244, 90, 54, 30, 18, 6, 0, 1]
(0, (0, 1, 0), (2, 1)): [328, 283, 116, 60, 23, 17, 8, 4]
(0, (0, 1, 0), (3, 0)): [96, 85, 39, 29, 21, 6, 3, 0, 1]
(0, (0, 1, 0), (3, 1)): [132, 120, 59, 36, 21, 9, 4, 1]
(0, (0, 1, 0), (3, 2)): [206, 148, 73, 38, 21, 6, 7]
(0, (0, 1, 1), (0, 0)): [4027, 6747, 8157, 3777, 1995, 922, 394, 184, 89, 42, 10, 6, 1, 2, 1, 0, 0, 1]
(0, (0, 1, 1), (0, 1)): [63, 81, 117, 52, 29, 12, 8, 3, 2]
(0, (0, 1, 1), (1, 0)): [79, 139, 157, 84, 46, 20, 8, 7, 4, 0, 0, 1]
(0, (0, 1, 1), (1, 1)): [49, 81, 104, 56, 27, 9, 5, 3, 2]
(0, (0, 1, 1), (2, 0)): [45, 77, 75, 41, 25, 14, 4, 5, 3, 0, 0, 1]
(0, (0, 1, 1), (2, 1)): [35, 57, 68, 34, 15, 7, 2, 5, 3]
(0, (1, 0, 0), (0, 0)): [291693, 97633, 61234, 30213, 14271, 6379, 2658, 1159, 480, 215, 98, 40, 20, 4, 2, 1, 0, 1]
(0, (1, 0, 0), (0, 1)): [5019, 1356, 947, 471, 232, 101, 38, 17, 8, 1]
(0, (1, 0, 0), (0, 2)): [1913, 410, 306, 137, 68, 25, 15, 2, 5, 1]
(0, (1, 0, 0), (1, 0)): [4352, 1446, 1030, 504, 247, 99, 49, 20, 10, 6, 2, 1]
(0, (1, 0, 0), (1, 1)): [3694, 1089, 803, 383, 185, 73, 29, 17, 7, 4, 0, 1]
(0, (1, 0, 0), (1, 2)): [2366, 597, 453, 200, 98, 33, 19, 9, 4, 2]
(0, (1, 0, 0), (2, 0)): [1367, 472, 335, 195, 102, 45, 16, 10, 5, 2, 2]
(0, (1, 0, 0), (2, 1)): [1790, 557, 414, 216, 105, 48, 16, 7, 6, 3, 0, 1]
(0, (1, 0, 0), (2, 2)): [1656, 461, 339, 159, 86, 29, 16, 8, 5, 3]
(0, (1, 0, 0), (3, 0)): [398, 164, 124, 88, 51, 18, 5, 5, 0, 1, 1]
(0, (1, 0, 0), (3, 1)): [673, 237, 183, 120, 69, 24, 6, 3, 4, 1, 1, 1]
(0, (1, 0, 0), (3, 2)): [828, 277, 201, 111, 76, 23, 8, 6, 3, 3]
(0, (1, 0, 1), (0, 0)): [6957, 20816, 8576, 5849, 3076, 1401, 682, 280, 136, 54, 27, 13, 5, 1, 1, 0, 0, 1]
(0, (1, 0, 1), (1, 0)): [104, 334, 125, 97, 48, 26, 4, 4, 4, 1, 1]
(0, (1, 0, 1), (1, 1)): [93, 241, 93, 62, 33, 15, 8, 1, 2, 0, 1]
(0, (1, 1, 0), (0, 0)): [39763, 25438, 19301, 13608, 7218, 3399, 1434, 697, 277, 131, 62, 24, 10, 1]
(0, (1, 1, 0), (0, 1)): [708, 384, 267, 210, 115, 46, 21, 12, 3, 0, 1, 1]
(0, (1, 1, 0), (1, 0)): [575, 355, 279, 209, 105, 64, 26, 15, 3, 3]
(0, (1, 1, 0), (1, 1)): [484, 262, 214, 162, 72, 44, 16, 10, 3, 1, 1]
(0, (1, 1, 0), (1, 2)): [338, 151, 114, 87, 47, 20, 6, 10, 1, 1]
(0, (1, 1, 0), (2, 0)): [166, 114, 89, 72, 40, 24, 10, 7, 2, 1]
(0, (1, 1, 0), (2, 1)): [227, 137, 95, 89, 45, 25, 11, 5, 2, 1]
(0, (1, 1, 0), (2, 2)): [232, 121, 86, 69, 36, 19, 3, 7, 2, 2]
(0, (1, 1, 0), (3, 0)): [38, 39, 32, 26, 16, 8, 5, 4, 1]
(0, (1, 1, 0), (3, 1)): [80, 60, 42, 45, 18, 14, 11, 3, 2]
(0, (1, 1, 1), (0, 0)): [3966, 7352, 6051, 4624, 3625, 1809, 831, 423, 180, 80, 40, 14, 4, 1, 1]
(0, (1, 1, 1), (0, 1)): [87, 115, 103, 63, 49, 30, 10, 5, 6, 2, 1, 1]
(0, (1, 1, 1), (0, 2)): [39, 49, 35, 21, 23, 8, 2, 1, 3, 0, 0, 1]
(0, (1, 1, 1), (1, 2)): [48, 68, 53, 30, 21, 14, 3, 2, 4, 0, 0, 1]
(1, (0, 0, 0), (0, 0)): [1093168, 117837, 48253, 18968, 7328, 2829, 1081, 410, 154, 60, 26, 15, 6, 3, 0, 1]
(1, (0, 0, 0), (0, 1)): [19332, 1929, 826, 300, 124, 35, 14, 9, 1, 0, 0, 0, 0, 1]
(1, (0, 0, 0), (0, 2)): [7126, 574, 240, 84, 35, 12, 2, 2]
(1, (0, 0, 0), (1, 0)): [18633, 2305, 987, 377, 158, 56, 25, 10, 0, 1, 0, 0, 0, 0, 0, 1]
(1, (0, 0, 0), (1, 1)): [16603, 1812, 739, 281, 121, 45, 20, 7, 1, 1, 0, 0, 0, 1]
(1, (0, 0, 0), (1, 2)): [10549, 933, 364, 151, 68, 32, 10, 2]
(1, (0, 0, 0), (2, 0)): [6485, 913, 440, 156, 63, 23, 10, 5, 0, 0, 0, 0, 0, 0, 0, 1]
(1, (0, 0, 0), (2, 1)): [9161, 1112, 484, 182, 83, 24, 11, 6, 0, 1]
(1, (0, 0, 0), (2, 2)): [8712, 857, 371, 145, 71, 33, 12, 4]
(1, (0, 0, 0), (3, 0)): [2091, 332, 210, 70, 30, 9, 6, 1, 0, 0, 0, 0, 0, 0, 0, 1]
(1, (0, 0, 0), (3, 1)): [3872, 600, 303, 111, 52, 10, 5, 3]
(1, (0, 0, 0), (3, 2)): [5003, 626, 309, 106, 57, 20, 12, 3]
(1, (0, 0, 1), (0, 0)): [30933, 44317, 8659, 3658, 1536, 615, 245, 102, 44, 16, 9, 4, 4, 1]
(1, (0, 0, 1), (0, 1)): [479, 525, 118, 37, 19, 7, 6, 1]
(1, (0, 0, 1), (1, 0)): [511, 704, 144, 74, 30, 12, 6, 3, 1]
(1, (0, 0, 1), (1, 1)): [437, 488, 102, 43, 23, 6, 2, 3]
(1, (0, 0, 1), (1, 2)): [317, 269, 42, 16, 13, 2, 3]
(1, (0, 0, 1), (2, 0)): [217, 291, 62, 36, 15, 7, 5, 1, 1]
(1, (0, 0, 1), (2, 1)): [208, 300, 59, 27, 13, 7, 5, 3]
(1, (0, 0, 1), (2, 2)): [231, 231, 47, 18, 7, 2, 2, 1]
(1, (0, 0, 1), (3, 0)): [99, 121, 37, 25, 8, 3, 2, 1, 1]
(1, (0, 0, 1), (3, 1)): [112, 147, 26, 17, 7, 3, 3, 2]
(1, (0, 0, 1), (3, 2)): [143, 145, 35, 14, 6, 2, 3, 1]
(1, (0, 1, 0), (0, 0)): [149854, 67032, 23936, 10128, 4067, 1609, 552, 256, 72, 35, 20, 8, 8, 2, 1]
(1, (0, 1, 0), (0, 1)): [2283, 877, 320, 126, 41, 17, 7, 3, 1]
(1, (0, 1, 0), (0, 2)): [896, 312, 97, 28, 11, 6, 3]
(1, (0, 1, 0), (1, 0)): [2682, 1185, 423, 234, 110, 32, 12, 4, 0, 0, 1, 0, 0, 1]
(1, (0, 1, 0), (1, 1)): [1987, 748, 296, 134, 51, 21, 7, 4, 1, 0, 0, 0, 0, 1]
(1, (0, 1, 0), (1, 2)): [1320, 458, 175, 52, 17, 9, 5, 2]
(1, (0, 1, 0), (2, 0)): [1181, 525, 191, 122, 58, 16, 8, 3, 0, 0, 1]
(1, (0, 1, 0), (2, 1)): [1061, 442, 155, 94, 43, 14, 6, 3, 0, 0, 1, 0, 0, 1]
(1, (0, 1, 0), (2, 2)): [1032, 394, 150, 49, 29, 7, 3, 1]
(1, (0, 1, 0), (3, 0)): [636, 243, 83, 80, 42, 9, 5, 2]
(1, (0, 1, 0), (3, 1)): [557, 205, 75, 62, 30, 8, 3, 1, 0, 0, 0, 0, 0, 1]
(1, (0, 1, 0), (3, 2)): [616, 221, 98, 53, 27, 2, 4, 1, 0, 0, 0, 0, 0, 1]
(1, (0, 1, 1), (0, 0)): [24309, 19693, 18078, 7168, 3620, 1436, 553, 222, 106, 33, 11, 7, 2, 2, 0, 1]
(1, (0, 1, 1), (0, 1)): [324, 209, 180, 76, 35, 18, 7, 3]
(1, (0, 1, 1), (1, 0)): [546, 419, 322, 158, 104, 38, 16, 10, 3, 1]
(1, (0, 1, 1), (1, 1)): [266, 185, 171, 67, 34, 11, 6, 4]
(1, (0, 1, 1), (1, 2)): [214, 102, 95, 46, 17, 7, 4]
(1, (0, 1, 1), (2, 0)): [354, 275, 184, 107, 82, 32, 13, 8, 3, 1]
(1, (0, 1, 1), (2, 1)): [149, 124, 99, 42, 19, 9, 7, 2]
(1, (0, 1, 1), (2, 2)): [152, 99, 88, 41, 21, 4, 2, 2]
(1, (0, 1, 1), (3, 0)): [289, 215, 135, 80, 72, 28, 9, 8, 3, 1]
(1, (0, 1, 1), (3, 1)): [72, 51, 41, 21, 7, 9, 5]
(1, (0, 1, 1), (3, 2)): [93, 64, 47, 22, 13, 4, 1, 1]
(1, (1, 0, 0), (0, 0)): [419811, 74888, 47253, 20009, 8064, 3198, 1260, 456, 198, 79, 30, 21, 4, 3, 0, 2]
(1, (1, 0, 0), (0, 1)): [7152, 1003, 746, 313, 120, 46, 19, 4, 1, 2]
(1, (1, 0, 0), (0, 2)): [2600, 310, 273, 88, 33, 13, 6, 1, 0, 2]
(1, (1, 0, 0), (1, 0)): [6854, 1247, 882, 395, 168, 57, 27, 10, 1, 2, 0, 0, 1, 0, 0, 1]
(1, (1, 0, 0), (1, 1)): [5681, 857, 628, 269, 106, 40, 17, 8, 1, 0, 0, 0, 0, 0, 0, 1]
(1, (1, 0, 0), (1, 2)): [3554, 455, 368, 132, 53, 18, 6, 6, 0, 1]
(1, (1, 0, 0), (2, 0)): [2241, 458, 338, 173, 67, 27, 10, 0, 1, 2, 0, 0, 1]
(1, (1, 0, 0), (2, 1)): [2885, 504, 387, 172, 70, 23, 12, 2, 2, 0, 0, 0, 0, 0, 0, 1]
(1, (1, 0, 0), (2, 2)): [2661, 384, 329, 124, 48, 14, 6, 3, 1, 1]
(1, (1, 0, 0), (3, 0)): [688, 164, 112, 77, 31, 12, 4, 0, 0, 2, 0, 0, 1]
(1, (1, 0, 0), (3, 1)): [1112, 272, 176, 101, 39, 14, 6, 1, 0, 1, 0, 0, 0, 0, 0, 1]
(1, (1, 0, 0), (3, 2)): [1349, 269, 194, 97, 33, 15, 5, 1, 1, 1, 0, 0, 0, 0, 0, 1]
(1, (1, 0, 1), (0, 0)): [33473, 39535, 12791, 8441, 3574, 1458, 582, 232, 80, 51, 13, 5, 0, 1]
(1, (1, 0, 1), (0, 1)): [594, 523, 146, 126, 57, 19, 10, 5, 3, 2]
(1, (1, 0, 1), (1, 0)): [575, 636, 198, 146, 77, 26, 10, 4, 0, 2]
(1, (1, 0, 1), (1, 1)): [454, 431, 122, 105, 56, 8, 9, 3, 2]
(1, (1, 0, 1), (1, 2)): [329, 233, 72, 63, 22, 8, 6, 3, 0, 1]
(1, (1, 0, 1), (2, 0)): [224, 218, 68, 46, 33, 15, 2, 1, 0, 1]
(1, (1, 0, 1), (2, 1)): [219, 223, 66, 54, 33, 8, 6, 1, 2]
(1, (1, 0, 1), (2, 2)): [221, 173, 59, 36, 23, 7, 6, 1, 1]
(1, (1, 0, 1), (3, 2)): [110, 99, 36, 27, 21, 10, 4, 2, 1]
(1, (1, 1, 0), (0, 0)): [114369, 35403, 23884, 16681, 7036, 2908, 1143, 455, 192, 70, 25, 14, 8, 5, 1]
(1, (1, 1, 0), (0, 1)): [2005, 541, 324, 256, 100, 36, 21, 5, 3]
(1, (1, 1, 0), (0, 2)): [808, 203, 106, 91, 30, 8, 5, 0, 1]
(1, (1, 1, 0), (1, 0)): [1801, 611, 431, 324, 144, 49, 25, 11, 1, 3, 0, 0, 2, 1]
(1, (1, 1, 0), (1, 1)): [1499, 436, 299, 218, 97, 34, 19, 8, 0, 2]
(1, (1, 1, 0), (1, 2)): [1075, 260, 164, 131, 51, 16, 8, 2]
(1, (1, 1, 0), (2, 0)): [606, 214, 141, 125, 55, 19, 8, 2, 1, 1, 0, 0, 2, 1]
(1, (1, 1, 0), (2, 1)): [754, 268, 179, 125, 52, 20, 12, 3, 0, 1, 0, 0, 1]
(1, (1, 1, 0), (2, 2)): [776, 213, 125, 94, 44, 14, 6, 1]
(1, (1, 1, 0), (3, 0)): [165, 82, 42, 43, 27, 11, 4, 2, 1, 1, 0, 0, 1]
(1, (1, 1, 0), (3, 1)): [314, 129, 83, 66, 34, 12, 10, 3, 0, 2, 0, 0, 1]
(1, (1, 1, 0), (3, 2)): [404, 132, 85, 58, 35, 15, 9, 4, 0, 2, 0, 0, 1]
(1, (1, 1, 1), (0, 0)): [23447, 18555, 11952, 7905, 5655, 2415, 979, 374, 153, 56, 20, 15, 7, 3, 1, 1]
(1, (1, 1, 1), (0, 1)): [469, 295, 184, 121, 101, 37, 18, 7, 3]
(1, (1, 1, 1), (0, 2)): [233, 105, 67, 38, 38, 12, 10, 1]
(1, (1, 1, 1), (1, 0)): [412, 310, 209, 134, 112, 46, 20, 7, 2, 2, 0, 1, 1]
(1, (1, 1, 1), (1, 1)): [341, 223, 152, 109, 89, 36, 8, 6, 1]
(1, (1, 1, 1), (1, 2)): [263, 120, 93, 65, 45, 27, 8, 3]
(1, (1, 1, 1), (2, 0)): [128, 115, 86, 51, 39, 19, 12, 4, 1, 1, 0, 1, 1]
(1, (1, 1, 1), (2, 1)): [167, 140, 90, 64, 50, 15, 11, 4, 1, 1, 0, 1]
(1, (1, 1, 1), (2, 2)): [178, 100, 76, 67, 43, 18, 8, 2]
(1, (1, 1, 1), (3, 0)): [29, 43, 29, 22, 12, 11, 4, 1, 1, 0, 0, 0, 1]
(1, (1, 1, 1), (3, 1)): [50, 77, 34, 31, 23, 10, 5, 3, 0, 0, 0, 0, 1]
(1, (1, 1, 1), (3, 2)): [91, 67, 40, 41, 28, 14, 3, 2]
(2, (0, 0, 0), (0, 0)): [946936, 42161, 14129, 4500, 1470, 495, 168, 53, 10, 5, 5, 0, 1]
(2, (0, 0, 0), (0, 1)): [16723, 700, 234, 65, 31, 9, 6, 1]
(2, (0, 0, 0), (0, 2)): [6034, 184, 49, 18, 8, 2, 1, 1]
(2, (0, 0, 0), (1, 0)): [16971, 984, 325, 100, 41, 12, 3, 0, 0, 0, 0, 0, 1]
(2, (0, 0, 0), (1, 1)): [14849, 730, 244, 58, 33, 8, 6]
(2, (0, 0, 0), (1, 2)): [9314, 320, 106, 29, 15, 5, 3]
(2, (0, 0, 0), (2, 0)): [6266, 382, 155, 57, 20, 6, 1, 0, 0, 0, 0, 0, 1]
(2, (0, 0, 0), (2, 1)): [8582, 460, 160, 54, 12, 6, 3]
(2, (0, 0, 0), (2, 2)): [7852, 327, 117, 36, 14, 7, 1]
(2, (0, 0, 0), (3, 0)): [2172, 150, 89, 29, 15, 3, 1, 0, 0, 0, 0, 0, 1]
(2, (0, 0, 0), (3, 1)): [3961, 239, 115, 38, 15, 6, 2]
(2, (0, 0, 0), (3, 2)): [4942, 259, 113, 32, 12, 6]
(2, (0, 0, 1), (0, 0)): [89208, 28008, 5382, 1822, 651, 216, 66, 20, 3, 2, 0, 1]
(2, (0, 0, 1), (0, 1)): [1366, 382, 80, 22, 12, 3, 1]
(2, (0, 0, 1), (0, 2)): [529, 109, 27, 4, 2, 1]
(2, (0, 0, 1), (1, 0)): [1654, 469, 109, 46, 12, 6, 0, 2]
(2, (0, 0, 1), (1, 1)): [1298, 316, 71, 21, 10, 2, 1, 1]
(2, (0, 0, 1), (1, 2)): [851, 164, 37, 10, 2, 1, 1]
(2, (0, 0, 1), (2, 0)): [708, 201, 52, 30, 7, 5, 0, 1]
(2, (0, 0, 1), (2, 1)): [751, 176, 52, 18, 10, 2, 0, 2]
(2, (0, 0, 1), (2, 2)): [701, 135, 46, 7, 3, 2, 1]
(2, (0, 0, 1), (3, 0)): [370, 91, 27, 19, 3, 4]
(2, (0, 0, 1), (3, 1)): [398, 97, 22, 17, 7, 2, 0, 1]
(2, (0, 0, 1), (3, 2)): [452, 99, 32, 11, 3, 1]
(2, (0, 1, 0), (0, 0)): [236958, 51046, 13454, 4659, 1510, 521, 159, 46, 10, 7, 5, 0, 1]
(2, (0, 1, 0), (0, 1)): [3529, 651, 168, 58, 20, 1, 1]
(2, (0, 1, 0), (0, 2)): [1316, 190, 43, 11, 7]
(2, (0, 1, 0), (1, 0)): [4648, 806, 324, 133, 34, 19, 5, 1, 0, 0, 0, 0, 1]
(2, (0, 1, 0), (1, 1)): [3280, 565, 195, 63, 17, 5, 3, 1]
(2, (0, 1, 0), (1, 2)): [2064, 288, 70, 35, 6]
(2, (0, 1, 0), (2, 0)): [2190, 364, 162, 90, 26, 12, 3, 0, 0, 0, 0, 0, 1]
(2, (0, 1, 0), (2, 1)): [1981, 357, 126, 47, 14, 9, 3, 1, 0, 0, 0, 0, 1]
(2, (0, 1, 0), (2, 2)): [1817, 271, 71, 38, 8, 4, 0, 1]
(2, (0, 1, 0), (3, 0)): [1241, 173, 93, 61, 17, 5, 2]
(2, (0, 1, 0), (3, 1)): [975, 175, 87, 32, 15, 5, 3, 0, 0, 0, 0, 0, 1]
(2, (0, 1, 0), (3, 2)): [1195, 188, 77, 35, 10, 5, 1, 0, 0, 0, 0, 0, 1]
(2, (0, 1, 1), (0, 0)): [54445, 4737, 12090, 3226, 1251, 393, 138, 47, 17, 4, 3, 1, 0, 1]
(2, (0, 1, 1), (0, 1)): [757, 60, 127, 32, 8, 3, 1, 3]
(2, (0, 1, 1), (0, 2)): [328, 23, 42, 11, 5, 1, 1]
(2, (0, 1, 1), (1, 0)): [1073, 110, 221, 75, 38, 8, 4, 0, 0, 0, 1]
(2, (0, 1, 1), (1, 1)): [693, 57, 125, 36, 7, 4, 1, 2]
(2, (0, 1, 1), (1, 2)): [467, 30, 69, 17, 5, 1, 2, 1]
(2, (0, 1, 1), (2, 0)): [545, 64, 107, 43, 30, 6, 1, 0, 0, 0, 1]
(2, (0, 1, 1), (2, 1)): [384, 34, 86, 20, 9, 5]
(2, (0, 1, 1), (2, 2)): [397, 30, 70, 20, 4, 4, 1, 1]
(2, (0, 1, 1), (3, 0)): [386, 48, 66, 29, 25, 5, 1, 0, 0, 0, 1]
(2, (0, 1, 1), (3, 2)): [257, 23, 56, 16, 5, 4, 0, 1]
(2, (1, 0, 0), (0, 0)): [509675, 37061, 23394, 7429, 2331, 764, 297, 85, 18, 10, 6, 0, 1]
(2, (1, 0, 0), (0, 1)): [8208, 456, 361, 95, 38, 10, 6, 1]
(2, (1, 0, 0), (0, 2)): [2962, 132, 91, 16, 14, 2, 1]
(2, (1, 0, 0), (1, 0)): [8545, 683, 494, 195, 46, 15, 7, 2, 0, 0, 0, 0, 1]
(2, (1, 0, 0), (1, 1)): [6753, 419, 338, 113, 27, 4, 4, 1]
(2, (1, 0, 0), (1, 2)): [4171, 203, 141, 49, 15, 3]
(2, (1, 0, 0), (2, 0)): [2918, 281, 168, 92, 20, 7, 4, 0, 0, 0, 0, 0, 1]
(2, (1, 0, 0), (2, 1)): [3508, 236, 186, 72, 24, 6, 2, 1, 0, 0, 0, 0, 1]
(2, (1, 0, 0), (2, 2)): [3202, 188, 138, 44, 18, 5, 1, 1]
(2, (1, 0, 0), (3, 0)): [939, 131, 55, 53, 6, 3, 3]
(2, (1, 0, 0), (3, 1)): [1497, 163, 91, 54, 10, 4, 2, 0, 0, 0, 0, 0, 1]
(2, (1, 0, 0), (3, 2)): [1777, 159, 96, 46, 11, 8, 1, 1, 0, 0, 0, 0, 1]
(2, (1, 0, 1), (0, 0)): [85705, 21119, 8377, 4867, 1559, 529, 186, 59, 21, 7, 0, 2, 1]
(2, (1, 0, 1), (0, 1)): [1456, 297, 114, 82, 25, 5, 2, 2, 0, 0, 0, 1]
(2, (1, 0, 1), (0, 2)): [579, 90, 33, 18, 10, 0, 0, 1]
(2, (1, 0, 1), (1, 0)): [1364, 299, 147, 110, 38, 15, 5]
(2, (1, 0, 1), (1, 1)): [1096, 230, 91, 80, 19, 10, 5, 1, 0, 0, 0, 1]
(2, (1, 0, 1), (1, 2)): [756, 123, 45, 34, 11, 5, 1, 2, 0, 0, 0, 1]
(2, (1, 0, 1), (2, 0)): [513, 105, 69, 37, 15, 5, 2]
(2, (1, 0, 1), (2, 1)): [606, 130, 49, 42, 16, 5, 1]
(2, (1, 0, 1), (3, 0)): [184, 33, 32, 14, 8, 2, 2]
(2, (1, 1, 0), (0, 0)): [196207, 30154, 15244, 10121, 3196, 1073, 343, 114, 42, 18, 7, 1, 2, 1]
(2, (1, 1, 0), (0, 1)): [3393, 463, 213, 152, 44, 7, 5, 3, 0, 0, 0, 0, 1]
(2, (1, 1, 0), (0, 2)): [1359, 143, 62, 37, 11, 1, 2, 1]
(2, (1, 1, 0), (1, 0)): [3280, 508, 281, 229, 72, 23, 8, 2, 1, 1]
(2, (1, 1, 0), (1, 1)): [2746, 374, 177, 145, 35, 9, 4, 2, 1, 1, 0, 0, 1]
(2, (1, 1, 0), (1, 2)): [1888, 212, 93, 60, 14, 4, 2, 2]
(2, (1, 1, 0), (2, 0)): [1158, 196, 124, 93, 40, 13, 3, 1]
(2, (1, 1, 0), (2, 1)): [1465, 190, 126, 96, 28, 11, 4, 1, 1, 1, 0, 0, 1]
(2, (1, 1, 0), (2, 2)): [1410, 171, 83, 79, 16, 4, 4, 2, 1]
(2, (1, 1, 0), (3, 0)): [418, 78, 53, 36, 16, 6, 1]
(2, (1, 1, 0), (3, 1)): [645, 100, 76, 52, 16, 9, 2, 1, 0, 0, 0, 0, 1]
(2, (1, 1, 0), (3, 2)): [784, 104, 70, 55, 18, 4, 3, 2, 1]
(2, (1, 1, 1), (0, 0)): [56817, 8264, 9622, 4775, 3369, 1083, 362, 124, 42, 9, 6, 0, 1, 1]
(2, (1, 1, 1), (0, 1)): [1155, 114, 165, 81, 57, 10, 6, 3, 1, 0, 0, 0, 1]
(2, (1, 1, 1), (0, 2)): [536, 32, 41, 26, 16, 2, 2, 1, 1]
(2, (1, 1, 1), (1, 0)): [890, 252, 170, 102, 62, 27, 8, 1, 2, 0, 1]
(2, (1, 1, 1), (1, 1)): [841, 125, 141, 71, 46, 8, 4, 0, 0, 0, 1, 0, 1]
(2, (1, 1, 1), (1, 2)): [642, 55, 62, 34, 18, 4, 3, 1, 0, 0, 1]
