(0, (0, 0, 0), (0, 0)): [2637828, 538968, 248451, 114085, 51248, 21910, 9154, 3715, 1503, 656, 294, 132, 46, 25, 7, 1, 1, 1]
(0, (0, 0, 0), (0, 1)): [601330, 115341, 52945, 24572, 10866, 4646, 1902, 725, 313, 134, 64, 28, 7, 5, 2, 1]
(0, (0, 0, 0), (0, 2)): [239496, 40618, 18223, 8322, 3594, 1506, 621, 230, 97, 45, 14, 6, 4, 1, 1]
(0, (0, 0, 0), (1, 0)): [471231, 105145, 50113, 23491, 10975, 4686, 2046, 839, 316, 137, 67, 24, 7, 8, 2, 0, 1]
(0, (0, 0, 0), (1, 1)): [487229, 98258, 46083, 21515, 9668, 4129, 1699, 683, 289, 108, 59, 23, 4, 7, 1, 1, 1]
(0, (0, 0, 0), (1, 2)): [351569, 61872, 28445, 12889, 5658, 2372, 999, 393, 171, 63, 21, 9, 5, 2, 1]
(0, (0, 0, 0), (2, 0)): [149455, 36748, 18840, 8932, 4359, 1815, 819, 345, 121, 61, 31, 11, 3, 3, 1]
(0, (0, 0, 0), (2, 1)): [244082, 54136, 26706, 12531, 5818, 2510, 1015, 446, 168, 70, 36, 17, 4, 5, 0, 0, 1]
(0, (0, 0, 0), (2, 2)): [276884, 53117, 25326, 11759, 5187, 2197, 918, 355, 162, 60, 24, 8, 5, 2, 1, 0, 1]
(0, (0, 0, 0), (3, 0)): [42606, 11744, 7034, 3555, 1784, 725, 326, 142, 53, 30, 16, 4, 0, 2, 1]
(0, (0, 0, 0), (3, 1)): [92018, 23634, 12971, 6363, 3107, 1354, 527, 260, 102, 42, 17, 13, 3, 5, 1]
(0, (0, 0, 0), (3, 2)): [145170, 32303, 17212, 8171, 3799, 1627, 664, 291, 123, 53, 20, 14, 5, 2, 1, 0, 1]
(0, (0, 0, 1), (0, 0)): [9236, 28811, 7916, 3897, 1858, 801, 358, 146, 57, 35, 20, 4, 5, 3]
(0, (0, 0, 1), (0, 1)): [1485, 4547, 1243, 604, 271, 131, 51, 22, 10, 6, 4, 1, 1, 1]
(0, (0, 0, 1), (0, 2)): [678, 1718, 445, 220, 89, 53, 19, 8, 7, 0, 1]
(0, (0, 0, 1), (1, 0)): [1360, 4731, 1341, 755, 382, 156, 74, 26, 10, 6, 7]
(0, (0, 0, 1), (1, 1)): [1294, 4095, 1116, 567, 301, 128, 53, 20, 6, 10, 3, 1, 1, 1]
(0, (0, 0, 1), (1, 2)): [1066, 2700, 708, 350, 155, 77, 27, 13, 5, 4, 2, 0, 1]
(0, (0, 0, 1), (2, 0)): [515, 1750, 524, 339, 149, 64, 30, 13, 5, 2, 5]
(0, (0, 0, 1), (2, 1)): [687, 2339, 665, 397, 195, 85, 38, 13, 6, 7, 2, 1]
(0, (0, 0, 1), (2, 2)): [941, 2470, 669, 338, 177, 78, 27, 9, 4, 4, 2]
(0, (0, 0, 1), (3, 0)): [173, 591, 169, 136, 58, 26, 12, 3, 1, 0, 3]
(0, (0, 0, 1), (3, 1)): [290, 1009, 292, 239, 102, 43, 23, 4, 3, 5, 0, 1]
(0, (0, 0, 1), (3, 2)): [532, 1503, 405, 297, 147, 59, 21, 4, 3, 3, 1]
(0, (0, 1, 0), (0, 0)): [98132, 90944, 36245, 18075, 8554, 3736, 1622, 673, 280, 145, 50, 20, 9, 6, 3, 0, 1]
(0, (0, 1, 0), (0, 1)): [21670, 18512, 7494, 3646, 1696, 735, 345, 143, 56, 30, 10, 4, 3, 1, 1]
(0, (0, 1, 0), (0, 2)): [9111, 6602, 2689, 1262, 577, 267, 122, 46, 21, 8, 0, 1, 2]
(0, (0, 1, 0), (1, 0)): [19673, 18243, 7892, 4259, 1991, 923, 388, 164, 71, 28, 11, 6, 2, 2, 1, 0, 1]
(0, (0, 1, 0), (1, 1)): [18284, 15665, 6589, 3399, 1585, 673, 315, 136, 44, 30, 12, 4, 1, 2, 1]
(0, (0, 1, 0), (1, 2)): [13325, 9997, 4168, 2080, 900, 400, 169, 85, 28, 12, 4, 3, 2, 0, 1]
(0, (0, 1, 0), (2, 0)): [7116, 6486, 3008, 1726, 816, 415, 156, 72, 31, 10, 3, 5, 2, 1, 0, 0, 1]
(0, (0, 1, 0), (2, 1)): [9855, 8654, 3832, 2003, 1014, 460, 212, 78, 30, 23, 6, 4, 1, 1, 0, 0, 1]
(0, (0, 1, 0), (2, 2)): [11163, 8556, 3705, 1861, 865, 375, 174, 71, 31, 13, 6, 3, 1, 0, 1, 0, 1]
(0, (0, 1, 0), (3, 0)): [2438, 1925, 1010, 713, 327, 179, 72, 38, 15, 3, 0, 1, 1]
(0, (0, 1, 0), (3, 1)): [4357, 3546, 1755, 1130, 553, 270, 112, 50, 10, 10, 2, 3, 0, 1]
(0, (0, 1, 0), (3, 2)): [6624, 4972, 2351, 1338, 649, 315, 141, 55, 14, 13, 3, 1, 0, 0, 1, 0, 1]
(0, (0, 1, 1), (0, 0)): [7800, 13625, 16174, 7566, 4026, 1913, 824, 367, 182, 78, 27, 17, 4, 4, 2, 0, 1, 1]
(0, (0, 1, 1), (0, 1)): [1717, 2802, 3131, 1428, 777, 354, 161, 65, 30, 14, 4, 5, 1, 0, 0, 0, 1]
(0, (0, 1, 1), (0, 2)): [832, 1105, 1164, 533, 293, 134, 59, 28, 8, 4, 1, 3]
(0, (0, 1, 1), (1, 0)): [1539, 2812, 3354, 1677, 918, 469, 193, 86, 48, 15, 8, 6, 1, 1, 1]
(0, (0, 1, 1), (1, 1)): [1383, 2388, 2772, 1258, 704, 316, 141, 48, 24, 11, 6, 3, 2, 0, 0, 0, 1]
(0, (0, 1, 1), (1, 2)): [1162, 1603, 1753, 765, 458, 206, 84, 32, 18, 3, 2, 4, 1, 0, 0, 0, 1]
(0, (0, 1, 1), (2, 0)): [613, 1187, 1239, 697, 415, 236, 83, 43, 30, 8, 4, 2, 0, 1, 1]
(0, (0, 1, 1), (2, 1)): [713, 1294, 1493, 732, 368, 188, 77, 43, 16, 10, 6, 1, 1, 0, 1]
(0, (0, 1, 1), (2, 2)): [919, 1368, 1500, 693, 387, 182, 66, 31, 15, 8, 2, 3, 1, 0, 0, 0, 1]
(0, (0, 1, 1), (3, 0)): [313, 545, 507, 341, 233, 119, 45, 14, 20, 2, 1, 2, 0, 1]
(0, (0, 1, 1), (3, 1)): [288, 529, 597, 343, 202, 111, 43, 21, 17, 5, 2, 1, 0, 0, 1]
(0, (0, 1, 1), (3, 2)): [523, 772, 830, 462, 248, 126, 56, 28, 16, 5, 3, 0, 1, 0, 0, 0, 1]
(0, (1, 0, 0), (0, 0)): [546468, 178109, 118170, 58978, 28387, 12668, 5295, 2273, 954, 418, 202, 79, 28, 18, 5, 1, 1, 1]
(0, (1, 0, 0), (0, 1)): [111635, 31788, 22556, 11167, 5329, 2342, 986, 387, 186, 79, 36, 14, 1, 3]
(0, (1, 0, 0), (0, 2)): [44683, 10999, 7926, 3737, 1732, 762, 326, 131, 57, 29, 13, 5]
(0, (1, 0, 0), (1, 0)): [91031, 31118, 22520, 11831, 5851, 2625, 1095, 485, 194, 89, 49, 17, 4, 6, 3, 0, 1]
(0, (1, 0, 0), (1, 1)): [83474, 25351, 18233, 9333, 4454, 2005, 847, 353, 155, 63, 32, 12, 1, 4, 1]
(0, (1, 0, 0), (1, 2)): [57875, 15171, 10864, 5433, 2511, 1102, 478, 196, 88, 32, 12, 8, 0, 0, 1]
(0, (1, 0, 0), (2, 0)): [28148, 10608, 7986, 4454, 2285, 1037, 414, 183, 67, 46, 23, 5, 4, 3, 0, 0, 1]
(0, (1, 0, 0), (2, 1)): [39872, 13216, 9709, 5131, 2585, 1168, 484, 217, 92, 50, 25, 7, 1, 6, 0, 0, 1]
(0, (1, 0, 0), (2, 2)): [41944, 12040, 8662, 4353, 2113, 903, 438, 176, 84, 33, 16, 5, 1, 3]
(0, (1, 0, 0), (3, 0)): [7294, 3351, 2584, 1751, 873, 410, 164, 62, 31, 18, 9, 2, 2]
(0, (1, 0, 0), (3, 1)): [14312, 5680, 4288, 2623, 1322, 642, 252, 116, 47, 25, 13, 4, 2, 2]
(0, (1, 0, 0), (3, 2)): [19995, 7156, 5060, 2917, 1453, 617, 308, 134, 65, 23, 13, 6, 0, 1]
(0, (1, 0, 1), (0, 0)): [12636, 38259, 15589, 11331, 5897, 2758, 1297, 533, 252, 109, 58, 20, 11, 3, 2, 0, 0, 1]
(0, (1, 0, 1), (0, 1)): [2578, 6744, 2745, 2110, 1028, 490, 215, 89, 43, 19, 10, 1, 4, 1]
(0, (1, 0, 1), (0, 2)): [1247, 2488, 997, 753, 345, 168, 71, 35, 14, 1, 3, 1, 2, 1]
(0, (1, 0, 1), (1, 0)): [2060, 6670, 2719, 2103, 1130, 564, 252, 105, 53, 28, 15, 2, 1, 1, 1]
(0, (1, 0, 1), (1, 1)): [1978, 5287, 2233, 1624, 833, 384, 184, 74, 44, 21, 8, 1, 1]
(0, (1, 0, 1), (1, 2)): [1614, 3315, 1382, 980, 491, 223, 101, 45, 26, 5, 2, 1, 2]
(0, (1, 0, 1), (2, 0)): [658, 2231, 906, 765, 425, 231, 91, 41, 20, 14, 5, 1]
(0, (1, 0, 1), (2, 1)): [911, 2661, 1141, 864, 449, 240, 108, 40, 23, 18, 6]
(0, (1, 0, 1), (2, 2)): [1182, 2543, 1103, 800, 402, 198, 99, 43, 15, 11, 3]
(0, (1, 0, 1), (3, 0)): [214, 665, 302, 224, 167, 90, 33, 16, 9, 3, 1, 1]
(0, (1, 0, 1), (3, 1)): [356, 919, 481, 369, 234, 117, 51, 24, 15, 10, 3]
(0, (1, 0, 1), (3, 2)): [589, 1282, 662, 451, 284, 144, 70, 30, 16, 11, 5]
(0, (1, 1, 0), (0, 0)): [79099, 49216, 36232, 26874, 14320, 6708, 2871, 1321, 556, 257, 115, 49, 14, 6, 2, 0, 1]
(0, (1, 1, 0), (0, 1)): [17837, 9587, 6570, 5144, 2795, 1241, 569, 233, 105, 35, 20, 13, 1, 1, 1, 0, 1]
(0, (1, 1, 0), (0, 2)): [7625, 3518, 2311, 1845, 978, 428, 180, 92, 39, 15, 7, 2]
(0, (1, 1, 0), (1, 0)): [13587, 8697, 6407, 5219, 2737, 1367, 579, 270, 104, 51, 24, 10, 3, 3, 1]
(0, (1, 1, 0), (1, 1)): [13135, 7381, 5273, 4224, 2202, 1034, 449, 192, 65, 28, 21, 8, 2, 2, 2, 0, 1]
(0, (1, 1, 0), (1, 2)): [9910, 4681, 3247, 2640, 1330, 593, 252, 111, 49, 23, 7, 4, 0, 1, 0, 0, 1]
(0, (1, 1, 0), (2, 0)): [3968, 2918, 2208, 1804, 1049, 539, 241, 117, 47, 21, 8, 6, 0, 1]
(0, (1, 1, 0), (2, 1)): [6070, 3725, 2776, 2232, 1261, 573, 265, 115, 47, 17, 13, 7, 2, 0, 2]
(0, (1, 1, 0), (2, 2)): [7073, 3686, 2594, 2089, 1127, 500, 237, 106, 38, 20, 8, 4, 0, 0, 1, 0, 1]
(0, (1, 1, 0), (3, 0)): [890, 953, 755, 601, 399, 213, 100, 51, 16, 9, 3, 2, 0, 1]
(0, (1, 1, 0), (3, 1)): [2043, 1572, 1243, 1028, 670, 348, 151, 69, 24, 12, 7, 3, 2, 0, 1]
(0, (1, 1, 0), (3, 2)): [3277, 2069, 1604, 1300, 790, 377, 176, 91, 25, 13, 8, 2, 0, 0, 1, 0, 1]
(0, (1, 1, 1), (0, 0)): [7637, 14832, 11865, 8642, 7141, 3562, 1674, 799, 376, 161, 75, 28, 8, 5, 2, 0, 1]
(0, (1, 1, 1), (0, 1)): [1898, 3206, 2437, 1674, 1455, 714, 318, 156, 83, 29, 11, 5, 3, 1, 1]
(0, (1, 1, 1), (0, 2)): [1007, 1303, 899, 635, 534, 250, 106, 59, 30, 10, 8, 2, 1, 0, 1]
(0, (1, 1, 1), (1, 0)): [1226, 2728, 2227, 1587, 1336, 733, 337, 143, 72, 37, 15, 7, 0, 1, 0, 0, 1]
(0, (1, 1, 1), (1, 1)): [1282, 2461, 1925, 1296, 1153, 630, 276, 132, 64, 25, 8, 4, 1, 1, 0, 0, 1]
(0, (1, 1, 1), (1, 2)): [1177, 1707, 1260, 852, 754, 354, 153, 80, 36, 14, 6, 4, 0, 1, 0, 0, 1]
(0, (1, 1, 1), (2, 0)): [350, 805, 747, 573, 484, 265, 114, 56, 23, 14, 5, 4, 0, 1]
(0, (1, 1, 1), (2, 1)): [567, 1135, 971, 694, 578, 344, 146, 72, 43, 14, 4, 1, 1]
(0, (1, 1, 1), (2, 2)): [774, 1260, 979, 688, 571, 308, 133, 71, 35, 15, 4, 2, 1]
(0, (1, 1, 1), (3, 0)): [69, 211, 202, 198, 147, 95, 51, 23, 5, 6, 3, 2, 0, 1]
(0, (1, 1, 1), (3, 1)): [163, 391, 390, 297, 260, 155, 75, 31, 14, 7, 2, 3, 0, 1]
(0, (1, 1, 1), (3, 2)): [291, 592, 554, 400, 358, 197, 110, 43, 24, 8, 3, 3, 1, 1]
(1, (0, 0, 0), (0, 0)): [2162990, 242883, 99033, 39505, 15423, 5890, 2292, 824, 285, 113, 43, 25, 8, 3, 0, 1]
(1, (0, 0, 0), (0, 1)): [496444, 51913, 20883, 8334, 3256, 1213, 460, 170, 51, 17, 7, 6, 1, 1]
(1, (0, 0, 0), (0, 2)): [199833, 17563, 7072, 2659, 1066, 387, 128, 47, 9, 6, 1, 3]
(1, (0, 0, 0), (1, 0)): [403596, 51259, 21544, 8772, 3479, 1352, 521, 173, 66, 27, 8, 4, 0, 0, 0, 1]
(1, (0, 0, 0), (1, 1)): [410196, 46200, 18853, 7568, 2968, 1093, 471, 163, 53, 14, 10, 4, 1, 1]
(1, (0, 0, 0), (1, 2)): [294091, 27715, 11151, 4304, 1706, 626, 233, 73, 27, 8, 3, 2, 1]
(1, (0, 0, 0), (2, 0)): [132906, 18923, 8568, 3639, 1452, 570, 216, 69, 29, 16, 3, 2, 0, 0, 0, 1]
(1, (0, 0, 0), (2, 1)): [211449, 26610, 11465, 4703, 1907, 732, 270, 103, 23, 17, 8, 4]
(1, (0, 0, 0), (2, 2)): [237897, 24967, 10479, 4225, 1660, 615, 222, 86, 28, 8, 4, 2]
(1, (0, 0, 0), (3, 0)): [38723, 6100, 3457, 1527, 594, 239, 104, 28, 19, 7, 2, 1, 0, 0, 0, 1]
(1, (0, 0, 0), (3, 1)): [83113, 12219, 6189, 2667, 1091, 428, 151, 55, 17, 8, 5]
(1, (0, 0, 0), (3, 2)): [129268, 16081, 7907, 3213, 1339, 494, 178, 74, 21, 8, 6, 1]
(1, (0, 0, 1), (0, 0)): [56932, 81611, 16402, 7248, 2956, 1196, 472, 179, 80, 27, 15, 9, 4, 2]
(1, (0, 0, 1), (0, 1)): [11128, 13537, 2777, 1195, 427, 178, 88, 28, 5, 1, 3, 1]
(1, (0, 0, 1), (0, 2)): [5020, 4624, 923, 381, 149, 59, 27, 3, 4, 0, 1, 1]
(1, (0, 0, 1), (1, 0)): [10948, 16071, 3443, 1724, 701, 296, 104, 43, 26, 6, 2, 1]
(1, (0, 0, 1), (1, 1)): [9883, 12466, 2619, 1186, 442, 172, 78, 32, 8, 4, 1, 1]
(1, (0, 0, 1), (1, 2)): [7689, 7237, 1523, 655, 253, 97, 49, 11, 5, 2, 1, 2]
(1, (0, 0, 1), (2, 0)): [4495, 6469, 1499, 868, 358, 157, 57, 25, 15, 3, 1]
(1, (0, 0, 1), (2, 1)): [5540, 7322, 1593, 818, 312, 126, 44, 26, 8, 2, 1]
(1, (0, 0, 1), (2, 2)): [6668, 6606, 1450, 689, 238, 94, 51, 16, 3, 2, 2, 2]
(1, (0, 0, 1), (3, 0)): [2077, 2578, 685, 471, 195, 95, 31, 13, 7, 1, 1]
(1, (0, 0, 1), (3, 1)): [2450, 3185, 812, 447, 192, 86, 27, 17, 6, 2]
(1, (0, 0, 1), (3, 2)): [4002, 4066, 995, 544, 202, 93, 44, 15, 3, 0, 1]
(1, (0, 1, 0), (0, 0)): [287583, 123363, 46263, 20142, 8158, 3264, 1175, 493, 148, 74, 36, 10, 10, 2, 1]
(1, (0, 1, 0), (0, 1)): [58308, 22383, 8627, 3539, 1452, 579, 224, 89, 22, 15, 7, 1, 1]
(1, (0, 1, 0), (0, 2)): [23767, 7985, 2962, 1128, 489, 185, 70, 26, 7, 6, 1, 1, 1]
(1, (0, 1, 0), (1, 0)): [58301, 24254, 9898, 4953, 2004, 810, 297, 123, 45, 19, 9, 0, 0, 1]
(1, (0, 1, 0), (1, 1)): [51365, 19943, 7889, 3578, 1413, 569, 227, 80, 26, 7, 6, 0, 0, 1]
(1, (0, 1, 0), (1, 2)): [36050, 12390, 4654, 1970, 768, 293, 120, 48, 15, 8, 1, 1]
(1, (0, 1, 0), (2, 0)): [23709, 9573, 4243, 2430, 1038, 409, 143, 70, 23, 12, 6]
(1, (0, 1, 0), (2, 1)): [29244, 11392, 4874, 2395, 1015, 394, 154, 60, 19, 7, 5, 0, 0, 1]
(1, (0, 1, 0), (2, 2)): [31095, 10733, 4311, 1977, 785, 312, 113, 43, 13, 7, 3]
(1, (0, 1, 0), (3, 0)): [10189, 3816, 1800, 1302, 575, 231, 80, 36, 11, 7, 2]
(1, (0, 1, 0), (3, 1)): [13389, 4958, 2407, 1473, 645, 239, 103, 49, 16, 6, 3, 0, 0, 1]
(1, (0, 1, 0), (3, 2)): [19024, 6543, 2970, 1628, 703, 250, 110, 42, 10, 8, 3, 0, 0, 1]
(1, (0, 1, 1), (0, 0)): [44771, 37837, 32653, 13405, 6871, 2738, 1103, 434, 181, 62, 24, 10, 3, 2, 0, 1]
(1, (0, 1, 1), (0, 1)): [8330, 6203, 5288, 2167, 995, 370, 175, 76, 20, 5, 5, 1]
(1, (0, 1, 1), (0, 2)): [4056, 2032, 1951, 766, 357, 122, 69, 28, 5, 1, 4]
(1, (0, 1, 1), (1, 0)): [9586, 8627, 6623, 2995, 1779, 743, 299, 114, 40, 18, 5, 2, 1]
(1, (0, 1, 1), (1, 1)): [6983, 5545, 4601, 1925, 958, 347, 140, 62, 20, 8, 0, 2]
(1, (0, 1, 1), (1, 2)): [5891, 3262, 2956, 1162, 579, 204, 93, 37, 10, 5, 3, 1]
(1, (0, 1, 1), (2, 0)): [5071, 4418, 3205, 1602, 1114, 494, 201, 73, 26, 11, 5, 1]
(1, (0, 1, 1), (2, 1)): [3739, 3108, 2591, 1160, 589, 238, 97, 32, 11, 3, 1]
(1, (0, 1, 1), (2, 2)): [4877, 2835, 2563, 1075, 521, 192, 77, 23, 9, 2, 3, 1]
(1, (0, 1, 1), (3, 0)): [3506, 2824, 1843, 1046, 882, 386, 150, 62, 22, 8, 4, 1]
(1, (0, 1, 1), (3, 1)): [1575, 1404, 1112, 525, 332, 163, 57, 26, 9, 3]
(1, (0, 1, 1), (3, 2)): [2694, 1803, 1453, 691, 428, 154, 60, 25, 9, 3, 2, 1]
(1, (1, 0, 0), (0, 0)): [799107, 138783, 93579, 40002, 16310, 6480, 2546, 939, 359, 148, 59, 33, 7, 3, 0, 2]
(1, (1, 0, 0), (0, 1)): [164963, 25087, 17889, 7656, 3043, 1199, 472, 188, 55, 22, 12, 4, 1]
(1, (1, 0, 0), (0, 2)): [65366, 8546, 5939, 2480, 971, 420, 149, 53, 15, 8, 4]
(1, (1, 0, 0), (1, 0)): [143341, 26244, 19174, 8648, 3564, 1433, 585, 212, 69, 31, 13, 5, 2, 0, 0, 1]
(1, (1, 0, 0), (1, 1)): [129241, 20967, 15120, 6686, 2645, 1029, 427, 164, 50, 21, 11, 7, 1, 0, 0, 1]
(1, (1, 0, 0), (1, 2)): [88482, 12338, 8756, 3726, 1462, 561, 221, 94, 25, 10, 8, 1]
(1, (1, 0, 0), (2, 0)): [46478, 9310, 7023, 3499, 1476, 590, 248, 85, 37, 10, 5, 0, 1]
(1, (1, 0, 0), (2, 1)): [64017, 11344, 8333, 4081, 1595, 662, 266, 89, 29, 10, 7, 4, 1, 0, 0, 1]
(1, (1, 0, 0), (2, 2)): [66425, 10095, 7193, 3311, 1327, 525, 200, 78, 21, 10, 4, 1, 1]
(1, (1, 0, 0), (3, 0)): [13018, 3087, 2230, 1358, 617, 234, 112, 33, 18, 5, 1, 0, 1]
(1, (1, 0, 0), (3, 1)): [24466, 5215, 3725, 2231, 887, 342, 166, 44, 24, 5, 5, 1, 0, 0, 0, 1]
(1, (1, 0, 0), (3, 2)): [33470, 6403, 4357, 2381, 922, 373, 162, 52, 25, 10, 5, 2, 1, 0, 0, 1]
(1, (1, 0, 1), (0, 0)): [64405, 72431, 23316, 16162, 7005, 2903, 1129, 453, 162, 87, 24, 10, 2, 1]
(1, (1, 0, 1), (0, 1)): [13729, 12480, 3951, 2866, 1201, 500, 189, 73, 32, 15, 4, 1, 2]
(1, (1, 0, 1), (0, 2)): [6228, 4208, 1398, 1005, 417, 153, 79, 31, 10, 6, 3, 0, 1]
(1, (1, 0, 1), (1, 0)): [11449, 12654, 4276, 3169, 1491, 627, 229, 106, 36, 21, 1, 3]
(1, (1, 0, 1), (1, 1)): [10436, 9976, 3291, 2387, 997, 440, 150, 54, 23, 11, 1, 3, 1]
(1, (1, 0, 1), (1, 2)): [7919, 5743, 1987, 1425, 558, 234, 97, 44, 14, 6, 3]
(1, (1, 0, 1), (2, 0)): [3880, 4188, 1507, 1143, 613, 260, 94, 48, 13, 9, 0, 1]
(1, (1, 0, 1), (2, 1)): [5191, 5017, 1692, 1257, 634, 256, 89, 30, 15, 12, 0, 3]
(1, (1, 0, 1), (2, 2)): [5825, 4409, 1602, 1133, 536, 199, 82, 27, 13, 8, 1]
(1, (1, 0, 1), (3, 0)): [1271, 1330, 522, 404, 254, 123, 37, 15, 2, 4]
(1, (1, 0, 1), (3, 1)): [1904, 1911, 754, 583, 325, 143, 43, 20, 5, 6, 0, 2]
(1, (1, 0, 1), (3, 2)): [2894, 2468, 1004, 677, 403, 150, 57, 20, 12, 6, 0, 2]
(1, (1, 1, 0), (0, 0)): [224355, 66829, 44564, 33190, 13999, 5800, 2275, 907, 345, 139, 55, 26, 10, 5, 1]
(1, (1, 1, 0), (0, 1)): [49265, 12744, 8144, 6474, 2672, 1096, 410, 172, 70, 24, 13, 4, 1]
(1, (1, 1, 0), (0, 2)): [20628, 4720, 2849, 2270, 911, 345, 115, 53, 19, 5, 5]
(1, (1, 1, 0), (1, 0)): [40516, 12886, 8644, 6825, 3016, 1244, 542, 198, 53, 32, 15, 4, 2, 1]
(1, (1, 1, 0), (1, 1)): [38294, 10551, 7082, 5572, 2347, 977, 371, 158, 52, 25, 13, 4, 1]
(1, (1, 1, 0), (1, 2)): [27892, 6636, 4175, 3300, 1364, 514, 186, 93, 32, 7, 9, 2, 1]
(1, (1, 1, 0), (2, 0)): [12951, 4786, 3045, 2440, 1239, 529, 245, 85, 24, 17, 8, 2, 2, 1]
(1, (1, 1, 0), (2, 1)): [18853, 5830, 3963, 3087, 1438, 623, 256, 86, 33, 15, 8, 2, 1]
(1, (1, 1, 0), (2, 2)): [21101, 5521, 3577, 2718, 1268, 518, 191, 87, 33, 9, 5, 2, 1]
(1, (1, 1, 0), (3, 0)): [3337, 1728, 1085, 756, 506, 209, 99, 41, 7, 8, 1, 2, 1]
(1, (1, 1, 0), (3, 1)): [6844, 2838, 1907, 1449, 785, 359, 149, 47, 17, 10, 4, 2, 1]
(1, (1, 1, 0), (3, 2)): [10502, 3498, 2380, 1733, 937, 380, 136, 60, 26, 10, 4, 1, 1]
(1, (1, 1, 1), (0, 0)): [45728, 36607, 22747, 14790, 11593, 4963, 2026, 759, 305, 112, 38, 22, 9, 4, 1, 1]
(1, (1, 1, 1), (0, 1)): [10806, 7258, 4369, 2772, 2304, 938, 393, 143, 63, 21, 7, 1, 0, 1]
(1, (1, 1, 1), (0, 2)): [5270, 2602, 1617, 1038, 816, 313, 134, 36, 14, 11, 4, 0, 0, 1]
(1, (1, 1, 1), (1, 0)): [7580, 6929, 4182, 2700, 2403, 1067, 468, 162, 61, 22, 9, 7, 2]
(1, (1, 1, 1), (1, 1)): [7749, 5855, 3551, 2272, 1903, 799, 362, 128, 53, 14, 4, 3]
(1, (1, 1, 1), (1, 2)): [6486, 3543, 2256, 1429, 1147, 486, 206, 69, 27, 11, 4, 3, 0, 1]
(1, (1, 1, 1), (2, 0)): [1997, 2348, 1484, 903, 876, 425, 188, 71, 23, 12, 3, 3, 1]
(1, (1, 1, 1), (2, 1)): [3361, 3111, 1880, 1184, 1024, 470, 214, 72, 32, 11, 3, 2]
(1, (1, 1, 1), (2, 2)): [4406, 2881, 1839, 1156, 972, 424, 195, 63, 27, 13, 3, 3, 0, 1]
(1, (1, 1, 1), (3, 0)): [330, 723, 522, 302, 261, 157, 70, 28, 6, 4, 0, 1, 1]
(1, (1, 1, 1), (3, 1)): [858, 1318, 869, 525, 454, 244, 93, 38, 18, 5, 2, 1, 1]
(1, (1, 1, 1), (3, 2)): [1709, 1693, 1119, 694, 585, 308, 129, 43, 19, 7, 4, 1, 0, 1]
(2, (0, 0, 0), (0, 0)): [1892755, 90660, 29802, 9538, 3190, 978, 335, 117, 23, 10, 5, 1, 1]
(2, (0, 0, 0), (0, 1)): [430486, 18053, 5939, 1928, 671, 186, 64, 19, 5, 1]
(2, (0, 0, 0), (0, 2)): [171669, 5073, 1711, 548, 202, 48, 6, 8, 1]
(2, (0, 0, 0), (1, 0)): [366049, 21456, 7233, 2304, 801, 214, 84, 27, 8, 1, 0, 0, 1]
(2, (0, 0, 0), (1, 1)): [364882, 17417, 5927, 1880, 667, 197, 73, 16, 5, 1]
(2, (0, 0, 0), (1, 2)): [256014, 8755, 3012, 1006, 336, 99, 28, 8, 1]
(2, (0, 0, 0), (2, 0)): [126325, 8318, 3321, 1024, 362, 95, 35, 10, 3, 0, 0, 0, 1]
(2, (0, 0, 0), (2, 1)): [195849, 10880, 4164, 1237, 438, 126, 50, 15, 5]
(2, (0, 0, 0), (2, 2)): [215211, 8794, 3322, 1042, 345, 105, 33, 10, 1]
(2, (0, 0, 0), (3, 0)): [38858, 2781, 1493, 468, 171, 44, 14, 4, 0, 0, 0, 0, 1]
(2, (0, 0, 0), (3, 1)): [81040, 5424, 2592, 817, 261, 70, 25, 9, 3]
(2, (0, 0, 0), (3, 2)): [124010, 6526, 3051, 952, 309, 98, 30, 9, 2]
(2, (0, 0, 1), (0, 0)): [175729, 50675, 10900, 3771, 1306, 447, 136, 49, 10, 7, 1, 2]
(2, (0, 0, 1), (0, 1)): [35966, 8353, 1884, 632, 207, 83, 21, 7, 1, 3]
(2, (0, 0, 1), (0, 2)): [14896, 2597, 563, 192, 62, 24, 8, 0, 0, 1]
(2, (0, 0, 1), (1, 0)): [38011, 10225, 2641, 1042, 368, 115, 45, 20, 4, 2, 1, 1]
(2, (0, 0, 1), (1, 1)): [32705, 7959, 1840, 705, 222, 81, 22, 11, 1, 3]
(2, (0, 0, 1), (1, 2)): [23336, 4315, 934, 343, 125, 40, 12, 5, 0, 3]
(2, (0, 0, 1), (2, 0)): [16350, 4218, 1267, 585, 218, 63, 24, 11, 3, 1, 1, 1]
(2, (0, 0, 1), (2, 1)): [19367, 4908, 1317, 539, 177, 51, 21, 10, 0, 2]
(2, (0, 0, 1), (2, 2)): [21084, 4202, 1039, 400, 135, 47, 12, 6, 0, 1]
(2, (0, 0, 1), (3, 0)): [7624, 1683, 612, 372, 125, 40, 14, 4, 3, 0, 1, 1]
(2, (0, 0, 1), (3, 1)): [9033, 2271, 732, 389, 123, 33, 15, 5, 1, 1, 1]
(2, (0, 0, 1), (3, 2)): [13291, 2895, 841, 401, 138, 38, 16, 3, 1, 2]
(2, (0, 1, 0), (0, 0)): [464661, 94666, 27065, 9627, 3231, 1028, 332, 100, 24, 14, 7, 0, 1]
(2, (0, 1, 0), (0, 1)): [95265, 16198, 4688, 1505, 572, 166, 48, 13, 7, 4, 1]
(2, (0, 1, 0), (0, 2)): [39326, 4971, 1414, 423, 151, 34, 12, 2, 3, 1]
(2, (0, 1, 0), (1, 0)): [100362, 19598, 6665, 2802, 895, 273, 103, 35, 1, 2, 0, 0, 1]
(2, (0, 1, 0), (1, 1)): [85510, 15219, 4673, 1648, 588, 166, 68, 18, 4, 3, 1]
(2, (0, 1, 0), (1, 2)): [61040, 8274, 2406, 825, 281, 67, 33, 8, 2, 1]
(2, (0, 1, 0), (2, 0)): [43952, 8148, 3133, 1651, 547, 167, 51, 23, 1, 2, 0, 0, 1]
(2, (0, 1, 0), (2, 1)): [49620, 9229, 3074, 1239, 425, 127, 41, 9, 2, 3, 1, 0, 1]
(2, (0, 1, 0), (2, 2)): [54053, 7869, 2452, 954, 333, 89, 38, 10, 0, 2]
(2, (0, 1, 0), (3, 0)): [21703, 3415, 1536, 1082, 348, 108, 37, 21, 1, 2]
(2, (0, 1, 0), (3, 1)): [22757, 4241, 1669, 880, 311, 89, 33, 8, 2, 2, 1, 0, 1]
(2, (0, 1, 0), (3, 2)): [33697, 5245, 1899, 981, 329, 89, 46, 11, 0, 1, 0, 0, 1]
(2, (0, 1, 1), (0, 0)): [109128, 9011, 22381, 6640, 2597, 865, 281, 88, 26, 7, 5, 1, 0, 1]
(2, (0, 1, 1), (0, 1)): [23022, 1440, 3805, 1159, 391, 145, 42, 14, 1, 2]
(2, (0, 1, 1), (0, 2)): [10112, 492, 1218, 373, 133, 42, 14, 5, 0, 2]
(2, (0, 1, 1), (1, 0)): [24647, 2284, 4681, 1735, 784, 270, 86, 25, 6, 0, 3]
(2, (0, 1, 1), (1, 1)): [20313, 1410, 3574, 1156, 427, 164, 46, 13, 4, 0, 1]
(2, (0, 1, 1), (1, 2)): [15677, 845, 2086, 613, 229, 80, 21, 7, 1, 2, 1]
(2, (0, 1, 1), (2, 0)): [11547, 1268, 2077, 874, 503, 162, 51, 18, 2, 0, 2]
(2, (0, 1, 1), (2, 1)): [11846, 914, 2144, 756, 347, 108, 32, 9, 3, 0, 1]
(2, (0, 1, 1), (2, 2)): [14006, 888, 1952, 669, 249, 95, 23, 7, 3, 1]
(2, (0, 1, 1), (3, 0)): [6497, 842, 1040, 504, 339, 130, 34, 15, 1, 0, 1]
(2, (0, 1, 1), (3, 1)): [5417, 513, 988, 381, 236, 71, 26, 10, 1, 0, 1]
(2, (0, 1, 1), (3, 2)): [8730, 709, 1320, 494, 238, 96, 23, 10, 4, 1]
(2, (1, 0, 0), (0, 0)): [967814, 69502, 47615, 15235, 4995, 1585, 592, 181, 43, 17, 7, 2, 1]
(2, (1, 0, 0), (0, 1)): [198913, 12004, 8408, 2723, 891, 303, 109, 41, 10, 2, 0, 2]
(2, (1, 0, 0), (0, 2)): [78333, 3462, 2329, 776, 242, 71, 31, 12, 4, 0, 0, 1]
(2, (1, 0, 0), (1, 0)): [177539, 14481, 10626, 3683, 1247, 356, 140, 40, 11, 3, 0, 0, 1]
(2, (1, 0, 0), (1, 1)): [159919, 10638, 7652, 2621, 857, 261, 98, 29, 7, 2]
(2, (1, 0, 0), (1, 2)): [108853, 5442, 3635, 1325, 406, 113, 41, 14, 4, 1, 0, 1]
(2, (1, 0, 0), (2, 0)): [59035, 5551, 3955, 1604, 550, 164, 62, 24, 8, 2, 0, 0, 1]
(2, (1, 0, 0), (2, 1)): [82029, 6252, 4588, 1722, 574, 174, 65, 19, 6, 0, 0, 0, 1]
(2, (1, 0, 0), (2, 2)): [84483, 5062, 3384, 1294, 429, 122, 47, 15, 4, 1]
(2, (1, 0, 0), (3, 0)): [17320, 2099, 1227, 702, 237, 79, 26, 12, 4, 2]
(2, (1, 0, 0), (3, 1)): [32726, 3315, 2177, 1085, 323, 99, 37, 10, 5, 1, 0, 0, 1]
(2, (1, 0, 0), (3, 2)): [44910, 3800, 2353, 1125, 372, 110, 36, 16, 1, 1, 0, 0, 1]
(2, (1, 0, 1), (0, 0)): [170551, 39156, 15550, 10131, 3355, 1080, 369, 118, 36, 14, 2, 4, 2]
(2, (1, 0, 1), (0, 1)): [36923, 6906, 2575, 1822, 604, 202, 69, 24, 8, 2, 1, 1, 1]
(2, (1, 0, 1), (0, 2)): [15334, 2082, 774, 508, 185, 51, 18, 11, 1, 1]
(2, (1, 0, 1), (1, 0)): [33466, 7266, 3351, 2387, 881, 249, 91, 24, 3, 4, 0, 1]
(2, (1, 0, 1), (1, 1)): [30034, 5806, 2462, 1729, 619, 202, 71, 20, 6, 3, 1, 2, 1]
(2, (1, 0, 1), (1, 2)): [21260, 3059, 1292, 831, 306, 103, 37, 12, 4, 1, 0, 1]
(2, (1, 0, 1), (2, 0)): [11857, 2473, 1365, 913, 387, 109, 38, 13, 3]
(2, (1, 0, 1), (2, 1)): [15830, 3084, 1528, 999, 436, 129, 40, 14, 1, 2, 0, 1]
(2, (1, 0, 1), (2, 2)): [16501, 2468, 1204, 760, 290, 106, 40, 10, 4, 0, 0, 1]
(2, (1, 0, 1), (3, 0)): [3963, 752, 554, 338, 167, 49, 22, 4, 3]
(2, (1, 0, 1), (3, 1)): [6724, 1234, 801, 509, 287, 60, 31, 5, 4, 2]
(2, (1, 0, 1), (3, 2)): [9107, 1317, 939, 536, 271, 84, 27, 9, 5, 1]
(2, (1, 1, 0), (0, 0)): [378188, 56024, 28440, 20557, 6643, 2110, 711, 243, 73, 34, 12, 4, 2, 1]
(2, (1, 1, 0), (0, 1)): [81838, 10017, 4846, 3778, 1187, 336, 116, 45, 7, 6, 2, 2, 1]
(2, (1, 1, 0), (0, 2)): [34616, 3032, 1470, 1110, 360, 94, 33, 15, 2, 3]
(2, (1, 1, 0), (1, 0)): [70131, 10540, 5949, 4619, 1672, 490, 179, 54, 21, 7, 2, 1]
(2, (1, 1, 0), (1, 1)): [66721, 8692, 4552, 3501, 1121, 360, 101, 42, 11, 6, 3, 3, 1]
(2, (1, 1, 0), (1, 2)): [48979, 4660, 2421, 1778, 577, 175, 39, 21, 6, 1, 2, 2]
(2, (1, 1, 0), (2, 0)): [23938, 3702, 2375, 1771, 852, 225, 87, 25, 10, 4]
(2, (1, 1, 0), (2, 1)): [34791, 4723, 2829, 2137, 843, 232, 83, 30, 9, 5, 0, 0, 1]
(2, (1, 1, 0), (2, 2)): [38812, 4013, 2356, 1685, 643, 168, 56, 22, 12, 1, 2, 1]
(2, (1, 1, 0), (3, 0)): [7484, 1150, 974, 588, 401, 115, 39, 12, 6, 3]
(2, (1, 1, 0), (3, 1)): [14501, 2054, 1577, 1085, 578, 155, 55, 12, 6, 2, 0, 0, 1]
(2, (1, 1, 0), (3, 2)): [21471, 2468, 1940, 1222, 637, 143, 54, 18, 9, 1, 1]
(2, (1, 1, 1), (0, 0)): [112898, 16466, 18594, 9303, 7242, 2229, 753, 256, 86, 23, 10, 4, 1, 1]
(2, (1, 1, 1), (0, 1)): [27081, 2808, 3515, 1735, 1376, 422, 149, 44, 21, 6, 3, 0, 1]
(2, (1, 1, 1), (0, 2)): [12254, 910, 1081, 539, 400, 115, 51, 9, 4, 1, 2]
(2, (1, 1, 1), (1, 0)): [19752, 4438, 3700, 2027, 1712, 539, 179, 66, 19, 6, 1, 2]
(2, (1, 1, 1), (1, 1)): [20821, 2964, 3085, 1639, 1301, 410, 143, 44, 19, 6, 1, 0, 1]
(2, (1, 1, 1), (1, 2)): [16565, 1584, 1684, 855, 654, 230, 75, 18, 5, 4, 2]
(2, (1, 1, 1), (2, 0)): [5536, 2511, 1289, 827, 682, 233, 72, 32, 7, 3, 0, 2]
(2, (1, 1, 1), (2, 1)): [9361, 2393, 1711, 1061, 822, 279, 92, 28, 11, 2, 0, 0, 1]
(2, (1, 1, 1), (2, 2)): [11826, 1842, 1488, 877, 659, 236, 82, 21, 6, 4, 2]
(2, (1, 1, 1), (3, 0)): [961, 1524, 387, 341, 212, 112, 36, 19, 4, 3, 0, 1]
(2, (1, 1, 1), (3, 1)): [2687, 2010, 692, 579, 430, 162, 58, 16, 6, 3, 0, 1]
(2, (1, 1, 1), (3, 2)): [5079, 2072, 910, 767, 487, 207, 70, 20, 5, 3, 2]
