(0, (0, 0, 0)): [95158, 17796, 7770, 3445, 1543, 582, 229, 97, 30, 11, 14]
(0, (0, 0, 1)): [635, 1728, 473, 204, 95, 33, 19, 6, 1, 1, 2]
(0, (0, 1, 0)): [3219, 3102, 1115, 497, 246, 79, 34, 7, 4, 2, 3]
(0, (0, 1, 1)): [292, 452, 590, 277, 120, 54, 22, 8, 5, 3, 1]
(0, (1, 0, 0)): [21654, 7568, 4149, 2025, 910, 378, 141, 63, 21, 9, 9]
(0, (1, 0, 1)): [516, 1185, 612, 336, 198, 74, 38, 18, 8, 2, 3]
(0, (1, 1, 0)): [2781, 1805, 1463, 917, 490, 209, 79, 35, 8, 10, 5]
(0, (1, 1, 1)): [344, 521, 441, 386, 285, 135, 59, 28, 13, 10, 3]
(1, (0, 0, 0)): [74970, 7186, 2780, 1028, 417, 153, 48, 28, 5, 1, 2]
(1, (0, 0, 1)): [3129, 4551, 844, 336, 145, 48, 24, 10, 3, 1]
(1, (0, 1, 0)): [12397, 5778, 1841, 759, 285, 111, 36, 16, 5]
(1, (0, 1, 1)): [2050, 1665, 1734, 647, 249, 104, 33, 9, 4, 3, 1]
(1, (1, 0, 0)): [29772, 5678, 2900, 1200, 469, 193, 56, 28, 7, 2, 2]
(1, (1, 0, 1)): [2112, 2615, 1002, 563, 238, 73, 22, 13, 4, 1, 1]
(1, (1, 1, 0)): [7255, 2218, 1578, 972, 407, 152, 52, 19, 6, 1]
(1, (1, 1, 1)): [1455, 1148, 746, 565, 348, 150, 59, 25, 5, 2]
(2, (0, 0, 0)): [65402, 2340, 714, 212, 77, 17, 5, 3, 1, 0, 1]
(2, (0, 0, 1)): [8359, 2989, 431, 138, 41, 8, 4, 2]
(2, (0, 1, 0)): [20490, 4495, 1021, 303, 79, 28, 11, 7]
(2, (0, 1, 1)): [5019, 513, 1126, 256, 95, 25, 7, 1]
(2, (1, 0, 0)): [36071, 2675, 1193, 378, 117, 36, 12, 5, 1, 0, 1]
(2, (1, 0, 1)): [5367, 1509, 691, 251, 91, 20, 6, 2]
(2, (1, 1, 0)): [10879, 1505, 906, 488, 118, 41, 11, 5, 2, 1, 1]
(2, (1, 1, 1)): [3369, 540, 523, 281, 176, 50, 21, 5, 2, 2, 1]
