(0, (0, 0, 0)): [15245, 2892, 1286, 561, 232, 112, 47, 13, 8, 0, 2, 1, 1]
(0, (0, 0, 1)): [47, 171, 39, 15, 8, 4, 2, 2]
(0, (0, 1, 0)): [465, 459, 152, 82, 34, 13, 7, 3, 0, 0, 1, 1, 1]
(0, (0, 1, 1)): [56, 76, 91, 34, 27, 11, 2, 2, 1]
(0, (1, 0, 0)): [3398, 1083, 668, 312, 140, 67, 31, 6, 6, 0, 1, 1]
(0, (1, 0, 1)): [65, 262, 87, 66, 22, 12, 10, 6]
(0, (1, 1, 0)): [531, 306, 262, 148, 75, 51, 21, 5, 5, 0, 0, 1]
(0, (1, 1, 1)): [41, 84, 77, 55, 46, 28, 10, 5, 0, 1, 1, 1]
(1, (0, 0, 0)): [12130, 1224, 497, 182, 63, 31, 8, 3, 2]
(1, (0, 0, 1)): [283, 423, 82, 23, 12, 6, 3, 1, 1, 0, 1]
(1, (0, 1, 0)): [1522, 723, 231, 87, 26, 11, 5, 1, 0, 0, 0, 1]
(1, (0, 1, 1)): [310, 242, 217, 85, 27, 13, 5, 0, 2]
(1, (1, 0, 0)): [4796, 824, 505, 211, 76, 31, 11, 2, 2, 0, 1]
(1, (1, 0, 1)): [338, 469, 144, 72, 29, 14, 6, 1, 0, 0, 2]
(1, (1, 1, 0)): [1333, 383, 282, 173, 75, 33, 11, 1, 1]
(1, (1, 1, 1)): [285, 230, 148, 105, 66, 30, 11, 2, 1]
(2, (0, 0, 0)): [10344, 410, 132, 41, 15, 5, 1, 1, 1]
(2, (0, 0, 1)): [825, 252, 45, 6, 7, 2, 0, 0, 1, 0, 0, 1]
(2, (0, 1, 0)): [2495, 555, 132, 41, 15, 5]
(2, (0, 1, 1)): [557, 45, 138, 24, 15, 0, 1, 1]
(2, (1, 0, 0)): [5792, 425, 230, 78, 23, 5, 1, 2, 0, 0, 1]
(2, (1, 0, 1)): [861, 206, 84, 42, 8, 4, 0, 0, 1]
(2, (1, 1, 0)): [2438, 392, 178, 115, 33, 9, 0, 2, 0, 0, 1]
(2, (1, 1, 1)): [678, 99, 111, 66, 32, 7, 2, 1, 0, 0, 1]
