(0, (0, 0, 0), (0, 0)): [2411895, 493245, 226425, 103710, 46573, 19856, 8279, 3331, 1369, 590, 262, 121, 44, 23, 6, 1, 1, 1]
(0, (0, 0, 0), (0, 1)): [480546, 93050, 42256, 19594, 8672, 3711, 1529, 555, 251, 104, 49, 23, 7, 5, 1, 1]
(0, (0, 0, 0), (0, 2)): [187325, 32116, 14312, 6503, 2815, 1191, 489, 168, 81, 33, 8, 4, 4, 1, 1]
(0, (0, 0, 0), (1, 0)): [388504, 87348, 41255, 19301, 9046, 3799, 1657, 682, 262, 106, 53, 21, 6, 6, 2, 0, 1]
(0, (0, 0, 0), (1, 1)): [394681, 80286, 37214, 17297, 7780, 3315, 1394, 540, 233, 84, 52, 21, 4, 6, 0, 1, 1]
(0, (0, 0, 0), (1, 2)): [278394, 49433, 22515, 10130, 4487, 1882, 810, 306, 136, 45, 16, 8, 5, 2, 1]
(0, (0, 0, 0), (2, 0)): [123478, 30682, 15568, 7391, 3615, 1473, 653, 285, 101, 49, 23, 9, 2, 3, 1]
(0, (0, 0, 0), (2, 1)): [199102, 44553, 21717, 10176, 4750, 2010, 816, 358, 145, 57, 31, 14, 3, 4, 0, 0, 1]
(0, (0, 0, 0), (2, 2)): [218900, 42554, 20075, 9249, 4127, 1696, 733, 275, 138, 43, 19, 6, 5, 2, 1, 0, 1]
(0, (0, 0, 0), (3, 0)): [35498, 9931, 5861, 2961, 1471, 598, 270, 118, 43, 25, 12, 4, 0, 2, 1]
(0, (0, 0, 0), (3, 1)): [75267, 19593, 10535, 5185, 2504, 1088, 437, 214, 87, 35, 12, 11, 2, 4, 1]
(0, (0, 0, 0), (3, 2)): [114529, 25957, 13647, 6375, 3006, 1263, 524, 228, 103, 40, 13, 11, 4, 2, 1, 0, 1]
(0, (0, 0, 1), (0, 0)): [8737, 27242, 7471, 3647, 1743, 754, 335, 135, 56, 33, 20, 4, 4, 3]
(0, (0, 0, 1), (0, 1)): [1224, 3812, 1033, 493, 229, 108, 41, 17, 10, 5, 4, 1, 0, 1]
(0, (0, 0, 1), (0, 2)): [559, 1431, 365, 171, 75, 41, 16, 6, 7, 0, 1]
(0, (0, 0, 1), (1, 0)): [1166, 4073, 1162, 639, 321, 140, 63, 21, 9, 5, 7]
(0, (0, 0, 1), (1, 1)): [1097, 3480, 931, 476, 250, 112, 42, 13, 5, 9, 3, 1, 0, 1]
(0, (0, 0, 1), (1, 2)): [883, 2235, 577, 282, 126, 67, 23, 9, 4, 4, 2]
(0, (0, 0, 1), (2, 0)): [429, 1487, 466, 282, 128, 59, 26, 12, 5, 1, 5]
(0, (0, 0, 1), (2, 1)): [587, 1980, 573, 335, 164, 70, 34, 11, 6, 5, 2, 1]
(0, (0, 0, 1), (2, 2)): [786, 2040, 547, 277, 143, 67, 24, 7, 3, 4, 2]
(0, (0, 0, 1), (3, 0)): [138, 505, 148, 114, 51, 24, 9, 3, 1, 0, 3]
(0, (0, 0, 1), (3, 1)): [242, 860, 251, 202, 88, 36, 20, 4, 3, 3, 0, 1]
(0, (0, 0, 1), (3, 2)): [437, 1240, 340, 238, 122, 48, 20, 4, 3, 3, 1]
(0, (0, 1, 0), (0, 0)): [89674, 83891, 33067, 16423, 7782, 3368, 1455, 590, 249, 127, 46, 19, 9, 6, 3, 0, 1]
(0, (0, 1, 0), (0, 1)): [17444, 15234, 6062, 2939, 1353, 581, 275, 103, 42, 21, 7, 4, 3, 1, 1]
(0, (0, 1, 0), (0, 2)): [7196, 5340, 2134, 992, 464, 208, 99, 38, 16, 5, 0, 1, 2]
(0, (0, 1, 0), (1, 0)): [16329, 15455, 6554, 3511, 1655, 755, 315, 133, 56, 19, 10, 5, 2, 2, 1, 0, 1]
(0, (0, 1, 0), (1, 1)): [14902, 12988, 5371, 2753, 1272, 542, 247, 99, 32, 22, 10, 4, 1, 2, 1]
(0, (0, 1, 0), (1, 2)): [10562, 8109, 3359, 1648, 731, 318, 133, 69, 20, 9, 3, 3, 2, 0, 1]
(0, (0, 1, 0), (2, 0)): [5916, 5523, 2504, 1423, 672, 337, 128, 60, 24, 5, 2, 4, 2, 1, 0, 0, 1]
(0, (0, 1, 0), (2, 1)): [8067, 7220, 3126, 1638, 799, 362, 172, 56, 24, 16, 5, 3, 1, 1, 0, 0, 1]
(0, (0, 1, 0), (2, 2)): [8881, 6925, 3010, 1451, 684, 295, 137, 52, 21, 9, 4, 3, 1, 0, 1, 0, 1]
(0, (0, 1, 0), (3, 0)): [2039, 1644, 863, 587, 275, 148, 58, 31, 11, 2, 0, 1, 1]
(0, (0, 1, 0), (3, 1)): [3568, 2970, 1436, 949, 442, 204, 84, 40, 8, 5, 2, 2, 0, 1]
(0, (0, 1, 0), (3, 2)): [5227, 3998, 1906, 1070, 513, 241, 120, 41, 9, 9, 2, 1, 0, 0, 1, 0, 1]
(0, (0, 1, 1), (0, 0)): [7087, 12474, 14803, 6901, 3619, 1747, 750, 327, 164, 72, 22, 15, 4, 4, 2, 0, 1, 1]
(0, (0, 1, 1), (0, 1)): [1343, 2262, 2523, 1140, 607, 286, 134, 51, 23, 11, 4, 3, 1, 0, 0, 0, 1]
(0, (0, 1, 1), (0, 2)): [644, 873, 930, 424, 225, 110, 48, 23, 5, 4, 1, 1]
(0, (0, 1, 1), (1, 0)): [1255, 2343, 2781, 1402, 728, 389, 153, 67, 38, 13, 6, 6, 1, 1, 1]
(0, (0, 1, 1), (1, 1)): [1093, 1948, 2253, 1025, 543, 253, 115, 39, 20, 8, 6, 3, 2, 0, 0, 0, 1]
(0, (0, 1, 1), (1, 2)): [907, 1271, 1400, 611, 362, 166, 65, 26, 13, 2, 2, 3, 1, 0, 0, 0, 1]
(0, (0, 1, 1), (2, 0)): [510, 1007, 1040, 584, 339, 202, 69, 32, 24, 8, 2, 2, 0, 1, 1]
(0, (0, 1, 1), (2, 1)): [558, 1063, 1221, 602, 276, 158, 63, 31, 13, 9, 4, 1, 1, 0, 1]
(0, (0, 1, 1), (2, 2)): [709, 1104, 1194, 551, 296, 143, 53, 24, 12, 7, 2, 3, 1, 0, 0, 0, 1]
(0, (0, 1, 1), (3, 0)): [270, 477, 446, 290, 195, 102, 36, 10, 16, 2, 1, 2, 0, 1]
(0, (0, 1, 1), (3, 1)): [227, 428, 493, 269, 166, 93, 36, 16, 13, 4, 1, 1, 0, 0, 1]
(0, (0, 1, 1), (3, 2)): [406, 611, 671, 371, 188, 109, 45, 22, 13, 4, 3, 0, 1, 0, 0, 0, 1]
(0, (1, 0, 0), (0, 0)): [503509, 166082, 108317, 54004, 25902, 11529, 4839, 2057, 873, 378, 180, 71, 27, 17, 4, 1, 1, 1]
(0, (1, 0, 0), (0, 1)): [89684, 26190, 18019, 8904, 4233, 1846, 790, 304, 151, 57, 28, 12, 1, 3]
(0, (1, 0, 0), (0, 2)): [34967, 8852, 6156, 2869, 1329, 573, 263, 103, 45, 21, 11, 3]
(0, (1, 0, 0), (1, 0)): [75427, 26208, 18568, 9750, 4809, 2143, 892, 387, 157, 75, 41, 12, 3, 6, 2, 0, 1]
(0, (1, 0, 0), (1, 1)): [67573, 20954, 14691, 7527, 3547, 1629, 674, 272, 121, 48, 24, 11, 1, 4, 1]
(0, (1, 0, 0), (1, 2)): [45588, 12239, 8584, 4242, 1953, 860, 375, 150, 73, 23, 8, 5, 0, 0, 1]
(0, (1, 0, 0), (2, 0)): [23413, 8903, 6610, 3665, 1879, 839, 347, 151, 52, 39, 21, 3, 3, 3, 0, 0, 1]
(0, (1, 0, 0), (2, 1)): [32417, 10946, 7871, 4174, 2039, 948, 378, 167, 73, 40, 20, 7, 0, 6, 0, 0, 1]
(0, (1, 0, 0), (2, 2)): [33027, 9652, 6844, 3387, 1641, 689, 329, 128, 63, 27, 13, 4, 0, 3]
(0, (1, 0, 0), (3, 0)): [6014, 2799, 2145, 1440, 741, 331, 143, 53, 22, 17, 8, 1, 2]
(0, (1, 0, 0), (3, 1)): [11587, 4666, 3459, 2134, 1051, 517, 206, 93, 37, 19, 12, 3, 2, 2]
(0, (1, 0, 0), (3, 2)): [15563, 5689, 3976, 2256, 1102, 479, 227, 96, 46, 19, 10, 4, 0, 1]
(0, (1, 0, 1), (0, 0)): [11736, 35766, 14561, 10433, 5466, 2547, 1196, 492, 240, 100, 53, 20, 11, 3, 2, 0, 0, 1]
(0, (1, 0, 1), (0, 1)): [2090, 5577, 2283, 1714, 842, 407, 182, 69, 38, 15, 7, 1, 4, 1]
(0, (1, 0, 1), (0, 2)): [987, 2036, 819, 603, 283, 136, 61, 23, 12, 1, 2, 1, 2, 1]
(0, (1, 0, 1), (1, 0)): [1736, 5734, 2323, 1755, 957, 471, 202, 90, 48, 25, 15, 2, 1, 1, 1]
(0, (1, 0, 1), (1, 1)): [1609, 4428, 1869, 1348, 699, 312, 141, 65, 39, 17, 8, 1, 1]
(0, (1, 0, 1), (1, 2)): [1318, 2696, 1136, 781, 407, 175, 75, 36, 20, 5, 2, 1, 2]
(0, (1, 0, 1), (2, 0)): [571, 1928, 785, 629, 355, 197, 78, 33, 18, 13, 5, 1]
(0, (1, 0, 1), (2, 1)): [748, 2255, 970, 717, 371, 202, 83, 33, 22, 16, 6]
(0, (1, 0, 1), (2, 2)): [968, 2063, 907, 640, 328, 158, 72, 37, 11, 10, 3]
(0, (1, 0, 1), (3, 0)): [188, 586, 271, 183, 133, 82, 29, 12, 8, 3, 1, 1]
(0, (1, 0, 1), (3, 1)): [296, 789, 413, 302, 194, 102, 39, 18, 15, 9, 3]
(0, (1, 0, 1), (3, 2)): [472, 1047, 545, 358, 232, 119, 51, 23, 14, 11, 5]
(0, (1, 1, 0), (0, 0)): [72204, 45332, 33451, 24515, 13032, 6079, 2617, 1204, 504, 230, 107, 43, 14, 6, 1, 0, 1]
(0, (1, 1, 0), (0, 1)): [14307, 7784, 5284, 4104, 2218, 967, 465, 192, 77, 27, 16, 10, 1, 1, 1, 0, 1]
(0, (1, 1, 0), (0, 2)): [5996, 2779, 1827, 1438, 757, 339, 146, 78, 30, 13, 5, 1]
(0, (1, 1, 0), (1, 0)): [11122, 7174, 5320, 4240, 2223, 1088, 467, 208, 91, 39, 20, 7, 3, 3]
(0, (1, 1, 0), (1, 1)): [10531, 6008, 4296, 3401, 1744, 798, 365, 150, 48, 22, 18, 4, 2, 2, 1, 0, 1]
(0, (1, 1, 0), (1, 2)): [7816, 3710, 2557, 2090, 1042, 454, 201, 89, 36, 19, 5, 3, 0, 1, 0, 0, 1]
(0, (1, 1, 0), (2, 0)): [3251, 2393, 1802, 1443, 857, 442, 192, 88, 42, 14, 6, 5, 0, 1]
(0, (1, 1, 0), (2, 1)): [4847, 3029, 2256, 1788, 996, 455, 215, 89, 42, 12, 12, 5, 2, 0, 1]
(0, (1, 1, 0), (2, 2)): [5528, 2913, 2064, 1640, 862, 388, 175, 85, 33, 18, 7, 2, 0, 0, 0, 0, 1]
(0, (1, 1, 0), (3, 0)): [733, 775, 624, 482, 332, 173, 75, 33, 14, 6, 2, 2, 0, 1]
(0, (1, 1, 0), (3, 1)): [1645, 1277, 990, 813, 534, 277, 123, 45, 23, 8, 5, 2, 2, 0, 1]
(0, (1, 1, 0), (3, 2)): [2572, 1645, 1264, 1017, 619, 300, 123, 66, 23, 11, 6, 0, 0, 0, 0, 0, 1]
(0, (1, 1, 1), (0, 0)): [6949, 13611, 10886, 7912, 6489, 3237, 1506, 712, 344, 143, 69, 26, 8, 4, 1, 0, 1]
(0, (1, 1, 1), (0, 1)): [1508, 2601, 2001, 1339, 1140, 575, 249, 121, 67, 24, 9, 5, 3, 1]
(0, (1, 1, 1), (0, 2)): [805, 1020, 731, 491, 415, 203, 79, 41, 22, 8, 6, 2, 1]
(0, (1, 1, 1), (1, 0)): [984, 2279, 1835, 1304, 1097, 597, 265, 102, 61, 27, 11, 5, 0, 1, 0, 0, 1]
(0, (1, 1, 1), (1, 1)): [1002, 2033, 1567, 1051, 906, 493, 219, 104, 53, 20, 6, 4, 1, 1, 0, 0, 1]
(0, (1, 1, 1), (1, 2)): [939, 1394, 1032, 671, 580, 269, 116, 59, 28, 12, 5, 4, 0, 1, 0, 0, 1]
(0, (1, 1, 1), (2, 0)): [274, 669, 619, 468, 403, 220, 89, 38, 18, 13, 5, 2, 0, 1]
(0, (1, 1, 1), (2, 1)): [443, 931, 797, 554, 456, 277, 113, 55, 36, 13, 4, 0, 1]
(0, (1, 1, 1), (2, 2)): [598, 1027, 795, 539, 444, 239, 100, 55, 27, 14, 3, 2, 1]
(0, (1, 1, 1), (3, 0)): [51, 174, 165, 165, 124, 79, 40, 18, 5, 5, 3, 1, 0, 1]
(0, (1, 1, 1), (3, 1)): [127, 322, 316, 238, 208, 120, 60, 22, 13, 7, 2, 1, 0, 1]
(0, (1, 1, 1), (3, 2)): [228, 493, 438, 325, 287, 151, 86, 32, 19, 8, 2, 1, 1, 1]
(1, (0, 0, 0), (0, 0)): [1972205, 220593, 89943, 35720, 14010, 5336, 2064, 732, 263, 105, 38, 23, 8, 3, 0, 1]
(1, (0, 0, 0), (0, 1)): [395749, 41336, 16670, 6606, 2628, 964, 364, 134, 42, 14, 5, 5, 1, 1]
(1, (0, 0, 0), (0, 2)): [155922, 13717, 5556, 2053, 819, 299, 97, 36, 6, 5, 1, 3]
(1, (0, 0, 0), (1, 0)): [332140, 42334, 17680, 7139, 2889, 1102, 424, 130, 53, 23, 6, 3, 0, 0, 0, 1]
(1, (0, 0, 0), (1, 1)): [331903, 37409, 15169, 6069, 2453, 868, 377, 123, 42, 13, 7, 2, 1, 1]
(1, (0, 0, 0), (1, 2)): [232173, 21959, 8804, 3419, 1384, 490, 189, 54, 19, 8, 2, 2, 1]
(1, (0, 0, 0), (2, 0)): [109687, 15719, 7097, 2984, 1201, 474, 175, 57, 23, 14, 2, 2, 0, 0, 0, 1]
(1, (0, 0, 0), (2, 1)): [172223, 21760, 9316, 3748, 1569, 583, 203, 82, 19, 17, 6, 2]
(1, (0, 0, 0), (2, 2)): [187798, 19776, 8292, 3328, 1326, 482, 167, 64, 22, 8, 2, 1]
(1, (0, 0, 0), (3, 0)): [32162, 5148, 2878, 1269, 479, 210, 96, 24, 16, 6, 1, 1, 0, 0, 0, 1]
(1, (0, 0, 0), (3, 1)): [67937, 10155, 5059, 2153, 895, 354, 121, 45, 14, 7, 3]
(1, (0, 0, 0), (3, 2)): [102012, 12877, 6258, 2535, 1077, 389, 132, 55, 14, 8, 4]
(1, (0, 0, 1), (0, 0)): [53266, 76538, 15264, 6725, 2738, 1119, 435, 156, 74, 26, 15, 9, 4, 2]
(1, (0, 0, 1), (0, 1)): [9244, 11302, 2287, 961, 344, 154, 75, 19, 4, 1, 3, 1]
(1, (0, 0, 1), (0, 2)): [4112, 3775, 724, 291, 112, 48, 22, 3, 3, 0, 1, 1]
(1, (0, 0, 1), (1, 0)): [9469, 13968, 2954, 1490, 596, 254, 85, 30, 22, 5, 2, 1]
(1, (0, 0, 1), (1, 1)): [8355, 10601, 2190, 994, 372, 151, 63, 19, 7, 3, 1, 1]
(1, (0, 0, 1), (1, 2)): [6376, 6030, 1226, 528, 205, 85, 40, 7, 5, 1, 1, 2]
(1, (0, 0, 1), (2, 0)): [3929, 5682, 1308, 763, 305, 134, 49, 18, 12, 3, 1]
(1, (0, 0, 1), (2, 1)): [4730, 6258, 1348, 689, 262, 110, 34, 19, 7, 2, 1]
(1, (0, 0, 1), (2, 2)): [5541, 5507, 1189, 561, 195, 78, 40, 11, 3, 1, 2, 2]
(1, (0, 0, 1), (3, 0)): [1838, 2296, 599, 424, 169, 80, 27, 8, 4, 1, 1]
(1, (0, 0, 1), (3, 1)): [2099, 2731, 690, 382, 154, 75, 22, 12, 4, 2]
(1, (0, 0, 1), (3, 2)): [3323, 3405, 841, 446, 166, 77, 36, 12, 3, 0, 1]
(1, (0, 1, 0), (0, 0)): [266346, 115030, 42679, 18525, 7486, 3009, 1061, 454, 142, 67, 34, 10, 10, 2, 1]
(1, (0, 1, 0), (0, 1)): [47815, 18439, 6954, 2858, 1174, 493, 167, 79, 18, 11, 6, 1, 1]
(1, (0, 1, 0), (0, 2)): [19146, 6501, 2353, 882, 367, 163, 51, 24, 7, 4, 1, 1, 1]
(1, (0, 1, 0), (1, 0)): [49502, 20765, 8372, 4163, 1677, 678, 252, 97, 43, 16, 8, 0, 0, 1]
(1, (0, 1, 0), (1, 1)): [42648, 16645, 6518, 2926, 1183, 469, 181, 63, 21, 6, 6, 0, 0, 1]
(1, (0, 1, 0), (1, 2)): [29390, 10162, 3757, 1563, 604, 248, 90, 43, 13, 7, 1, 1]
(1, (0, 1, 0), (2, 0)): [20440, 8312, 3627, 2090, 883, 352, 123, 59, 23, 11, 6]
(1, (0, 1, 0), (2, 1)): [24426, 9617, 4080, 1983, 854, 327, 126, 44, 16, 7, 5, 0, 0, 1]
(1, (0, 1, 0), (2, 2)): [25398, 8851, 3535, 1558, 628, 263, 91, 33, 11, 6, 3]
(1, (0, 1, 0), (3, 0)): [9033, 3353, 1567, 1135, 492, 196, 72, 32, 11, 6, 2]
(1, (0, 1, 0), (3, 1)): [11329, 4221, 2033, 1226, 537, 188, 86, 39, 16, 6, 3, 0, 0, 1]
(1, (0, 1, 0), (3, 2)): [15485, 5397, 2474, 1292, 567, 200, 84, 32, 9, 7, 3, 0, 0, 1]
(1, (0, 1, 1), (0, 0)): [41334, 34893, 30187, 12300, 6321, 2509, 1016, 404, 170, 58, 20, 10, 3, 2, 0, 1]
(1, (0, 1, 1), (0, 1)): [6582, 4977, 4229, 1690, 780, 283, 137, 64, 16, 2, 5, 1]
(1, (0, 1, 1), (0, 2)): [3144, 1592, 1498, 607, 279, 87, 48, 26, 3, 1, 4]
(1, (0, 1, 1), (1, 0)): [8113, 7322, 5546, 2503, 1506, 622, 256, 98, 36, 17, 2, 2, 1]
(1, (0, 1, 1), (1, 1)): [5619, 4524, 3732, 1518, 751, 273, 117, 49, 17, 6, 0, 2]
(1, (0, 1, 1), (1, 2)): [4615, 2580, 2301, 897, 455, 153, 71, 33, 7, 4, 3, 1]
(1, (0, 1, 1), (2, 0)): [4435, 3843, 2767, 1387, 977, 427, 178, 67, 26, 10, 2, 1]
(1, (0, 1, 1), (2, 1)): [3035, 2568, 2111, 932, 469, 196, 84, 24, 10, 3]
(1, (0, 1, 1), (2, 2)): [3849, 2263, 2000, 827, 413, 140, 61, 20, 6, 2, 2, 1]
(1, (0, 1, 1), (3, 0)): [3154, 2519, 1654, 950, 792, 342, 138, 58, 22, 7, 2, 1]
(1, (0, 1, 1), (3, 1)): [1287, 1149, 912, 433, 263, 140, 50, 22, 9, 3]
(1, (0, 1, 1), (3, 2)): [2153, 1453, 1145, 553, 334, 122, 47, 20, 7, 3, 1, 1]
(1, (1, 0, 0), (0, 0)): [732413, 128572, 85100, 36295, 14834, 5892, 2313, 839, 328, 140, 51, 32, 7, 3, 0, 2]
(1, (1, 0, 0), (0, 1)): [131256, 20345, 14046, 6003, 2367, 940, 369, 140, 42, 18, 9, 4, 1]
(1, (1, 0, 0), (0, 2)): [50633, 6775, 4543, 1874, 723, 323, 120, 39, 11, 5, 4]
(1, (1, 0, 0), (1, 0)): [118450, 22096, 15769, 7062, 2951, 1187, 488, 171, 53, 29, 9, 4, 2, 0, 0, 1]
(1, (1, 0, 0), (1, 1)): [104333, 17325, 12169, 5336, 2130, 818, 342, 125, 38, 18, 7, 6, 1, 0, 0, 1]
(1, (1, 0, 0), (1, 2)): [69608, 10012, 6881, 2908, 1126, 431, 177, 66, 20, 7, 6, 1]
(1, (1, 0, 0), (2, 0)): [38514, 7836, 5838, 2864, 1229, 493, 208, 70, 29, 10, 3, 0, 1]
(1, (1, 0, 0), (2, 1)): [51911, 9448, 6779, 3268, 1297, 528, 212, 73, 24, 9, 5, 4, 1, 0, 0, 1]
(1, (1, 0, 0), (2, 2)): [52353, 8224, 5655, 2575, 1026, 407, 157, 59, 15, 6, 3, 1, 1]
(1, (1, 0, 0), (3, 0)): [10821, 2569, 1851, 1115, 509, 200, 91, 25, 11, 5, 1, 0, 1]
(1, (1, 0, 0), (3, 1)): [19859, 4343, 3016, 1760, 721, 279, 137, 33, 17, 5, 3, 1, 0, 0, 0, 1]
(1, (1, 0, 0), (3, 2)): [26111, 5202, 3426, 1843, 716, 290, 128, 37, 18, 7, 4, 2, 1, 0, 0, 1]
(1, (1, 0, 1), (0, 0)): [59582, 67329, 21665, 14851, 6427, 2658, 1030, 407, 145, 78, 23, 10, 2, 1]
(1, (1, 0, 1), (0, 1)): [11274, 10159, 3223, 2290, 976, 407, 143, 53, 27, 9, 3, 1, 2]
(1, (1, 0, 1), (0, 2)): [5029, 3358, 1102, 801, 337, 132, 60, 26, 9, 4, 2, 0, 1]
(1, (1, 0, 1), (1, 0)): [9669, 10761, 3608, 2639, 1227, 517, 195, 85, 26, 18, 1, 3]
(1, (1, 0, 1), (1, 1)): [8674, 8319, 2736, 1943, 800, 359, 123, 39, 16, 7, 1, 3, 1]
(1, (1, 0, 1), (1, 2)): [6466, 4711, 1610, 1132, 448, 196, 74, 35, 9, 4, 3]
(1, (1, 0, 1), (2, 0)): [3304, 3562, 1291, 966, 508, 213, 80, 40, 9, 8, 0, 1]
(1, (1, 0, 1), (2, 1)): [4328, 4186, 1422, 1052, 507, 202, 71, 23, 13, 7, 0, 3]
(1, (1, 0, 1), (2, 2)): [4789, 3601, 1315, 907, 422, 158, 66, 23, 11, 4, 1]
(1, (1, 0, 1), (3, 0)): [1079, 1155, 453, 341, 204, 100, 33, 12, 1, 4]
(1, (1, 0, 1), (3, 1)): [1599, 1616, 651, 479, 255, 123, 32, 17, 2, 4, 0, 2]
(1, (1, 0, 1), (3, 2)): [2356, 2033, 827, 562, 321, 124, 43, 17, 8, 4, 0, 2]
(1, (1, 1, 0), (0, 0)): [206018, 61809, 41166, 30267, 12714, 5287, 2060, 819, 318, 130, 49, 25, 10, 5, 1]
(1, (1, 1, 0), (0, 1)): [40024, 10395, 6598, 5123, 2132, 892, 320, 135, 60, 20, 10, 4, 1]
(1, (1, 1, 0), (0, 2)): [16433, 3759, 2244, 1771, 718, 284, 90, 44, 17, 4, 3]
(1, (1, 1, 0), (1, 0)): [33670, 10811, 7228, 5641, 2450, 1012, 440, 159, 41, 28, 12, 4, 2, 1]
(1, (1, 1, 0), (1, 1)): [31332, 8757, 5846, 4496, 1891, 776, 292, 127, 45, 24, 10, 4, 1]
(1, (1, 1, 0), (1, 2)): [22359, 5394, 3361, 2611, 1078, 401, 135, 69, 27, 6, 7, 2, 1]
(1, (1, 1, 0), (2, 0)): [10738, 4006, 2533, 2019, 1019, 437, 201, 63, 19, 13, 7, 2, 2, 1]
(1, (1, 1, 0), (2, 1)): [15442, 4850, 3275, 2511, 1166, 506, 210, 68, 28, 14, 7, 2, 1]
(1, (1, 1, 0), (2, 2)): [16887, 4477, 2857, 2194, 1001, 411, 147, 60, 25, 9, 3, 2, 1]
(1, (1, 1, 0), (3, 0)): [2733, 1438, 920, 629, 411, 176, 81, 34, 4, 6, 1, 2, 1]
(1, (1, 1, 0), (3, 1)): [5598, 2373, 1600, 1187, 648, 286, 119, 40, 13, 9, 4, 2, 1]
(1, (1, 1, 0), (3, 2)): [8380, 2835, 1919, 1428, 752, 300, 106, 42, 20, 10, 2, 1, 1]
(1, (1, 1, 1), (0, 0)): [42111, 33717, 21045, 13714, 10529, 4497, 1835, 692, 281, 102, 34, 22, 9, 4, 1, 1]
(1, (1, 1, 1), (0, 1)): [8801, 5938, 3585, 2293, 1843, 752, 309, 110, 50, 16, 5, 1, 0, 1]
(1, (1, 1, 1), (0, 2)): [4242, 2081, 1294, 838, 634, 242, 100, 29, 11, 9, 2, 0, 0, 1]
(1, (1, 1, 1), (1, 0)): [6357, 5786, 3508, 2258, 1956, 860, 391, 138, 51, 18, 7, 7, 2]
(1, (1, 1, 1), (1, 1)): [6372, 4811, 2957, 1897, 1527, 649, 297, 104, 44, 10, 4, 3]
(1, (1, 1, 1), (1, 2)): [5213, 2851, 1855, 1181, 895, 387, 165, 56, 23, 9, 2, 3, 0, 1]
(1, (1, 1, 1), (2, 0)): [1655, 1952, 1229, 770, 715, 346, 160, 60, 19, 9, 3, 3, 1]
(1, (1, 1, 1), (2, 1)): [2751, 2562, 1541, 988, 832, 380, 171, 58, 26, 7, 3, 2]
(1, (1, 1, 1), (2, 2)): [3542, 2339, 1506, 956, 765, 335, 153, 51, 21, 11, 1, 3, 0, 1]
(1, (1, 1, 1), (3, 0)): [279, 601, 430, 256, 207, 124, 60, 25, 6, 3, 0, 1, 1]
(1, (1, 1, 1), (3, 1)): [713, 1101, 706, 442, 374, 199, 75, 33, 16, 2, 2, 1, 1]
(1, (1, 1, 1), (3, 2)): [1354, 1383, 919, 568, 469, 245, 103, 37, 16, 4, 2, 1, 0, 1]
(2, (0, 0, 0), (0, 0)): [1723209, 81728, 27034, 8652, 2892, 907, 312, 104, 21, 8, 5, 0, 1]
(2, (0, 0, 0), (0, 1)): [342472, 14233, 4749, 1534, 553, 160, 53, 16, 4]
(2, (0, 0, 0), (0, 2)): [133571, 3907, 1358, 426, 164, 42, 4, 7, 1]
(2, (0, 0, 0), (1, 0)): [301316, 17650, 5980, 1899, 654, 177, 74, 19, 7, 0, 0, 0, 1]
(2, (0, 0, 0), (1, 1)): [294844, 14013, 4754, 1502, 544, 166, 66, 13, 5]
(2, (0, 0, 0), (1, 2)): [201984, 6821, 2377, 788, 274, 82, 27, 8, 1]
(2, (0, 0, 0), (2, 0)): [104683, 6926, 2803, 852, 297, 75, 29, 7, 3, 0, 0, 0, 1]
(2, (0, 0, 0), (2, 1)): [159571, 8921, 3382, 994, 350, 103, 44, 10, 5]
(2, (0, 0, 0), (2, 2)): [169994, 6944, 2619, 823, 274, 85, 29, 7, 1]
(2, (0, 0, 0), (3, 0)): [32453, 2309, 1268, 393, 138, 38, 11, 4, 0, 0, 0, 0, 1]
(2, (0, 0, 0), (3, 1)): [66511, 4463, 2134, 664, 215, 63, 21, 7, 3]
(2, (0, 0, 0), (3, 2)): [98267, 5188, 2408, 739, 243, 82, 25, 7, 2]
(2, (0, 0, 1), (0, 0)): [162476, 47459, 9989, 3452, 1210, 420, 119, 42, 9, 6, 0, 2]
(2, (0, 0, 1), (0, 1)): [29526, 6938, 1522, 511, 169, 72, 14, 5, 1, 3]
(2, (0, 0, 1), (0, 2)): [11989, 2133, 452, 150, 51, 21, 4, 0, 0, 1]
(2, (0, 0, 1), (1, 0)): [32329, 8820, 2209, 871, 319, 100, 35, 15, 3, 1, 0, 1]
(2, (0, 0, 1), (1, 1)): [27295, 6687, 1495, 575, 193, 69, 14, 8, 1, 2]
(2, (0, 0, 1), (1, 2)): [19042, 3572, 747, 267, 106, 37, 8, 3, 0, 2]
(2, (0, 0, 1), (2, 0)): [14072, 3679, 1074, 492, 185, 58, 20, 8, 2, 1, 0, 1]
(2, (0, 0, 1), (2, 1)): [16334, 4167, 1084, 449, 157, 41, 14, 9, 0, 2]
(2, (0, 0, 1), (2, 2)): [17279, 3520, 839, 313, 114, 40, 8, 4]
(2, (0, 0, 1), (3, 0)): [6664, 1494, 531, 309, 105, 40, 12, 1, 2, 0, 0, 1]
(2, (0, 0, 1), (3, 1)): [7702, 1940, 617, 334, 106, 28, 12, 5, 0, 1]
(2, (0, 0, 1), (3, 2)): [10946, 2437, 680, 329, 112, 30, 11, 3, 0, 1]
(2, (0, 1, 0), (0, 0)): [427469, 87840, 24736, 8818, 2958, 945, 300, 88, 22, 13, 7, 0, 1]
(2, (0, 1, 0), (0, 1)): [76905, 13224, 3731, 1208, 454, 126, 39, 9, 6, 3, 1]
(2, (0, 1, 0), (0, 2)): [31089, 3962, 1124, 335, 118, 26, 10, 2, 3, 1]
(2, (0, 1, 0), (1, 0)): [84628, 16584, 5595, 2364, 765, 237, 84, 27, 1, 2, 0, 0, 1]
(2, (0, 1, 0), (1, 1)): [70348, 12646, 3810, 1350, 490, 130, 53, 13, 3, 2, 1]
(2, (0, 1, 0), (1, 2)): [48758, 6714, 1907, 672, 229, 50, 27, 7, 1, 1]
(2, (0, 1, 0), (2, 0)): [37697, 7006, 2667, 1407, 466, 146, 43, 17, 1, 2, 0, 0, 1]
(2, (0, 1, 0), (2, 1)): [41373, 7729, 2570, 1029, 362, 105, 31, 7, 2, 2, 1, 0, 1]
(2, (0, 1, 0), (2, 2)): [43488, 6435, 1974, 771, 269, 72, 32, 9, 0, 2]
(2, (0, 1, 0), (3, 0)): [19057, 3006, 1328, 929, 294, 93, 30, 15, 1, 2]
(2, (0, 1, 0), (3, 1)): [19153, 3607, 1398, 733, 259, 73, 24, 6, 2, 1, 1, 0, 1]
(2, (0, 1, 0), (3, 2)): [27225, 4293, 1546, 810, 268, 71, 39, 8, 0, 1, 0, 0, 1]
(2, (0, 1, 1), (0, 0)): [99478, 8323, 20608, 6001, 2353, 788, 255, 81, 25, 7, 5, 1, 0, 1]
(2, (0, 1, 1), (0, 1)): [18276, 1169, 3049, 898, 311, 113, 33, 10, 1, 2]
(2, (0, 1, 1), (0, 2)): [7901, 393, 947, 278, 108, 33, 12, 2, 0, 2]
(2, (0, 1, 1), (1, 0)): [20416, 1911, 3892, 1429, 640, 229, 70, 23, 6, 0, 3]
(2, (0, 1, 1), (1, 1)): [16306, 1142, 2896, 920, 330, 131, 31, 12, 4, 0, 1]
(2, (0, 1, 1), (1, 2)): [12331, 668, 1657, 479, 183, 62, 15, 4, 1, 2, 1]
(2, (0, 1, 1), (2, 0)): [9776, 1079, 1762, 741, 424, 140, 45, 16, 2, 0, 2]
(2, (0, 1, 1), (2, 1)): [9563, 750, 1763, 607, 275, 92, 24, 9, 3, 0, 1]
(2, (0, 1, 1), (2, 2)): [11005, 709, 1553, 527, 197, 77, 15, 5, 3, 1]
(2, (0, 1, 1), (3, 0)): [5638, 733, 906, 430, 288, 111, 29, 13, 1, 0, 1]
(2, (0, 1, 1), (3, 1)): [4441, 422, 817, 322, 182, 63, 21, 8, 1, 0, 1]
(2, (0, 1, 1), (3, 2)): [6872, 555, 1057, 403, 186, 79, 16, 8, 4, 1]
(2, (1, 0, 0), (0, 0)): [886279, 64082, 43166, 13805, 4533, 1442, 545, 159, 38, 15, 7, 1, 1]
(2, (1, 0, 0), (0, 1)): [158087, 9665, 6622, 2151, 722, 240, 91, 33, 10, 1, 0, 1]
(2, (1, 0, 0), (0, 2)): [60840, 2693, 1794, 600, 192, 58, 25, 9, 4]
(2, (1, 0, 0), (1, 0)): [146394, 12098, 8696, 3016, 1026, 293, 116, 31, 8, 2, 0, 0, 1]
(2, (1, 0, 0), (1, 1)): [129242, 8698, 6114, 2093, 696, 209, 82, 25, 7, 1]
(2, (1, 0, 0), (1, 2)): [85815, 4318, 2817, 1032, 326, 91, 33, 11, 4]
(2, (1, 0, 0), (2, 0)): [49026, 4682, 3251, 1326, 466, 136, 52, 19, 6, 2, 0, 0, 1]
(2, (1, 0, 0), (2, 1)): [66740, 5196, 3726, 1396, 470, 142, 55, 14, 5, 0, 0, 0, 1]
(2, (1, 0, 0), (2, 2)): [66688, 4075, 2649, 1013, 342, 100, 40, 10, 4]
(2, (1, 0, 0), (3, 0)): [14434, 1758, 1019, 601, 202, 59, 22, 11, 3, 2]
(2, (1, 0, 0), (3, 1)): [26816, 2761, 1780, 896, 268, 83, 31, 9, 3, 1, 0, 0, 1]
(2, (1, 0, 0), (3, 2)): [35382, 3028, 1870, 896, 288, 95, 30, 13, 1, 1, 0, 0, 1]
(2, (1, 0, 1), (0, 0)): [156592, 36368, 14387, 9190, 3046, 986, 333, 97, 32, 11, 2, 4, 2]
(2, (1, 0, 1), (0, 1)): [29967, 5682, 2077, 1443, 492, 165, 57, 13, 4, 2, 1, 1, 1]
(2, (1, 0, 1), (0, 2)): [12267, 1697, 605, 395, 146, 43, 12, 3, 1, 1]
(2, (1, 0, 1), (1, 0)): [27933, 6156, 2822, 1980, 725, 207, 74, 17, 3, 2, 0, 1]
(2, (1, 0, 1), (1, 1)): [24734, 4872, 2053, 1389, 511, 164, 56, 15, 3, 2, 1, 2, 1]
(2, (1, 0, 1), (1, 2)): [17315, 2559, 1047, 658, 255, 84, 30, 7, 3, 1, 0, 1]
(2, (1, 0, 1), (2, 0)): [10004, 2127, 1153, 767, 314, 92, 34, 10, 3]
(2, (1, 0, 1), (2, 1)): [13132, 2619, 1283, 821, 354, 109, 35, 12, 0, 1, 0, 1]
(2, (1, 0, 1), (2, 2)): [13474, 2040, 993, 615, 235, 90, 34, 7, 3, 0, 0, 1]
(2, (1, 0, 1), (3, 0)): [3369, 654, 473, 284, 136, 42, 19, 3, 3]
(2, (1, 0, 1), (3, 1)): [5624, 1067, 664, 412, 227, 51, 28, 5, 3, 1]
(2, (1, 0, 1), (3, 2)): [7502, 1099, 778, 442, 218, 71, 23, 8, 5]
(2, (1, 1, 0), (0, 0)): [348459, 51961, 26332, 18694, 6020, 1935, 650, 219, 69, 29, 10, 3, 2, 1]
(2, (1, 1, 0), (0, 1)): [66708, 8251, 4029, 3020, 922, 284, 98, 35, 6, 4, 2, 1, 1]
(2, (1, 1, 0), (0, 2)): [27849, 2433, 1209, 859, 279, 80, 28, 14, 2, 1]
(2, (1, 1, 0), (1, 0)): [58579, 8906, 4957, 3800, 1381, 395, 143, 45, 18, 5, 1, 1]
(2, (1, 1, 0), (1, 1)): [54895, 7285, 3790, 2856, 878, 289, 86, 33, 9, 5, 2, 2, 1]
(2, (1, 1, 0), (1, 2)): [39753, 3831, 2008, 1412, 435, 147, 35, 18, 6, 1, 1, 1]
(2, (1, 1, 0), (2, 0)): [20082, 3132, 1992, 1459, 704, 185, 72, 21, 9, 3]
(2, (1, 1, 0), (2, 1)): [28660, 3947, 2348, 1760, 677, 181, 70, 24, 6, 4, 0, 0, 1]
(2, (1, 1, 0), (2, 2)): [31484, 3321, 1934, 1361, 500, 137, 48, 19, 10, 1, 1, 1]
(2, (1, 1, 0), (3, 0)): [6360, 973, 808, 474, 332, 96, 32, 9, 6, 2]
(2, (1, 1, 0), (3, 1)): [12025, 1723, 1321, 882, 467, 124, 47, 10, 5, 2, 0, 0, 1]
(2, (1, 1, 0), (3, 2)): [17330, 2051, 1593, 988, 497, 113, 45, 15, 8, 1, 1]
(2, (1, 1, 1), (0, 0)): [103459, 15041, 17106, 8553, 6501, 2027, 686, 232, 79, 19, 10, 4, 1, 1]
(2, (1, 1, 1), (0, 1)): [21960, 2308, 2841, 1412, 1096, 350, 118, 37, 20, 3, 3, 0, 1]
(2, (1, 1, 1), (0, 2)): [9802, 748, 855, 437, 303, 94, 40, 8, 4, 1, 2]
(2, (1, 1, 1), (1, 0)): [16470, 3635, 3105, 1705, 1374, 437, 149, 51, 15, 5, 1, 2]
(2, (1, 1, 1), (1, 1)): [17091, 2412, 2560, 1359, 1057, 333, 112, 35, 16, 4, 1, 0, 1]
(2, (1, 1, 1), (1, 2)): [13430, 1291, 1384, 686, 519, 185, 61, 17, 5, 2, 2]
(2, (1, 1, 1), (2, 0)): [4610, 2066, 1074, 683, 545, 186, 61, 22, 6, 3, 0, 2]
(2, (1, 1, 1), (2, 1)): [7713, 1949, 1432, 881, 674, 232, 73, 18, 10, 2, 0, 0, 1]
(2, (1, 1, 1), (2, 2)): [9564, 1497, 1226, 704, 518, 198, 65, 15, 6, 4, 2]
(2, (1, 1, 1), (3, 0)): [760, 1254, 308, 281, 166, 85, 32, 14, 3, 3, 0, 1]
(2, (1, 1, 1), (3, 1)): [2188, 1614, 567, 484, 352, 131, 48, 12, 5, 3, 0, 1]
(2, (1, 1, 1), (3, 2)): [4056, 1668, 748, 622, 391, 167, 56, 15, 5, 3, 2]
