(0, (0, 0, 0), (0, 0)): [28694, 5907, 2674, 1164, 489, 224, 86, 34, 16, 4, 1, 2, 1]
(0, (0, 0, 0), (0, 1)): [101, 11, 8, 1, 1]
(0, (0, 0, 0), (0, 2)): [41, 7, 4, 1]
(0, (0, 0, 0), (1, 0)): [92, 16, 7, 2, 1]
(0, (0, 0, 0), (1, 1)): [87, 8, 4, 0, 1]
(0, (0, 0, 0), (1, 2)): [59, 7, 5, 1]
(0, (0, 0, 0), (2, 0)): [27, 5, 4, 2, 1]
(0, (0, 0, 0), (2, 1)): [41, 6, 1, 1, 2]
(0, (0, 0, 0), (2, 2)): [46, 6, 1, 1, 1]
(0, (0, 0, 0), (3, 0)): [6, 3, 1]
(0, (0, 0, 0), (3, 1)): [13, 3, 2, 0, 1]
(0, (0, 0, 0), (3, 2)): [29, 2, 2]
(0, (0, 0, 1), (0, 0)): [118, 345, 105, 35, 18, 9, 6, 1, 0, 1]
(0, (0, 0, 1), (0, 1)): [0, 1, 1]
(0, (0, 0, 1), (0, 2)): [0, 1]
(0, (0, 0, 1), (1, 1)): [0, 0, 1]
(0, (0, 0, 1), (1, 2)): [0, 1]
(0, (0, 0, 1), (2, 2)): [0, 1]
(0, (0, 1, 0), (0, 0)): [1300, 1161, 467, 219, 108, 43, 20, 12, 5, 2, 1]
(0, (0, 1, 0), (0, 1)): [3, 5, 3]
(0, (0, 1, 0), (0, 2)): [2, 3, 1]
(0, (0, 1, 0), (1, 0)): [3, 3]
(0, (0, 1, 0), (1, 1)): [3, 2, 1]
(0, (0, 1, 0), (1, 2)): [2, 2, 1]
(0, (0, 1, 0), (2, 0)): [1, 2]
(0, (0, 1, 0), (2, 1)): [1, 1, 1]
(0, (0, 1, 0), (3, 0)): [1]
(0, (0, 1, 0), (3, 1)): [0, 1, 1]
(0, (0, 1, 0), (3, 2)): [0, 1]
(0, (0, 1, 1), (0, 0)): [82, 137, 175, 75, 47, 23, 9, 2, 1, 2]
(0, (0, 1, 1), (0, 1)): [0, 1]
(0, (0, 1, 1), (1, 0)): [0, 1]
(0, (0, 1, 1), (1, 1)): [0, 1]
(0, (0, 1, 1), (2, 0)): [0, 1]
(0, (0, 1, 1), (2, 1)): [0, 2]
(0, (1, 0, 0), (0, 0)): [5859, 2020, 1317, 619, 274, 127, 55, 20, 11, 3, 1, 1, 1]
(0, (1, 0, 0), (0, 1)): [28, 6, 3]
(0, (1, 0, 0), (0, 2)): [11, 3]
(0, (1, 0, 0), (1, 0)): [12, 1, 3]
(0, (1, 0, 0), (1, 1)): [15, 3, 3]
(0, (1, 0, 0), (1, 2)): [7, 4, 2]
(0, (1, 0, 0), (2, 0)): [5, 0, 1]
(0, (1, 0, 0), (2, 1)): [10, 1, 1]
(0, (1, 0, 0), (2, 2)): [6, 2, 1]
(0, (1, 0, 0), (3, 0)): [3]
(0, (1, 0, 0), (3, 1)): [4, 1, 1]
(0, (1, 0, 0), (3, 2)): [5, 1]
(0, (1, 0, 1), (0, 0)): [144, 472, 188, 140, 64, 35, 14, 5, 7, 1, 1]
(0, (1, 0, 1), (1, 0)): [0, 1]
(0, (1, 0, 1), (1, 1)): [0, 1]
(0, (1, 1, 0), (0, 0)): [876, 537, 391, 278, 157, 69, 24, 13, 5, 2, 1, 0, 1]
(0, (1, 1, 0), (0, 1)): [7]
(0, (1, 1, 0), (1, 0)): [5, 2, 2]
(0, (1, 1, 0), (1, 1)): [3, 0, 1]
(0, (1, 1, 0), (1, 2)): [3, 0, 1]
(0, (1, 1, 0), (2, 0)): [3]
(0, (1, 1, 0), (2, 1)): [2]
(0, (1, 1, 0), (2, 2)): [2]
(0, (1, 1, 0), (3, 0)): [1]
(0, (1, 1, 0), (3, 1)): [2]
(0, (1, 1, 1), (0, 0)): [77, 146, 117, 86, 77, 32, 12, 8, 2, 1]
(0, (1, 1, 1), (0, 1)): [1, 0, 1]
(0, (1, 1, 1), (0, 2)): [0, 0, 1]
(0, (1, 1, 1), (1, 2)): [0, 0, 1]
(1, (0, 0, 0), (0, 0)): [23808, 2622, 1045, 399, 132, 61, 23, 5, 3, 0, 0, 1]
(1, (0, 0, 0), (0, 1)): [86, 9, 3, 3]
(1, (0, 0, 0), (0, 2)): [34, 3, 2]
(1, (0, 0, 0), (1, 0)): [68, 7, 6, 0, 1]
(1, (0, 0, 0), (1, 1)): [65, 6, 3, 1]
(1, (0, 0, 0), (1, 2)): [43, 5, 2, 1]
(1, (0, 0, 0), (2, 0)): [22, 4, 3, 0, 1]
(1, (0, 0, 0), (2, 1)): [39, 5, 3, 0, 1]
(1, (0, 0, 0), (2, 2)): [36, 3, 1]
(1, (0, 0, 0), (3, 0)): [4]
(1, (0, 0, 0), (3, 1)): [8, 2]
(1, (0, 0, 0), (3, 2)): [15, 1, 1]
(1, (0, 0, 1), (0, 0)): [656, 978, 202, 79, 25, 13, 5, 1, 1, 1, 1]
(1, (0, 0, 1), (0, 1)): [0, 0, 2]
(1, (0, 0, 1), (1, 0)): [3, 3, 1]
(1, (0, 0, 1), (1, 1)): [2, 2, 2]
(1, (0, 0, 1), (1, 2)): [1]
(1, (0, 0, 1), (2, 0)): [0, 1]
(1, (0, 0, 1), (2, 1)): [1, 2, 1]
(1, (0, 0, 1), (2, 2)): [2, 0, 1]
(1, (0, 0, 1), (3, 0)): [0, 1]
(1, (0, 0, 1), (3, 1)): [0, 1]
(1, (0, 0, 1), (3, 2)): [1, 1]
(1, (0, 1, 0), (0, 0)): [3432, 1327, 546, 226, 72, 32, 14, 7, 1, 0, 0, 1]
(1, (0, 1, 0), (0, 1)): [15]
(1, (0, 1, 0), (0, 2)): [6]
(1, (0, 1, 0), (1, 0)): [5, 4, 2, 1, 1]
(1, (0, 1, 0), (1, 1)): [9, 0, 1, 1]
(1, (0, 1, 0), (1, 2)): [9]
(1, (0, 1, 0), (2, 0)): [1, 4, 0, 0, 1]
(1, (0, 1, 0), (2, 1)): [2, 2, 1, 1]
(1, (0, 1, 0), (2, 2)): [4]
(1, (0, 1, 0), (3, 0)): [0, 2, 0, 0, 1]
(1, (0, 1, 0), (3, 1)): [0, 1, 1, 1, 1]
(1, (0, 1, 0), (3, 2)): [1]
(1, (0, 1, 1), (0, 0)): [456, 400, 310, 137, 77, 30, 8, 1, 1, 0, 1, 0, 1]
(1, (0, 1, 1), (0, 1)): [1, 1]
(1, (0, 1, 1), (1, 0)): [1, 1, 3, 0, 1]
(1, (0, 1, 1), (1, 1)): [1, 0, 1]
(1, (0, 1, 1), (1, 2)): [1]
(1, (0, 1, 1), (2, 0)): [0, 1, 2, 0, 1]
(1, (0, 1, 1), (2, 1)): [0, 1, 2]
(1, (0, 1, 1), (2, 2)): [1, 1, 1]
(1, (0, 1, 1), (3, 0)): [0, 0, 1, 0, 1]
(1, (0, 1, 1), (3, 1)): [0, 0, 1]
(1, (0, 1, 1), (3, 2)): [1, 1]
(1, (1, 0, 0), (0, 0)): [8401, 1502, 947, 385, 150, 65, 26, 6, 3, 1, 0, 1]
(1, (1, 0, 0), (0, 1)): [25, 3, 2, 1]
(1, (1, 0, 0), (0, 2)): [12, 1, 1]
(1, (1, 0, 0), (1, 0)): [27, 3, 4, 0, 2]
(1, (1, 0, 0), (1, 1)): [21, 1, 1, 1, 1]
(1, (1, 0, 0), (1, 2)): [10, 1, 1]
(1, (1, 0, 0), (2, 0)): [11, 3, 2, 0, 1]
(1, (1, 0, 0), (2, 1)): [11, 3, 0, 1, 1]
(1, (1, 0, 0), (2, 2)): [9, 0, 0, 1]
(1, (1, 0, 0), (3, 0)): [4, 1, 1, 0, 1]
(1, (1, 0, 0), (3, 1)): [6, 1, 0, 0, 1]
(1, (1, 0, 0), (3, 2)): [3, 1, 0, 0, 1]
(1, (1, 0, 1), (0, 0)): [668, 756, 205, 184, 70, 33, 14, 6, 2, 2]
(1, (1, 0, 1), (0, 1)): [2, 0, 0, 1]
(1, (1, 0, 1), (1, 0)): [1, 4]
(1, (1, 0, 1), (1, 1)): [2, 1]
(1, (1, 0, 1), (1, 2)): [2]
(1, (1, 0, 1), (2, 0)): [1, 1]
(1, (1, 0, 1), (2, 1)): [1, 1]
(1, (1, 0, 1), (2, 2)): [2, 1]
(1, (1, 0, 1), (3, 2)): [1]
(1, (1, 1, 0), (0, 0)): [2352, 724, 469, 325, 120, 58, 20, 5, 5, 0, 0, 1]
(1, (1, 1, 0), (0, 1)): [7, 2]
(1, (1, 1, 0), (0, 2)): [2, 2]
(1, (1, 1, 0), (1, 0)): [4, 2, 2, 1, 1]
(1, (1, 1, 0), (1, 1)): [6, 0, 1, 0, 1]
(1, (1, 1, 0), (1, 2)): [1, 2, 0, 0, 1]
(1, (1, 1, 0), (2, 0)): [1, 2, 0, 1]
(1, (1, 1, 0), (2, 1)): [5, 1, 1]
(1, (1, 1, 0), (2, 2)): [1, 2]
(1, (1, 1, 0), (3, 0)): [0, 1]
(1, (1, 1, 0), (3, 1)): [2, 2]
(1, (1, 1, 0), (3, 2)): [1, 3]
(1, (1, 1, 1), (0, 0)): [446, 368, 226, 157, 101, 43, 13, 4, 4, 1, 0, 0, 1]
(1, (1, 1, 1), (0, 1)): [1, 0, 0, 1]
(1, (1, 1, 1), (0, 2)): [1]
(1, (1, 1, 1), (1, 0)): [1, 2, 2, 0, 1]
(1, (1, 1, 1), (1, 1)): [1, 1]
(1, (1, 1, 1), (1, 2)): [1, 1]
(1, (1, 1, 1), (2, 0)): [0, 0, 1, 0, 1]
(1, (1, 1, 1), (2, 1)): [1]
(1, (1, 1, 1), (2, 2)): [1, 1]
(1, (1, 1, 1), (3, 0)): [0, 0, 1, 0, 1]
(1, (1, 1, 1), (3, 1)): [0, 0, 0, 0, 1]
(1, (1, 1, 1), (3, 2)): [1, 1]
(2, (0, 0, 0), (0, 0)): [20869, 998, 366, 111, 17, 11, 2, 1]
(2, (0, 0, 0), (0, 1)): [70, 5, 0, 2]
(2, (0, 0, 0), (0, 2)): [28, 2]
(2, (0, 0, 0), (1, 0)): [67, 4, 3]
(2, (0, 0, 0), (1, 1)): [65, 5, 0, 2]
(2, (0, 0, 0), (1, 2)): [39, 3]
(2, (0, 0, 0), (2, 0)): [20, 1, 2]
(2, (0, 0, 0), (2, 1)): [34, 4, 1, 2]
(2, (0, 0, 0), (2, 2)): [36, 2, 0, 1]
(2, (0, 0, 0), (3, 0)): [4]
(2, (0, 0, 0), (3, 1)): [14, 2, 1, 1]
(2, (0, 0, 0), (3, 2)): [17, 0, 1, 1]
(2, (0, 0, 1), (0, 0)): [1958, 558, 121, 34, 12, 5]
(2, (0, 0, 1), (0, 1)): [3, 1]
(2, (0, 0, 1), (0, 2)): [2, 1]
(2, (0, 0, 1), (1, 0)): [5, 0, 1, 1]
(2, (0, 0, 1), (1, 1)): [2]
(2, (0, 0, 1), (1, 2)): [2, 1]
(2, (0, 0, 1), (2, 0)): [2, 0, 1, 1]
(2, (0, 0, 1), (2, 1)): [1]
(2, (0, 0, 1), (2, 2)): [1, 1]
(2, (0, 0, 1), (3, 0)): [1, 0, 1, 1]
(2, (0, 0, 1), (3, 1)): [1, 0, 1, 1]
(2, (0, 0, 1), (3, 2)): [1, 0, 0, 1]
(2, (0, 1, 0), (0, 0)): [5225, 1050, 324, 96, 27, 13, 3, 1, 1]
(2, (0, 1, 0), (0, 1)): [23, 3]
(2, (0, 1, 0), (0, 2)): [10, 2]
(2, (0, 1, 0), (1, 0)): [16, 0, 1, 1]
(2, (0, 1, 0), (1, 1)): [13, 1]
(2, (0, 1, 0), (1, 2)): [13, 2]
(2, (0, 1, 0), (2, 0)): [10, 0, 1, 1]
(2, (0, 1, 0), (2, 1)): [12, 1]
(2, (0, 1, 0), (2, 2)): [11, 1]
(2, (0, 1, 0), (3, 0)): [4, 0, 1, 1]
(2, (0, 1, 0), (3, 1)): [5, 1, 0, 1]
(2, (0, 1, 0), (3, 2)): [8, 2, 0, 1]
(2, (0, 1, 1), (0, 0)): [1028, 68, 209, 59, 18, 3, 2]
(2, (0, 1, 1), (0, 1)): [5]
(2, (0, 1, 1), (0, 2)): [3]
(2, (0, 1, 1), (1, 0)): [6, 0, 1]
(2, (0, 1, 1), (1, 1)): [6]
(2, (0, 1, 1), (1, 2)): [7]
(2, (0, 1, 1), (2, 0)): [2]
(2, (0, 1, 1), (2, 1)): [2]
(2, (0, 1, 1), (2, 2)): [6]
(2, (0, 1, 1), (3, 0)): [2]
(2, (0, 1, 1), (3, 2)): [1]
(2, (1, 0, 0), (0, 0)): [10202, 760, 518, 155, 31, 15, 5, 3]
(2, (1, 0, 0), (0, 1)): [33, 3, 1, 1]
(2, (1, 0, 0), (0, 2)): [13, 2]
(2, (1, 0, 0), (1, 0)): [27, 2, 4, 1]
(2, (1, 0, 0), (1, 1)): [20, 3, 3, 1]
(2, (1, 0, 0), (1, 2)): [13, 3, 1, 1]
(2, (1, 0, 0), (2, 0)): [13, 0, 1, 1]
(2, (1, 0, 0), (2, 1)): [17, 0, 2]
(2, (1, 0, 0), (2, 2)): [11, 3, 1]
(2, (1, 0, 0), (3, 0)): [3, 0, 1, 1]
(2, (1, 0, 0), (3, 1)): [8, 0, 2]
(2, (1, 0, 0), (3, 2)): [10, 0, 1]
(2, (1, 0, 1), (0, 0)): [1758, 404, 148, 105, 29, 11, 4, 1]
(2, (1, 0, 1), (0, 1)): [3]
(2, (1, 0, 1), (0, 2)): [1]
(2, (1, 0, 1), (1, 0)): [2, 1]
(2, (1, 0, 1), (1, 1)): [2, 1]
(2, (1, 0, 1), (1, 2)): [0, 1]
(2, (1, 0, 1), (2, 0)): [2]
(2, (1, 0, 1), (2, 1)): [1]
(2, (1, 0, 1), (3, 0)): [2]
(2, (1, 1, 0), (0, 0)): [4064, 591, 330, 194, 48, 17, 5, 2]
(2, (1, 1, 0), (0, 1)): [11, 4, 1]
(2, (1, 1, 0), (0, 2)): [6]
(2, (1, 1, 0), (1, 0)): [9, 2, 2, 1]
(2, (1, 1, 0), (1, 1)): [8, 3, 1]
(2, (1, 1, 0), (1, 2)): [11, 1]
(2, (1, 1, 0), (2, 0)): [4, 1, 2]
(2, (1, 1, 0), (2, 1)): [3, 2, 2]
(2, (1, 1, 0), (2, 2)): [9, 1, 1]
(2, (1, 1, 0), (3, 0)): [2]
(2, (1, 1, 0), (3, 1)): [2, 1]
(2, (1, 1, 0), (3, 2)): [2]
(2, (1, 1, 1), (0, 0)): [1106, 134, 217, 85, 61, 25, 7]
(2, (1, 1, 1), (0, 1)): [4]
(2, (1, 1, 1), (0, 2)): [3]
(2, (1, 1, 1), (1, 0)): [2]
(2, (1, 1, 1), (1, 1)): [2]
(2, (1, 1, 1), (1, 2)): [3]
