(0, (0, 0, 0), (0, 0)): [112415, 20815, 9007, 3994, 1768, 654, 275, 108, 39, 13, 15]
(0, (0, 0, 0), (0, 1)): [330, 56, 18, 10, 2, 1, 1, 1]
(0, (0, 0, 0), (0, 2)): [139, 29, 5, 4, 0, 1, 1, 1]
(0, (0, 0, 0), (1, 0)): [268, 48, 17, 2, 1, 3, 2]
(0, (0, 0, 0), (1, 1)): [244, 38, 16, 6, 1, 1]
(0, (0, 0, 0), (1, 2)): [182, 27, 7, 4, 0, 1, 0, 1]
(0, (0, 0, 0), (2, 0)): [80, 21, 6, 0, 1, 2, 1]
(0, (0, 0, 0), (2, 1)): [117, 27, 6, 3, 0, 2]
(0, (0, 0, 0), (2, 2)): [139, 25, 2, 2, 0, 2]
(0, (0, 0, 0), (3, 0)): [26, 9, 5, 0, 1, 1, 1]
(0, (0, 0, 0), (3, 1)): [35, 9, 7, 0, 0, 0, 1]
(0, (0, 0, 0), (3, 2)): [61, 18, 7, 1, 0, 2, 1]
(0, (0, 0, 1), (0, 0)): [725, 1981, 541, 234, 106, 36, 21, 8, 2, 1, 2]
(0, (0, 0, 1), (0, 1)): [1, 1, 2, 1]
(0, (0, 0, 1), (0, 2)): [0, 1, 1]
(0, (0, 0, 1), (1, 0)): [1, 4]
(0, (0, 0, 1), (1, 2)): [1, 1]
(0, (0, 1, 0), (0, 0)): [3756, 3578, 1263, 563, 281, 90, 39, 10, 6, 3, 3]
(0, (0, 1, 0), (0, 1)): [12, 8, 1, 2]
(0, (0, 1, 0), (0, 2)): [3, 2, 0, 2]
(0, (0, 1, 0), (1, 1)): [10, 5, 1]
(0, (0, 1, 0), (1, 2)): [4, 2, 1, 2]
(0, (0, 1, 0), (2, 2)): [6, 1, 0, 2]
(0, (0, 1, 1), (0, 0)): [328, 532, 685, 318, 135, 62, 26, 12, 5, 3, 1]
(0, (0, 1, 1), (0, 1)): [1, 1]
(0, (1, 0, 0), (0, 0)): [25495, 8909, 4833, 2378, 1041, 424, 168, 69, 29, 9, 10]
(0, (1, 0, 0), (0, 1)): [56, 11, 4, 2, 0, 1, 1]
(0, (1, 0, 0), (1, 0)): [39, 19, 9, 2, 1, 2]
(0, (1, 0, 0), (1, 1)): [29, 10, 8, 1, 1, 1]
(0, (1, 0, 0), (1, 2)): [20, 3, 3, 0, 1, 2]
(0, (1, 0, 0), (2, 0)): [10, 7, 1, 1]
(0, (1, 0, 0), (2, 1)): [10, 11, 3, 2]
(0, (1, 0, 0), (2, 2)): [13, 3, 2, 1, 1, 1]
(0, (1, 0, 0), (3, 1)): [3, 3]
(0, (1, 0, 0), (3, 2)): [2, 2, 1]
(0, (1, 0, 1), (0, 0)): [599, 1405, 712, 394, 224, 81, 43, 21, 10, 2, 3]
(0, (1, 0, 1), (0, 1)): [2, 1, 0, 3, 0, 0, 1]
(0, (1, 0, 1), (0, 2)): [1, 1, 0, 1, 0, 0, 1]
(0, (1, 1, 0), (0, 0)): [3235, 2103, 1701, 1082, 569, 237, 101, 39, 13, 10, 6]
(0, (1, 1, 0), (0, 1)): [7, 4, 1, 1, 0, 1]
(0, (1, 1, 0), (0, 2)): [4, 1, 0, 0, 0, 1]
(0, (1, 1, 0), (1, 1)): [1, 2, 1, 1]
(0, (1, 1, 0), (1, 2)): [3, 2, 1, 1]
(0, (1, 1, 1), (0, 0)): [397, 610, 506, 452, 323, 152, 71, 34, 16, 10, 4]
(0, (1, 1, 1), (1, 0)): [0, 1]
(0, (1, 1, 1), (2, 0)): [0, 1]
(0, (1, 1, 1), (2, 1)): [0, 1]
(1, (0, 0, 0), (0, 0)): [88586, 8385, 3216, 1172, 480, 174, 61, 32, 5, 2, 2]
(1, (0, 0, 0), (0, 1)): [274, 25, 7, 4, 1]
(1, (0, 0, 0), (0, 2)): [105, 8, 2, 3]
(1, (0, 0, 0), (1, 0)): [208, 22, 10, 2, 0, 1, 0, 1]
(1, (0, 0, 0), (1, 1)): [203, 18, 5, 1, 0, 1]
(1, (0, 0, 0), (1, 2)): [125, 13, 2, 3, 0, 1]
(1, (0, 0, 0), (2, 0)): [63, 8, 6, 2]
(1, (0, 0, 0), (2, 1)): [90, 9, 7, 2]
(1, (0, 0, 0), (2, 2)): [94, 5, 2, 2, 0, 1]
(1, (0, 0, 0), (3, 0)): [22, 3, 2]
(1, (0, 0, 0), (3, 1)): [30, 7, 5]
(1, (0, 0, 0), (3, 2)): [51, 5, 5, 1, 0, 1]
(1, (0, 0, 1), (0, 0)): [3652, 5235, 967, 380, 164, 52, 24, 11, 4, 1]
(1, (0, 0, 1), (0, 1)): [10, 14]
(1, (0, 0, 1), (0, 2)): [7, 5]
(1, (0, 0, 1), (1, 1)): [8, 11, 0, 1, 1]
(1, (0, 0, 1), (1, 2)): [5, 5, 0, 1]
(1, (0, 0, 1), (2, 1)): [3, 6]
(1, (0, 0, 1), (2, 2)): [4, 6]
(1, (0, 1, 0), (0, 0)): [14603, 6774, 2122, 878, 315, 124, 41, 17, 5]
(1, (0, 1, 0), (0, 1)): [39, 14, 3, 1, 0, 1]
(1, (0, 1, 0), (0, 2)): [11, 4, 0, 0, 0, 1]
(1, (0, 1, 0), (1, 0)): [38, 18, 2, 3, 1, 1]
(1, (0, 1, 0), (1, 1)): [39, 14, 0, 2, 1, 1]
(1, (0, 1, 0), (1, 2)): [27, 8, 0, 0, 1]
(1, (0, 1, 0), (2, 0)): [15, 4, 2]
(1, (0, 1, 0), (2, 1)): [12, 5, 0, 2, 0, 1]
(1, (0, 1, 0), (2, 2)): [15, 7, 0, 2, 1, 1]
(1, (0, 1, 0), (3, 1)): [6, 2, 1]
(1, (0, 1, 0), (3, 2)): [10, 0, 0, 0, 0, 1]
(1, (0, 1, 1), (0, 0)): [2400, 1912, 2007, 737, 287, 115, 41, 9, 5, 3, 1]
(1, (1, 0, 0), (0, 0)): [34932, 6595, 3385, 1377, 535, 215, 67, 32, 7, 3, 2]
(1, (1, 0, 0), (0, 1)): [92, 10, 6, 5, 1, 1, 1]
(1, (1, 0, 0), (0, 2)): [37, 6, 2, 2]
(1, (1, 0, 0), (1, 0)): [64, 18, 10, 3, 0, 2]
(1, (1, 0, 0), (1, 1)): [56, 7, 3, 3, 0, 1]
(1, (1, 0, 0), (1, 2)): [49, 5, 2, 2]
(1, (1, 0, 0), (2, 0)): [16, 5, 5]
(1, (1, 0, 0), (2, 1)): [16, 4, 3, 1, 0, 1]
(1, (1, 0, 0), (2, 2)): [24, 5, 3, 3, 0, 1]
(1, (1, 0, 0), (3, 1)): [5, 3, 1]
(1, (1, 0, 0), (3, 2)): [10, 6, 2, 1, 0, 1]
(1, (1, 0, 1), (0, 0)): [2483, 3080, 1161, 646, 271, 89, 24, 15, 4, 2, 1]
(1, (1, 0, 1), (0, 1)): [8, 6, 0, 2, 1]
(1, (1, 0, 1), (0, 2)): [6, 2, 0, 1]
(1, (1, 0, 1), (1, 0)): [7, 8, 0, 0, 1, 1]
(1, (1, 0, 1), (1, 1)): [1, 7, 0, 1, 1]
(1, (1, 0, 1), (2, 0)): [5, 3, 0, 0, 1]
(1, (1, 0, 1), (2, 1)): [2, 1, 0, 1]
(1, (1, 1, 0), (0, 0)): [8502, 2584, 1857, 1138, 475, 170, 63, 23, 7, 1]
(1, (1, 1, 0), (0, 1)): [15, 3, 6, 3, 1]
(1, (1, 1, 0), (1, 0)): [17, 7, 2, 3, 0, 1]
(1, (1, 1, 0), (1, 1)): [23, 4, 3, 1]
(1, (1, 1, 0), (2, 0)): [1, 1, 1]
(1, (1, 1, 0), (2, 1)): [9, 4, 2, 1]
(1, (1, 1, 0), (2, 2)): [11, 1, 1, 1]
(1, (1, 1, 0), (3, 2)): [4, 2, 1, 1]
(1, (1, 1, 1), (0, 0)): [1701, 1321, 857, 649, 398, 172, 73, 29, 6, 2]
(1, (1, 1, 1), (0, 1)): [3, 0, 1, 0, 0, 1]
(1, (1, 1, 1), (0, 2)): [1, 0, 1, 0, 0, 1]
(1, (1, 1, 1), (1, 2)): [4, 1, 0, 1, 1, 1]
(2, (0, 0, 0), (0, 0)): [77087, 2712, 815, 241, 90, 20, 9, 4, 1, 0, 1]
(2, (0, 0, 0), (0, 1)): [224, 5, 2]
(2, (0, 0, 0), (0, 2)): [90, 1, 1]
(2, (0, 0, 0), (1, 0)): [200, 10, 4, 0, 1]
(2, (0, 0, 0), (1, 1)): [182, 9, 1]
(2, (0, 0, 0), (1, 2)): [109, 2, 2]
(2, (0, 0, 0), (2, 0)): [66, 1, 3]
(2, (0, 0, 0), (2, 1)): [101, 7]
(2, (0, 0, 0), (2, 2)): [88, 4, 2]
(2, (0, 0, 0), (3, 0)): [20, 1, 3]
(2, (0, 0, 0), (3, 1)): [43, 3, 1]
(2, (0, 0, 0), (3, 2)): [62, 3, 1]
(2, (0, 0, 1), (0, 0)): [9781, 3451, 502, 164, 47, 11, 5, 2]
(2, (0, 0, 1), (0, 1)): [26, 9, 1]
(2, (0, 0, 1), (0, 2)): [14, 6, 1]
(2, (0, 0, 1), (1, 0)): [22, 10]
(2, (0, 0, 1), (1, 1)): [16, 2]
(2, (0, 0, 1), (1, 2)): [15, 5, 1]
(2, (0, 0, 1), (2, 0)): [9, 3]
(2, (0, 0, 1), (2, 1)): [10, 1]
(2, (0, 0, 1), (2, 2)): [9, 2, 1]
(2, (0, 0, 1), (3, 0)): [3, 2]
(2, (0, 0, 1), (3, 1)): [8, 2]
(2, (0, 1, 0), (0, 0)): [23959, 5232, 1167, 347, 94, 31, 13, 7]
(2, (0, 1, 0), (0, 1)): [59, 7, 2, 1, 1]
(2, (0, 1, 0), (0, 2)): [25, 1]
(2, (0, 1, 0), (1, 0)): [69, 13, 5, 0, 0, 1]
(2, (0, 1, 0), (1, 1)): [48, 7, 2, 0, 1]
(2, (0, 1, 0), (1, 2)): [34, 2, 0, 0, 1]
(2, (0, 1, 0), (2, 0)): [35, 6, 3, 0, 0, 1]
(2, (0, 1, 0), (2, 1)): [33, 7, 2, 0, 0, 1]
(2, (0, 1, 0), (2, 2)): [27]
(2, (0, 1, 0), (3, 0)): [16, 3, 1]
(2, (0, 1, 0), (3, 1)): [19, 5, 1, 0, 0, 1]
(2, (0, 1, 0), (3, 2)): [19, 3, 1, 0, 0, 1]
(2, (0, 1, 1), (0, 0)): [5847, 585, 1329, 312, 103, 30, 8, 2]
(2, (0, 1, 1), (0, 1)): [15, 3, 3]
(2, (0, 1, 1), (0, 2)): [5]
(2, (0, 1, 1), (1, 0)): [13, 1, 10, 1]
(2, (0, 1, 1), (1, 1)): [11, 3, 6, 1]
(2, (0, 1, 1), (1, 2)): [5, 1, 2, 1]
(2, (0, 1, 1), (2, 2)): [3, 1, 1]
(2, (1, 0, 0), (0, 0)): [42242, 3153, 1373, 431, 135, 42, 17, 6, 1, 0, 1]
(2, (1, 0, 0), (0, 1)): [104, 1, 3]
(2, (1, 0, 0), (0, 2)): [26]
(2, (1, 0, 0), (1, 0)): [105, 3, 4, 1, 1]
(2, (1, 0, 0), (1, 1)): [74, 1, 2, 0, 1]
(2, (1, 0, 0), (1, 2)): [31]
(2, (1, 0, 0), (2, 0)): [36, 2, 2, 1]
(2, (1, 0, 0), (2, 1)): [29, 2, 0, 0, 1]
(2, (1, 0, 0), (2, 2)): [14]
(2, (1, 0, 0), (3, 0)): [12, 1, 1, 1]
(2, (1, 0, 0), (3, 1)): [13, 1]
(2, (1, 0, 0), (3, 2)): [7]
(2, (1, 0, 1), (0, 0)): [6268, 1786, 824, 288, 103, 26, 8, 2]
(2, (1, 0, 1), (0, 1)): [4, 2, 1, 1, 0, 1]
(2, (1, 0, 1), (1, 0)): [14, 1, 5]
(2, (1, 0, 1), (1, 1)): [2, 1]
(2, (1, 0, 1), (1, 2)): [2, 2]
(2, (1, 0, 1), (2, 2)): [1, 1]
(2, (1, 1, 0), (0, 0)): [12847, 1802, 1059, 558, 136, 45, 13, 6, 2, 1, 1]
(2, (1, 1, 0), (0, 1)): [30, 3, 2, 0, 1]
(2, (1, 1, 0), (1, 0)): [23, 2, 1, 1]
(2, (1, 1, 0), (1, 1)): [16, 1, 1]
(2, (1, 1, 0), (2, 0)): [7, 1]
(2, (1, 1, 0), (2, 1)): [9, 1]
(2, (1, 1, 0), (2, 2)): [7, 1]
(2, (1, 1, 1), (0, 0)): [3972, 635, 617, 332, 196, 57, 23, 6, 2, 2, 1]
(2, (1, 1, 1), (0, 1)): [14, 1, 2, 0, 1]
(2, (1, 1, 1), (0, 2)): [9, 1]
(2, (1, 1, 1), (1, 2)): [5]
