(0, (0, 0, 0)): [735374, 148498, 69723, 32075, 14568, 6358, 2658, 1122, 470, 218, 97, 41, 22, 6, 3, 1, 0, 1]
(0, (0, 0, 1)): [3320, 10483, 2947, 1367, 666, 299, 135, 78, 30, 15, 6, 1, 3, 1]
(0, (0, 1, 0)): [24043, 23691, 9159, 4366, 2176, 964, 398, 169, 74, 43, 17, 5, 2, 0, 1]
(0, (0, 1, 1)): [2155, 3774, 4823, 2173, 1172, 547, 238, 108, 56, 21, 7, 5, 0, 2, 1, 0, 0, 1]
(0, (1, 0, 0)): [163465, 56121, 35198, 17559, 8495, 3859, 1655, 716, 308, 143, 67, 26, 14, 4, 2, 1, 0, 1]
(0, (1, 0, 1)): [3679, 11805, 5000, 3347, 1818, 847, 415, 176, 81, 33, 16, 10, 4, 0, 1, 0, 0, 1]
(0, (1, 1, 0)): [22255, 14588, 11648, 8021, 4386, 2064, 911, 444, 180, 85, 43, 14, 7, 1]
(0, (1, 1, 1)): [2333, 4233, 3581, 2863, 2246, 1110, 522, 271, 120, 52, 31, 11, 2, 1, 1]
(1, (0, 0, 0)): [585417, 63738, 26494, 10575, 4210, 1646, 621, 247, 94, 38, 15, 10, 5, 2, 0, 1]
(1, (0, 0, 1)): [17541, 26812, 5223, 2209, 946, 387, 160, 75, 34, 12, 6, 4, 3, 1]
(1, (0, 1, 0)): [82147, 39301, 13680, 5779, 2353, 974, 340, 155, 44, 27, 12, 7, 5, 1, 1]
(1, (0, 1, 1)): [13937, 11824, 11504, 4532, 2238, 902, 360, 143, 76, 21, 9, 4, 1, 2, 0, 1]
(1, (1, 0, 0)): [236108, 43748, 26885, 11724, 4759, 1961, 747, 283, 129, 56, 22, 15, 3, 2, 0, 2]
(1, (1, 0, 1)): [18223, 23251, 7772, 4960, 2124, 904, 326, 142, 57, 39, 13, 3, 0, 1]
(1, (1, 1, 0)): [63657, 20139, 14266, 9658, 4218, 1813, 715, 285, 112, 52, 19, 9, 5, 4, 1]
(1, (1, 1, 1)): [13133, 10704, 6981, 4818, 3422, 1495, 623, 240, 104, 38, 15, 10, 5, 2, 1, 1]
(2, (0, 0, 0)): [503695, 22105, 7562, 2387, 843, 291, 102, 36, 8, 2, 2, 0, 1]
(2, (0, 0, 1)): [51650, 17292, 3148, 1069, 376, 140, 47, 13, 1, 2, 0, 1]
(2, (0, 1, 0)): [132863, 30407, 7583, 2621, 842, 291, 101, 24, 6, 1, 1, 0, 1]
(2, (0, 1, 1)): [32136, 2899, 7594, 1985, 760, 256, 88, 33, 11, 4, 2, 1, 0, 1]
(2, (1, 0, 0)): [288796, 21883, 12922, 4159, 1381, 444, 172, 55, 13, 6, 3, 0, 1]
(2, (1, 0, 1)): [46896, 12394, 5177, 2799, 900, 309, 109, 35, 12, 3, 0, 2, 1]
(2, (1, 1, 0)): [108673, 17152, 8997, 5609, 1778, 624, 189, 64, 26, 10, 5, 0, 2, 1]
(2, (1, 1, 1)): [31964, 4848, 5464, 2862, 1910, 652, 207, 74, 31, 7, 5, 0, 1, 1]
