(0, (0, 0, 0)): [28718, 5878, 2592, 1115, 523, 217, 94, 34, 12, 4, 1, 1]
(0, (0, 0, 1)): [104, 316, 91, 45, 32, 8, 5, 0, 0, 0, 0, 1]
(0, (0, 1, 0)): [1095, 1044, 422, 187, 97, 36, 11, 7, 4]
(0, (0, 1, 1)): [83, 151, 159, 61, 44, 21, 10, 4, 1]
(0, (1, 0, 0)): [5759, 2044, 1211, 584, 281, 133, 55, 20, 8, 2, 1]
(0, (1, 0, 1)): [152, 463, 197, 119, 63, 25, 8, 4, 1, 0, 1]
(0, (1, 1, 0)): [818, 519, 372, 236, 135, 75, 33, 13, 6, 2]
(0, (1, 1, 1)): [65, 151, 124, 79, 65, 36, 17, 7, 3]
(1, (0, 0, 0)): [23836, 2668, 1046, 409, 169, 56, 29, 7, 3, 2]
(1, (0, 0, 1)): [621, 923, 177, 79, 33, 11, 3, 0, 0, 0, 0, 1]
(1, (0, 1, 0)): [3083, 1351, 490, 224, 84, 33, 12, 6, 2, 1]
(1, (0, 1, 1)): [447, 397, 311, 131, 68, 29, 11, 2, 2, 1]
(1, (1, 0, 0)): [8634, 1571, 936, 408, 173, 68, 30, 6, 4, 1, 1]
(1, (1, 0, 1)): [725, 844, 253, 153, 85, 31, 13, 4, 1]
(1, (1, 1, 0)): [2452, 731, 429, 335, 140, 58, 23, 8, 3, 2, 1]
(1, (1, 1, 1)): [440, 383, 225, 158, 115, 45, 23, 6, 6, 2]
(2, (0, 0, 0)): [20950, 961, 343, 101, 41, 9, 3]
(2, (0, 0, 1)): [1847, 506, 126, 43, 12, 5, 0, 2]
(2, (0, 1, 0)): [5011, 1027, 277, 96, 38, 12, 3]
(2, (0, 1, 1)): [1036, 92, 221, 55, 30, 9, 2, 0, 1]
(2, (1, 0, 0)): [10493, 771, 520, 156, 66, 12, 7]
(2, (1, 0, 1)): [1897, 440, 152, 121, 40, 12, 1]
(2, (1, 1, 0)): [4163, 635, 292, 205, 84, 15, 10, 1]
(2, (1, 1, 1)): [1083, 160, 160, 83, 74, 21, 8]
