(0, (0, 0, 0), (0, 0)): [530933, 107982, 50457, 23332, 10558, 4636, 1919, 825, 339, 169, 73, 25, 17, 4, 2]
(0, (0, 0, 0), (0, 1)): [1438, 276, 116, 43, 21, 6, 2, 4, 0, 1, 1]
(0, (0, 0, 0), (0, 2)): [587, 103, 42, 14, 4, 2, 1, 2]
(0, (0, 0, 0), (1, 0)): [1326, 268, 114, 51, 28, 19, 5, 2, 0, 2]
(0, (0, 0, 0), (1, 1)): [1109, 225, 90, 39, 17, 3, 1, 3, 0, 1, 1]
(0, (0, 0, 0), (1, 2)): [723, 136, 39, 16, 5, 2, 1, 2]
(0, (0, 0, 0), (2, 0)): [485, 109, 52, 27, 18, 13, 3, 1, 0, 1]
(0, (0, 0, 0), (2, 1)): [614, 124, 52, 24, 13, 6, 1, 1]
(0, (0, 0, 0), (2, 2)): [578, 114, 25, 12, 9, 5, 1, 1]
(0, (0, 0, 0), (3, 0)): [215, 49, 33, 19, 9, 10, 2, 1]
(0, (0, 0, 0), (3, 1)): [268, 59, 39, 16, 6, 2, 3, 1]
(0, (0, 0, 0), (3, 2)): [347, 71, 38, 14, 9, 3, 2, 1]
(0, (0, 0, 1), (0, 0)): [2508, 8270, 2300, 1086, 541, 219, 108, 60, 24, 10, 4, 1, 3]
(0, (0, 0, 1), (1, 0)): [3, 18, 7, 3, 2]
(0, (0, 1, 0), (0, 0)): [17451, 17928, 6815, 3217, 1637, 722, 302, 134, 58, 34, 13, 4, 2]
(0, (0, 1, 0), (0, 1)): [48, 49, 10, 3, 2, 1]
(0, (0, 1, 0), (0, 2)): [13, 12, 5, 3, 0, 1]
(0, (0, 1, 0), (1, 0)): [46, 36, 11, 12, 4, 2, 1]
(0, (0, 1, 0), (2, 0)): [13, 22, 5, 7, 2, 0, 1]
(0, (0, 1, 0), (2, 1)): [9, 17, 3, 6, 0, 1, 1]
(0, (0, 1, 0), (2, 2)): [11, 12, 4, 6]
(0, (0, 1, 0), (3, 1)): [6, 6, 2, 4, 1, 1, 1]
(0, (0, 1, 0), (3, 2)): [4, 8, 2, 3, 1, 0, 1]
(0, (0, 1, 1), (0, 0)): [1557, 2818, 3694, 1643, 872, 420, 181, 80, 43, 16, 6, 3, 0, 1, 1]
(0, (0, 1, 1), (0, 1)): [4, 5, 8, 3, 3, 0, 0, 0, 1]
(0, (0, 1, 1), (1, 0)): [4, 7, 10, 5, 3, 3, 3]
(0, (1, 0, 0), (0, 0)): [118582, 42068, 25882, 12994, 6199, 2814, 1187, 519, 217, 116, 50, 16, 11, 3, 2]
(0, (1, 0, 0), (0, 1)): [298, 69, 52, 22, 15, 5, 3, 1, 1, 1]
(0, (1, 0, 0), (0, 2)): [107, 23, 17, 6, 4, 2, 1, 1, 0, 1]
(0, (1, 0, 0), (1, 0)): [232, 93, 61, 18, 8, 4, 3, 4, 2]
(0, (1, 0, 0), (1, 1)): [193, 55, 43, 15, 10, 2, 1, 1]
(0, (1, 0, 0), (1, 2)): [105, 27, 26, 3, 5, 2, 1, 1]
(0, (1, 0, 0), (2, 0)): [90, 41, 19, 9, 4, 1, 2, 3, 2]
(0, (1, 0, 0), (2, 1)): [97, 33, 19, 10, 3, 0, 1, 0, 2]
(0, (1, 0, 0), (2, 2)): [91, 25, 18, 5, 2, 1, 0, 0, 1]
(0, (1, 0, 0), (3, 2)): [41, 15, 8, 3, 1, 1, 0, 0, 1]
(0, (1, 0, 1), (0, 0)): [2763, 8763, 3842, 2563, 1388, 650, 336, 137, 63, 27, 12, 8, 3, 0, 1]
(0, (1, 0, 1), (0, 1)): [5, 17, 2, 7, 2, 1, 3, 1]
(0, (1, 0, 1), (1, 0)): [12, 25, 8, 2, 5, 6, 0, 1]
(0, (1, 1, 0), (0, 0)): [15689, 10506, 8687, 5868, 3172, 1464, 653, 320, 125, 66, 34, 8, 5, 1]
(0, (1, 1, 0), (0, 1)): [52, 23, 19, 12, 3, 6, 1]
(0, (1, 1, 0), (0, 2)): [13, 7, 8, 5, 2, 1]
(0, (1, 1, 0), (1, 0)): [33, 22, 17, 16, 6, 5, 4, 2, 1]
(0, (1, 1, 0), (1, 1)): [30, 20, 12, 9, 1, 7, 1, 0, 1]
(0, (1, 1, 0), (1, 2)): [24, 10, 6, 6, 0, 1]
(0, (1, 1, 0), (2, 0)): [14, 4, 8, 7, 5, 1, 2, 2]
(0, (1, 1, 0), (2, 1)): [13, 7, 4, 4, 5, 4, 2]
(0, (1, 1, 0), (2, 2)): [11, 7, 2, 5, 1, 1, 1]
(0, (1, 1, 0), (3, 2)): [9, 2, 4, 3, 2, 1, 0, 1]
(0, (1, 1, 1), (0, 0)): [1630, 2990, 2595, 2127, 1651, 824, 378, 196, 87, 42, 23, 6, 1, 1, 1]
(1, (0, 0, 0), (0, 0)): [420514, 45560, 18808, 7503, 2977, 1208, 457, 189, 71, 25, 11, 6, 2, 1]
(1, (0, 0, 0), (0, 1)): [1174, 118, 36, 10, 9, 0, 0, 1]
(1, (0, 0, 0), (0, 2)): [482, 32, 14, 6, 3, 0, 0, 1]
(1, (0, 0, 0), (1, 0)): [1016, 119, 49, 14, 4, 3, 0, 1]
(1, (0, 0, 0), (1, 1)): [897, 97, 35, 11, 5, 1]
(1, (0, 0, 0), (1, 2)): [565, 53, 18, 10, 3, 1]
(1, (0, 0, 0), (2, 0)): [341, 49, 24, 5, 1, 1]
(1, (0, 0, 0), (2, 1)): [462, 53, 28, 6, 4]
(1, (0, 0, 0), (2, 2)): [453, 45, 22, 9, 4, 1]
(1, (0, 0, 0), (3, 0)): [133, 18, 8, 2, 1, 1]
(1, (0, 0, 0), (3, 1)): [188, 34, 13, 1, 1]
(1, (0, 0, 0), (3, 2)): [260, 35, 20, 4, 1, 1]
(1, (0, 0, 1), (0, 0)): [13550, 21425, 4170, 1736, 756, 294, 127, 65, 27, 9, 6, 4, 3, 1]
(1, (0, 0, 1), (0, 1)): [30, 49, 7, 2, 1]
(1, (0, 0, 1), (1, 0)): [33, 35, 11, 4, 3]
(1, (0, 0, 1), (1, 1)): [29, 27, 7, 3, 2]
(1, (0, 0, 1), (1, 2)): [16, 22, 4, 1]
(1, (0, 0, 1), (2, 0)): [13, 13, 7, 2, 2]
(1, (0, 0, 1), (2, 1)): [10, 15, 2, 1, 2]
(1, (0, 0, 1), (2, 2)): [12, 18, 2]
(1, (0, 0, 1), (3, 0)): [7, 10, 6, 2, 1]
(1, (0, 0, 1), (3, 2)): [8, 9, 1]
(1, (0, 1, 0), (0, 0)): [61774, 30556, 10359, 4286, 1766, 746, 265, 115, 34, 24, 7, 5, 4]
(1, (0, 1, 0), (0, 1)): [157, 57, 15, 7, 2, 1, 1, 1]
(1, (0, 1, 0), (0, 2)): [60, 21, 5, 0, 0, 1, 1]
(1, (0, 1, 0), (1, 0)): [179, 81, 25, 12, 9, 2]
(1, (0, 1, 0), (1, 1)): [143, 51, 10, 9, 5, 1, 0, 1]
(1, (0, 1, 0), (1, 2)): [97, 30, 9, 1, 1]
(1, (0, 1, 0), (2, 0)): [72, 25, 13, 6, 5, 1]
(1, (0, 1, 0), (2, 1)): [62, 26, 6, 9, 3, 2, 0, 1]
(1, (0, 1, 0), (2, 2)): [65, 20, 8, 5, 3, 1]
(1, (0, 1, 0), (3, 1)): [34, 15, 3, 5, 4, 1]
(1, (0, 1, 0), (3, 2)): [47, 7, 6, 6, 0, 1]
(1, (0, 1, 1), (0, 0)): [10477, 9111, 9136, 3565, 1663, 681, 260, 106, 55, 18, 8, 4, 1, 1]
(1, (0, 1, 1), (1, 0)): [40, 16, 18, 9, 9, 4, 2, 1]
(1, (0, 1, 1), (2, 0)): [24, 14, 9, 5, 6, 4, 1, 1]
(1, (0, 1, 1), (3, 0)): [17, 10, 6, 3, 6, 4, 1, 1]
(1, (1, 0, 0), (0, 0)): [171964, 32855, 19482, 8569, 3410, 1446, 528, 212, 92, 39, 16, 11, 2, 2]
(1, (1, 0, 0), (0, 1)): [444, 60, 47, 19, 9, 3, 2]
(1, (1, 0, 0), (0, 2)): [174, 25, 23, 5, 1]
(1, (1, 0, 0), (1, 0)): [406, 82, 64, 24, 5, 4, 0, 1]
(1, (1, 0, 0), (1, 1)): [319, 51, 31, 15, 4, 4, 1, 1]
(1, (1, 0, 0), (1, 2)): [212, 25, 17, 6, 2, 0, 1]
(1, (1, 0, 0), (2, 0)): [137, 32, 33, 12, 3, 1]
(1, (1, 0, 0), (2, 1)): [152, 31, 25, 10, 2, 3, 0, 1]
(1, (1, 0, 0), (2, 2)): [142, 19, 19, 6, 3, 1]
(1, (1, 0, 0), (3, 0)): [55, 17, 13, 7, 3]
(1, (1, 0, 0), (3, 1)): [62, 20, 12, 7, 0, 1, 0, 1]
(1, (1, 0, 0), (3, 2)): [78, 15, 11, 8, 0, 1]
(1, (1, 0, 1), (0, 0)): [13526, 17550, 6053, 3810, 1608, 702, 254, 102, 37, 27, 10, 2]
(1, (1, 0, 1), (0, 1)): [37, 33, 11, 9, 4, 1, 1, 1]
(1, (1, 0, 1), (0, 2)): [25, 7, 5, 6, 1, 1, 0, 1]
(1, (1, 0, 1), (1, 0)): [31, 46, 7, 11, 4, 4, 0, 1]
(1, (1, 0, 1), (1, 1)): [17, 30, 7, 8, 3, 0, 1]
(1, (1, 0, 1), (2, 1)): [10, 18, 0, 4, 0, 1, 1]
(1, (1, 0, 1), (3, 1)): [4, 8, 1, 2, 2]
(1, (1, 1, 0), (0, 0)): [44874, 14377, 10442, 6853, 2997, 1282, 510, 198, 79, 34, 11, 6, 2, 3]
(1, (1, 1, 0), (0, 1)): [110, 31, 24, 17, 7, 3, 1]
(1, (1, 1, 0), (0, 2)): [46, 17, 6, 7, 3]
(1, (1, 1, 0), (1, 0)): [101, 26, 26, 25, 12, 2]
(1, (1, 1, 0), (1, 1)): [88, 16, 17, 15, 3, 1, 1]
(1, (1, 1, 0), (1, 2)): [54, 9, 8, 8, 3]
(1, (1, 1, 0), (2, 0)): [32, 9, 10, 8, 8, 1]
(1, (1, 1, 0), (2, 1)): [45, 16, 5, 8, 3, 1, 1]
(1, (1, 1, 0), (2, 2)): [43, 9, 6, 6, 2]
(1, (1, 1, 1), (0, 0)): [8985, 7504, 4920, 3507, 2356, 1061, 441, 176, 71, 27, 11, 6, 2, 1]
(1, (1, 1, 1), (0, 1)): [30, 22, 13, 10, 4, 3, 0, 1]
(1, (1, 1, 1), (1, 0)): [22, 15, 19, 8, 11, 4, 3, 1]
(1, (1, 1, 1), (1, 1)): [18, 19, 8, 9, 6, 2, 1, 1]
(1, (1, 1, 1), (1, 2)): [12, 8, 1, 7, 2, 2, 1, 1]
(1, (1, 1, 1), (2, 0)): [5, 5, 12, 3, 6, 2, 1, 1]
(1, (1, 1, 1), (2, 1)): [9, 8, 9, 4, 5, 1, 1]
(1, (1, 1, 1), (2, 2)): [7, 7, 6, 3, 4, 2, 2, 1]
(1, (1, 1, 1), (3, 0)): [2, 4, 4, 2, 3, 2]
(1, (1, 1, 1), (3, 2)): [7, 4, 2, 5, 4, 3]
(2, (0, 0, 0), (0, 0)): [360891, 15380, 5233, 1619, 583, 218, 72, 29, 6, 2, 2]
(2, (0, 0, 0), (0, 1)): [1032, 51, 12, 4, 1]
(2, (0, 0, 0), (0, 2)): [381, 13, 4, 3]
(2, (0, 0, 0), (1, 0)): [1037, 66, 22, 8, 3]
(2, (0, 0, 0), (1, 1)): [885, 45, 14, 3, 2]
(2, (0, 0, 0), (1, 2)): [514, 15, 9, 2, 1]
(2, (0, 0, 0), (2, 0)): [392, 26, 10, 5, 1]
(2, (0, 0, 0), (2, 1)): [532, 31, 8, 5, 1]
(2, (0, 0, 0), (2, 2)): [455, 19, 10, 6, 1]
(2, (0, 0, 0), (3, 0)): [136, 12, 7, 2, 1]
(2, (0, 0, 0), (3, 1)): [234, 19, 5, 0, 1]
(2, (0, 0, 0), (3, 2)): [308, 21, 10, 2, 1]
(2, (0, 0, 1), (0, 0)): [40773, 13878, 2456, 828, 283, 108, 39, 11, 1, 2, 0, 1]
(2, (0, 0, 1), (0, 1)): [96, 34, 8]
(2, (0, 0, 1), (1, 0)): [88, 33, 6, 0, 0, 1]
(2, (0, 0, 1), (2, 0)): [41, 12, 4, 0, 0, 1]
(2, (0, 0, 1), (3, 0)): [22, 4, 3, 0, 0, 1]
(2, (0, 1, 0), (0, 0)): [100392, 23590, 5681, 1911, 619, 224, 73, 21, 6, 1]
(2, (0, 1, 0), (0, 1)): [225, 44, 8, 2, 4]
(2, (0, 1, 0), (0, 2)): [91, 8, 1, 1, 2]
(2, (0, 1, 0), (1, 0)): [285, 46, 18, 7, 2, 1]
(2, (0, 1, 0), (1, 1)): [197, 42, 9, 0, 2]
(2, (0, 1, 0), (1, 2)): [124, 17, 5, 1, 4]
(2, (0, 1, 0), (2, 0)): [137, 22, 13, 7, 2, 1]
(2, (0, 1, 0), (2, 1)): [123, 23, 7, 2, 0, 1]
(2, (0, 1, 0), (2, 2)): [122, 16, 6, 1, 3]
(2, (0, 1, 0), (3, 0)): [81, 12, 8, 3, 1]
(2, (0, 1, 0), (3, 1)): [65, 14, 3, 1, 1, 1]
(2, (0, 1, 0), (3, 2)): [88, 12, 7, 0, 1, 1]
(2, (0, 1, 1), (0, 0)): [24893, 2225, 6010, 1570, 583, 202, 65, 22, 10, 3, 1]
(2, (0, 1, 1), (0, 1)): [62, 6, 14, 2, 2]
(2, (0, 1, 1), (0, 2)): [28, 1, 5, 2, 2]
(2, (0, 1, 1), (1, 1)): [49, 6, 14, 2]
(2, (0, 1, 1), (1, 2)): [33, 1, 9, 2, 1]
(2, (0, 1, 1), (2, 1)): [21, 3, 5, 1]
(2, (0, 1, 1), (3, 1)): [12, 1, 4, 1]
(2, (0, 1, 1), (3, 2)): [19, 0, 9, 1]
(2, (1, 0, 0), (0, 0)): [210929, 16423, 9027, 2971, 989, 327, 123, 45, 11, 3, 3]
(2, (1, 0, 0), (0, 1)): [484, 23, 18, 7, 2, 1]
(2, (1, 0, 0), (0, 2)): [172, 10, 4, 0, 1, 1]
(2, (1, 0, 0), (1, 0)): [504, 24, 23, 9, 4, 1]
(2, (1, 0, 0), (1, 1)): [385, 15, 16, 9, 1]
(2, (1, 0, 0), (1, 2)): [217, 11, 9, 4, 1]
(2, (1, 0, 0), (2, 0)): [178, 13, 6, 6, 2]
(2, (1, 0, 0), (2, 1)): [179, 12, 6, 0, 1]
(2, (1, 0, 0), (2, 2)): [158, 11, 11, 1, 1]
(2, (1, 0, 0), (3, 0)): [62, 7, 2, 4, 2]
(2, (1, 0, 0), (3, 1)): [80, 8, 4, 1]
(2, (1, 0, 0), (3, 2)): [85, 10, 4, 1, 1]
(2, (1, 0, 1), (0, 0)): [35400, 9563, 4119, 2105, 669, 254, 79, 32, 11, 2, 0, 1]
(2, (1, 0, 1), (0, 1)): [78, 17, 8, 9, 1, 1]
(2, (1, 0, 1), (0, 2)): [31, 5, 3, 4]
(2, (1, 0, 1), (1, 0)): [73, 12, 8, 9, 2, 1]
(2, (1, 0, 1), (1, 1)): [50, 11, 3, 3, 1]
(2, (1, 0, 1), (1, 2)): [29, 7, 3, 3]
(2, (1, 0, 1), (2, 0)): [33, 4, 6, 6, 2]
(2, (1, 0, 1), (2, 2)): [19, 3, 3, 2]
(2, (1, 0, 1), (3, 0)): [19, 1, 2, 1]
(2, (1, 0, 1), (3, 1)): [13, 0, 2, 2, 1]
(2, (1, 1, 0), (0, 0)): [74923, 11866, 6444, 3813, 1213, 438, 131, 44, 18, 7, 4, 0, 0, 1]
(2, (1, 1, 0), (0, 1)): [188, 24, 17, 6, 5]
(2, (1, 1, 0), (1, 0)): [175, 24, 14, 15, 2, 2, 0, 1]
(2, (1, 1, 0), (1, 1)): [128, 19, 6, 5, 2]
(2, (1, 1, 0), (1, 2)): [83, 12, 5, 2, 1]
(2, (1, 1, 0), (2, 0)): [75, 9, 8, 9, 1, 1, 0, 1]
(2, (1, 1, 0), (2, 1)): [70, 9, 5, 2, 1]
(2, (1, 1, 0), (2, 2)): [63, 10, 5, 2, 1]
(2, (1, 1, 0), (3, 1)): [34, 2, 4, 5]
(2, (1, 1, 0), (3, 2)): [41, 2, 7, 3, 1]
(2, (1, 1, 1), (0, 0)): [22143, 3364, 3881, 2049, 1344, 455, 149, 54, 23, 6, 4, 0, 0, 1]
(2, (1, 1, 1), (0, 1)): [75, 10, 12, 6, 2, 1]
(2, (1, 1, 1), (0, 2)): [43, 5, 1, 0, 0, 1]
(2, (1, 1, 1), (1, 0)): [52, 19, 11, 14, 1, 1]
(2, (1, 1, 1), (1, 1)): [37, 6, 12, 7]
(2, (1, 1, 1), (1, 2)): [33, 4, 4, 3, 0, 1]
(2, (1, 1, 1), (2, 0)): [23, 16, 3, 8, 1, 1]
(2, (1, 1, 1), (2, 2)): [20, 6, 4, 4]
(2, (1, 1, 1), (3, 0)): [8, 12, 1, 5, 1, 1]
(2, (1, 1, 1), (3, 2)): [12, 6, 2, 6]
