(0, (0, 0, 0)): [27090, 5220, 2270, 1060, 406, 190, 69, 33, 16, 6, 5, 2]
(0, (0, 0, 1)): [127, 272, 66, 42, 14, 7, 3, 1, 1]
(0, (0, 1, 0)): [984, 762, 273, 163, 70, 33, 14, 7, 2, 1]
(0, (0, 1, 1)): [95, 122, 126, 68, 33, 15, 7, 3, 3, 1]
(0, (1, 0, 0)): [5703, 1824, 1106, 574, 248, 121, 36, 22, 10, 5, 4, 1]
(0, (1, 0, 1)): [170, 371, 152, 109, 52, 29, 12, 3, 4, 1, 2]
(0, (1, 1, 0)): [751, 477, 337, 258, 126, 60, 18, 12, 5, 5, 1, 1]
(0, (1, 1, 1)): [72, 142, 96, 71, 67, 37, 13, 8, 3, 1, 1]
(1, (0, 0, 0)): [22141, 2311, 952, 345, 112, 46, 22, 12, 3, 1, 1, 1]
(1, (0, 0, 1)): [578, 683, 109, 60, 26, 8, 3, 2]
(1, (0, 1, 0)): [2787, 1113, 397, 168, 69, 30, 9, 4, 1, 1, 2]
(1, (0, 1, 1)): [488, 305, 274, 104, 58, 24, 9, 5, 0, 1, 0, 1]
(1, (1, 0, 0)): [8102, 1334, 880, 376, 126, 49, 23, 14, 2, 1, 1, 1]
(1, (1, 0, 1)): [732, 707, 208, 142, 58, 17, 8, 5, 0, 1]
(1, (1, 1, 0)): [2159, 681, 407, 318, 106, 56, 19, 11, 3, 1]
(1, (1, 1, 1)): [501, 345, 227, 148, 93, 58, 17, 11, 1, 1, 1, 1]
(2, (0, 0, 0)): [19344, 874, 300, 83, 18, 7, 4, 1]
(2, (0, 0, 1)): [1530, 403, 98, 32, 12, 1, 2, 0, 1]
(2, (0, 1, 0)): [4423, 882, 235, 93, 30, 8, 3, 1, 1, 1, 1]
(2, (0, 1, 1)): [928, 81, 176, 57, 19, 4, 1, 0, 2]
(2, (1, 0, 0)): [9830, 667, 468, 140, 35, 12, 5, 1]
(2, (1, 0, 1)): [1770, 380, 149, 109, 24, 9, 5, 1, 2, 1]
(2, (1, 1, 0)): [3858, 589, 302, 191, 64, 20, 10, 2, 1, 1]
(2, (1, 1, 1)): [1164, 189, 185, 93, 74, 26, 10, 5, 1]
