(0, (0, 0, 0), (0, 0)): [1554004, 310684, 142395, 64411, 28609, 12149, 4982, 2079, 831, 374, 158, 67, 32, 11, 4, 1, 0, 1]
(0, (0, 0, 0), (0, 1)): [62171, 11392, 5101, 2243, 910, 398, 147, 70, 23, 15, 4, 0, 2, 1, 0, 1]
(0, (0, 0, 0), (0, 2)): [23193, 3761, 1652, 692, 281, 130, 48, 23, 11, 4, 1, 0, 1]
(0, (0, 0, 0), (1, 0)): [57613, 12347, 5780, 2620, 1247, 493, 212, 94, 36, 14, 7, 0, 0, 1, 1]
(0, (0, 0, 0), (1, 1)): [53082, 10288, 4729, 2151, 930, 375, 147, 66, 24, 11, 7, 0, 1, 1, 0, 1]
(0, (0, 0, 0), (1, 2)): [35257, 6013, 2710, 1141, 511, 243, 75, 37, 15, 7, 1, 0, 2]
(0, (0, 0, 0), (2, 0)): [18967, 4496, 2234, 1040, 511, 196, 88, 45, 14, 5, 3, 0, 0, 0, 1]
(0, (0, 0, 0), (2, 1)): [28070, 5907, 2847, 1330, 592, 227, 103, 55, 18, 4, 3, 0, 0, 1]
(0, (0, 0, 0), (2, 2)): [27866, 5093, 2463, 1084, 466, 198, 65, 32, 18, 7, 1, 0, 2]
(0, (0, 0, 0), (3, 0)): [5826, 1621, 900, 451, 216, 94, 39, 16, 6, 2, 2, 0, 0, 0, 1]
(0, (0, 0, 0), (3, 1)): [10919, 2806, 1464, 720, 332, 127, 57, 32, 10, 2, 1, 0, 0, 0, 1]
(0, (0, 0, 0), (3, 2)): [14825, 3217, 1824, 755, 357, 154, 54, 32, 12, 6, 1, 0, 2, 0, 1]
(0, (0, 0, 1), (0, 0)): [6551, 19565, 5331, 2518, 1204, 503, 230, 105, 37, 23, 10, 3, 3, 2]
(0, (0, 0, 1), (0, 1)): [211, 591, 183, 67, 35, 12, 6, 3, 0, 1, 0, 0, 0, 1]
(0, (0, 0, 1), (0, 2)): [89, 232, 58, 23, 14, 4, 0, 1]
(0, (0, 0, 1), (1, 0)): [214, 686, 172, 99, 46, 20, 10, 6, 1, 1, 2]
(0, (0, 0, 1), (1, 1)): [199, 529, 152, 63, 40, 14, 8, 2, 0, 1, 2, 0, 0, 1]
(0, (0, 0, 1), (1, 2)): [139, 359, 93, 39, 21, 7, 3, 3, 0, 1, 1]
(0, (0, 0, 1), (2, 0)): [83, 271, 71, 45, 16, 10, 2, 4, 1, 1]
(0, (0, 0, 1), (2, 1)): [116, 291, 97, 47, 29, 7, 3, 1, 0, 1, 1]
(0, (0, 0, 1), (2, 2)): [129, 312, 88, 34, 25, 6, 2, 0, 0, 1, 1]
(0, (0, 0, 1), (3, 0)): [22, 108, 23, 16, 6, 6, 2, 1, 1]
(0, (0, 0, 1), (3, 1)): [54, 131, 38, 25, 14, 5, 0, 1]
(0, (0, 0, 1), (3, 2)): [73, 189, 46, 28, 20, 5, 1, 1, 0, 1, 1]
(0, (0, 1, 0), (0, 0)): [55231, 51389, 19968, 9555, 4595, 1959, 836, 356, 145, 80, 27, 6, 3, 3, 2]
(0, (0, 1, 0), (0, 1)): [2162, 1958, 715, 304, 149, 64, 36, 16, 6, 1]
(0, (0, 1, 0), (0, 2)): [855, 644, 246, 86, 50, 22, 18, 5, 3]
(0, (0, 1, 0), (1, 0)): [2189, 2041, 858, 386, 190, 87, 34, 20, 5, 2, 0, 0, 0, 1, 1]
(0, (0, 1, 0), (1, 1)): [1860, 1691, 658, 288, 129, 53, 22, 16, 1, 2]
(0, (0, 1, 0), (1, 2)): [1290, 1001, 379, 169, 75, 28, 15, 10, 1, 1]
(0, (0, 1, 0), (2, 0)): [817, 735, 321, 152, 68, 46, 17, 8, 3, 1, 0, 0, 0, 1]
(0, (0, 1, 0), (2, 1)): [994, 948, 382, 160, 81, 41, 15, 10, 1, 2, 0, 0, 0, 1]
(0, (0, 1, 0), (2, 2)): [1085, 805, 350, 149, 67, 22, 14, 6, 2, 1]
(0, (0, 1, 0), (3, 0)): [289, 213, 118, 65, 35, 18, 11, 6, 3]
(0, (0, 1, 0), (3, 1)): [431, 378, 176, 96, 49, 25, 10, 7, 0, 0, 0, 0, 0, 1]
(0, (0, 1, 0), (3, 2)): [637, 486, 234, 105, 54, 18, 16, 3, 1, 1]
(0, (0, 1, 1), (0, 0)): [4603, 7812, 9378, 4322, 2281, 1060, 457, 207, 103, 45, 11, 6, 2, 2, 1, 0, 0, 1]
(0, (0, 1, 1), (0, 1)): [193, 268, 326, 137, 73, 36, 18, 5, 3, 1, 1]
(0, (0, 1, 1), (0, 2)): [99, 104, 122, 49, 27, 12, 7, 2, 1]
(0, (0, 1, 1), (1, 0)): [178, 341, 412, 198, 110, 43, 24, 10, 6, 1, 0, 1]
(0, (0, 1, 1), (1, 1)): [147, 247, 294, 133, 68, 28, 14, 7, 2, 1, 1]
(0, (0, 1, 1), (1, 2)): [123, 142, 159, 72, 48, 18, 9, 3, 2]
(0, (0, 1, 1), (2, 0)): [85, 159, 173, 96, 59, 25, 11, 6, 4, 1, 0, 1]
(0, (0, 1, 1), (2, 1)): [82, 152, 178, 84, 36, 17, 7, 8, 4, 1]
(0, (0, 1, 1), (2, 2)): [99, 136, 134, 62, 31, 15, 9, 5, 2]
(0, (0, 1, 1), (3, 0)): [50, 75, 77, 54, 43, 19, 4, 2, 0, 1, 0, 1]
(0, (0, 1, 1), (3, 1)): [40, 56, 67, 43, 29, 5, 2, 2, 3]
(0, (0, 1, 1), (3, 2)): [53, 70, 87, 44, 26, 12, 5, 6, 4]
(0, (1, 0, 0), (0, 0)): [332144, 111564, 69990, 34423, 16316, 7277, 3014, 1306, 545, 247, 109, 42, 22, 5, 3, 1, 0, 1]
(0, (1, 0, 0), (0, 1)): [12165, 3667, 2341, 1084, 537, 244, 89, 50, 20, 3]
(0, (1, 0, 0), (0, 2)): [4468, 1143, 767, 324, 169, 63, 31, 8, 8, 1]
(0, (1, 0, 0), (1, 0)): [11016, 3880, 2608, 1258, 614, 262, 122, 52, 22, 16, 7, 1, 0, 1, 1]
(0, (1, 0, 0), (1, 1)): [9118, 2940, 1925, 897, 441, 195, 78, 40, 13, 7, 3, 1]
(0, (1, 0, 0), (1, 2)): [5800, 1595, 1040, 481, 241, 92, 48, 16, 8, 4]
(0, (1, 0, 0), (2, 0)): [3437, 1264, 889, 497, 244, 111, 48, 25, 10, 7, 4, 0, 0, 1]
(0, (1, 0, 0), (2, 1)): [4379, 1512, 1039, 516, 257, 114, 41, 23, 9, 7, 3, 1, 0, 1]
(0, (1, 0, 0), (2, 2)): [4080, 1198, 828, 366, 205, 75, 42, 19, 8, 7, 1]
(0, (1, 0, 0), (3, 0)): [913, 393, 294, 204, 112, 40, 17, 11, 4, 2, 1]
(0, (1, 0, 0), (3, 1)): [1585, 617, 437, 284, 152, 56, 19, 10, 7, 2, 2, 1, 0, 1]
(0, (1, 0, 0), (3, 2)): [1997, 675, 474, 248, 158, 58, 21, 14, 6, 3]
(0, (1, 0, 1), (0, 0)): [7954, 23919, 9811, 6693, 3522, 1606, 761, 316, 153, 61, 32, 15, 5, 1, 2, 0, 0, 1]
(0, (1, 0, 1), (0, 1)): [292, 834, 337, 224, 112, 54, 25, 9, 6, 1, 1, 0, 1]
(0, (1, 0, 1), (0, 2)): [137, 294, 105, 82, 28, 21, 10, 4, 2]
(0, (1, 0, 1), (1, 0)): [262, 902, 341, 248, 127, 66, 15, 11, 8, 3, 1, 0, 0, 0, 1]
(0, (1, 0, 1), (1, 1)): [225, 662, 267, 172, 97, 39, 14, 7, 5, 0, 2]
(0, (1, 0, 1), (1, 2)): [190, 390, 145, 95, 47, 18, 10, 4, 3]
(0, (1, 0, 1), (2, 0)): [87, 323, 125, 83, 50, 36, 5, 5, 2, 2]
(0, (1, 0, 1), (2, 1)): [92, 359, 152, 83, 51, 26, 7, 4, 6, 0, 1]
(0, (1, 0, 1), (2, 2)): [126, 295, 116, 69, 39, 13, 9, 6, 1, 0, 1]
(0, (1, 0, 1), (3, 0)): [30, 104, 42, 27, 22, 17, 1, 4, 0, 1]
(0, (1, 0, 1), (3, 1)): [31, 123, 53, 39, 36, 15, 3, 2, 2, 1]
(0, (1, 0, 1), (3, 2)): [54, 130, 72, 37, 34, 14, 5, 4, 3, 1, 1]
(0, (1, 1, 0), (0, 0)): [45571, 29012, 21860, 15445, 8215, 3851, 1629, 780, 313, 151, 68, 24, 10, 3]
(0, (1, 1, 0), (0, 1)): [1841, 977, 707, 490, 287, 120, 51, 26, 6, 3, 1, 1]
(0, (1, 1, 0), (0, 2)): [741, 333, 237, 157, 94, 40, 20, 10, 2, 1]
(0, (1, 1, 0), (1, 0)): [1443, 930, 685, 509, 269, 147, 67, 35, 12, 6, 1, 0, 0, 2]
(0, (1, 1, 0), (1, 1)): [1260, 719, 527, 396, 203, 107, 45, 24, 6, 5, 1, 0, 0, 1]
(0, (1, 1, 0), (1, 2)): [895, 449, 302, 233, 122, 50, 21, 16, 2, 4, 0, 0, 0, 1]
(0, (1, 1, 0), (2, 0)): [427, 284, 239, 184, 96, 53, 28, 11, 7, 2, 0, 0, 0, 1]
(0, (1, 1, 0), (2, 1)): [569, 367, 268, 221, 111, 60, 29, 11, 6, 3]
(0, (1, 1, 0), (2, 2)): [601, 343, 230, 169, 94, 49, 20, 14, 4, 4]
(0, (1, 1, 0), (3, 0)): [98, 89, 82, 56, 39, 22, 11, 6, 3, 1, 0, 0, 0, 1]
(0, (1, 1, 0), (3, 1)): [198, 145, 110, 98, 51, 34, 19, 4, 2, 1]
(0, (1, 1, 0), (3, 2)): [283, 172, 128, 116, 65, 35, 13, 10, 3]
(0, (1, 1, 1), (0, 0)): [4446, 8343, 6853, 5171, 4076, 2038, 939, 466, 205, 92, 43, 15, 5, 2, 1]
(0, (1, 1, 1), (0, 1)): [184, 287, 258, 141, 131, 70, 27, 14, 8, 4, 1, 1, 1, 1]
(0, (1, 1, 1), (0, 2)): [81, 121, 93, 43, 46, 28, 9, 3, 4, 1, 0, 1, 1]
(0, (1, 1, 1), (1, 0)): [146, 285, 252, 204, 158, 83, 31, 18, 7, 2, 1, 1]
(0, (1, 1, 1), (1, 1)): [136, 223, 213, 132, 116, 56, 24, 15, 3, 4, 1, 0, 0, 1]
(0, (1, 1, 1), (1, 2)): [110, 156, 127, 68, 61, 35, 9, 7, 4, 1, 0, 1, 0, 1]
(0, (1, 1, 1), (2, 0)): [43, 93, 75, 80, 60, 33, 10, 9, 4, 0, 1]
(0, (1, 1, 1), (2, 1)): [63, 99, 99, 83, 57, 26, 12, 8, 5, 1]
(0, (1, 1, 1), (2, 2)): [69, 113, 90, 70, 49, 27, 9, 6, 1, 2, 0, 1]
(0, (1, 1, 1), (3, 0)): [10, 31, 23, 28, 20, 13, 4, 4, 1, 0, 1]
(0, (1, 1, 1), (3, 1)): [18, 48, 41, 43, 22, 11, 5, 2, 2, 0, 1]
(0, (1, 1, 1), (3, 2)): [26, 52, 52, 49, 35, 17, 7, 3, 3, 0, 0, 1]
(1, (0, 0, 0), (0, 0)): [1259801, 136627, 55759, 21913, 8469, 3213, 1230, 459, 168, 67, 28, 15, 7, 3, 0, 1]
(1, (0, 0, 0), (0, 1)): [51280, 4988, 1992, 786, 296, 98, 29, 18, 2, 0, 0, 0, 0, 1]
(1, (0, 0, 0), (0, 2)): [19158, 1552, 597, 258, 84, 30, 5, 3]
(1, (0, 0, 0), (1, 0)): [48974, 5917, 2436, 958, 371, 124, 50, 18, 4, 3, 1, 0, 0, 0, 0, 1]
(1, (0, 0, 0), (1, 1)): [44697, 4725, 1900, 733, 289, 97, 37, 18, 3, 1, 0, 0, 0, 1]
(1, (0, 0, 0), (1, 2)): [29357, 2553, 1009, 423, 166, 66, 16, 6, 1]
(1, (0, 0, 0), (2, 0)): [16526, 2313, 1022, 384, 151, 53, 21, 7, 0, 2, 1, 0, 0, 0, 0, 1]
(1, (0, 0, 0), (2, 1)): [23991, 2874, 1205, 452, 174, 58, 22, 9, 0, 3, 1]
(1, (0, 0, 0), (2, 2)): [23618, 2317, 959, 397, 157, 71, 19, 6, 1, 0, 1]
(1, (0, 0, 0), (3, 0)): [5093, 813, 467, 151, 73, 25, 12, 1, 0, 0, 0, 0, 0, 0, 0, 1]
(1, (0, 0, 0), (3, 1)): [9757, 1444, 721, 261, 119, 31, 15, 5, 0, 2]
(1, (0, 0, 0), (3, 2)): [12968, 1593, 752, 304, 133, 43, 16, 4, 0, 0, 1]
(1, (0, 0, 1), (0, 0)): [35379, 50845, 9985, 4228, 1769, 704, 276, 111, 46, 18, 9, 5, 4, 1]
(1, (0, 0, 1), (0, 1)): [1329, 1550, 315, 103, 45, 19, 10, 2]
(1, (0, 0, 1), (0, 2)): [576, 509, 97, 26, 15, 3, 4]
(1, (0, 0, 1), (1, 0)): [1395, 2083, 423, 211, 85, 31, 13, 4, 1, 1]
(1, (0, 0, 1), (1, 1)): [1215, 1488, 298, 126, 46, 16, 4, 4]
(1, (0, 0, 1), (1, 2)): [894, 833, 133, 50, 24, 6, 3]
(1, (0, 0, 1), (2, 0)): [574, 831, 188, 93, 49, 16, 10, 1, 1, 1]
(1, (0, 0, 1), (2, 1)): [649, 864, 177, 86, 36, 15, 8, 3]
(1, (0, 0, 1), (2, 2)): [732, 716, 133, 61, 20, 8, 3, 1]
(1, (0, 0, 1), (3, 0)): [270, 356, 96, 53, 25, 8, 5, 1, 1]
(1, (0, 0, 1), (3, 1)): [284, 394, 88, 42, 21, 6, 5, 2]
(1, (0, 0, 1), (3, 2)): [436, 420, 97, 49, 23, 6, 4, 1]
(1, (0, 1, 0), (0, 0)): [172378, 76737, 27440, 11726, 4691, 1855, 629, 288, 88, 41, 21, 9, 9, 2, 1]
(1, (0, 1, 0), (0, 1)): [6351, 2496, 880, 353, 131, 51, 15, 6, 2, 2]
(1, (0, 1, 0), (0, 2)): [2451, 864, 284, 118, 38, 13, 5, 1]
(1, (0, 1, 0), (1, 0)): [7315, 3173, 1154, 597, 244, 92, 26, 15, 6, 1, 1, 0, 0, 1]
(1, (0, 1, 0), (1, 1)): [5795, 2256, 789, 368, 143, 63, 14, 9, 4, 1, 0, 0, 0, 1]
(1, (0, 1, 0), (1, 2)): [3827, 1350, 490, 188, 57, 26, 8, 4, 1, 1]
(1, (0, 1, 0), (2, 0)): [3173, 1357, 548, 315, 130, 45, 18, 10, 3, 0, 1]
(1, (0, 1, 0), (2, 1)): [3195, 1327, 459, 247, 115, 40, 11, 9, 2, 0, 1, 0, 0, 1]
(1, (0, 1, 0), (2, 2)): [3141, 1187, 407, 169, 68, 28, 6, 3, 2]
(1, (0, 1, 0), (3, 0)): [1559, 600, 255, 204, 79, 26, 10, 6, 3]
(1, (0, 1, 0), (3, 1)): [1547, 571, 235, 152, 76, 26, 8, 6, 3, 0, 0, 0, 0, 1]
(1, (0, 1, 0), (3, 2)): [1868, 687, 273, 146, 73, 17, 8, 5, 1, 0, 0, 0, 0, 1]
(1, (0, 1, 1), (0, 0)): [27553, 22549, 20433, 8078, 4128, 1616, 634, 246, 119, 41, 12, 7, 2, 2, 0, 1]
(1, (0, 1, 1), (0, 1)): [871, 605, 557, 203, 89, 39, 18, 5, 0, 1]
(1, (0, 1, 1), (0, 2)): [412, 206, 200, 74, 29, 12, 6, 0, 0, 1]
(1, (0, 1, 1), (1, 0)): [1324, 1142, 857, 344, 248, 75, 39, 15, 7, 2]
(1, (0, 1, 1), (1, 1)): [763, 567, 503, 175, 95, 24, 16, 7, 1, 1]
(1, (0, 1, 1), (1, 2)): [588, 318, 316, 108, 49, 15, 9, 1, 1, 1]
(1, (0, 1, 1), (2, 0)): [815, 688, 482, 224, 180, 62, 30, 11, 6, 1]
(1, (0, 1, 1), (2, 1)): [417, 348, 275, 100, 63, 19, 13, 2, 0, 1]
(1, (0, 1, 1), (2, 2)): [460, 283, 272, 96, 48, 11, 3, 2, 1, 1]
(1, (0, 1, 1), (3, 0)): [627, 507, 327, 174, 146, 53, 25, 11, 6, 1]
(1, (0, 1, 1), (3, 1)): [193, 162, 106, 48, 33, 13, 9]
(1, (0, 1, 1), (3, 2)): [269, 182, 134, 58, 36, 10, 2, 1, 1, 1]
(1, (1, 0, 0), (0, 0)): [479138, 85590, 54145, 22884, 9245, 3654, 1427, 512, 218, 91, 33, 22, 5, 3, 0, 2]
(1, (1, 0, 0), (0, 1)): [17614, 2688, 1766, 763, 274, 108, 50, 13, 3, 4]
(1, (1, 0, 0), (0, 2)): [6371, 847, 603, 237, 77, 33, 18, 4, 1, 3]
(1, (1, 0, 0), (1, 0)): [17295, 3373, 2238, 941, 385, 145, 51, 24, 5, 4, 1, 0, 1, 0, 0, 1]
(1, (1, 0, 0), (1, 1)): [14217, 2344, 1564, 685, 238, 101, 39, 15, 3, 1, 1, 0, 0, 0, 0, 1]
(1, (1, 0, 0), (1, 2)): [8861, 1268, 913, 329, 112, 46, 21, 10, 0, 1, 1]
(1, (1, 0, 0), (2, 0)): [5612, 1207, 801, 391, 155, 63, 21, 6, 4, 3, 0, 0, 1]
(1, (1, 0, 0), (2, 1)): [7200, 1320, 884, 433, 149, 62, 29, 6, 4, 0, 0, 0, 0, 0, 0, 1]
(1, (1, 0, 0), (2, 2)): [6587, 1048, 748, 313, 101, 42, 19, 7, 1, 1, 1]
(1, (1, 0, 0), (3, 0)): [1628, 396, 248, 159, 68, 29, 6, 2, 1, 3, 0, 0, 1]
(1, (1, 0, 0), (3, 1)): [2693, 640, 380, 216, 87, 37, 11, 5, 1, 2, 0, 0, 0, 0, 0, 1]
(1, (1, 0, 0), (3, 2)): [3232, 666, 428, 226, 69, 33, 14, 3, 2, 2, 1, 0, 0, 0, 0, 1]
(1, (1, 0, 1), (0, 0)): [38504, 45023, 14562, 9626, 4133, 1666, 664, 256, 87, 57, 15, 6, 0, 1]
(1, (1, 0, 1), (0, 1)): [1587, 1390, 450, 309, 140, 49, 21, 6, 5, 5]
(1, (1, 0, 1), (0, 2)): [703, 422, 151, 110, 33, 16, 8, 4, 2, 3]
(1, (1, 0, 1), (1, 0)): [1396, 1646, 550, 347, 179, 55, 24, 8, 2, 4]
(1, (1, 0, 1), (1, 1)): [1210, 1120, 378, 245, 119, 28, 19, 4, 2, 2]
(1, (1, 0, 1), (1, 2)): [906, 608, 215, 150, 54, 21, 9, 5, 2, 3]
(1, (1, 0, 1), (2, 0)): [503, 562, 186, 124, 72, 30, 7, 2, 2, 2]
(1, (1, 0, 1), (2, 1)): [571, 560, 198, 138, 75, 20, 9, 2, 3, 1]
(1, (1, 0, 1), (2, 2)): [600, 450, 180, 100, 57, 15, 9, 3, 4, 2]
(1, (1, 0, 1), (3, 0)): [178, 194, 64, 42, 35, 13, 4, 0, 0, 1]
(1, (1, 0, 1), (3, 1)): [211, 234, 84, 62, 42, 14, 1, 1, 0, 1]
(1, (1, 0, 1), (3, 2)): [286, 244, 100, 73, 44, 17, 7, 3, 2, 2]
(1, (1, 1, 0), (0, 0)): [131133, 40429, 27053, 19101, 7993, 3291, 1284, 524, 212, 80, 26, 15, 9, 5, 1]
(1, (1, 1, 0), (0, 1)): [5202, 1399, 842, 654, 250, 111, 41, 21, 6, 1]
(1, (1, 1, 0), (0, 2)): [2108, 496, 280, 232, 80, 33, 16, 6, 2]
(1, (1, 1, 0), (1, 0)): [4612, 1499, 1029, 760, 331, 128, 57, 24, 5, 3, 0, 0, 2, 1]
(1, (1, 1, 0), (1, 1)): [3946, 1163, 758, 564, 229, 97, 35, 19, 2, 3]
(1, (1, 1, 0), (1, 2)): [2847, 673, 434, 335, 127, 46, 23, 11, 1]
(1, (1, 1, 0), (2, 0)): [1494, 529, 350, 277, 130, 58, 25, 9, 4, 1, 0, 0, 2, 1]
(1, (1, 1, 0), (2, 1)): [1907, 667, 426, 310, 123, 67, 25, 9, 4, 1, 0, 0, 1]
(1, (1, 1, 0), (2, 2)): [2028, 539, 332, 245, 106, 51, 16, 4, 1]
(1, (1, 1, 0), (3, 0)): [383, 196, 111, 80, 66, 25, 9, 5, 2, 1, 0, 0, 1]
(1, (1, 1, 0), (3, 1)): [729, 315, 206, 138, 70, 27, 16, 7, 3, 2, 0, 0, 1]
(1, (1, 1, 0), (3, 2)): [987, 349, 214, 129, 74, 36, 17, 7, 1, 2, 0, 0, 1]
(1, (1, 1, 1), (0, 0)): [26717, 21244, 13578, 8917, 6470, 2738, 1118, 420, 182, 66, 20, 15, 8, 3, 1, 1]
(1, (1, 1, 1), (0, 1)): [1131, 738, 484, 285, 238, 88, 40, 17, 10, 1]
(1, (1, 1, 1), (0, 2)): [549, 257, 173, 104, 80, 26, 18, 4, 1, 1]
(1, (1, 1, 1), (1, 0)): [909, 785, 486, 304, 236, 101, 56, 15, 6, 3, 0, 1, 1]
(1, (1, 1, 1), (1, 1)): [804, 599, 390, 248, 190, 80, 35, 12, 5]
(1, (1, 1, 1), (1, 2)): [628, 327, 248, 145, 102, 51, 24, 8, 2]
(1, (1, 1, 1), (2, 0)): [242, 254, 185, 109, 88, 44, 20, 8, 1, 2, 0, 1, 1]
(1, (1, 1, 1), (2, 1)): [353, 346, 210, 135, 95, 41, 25, 5, 2, 1, 0, 1]
(1, (1, 1, 1), (2, 2)): [426, 274, 205, 129, 90, 38, 17, 3, 1]
(1, (1, 1, 1), (3, 0)): [51, 82, 58, 46, 26, 20, 6, 4, 1, 0, 0, 0, 1]
(1, (1, 1, 1), (3, 1)): [90, 155, 88, 66, 49, 22, 10, 5, 0, 0, 0, 0, 1]
(1, (1, 1, 1), (3, 2)): [167, 162, 108, 77, 52, 27, 8, 3, 1]
(2, (0, 0, 0), (0, 0)): [1093984, 49133, 16428, 5203, 1713, 550, 187, 61, 11, 6, 5, 0, 1]
(2, (0, 0, 0), (0, 1)): [44279, 1720, 556, 161, 62, 13, 7, 2, 1]
(2, (0, 0, 0), (0, 2)): [16183, 450, 129, 52, 18, 2, 1, 2]
(2, (0, 0, 0), (1, 0)): [44307, 2383, 815, 257, 93, 19, 8, 3, 0, 0, 0, 0, 1]
(2, (0, 0, 0), (1, 1)): [39680, 1764, 602, 160, 65, 11, 9]
(2, (0, 0, 0), (1, 2)): [25359, 797, 266, 85, 30, 6, 3, 1]
(2, (0, 0, 0), (2, 0)): [15937, 950, 394, 119, 47, 11, 4, 2, 0, 0, 0, 0, 1]
(2, (0, 0, 0), (2, 1)): [22292, 1162, 432, 118, 41, 7, 7, 1]
(2, (0, 0, 0), (2, 2)): [21190, 818, 307, 94, 33, 8, 1]
(2, (0, 0, 0), (3, 0)): [5249, 348, 202, 56, 24, 6, 2, 1, 0, 0, 0, 0, 1]
(2, (0, 0, 0), (3, 1)): [9738, 610, 285, 78, 30, 7, 3, 1]
(2, (0, 0, 0), (3, 2)): [12542, 627, 294, 79, 26, 7, 0, 1]
(2, (0, 0, 1), (0, 0)): [103079, 31975, 6253, 2101, 749, 251, 71, 25, 4, 2, 0, 1]
(2, (0, 0, 1), (0, 1)): [3823, 1010, 211, 55, 24, 8, 2, 1]
(2, (0, 0, 1), (0, 2)): [1488, 306, 59, 13, 6, 2]
(2, (0, 0, 1), (1, 0)): [4618, 1292, 284, 112, 37, 17, 2, 3]
(2, (0, 0, 1), (1, 1)): [3628, 912, 189, 53, 22, 14, 3, 3]
(2, (0, 0, 1), (1, 2)): [2461, 480, 94, 25, 11, 7, 2, 1]
(2, (0, 0, 1), (2, 0)): [2031, 554, 134, 76, 20, 7, 0, 1]
(2, (0, 0, 1), (2, 1)): [2150, 570, 136, 50, 19, 9, 1, 3]
(2, (0, 0, 1), (2, 2)): [2125, 415, 106, 26, 8, 11, 2, 1]
(2, (0, 0, 1), (3, 0)): [1004, 222, 69, 50, 7, 4]
(2, (0, 0, 1), (3, 1)): [1042, 303, 63, 37, 14, 4, 1, 2]
(2, (0, 0, 1), (3, 2)): [1349, 292, 72, 35, 7, 9, 1]
(2, (0, 1, 0), (0, 0)): [272978, 58171, 15487, 5393, 1747, 591, 179, 53, 14, 8, 5, 0, 1]
(2, (0, 1, 0), (0, 1)): [9862, 1750, 454, 135, 36, 7, 5, 1, 1]
(2, (0, 1, 0), (0, 2)): [3763, 514, 123, 33, 8, 1, 1]
(2, (0, 1, 0), (1, 0)): [12311, 2328, 808, 329, 97, 35, 9, 3, 0, 0, 0, 0, 1]
(2, (0, 1, 0), (1, 1)): [9335, 1657, 511, 162, 48, 12, 9, 2, 1]
(2, (0, 1, 0), (1, 2)): [6050, 855, 203, 82, 14, 3, 3, 1]
(2, (0, 1, 0), (2, 0)): [5733, 1031, 399, 205, 62, 21, 4, 2, 0, 0, 0, 0, 1]
(2, (0, 1, 0), (2, 1)): [5527, 1047, 339, 119, 36, 13, 5, 1, 1, 0, 0, 0, 1]
(2, (0, 1, 0), (2, 2)): [5310, 809, 234, 89, 22, 8, 2, 2]
(2, (0, 1, 0), (3, 0)): [3118, 468, 226, 147, 43, 13, 3, 2]
(2, (0, 1, 0), (3, 1)): [2644, 493, 206, 86, 32, 7, 4, 0, 1, 0, 0, 0, 1]
(2, (0, 1, 0), (3, 2)): [3355, 518, 208, 93, 21, 9, 2, 0, 0, 0, 0, 0, 1]
(2, (0, 1, 1), (0, 0)): [62378, 5436, 13736, 3670, 1439, 464, 156, 49, 18, 4, 3, 1, 0, 1]
(2, (0, 1, 1), (0, 1)): [2211, 158, 356, 76, 23, 12, 3, 3]
(2, (0, 1, 1), (0, 2)): [963, 62, 115, 24, 13, 3, 1]
(2, (0, 1, 1), (1, 0)): [2809, 301, 559, 192, 88, 28, 9, 0, 0, 0, 1]
(2, (0, 1, 1), (1, 1)): [1926, 154, 347, 98, 18, 16, 2, 2]
(2, (0, 1, 1), (1, 2)): [1396, 87, 199, 48, 17, 4, 2, 1]
(2, (0, 1, 1), (2, 0)): [1468, 169, 253, 108, 70, 19, 6, 0, 0, 0, 1]
(2, (0, 1, 1), (2, 1)): [1128, 101, 216, 59, 17, 11, 2]
(2, (0, 1, 1), (2, 2)): [1212, 90, 180, 47, 16, 11, 1, 1]
(2, (0, 1, 1), (3, 0)): [948, 124, 148, 69, 57, 15, 5, 0, 0, 0, 1]
(2, (0, 1, 1), (3, 1)): [553, 51, 111, 36, 9, 3, 3]
(2, (0, 1, 1), (3, 2)): [768, 74, 138, 39, 18, 9, 2, 1]
(2, (1, 0, 0), (0, 0)): [581372, 42241, 26963, 8535, 2726, 877, 336, 95, 19, 11, 6, 0, 1]
(2, (1, 0, 0), (0, 1)): [21067, 1201, 842, 246, 84, 22, 11, 3, 1]
(2, (1, 0, 0), (0, 2)): [7601, 347, 209, 58, 25, 6, 3]
(2, (1, 0, 0), (1, 0)): [21557, 1796, 1198, 444, 117, 31, 16, 5, 0, 0, 0, 0, 1]
(2, (1, 0, 0), (1, 1)): [17478, 1088, 768, 255, 67, 19, 7, 2, 1]
(2, (1, 0, 0), (1, 2)): [10811, 525, 334, 113, 33, 9, 2]
(2, (1, 0, 0), (2, 0)): [7345, 721, 437, 211, 55, 13, 11, 3, 0, 0, 0, 0, 1]
(2, (1, 0, 0), (2, 1)): [9079, 680, 461, 170, 57, 14, 6, 3, 0, 0, 0, 0, 1]
(2, (1, 0, 0), (2, 2)): [8281, 491, 334, 114, 39, 10, 3, 1]
(2, (1, 0, 0), (3, 0)): [2257, 290, 148, 113, 19, 5, 6, 1]
(2, (1, 0, 0), (3, 1)): [3719, 380, 220, 126, 25, 7, 4, 1, 0, 0, 0, 0, 1]
(2, (1, 0, 0), (3, 2)): [4356, 371, 219, 108, 28, 11, 4, 2, 0, 0, 0, 0, 1]
(2, (1, 0, 1), (0, 0)): [99084, 24120, 9543, 5603, 1832, 604, 199, 67, 23, 7, 0, 3, 1]
(2, (1, 0, 1), (0, 1)): [4031, 795, 289, 191, 51, 15, 3, 2, 0, 0, 0, 1]
(2, (1, 0, 1), (0, 2)): [1631, 248, 84, 53, 17, 3, 0, 1]
(2, (1, 0, 1), (1, 0)): [3820, 863, 411, 248, 90, 29, 7, 2]
(2, (1, 0, 1), (1, 1)): [3179, 636, 274, 166, 57, 21, 6, 1, 0, 0, 0, 1]
(2, (1, 0, 1), (1, 2)): [2150, 338, 134, 83, 29, 12, 1, 2, 0, 0, 0, 1]
(2, (1, 0, 1), (2, 0)): [1372, 299, 167, 91, 35, 11, 3, 2]
(2, (1, 0, 1), (2, 1)): [1727, 342, 173, 91, 32, 12, 1]
(2, (1, 0, 1), (2, 2)): [1590, 275, 130, 66, 22, 11, 1, 2, 0, 0, 0, 1]
(2, (1, 0, 1), (3, 0)): [460, 91, 69, 33, 20, 3, 3]
(2, (1, 0, 1), (3, 1)): [748, 132, 86, 42, 21, 3, 3]
(2, (1, 0, 1), (3, 2)): [856, 148, 95, 39, 21, 7, 2, 2]
(2, (1, 1, 0), (0, 0)): [224765, 34396, 17271, 11605, 3684, 1201, 397, 129, 45, 20, 7, 1, 2, 1]
(2, (1, 1, 0), (0, 1)): [8789, 1187, 518, 370, 104, 22, 10, 7, 0, 0, 0, 0, 1]
(2, (1, 1, 0), (0, 2)): [3590, 348, 151, 98, 32, 4, 2, 4]
(2, (1, 1, 0), (1, 0)): [8474, 1313, 706, 512, 163, 44, 17, 3, 2, 1]
(2, (1, 1, 0), (1, 1)): [7248, 968, 457, 351, 89, 24, 12, 4, 1, 1, 0, 0, 1]
(2, (1, 1, 0), (1, 2)): [5021, 524, 251, 170, 44, 13, 4, 6]
(2, (1, 1, 0), (2, 0)): [2883, 493, 290, 203, 87, 25, 6, 1]
(2, (1, 1, 0), (2, 1)): [3812, 533, 306, 213, 63, 17, 11, 1, 1, 1, 0, 0, 1]
(2, (1, 1, 0), (2, 2)): [3830, 438, 231, 176, 48, 11, 9, 3, 1]
(2, (1, 1, 0), (3, 0)): [950, 170, 111, 70, 43, 11, 2]
(2, (1, 1, 0), (3, 1)): [1624, 238, 170, 113, 46, 13, 6, 1, 0, 0, 0, 0, 1]
(2, (1, 1, 0), (3, 2)): [2101, 253, 189, 120, 57, 9, 6, 2, 1]
(2, (1, 1, 1), (0, 0)): [64855, 9450, 10923, 5383, 3878, 1226, 408, 138, 46, 10, 7, 1, 1, 1]
(2, (1, 1, 1), (0, 1)): [2832, 289, 391, 184, 144, 27, 11, 3, 1, 0, 0, 0, 1]
(2, (1, 1, 1), (0, 2)): [1305, 94, 108, 60, 33, 7, 4, 1, 1]
(2, (1, 1, 1), (1, 0)): [2190, 535, 405, 234, 152, 56, 15, 2, 2, 0, 1]
(2, (1, 1, 1), (1, 1)): [2122, 294, 344, 175, 126, 26, 6, 1, 0, 0, 1, 0, 1]
(2, (1, 1, 1), (1, 2)): [1642, 142, 166, 83, 60, 11, 3, 2, 0, 0, 1]
(2, (1, 1, 1), (2, 0)): [587, 339, 126, 93, 68, 29, 7, 1, 1]
(2, (1, 1, 1), (2, 1)): [922, 261, 184, 109, 74, 24, 8, 0, 0, 0, 0, 0, 1]
(2, (1, 1, 1), (2, 2)): [1090, 164, 142, 95, 62, 11, 5, 1, 0, 0, 1]
(2, (1, 1, 1), (3, 0)): [111, 223, 36, 45, 29, 14, 1, 0, 1]
(2, (1, 1, 1), (3, 1)): [281, 249, 68, 63, 45, 18, 5]
(2, (1, 1, 1), (3, 2)): [460, 199, 84, 87, 49, 12, 6, 0, 0, 0, 1]
