(0, (0, 0, 0), (0, 0)): [14591, 2615, 1120, 493, 245, 100, 24, 16, 6, 5, 3, 0, 1, 1]
(0, (0, 0, 0), (0, 1)): [25, 3, 2, 1]
(0, (0, 0, 0), (0, 2)): [15, 1]
(0, (0, 0, 0), (1, 0)): [29, 2, 1, 0, 0, 1]
(0, (0, 0, 0), (1, 1)): [19, 2, 1]
(0, (0, 0, 0), (1, 2)): [18, 0, 1]
(0, (0, 0, 0), (2, 0)): [6, 0, 1]
(0, (0, 0, 0), (2, 1)): [6, 2, 1]
(0, (0, 0, 0), (2, 2)): [9, 1]
(0, (0, 0, 0), (3, 0)): [3]
(0, (0, 0, 0), (3, 1)): [5, 0, 1]
(0, (0, 0, 0), (3, 2)): [9, 0, 1]
(0, (0, 0, 1), (0, 0)): [52, 156, 42, 24, 13, 5, 0, 2, 0, 1]
(0, (0, 0, 1), (0, 1)): [0, 1]
(0, (0, 0, 1), (1, 1)): [0, 1]
(0, (0, 1, 0), (0, 0)): [430, 446, 158, 69, 34, 13, 2, 4]
(0, (0, 1, 0), (0, 1)): [0, 3]
(0, (0, 1, 0), (1, 0)): [0, 0, 2, 0, 0, 1]
(0, (0, 1, 0), (1, 1)): [0, 0, 0, 0, 0, 1]
(0, (0, 1, 0), (2, 0)): [0, 0, 1]
(0, (0, 1, 0), (2, 1)): [0, 0, 1]
(0, (0, 1, 0), (2, 2)): [0, 0, 1]
(0, (0, 1, 1), (0, 0)): [40, 55, 89, 31, 21, 13, 1, 1, 0, 1, 0, 1]
(0, (1, 0, 0), (0, 0)): [3174, 1010, 580, 292, 148, 54, 20, 6, 4, 4, 2, 0, 1]
(0, (1, 0, 0), (0, 1)): [5, 0, 2]
(0, (1, 0, 0), (0, 2)): [2]
(0, (1, 0, 0), (1, 0)): [3, 1, 1]
(0, (1, 0, 0), (1, 1)): [4, 0, 2]
(0, (1, 0, 0), (1, 2)): [1, 0, 1]
(0, (1, 0, 0), (2, 0)): [2]
(0, (1, 0, 0), (2, 1)): [2]
(0, (1, 0, 0), (3, 0)): [2]
(0, (1, 0, 0), (3, 1)): [3]
(0, (1, 0, 0), (3, 2)): [2]
(0, (1, 0, 1), (0, 0)): [71, 215, 77, 39, 27, 7, 4, 1, 1, 0, 0, 0, 1]
(0, (1, 0, 1), (0, 1)): [0, 0, 0, 0, 0, 1]
(0, (1, 0, 1), (1, 0)): [0, 0, 1]
(0, (1, 0, 1), (1, 1)): [0, 0, 1, 0, 0, 1]
(0, (1, 1, 0), (0, 0)): [421, 280, 189, 141, 76, 27, 14, 7, 4, 2, 1]
(0, (1, 1, 0), (0, 1)): [1]
(0, (1, 1, 0), (1, 0)): [2, 0, 1]
(0, (1, 1, 0), (1, 1)): [1, 0, 1]
(0, (1, 1, 0), (2, 0)): [1]
(0, (1, 1, 0), (3, 0)): [1]
(0, (1, 1, 0), (3, 1)): [1]
(0, (1, 1, 0), (3, 2)): [1]
(0, (1, 1, 1), (0, 0)): [46, 80, 64, 50, 34, 16, 2, 3, 3, 0, 1, 1]
(1, (0, 0, 0), (0, 0)): [11617, 1119, 404, 152, 66, 29, 6, 5, 3, 0, 1, 0, 0, 1]
(1, (0, 0, 0), (0, 1)): [22, 2, 1]
(1, (0, 0, 0), (0, 2)): [8, 1, 1]
(1, (0, 0, 0), (1, 0)): [21]
(1, (0, 0, 0), (1, 1)): [21]
(1, (0, 0, 0), (1, 2)): [9]
(1, (0, 0, 0), (2, 0)): [2]
(1, (0, 0, 0), (2, 1)): [10]
(1, (0, 0, 0), (2, 2)): [10]
(1, (0, 0, 0), (3, 1)): [1]
(1, (0, 0, 0), (3, 2)): [3]
(1, (0, 0, 1), (0, 0)): [278, 409, 68, 33, 12, 2, 0, 0, 0, 0, 0, 1, 1, 1]
(1, (0, 0, 1), (0, 1)): [0, 2]
(1, (0, 0, 1), (0, 2)): [0, 1]
(1, (0, 0, 1), (1, 0)): [0, 1, 1]
(1, (0, 0, 1), (1, 2)): [0, 1]
(1, (0, 0, 1), (2, 0)): [0, 1, 1]
(1, (0, 0, 1), (3, 0)): [0, 1, 1]
(1, (0, 0, 1), (3, 1)): [0, 1]
(1, (0, 0, 1), (3, 2)): [0, 1]
(1, (0, 1, 0), (0, 0)): [1530, 707, 230, 97, 41, 14, 6, 3, 0, 1, 1]
(1, (0, 1, 0), (0, 1)): [3, 1]
(1, (0, 1, 0), (0, 2)): [1, 1]
(1, (0, 1, 0), (1, 0)): [3]
(1, (0, 1, 0), (1, 1)): [2]
(1, (0, 1, 0), (1, 2)): [1]
(1, (0, 1, 0), (2, 0)): [3]
(1, (0, 1, 0), (2, 1)): [1]
(1, (0, 1, 0), (2, 2)): [1]
(1, (0, 1, 0), (3, 0)): [2]
(1, (0, 1, 0), (3, 1)): [2]
(1, (0, 1, 0), (3, 2)): [1]
(1, (0, 1, 1), (0, 0)): [233, 198, 183, 79, 41, 16, 7, 3, 2, 0, 1]
(1, (0, 1, 1), (1, 0)): [2, 0, 1, 0, 0, 1]
(1, (0, 1, 1), (1, 1)): [1]
(1, (0, 1, 1), (1, 2)): [1]
(1, (0, 1, 1), (2, 0)): [1, 0, 1, 0, 0, 1]
(1, (0, 1, 1), (3, 0)): [1, 0, 1, 0, 0, 1]
(1, (1, 0, 0), (0, 0)): [4531, 794, 423, 171, 67, 35, 9, 4, 4, 1, 2, 1]
(1, (1, 0, 0), (0, 1)): [1, 0, 1]
(1, (1, 0, 0), (0, 2)): [1, 0, 1]
(1, (1, 0, 0), (1, 0)): [6]
(1, (1, 0, 0), (1, 1)): [1]
(1, (1, 0, 0), (1, 2)): [2]
(1, (1, 0, 0), (2, 0)): [2]
(1, (1, 0, 0), (2, 2)): [1]
(1, (1, 0, 0), (3, 0)): [2]
(1, (1, 0, 0), (3, 1)): [1]
(1, (1, 0, 1), (0, 0)): [296, 389, 102, 65, 29, 12, 5, 1]
(1, (1, 0, 1), (1, 0)): [0, 1, 1]
(1, (1, 0, 1), (2, 0)): [0, 1, 1]
(1, (1, 0, 1), (3, 0)): [0, 1, 1]
(1, (1, 0, 1), (3, 1)): [0, 1, 1]
(1, (1, 0, 1), (3, 2)): [0, 1]
(1, (1, 1, 0), (0, 0)): [1289, 402, 260, 149, 71, 29, 14, 4, 4, 2, 2]
(1, (1, 1, 0), (0, 1)): [5, 0, 1]
(1, (1, 1, 0), (0, 2)): [3, 0, 1]
(1, (1, 1, 0), (1, 0)): [3, 1]
(1, (1, 1, 0), (1, 1)): [2]
(1, (1, 1, 0), (1, 2)): [1, 0, 1]
(1, (1, 1, 0), (2, 0)): [1, 1]
(1, (1, 1, 0), (2, 1)): [3]
(1, (1, 1, 0), (2, 2)): [2]
(1, (1, 1, 0), (3, 1)): [1]
(1, (1, 1, 1), (0, 0)): [272, 234, 149, 97, 61, 27, 13, 6, 4, 2, 3, 1]
(1, (1, 1, 1), (0, 1)): [1, 0, 0, 0, 0, 1]
(1, (1, 1, 1), (1, 0)): [0, 0, 1]
(1, (1, 1, 1), (2, 0)): [0, 0, 1]
(1, (1, 1, 1), (2, 1)): [0, 0, 1]
(1, (1, 1, 1), (2, 2)): [0, 0, 1]
(2, (0, 0, 0), (0, 0)): [9773, 380, 129, 31, 17, 2, 0, 1]
(2, (0, 0, 0), (0, 1)): [20, 2, 1]
(2, (0, 0, 0), (0, 2)): [3]
(2, (0, 0, 0), (1, 0)): [18, 2]
(2, (0, 0, 0), (1, 1)): [16, 2]
(2, (0, 0, 0), (1, 2)): [9, 1]
(2, (0, 0, 0), (2, 0)): [8, 1]
(2, (0, 0, 0), (2, 1)): [13, 1]
(2, (0, 0, 0), (2, 2)): [11, 1]
(2, (0, 0, 0), (3, 0)): [2]
(2, (0, 0, 0), (3, 1)): [5, 1]
(2, (0, 0, 0), (3, 2)): [4]
(2, (0, 0, 1), (0, 0)): [735, 252, 36, 18, 7, 3, 0, 0, 0, 1]
(2, (0, 0, 1), (0, 1)): [1, 2]
(2, (0, 0, 1), (0, 2)): [1, 2]
(2, (0, 0, 1), (1, 0)): [0, 1]
(2, (0, 0, 1), (1, 2)): [1, 1]
(2, (0, 1, 0), (0, 0)): [2378, 562, 117, 49, 16, 6, 1, 1, 1]
(2, (0, 1, 0), (0, 1)): [4, 1]
(2, (0, 1, 0), (0, 2)): [2]
(2, (0, 1, 0), (1, 0)): [1]
(2, (0, 1, 0), (1, 1)): [1, 1]
(2, (0, 1, 0), (1, 2)): [3]
(2, (0, 1, 0), (2, 1)): [0, 1]
(2, (0, 1, 0), (2, 2)): [2]
(2, (0, 1, 0), (3, 1)): [0, 1]
(2, (0, 1, 0), (3, 2)): [1]
(2, (0, 1, 1), (0, 0)): [481, 47, 111, 30, 12, 5, 2]
(2, (0, 1, 1), (0, 1)): [1]
(2, (0, 1, 1), (1, 0)): [1, 1]
(2, (0, 1, 1), (2, 0)): [1, 1]
(2, (0, 1, 1), (3, 0)): [1, 1]
(2, (1, 0, 0), (0, 0)): [5399, 394, 231, 64, 31, 5, 1, 3]
(2, (1, 0, 0), (0, 1)): [10]
(2, (1, 0, 0), (0, 2)): [3]
(2, (1, 0, 0), (1, 0)): [7]
(2, (1, 0, 0), (1, 1)): [6]
(2, (1, 0, 0), (1, 2)): [6]
(2, (1, 0, 0), (2, 0)): [2]
(2, (1, 0, 0), (2, 1)): [1]
(2, (1, 0, 0), (2, 2)): [2]
(2, (1, 0, 0), (3, 2)): [2]
(2, (1, 0, 1), (0, 0)): [710, 187, 85, 37, 14, 5, 0, 0, 0, 1]
(2, (1, 0, 1), (0, 1)): [1]
(2, (1, 1, 0), (0, 0)): [2383, 425, 184, 115, 33, 10, 3, 4]
(2, (1, 1, 0), (0, 1)): [0, 1]
(2, (1, 1, 0), (1, 0)): [4, 1]
(2, (1, 1, 0), (1, 1)): [0, 2]
(2, (1, 1, 0), (2, 0)): [1]
(2, (1, 1, 0), (3, 0)): [1]
(2, (1, 1, 0), (3, 1)): [1]
(2, (1, 1, 1), (0, 0)): [623, 110, 104, 56, 25, 9, 4, 4, 1, 1]
(2, (1, 1, 1), (0, 1)): [3, 1]
(2, (1, 1, 1), (1, 1)): [2]
(2, (1, 1, 1), (1, 2)): [1]
