(0, (0, 0, 0), (0, 0)): [22559, 4423, 1837, 868, 340, 145, 54, 22, 7, 2, 0, 0, 1]
(0, (0, 0, 0), (0, 1)): [204, 34, 15, 3, 2, 1, 1]
(0, (0, 0, 0), (0, 2)): [87, 13, 5, 0, 2, 0, 1]
(0, (0, 0, 0), (1, 0)): [209, 41, 20, 4, 0, 3, 2]
(0, (0, 0, 0), (1, 1)): [165, 24, 17, 4, 0, 1, 1]
(0, (0, 0, 0), (1, 2)): [121, 14, 8, 2, 2, 0, 1]
(0, (0, 0, 0), (2, 0)): [76, 19, 9, 1, 0, 3, 1]
(0, (0, 0, 0), (2, 1)): [103, 20, 13, 1, 0, 3, 1]
(0, (0, 0, 0), (2, 2)): [114, 13, 7, 2, 0, 1, 1]
(0, (0, 0, 0), (3, 0)): [24, 6, 2, 1, 0, 0, 1]
(0, (0, 0, 0), (3, 1)): [31, 13, 7, 0, 0, 2, 1]
(0, (0, 0, 0), (3, 2)): [58, 11, 7, 1, 0, 2]
(0, (0, 0, 1), (0, 0)): [107, 242, 42, 28, 23, 5, 3, 1, 0, 1]
(0, (0, 0, 1), (0, 1)): [2, 1]
(0, (0, 0, 1), (0, 2)): [2]
(0, (0, 0, 1), (1, 0)): [1, 1, 0, 0, 1]
(0, (0, 0, 1), (1, 1)): [1, 1]
(0, (0, 0, 1), (1, 2)): [2]
(0, (0, 0, 1), (2, 1)): [1]
(0, (0, 0, 1), (2, 2)): [3]
(0, (0, 1, 0), (0, 0)): [811, 649, 246, 128, 53, 23, 7, 6, 0, 1]
(0, (0, 1, 0), (0, 1)): [10, 4, 3, 2]
(0, (0, 1, 0), (0, 2)): [4, 2, 1, 1]
(0, (0, 1, 0), (1, 0)): [13, 7, 6, 0, 1]
(0, (0, 1, 0), (1, 1)): [8, 5, 5]
(0, (0, 1, 0), (1, 2)): [4, 2, 2, 1]
(0, (0, 1, 0), (2, 0)): [5, 2]
(0, (0, 1, 0), (2, 1)): [7, 1, 3]
(0, (0, 1, 0), (2, 2)): [3, 1, 3]
(0, (0, 1, 0), (3, 0)): [2, 1]
(0, (0, 1, 0), (3, 1)): [2, 1, 2]
(0, (0, 1, 0), (3, 2)): [2, 0, 1]
(0, (0, 1, 1), (0, 0)): [70, 104, 93, 58, 26, 12, 4, 2, 0, 1]
(0, (0, 1, 1), (0, 1)): [0, 1, 1, 1]
(0, (0, 1, 1), (0, 2)): [0, 1]
(0, (0, 1, 1), (1, 0)): [0, 0, 1, 1, 1]
(0, (0, 1, 1), (1, 1)): [0, 0, 1, 0, 1]
(0, (0, 1, 1), (1, 2)): [0, 1, 1, 0, 1]
(0, (0, 1, 1), (2, 0)): [0, 0, 0, 1]
(0, (0, 1, 1), (2, 2)): [0, 1, 1]
(0, (0, 1, 1), (3, 2)): [0, 0, 1]
(0, (1, 0, 0), (0, 0)): [4631, 1420, 879, 431, 187, 79, 39, 13, 1, 1]
(0, (1, 0, 0), (0, 1)): [38, 13, 4, 5, 2, 0, 1]
(0, (1, 0, 0), (0, 2)): [17, 6, 1, 1, 2, 0, 1]
(0, (1, 0, 0), (1, 0)): [53, 9, 7, 2, 0, 1, 1]
(0, (1, 0, 0), (1, 1)): [39, 5, 6, 1]
(0, (1, 0, 0), (1, 2)): [28, 3, 1, 0, 0, 0, 1]
(0, (1, 0, 0), (2, 0)): [11, 2, 1, 0, 0, 1, 1]
(0, (1, 0, 0), (2, 1)): [12, 4, 3, 1, 0, 0, 1]
(0, (1, 0, 0), (2, 2)): [11, 4, 1, 0, 0, 0, 2]
(0, (1, 0, 0), (3, 0)): [2, 0, 0, 0, 0, 1]
(0, (1, 0, 0), (3, 1)): [5, 0, 1, 0, 0, 1]
(0, (1, 0, 0), (3, 2)): [7, 0, 1, 0, 0, 0, 1]
(0, (1, 0, 1), (0, 0)): [122, 328, 116, 73, 42, 14, 13, 1]
(0, (1, 0, 1), (0, 1)): [1, 5, 0, 0, 1, 0, 1]
(0, (1, 0, 1), (0, 2)): [0, 5, 0, 0, 1]
(0, (1, 0, 1), (1, 0)): [1, 1]
(0, (1, 0, 1), (1, 1)): [1, 1, 0, 0, 0, 0, 1]
(0, (1, 0, 1), (1, 2)): [1, 1]
(0, (1, 0, 1), (2, 1)): [0, 1]
(0, (1, 1, 0), (0, 0)): [604, 372, 244, 185, 86, 40, 15, 7, 1]
(0, (1, 1, 0), (0, 1)): [12, 4, 1]
(0, (1, 1, 0), (0, 2)): [5, 2]
(0, (1, 1, 0), (1, 0)): [4, 3, 1, 1, 0, 1, 1]
(0, (1, 1, 0), (1, 1)): [5, 1, 2, 1]
(0, (1, 1, 0), (1, 2)): [5, 1, 1]
(0, (1, 1, 0), (2, 0)): [2, 3, 0, 0, 0, 1, 1]
(0, (1, 1, 0), (2, 1)): [4, 3, 0, 0, 0, 0, 1]
(0, (1, 1, 0), (2, 2)): [3, 2, 1, 0, 0, 0, 1]
(0, (1, 1, 0), (3, 0)): [0, 0, 0, 0, 0, 1]
(0, (1, 1, 0), (3, 1)): [1, 1, 0, 0, 0, 1]
(0, (1, 1, 0), (3, 2)): [1, 2, 0, 0, 0, 1, 1]
(0, (1, 1, 1), (0, 0)): [65, 97, 84, 64, 56, 20, 7, 3, 1]
(0, (1, 1, 1), (0, 1)): [1]
(0, (1, 1, 1), (1, 0)): [4]
(0, (1, 1, 1), (1, 1)): [4]
(0, (1, 1, 1), (1, 2)): [1]
(0, (1, 1, 1), (2, 0)): [1]
(0, (1, 1, 1), (2, 1)): [3]
(0, (1, 1, 1), (2, 2)): [3]
(0, (1, 1, 1), (3, 2)): [1]
(1, (0, 0, 0), (0, 0)): [18562, 2016, 751, 326, 92, 40, 9, 3, 6, 0, 0, 0, 1]
(1, (0, 0, 0), (0, 1)): [162, 18, 4, 2, 1]
(1, (0, 0, 0), (0, 2)): [73, 7, 3]
(1, (0, 0, 0), (1, 0)): [161, 16, 8, 1, 0, 1]
(1, (0, 0, 0), (1, 1)): [131, 10, 5, 1, 0, 1]
(1, (0, 0, 0), (1, 2)): [99, 8, 2, 0, 0, 1]
(1, (0, 0, 0), (2, 0)): [51, 9, 4, 1]
(1, (0, 0, 0), (2, 1)): [67, 8, 4, 2]
(1, (0, 0, 0), (2, 2)): [72, 8, 3, 2, 0, 1]
(1, (0, 0, 0), (3, 0)): [18, 3, 2]
(1, (0, 0, 0), (3, 1)): [37, 4, 1]
(1, (0, 0, 0), (3, 2)): [46, 3, 2, 2]
(1, (0, 0, 1), (0, 0)): [465, 573, 110, 50, 26, 6, 1, 1, 0, 0, 0, 0, 1]
(1, (0, 0, 1), (0, 1)): [7, 3]
(1, (0, 0, 1), (0, 2)): [4, 2]
(1, (0, 0, 1), (1, 0)): [8, 5, 5, 1, 1]
(1, (0, 0, 1), (1, 1)): [6, 2, 3, 0, 1]
(1, (0, 0, 1), (1, 2)): [5, 2, 1]
(1, (0, 0, 1), (2, 0)): [5, 3, 1, 1]
(1, (0, 0, 1), (2, 1)): [5, 1, 2, 1, 1]
(1, (0, 0, 1), (2, 2)): [5, 2, 2]
(1, (0, 0, 1), (3, 0)): [1, 1]
(1, (0, 0, 1), (3, 1)): [2, 1, 0, 0, 1]
(1, (0, 0, 1), (3, 2)): [5, 1]
(1, (0, 1, 0), (0, 0)): [2331, 905, 335, 162, 45, 31, 5, 4, 1, 0, 1, 0, 1]
(1, (0, 1, 0), (0, 1)): [26, 7, 2, 2]
(1, (0, 1, 0), (0, 2)): [12, 2, 1]
(1, (0, 1, 0), (1, 0)): [35, 9, 2]
(1, (0, 1, 0), (1, 1)): [22, 4, 1, 1]
(1, (0, 1, 0), (1, 2)): [16, 4, 1]
(1, (0, 1, 0), (2, 0)): [16, 6]
(1, (0, 1, 0), (2, 1)): [16, 3, 0, 1]
(1, (0, 1, 0), (2, 2)): [16, 4, 1, 1]
(1, (0, 1, 0), (3, 0)): [6, 4]
(1, (0, 1, 0), (3, 1)): [6, 1]
(1, (0, 1, 0), (3, 2)): [12, 1, 1]
(1, (0, 1, 1), (0, 0)): [390, 267, 231, 76, 41, 13, 8, 0, 1]
(1, (0, 1, 1), (0, 1)): [2, 2, 3]
(1, (0, 1, 1), (0, 2)): [2, 1, 2]
(1, (0, 1, 1), (1, 0)): [5, 4, 4, 0, 1, 1]
(1, (0, 1, 1), (1, 1)): [2, 1, 1, 0, 0, 1]
(1, (0, 1, 1), (1, 2)): [2, 1, 0, 0, 0, 1]
(1, (0, 1, 1), (2, 0)): [3, 2, 4, 0, 1]
(1, (0, 1, 1), (2, 1)): [1, 3, 1, 0, 1]
(1, (0, 1, 1), (2, 2)): [1, 1, 0, 0, 0, 1]
(1, (0, 1, 1), (3, 0)): [3, 0, 4]
(1, (0, 1, 1), (3, 1)): [0, 0, 2]
(1, (0, 1, 1), (3, 2)): [1, 0, 1]
(1, (1, 0, 0), (0, 0)): [6564, 1084, 739, 300, 101, 44, 19, 4, 4, 0, 0, 1]
(1, (1, 0, 0), (0, 1)): [79, 14, 4, 4]
(1, (1, 0, 0), (0, 2)): [35, 2, 2, 2]
(1, (1, 0, 0), (1, 0)): [52, 7, 5, 2, 0, 1]
(1, (1, 0, 0), (1, 1)): [42, 7, 2, 2, 0, 1]
(1, (1, 0, 0), (1, 2)): [36, 1, 3, 2, 0, 1]
(1, (1, 0, 0), (2, 0)): [20, 4, 1, 2]
(1, (1, 0, 0), (2, 1)): [21, 4, 0, 1]
(1, (1, 0, 0), (2, 2)): [30, 1, 0, 1]
(1, (1, 0, 0), (3, 0)): [4, 3, 1, 1]
(1, (1, 0, 0), (3, 1)): [6, 4, 1, 1]
(1, (1, 0, 0), (3, 2)): [12, 1, 0, 2]
(1, (1, 0, 1), (0, 0)): [529, 525, 167, 127, 48, 19, 5, 4]
(1, (1, 0, 1), (0, 1)): [5, 5, 1, 1, 1]
(1, (1, 0, 1), (0, 2)): [3, 3, 0, 1]
(1, (1, 0, 1), (1, 0)): [3, 7, 4, 2]
(1, (1, 0, 1), (1, 1)): [3, 5]
(1, (1, 0, 1), (1, 2)): [4, 3, 0, 1]
(1, (1, 0, 1), (2, 0)): [1, 2, 3, 1]
(1, (1, 0, 1), (2, 1)): [0, 3, 1]
(1, (1, 0, 1), (2, 2)): [0, 1, 0, 1]
(1, (1, 0, 1), (3, 0)): [1, 0, 1, 1]
(1, (1, 0, 1), (3, 1)): [1, 1, 0, 1]
(1, (1, 0, 1), (3, 2)): [1, 0, 0, 1]
(1, (1, 1, 0), (0, 0)): [1744, 507, 332, 247, 79, 37, 15, 2, 4]
(1, (1, 1, 0), (0, 1)): [21, 5, 0, 1]
(1, (1, 1, 0), (0, 2)): [10, 1]
(1, (1, 1, 0), (1, 0)): [18, 5, 2, 2]
(1, (1, 1, 0), (1, 1)): [11, 4, 0, 1]
(1, (1, 1, 0), (1, 2)): [12, 2]
(1, (1, 1, 0), (2, 0)): [8, 2, 1, 2]
(1, (1, 1, 0), (2, 1)): [7, 3, 1]
(1, (1, 1, 0), (2, 2)): [8]
(1, (1, 1, 0), (3, 0)): [3, 1, 0, 1]
(1, (1, 1, 0), (3, 1)): [2, 0, 0, 1]
(1, (1, 1, 0), (3, 2)): [4]
(1, (1, 1, 1), (0, 0)): [394, 281, 169, 95, 56, 22, 10, 2, 1]
(1, (1, 1, 1), (0, 1)): [3, 0, 3, 1]
(1, (1, 1, 1), (0, 2)): [1]
(1, (1, 1, 1), (1, 0)): [6, 2, 2, 0, 1]
(1, (1, 1, 1), (1, 1)): [6, 1, 2, 1, 1]
(1, (1, 1, 1), (1, 2)): [3, 1, 1, 1]
(1, (1, 1, 1), (2, 0)): [2, 1]
(1, (1, 1, 1), (2, 1)): [5, 1]
(1, (1, 1, 1), (2, 2)): [2, 1, 1, 1]
(1, (1, 1, 1), (3, 1)): [1]
(2, (0, 0, 0), (0, 0)): [16427, 788, 223, 92, 21, 6, 1, 0, 1]
(2, (0, 0, 0), (0, 1)): [151, 6, 3]
(2, (0, 0, 0), (0, 2)): [71, 1]
(2, (0, 0, 0), (1, 0)): [143, 13, 2, 0, 1]
(2, (0, 0, 0), (1, 1)): [105, 7, 4]
(2, (0, 0, 0), (1, 2)): [85, 1, 3]
(2, (0, 0, 0), (2, 0)): [66, 7, 1, 0, 1]
(2, (0, 0, 0), (2, 1)): [73, 6, 1]
(2, (0, 0, 0), (2, 2)): [63, 6, 2]
(2, (0, 0, 0), (3, 0)): [17, 2, 0, 0, 1]
(2, (0, 0, 0), (3, 1)): [37, 3, 1, 0, 1]
(2, (0, 0, 0), (3, 2)): [42, 4]
(2, (0, 0, 1), (0, 0)): [1220, 346, 63, 29, 12, 2]
(2, (0, 0, 1), (0, 1)): [14, 1]
(2, (0, 0, 1), (0, 2)): [4]
(2, (0, 0, 1), (1, 0)): [23, 6, 1]
(2, (0, 0, 1), (1, 1)): [16, 0, 1]
(2, (0, 0, 1), (1, 2)): [8]
(2, (0, 0, 1), (2, 0)): [13, 4]
(2, (0, 0, 1), (2, 1)): [11, 1, 1]
(2, (0, 0, 1), (2, 2)): [7, 0, 1]
(2, (0, 0, 1), (3, 0)): [8, 2]
(2, (0, 0, 1), (3, 1)): [6]
(2, (0, 0, 1), (3, 2)): [3]
(2, (0, 1, 0), (0, 0)): [3670, 717, 226, 79, 21, 6, 1, 1]
(2, (0, 1, 0), (0, 1)): [30, 8, 2]
(2, (0, 1, 0), (0, 2)): [12]
(2, (0, 1, 0), (1, 0)): [42, 2, 5, 2, 1]
(2, (0, 1, 0), (1, 1)): [31, 5, 5]
(2, (0, 1, 0), (1, 2)): [23, 2, 3]
(2, (0, 1, 0), (2, 0)): [21, 2, 1, 2]
(2, (0, 1, 0), (2, 1)): [15, 2, 1]
(2, (0, 1, 0), (2, 2)): [17, 3, 2]
(2, (0, 1, 0), (3, 0)): [13, 0, 1, 1]
(2, (0, 1, 0), (3, 1)): [5, 1, 1]
(2, (0, 1, 0), (3, 2)): [9, 1, 2]
(2, (0, 1, 1), (0, 0)): [766, 56, 143, 34, 24, 3, 3, 1]
(2, (0, 1, 1), (0, 1)): [10, 0, 2]
(2, (0, 1, 1), (0, 2)): [6]
(2, (0, 1, 1), (1, 0)): [9, 0, 5, 2]
(2, (0, 1, 1), (1, 1)): [5, 0, 3, 2]
(2, (0, 1, 1), (1, 2)): [7]
(2, (0, 1, 1), (2, 0)): [3, 0, 3]
(2, (0, 1, 1), (2, 1)): [1, 0, 3, 2]
(2, (0, 1, 1), (2, 2)): [3, 0, 1, 1]
(2, (0, 1, 1), (3, 0)): [2, 0, 1]
(2, (0, 1, 1), (3, 1)): [1, 0, 0, 1]
(2, (0, 1, 1), (3, 2)): [1, 0, 1, 1]
(2, (1, 0, 0), (0, 0)): [7928, 549, 374, 117, 24, 12, 3, 0, 1]
(2, (1, 0, 0), (0, 1)): [82, 4, 2]
(2, (1, 0, 0), (0, 2)): [29, 0, 1]
(2, (1, 0, 0), (1, 0)): [60, 8, 4, 0, 0, 1]
(2, (1, 0, 0), (1, 1)): [58, 5, 1]
(2, (1, 0, 0), (1, 2)): [40, 3, 1]
(2, (1, 0, 0), (2, 0)): [18, 3, 3, 0, 0, 1]
(2, (1, 0, 0), (2, 1)): [28, 2, 2, 0, 0, 1]
(2, (1, 0, 0), (2, 2)): [31, 2, 0, 0, 0, 1]
(2, (1, 0, 0), (3, 0)): [8, 1]
(2, (1, 0, 0), (3, 1)): [6, 2]
(2, (1, 0, 0), (3, 2)): [18, 3, 0, 0, 0, 1]
(2, (1, 0, 1), (0, 0)): [1279, 301, 112, 83, 23, 6, 5, 1, 1]
(2, (1, 0, 1), (0, 1)): [14, 8, 0, 1, 1]
(2, (1, 0, 1), (0, 2)): [6, 3, 0, 0, 1]
(2, (1, 0, 1), (1, 0)): [10, 3, 2, 2, 1]
(2, (1, 0, 1), (1, 1)): [8, 3, 0, 2, 1]
(2, (1, 0, 1), (1, 2)): [8, 4, 0, 1, 2]
(2, (1, 0, 1), (2, 0)): [7, 2, 1, 1]
(2, (1, 0, 1), (2, 1)): [5, 2, 1, 2]
(2, (1, 0, 1), (2, 2)): [6, 1, 1, 1]
(2, (1, 0, 1), (3, 0)): [1, 1]
(2, (1, 0, 1), (3, 1)): [2, 1, 0, 1]
(2, (1, 0, 1), (3, 2)): [2, 0, 1]
(2, (1, 1, 0), (0, 0)): [3129, 444, 221, 147, 38, 14, 4, 1, 1]
(2, (1, 1, 0), (0, 1)): [32, 4, 2, 0, 0, 1]
(2, (1, 1, 0), (0, 2)): [9]
(2, (1, 1, 0), (1, 0)): [35, 7, 3, 3]
(2, (1, 1, 0), (1, 1)): [33, 6, 2, 2, 0, 1]
(2, (1, 1, 0), (1, 2)): [27, 2, 1, 1]
(2, (1, 1, 0), (2, 0)): [12, 3, 0, 1]
(2, (1, 1, 0), (2, 1)): [11, 4, 1, 1, 0, 1]
(2, (1, 1, 0), (2, 2)): [10, 2, 1, 2]
(2, (1, 1, 0), (3, 0)): [1, 0, 0, 1]
(2, (1, 1, 0), (3, 1)): [3, 2, 1, 1]
(2, (1, 1, 0), (3, 2)): [8, 2, 1, 3]
(2, (1, 1, 1), (0, 0)): [880, 113, 123, 57, 57, 14, 10, 1]
(2, (1, 1, 1), (0, 1)): [8, 0, 0, 1]
(2, (1, 1, 1), (0, 2)): [5, 0, 0, 1]
(2, (1, 1, 1), (1, 0)): [5, 1, 1, 1]
(2, (1, 1, 1), (1, 1)): [5, 0, 0, 1]
(2, (1, 1, 1), (1, 2)): [3, 0, 0, 1]
(2, (1, 1, 1), (2, 0)): [2, 1]
(2, (1, 1, 1), (2, 1)): [4]
(2, (1, 1, 1), (2, 2)): [4]
(2, (1, 1, 1), (3, 0)): [0, 1]
(2, (1, 1, 1), (3, 1)): [1]
(2, (1, 1, 1), (3, 2)): [3]
