(0, (0, 0, 0), (0, 0)): [1054380, 209078, 96955, 44129, 19753, 8480, 3520, 1471, 598, 266, 121, 54, 26, 8, 3, 1, 0, 1]
(0, (0, 0, 0), (0, 1)): [20883, 3782, 1775, 789, 340, 150, 52, 32, 7, 5, 2, 0, 2, 1, 0, 1]
(0, (0, 0, 0), (0, 2)): [7681, 1211, 563, 253, 107, 39, 18, 13, 2, 1, 0, 0, 1]
(0, (0, 0, 0), (1, 0)): [19122, 4053, 2032, 928, 459, 191, 89, 34, 11, 6, 3]
(0, (0, 0, 0), (1, 1)): [17537, 3355, 1645, 759, 339, 142, 49, 25, 6, 4, 4, 0, 1, 1, 0, 1]
(0, (0, 0, 0), (1, 2)): [11390, 1921, 875, 388, 187, 81, 22, 13, 5, 2, 0, 0, 2]
(0, (0, 0, 0), (2, 0)): [6324, 1492, 783, 395, 191, 90, 42, 16, 4, 2, 1]
(0, (0, 0, 0), (2, 1)): [9370, 1945, 1034, 488, 225, 95, 42, 22, 3, 1, 1, 0, 0, 1]
(0, (0, 0, 0), (2, 2)): [8996, 1640, 811, 380, 176, 83, 22, 12, 3, 3, 1, 0, 2]
(0, (0, 0, 0), (3, 0)): [2071, 520, 319, 181, 84, 47, 19, 7, 3, 0, 1]
(0, (0, 0, 0), (3, 1)): [3782, 914, 562, 291, 118, 56, 25, 15, 4]
(0, (0, 0, 0), (3, 2)): [5128, 1072, 657, 305, 141, 60, 17, 12, 5, 2, 0, 0, 2]
(0, (0, 0, 1), (0, 0)): [4643, 13859, 3751, 1797, 870, 373, 165, 83, 33, 19, 6, 1, 3, 1]
(0, (0, 0, 1), (0, 1)): [80, 212, 65, 23, 17, 7, 5, 1, 0, 1, 0, 0, 0, 1]
(0, (0, 1, 0), (0, 0)): [35222, 32957, 12760, 6040, 2959, 1278, 536, 221, 95, 54, 20, 5, 3, 2, 1]
(0, (0, 1, 0), (0, 1)): [666, 535, 197, 95, 37, 21, 12, 5, 1]
(0, (0, 1, 0), (0, 2)): [263, 160, 70, 28, 8, 9, 4, 0, 1]
(0, (0, 1, 0), (1, 0)): [611, 543, 231, 123, 60, 28, 12, 3, 1]
(0, (0, 1, 0), (1, 1)): [526, 449, 182, 90, 34, 15, 10, 6]
(0, (0, 1, 0), (1, 2)): [355, 269, 103, 54, 20, 10, 5, 2, 1]
(0, (0, 1, 0), (2, 0)): [212, 191, 78, 49, 26, 17, 5, 0, 1]
(0, (0, 1, 0), (2, 1)): [264, 231, 100, 55, 15, 17, 7, 4]
(0, (0, 1, 0), (2, 2)): [276, 201, 90, 48, 15, 7, 7, 1, 1]
(0, (0, 1, 0), (3, 0)): [79, 70, 35, 27, 19, 5, 2, 0, 1]
(0, (0, 1, 0), (3, 1)): [107, 99, 52, 31, 17, 9, 3, 1]
(0, (0, 1, 0), (3, 2)): [167, 123, 66, 36, 18, 6, 7]
(0, (0, 1, 1), (0, 0)): [3135, 5195, 6458, 2974, 1588, 716, 317, 152, 74, 33, 10, 6, 1, 2, 1, 0, 0, 1]
(0, (1, 0, 0), (0, 0)): [229452, 76306, 48257, 23825, 11370, 5114, 2158, 940, 391, 173, 83, 35, 16, 4, 2, 1, 0, 1]
(0, (1, 0, 0), (0, 1)): [4398, 1175, 839, 414, 211, 93, 31, 14, 8, 1]
(0, (1, 0, 0), (0, 2)): [1684, 356, 274, 114, 60, 21, 13, 2, 5, 1]
(0, (1, 0, 0), (1, 0)): [3786, 1223, 895, 434, 211, 87, 47, 20, 8, 6, 2, 1]
(0, (1, 0, 0), (1, 1)): [3247, 942, 705, 338, 167, 66, 26, 15, 6, 4, 0, 1]
(0, (1, 0, 0), (1, 2)): [2100, 503, 391, 163, 84, 28, 18, 8, 3, 2]
(0, (1, 0, 0), (2, 0)): [1193, 406, 288, 162, 86, 38, 15, 10, 4, 2, 2]
(0, (1, 0, 0), (2, 1)): [1575, 484, 363, 196, 97, 43, 15, 7, 5, 3, 0, 1]
(0, (1, 0, 0), (2, 2)): [1468, 392, 297, 137, 75, 23, 15, 7, 3, 3]
(0, (1, 0, 0), (3, 0)): [349, 136, 109, 72, 44, 15, 4, 5, 0, 1, 1]
(0, (1, 0, 0), (3, 1)): [588, 207, 161, 104, 64, 22, 5, 3, 4, 1, 1, 1]
(0, (1, 0, 0), (3, 2)): [743, 240, 177, 90, 65, 20, 7, 5, 3, 3]
(0, (1, 0, 1), (0, 0)): [5388, 16240, 6727, 4550, 2457, 1118, 551, 223, 106, 46, 23, 12, 5, 1, 1, 0, 0, 1]
(0, (1, 0, 1), (0, 1)): [94, 265, 108, 77, 34, 17, 13, 4, 1, 0, 0, 0, 1]
(0, (1, 0, 1), (1, 0)): [91, 286, 105, 83, 44, 25, 2, 4, 4, 1, 1]
(0, (1, 0, 1), (1, 1)): [81, 214, 77, 56, 29, 14, 6, 1, 2, 0, 1]
(0, (1, 0, 1), (2, 0)): [32, 100, 44, 32, 17, 13, 0, 3, 1, 1]
(0, (1, 0, 1), (2, 1)): [28, 126, 45, 36, 19, 9, 1, 0, 2, 0, 1]
(0, (1, 0, 1), (2, 2)): [48, 104, 35, 22, 14, 6, 2, 2, 1, 0, 1]
(0, (1, 0, 1), (3, 1)): [14, 46, 17, 17, 11, 6]
(0, (1, 0, 1), (3, 2)): [18, 52, 27, 12, 10, 5, 1, 0, 1, 0, 1]
(0, (1, 1, 0), (0, 0)): [31133, 19840, 15395, 10826, 5757, 2722, 1178, 577, 223, 102, 51, 21, 7, 1]
(0, (1, 1, 0), (0, 1)): [636, 340, 237, 183, 101, 42, 15, 12, 2, 0, 1, 1]
(0, (1, 1, 0), (0, 2)): [247, 120, 78, 55, 36, 13, 6, 6]
(0, (1, 1, 0), (1, 0)): [499, 314, 243, 181, 90, 57, 21, 13, 3, 3]
(0, (1, 1, 0), (1, 1)): [435, 231, 188, 140, 62, 38, 13, 10, 3, 1, 1]
(0, (1, 1, 0), (2, 0)): [140, 100, 76, 66, 35, 23, 7, 6, 2, 1]
(0, (1, 1, 0), (2, 1)): [199, 124, 84, 79, 39, 22, 10, 5, 2, 1]
(0, (1, 1, 0), (2, 2)): [200, 106, 77, 58, 26, 16, 3, 7, 2, 2]
(0, (1, 1, 0), (3, 0)): [32, 33, 27, 23, 14, 8, 3, 3, 1]
(0, (1, 1, 0), (3, 2)): [111, 60, 45, 41, 17, 12, 2, 5, 2]
(0, (1, 1, 1), (0, 0)): [3174, 5813, 4824, 3740, 2923, 1464, 697, 353, 150, 68, 36, 13, 3, 1, 1]
(1, (0, 0, 0), (0, 0)): [847261, 91154, 37469, 14806, 5803, 2209, 856, 333, 127, 47, 22, 13, 6, 2, 0, 1]
(1, (0, 0, 0), (0, 1)): [16876, 1698, 719, 264, 110, 29, 12, 9, 1, 0, 0, 0, 0, 1]
(1, (0, 0, 0), (0, 2)): [6200, 498, 204, 73, 32, 9, 1, 2]
(1, (0, 0, 0), (1, 0)): [16050, 1985, 858, 323, 140, 52, 20, 7, 0, 1, 0, 0, 0, 0, 0, 1]
(1, (0, 0, 0), (1, 1)): [14465, 1591, 654, 240, 104, 40, 18, 6, 1, 1, 0, 0, 0, 1]
(1, (0, 0, 0), (1, 2)): [9145, 809, 322, 134, 60, 28, 8, 2]
(1, (0, 0, 0), (2, 0)): [5511, 763, 381, 136, 56, 22, 7, 4, 0, 0, 0, 0, 0, 0, 0, 1]
(1, (0, 0, 0), (2, 1)): [7994, 979, 425, 159, 71, 21, 10, 6, 0, 1]
(1, (0, 0, 0), (2, 2)): [7584, 751, 331, 128, 61, 32, 11, 4]
(1, (0, 0, 0), (3, 0)): [1749, 272, 180, 60, 27, 8, 4, 0, 0, 0, 0, 0, 0, 0, 0, 1]
(1, (0, 0, 0), (3, 1)): [3354, 510, 266, 96, 47, 7, 3, 3]
(1, (0, 0, 0), (3, 2)): [4345, 537, 275, 95, 52, 19, 11, 3]
(1, (0, 0, 1), (0, 0)): [24050, 34945, 6817, 2871, 1219, 504, 193, 83, 37, 12, 6, 4, 4, 1]
(1, (0, 0, 1), (0, 1)): [419, 455, 98, 33, 17, 7, 6]
(1, (0, 0, 1), (0, 2)): [174, 148, 29, 8, 2, 1, 4]
(1, (0, 0, 1), (1, 1)): [368, 421, 86, 39, 21, 6, 2, 2]
(1, (0, 0, 1), (2, 1)): [173, 253, 45, 24, 12, 7, 5, 2]
(1, (0, 0, 1), (2, 2)): [186, 194, 38, 17, 6, 2, 2]
(1, (0, 1, 0), (0, 0)): [114604, 52445, 18585, 7807, 3163, 1257, 426, 202, 56, 30, 18, 7, 7, 2, 1]
(1, (0, 1, 0), (0, 1)): [1916, 746, 272, 113, 35, 15, 7, 3, 1]
(1, (0, 1, 0), (0, 2)): [758, 257, 84, 23, 10, 6, 3]
(1, (0, 1, 0), (1, 0)): [2263, 1011, 369, 206, 99, 27, 12, 4, 0, 0, 1, 0, 0, 1]
(1, (0, 1, 0), (1, 1)): [1678, 643, 252, 119, 45, 16, 7, 4, 1, 0, 0, 0, 0, 1]
(1, (0, 1, 0), (1, 2)): [1115, 379, 143, 45, 17, 8, 5, 2]
(1, (0, 1, 0), (2, 0)): [979, 431, 165, 108, 49, 15, 8, 3, 0, 0, 1]
(1, (0, 1, 0), (2, 1)): [898, 372, 137, 84, 37, 11, 6, 3, 0, 0, 1, 0, 0, 1]
(1, (0, 1, 0), (2, 2)): [879, 329, 123, 45, 26, 6, 3, 1]
(1, (0, 1, 0), (3, 0)): [517, 207, 70, 74, 35, 8, 5, 2]
(1, (0, 1, 0), (3, 1)): [442, 174, 67, 52, 25, 7, 3, 1, 0, 0, 0, 0, 0, 1]
(1, (0, 1, 0), (3, 2)): [502, 181, 82, 46, 25, 2, 4, 1, 0, 0, 0, 0, 0, 1]
(1, (0, 1, 1), (0, 0)): [19254, 15507, 14709, 5793, 2917, 1145, 459, 181, 86, 24, 9, 6, 1, 2, 0, 1]
(1, (0, 1, 1), (0, 1)): [274, 181, 164, 55, 30, 14, 6, 3]
(1, (0, 1, 1), (0, 2)): [137, 59, 55, 18, 9, 3, 2]
(1, (0, 1, 1), (1, 0)): [478, 349, 275, 134, 92, 34, 13, 8, 3, 1]
(1, (0, 1, 1), (1, 1)): [230, 157, 153, 56, 29, 8, 6, 3]
(1, (0, 1, 1), (1, 2)): [180, 84, 84, 39, 12, 5, 3]
(1, (0, 1, 1), (2, 0)): [312, 229, 152, 90, 71, 29, 10, 7, 3, 1]
(1, (0, 1, 1), (2, 2)): [133, 82, 74, 34, 19, 3, 1, 2]
(1, (0, 1, 1), (3, 0)): [252, 180, 117, 67, 62, 25, 7, 7, 3, 1]
(1, (1, 0, 0), (0, 0)): [331138, 59166, 37208, 15920, 6451, 2564, 1000, 369, 164, 65, 26, 19, 4, 2, 0, 2]
(1, (1, 0, 0), (0, 1)): [6346, 878, 657, 270, 110, 42, 17, 3, 1, 2]
(1, (1, 0, 0), (0, 2)): [2294, 269, 234, 72, 32, 13, 6, 1, 0, 2]
(1, (1, 0, 0), (1, 0)): [5964, 1066, 760, 356, 148, 49, 23, 9, 1, 2, 0, 0, 1, 0, 0, 1]
(1, (1, 0, 0), (1, 1)): [5050, 764, 562, 235, 96, 35, 13, 6, 1, 0, 0, 0, 0, 0, 0, 1]
(1, (1, 0, 0), (1, 2)): [3160, 398, 327, 109, 49, 18, 5, 4, 0, 1]
(1, (1, 0, 0), (2, 0)): [1945, 383, 288, 162, 61, 24, 10, 0, 1, 2, 0, 0, 1]
(1, (1, 0, 0), (2, 1)): [2559, 436, 341, 160, 64, 20, 9, 2, 2, 0, 0, 0, 0, 0, 0, 1]
(1, (1, 0, 0), (2, 2)): [2362, 330, 288, 109, 46, 13, 5, 3, 1, 1]
(1, (1, 0, 0), (3, 0)): [596, 131, 94, 72, 27, 10, 4, 0, 0, 2, 0, 0, 1]
(1, (1, 0, 0), (3, 1)): [985, 236, 155, 94, 32, 12, 6, 1, 0, 1, 0, 0, 0, 0, 0, 1]
(1, (1, 0, 0), (3, 2)): [1214, 237, 169, 90, 31, 14, 5, 1, 1, 1, 0, 0, 0, 0, 0, 1]
(1, (1, 0, 1), (0, 0)): [26134, 31245, 10252, 6653, 2867, 1181, 441, 185, 64, 44, 13, 4, 0, 1]
(1, (1, 0, 1), (0, 1)): [513, 460, 131, 106, 52, 18, 10, 5, 3, 2]
(1, (1, 0, 1), (0, 2)): [234, 139, 44, 35, 8, 7, 4, 3, 0, 1]
(1, (1, 0, 1), (1, 0)): [487, 551, 169, 126, 66, 22, 6, 2, 0, 2]
(1, (1, 0, 1), (2, 0)): [189, 191, 59, 38, 29, 13, 1, 1, 0, 1]
(1, (1, 1, 0), (0, 0)): [89246, 27760, 19024, 13202, 5628, 2354, 921, 375, 150, 57, 22, 12, 6, 4, 1]
(1, (1, 1, 0), (0, 1)): [1743, 462, 283, 223, 90, 33, 18, 5, 2]
(1, (1, 1, 0), (0, 2)): [703, 177, 95, 77, 27, 8, 4, 0, 1]
(1, (1, 1, 0), (1, 0)): [1585, 524, 376, 288, 126, 45, 19, 8, 1, 2, 0, 0, 2, 1]
(1, (1, 1, 0), (1, 1)): [1332, 372, 259, 192, 82, 30, 18, 7, 0, 2]
(1, (1, 1, 0), (1, 2)): [965, 231, 146, 112, 43, 14, 8, 1]
(1, (1, 1, 0), (2, 0)): [521, 189, 130, 111, 49, 19, 4, 2, 1, 0, 0, 0, 2, 1]
(1, (1, 1, 0), (2, 1)): [648, 230, 154, 113, 44, 19, 9, 3, 0, 1, 0, 0, 1]
(1, (1, 1, 0), (2, 2)): [697, 185, 108, 83, 39, 12, 4, 1]
(1, (1, 1, 0), (3, 0)): [144, 69, 41, 37, 25, 11, 2, 2, 1, 0, 0, 0, 1]
(1, (1, 1, 0), (3, 1)): [265, 108, 75, 58, 31, 12, 8, 3, 0, 1, 0, 0, 1]
(1, (1, 1, 0), (3, 2)): [358, 109, 78, 50, 33, 14, 8, 4, 0, 1, 0, 0, 1]
(1, (1, 1, 1), (0, 0)): [18482, 14573, 9447, 6345, 4517, 1932, 792, 308, 122, 43, 17, 14, 6, 2, 1, 1]
(1, (1, 1, 1), (0, 1)): [415, 261, 172, 107, 90, 34, 14, 6, 3]
(1, (1, 1, 1), (0, 2)): [212, 92, 61, 33, 34, 12, 7]
(1, (1, 1, 1), (1, 0)): [365, 266, 179, 114, 101, 41, 17, 6, 2, 2, 0, 1, 1]
(2, (0, 0, 0), (0, 0)): [732208, 32419, 10923, 3455, 1181, 382, 141, 43, 9, 3, 4, 0, 1]
(2, (0, 0, 0), (0, 1)): [14624, 610, 216, 54, 31, 7, 6, 1]
(2, (0, 0, 0), (0, 2)): [5248, 161, 47, 16, 8, 1, 1, 1]
(2, (0, 0, 0), (1, 0)): [14619, 842, 278, 85, 35, 10, 3, 0, 0, 0, 0, 0, 1]
(2, (0, 0, 0), (1, 1)): [12904, 637, 224, 50, 30, 6, 6]
(2, (0, 0, 0), (1, 2)): [8048, 281, 97, 26, 14, 3, 3]
(2, (0, 0, 0), (2, 0)): [5298, 314, 127, 50, 17, 6, 1, 0, 0, 0, 0, 0, 1]
(2, (0, 0, 0), (2, 1)): [7450, 389, 141, 48, 10, 5, 3]
(2, (0, 0, 0), (2, 2)): [6745, 289, 108, 32, 13, 5, 1]
(2, (0, 0, 0), (3, 0)): [1803, 124, 72, 25, 13, 3, 1, 0, 0, 0, 0, 0, 1]
(2, (0, 0, 0), (3, 1)): [3374, 194, 93, 33, 12, 5, 2]
(2, (0, 0, 0), (3, 2)): [4264, 225, 104, 29, 9, 5]
(2, (0, 0, 1), (0, 0)): [69464, 22331, 4205, 1435, 512, 171, 52, 15, 3, 2, 0, 1]
(2, (0, 0, 1), (0, 1)): [1177, 330, 73, 22, 10, 3, 1]
(2, (0, 0, 1), (0, 2)): [458, 89, 25, 4, 1, 1]
(2, (0, 0, 1), (1, 0)): [1358, 410, 87, 38, 11, 4, 0, 2]
(2, (0, 0, 1), (1, 1)): [1095, 268, 61, 19, 9, 1, 1, 1]
(2, (0, 0, 1), (1, 2)): [728, 137, 30, 9, 2, 1, 1]
(2, (0, 0, 1), (2, 0)): [577, 176, 40, 25, 7, 4, 0, 1]
(2, (0, 0, 1), (2, 1)): [634, 153, 44, 16, 9, 1, 0, 2]
(2, (0, 0, 1), (2, 2)): [600, 113, 38, 6, 3, 2, 1]
(2, (0, 0, 1), (3, 0)): [293, 77, 22, 16, 3, 3]
(2, (0, 0, 1), (3, 2)): [364, 82, 27, 9, 2, 1]
(2, (0, 1, 0), (0, 0)): [183471, 40397, 10435, 3625, 1170, 393, 127, 34, 8, 4, 4, 0, 1]
(2, (0, 1, 0), (0, 1)): [3045, 545, 147, 52, 17, 1, 1]
(2, (0, 1, 0), (0, 2)): [1142, 153, 36, 11, 6]
(2, (0, 1, 0), (1, 0)): [3975, 686, 284, 120, 28, 16, 5, 1, 0, 0, 0, 0, 1]
(2, (0, 1, 0), (1, 1)): [2827, 484, 173, 58, 15, 4, 3, 1]
(2, (0, 1, 0), (1, 2)): [1767, 242, 67, 33, 6]
(2, (0, 1, 0), (2, 0)): [1859, 306, 141, 81, 20, 11, 3, 0, 0, 0, 0, 0, 1]
(2, (0, 1, 0), (2, 1)): [1692, 310, 106, 44, 11, 8, 3, 1, 0, 0, 0, 0, 1]
(2, (0, 1, 0), (2, 2)): [1547, 227, 66, 36, 8, 4, 0, 1]
(2, (0, 1, 0), (3, 0)): [1048, 142, 81, 53, 14, 4, 2]
(2, (0, 1, 0), (3, 1)): [804, 141, 69, 27, 11, 4, 3, 0, 0, 0, 0, 0, 1]
(2, (0, 1, 0), (3, 2)): [999, 156, 62, 32, 7, 5, 1, 0, 0, 0, 0, 0, 1]
(2, (0, 1, 1), (0, 0)): [43255, 3839, 9800, 2592, 1013, 326, 114, 40, 15, 4, 3, 1, 0, 1]
(2, (0, 1, 1), (0, 1)): [656, 56, 118, 26, 7, 3, 1, 3]
(2, (0, 1, 1), (0, 2)): [281, 21, 38, 10, 4, 1, 1]
(2, (0, 1, 1), (1, 0)): [919, 94, 182, 67, 30, 7, 4, 0, 0, 0, 1]
(2, (0, 1, 1), (1, 1)): [592, 48, 111, 30, 6, 3, 1, 2]
(2, (0, 1, 1), (1, 2)): [400, 27, 60, 11, 4, 1, 2, 1]
(2, (0, 1, 1), (2, 0)): [467, 57, 91, 40, 23, 6, 1, 0, 0, 0, 1]
(2, (0, 1, 1), (2, 1)): [323, 30, 77, 19, 6, 4]
(2, (0, 1, 1), (2, 2)): [338, 28, 62, 15, 3, 4, 1, 1]
(2, (0, 1, 1), (3, 0)): [327, 42, 52, 26, 20, 5, 1, 0, 0, 0, 1]
(2, (0, 1, 1), (3, 2)): [228, 23, 46, 12, 4, 4, 0, 1]
(2, (1, 0, 0), (0, 0)): [403416, 29371, 18298, 5812, 1880, 602, 245, 66, 17, 8, 5, 0, 1]
(2, (1, 0, 0), (0, 1)): [7238, 386, 314, 85, 34, 8, 6, 1]
(2, (1, 0, 0), (0, 2)): [2597, 111, 81, 15, 12, 2, 1]
(2, (1, 0, 0), (1, 0)): [7445, 594, 435, 167, 44, 14, 7, 1, 0, 0, 0, 0, 1]
(2, (1, 0, 0), (1, 1)): [5991, 368, 303, 96, 26, 3, 4]
(2, (1, 0, 0), (1, 2)): [3714, 184, 128, 47, 13, 2]
(2, (1, 0, 0), (2, 0)): [2508, 234, 148, 81, 19, 6, 4, 0, 0, 0, 0, 0, 1]
(2, (1, 0, 0), (2, 1)): [3036, 194, 170, 58, 22, 6, 2, 0, 0, 0, 0, 0, 1]
(2, (1, 0, 0), (2, 2)): [2805, 168, 128, 39, 16, 5, 1]
(2, (1, 0, 0), (3, 0)): [820, 110, 43, 47, 6, 2, 3]
(2, (1, 0, 0), (3, 1)): [1297, 131, 78, 44, 9, 3, 2, 0, 0, 0, 0, 0, 1]
(2, (1, 0, 0), (3, 2)): [1553, 134, 85, 36, 10, 7, 1, 0, 0, 0, 0, 0, 1]
(2, (1, 0, 1), (0, 0)): [66529, 16695, 6732, 3830, 1246, 413, 153, 47, 19, 6, 0, 2, 1]
(2, (1, 0, 1), (0, 1)): [1262, 267, 104, 74, 24, 2, 2, 2, 0, 0, 0, 1]
(2, (1, 0, 1), (0, 2)): [497, 80, 31, 17, 10, 0, 0, 1]
(2, (1, 0, 1), (1, 0)): [1166, 254, 125, 97, 36, 15, 4]
(2, (1, 0, 1), (1, 1)): [947, 200, 80, 69, 19, 8, 5, 1, 0, 0, 0, 1]
(2, (1, 0, 1), (1, 2)): [646, 100, 37, 27, 11, 4, 1, 2, 0, 0, 0, 1]
(2, (1, 0, 1), (2, 0)): [424, 89, 62, 32, 15, 5, 1]
(2, (1, 0, 1), (2, 1)): [521, 117, 41, 37, 16, 5, 1]
(2, (1, 1, 0), (0, 0)): [153326, 23745, 12143, 7894, 2478, 849, 266, 88, 36, 14, 6, 1, 2, 1]
(2, (1, 1, 0), (0, 1)): [2989, 407, 189, 128, 38, 7, 4, 2, 0, 0, 0, 0, 1]
(2, (1, 1, 0), (0, 2)): [1188, 123, 56, 27, 9, 1, 1]
(2, (1, 1, 0), (1, 0)): [2852, 429, 242, 198, 61, 19, 7, 2, 1, 1]
(2, (1, 1, 0), (1, 1)): [2396, 322, 157, 130, 31, 7, 3, 2, 1, 1, 0, 0, 1]
(2, (1, 1, 0), (1, 2)): [1650, 183, 86, 51, 13, 3, 2, 1]
(2, (1, 1, 0), (2, 0)): [1009, 169, 107, 83, 33, 12, 3, 1]
(2, (1, 1, 0), (2, 1)): [1291, 158, 105, 83, 25, 11, 3, 1, 1, 1, 0, 0, 1]
(2, (1, 1, 0), (2, 2)): [1230, 149, 76, 66, 15, 4, 4, 1, 1]
(2, (1, 1, 0), (3, 0)): [363, 66, 47, 33, 15, 5, 1]
(2, (1, 1, 0), (3, 1)): [563, 87, 63, 47, 14, 8, 2, 1, 0, 0, 0, 0, 1]
(2, (1, 1, 0), (3, 2)): [696, 89, 60, 47, 16, 3, 3, 1, 1]
(2, (1, 1, 1), (0, 0)): [44894, 6643, 7486, 3789, 2664, 867, 288, 101, 39, 7, 5, 0, 1, 1]
(2, (1, 1, 1), (0, 1)): [1012, 102, 140, 68, 50, 9, 5, 2, 1, 0, 0, 0, 1]
(2, (1, 1, 1), (0, 2)): [469, 28, 32, 19, 15, 2, 1, 0, 1]
(2, (1, 1, 1), (1, 1)): [744, 113, 126, 64, 42, 7, 3, 0, 0, 0, 1, 0, 1]
(2, (1, 1, 1), (1, 2)): [565, 50, 51, 28, 17, 4, 2, 0, 0, 0, 1]
(2, (1, 1, 1), (2, 2)): [369, 66, 48, 33, 20, 5, 2, 0, 0, 0, 1]
