(0, (0, 0, 0), (0, 0)): [590630, 119436, 55903, 25840, 11790, 5100, 2127, 916, 385, 191, 82, 26, 18, 4, 2]
(0, (0, 0, 0), (0, 1)): [4144, 802, 356, 147, 75, 23, 7, 7, 1, 2, 2]
(0, (0, 0, 0), (0, 2)): [1457, 267, 116, 51, 19, 4, 4, 4, 0, 1]
(0, (0, 0, 0), (1, 0)): [3923, 806, 439, 190, 105, 42, 23, 8, 3, 3, 1]
(0, (0, 0, 0), (1, 1)): [3496, 671, 347, 150, 78, 21, 7, 7, 3, 1, 3]
(0, (0, 0, 0), (1, 2)): [2101, 368, 171, 63, 29, 6, 7, 4, 2]
(0, (0, 0, 0), (2, 0)): [1342, 322, 173, 80, 51, 24, 13, 4, 1, 1]
(0, (0, 0, 0), (2, 1)): [1916, 403, 217, 99, 56, 22, 8, 4, 1, 0, 1]
(0, (0, 0, 0), (2, 2)): [1728, 322, 142, 67, 40, 14, 3, 4, 1, 0, 1]
(0, (0, 0, 0), (3, 0)): [492, 133, 81, 44, 23, 18, 7, 1, 1]
(0, (0, 0, 0), (3, 1)): [789, 196, 121, 57, 26, 11, 8, 2, 2]
(0, (0, 0, 0), (3, 2)): [1066, 220, 135, 60, 31, 9, 6, 3, 2]
(0, (0, 0, 1), (0, 0)): [2756, 8949, 2514, 1187, 586, 233, 119, 65, 24, 13, 4, 1, 3]
(0, (0, 0, 1), (0, 1)): [17, 35, 13, 4, 3, 0, 3]
(0, (0, 0, 1), (0, 2)): [7, 14, 2, 0, 1]
(0, (0, 0, 1), (1, 0)): [19, 46, 19, 9, 6, 0, 0, 1]
(0, (0, 0, 1), (1, 1)): [15, 26, 14, 5, 4, 0, 3]
(0, (0, 0, 1), (1, 2)): [11, 14, 5, 3, 2, 0, 1]
(0, (0, 0, 1), (2, 0)): [9, 20, 9, 4, 3, 0, 0, 1]
(0, (0, 0, 1), (2, 1)): [8, 16, 7, 2, 4, 0, 1]
(0, (0, 0, 1), (2, 2)): [8, 7, 5, 2, 2, 0, 1]
(0, (0, 0, 1), (3, 0)): [2, 10, 5, 3, 1, 0, 0, 1]
(0, (0, 0, 1), (3, 1)): [4, 5, 3, 1, 1, 0, 0, 1]
(0, (0, 0, 1), (3, 2)): [3, 6, 3, 1, 1, 0, 1, 1]
(0, (0, 1, 0), (0, 0)): [19448, 19682, 7479, 3549, 1796, 801, 334, 146, 64, 37, 15, 4, 2]
(0, (0, 1, 0), (0, 1)): [134, 102, 44, 15, 7, 4, 2, 1]
(0, (0, 1, 0), (0, 2)): [41, 24, 15, 5, 2, 4, 1]
(0, (0, 1, 0), (1, 0)): [122, 127, 37, 30, 11, 6, 2, 0, 1]
(0, (0, 1, 0), (1, 1)): [108, 86, 27, 20, 5, 3, 1, 1]
(0, (0, 1, 0), (1, 2)): [65, 46, 21, 11, 4, 3, 1]
(0, (0, 1, 0), (2, 0)): [37, 56, 18, 13, 6, 3, 1, 0, 1]
(0, (0, 1, 0), (2, 1)): [40, 47, 20, 15, 2, 5, 1, 1]
(0, (0, 1, 0), (2, 2)): [43, 29, 23, 11, 1, 2]
(0, (0, 1, 0), (3, 0)): [21, 22, 6, 6, 4, 0, 0, 0, 1]
(0, (0, 1, 0), (3, 1)): [20, 21, 8, 11, 4, 3, 1, 1]
(0, (0, 1, 0), (3, 2)): [23, 21, 16, 9, 5, 1, 1]
(0, (0, 1, 1), (0, 0)): [1732, 3107, 4042, 1804, 959, 451, 200, 89, 49, 19, 6, 3, 0, 1, 1]
(0, (0, 1, 1), (0, 1)): [7, 11, 21, 7, 7, 0, 2, 0, 1]
(0, (0, 1, 1), (0, 2)): [3, 4, 8, 3, 5, 0, 1]
(0, (0, 1, 1), (1, 0)): [14, 17, 30, 23, 8, 5, 3, 2, 1]
(0, (0, 1, 1), (1, 1)): [7, 8, 13, 10, 4, 2, 1, 0, 1]
(0, (0, 1, 1), (1, 2)): [1, 5, 8, 7, 7, 1]
(0, (0, 1, 1), (2, 0)): [7, 12, 20, 13, 5, 3, 1, 2, 1]
(0, (0, 1, 1), (2, 1)): [4, 6, 7, 5, 2, 1, 0, 1, 1]
(0, (0, 1, 1), (2, 2)): [3, 2, 8, 5, 3, 1, 0, 1]
(0, (0, 1, 1), (3, 0)): [6, 6, 14, 11, 3, 3, 1, 1]
(0, (0, 1, 1), (3, 1)): [5, 5, 4, 6, 2, 1, 0, 0, 1]
(0, (0, 1, 1), (3, 2)): [3, 3, 7, 4, 1, 1, 0, 1, 1]
(0, (1, 0, 0), (0, 0)): [131880, 46245, 28636, 14322, 6919, 3094, 1326, 577, 249, 126, 56, 17, 12, 3, 2]
(0, (1, 0, 0), (0, 1)): [878, 239, 181, 84, 50, 17, 9, 3, 2, 1]
(0, (1, 0, 0), (0, 2)): [312, 65, 61, 18, 12, 5, 3, 1, 0, 1]
(0, (1, 0, 0), (1, 0)): [736, 272, 181, 89, 45, 19, 13, 5, 2, 2, 1]
(0, (1, 0, 0), (1, 1)): [637, 198, 142, 78, 38, 11, 6, 3, 1, 1]
(0, (1, 0, 0), (1, 2)): [364, 92, 89, 25, 14, 7, 4, 2]
(0, (1, 0, 0), (2, 0)): [236, 98, 52, 31, 24, 12, 5, 4, 2, 1, 1]
(0, (1, 0, 0), (2, 1)): [305, 103, 61, 48, 26, 8, 3, 1, 2, 1]
(0, (1, 0, 0), (2, 2)): [268, 79, 60, 30, 12, 5, 2, 1, 1]
(0, (1, 0, 0), (3, 0)): [84, 39, 20, 15, 13, 5, 0, 2, 0, 1]
(0, (1, 0, 0), (3, 1)): [111, 44, 26, 21, 17, 6, 1, 1, 1, 1]
(0, (1, 0, 0), (3, 2)): [135, 49, 33, 17, 13, 6, 1, 0, 1]
(0, (1, 0, 1), (0, 0)): [3022, 9672, 4186, 2799, 1523, 711, 360, 148, 70, 30, 13, 8, 3, 0, 1]
(0, (1, 0, 1), (0, 1)): [18, 53, 24, 18, 9, 3, 4, 2, 1]
(0, (1, 0, 1), (0, 2)): [8, 22, 8, 6, 2, 1, 3, 1, 1]
(0, (1, 0, 1), (1, 0)): [20, 67, 26, 15, 11, 8, 0, 2, 1]
(0, (1, 0, 1), (1, 1)): [15, 46, 18, 12, 6, 5, 1, 1, 1]
(0, (1, 0, 1), (1, 2)): [11, 24, 9, 7, 4, 1, 1, 2, 1]
(0, (1, 0, 1), (2, 0)): [6, 29, 13, 4, 6, 4, 0, 1]
(0, (1, 0, 1), (2, 1)): [7, 30, 8, 6, 5, 3, 0, 0, 1]
(0, (1, 0, 1), (2, 2)): [9, 22, 11, 4, 3, 2, 0, 2, 1]
(0, (1, 0, 1), (3, 0)): [3, 11, 7, 2, 3, 3, 0, 1]
(0, (1, 0, 1), (3, 1)): [3, 12, 4, 1, 4, 1]
(0, (1, 0, 1), (3, 2)): [3, 12, 6, 2, 2, 0, 0, 0, 1]
(0, (1, 1, 0), (0, 0)): [17590, 11720, 9653, 6526, 3560, 1634, 727, 361, 146, 74, 37, 9, 6, 1]
(0, (1, 1, 0), (0, 1)): [138, 70, 56, 40, 23, 11, 5, 2, 0, 0, 1]
(0, (1, 1, 0), (0, 2)): [42, 21, 20, 14, 13, 3, 2, 1]
(0, (1, 1, 0), (1, 0)): [102, 76, 61, 47, 25, 13, 7, 3, 1, 1]
(0, (1, 1, 0), (1, 1)): [93, 50, 42, 33, 11, 11, 3, 1, 1, 1, 1]
(0, (1, 1, 0), (1, 2)): [59, 21, 25, 20, 9, 3, 2, 1, 0, 1]
(0, (1, 1, 0), (2, 0)): [30, 23, 26, 17, 12, 4, 2, 3]
(0, (1, 1, 0), (2, 1)): [39, 29, 22, 14, 11, 7, 2, 1]
(0, (1, 1, 0), (2, 2)): [33, 23, 18, 17, 4, 3, 1, 1, 0, 1]
(0, (1, 1, 0), (3, 0)): [11, 10, 12, 7, 5, 1, 0, 3]
(0, (1, 1, 0), (3, 1)): [21, 14, 11, 9, 6, 4, 1, 2]
(0, (1, 1, 0), (3, 2)): [30, 13, 14, 12, 4, 1, 0, 2]
(0, (1, 1, 1), (0, 0)): [1829, 3380, 2918, 2371, 1832, 894, 419, 219, 99, 45, 25, 7, 1, 1, 1]
(0, (1, 1, 1), (0, 1)): [19, 22, 25, 19, 14, 3, 2, 0, 1, 1, 1]
(0, (1, 1, 1), (0, 2)): [8, 9, 7, 5, 7]
(0, (1, 1, 1), (1, 0)): [9, 29, 41, 21, 16, 8, 4, 4, 2]
(0, (1, 1, 1), (1, 1)): [12, 22, 26, 21, 14, 3, 4, 2, 1, 0, 1]
(0, (1, 1, 1), (1, 2)): [12, 11, 11, 8, 8, 1, 2]
(0, (1, 1, 1), (2, 0)): [2, 11, 11, 11, 6, 3, 0, 1, 1]
(0, (1, 1, 1), (2, 1)): [5, 12, 14, 10, 5, 2, 0, 2, 2]
(0, (1, 1, 1), (2, 2)): [7, 14, 10, 10, 3, 2, 2, 1]
(0, (1, 1, 1), (3, 0)): [0, 2, 5, 6, 4]
(0, (1, 1, 1), (3, 1)): [1, 2, 6, 9, 4, 0, 0, 0, 1]
(0, (1, 1, 1), (3, 2)): [3, 3, 7, 9, 3, 1, 1, 0, 1]
(1, (0, 0, 0), (0, 0)): [468037, 50540, 20868, 8374, 3336, 1330, 502, 211, 79, 30, 12, 6, 2, 1]
(1, (0, 0, 0), (0, 1)): [3306, 318, 133, 36, 30, 2, 1, 3, 1]
(1, (0, 0, 0), (0, 2)): [1197, 84, 42, 16, 6, 0, 0, 2]
(1, (0, 0, 0), (1, 0)): [3204, 387, 163, 58, 24, 11, 3, 1]
(1, (0, 0, 0), (1, 1)): [2766, 310, 121, 32, 22, 6, 2, 0, 1]
(1, (0, 0, 0), (1, 2)): [1676, 143, 56, 20, 10, 2, 1, 1]
(1, (0, 0, 0), (2, 0)): [1148, 161, 72, 22, 12, 5, 1]
(1, (0, 0, 0), (2, 1)): [1579, 199, 97, 24, 18, 4, 1]
(1, (0, 0, 0), (2, 2)): [1368, 143, 61, 18, 12, 4, 1]
(1, (0, 0, 0), (3, 0)): [387, 60, 25, 10, 7, 1]
(1, (0, 0, 0), (3, 1)): [686, 126, 49, 18, 10, 1]
(1, (0, 0, 0), (3, 2)): [847, 119, 59, 20, 9, 4]
(1, (0, 0, 1), (0, 0)): [14771, 23092, 4464, 1888, 816, 318, 140, 68, 30, 11, 6, 4, 3, 1]
(1, (0, 0, 1), (0, 1)): [80, 105, 19, 6, 2]
(1, (0, 0, 1), (0, 2)): [30, 40, 8]
(1, (0, 0, 1), (1, 0)): [104, 125, 26, 13, 7, 1, 2, 0, 1]
(1, (0, 0, 1), (1, 1)): [80, 86, 16, 8, 4]
(1, (0, 0, 1), (1, 2)): [46, 50, 10, 2, 1]
(1, (0, 0, 1), (2, 0)): [44, 45, 14, 9, 4, 1, 2, 0, 1]
(1, (0, 0, 1), (2, 1)): [39, 47, 7, 6, 3, 0, 1]
(1, (0, 0, 1), (2, 2)): [35, 32, 6, 0, 1]
(1, (0, 0, 1), (3, 0)): [21, 21, 12, 6, 3, 0, 1, 0, 1]
(1, (0, 0, 1), (3, 1)): [24, 29, 4, 6, 2, 0, 1]
(1, (0, 0, 1), (3, 2)): [25, 27, 5, 1, 1]
(1, (0, 1, 0), (0, 0)): [67974, 33300, 11379, 4714, 1961, 812, 300, 136, 38, 25, 8, 5, 4]
(1, (0, 1, 0), (0, 1)): [405, 171, 56, 24, 5, 4, 4, 2, 1]
(1, (0, 1, 0), (0, 2)): [143, 63, 13, 3, 1, 2, 2]
(1, (0, 1, 0), (1, 0)): [468, 258, 80, 43, 30, 9, 4, 1, 0, 0, 1]
(1, (0, 1, 0), (1, 1)): [359, 154, 47, 26, 14, 4, 4, 2, 1]
(1, (0, 1, 0), (1, 2)): [225, 81, 25, 8, 4, 1, 2]
(1, (0, 1, 0), (2, 0)): [200, 95, 39, 30, 15, 5, 2, 1, 0, 0, 1]
(1, (0, 1, 0), (2, 1)): [169, 85, 25, 23, 10, 5, 4, 2, 0, 0, 1]
(1, (0, 1, 0), (2, 2)): [155, 67, 20, 13, 6, 2, 1]
(1, (0, 1, 0), (3, 0)): [114, 53, 15, 20, 12, 1, 0, 1]
(1, (0, 1, 0), (3, 1)): [98, 42, 15, 14, 7, 3, 1, 1]
(1, (0, 1, 0), (3, 2)): [98, 32, 11, 14, 5, 1]
(1, (0, 1, 1), (0, 0)): [11561, 9959, 9891, 3852, 1848, 747, 289, 114, 61, 20, 8, 4, 1, 1]
(1, (0, 1, 1), (0, 1)): [73, 50, 44, 12, 9, 1, 1, 1]
(1, (0, 1, 1), (0, 2)): [36, 12, 12, 5, 3]
(1, (0, 1, 1), (1, 0)): [102, 68, 62, 30, 25, 9, 4, 3, 1, 1]
(1, (0, 1, 1), (1, 1)): [48, 41, 31, 13, 8, 1, 3, 1]
(1, (0, 1, 1), (1, 2)): [43, 13, 16, 9, 2, 0, 2]
(1, (0, 1, 1), (2, 0)): [71, 46, 39, 18, 18, 9, 2, 2, 1, 1]
(1, (0, 1, 1), (2, 1)): [30, 28, 23, 7, 2, 2, 1, 1]
(1, (0, 1, 1), (2, 2)): [32, 15, 17, 7, 2, 0, 0, 1]
(1, (0, 1, 1), (3, 0)): [54, 36, 27, 13, 18, 8, 2, 2, 1, 1]
(1, (0, 1, 1), (3, 1)): [18, 13, 8, 2, 2, 1, 1]
(1, (0, 1, 1), (3, 2)): [19, 13, 15, 1, 1, 1]
(1, (1, 0, 0), (0, 0)): [190788, 36111, 21556, 9477, 3791, 1589, 585, 229, 104, 44, 16, 11, 2, 2]
(1, (1, 0, 0), (0, 1)): [1251, 189, 118, 54, 24, 9, 8, 0, 0, 1]
(1, (1, 0, 0), (0, 2)): [432, 60, 44, 17, 5, 2, 4, 0, 0, 1]
(1, (1, 0, 0), (1, 0)): [1236, 237, 168, 78, 25, 11, 2, 3, 1]
(1, (1, 0, 0), (1, 1)): [978, 173, 102, 40, 17, 8, 2, 2]
(1, (1, 0, 0), (1, 2)): [575, 76, 53, 17, 8, 3, 3, 0, 0, 1]
(1, (1, 0, 0), (2, 0)): [411, 86, 70, 35, 13, 6, 1, 0, 1]
(1, (1, 0, 0), (2, 1)): [493, 101, 56, 32, 10, 7, 1, 1, 1]
(1, (1, 0, 0), (2, 2)): [431, 76, 46, 21, 9, 5, 1, 0, 0, 1]
(1, (1, 0, 0), (3, 0)): [139, 37, 33, 16, 9, 1]
(1, (1, 0, 0), (3, 1)): [184, 55, 30, 23, 6, 3, 1, 1]
(1, (1, 0, 0), (3, 2)): [210, 48, 27, 22, 4, 6, 1]
(1, (1, 0, 1), (0, 0)): [14846, 19239, 6543, 4128, 1754, 758, 278, 116, 48, 31, 10, 2]
(1, (1, 0, 1), (0, 1)): [99, 97, 28, 19, 10, 4, 2, 1, 3, 1]
(1, (1, 0, 1), (0, 2)): [51, 31, 10, 11, 1, 2, 1, 1]
(1, (1, 0, 1), (1, 0)): [94, 143, 31, 27, 16, 8, 0, 1, 0, 1]
(1, (1, 0, 1), (1, 1)): [65, 83, 17, 16, 15, 0, 1, 0, 2]
(1, (1, 0, 1), (1, 2)): [45, 44, 14, 15, 6, 1, 1, 1]
(1, (1, 0, 1), (2, 0)): [36, 52, 13, 8, 6, 5]
(1, (1, 0, 1), (2, 1)): [34, 47, 7, 6, 7, 3, 1, 0, 2]
(1, (1, 0, 1), (2, 2)): [27, 35, 9, 5, 4, 3, 0, 0, 1]
(1, (1, 0, 1), (3, 0)): [17, 22, 6, 4, 3, 2]
(1, (1, 0, 1), (3, 1)): [13, 24, 4, 5, 6, 2]
(1, (1, 0, 1), (3, 2)): [18, 22, 8, 5, 8, 4, 0, 0, 1]
(1, (1, 1, 0), (0, 0)): [50473, 16164, 11631, 7665, 3354, 1441, 576, 228, 86, 36, 11, 6, 2, 3]
(1, (1, 1, 0), (0, 1)): [343, 91, 75, 48, 21, 8, 4, 1]
(1, (1, 1, 0), (0, 2)): [122, 34, 25, 14, 6, 1]
(1, (1, 1, 0), (1, 0)): [313, 111, 81, 76, 35, 8, 3, 2]
(1, (1, 1, 0), (1, 1)): [260, 71, 56, 45, 17, 3, 5, 1]
(1, (1, 1, 0), (1, 2)): [173, 35, 30, 25, 10, 1, 1]
(1, (1, 1, 0), (2, 0)): [107, 47, 33, 28, 20, 4, 1, 1]
(1, (1, 1, 0), (2, 1)): [128, 57, 32, 29, 13, 1, 2, 1]
(1, (1, 1, 0), (2, 2)): [122, 33, 24, 16, 9]
(1, (1, 1, 0), (3, 0)): [29, 12, 12, 10, 11, 3, 1, 1]
(1, (1, 1, 0), (3, 1)): [50, 28, 16, 14, 12, 0, 3, 2]
(1, (1, 1, 0), (3, 2)): [63, 24, 13, 12, 11, 0, 2, 2]
(1, (1, 1, 1), (0, 0)): [10250, 8532, 5586, 3915, 2688, 1197, 494, 195, 81, 29, 11, 6, 2, 1]
(1, (1, 1, 1), (0, 1)): [88, 66, 42, 25, 21, 8, 2, 2]
(1, (1, 1, 1), (0, 2)): [42, 24, 18, 7, 6, 3, 1]
(1, (1, 1, 1), (1, 0)): [83, 63, 58, 28, 26, 9, 7, 2, 1]
(1, (1, 1, 1), (1, 1)): [69, 51, 30, 22, 21, 8, 2, 1]
(1, (1, 1, 1), (1, 2)): [53, 21, 17, 15, 11, 6, 2, 1]
(1, (1, 1, 1), (2, 0)): [24, 23, 30, 15, 11, 5, 4, 2]
(1, (1, 1, 1), (2, 1)): [38, 33, 25, 12, 15, 2, 2, 1]
(1, (1, 1, 1), (2, 2)): [43, 20, 17, 10, 15, 5, 3, 1]
(1, (1, 1, 1), (3, 0)): [7, 9, 9, 8, 5, 4, 2]
(1, (1, 1, 1), (3, 1)): [16, 14, 5, 6, 4, 2, 2, 1]
(1, (1, 1, 1), (3, 2)): [26, 13, 7, 11, 7, 5, 2]
(2, (0, 0, 0), (0, 0)): [401549, 17163, 5860, 1846, 662, 242, 82, 32, 7, 2, 2]
(2, (0, 0, 0), (0, 1)): [2943, 123, 42, 10, 6, 2]
(2, (0, 0, 0), (0, 2)): [993, 30, 11, 4]
(2, (0, 0, 0), (1, 0)): [2974, 181, 63, 21, 6, 2, 2]
(2, (0, 0, 0), (1, 1)): [2622, 117, 47, 11, 7, 3, 1]
(2, (0, 0, 0), (1, 2)): [1470, 46, 24, 5, 3, 1, 1]
(2, (0, 0, 0), (2, 0)): [1099, 72, 28, 10, 2, 1, 1]
(2, (0, 0, 0), (2, 1)): [1540, 77, 29, 11, 4, 2]
(2, (0, 0, 0), (2, 2)): [1256, 50, 20, 10, 3, 2]
(2, (0, 0, 0), (3, 0)): [395, 33, 18, 5, 1, 1, 1]
(2, (0, 0, 0), (3, 1)): [697, 42, 18, 5, 3, 2]
(2, (0, 0, 0), (3, 2)): [814, 43, 22, 6, 1, 3]
(2, (0, 0, 1), (0, 0)): [44033, 14943, 2656, 902, 317, 116, 41, 12, 1, 2, 0, 1]
(2, (0, 0, 1), (0, 1)): [261, 81, 16, 4, 4, 2, 1]
(2, (0, 0, 1), (0, 2)): [104, 19, 6, 1]
(2, (0, 0, 1), (1, 0)): [282, 102, 21, 6, 1, 2]
(2, (0, 0, 1), (1, 1)): [215, 69, 14, 3, 4, 1, 1]
(2, (0, 0, 1), (1, 2)): [139, 31, 8, 2, 1, 0, 1]
(2, (0, 0, 1), (2, 0)): [129, 39, 11, 4, 1, 2]
(2, (0, 0, 1), (2, 1)): [127, 39, 8, 3, 2]
(2, (0, 0, 1), (2, 2)): [119, 23, 9, 3, 1, 0, 1]
(2, (0, 0, 1), (3, 0)): [69, 20, 7, 2, 0, 2]
(2, (0, 0, 1), (3, 1)): [61, 16, 5, 2, 2]
(2, (0, 0, 1), (3, 2)): [75, 18, 7, 2, 1]
(2, (0, 1, 0), (0, 0)): [110135, 25690, 6226, 2132, 692, 249, 82, 22, 6, 1]
(2, (0, 1, 0), (0, 1)): [624, 128, 23, 5, 8, 1, 1]
(2, (0, 1, 0), (0, 2)): [215, 26, 7, 1, 4]
(2, (0, 1, 0), (1, 0)): [866, 147, 63, 23, 8, 4, 1]
(2, (0, 1, 0), (1, 1)): [566, 116, 29, 7, 5, 3, 1]
(2, (0, 1, 0), (1, 2)): [321, 54, 15, 6, 5]
(2, (0, 1, 0), (2, 0)): [427, 69, 35, 18, 6, 1, 1]
(2, (0, 1, 0), (2, 1)): [365, 65, 16, 6, 2, 2]
(2, (0, 1, 0), (2, 2)): [312, 43, 12, 6, 4]
(2, (0, 1, 0), (3, 0)): [257, 35, 23, 9, 4, 0, 1]
(2, (0, 1, 0), (3, 1)): [202, 42, 14, 6, 5, 1, 1]
(2, (0, 1, 0), (3, 2)): [224, 38, 12, 3, 2, 1, 1]
(2, (0, 1, 1), (0, 0)): [27106, 2442, 6495, 1694, 638, 211, 73, 27, 10, 3, 1]
(2, (0, 1, 1), (0, 1)): [155, 12, 29, 4, 2, 0, 0, 1]
(2, (0, 1, 1), (0, 2)): [57, 3, 10, 3, 2]
(2, (0, 1, 1), (1, 0)): [212, 23, 45, 19, 10, 1, 1]
(2, (0, 1, 1), (1, 1)): [134, 11, 28, 5, 2, 0, 0, 1]
(2, (0, 1, 1), (1, 2)): [88, 5, 16, 4, 1]
(2, (0, 1, 1), (2, 0)): [119, 18, 21, 15, 7, 1, 1]
(2, (0, 1, 1), (2, 1)): [67, 9, 14, 6, 1]
(2, (0, 1, 1), (2, 2)): [73, 5, 16, 3]
(2, (0, 1, 1), (3, 0)): [86, 11, 15, 9, 7, 1, 1]
(2, (0, 1, 1), (3, 1)): [35, 4, 9, 3]
(2, (0, 1, 1), (3, 2)): [48, 4, 17, 3]
(2, (1, 0, 0), (0, 0)): [233778, 18060, 10113, 3327, 1096, 360, 137, 47, 12, 3, 3]
(2, (1, 0, 0), (0, 1)): [1431, 82, 58, 22, 6, 4, 1]
(2, (1, 0, 0), (0, 2)): [490, 24, 14, 4, 3, 2, 1]
(2, (1, 0, 0), (1, 0)): [1523, 105, 76, 37, 14, 2, 3]
(2, (1, 0, 0), (1, 1)): [1120, 71, 58, 21, 4, 1]
(2, (1, 0, 0), (1, 2)): [662, 32, 24, 13, 3, 1]
(2, (1, 0, 0), (2, 0)): [546, 50, 28, 22, 10, 0, 2]
(2, (1, 0, 0), (2, 1)): [592, 45, 35, 9, 5, 1]
(2, (1, 0, 0), (2, 2)): [502, 29, 29, 6, 4, 2]
(2, (1, 0, 0), (3, 0)): [168, 24, 7, 14, 4, 0, 2]
(2, (1, 0, 0), (3, 1)): [247, 25, 19, 7, 3, 0, 2]
(2, (1, 0, 0), (3, 2)): [286, 28, 17, 4, 2, 2]
(2, (1, 0, 1), (0, 0)): [38769, 10422, 4446, 2303, 732, 269, 87, 33, 11, 2, 0, 1]
(2, (1, 0, 1), (0, 1)): [251, 55, 25, 25, 6, 2]
(2, (1, 0, 1), (0, 2)): [89, 12, 8, 10, 1]
(2, (1, 0, 1), (1, 0)): [263, 45, 28, 24, 10, 3, 1]
(2, (1, 0, 1), (1, 1)): [205, 39, 20, 16, 7, 0, 1]
(2, (1, 0, 1), (1, 2)): [110, 17, 7, 8, 1]
(2, (1, 0, 1), (2, 0)): [88, 11, 14, 13, 3, 1]
(2, (1, 0, 1), (2, 1)): [112, 20, 8, 10, 5]
(2, (1, 0, 1), (2, 2)): [72, 9, 7, 6, 2]
(2, (1, 0, 1), (3, 0)): [40, 2, 7, 6, 1]
(2, (1, 0, 1), (3, 1)): [53, 7, 5, 6, 4]
(2, (1, 0, 1), (3, 2)): [55, 7, 5, 4, 3]
(2, (1, 1, 0), (0, 0)): [85378, 13487, 7281, 4341, 1379, 491, 147, 50, 20, 7, 4, 0, 0, 1]
(2, (1, 1, 0), (0, 1)): [605, 84, 38, 29, 8, 3, 1]
(2, (1, 1, 0), (0, 2)): [223, 29, 13, 4, 1]
(2, (1, 1, 0), (1, 0)): [604, 79, 58, 51, 11, 4, 2, 1]
(2, (1, 1, 0), (1, 1)): [471, 54, 30, 31, 6, 4]
(2, (1, 1, 0), (1, 2)): [284, 35, 18, 12, 1, 2]
(2, (1, 1, 0), (2, 0)): [239, 31, 23, 23, 6, 2, 1, 1]
(2, (1, 1, 0), (2, 1)): [285, 26, 15, 18, 4, 2]
(2, (1, 1, 0), (2, 2)): [218, 30, 14, 14, 2, 2]
(2, (1, 1, 0), (3, 0)): [99, 9, 13, 11, 4, 2, 1]
(2, (1, 1, 0), (3, 1)): [135, 8, 11, 15, 1, 3, 1]
(2, (1, 1, 0), (3, 2)): [153, 13, 12, 14, 2, 1, 1]
(2, (1, 1, 1), (0, 0)): [25217, 3834, 4398, 2311, 1504, 507, 168, 60, 25, 6, 4, 0, 0, 1]
(2, (1, 1, 1), (0, 1)): [219, 21, 33, 21, 13, 1, 1, 0, 1]
(2, (1, 1, 1), (0, 2)): [108, 5, 4, 3, 3, 1, 0, 0, 1]
(2, (1, 1, 1), (1, 0)): [175, 49, 36, 33, 7, 4, 3]
(2, (1, 1, 1), (1, 1)): [151, 22, 28, 22, 9, 1, 2]
(2, (1, 1, 1), (1, 2)): [106, 9, 8, 12, 4, 1, 1]
(2, (1, 1, 1), (2, 0)): [60, 41, 13, 15, 4, 2, 2]
(2, (1, 1, 1), (2, 1)): [70, 18, 16, 12, 6, 1, 2]
(2, (1, 1, 1), (2, 2)): [77, 15, 9, 11, 4, 0, 1]
(2, (1, 1, 1), (3, 0)): [19, 33, 5, 9, 1, 2]
(2, (1, 1, 1), (3, 1)): [32, 23, 5, 9, 2, 1, 1]
(2, (1, 1, 1), (3, 2)): [46, 18, 6, 14, 4, 1, 2]
