(0, (0, 0, 0)): [15149, 3192, 1503, 703, 330, 158, 80, 37, 8, 3, 0, 0, 1, 1]
(0, (0, 0, 1)): [76, 245, 60, 37, 20, 8, 1, 4]
(0, (0, 1, 0)): [504, 509, 211, 77, 42, 35, 7, 2, 1, 2]
(0, (0, 1, 1)): [37, 72, 111, 45, 35, 20, 7, 2, 2]
(0, (1, 0, 0)): [3536, 1241, 790, 373, 196, 101, 62, 22, 6, 0, 0, 0, 1, 1]
(0, (1, 0, 1)): [87, 258, 130, 76, 58, 25, 19, 6, 1, 1]
(0, (1, 1, 0)): [488, 316, 242, 182, 87, 57, 36, 12, 3, 0, 1, 0, 1]
(0, (1, 1, 1)): [40, 67, 72, 79, 52, 31, 14, 6, 3, 2, 1, 0, 1]
(1, (0, 0, 0)): [11855, 1357, 537, 251, 101, 27, 10, 8, 1]
(1, (0, 0, 1)): [383, 638, 120, 46, 25, 20, 1, 2]
(1, (0, 1, 0)): [1798, 882, 305, 122, 62, 23, 10, 3, 0, 1]
(1, (0, 1, 1)): [307, 254, 263, 108, 59, 22, 7, 4]
(1, (1, 0, 0)): [5112, 991, 601, 285, 128, 46, 12, 8, 3, 0, 0, 0, 0, 1]
(1, (1, 0, 1)): [413, 513, 175, 114, 50, 31, 6, 2, 1]
(1, (1, 1, 0)): [1337, 426, 302, 220, 94, 37, 14, 11, 2, 0, 0, 0, 0, 1]
(1, (1, 1, 1)): [227, 218, 139, 114, 72, 40, 13, 7]
(2, (0, 0, 0)): [10096, 458, 157, 65, 16, 3, 1, 1]
(2, (0, 0, 1)): [1329, 431, 81, 30, 6, 4]
(2, (0, 1, 0)): [2961, 704, 196, 55, 25, 8, 3, 0, 1]
(2, (0, 1, 1)): [825, 69, 204, 58, 12, 3, 2, 1, 1, 0, 1]
(2, (1, 0, 0)): [6177, 526, 260, 101, 29, 6, 3, 2, 1]
(2, (1, 0, 1)): [1123, 335, 139, 73, 23, 8, 6, 0, 1, 0, 0, 1]
(2, (1, 1, 0)): [2099, 364, 175, 117, 50, 15, 2, 4, 1, 0, 0, 0, 0, 1]
(2, (1, 1, 1)): [620, 109, 110, 72, 36, 11, 8, 4, 2, 0, 0, 0, 0, 1]
