(0, (0, 0, 0)): [2607537, 532920, 245564, 112738, 50625, 21632, 9022, 3666, 1482, 647, 288, 132, 46, 24, 7, 1, 1, 1]
(0, (0, 0, 1)): [9168, 28608, 7865, 3867, 1846, 797, 355, 146, 57, 35, 20, 4, 4, 3]
(0, (0, 1, 0)): [97018, 89988, 35810, 17857, 8451, 3680, 1594, 659, 277, 140, 49, 20, 9, 6, 3, 0, 1]
(0, (0, 1, 1)): [7710, 13471, 15977, 7476, 3962, 1891, 817, 367, 179, 77, 27, 17, 4, 4, 2, 0, 1, 1]
(0, (1, 0, 0)): [540695, 176517, 116895, 58341, 28052, 12513, 5226, 2249, 941, 413, 197, 78, 28, 17, 5, 1, 1, 1]
(0, (1, 0, 1)): [12524, 37927, 15468, 11210, 5828, 2725, 1285, 527, 252, 108, 57, 20, 11, 3, 2, 0, 0, 1]
(0, (1, 1, 0)): [78192, 48718, 35857, 26527, 14152, 6618, 2825, 1306, 544, 250, 111, 48, 14, 6, 2, 0, 1]
(0, (1, 1, 1)): [7556, 14660, 11735, 8530, 7065, 3522, 1644, 784, 365, 156, 73, 28, 8, 5, 2, 0, 1]
(1, (0, 0, 0)): [2137477, 239979, 97799, 39009, 15245, 5812, 2258, 812, 282, 113, 43, 25, 8, 3, 0, 1]
(1, (0, 0, 1)): [56460, 80936, 16271, 7196, 2932, 1189, 468, 178, 80, 27, 15, 9, 4, 2]
(1, (0, 1, 0)): [284677, 122247, 45791, 19940, 8076, 3233, 1161, 490, 147, 73, 36, 10, 10, 2, 1]
(1, (0, 1, 1)): [44331, 37432, 32319, 13232, 6794, 2714, 1093, 433, 179, 61, 24, 10, 3, 2, 0, 1]
(1, (1, 0, 0)): [790113, 137456, 92431, 39545, 16116, 6397, 2511, 929, 358, 148, 59, 33, 7, 3, 0, 2]
(1, (1, 0, 1)): [63782, 71770, 23084, 15986, 6926, 2862, 1116, 448, 159, 87, 24, 10, 2, 1]
(1, (1, 1, 0)): [221884, 66139, 44086, 32805, 13809, 5728, 2245, 895, 343, 136, 55, 26, 10, 5, 1]
(1, (1, 1, 1)): [45286, 36210, 22517, 14642, 11459, 4901, 2002, 750, 302, 110, 38, 22, 9, 4, 1, 1]
(2, (0, 0, 0)): [1870151, 89470, 29418, 9412, 3154, 971, 332, 114, 21, 10, 5, 1, 1]
(2, (0, 0, 1)): [173970, 50262, 10796, 3737, 1293, 442, 134, 49, 10, 7, 1, 2]
(2, (0, 1, 0)): [459636, 93718, 26751, 9515, 3198, 1019, 330, 99, 24, 14, 7, 0, 1]
(2, (0, 1, 1)): [107867, 8930, 22131, 6541, 2571, 853, 280, 88, 26, 7, 5, 1, 0, 1]
(2, (1, 0, 0)): [956787, 68788, 47001, 15058, 4942, 1563, 581, 177, 41, 17, 7, 2, 1]
(2, (1, 0, 1)): [168572, 38786, 15401, 10006, 3321, 1061, 364, 117, 36, 14, 2, 4, 2]
(2, (1, 1, 0)): [374260, 55493, 28152, 20308, 6559, 2085, 704, 240, 71, 34, 12, 4, 2, 1]
(2, (1, 1, 1)): [111722, 16294, 18397, 9203, 7156, 2207, 751, 253, 84, 23, 10, 4, 1, 1]
