(0, (0, 0, 0), (0, 0)): [2478708, 507231, 233069, 106804, 47963, 20470, 8538, 3460, 1400, 606, 272, 123, 44, 23, 6, 1, 1, 1]
(0, (0, 0, 0), (0, 1)): [516475, 99785, 45433, 21041, 9310, 3983, 1635, 611, 263, 113, 55, 23, 7, 5, 1, 1]
(0, (0, 0, 0), (0, 2)): [202461, 34626, 15487, 7017, 3042, 1281, 527, 187, 85, 36, 9, 4, 4, 1, 1]
(0, (0, 0, 0), (1, 0)): [413184, 92940, 44026, 20606, 9632, 4077, 1784, 737, 277, 110, 55, 22, 6, 6, 2, 0, 1]
(0, (0, 0, 0), (1, 1)): [422657, 85872, 39965, 18600, 8342, 3572, 1482, 584, 245, 92, 55, 21, 4, 6, 0, 1, 1]
(0, (0, 0, 0), (1, 2)): [299916, 53162, 24334, 10946, 4838, 2028, 870, 334, 146, 48, 19, 8, 5, 2, 1]
(0, (0, 0, 0), (2, 0)): [131223, 32632, 16579, 7868, 3855, 1572, 708, 307, 107, 50, 23, 10, 2, 3, 1]
(0, (0, 0, 0), (2, 1)): [212815, 47586, 23284, 10888, 5090, 2160, 875, 386, 147, 62, 31, 15, 3, 4, 0, 0, 1]
(0, (0, 0, 0), (2, 2)): [236094, 45739, 21671, 9999, 4461, 1842, 783, 296, 145, 47, 21, 6, 5, 2, 1, 0, 1]
(0, (0, 0, 0), (3, 0)): [37558, 10495, 6227, 3138, 1560, 639, 286, 126, 46, 26, 12, 4, 0, 2, 1]
(0, (0, 0, 0), (3, 1)): [80306, 20867, 11292, 5553, 2685, 1170, 465, 228, 90, 37, 12, 12, 2, 4, 1]
(0, (0, 0, 0), (3, 2)): [123578, 27884, 14732, 6913, 3237, 1367, 561, 243, 108, 41, 14, 12, 4, 2, 1, 0, 1]
(0, (0, 0, 1), (0, 0)): [8892, 27728, 7611, 3713, 1781, 770, 346, 138, 57, 35, 20, 4, 4, 3]
(0, (0, 0, 1), (0, 1)): [1311, 4026, 1097, 518, 247, 114, 45, 17, 10, 6, 4, 1, 0, 1]
(0, (0, 0, 1), (0, 2)): [604, 1510, 386, 180, 81, 44, 17, 6, 7, 0, 1]
(0, (0, 0, 1), (1, 0)): [1218, 4285, 1222, 675, 339, 147, 69, 24, 10, 6, 7]
(0, (0, 0, 1), (1, 1)): [1149, 3671, 990, 505, 268, 117, 47, 15, 6, 10, 3, 1, 0, 1]
(0, (0, 0, 1), (1, 2)): [935, 2364, 617, 303, 136, 69, 26, 10, 5, 4, 2]
(0, (0, 0, 1), (2, 0)): [458, 1573, 486, 297, 134, 62, 29, 13, 5, 2, 5]
(0, (0, 0, 1), (2, 1)): [613, 2097, 601, 352, 176, 74, 36, 12, 6, 7, 2, 1]
(0, (0, 0, 1), (2, 2)): [830, 2162, 583, 292, 153, 69, 25, 9, 4, 4, 2]
(0, (0, 0, 1), (3, 0)): [152, 535, 153, 120, 51, 26, 12, 3, 1, 0, 3]
(0, (0, 0, 1), (3, 1)): [256, 906, 265, 210, 93, 38, 23, 4, 3, 5, 0, 1]
(0, (0, 0, 1), (3, 2)): [461, 1326, 362, 249, 130, 52, 21, 4, 3, 3, 1]
(0, (0, 1, 0), (0, 0)): [92281, 86023, 34004, 16908, 8007, 3487, 1507, 618, 256, 134, 48, 19, 9, 6, 3, 0, 1]
(0, (0, 1, 0), (0, 1)): [18770, 16212, 6495, 3150, 1456, 627, 292, 115, 44, 25, 9, 4, 3, 1, 1]
(0, (0, 1, 0), (0, 2)): [7784, 5716, 2296, 1066, 502, 222, 106, 41, 16, 6, 0, 1, 2]
(0, (0, 1, 0), (1, 0)): [17336, 16318, 6929, 3721, 1749, 813, 337, 143, 60, 22, 10, 5, 2, 2, 1, 0, 1]
(0, (0, 1, 0), (1, 1)): [15936, 13789, 5719, 2921, 1357, 589, 262, 109, 35, 26, 11, 4, 1, 2, 1]
(0, (0, 1, 0), (1, 2)): [11416, 8637, 3589, 1766, 782, 343, 143, 73, 21, 9, 3, 3, 2, 0, 1]
(0, (0, 1, 0), (2, 0)): [6300, 5821, 2649, 1511, 711, 365, 139, 65, 26, 6, 2, 4, 2, 1, 0, 0, 1]
(0, (0, 1, 0), (2, 1)): [8596, 7655, 3333, 1731, 861, 400, 184, 62, 25, 18, 6, 3, 1, 1, 0, 0, 1]
(0, (0, 1, 0), (2, 2)): [9558, 7407, 3199, 1553, 735, 327, 148, 57, 23, 10, 5, 3, 1, 0, 1, 0, 1]
(0, (0, 1, 0), (3, 0)): [2158, 1729, 908, 628, 287, 158, 62, 35, 12, 2, 0, 1, 1]
(0, (0, 1, 0), (3, 1)): [3791, 3135, 1526, 1003, 473, 229, 89, 43, 9, 6, 2, 2, 0, 1]
(0, (0, 1, 0), (3, 2)): [5645, 4278, 2012, 1134, 554, 266, 130, 45, 11, 11, 3, 1, 0, 0, 1, 0, 1]
(0, (0, 1, 1), (0, 0)): [7303, 12824, 15187, 7095, 3730, 1793, 773, 338, 169, 73, 24, 16, 4, 4, 2, 0, 1, 1]
(0, (0, 1, 1), (0, 1)): [1453, 2409, 2686, 1222, 651, 308, 140, 56, 26, 12, 4, 4, 1, 0, 0, 0, 1]
(0, (0, 1, 1), (0, 2)): [700, 934, 994, 452, 242, 117, 50, 25, 6, 4, 1, 2]
(0, (0, 1, 1), (1, 0)): [1340, 2505, 2948, 1488, 781, 410, 167, 72, 39, 13, 8, 6, 1, 1, 1]
(0, (0, 1, 1), (1, 1)): [1176, 2094, 2388, 1101, 585, 268, 121, 42, 20, 8, 6, 3, 2, 0, 0, 0, 1]
(0, (0, 1, 1), (1, 2)): [985, 1373, 1492, 655, 387, 174, 71, 30, 14, 2, 2, 3, 1, 0, 0, 0, 1]
(0, (0, 1, 1), (2, 0)): [540, 1067, 1103, 618, 364, 213, 77, 35, 25, 8, 4, 2, 0, 1, 1]
(0, (0, 1, 1), (2, 1)): [596, 1148, 1308, 643, 301, 168, 66, 33, 14, 9, 6, 1, 1, 0, 1]
(0, (0, 1, 1), (2, 2)): [775, 1191, 1284, 597, 320, 150, 56, 26, 13, 7, 2, 3, 1, 0, 0, 0, 1]
(0, (0, 1, 1), (3, 0)): [284, 500, 465, 304, 206, 107, 41, 12, 16, 2, 1, 2, 0, 1]
(0, (0, 1, 1), (3, 1)): [241, 466, 527, 289, 176, 99, 39, 17, 13, 4, 2, 1, 0, 0, 1]
(0, (0, 1, 1), (3, 2)): [438, 668, 723, 400, 198, 113, 47, 23, 13, 4, 3, 0, 1, 0, 0, 0, 1]
(0, (1, 0, 0), (0, 0)): [516110, 169682, 111216, 55476, 26640, 11842, 4968, 2131, 888, 385, 188, 73, 27, 17, 4, 1, 1, 1]
(0, (1, 0, 0), (0, 1)): [96123, 27878, 19360, 9586, 4551, 1984, 842, 330, 159, 61, 29, 12, 1, 3]
(0, (1, 0, 0), (0, 2)): [37747, 9492, 6693, 3134, 1440, 626, 280, 112, 49, 24, 11, 3]
(0, (1, 0, 0), (1, 0)): [79937, 27652, 19745, 10351, 5137, 2269, 950, 422, 162, 78, 46, 14, 3, 6, 2, 0, 1]
(0, (1, 0, 0), (1, 1)): [72252, 22270, 15726, 8055, 3816, 1733, 722, 297, 127, 50, 28, 11, 1, 4, 1]
(0, (1, 0, 0), (1, 2)): [49119, 13121, 9262, 4597, 2112, 922, 406, 167, 77, 25, 9, 5, 0, 0, 1]
(0, (1, 0, 0), (2, 0)): [24758, 9406, 7051, 3889, 2006, 888, 363, 160, 54, 41, 22, 5, 3, 3, 0, 0, 1]
(0, (1, 0, 0), (2, 1)): [34616, 11607, 8412, 4459, 2216, 1006, 408, 181, 77, 41, 22, 7, 0, 6, 0, 0, 1]
(0, (1, 0, 0), (2, 2)): [35637, 10349, 7359, 3671, 1773, 745, 368, 145, 70, 27, 13, 4, 0, 3]
(0, (1, 0, 0), (3, 0)): [6361, 2972, 2288, 1523, 781, 349, 148, 53, 24, 18, 8, 2, 2]
(0, (1, 0, 0), (3, 1)): [12357, 4990, 3702, 2283, 1142, 554, 218, 98, 38, 19, 12, 4, 2, 2]
(0, (1, 0, 0), (3, 2)): [16840, 6125, 4300, 2461, 1221, 511, 256, 110, 50, 19, 10, 5, 0, 1]
(0, (1, 0, 1), (0, 0)): [12027, 36508, 14847, 10686, 5593, 2607, 1233, 506, 243, 101, 54, 20, 11, 3, 2, 0, 0, 1]
(0, (1, 0, 1), (0, 1)): [2248, 5894, 2411, 1823, 900, 430, 199, 76, 39, 15, 8, 1, 4, 1]
(0, (1, 0, 1), (0, 2)): [1071, 2159, 867, 639, 304, 146, 66, 27, 13, 1, 2, 1, 2, 1]
(0, (1, 0, 1), (1, 0)): [1842, 6039, 2437, 1871, 1002, 500, 217, 93, 49, 26, 15, 2, 1, 1, 1]
(0, (1, 0, 1), (1, 1)): [1727, 4690, 1972, 1438, 733, 333, 156, 67, 40, 18, 8, 1, 1]
(0, (1, 0, 1), (1, 2)): [1419, 2876, 1207, 839, 429, 192, 86, 39, 22, 5, 2, 1, 2]
(0, (1, 0, 1), (2, 0)): [598, 2038, 822, 675, 371, 209, 82, 36, 18, 13, 5, 1]
(0, (1, 0, 1), (2, 1)): [800, 2379, 1016, 763, 398, 217, 91, 35, 22, 16, 6]
(0, (1, 0, 1), (2, 2)): [1042, 2198, 962, 693, 343, 174, 83, 39, 12, 10, 3]
(0, (1, 0, 1), (3, 0)): [196, 617, 280, 196, 139, 86, 29, 14, 8, 3, 1, 1]
(0, (1, 0, 1), (3, 1)): [313, 829, 430, 324, 207, 107, 42, 20, 15, 9, 3]
(0, (1, 0, 1), (3, 2)): [510, 1114, 583, 385, 246, 126, 55, 26, 15, 11, 5]
(0, (1, 1, 0), (0, 0)): [74266, 46485, 34251, 25199, 13427, 6250, 2683, 1238, 512, 235, 109, 44, 14, 6, 1, 0, 1]
(0, (1, 1, 0), (0, 1)): [15354, 8295, 5663, 4404, 2398, 1045, 493, 205, 82, 29, 17, 11, 1, 1, 1, 0, 1]
(0, (1, 1, 0), (0, 2)): [6458, 3016, 1971, 1555, 822, 363, 156, 83, 32, 13, 6, 2]
(0, (1, 1, 0), (1, 0)): [11854, 7645, 5615, 4518, 2382, 1157, 498, 226, 94, 41, 21, 7, 3, 3]
(0, (1, 1, 0), (1, 1)): [11283, 6400, 4561, 3643, 1885, 856, 390, 162, 51, 24, 18, 4, 2, 2, 1, 0, 1]
(0, (1, 1, 0), (1, 2)): [8403, 4002, 2759, 2241, 1140, 493, 218, 96, 36, 20, 5, 3, 0, 1, 0, 0, 1]
(0, (1, 1, 0), (2, 0)): [3469, 2555, 1910, 1544, 916, 468, 206, 95, 43, 14, 7, 5, 0, 1]
(0, (1, 1, 0), (2, 1)): [5197, 3245, 2390, 1923, 1072, 484, 225, 96, 43, 13, 12, 5, 2, 0, 1]
(0, (1, 1, 0), (2, 2)): [5963, 3139, 2209, 1774, 953, 417, 188, 95, 33, 18, 7, 2, 0, 0, 0, 0, 1]
(0, (1, 1, 0), (3, 0)): [785, 819, 657, 509, 353, 184, 81, 37, 14, 6, 3, 2, 0, 1]
(0, (1, 1, 0), (3, 1)): [1777, 1369, 1053, 870, 579, 293, 130, 51, 23, 9, 6, 2, 2, 0, 1]
(0, (1, 1, 0), (3, 2)): [2778, 1770, 1349, 1092, 672, 319, 134, 75, 23, 11, 6, 0, 0, 0, 0, 0, 1]
(0, (1, 1, 1), (0, 0)): [7157, 13954, 11151, 8115, 6690, 3319, 1550, 732, 348, 146, 72, 26, 8, 4, 1, 0, 1]
(0, (1, 1, 1), (0, 1)): [1624, 2758, 2110, 1427, 1248, 613, 264, 132, 69, 24, 11, 5, 3, 1]
(0, (1, 1, 1), (0, 2)): [859, 1088, 780, 537, 456, 214, 88, 46, 23, 8, 8, 2, 1]
(0, (1, 1, 1), (1, 0)): [1055, 2421, 1949, 1387, 1164, 631, 289, 109, 63, 30, 12, 5, 0, 1, 0, 0, 1]
(0, (1, 1, 1), (1, 1)): [1089, 2152, 1652, 1110, 975, 529, 238, 111, 56, 22, 6, 4, 1, 1, 0, 0, 1]
(0, (1, 1, 1), (1, 2)): [1011, 1469, 1090, 720, 634, 294, 128, 63, 30, 13, 5, 4, 0, 1, 0, 0, 1]
(0, (1, 1, 1), (2, 0)): [294, 713, 655, 506, 430, 232, 94, 42, 18, 13, 5, 2, 0, 1]
(0, (1, 1, 1), (2, 1)): [486, 995, 849, 593, 491, 289, 123, 61, 38, 13, 4, 0, 1]
(0, (1, 1, 1), (2, 2)): [652, 1089, 845, 580, 479, 254, 111, 60, 29, 14, 3, 2, 1]
(0, (1, 1, 1), (3, 0)): [54, 184, 173, 181, 131, 85, 42, 20, 5, 5, 3, 1, 0, 1]
(0, (1, 1, 1), (3, 1)): [138, 346, 338, 256, 220, 128, 64, 27, 13, 7, 2, 1, 0, 1]
(0, (1, 1, 1), (3, 2)): [245, 525, 466, 342, 307, 162, 93, 37, 20, 8, 2, 1, 1, 1]
(1, (0, 0, 0), (0, 0)): [2028861, 227471, 92736, 36864, 14423, 5509, 2129, 758, 272, 109, 38, 23, 8, 3, 0, 1]
(1, (0, 0, 0), (0, 1)): [425747, 44592, 17953, 7119, 2807, 1051, 395, 144, 45, 16, 5, 5, 1, 1]
(1, (0, 0, 0), (0, 2)): [168774, 14847, 5999, 2218, 884, 329, 108, 40, 6, 5, 1, 3]
(1, (0, 0, 0), (1, 0)): [353525, 45147, 18864, 7653, 3075, 1174, 448, 144, 59, 24, 6, 3, 0, 0, 0, 1]
(1, (0, 0, 0), (1, 1)): [355743, 40189, 16339, 6550, 2612, 939, 403, 135, 47, 14, 7, 2, 1, 1]
(1, (0, 0, 0), (1, 2)): [250777, 23737, 9506, 3690, 1482, 535, 204, 61, 20, 8, 2, 2, 1]
(1, (0, 0, 0), (2, 0)): [116652, 16736, 7533, 3194, 1275, 502, 185, 59, 27, 14, 2, 2, 0, 0, 0, 1]
(1, (0, 0, 0), (2, 1)): [184083, 23295, 9995, 4034, 1667, 623, 219, 86, 22, 17, 6, 2]
(1, (0, 0, 0), (2, 2)): [202893, 21364, 8963, 3623, 1421, 523, 187, 70, 24, 8, 2, 1]
(1, (0, 0, 0), (3, 0)): [34130, 5462, 3041, 1355, 510, 217, 97, 25, 18, 6, 1, 1, 0, 0, 0, 1]
(1, (0, 0, 0), (3, 1)): [72530, 10840, 5404, 2309, 951, 375, 126, 47, 16, 7, 3]
(1, (0, 0, 0), (3, 2)): [110154, 13836, 6756, 2747, 1144, 420, 147, 61, 17, 8, 4]
(1, (0, 0, 1), (0, 0)): [54456, 78125, 15636, 6886, 2812, 1149, 451, 167, 76, 26, 15, 9, 4, 2]
(1, (0, 0, 1), (0, 1)): [9815, 11983, 2438, 1029, 368, 158, 83, 24, 4, 1, 3, 1]
(1, (0, 0, 1), (0, 2)): [4386, 4025, 791, 313, 120, 50, 24, 3, 3, 0, 1, 1]
(1, (0, 0, 1), (1, 0)): [9986, 14658, 3117, 1572, 636, 274, 91, 36, 24, 5, 2, 1]
(1, (0, 0, 1), (1, 1)): [8834, 11196, 2325, 1060, 398, 155, 71, 25, 7, 3, 1, 1]
(1, (0, 0, 1), (1, 2)): [6773, 6398, 1333, 568, 217, 87, 45, 8, 5, 1, 1, 2]
(1, (0, 0, 1), (2, 0)): [4138, 5934, 1369, 797, 329, 148, 52, 22, 14, 3, 1]
(1, (0, 0, 1), (2, 1)): [4999, 6592, 1429, 733, 283, 114, 39, 24, 7, 2, 1]
(1, (0, 0, 1), (2, 2)): [5897, 5851, 1281, 595, 208, 80, 45, 14, 3, 1, 2, 2]
(1, (0, 0, 1), (3, 0)): [1933, 2392, 625, 441, 182, 90, 29, 10, 6, 1, 1]
(1, (0, 0, 1), (3, 1)): [2219, 2869, 729, 403, 172, 80, 25, 15, 4, 2]
(1, (0, 0, 1), (3, 2)): [3542, 3614, 890, 477, 180, 81, 41, 13, 3, 0, 1]
(1, (0, 1, 0), (0, 0)): [272700, 117520, 43731, 18996, 7691, 3093, 1101, 465, 142, 71, 35, 10, 10, 2, 1]
(1, (0, 1, 0), (0, 1)): [50907, 19561, 7462, 3061, 1255, 522, 184, 82, 18, 13, 7, 1, 1]
(1, (0, 1, 0), (0, 2)): [20500, 6929, 2546, 956, 404, 173, 58, 24, 7, 4, 1, 1, 1]
(1, (0, 1, 0), (1, 0)): [52184, 21875, 8813, 4390, 1784, 721, 271, 104, 43, 18, 8, 0, 0, 1]
(1, (0, 1, 0), (1, 1)): [45190, 17633, 6916, 3122, 1250, 498, 193, 69, 21, 7, 6, 0, 0, 1]
(1, (0, 1, 0), (1, 2)): [31318, 10807, 4017, 1682, 655, 261, 96, 45, 13, 7, 1, 1]
(1, (0, 1, 0), (2, 0)): [21511, 8731, 3807, 2195, 938, 374, 132, 61, 23, 12, 6]
(1, (0, 1, 0), (2, 1)): [25857, 10163, 4322, 2101, 902, 349, 137, 48, 16, 7, 5, 0, 0, 1]
(1, (0, 1, 0), (2, 2)): [26976, 9403, 3774, 1678, 679, 276, 97, 36, 11, 6, 3]
(1, (0, 1, 0), (3, 0)): [9441, 3503, 1643, 1194, 523, 211, 74, 33, 11, 7, 2]
(1, (0, 1, 0), (3, 1)): [11952, 4437, 2141, 1311, 566, 208, 93, 42, 16, 6, 3, 0, 0, 1]
(1, (0, 1, 0), (3, 2)): [16510, 5749, 2618, 1395, 609, 213, 93, 34, 9, 7, 3, 0, 0, 1]
(1, (0, 1, 1), (0, 0)): [42363, 35797, 30895, 12612, 6481, 2582, 1038, 413, 171, 59, 22, 10, 3, 2, 0, 1]
(1, (0, 1, 1), (0, 1)): [7106, 5340, 4535, 1813, 841, 309, 144, 70, 16, 3, 5, 1]
(1, (0, 1, 1), (0, 2)): [3408, 1714, 1636, 648, 297, 99, 53, 27, 3, 1, 4]
(1, (0, 1, 1), (1, 0)): [8563, 7734, 5861, 2667, 1587, 665, 269, 99, 36, 17, 4, 2, 1]
(1, (0, 1, 1), (1, 1)): [6029, 4831, 3980, 1640, 811, 297, 120, 52, 17, 7, 0, 2]
(1, (0, 1, 1), (1, 2)): [4991, 2780, 2498, 971, 485, 170, 74, 34, 7, 5, 3, 1]
(1, (0, 1, 1), (2, 0)): [4643, 4038, 2894, 1454, 1020, 452, 188, 68, 26, 10, 4, 1]
(1, (0, 1, 1), (2, 1)): [3235, 2729, 2250, 1005, 504, 206, 86, 25, 10, 3, 1]
(1, (0, 1, 1), (2, 2)): [4126, 2436, 2167, 899, 440, 156, 64, 21, 6, 2, 3, 1]
(1, (0, 1, 1), (3, 0)): [3290, 2636, 1716, 978, 828, 361, 145, 59, 22, 7, 3, 1]
(1, (0, 1, 1), (3, 1)): [1371, 1228, 961, 463, 281, 146, 51, 23, 9, 3]
(1, (0, 1, 1), (3, 2)): [2303, 1566, 1231, 603, 364, 129, 49, 20, 7, 3, 2, 1]
(1, (1, 0, 0), (0, 0)): [751973, 131557, 87669, 37413, 15235, 6066, 2383, 874, 340, 143, 52, 32, 7, 3, 0, 2]
(1, (1, 0, 0), (0, 1)): [141005, 21704, 15179, 6484, 2555, 1017, 401, 160, 45, 19, 9, 4, 1]
(1, (1, 0, 0), (0, 2)): [54887, 7272, 4944, 2044, 790, 356, 134, 47, 11, 6, 4]
(1, (1, 0, 0), (1, 0)): [125860, 23312, 16810, 7554, 3116, 1257, 517, 181, 61, 31, 10, 4, 2, 0, 0, 1]
(1, (1, 0, 0), (1, 1)): [111691, 18389, 13076, 5772, 2267, 875, 370, 137, 43, 20, 8, 6, 1, 0, 0, 1]
(1, (1, 0, 0), (1, 2)): [75147, 10682, 7423, 3162, 1208, 476, 195, 73, 21, 8, 6, 1]
(1, (1, 0, 0), (2, 0)): [40899, 8277, 6180, 3057, 1294, 521, 220, 73, 31, 10, 3, 0, 1]
(1, (1, 0, 0), (2, 1)): [55435, 10011, 7242, 3526, 1374, 561, 233, 79, 26, 10, 5, 4, 1, 0, 0, 1]
(1, (1, 0, 0), (2, 2)): [56477, 8769, 6083, 2806, 1108, 438, 176, 66, 17, 8, 3, 1, 1]
(1, (1, 0, 0), (3, 0)): [11479, 2711, 1966, 1193, 534, 209, 95, 26, 13, 5, 1, 0, 1]
(1, (1, 0, 0), (3, 1)): [21243, 4592, 3228, 1899, 760, 293, 143, 35, 19, 5, 3, 1, 0, 0, 0, 1]
(1, (1, 0, 0), (3, 2)): [28263, 5547, 3684, 2007, 779, 311, 143, 42, 19, 9, 4, 2, 1, 0, 0, 1]
(1, (1, 0, 1), (0, 0)): [61072, 68816, 22156, 15254, 6596, 2731, 1066, 422, 150, 81, 24, 10, 2, 1]
(1, (1, 0, 1), (0, 1)): [12009, 10820, 3434, 2462, 1042, 432, 158, 60, 27, 12, 4, 1, 2]
(1, (1, 0, 1), (0, 2)): [5386, 3612, 1192, 870, 358, 138, 68, 27, 9, 6, 3, 0, 1]
(1, (1, 0, 1), (1, 0)): [10252, 11331, 3797, 2805, 1306, 551, 210, 90, 31, 18, 1, 3]
(1, (1, 0, 1), (1, 1)): [9221, 8781, 2882, 2080, 864, 386, 132, 43, 18, 7, 1, 3, 1]
(1, (1, 0, 1), (1, 2)): [6901, 5011, 1724, 1224, 487, 205, 83, 37, 11, 6, 3]
(1, (1, 0, 1), (2, 0)): [3500, 3767, 1351, 1023, 535, 225, 87, 42, 11, 8, 0, 1]
(1, (1, 0, 1), (2, 1)): [4594, 4432, 1494, 1125, 550, 218, 78, 25, 13, 7, 0, 3]
(1, (1, 0, 1), (2, 2)): [5100, 3834, 1394, 985, 457, 169, 72, 24, 13, 6, 1]
(1, (1, 0, 1), (3, 0)): [1157, 1219, 476, 354, 217, 107, 35, 13, 1, 4]
(1, (1, 0, 1), (3, 1)): [1705, 1715, 681, 514, 282, 129, 36, 18, 2, 4, 0, 2]
(1, (1, 0, 1), (3, 2)): [2527, 2166, 872, 602, 353, 129, 49, 19, 10, 5, 0, 2]
(1, (1, 1, 0), (0, 0)): [211397, 63310, 42178, 31114, 13100, 5444, 2126, 844, 329, 134, 49, 26, 10, 5, 1]
(1, (1, 1, 0), (0, 1)): [42748, 11089, 7057, 5521, 2299, 962, 347, 149, 65, 23, 10, 4, 1]
(1, (1, 1, 0), (0, 2)): [17630, 4036, 2408, 1935, 781, 305, 99, 47, 18, 4, 3]
(1, (1, 1, 0), (1, 0)): [35669, 11423, 7650, 5983, 2617, 1074, 473, 167, 45, 29, 12, 4, 2, 1]
(1, (1, 1, 0), (1, 1)): [33370, 9303, 6245, 4798, 2025, 841, 318, 138, 50, 25, 10, 4, 1]
(1, (1, 1, 0), (1, 2)): [23971, 5768, 3619, 2799, 1164, 431, 156, 78, 30, 7, 7, 2, 1]
(1, (1, 1, 0), (2, 0)): [11398, 4238, 2663, 2150, 1081, 460, 212, 67, 20, 14, 7, 2, 2, 1]
(1, (1, 1, 0), (2, 1)): [16433, 5160, 3476, 2693, 1245, 540, 221, 71, 32, 15, 7, 2, 1]
(1, (1, 1, 0), (2, 2)): [18100, 4799, 3069, 2356, 1074, 445, 161, 69, 30, 9, 3, 2, 1]
(1, (1, 1, 0), (3, 0)): [2913, 1510, 961, 666, 440, 184, 84, 34, 4, 6, 1, 2, 1]
(1, (1, 1, 0), (3, 1)): [5951, 2519, 1691, 1258, 694, 307, 123, 40, 15, 10, 4, 2, 1]
(1, (1, 1, 0), (3, 2)): [8975, 3049, 2053, 1526, 800, 320, 110, 47, 24, 10, 2, 1, 1]
(1, (1, 1, 1), (0, 0)): [43288, 34592, 21540, 14037, 10857, 4626, 1886, 708, 290, 105, 35, 22, 9, 4, 1, 1]
(1, (1, 1, 1), (0, 1)): [9446, 6324, 3797, 2436, 1990, 802, 327, 119, 55, 18, 5, 1, 0, 1]
(1, (1, 1, 1), (0, 2)): [4582, 2239, 1375, 898, 694, 262, 109, 30, 11, 9, 2, 0, 0, 1]
(1, (1, 1, 1), (1, 0)): [6759, 6143, 3717, 2396, 2086, 919, 416, 141, 55, 19, 8, 7, 2]
(1, (1, 1, 1), (1, 1)): [6807, 5124, 3139, 2007, 1637, 692, 314, 113, 47, 12, 4, 3]
(1, (1, 1, 1), (1, 2)): [5618, 3054, 1970, 1252, 971, 422, 175, 59, 25, 10, 2, 3, 0, 1]
(1, (1, 1, 1), (2, 0)): [1762, 2073, 1303, 814, 763, 372, 170, 61, 21, 10, 3, 3, 1]
(1, (1, 1, 1), (2, 1)): [2933, 2741, 1642, 1043, 889, 404, 183, 61, 29, 9, 3, 2]
(1, (1, 1, 1), (2, 2)): [3784, 2489, 1599, 1006, 832, 362, 163, 54, 25, 11, 1, 3, 0, 1]
(1, (1, 1, 1), (3, 0)): [297, 641, 463, 276, 223, 136, 64, 26, 6, 3, 0, 1, 1]
(1, (1, 1, 1), (3, 1)): [760, 1181, 762, 471, 396, 210, 83, 34, 17, 4, 2, 1, 1]
(1, (1, 1, 1), (3, 2)): [1457, 1482, 976, 607, 500, 262, 106, 38, 16, 5, 2, 1, 0, 1]
(2, (0, 0, 0), (0, 0)): [1773580, 84473, 27848, 8921, 2991, 933, 317, 107, 21, 9, 5, 0, 1]
(2, (0, 0, 0), (0, 1)): [368591, 15413, 5103, 1646, 592, 171, 55, 18, 4, 1]
(2, (0, 0, 0), (0, 2)): [144755, 4247, 1462, 469, 174, 45, 4, 8, 1]
(2, (0, 0, 0), (1, 0)): [320902, 18826, 6351, 2033, 701, 190, 77, 20, 7, 0, 0, 0, 1]
(2, (0, 0, 0), (1, 1)): [316073, 15094, 5105, 1601, 587, 178, 69, 14, 5]
(2, (0, 0, 0), (1, 2)): [218052, 7406, 2566, 849, 295, 88, 27, 8, 1]
(2, (0, 0, 0), (2, 0)): [111321, 7348, 2956, 914, 317, 82, 31, 7, 3, 0, 0, 0, 1]
(2, (0, 0, 0), (2, 1)): [170782, 9526, 3634, 1064, 380, 115, 47, 10, 5]
(2, (0, 0, 0), (2, 2)): [183598, 7505, 2834, 884, 299, 92, 31, 7, 1]
(2, (0, 0, 0), (3, 0)): [34462, 2470, 1320, 424, 145, 38, 12, 4, 0, 0, 0, 0, 1]
(2, (0, 0, 0), (3, 1)): [71002, 4762, 2270, 713, 227, 67, 22, 7, 3]
(2, (0, 0, 0), (3, 2)): [106084, 5588, 2612, 796, 265, 88, 28, 7, 2]
(2, (0, 0, 1), (0, 0)): [166527, 48417, 10267, 3538, 1244, 429, 124, 44, 9, 6, 0, 2]
(2, (0, 0, 1), (0, 1)): [31433, 7376, 1627, 538, 182, 75, 16, 5, 1, 3]
(2, (0, 0, 1), (0, 2)): [12853, 2269, 484, 160, 55, 22, 5, 0, 0, 1]
(2, (0, 0, 1), (1, 0)): [34160, 9225, 2348, 926, 337, 106, 38, 17, 3, 1, 0, 1]
(2, (0, 0, 1), (1, 1)): [28976, 7077, 1598, 611, 202, 74, 17, 9, 1, 2]
(2, (0, 0, 1), (1, 2)): [20312, 3782, 815, 285, 112, 37, 8, 4, 0, 2]
(2, (0, 0, 1), (2, 0)): [14815, 3831, 1140, 516, 199, 59, 21, 9, 2, 1, 0, 1]
(2, (0, 0, 1), (2, 1)): [17254, 4390, 1155, 475, 165, 45, 17, 9, 0, 2]
(2, (0, 0, 1), (2, 2)): [18420, 3732, 916, 336, 124, 41, 8, 4]
(2, (0, 0, 1), (3, 0)): [7024, 1547, 559, 324, 113, 40, 13, 2, 2, 0, 0, 1]
(2, (0, 0, 1), (3, 1)): [8111, 2038, 650, 346, 110, 31, 13, 5, 0, 1]
(2, (0, 0, 1), (3, 2)): [11659, 2579, 744, 343, 123, 33, 12, 3, 0, 1]
(2, (0, 1, 0), (0, 0)): [438578, 89871, 25437, 9054, 3039, 971, 313, 92, 22, 13, 7, 0, 1]
(2, (0, 1, 0), (0, 1)): [82257, 14127, 4010, 1287, 487, 135, 44, 10, 6, 3, 1]
(2, (0, 1, 0), (0, 2)): [33500, 4267, 1209, 359, 125, 28, 11, 2, 3, 1]
(2, (0, 1, 0), (1, 0)): [89468, 17468, 5935, 2501, 807, 249, 91, 30, 1, 2, 0, 0, 1]
(2, (0, 1, 0), (1, 1)): [74781, 13395, 4087, 1425, 522, 139, 59, 14, 3, 2, 1]
(2, (0, 1, 0), (1, 2)): [52352, 7163, 2057, 706, 243, 54, 30, 7, 1, 1]
(2, (0, 1, 0), (2, 0)): [39772, 7375, 2800, 1490, 490, 154, 48, 19, 1, 2, 0, 0, 1]
(2, (0, 1, 0), (2, 1)): [43870, 8180, 2731, 1085, 384, 108, 34, 7, 2, 2, 1, 0, 1]
(2, (0, 1, 0), (2, 2)): [46580, 6856, 2128, 817, 290, 76, 34, 9, 0, 2]
(2, (0, 1, 0), (3, 0)): [20008, 3152, 1392, 986, 309, 101, 35, 17, 1, 2]
(2, (0, 1, 0), (3, 1)): [20236, 3811, 1472, 772, 274, 77, 27, 6, 2, 1, 1, 0, 1]
(2, (0, 1, 0), (3, 2)): [29127, 4575, 1650, 857, 284, 76, 42, 8, 0, 1, 0, 0, 1]
(2, (0, 1, 1), (0, 0)): [102341, 8538, 21108, 6193, 2435, 813, 264, 83, 25, 7, 5, 1, 0, 1]
(2, (0, 1, 1), (0, 1)): [19657, 1254, 3261, 972, 340, 125, 36, 11, 1, 2]
(2, (0, 1, 1), (0, 2)): [8554, 429, 1022, 308, 117, 35, 13, 2, 0, 2]
(2, (0, 1, 1), (1, 0)): [21686, 2032, 4118, 1527, 686, 240, 75, 23, 6, 0, 3]
(2, (0, 1, 1), (1, 1)): [17446, 1219, 3084, 984, 364, 143, 34, 13, 4, 0, 1]
(2, (0, 1, 1), (1, 2)): [13292, 732, 1766, 516, 204, 67, 16, 4, 1, 2, 1]
(2, (0, 1, 1), (2, 0)): [10344, 1140, 1853, 786, 450, 145, 48, 16, 2, 0, 2]
(2, (0, 1, 1), (2, 1)): [10224, 789, 1870, 646, 296, 98, 26, 9, 3, 0, 1]
(2, (0, 1, 1), (2, 2)): [11865, 763, 1662, 567, 220, 81, 16, 5, 3, 1]
(2, (0, 1, 1), (3, 0)): [5940, 771, 946, 459, 308, 116, 32, 13, 1, 0, 1]
(2, (0, 1, 1), (3, 1)): [4726, 448, 867, 341, 196, 68, 23, 8, 1, 0, 1]
(2, (0, 1, 1), (3, 2)): [7391, 596, 1135, 429, 206, 84, 17, 8, 4, 1]
(2, (1, 0, 0), (0, 0)): [910225, 65638, 44487, 14226, 4671, 1480, 560, 164, 40, 16, 7, 1, 1]
(2, (1, 0, 0), (0, 1)): [170010, 10329, 7149, 2313, 772, 254, 96, 35, 10, 2, 0, 1]
(2, (1, 0, 0), (0, 2)): [65942, 2895, 1937, 653, 204, 61, 27, 9, 4]
(2, (1, 0, 0), (1, 0)): [155585, 12800, 9274, 3220, 1089, 312, 124, 33, 9, 2, 0, 0, 1]
(2, (1, 0, 0), (1, 1)): [138291, 9306, 6585, 2250, 743, 224, 90, 25, 7, 2]
(2, (1, 0, 0), (1, 2)): [92565, 4641, 3054, 1119, 351, 97, 37, 11, 4, 1]
(2, (1, 0, 0), (2, 0)): [52060, 4937, 3455, 1413, 493, 143, 55, 20, 7, 2, 0, 0, 1]
(2, (1, 0, 0), (2, 1)): [71317, 5505, 3987, 1491, 503, 153, 58, 14, 6, 0, 0, 0, 1]
(2, (1, 0, 0), (2, 2)): [71954, 4375, 2858, 1093, 370, 106, 44, 10, 4, 1]
(2, (1, 0, 0), (3, 0)): [15314, 1877, 1085, 632, 210, 62, 23, 11, 3, 2]
(2, (1, 0, 0), (3, 1)): [28570, 2924, 1908, 962, 281, 88, 33, 9, 4, 1, 0, 0, 1]
(2, (1, 0, 0), (3, 2)): [38173, 3257, 2002, 964, 316, 100, 33, 13, 1, 1, 0, 0, 1]
(2, (1, 0, 1), (0, 0)): [160640, 37188, 14735, 9441, 3151, 1012, 344, 105, 33, 11, 2, 4, 2]
(2, (1, 0, 1), (0, 1)): [31966, 6034, 2217, 1536, 529, 174, 62, 18, 5, 2, 1, 1, 1]
(2, (1, 0, 1), (0, 2)): [13165, 1805, 661, 424, 160, 45, 13, 7, 1, 1]
(2, (1, 0, 1), (1, 0)): [29571, 6492, 2983, 2093, 779, 222, 78, 19, 3, 2, 0, 1]
(2, (1, 0, 1), (1, 1)): [26295, 5126, 2168, 1491, 548, 173, 61, 16, 4, 2, 1, 2, 1]
(2, (1, 0, 1), (1, 2)): [18479, 2700, 1119, 707, 276, 89, 32, 8, 4, 1, 0, 1]
(2, (1, 0, 1), (2, 0)): [10561, 2243, 1217, 807, 338, 100, 34, 11, 3]
(2, (1, 0, 1), (2, 1)): [13932, 2745, 1360, 882, 384, 115, 38, 13, 0, 1, 0, 1]
(2, (1, 0, 1), (2, 2)): [14396, 2156, 1057, 659, 257, 97, 37, 9, 4, 0, 0, 1]
(2, (1, 0, 1), (3, 0)): [3554, 687, 501, 297, 145, 46, 19, 3, 3]
(2, (1, 0, 1), (3, 1)): [5935, 1113, 697, 447, 248, 54, 29, 5, 3, 1]
(2, (1, 0, 1), (3, 2)): [8008, 1148, 818, 475, 236, 76, 24, 9, 5]
(2, (1, 1, 0), (0, 0)): [357349, 53173, 26953, 19238, 6201, 1980, 673, 225, 69, 31, 10, 3, 2, 1]
(2, (1, 1, 0), (0, 1)): [71168, 8758, 4287, 3249, 1013, 297, 107, 37, 6, 6, 2, 1, 1]
(2, (1, 1, 0), (0, 2)): [29845, 2604, 1281, 942, 301, 86, 31, 14, 2, 3]
(2, (1, 1, 0), (1, 0)): [62092, 9433, 5244, 4033, 1450, 423, 154, 47, 18, 5, 1, 1]
(2, (1, 1, 0), (1, 1)): [58451, 7712, 4022, 3048, 961, 311, 92, 35, 9, 5, 2, 2, 1]
(2, (1, 1, 0), (1, 2)): [42500, 4084, 2133, 1540, 486, 154, 37, 19, 6, 1, 1, 1]
(2, (1, 1, 0), (2, 0)): [21246, 3321, 2106, 1551, 730, 194, 78, 22, 9, 3]
(2, (1, 1, 0), (2, 1)): [30483, 4208, 2494, 1868, 725, 195, 75, 25, 6, 4, 0, 0, 1]
(2, (1, 1, 0), (2, 2)): [33694, 3560, 2069, 1469, 546, 145, 51, 21, 10, 1, 1, 1]
(2, (1, 1, 0), (3, 0)): [6715, 1032, 855, 504, 347, 101, 34, 10, 6, 2]
(2, (1, 1, 0), (3, 1)): [12741, 1828, 1397, 937, 499, 130, 49, 10, 5, 2, 0, 0, 1]
(2, (1, 1, 0), (3, 2)): [18532, 2183, 1683, 1063, 540, 119, 49, 17, 8, 1, 1]
(2, (1, 1, 1), (0, 0)): [106401, 15480, 17529, 8773, 6730, 2088, 710, 241, 80, 20, 10, 4, 1, 1]
(2, (1, 1, 1), (0, 1)): [23602, 2460, 3019, 1504, 1193, 368, 133, 39, 20, 4, 3, 0, 1]
(2, (1, 1, 1), (0, 2)): [10577, 789, 916, 465, 332, 97, 45, 8, 4, 1, 2]
(2, (1, 1, 1), (1, 0)): [17479, 3887, 3292, 1801, 1473, 469, 156, 58, 16, 5, 1, 2]
(2, (1, 1, 1), (1, 1)): [18258, 2598, 2697, 1432, 1125, 358, 124, 39, 16, 5, 1, 0, 1]
(2, (1, 1, 1), (1, 2)): [14404, 1377, 1461, 726, 553, 195, 69, 17, 5, 3, 2]
(2, (1, 1, 1), (2, 0)): [4910, 2206, 1144, 728, 595, 200, 62, 26, 7, 3, 0, 2]
(2, (1, 1, 1), (2, 1)): [8246, 2094, 1510, 936, 717, 252, 78, 22, 10, 2, 0, 0, 1]
(2, (1, 1, 1), (2, 2)): [10265, 1602, 1298, 748, 561, 210, 73, 18, 6, 4, 2]
(2, (1, 1, 1), (3, 0)): [833, 1342, 332, 303, 184, 93, 32, 16, 4, 3, 0, 1]
(2, (1, 1, 1), (3, 1)): [2362, 1743, 608, 519, 373, 141, 51, 12, 5, 3, 0, 1]
(2, (1, 1, 1), (3, 2)): [4370, 1784, 793, 666, 420, 180, 60, 16, 5, 3, 2]
