(0, (0, 0, 0), (0, 0)): [173551, 32728, 14388, 6388, 2805, 1125, 455, 182, 70, 26, 19, 0, 0, 0, 1]
(0, (0, 0, 0), (0, 1)): [539, 95, 29, 13, 4, 2, 1, 1]
(0, (0, 0, 0), (0, 2)): [210, 38, 10, 4, 2, 2, 1, 1]
(0, (0, 0, 0), (1, 0)): [478, 80, 33, 15, 8, 6, 2]
(0, (0, 0, 0), (1, 1)): [417, 74, 28, 13, 4, 1]
(0, (0, 0, 0), (1, 2)): [270, 47, 12, 7, 1, 2, 0, 1]
(0, (0, 0, 0), (2, 0)): [167, 31, 12, 8, 5, 5, 1]
(0, (0, 0, 0), (2, 1)): [232, 41, 16, 9, 3, 2]
(0, (0, 0, 0), (2, 2)): [219, 40, 6, 4, 3, 2]
(0, (0, 0, 0), (3, 0)): [57, 14, 8, 4, 3, 4, 1]
(0, (0, 0, 0), (3, 1)): [87, 18, 14, 5, 2, 1, 1]
(0, (0, 0, 0), (3, 2)): [120, 25, 11, 4, 5, 2, 1]
(0, (0, 0, 1), (0, 0)): [1062, 2937, 847, 371, 164, 62, 38, 16, 4, 1, 2]
(0, (0, 0, 1), (0, 1)): [2, 2, 2, 1, 0, 0, 1]
(0, (0, 0, 1), (1, 0)): [3, 5, 2, 2, 2]
(0, (0, 0, 1), (1, 1)): [3, 3, 2, 0, 1, 0, 1]
(0, (0, 0, 1), (2, 0)): [1, 2, 0, 1, 1]
(0, (0, 0, 1), (2, 1)): [1, 1, 0, 1, 1, 0, 1]
(0, (0, 0, 1), (2, 2)): [0, 0, 1, 0, 1, 0, 1]
(0, (0, 0, 1), (3, 0)): [0, 0, 0, 0, 1]
(0, (0, 0, 1), (3, 1)): [1]
(0, (0, 0, 1), (3, 2)): [0, 0, 0, 0, 0, 0, 1]
(0, (0, 1, 0), (0, 0)): [5634, 5483, 1912, 899, 440, 160, 65, 19, 11, 5, 4]
(0, (0, 1, 0), (0, 1)): [18, 18, 2, 2]
(0, (0, 1, 0), (0, 2)): [4, 5, 1, 2]
(0, (0, 1, 0), (1, 0)): [16, 8, 2, 3, 2]
(0, (0, 1, 0), (1, 1)): [15, 9, 1]
(0, (0, 1, 0), (1, 2)): [7, 6, 2, 2]
(0, (0, 1, 0), (2, 0)): [3, 4, 0, 3, 2]
(0, (0, 1, 0), (2, 1)): [4, 3, 0, 3]
(0, (0, 1, 0), (2, 2)): [8, 4, 1, 3]
(0, (0, 1, 0), (3, 0)): [2, 2, 0, 0, 2]
(0, (0, 1, 0), (3, 1)): [1, 0, 0, 1, 1]
(0, (0, 1, 0), (3, 2)): [3, 1, 1, 1, 1]
(0, (0, 1, 1), (0, 0)): [480, 832, 1064, 482, 225, 100, 46, 17, 8, 4, 1, 0, 0, 0, 1]
(0, (0, 1, 1), (0, 1)): [2, 2, 1, 1, 0, 0, 0, 0, 1]
(0, (0, 1, 1), (0, 2)): [1, 1]
(0, (0, 1, 1), (1, 0)): [2, 3, 1, 2, 0, 0, 2]
(0, (0, 1, 1), (1, 1)): [2, 0, 1, 1, 0, 0, 0, 0, 1]
(0, (0, 1, 1), (1, 2)): [0, 0, 1, 1]
(0, (0, 1, 1), (2, 0)): [0, 3, 1, 2]
(0, (0, 1, 1), (2, 1)): [1, 1, 0, 0, 0, 0, 0, 0, 1]
(0, (0, 1, 1), (2, 2)): [1, 0, 0, 1]
(0, (0, 1, 1), (3, 0)): [0, 2, 1, 2]
(0, (0, 1, 1), (3, 1)): [0, 1, 1, 1, 0, 0, 0, 0, 1]
(0, (0, 1, 1), (3, 2)): [0, 1, 0, 1, 0, 0, 0, 0, 1]
(0, (1, 0, 0), (0, 0)): [39249, 13832, 7641, 3782, 1681, 704, 285, 120, 50, 17, 14, 0, 0, 0, 1]
(0, (1, 0, 0), (0, 1)): [109, 17, 14, 8, 4, 1, 1, 0, 1]
(0, (1, 0, 0), (0, 2)): [37, 6, 4, 2, 0, 1, 1]
(0, (1, 0, 0), (1, 0)): [76, 31, 17, 9, 2, 2, 0, 0, 2]
(0, (1, 0, 0), (1, 1)): [66, 18, 17, 5, 4, 1]
(0, (1, 0, 0), (1, 2)): [35, 6, 7, 0, 3, 2]
(0, (1, 0, 0), (2, 0)): [21, 10, 3, 5, 1, 0, 0, 0, 2]
(0, (1, 0, 0), (2, 1)): [28, 14, 5, 6, 1, 0, 0, 0, 2]
(0, (1, 0, 0), (2, 2)): [30, 7, 6, 2, 1, 1, 0, 0, 1]
(0, (1, 0, 0), (3, 0)): [6, 2, 1, 2]
(0, (1, 0, 0), (3, 1)): [6, 4, 0, 4, 0, 0, 0, 0, 1]
(0, (1, 0, 0), (3, 2)): [10, 5, 1, 3, 0, 0, 0, 0, 1]
(0, (1, 0, 1), (0, 0)): [920, 2233, 1089, 667, 352, 146, 77, 32, 14, 3, 3]
(0, (1, 0, 1), (0, 1)): [3, 5, 0, 4, 0, 0, 1]
(0, (1, 0, 1), (1, 0)): [4, 9, 2, 1, 2, 3]
(0, (1, 0, 1), (1, 1)): [2, 5, 0, 1, 1]
(0, (1, 0, 1), (1, 2)): [1, 2]
(0, (1, 0, 1), (2, 0)): [1, 4, 0, 1, 0, 3]
(0, (1, 0, 1), (2, 1)): [0, 4, 0, 1, 1]
(0, (1, 0, 1), (2, 2)): [0, 2, 0, 0, 1]
(0, (1, 0, 1), (3, 0)): [1, 0, 0, 0, 0, 2]
(0, (1, 0, 1), (3, 1)): [1, 1]
(0, (1, 0, 1), (3, 2)): [0, 2]
(0, (1, 1, 0), (0, 0)): [4904, 3266, 2689, 1699, 913, 391, 162, 68, 25, 15, 10]
(0, (1, 1, 0), (0, 1)): [15, 11, 4, 5, 0, 2]
(0, (1, 1, 0), (0, 2)): [8, 5, 1, 3, 0, 1]
(0, (1, 1, 0), (1, 0)): [9, 6, 1, 5, 0, 2, 1, 1]
(0, (1, 1, 0), (1, 1)): [6, 7, 3, 4, 0, 1]
(0, (1, 1, 0), (1, 2)): [5, 6, 2, 3]
(0, (1, 1, 0), (2, 0)): [4, 0, 1, 2, 0, 0, 0, 1]
(0, (1, 1, 0), (2, 1)): [4, 2, 0, 1]
(0, (1, 1, 0), (2, 2)): [4, 3, 0, 2]
(0, (1, 1, 0), (3, 0)): [1, 0, 1, 1, 0, 0, 0, 1]
(0, (1, 1, 0), (3, 1)): [1, 1, 0, 2]
(0, (1, 1, 0), (3, 2)): [1, 2, 0, 1]
(0, (1, 1, 1), (0, 0)): [581, 939, 801, 690, 509, 240, 110, 58, 26, 15, 7, 0, 0, 0, 1]
(0, (1, 1, 1), (0, 1)): [0, 2, 1, 3, 3, 0, 0, 0, 1]
(0, (1, 1, 1), (0, 2)): [0, 1, 0, 3, 1]
(0, (1, 1, 1), (1, 0)): [0, 2, 0, 2, 0, 0, 0, 0, 1]
(0, (1, 1, 1), (1, 1)): [0, 1, 0, 2, 2, 0, 0, 0, 1]
(0, (1, 1, 1), (2, 1)): [0, 1, 0, 2, 0, 0, 0, 0, 1]
(0, (1, 1, 1), (2, 2)): [0, 0, 0, 2]
(0, (1, 1, 1), (3, 1)): [0, 0, 0, 0, 0, 0, 0, 0, 1]
(0, (1, 1, 1), (3, 2)): [0, 0, 0, 2, 0, 0, 0, 0, 1]
(1, (0, 0, 0), (0, 0)): [136542, 13305, 5219, 1882, 762, 310, 94, 47, 10, 6, 2]
(1, (0, 0, 0), (0, 1)): [434, 38, 10, 4, 3]
(1, (0, 0, 0), (0, 2)): [155, 12, 3, 3]
(1, (0, 0, 0), (1, 0)): [373, 40, 18, 3, 0, 2, 0, 1]
(1, (0, 0, 0), (1, 1)): [338, 32, 10, 2, 1, 1]
(1, (0, 0, 0), (1, 2)): [201, 20, 3, 4, 0, 1]
(1, (0, 0, 0), (2, 0)): [116, 12, 9, 2]
(1, (0, 0, 0), (2, 1)): [167, 15, 12, 2, 1]
(1, (0, 0, 0), (2, 2)): [161, 11, 4, 3, 0, 1]
(1, (0, 0, 0), (3, 0)): [39, 4, 3]
(1, (0, 0, 0), (3, 1)): [61, 11, 8]
(1, (0, 0, 0), (3, 2)): [92, 8, 10, 2, 0, 1]
(1, (0, 0, 1), (0, 0)): [5412, 7948, 1486, 596, 261, 83, 36, 19, 6, 1, 0, 1]
(1, (0, 0, 1), (0, 1)): [15, 23, 1, 1]
(1, (0, 0, 1), (0, 2)): [8, 11]
(1, (0, 0, 1), (1, 0)): [16, 16, 4, 3, 2]
(1, (0, 0, 1), (1, 1)): [14, 14, 2, 2, 1]
(1, (0, 0, 1), (1, 2)): [9, 8, 0, 1]
(1, (0, 0, 1), (2, 0)): [4, 3, 2, 2, 1]
(1, (0, 0, 1), (2, 1)): [4, 9, 1, 1, 1]
(1, (0, 0, 1), (2, 2)): [7, 8, 1]
(1, (0, 0, 1), (3, 0)): [2, 2, 2, 2]
(1, (0, 0, 1), (3, 1)): [3, 2, 0, 0, 1]
(1, (0, 0, 1), (3, 2)): [4, 4, 1]
(1, (0, 1, 0), (0, 0)): [22309, 10531, 3358, 1323, 495, 204, 65, 27, 9, 1]
(1, (0, 1, 0), (0, 1)): [68, 26, 6, 2, 1, 1]
(1, (0, 1, 0), (0, 2)): [25, 10, 1, 0, 0, 1]
(1, (0, 1, 0), (1, 0)): [78, 28, 9, 5, 3, 1]
(1, (0, 1, 0), (1, 1)): [63, 22, 3, 4, 3, 1]
(1, (0, 1, 0), (1, 2)): [46, 15, 3, 1, 1]
(1, (0, 1, 0), (2, 0)): [37, 6, 6, 1]
(1, (0, 1, 0), (2, 1)): [25, 9, 3, 3, 2, 1]
(1, (0, 1, 0), (2, 2)): [30, 11, 5, 3, 2, 1]
(1, (0, 1, 0), (3, 0)): [20, 4, 2, 1]
(1, (0, 1, 0), (3, 1)): [16, 5, 2, 1, 1]
(1, (0, 1, 0), (3, 2)): [20, 0, 3, 2, 0, 1]
(1, (0, 1, 1), (0, 0)): [3641, 2990, 3167, 1181, 468, 182, 62, 19, 7, 3, 2]
(1, (0, 1, 1), (0, 1)): [11, 2, 10, 1, 0, 0, 0, 1]
(1, (0, 1, 1), (0, 2)): [7, 0, 3]
(1, (0, 1, 1), (1, 0)): [14, 2, 3, 2, 1]
(1, (0, 1, 1), (1, 1)): [7, 1, 6, 2]
(1, (0, 1, 1), (1, 2)): [7, 0, 4, 1]
(1, (0, 1, 1), (2, 0)): [7, 2, 1]
(1, (0, 1, 1), (2, 1)): [3, 2, 4]
(1, (0, 1, 1), (2, 2)): [6, 1, 1, 1]
(1, (0, 1, 1), (3, 0)): [5, 1]
(1, (0, 1, 1), (3, 1)): [2, 1, 1]
(1, (0, 1, 1), (3, 2)): [2, 1, 2]
(1, (1, 0, 0), (0, 0)): [54405, 10267, 5400, 2265, 870, 368, 107, 55, 12, 7, 3]
(1, (1, 0, 0), (0, 1)): [169, 18, 12, 8, 3, 1, 1]
(1, (1, 0, 0), (0, 2)): [64, 9, 6, 2]
(1, (1, 0, 0), (1, 0)): [139, 27, 25, 10, 1, 2]
(1, (1, 0, 0), (1, 1)): [111, 16, 7, 7, 1, 1]
(1, (1, 0, 0), (1, 2)): [82, 11, 5, 5, 1]
(1, (1, 0, 0), (2, 0)): [50, 6, 13, 4, 1]
(1, (1, 0, 0), (2, 1)): [47, 9, 7, 3, 0, 1]
(1, (1, 0, 0), (2, 2)): [53, 9, 6, 5, 0, 1]
(1, (1, 0, 0), (3, 0)): [15, 4, 5, 2, 1]
(1, (1, 0, 0), (3, 1)): [16, 5, 5, 2]
(1, (1, 0, 0), (3, 2)): [21, 8, 3, 4, 0, 1]
(1, (1, 0, 1), (0, 0)): [4015, 4953, 1837, 1060, 441, 162, 56, 26, 8, 4, 1]
(1, (1, 0, 1), (0, 1)): [10, 10, 4, 2, 1]
(1, (1, 0, 1), (0, 2)): [7, 3, 3, 1]
(1, (1, 0, 1), (1, 0)): [9, 10, 0, 2, 1, 1]
(1, (1, 0, 1), (1, 1)): [4, 10, 0, 2, 1]
(1, (1, 0, 1), (2, 1)): [2, 4, 0, 2]
(1, (1, 0, 1), (3, 1)): [1, 2]
(1, (1, 0, 1), (3, 2)): [0, 3, 1]
(1, (1, 1, 0), (0, 0)): [13317, 4154, 2952, 1848, 765, 307, 101, 38, 14, 5, 0, 0, 0, 1]
(1, (1, 1, 0), (0, 1)): [40, 8, 8, 6, 3]
(1, (1, 1, 0), (0, 2)): [12, 5, 3, 2, 1]
(1, (1, 1, 0), (1, 0)): [25, 11, 8, 10, 2, 1]
(1, (1, 1, 0), (1, 1)): [41, 8, 4, 7, 2]
(1, (1, 1, 0), (1, 2)): [25, 2, 4, 2, 1]
(1, (1, 1, 0), (2, 0)): [3, 2, 2, 3, 1]
(1, (1, 1, 0), (2, 1)): [15, 7, 2, 6, 1]
(1, (1, 1, 0), (2, 2)): [17, 2, 2, 3]
(1, (1, 1, 0), (3, 0)): [1, 1, 1, 1, 1]
(1, (1, 1, 0), (3, 1)): [1, 4, 1, 1, 1]
(1, (1, 1, 0), (3, 2)): [6, 3, 1, 2, 1]
(1, (1, 1, 1), (0, 0)): [2581, 2101, 1347, 1022, 630, 277, 102, 45, 12, 3]
(1, (1, 1, 1), (0, 1)): [5, 3, 1, 0, 0, 1]
(1, (1, 1, 1), (0, 2)): [1, 2, 1, 0, 0, 1]
(1, (1, 1, 1), (1, 0)): [4, 5, 4, 3, 4, 1]
(1, (1, 1, 1), (1, 1)): [6, 5, 2, 3, 2, 1]
(1, (1, 1, 1), (1, 2)): [5, 3, 0, 2, 1, 1]
(1, (1, 1, 1), (2, 0)): [0, 1, 1, 0, 2]
(1, (1, 1, 1), (2, 1)): [0, 3, 0, 1, 1, 1]
(1, (1, 1, 1), (2, 2)): [0, 2, 0, 0, 1, 2]
(1, (1, 1, 1), (3, 1)): [0, 1, 0, 1]
(1, (1, 1, 1), (3, 2)): [0, 2, 0, 1, 1, 2]
(2, (0, 0, 0), (0, 0)): [118049, 4312, 1358, 391, 139, 41, 14, 7, 1, 1, 1]
(2, (0, 0, 0), (0, 1)): [375, 15, 3, 1]
(2, (0, 0, 0), (0, 2)): [129, 3, 2]
(2, (0, 0, 0), (1, 0)): [389, 25, 6, 0, 1]
(2, (0, 0, 0), (1, 1)): [331, 15, 1, 1]
(2, (0, 0, 0), (1, 2)): [192, 5, 3]
(2, (0, 0, 0), (2, 0)): [132, 8, 4]
(2, (0, 0, 0), (2, 1)): [193, 12, 0, 1]
(2, (0, 0, 0), (2, 2)): [167, 7, 2, 1]
(2, (0, 0, 0), (3, 0)): [41, 5, 4]
(2, (0, 0, 0), (3, 1)): [83, 7, 2]
(2, (0, 0, 0), (3, 2)): [117, 7, 2, 1]
(2, (0, 0, 1), (0, 0)): [14990, 5347, 824, 242, 83, 17, 9, 3]
(2, (0, 0, 1), (0, 1)): [39, 14, 2]
(2, (0, 0, 1), (0, 2)): [17, 6, 2]
(2, (0, 0, 1), (1, 0)): [34, 16, 1]
(2, (0, 0, 1), (1, 1)): [26, 6]
(2, (0, 0, 1), (1, 2)): [20, 8, 2]
(2, (0, 0, 1), (2, 0)): [17, 4, 1]
(2, (0, 0, 1), (2, 1)): [17, 2]
(2, (0, 0, 1), (2, 2)): [15, 3, 2]
(2, (0, 0, 1), (3, 0)): [6, 2]
(2, (0, 0, 1), (3, 1)): [13, 2]
(2, (0, 0, 1), (3, 2)): [13, 1, 2]
(2, (0, 1, 0), (0, 0)): [36145, 8008, 1842, 566, 150, 49, 17, 9, 0, 1]
(2, (0, 1, 0), (0, 1)): [89, 17, 2, 1, 3]
(2, (0, 1, 0), (0, 2)): [36, 3, 0, 0, 1]
(2, (0, 1, 0), (1, 0)): [112, 19, 8, 0, 0, 1]
(2, (0, 1, 0), (1, 1)): [79, 18, 2, 0, 2]
(2, (0, 1, 0), (1, 2)): [52, 7, 0, 0, 3]
(2, (0, 1, 0), (2, 0)): [53, 8, 5, 0, 0, 1]
(2, (0, 1, 0), (2, 1)): [53, 14, 3, 0, 0, 1]
(2, (0, 1, 0), (2, 2)): [51, 4, 1, 0, 2]
(2, (0, 1, 0), (3, 0)): [24, 3, 2]
(2, (0, 1, 0), (3, 1)): [24, 7, 1, 0, 0, 1]
(2, (0, 1, 0), (3, 2)): [30, 5, 2, 0, 0, 1]
(2, (0, 1, 1), (0, 0)): [9043, 875, 2095, 508, 172, 53, 15, 2, 1]
(2, (0, 1, 1), (0, 1)): [29, 3, 4, 1]
(2, (0, 1, 1), (0, 2)): [11, 0, 0, 1]
(2, (0, 1, 1), (1, 0)): [27, 1, 11, 3, 2]
(2, (0, 1, 1), (1, 1)): [21, 3, 8, 2]
(2, (0, 1, 1), (1, 2)): [14, 1, 3, 1]
(2, (0, 1, 1), (2, 0)): [15, 1, 5, 1, 1]
(2, (0, 1, 1), (2, 1)): [11, 1, 3]
(2, (0, 1, 1), (2, 2)): [14, 1, 1]
(2, (0, 1, 1), (3, 0)): [11, 0, 4, 1, 1]
(2, (0, 1, 1), (3, 1)): [5, 1, 3]
(2, (0, 1, 1), (3, 2)): [10, 0, 3]
(2, (1, 0, 0), (0, 0)): [66081, 4988, 2280, 707, 211, 71, 24, 12, 2, 0, 1]
(2, (1, 0, 0), (0, 1)): [178, 6, 5, 1, 0, 1]
(2, (1, 0, 0), (0, 2)): [45, 2, 0, 0, 0, 1]
(2, (1, 0, 0), (1, 0)): [187, 8, 9, 2, 1]
(2, (1, 0, 0), (1, 1)): [139, 4, 5, 1, 1]
(2, (1, 0, 0), (1, 2)): [68, 2, 1]
(2, (1, 0, 0), (2, 0)): [62, 5, 4, 1]
(2, (1, 0, 0), (2, 1)): [62, 3, 2, 0, 1]
(2, (1, 0, 0), (2, 2)): [47, 2, 3]
(2, (1, 0, 0), (3, 0)): [20, 2, 1, 1]
(2, (1, 0, 0), (3, 1)): [22, 1]
(2, (1, 0, 0), (3, 2)): [17, 2, 1]
(2, (1, 0, 1), (0, 0)): [10119, 2913, 1323, 488, 156, 48, 14, 5, 1]
(2, (1, 0, 1), (0, 1)): [11, 5, 1, 3, 1, 1]
(2, (1, 0, 1), (0, 2)): [3, 1, 0, 3]
(2, (1, 0, 1), (1, 0)): [23, 2, 5, 3]
(2, (1, 0, 1), (1, 1)): [4, 3, 0, 0, 1]
(2, (1, 0, 1), (1, 2)): [2, 3, 0, 1]
(2, (1, 0, 1), (2, 0)): [10, 1, 3, 2]
(2, (1, 0, 1), (2, 1)): [1, 1, 1, 1, 1]
(2, (1, 0, 1), (3, 0)): [4, 0, 1]
(2, (1, 0, 1), (3, 1)): [4, 0, 2, 1, 1]
(2, (1, 0, 1), (3, 2)): [1, 0, 2, 1]
(2, (1, 1, 0), (0, 0)): [20449, 2980, 1658, 889, 223, 81, 21, 8, 3, 1, 1]
(2, (1, 1, 0), (0, 1)): [54, 7, 3, 1, 1]
(2, (1, 1, 0), (0, 2)): [19, 2]
(2, (1, 1, 0), (1, 0)): [44, 4, 3, 3]
(2, (1, 1, 0), (1, 1)): [31, 4, 1, 1]
(2, (1, 1, 0), (1, 2)): [16, 2]
(2, (1, 1, 0), (2, 0)): [18, 1, 2, 2]
(2, (1, 1, 0), (2, 1)): [18, 1, 0, 1]
(2, (1, 1, 0), (2, 2)): [14, 2]
(2, (1, 1, 0), (3, 0)): [10, 0, 2, 2]
(2, (1, 1, 0), (3, 1)): [9, 0, 1, 2]
(2, (1, 1, 0), (3, 2)): [9, 0, 1]
(2, (1, 1, 1), (0, 0)): [6210, 986, 1003, 554, 316, 86, 30, 7, 3, 2, 1]
(2, (1, 1, 1), (0, 1)): [21, 3, 3, 1, 1]
(2, (1, 1, 1), (0, 2)): [11, 2]
(2, (1, 1, 1), (1, 0)): [15, 3, 1, 2]
(2, (1, 1, 1), (1, 1)): [10, 2, 2, 1]
(2, (1, 1, 1), (1, 2)): [6]
(2, (1, 1, 1), (2, 0)): [7, 2, 0, 1]
(2, (1, 1, 1), (2, 1)): [8, 3, 2, 2]
(2, (1, 1, 1), (2, 2)): [5, 1, 1]
(2, (1, 1, 1), (3, 0)): [2]
(2, (1, 1, 1), (3, 1)): [3, 2, 0, 1]
(2, (1, 1, 1), (3, 2)): [6, 1, 1, 1]
