(0, (0, 0, 0)): [1554004, 310684, 142395, 64411, 28609, 12149, 4982, 2079, 831, 374, 158, 67, 32, 11, 4, 1, 0, 1]
(0, (0, 0, 1)): [6551, 19565, 5331, 2518, 1204, 503, 230, 105, 37, 23, 10, 3, 3, 2]
(0, (0, 1, 0)): [55231, 51389, 19968, 9555, 4595, 1959, 836, 356, 145, 80, 27, 6, 3, 3, 2]
(0, (0, 1, 1)): [4603, 7812, 9378, 4322, 2281, 1060, 457, 207, 103, 45, 11, 6, 2, 2, 1, 0, 0, 1]
(0, (1, 0, 0)): [332144, 111564, 69990, 34423, 16316, 7277, 3014, 1306, 545, 247, 109, 42, 22, 5, 3, 1, 0, 1]
(0, (1, 0, 1)): [7954, 23919, 9811, 6693, 3522, 1606, 761, 316, 153, 61, 32, 15, 5, 1, 2, 0, 0, 1]
(0, (1, 1, 0)): [45571, 29012, 21860, 15445, 8215, 3851, 1629, 780, 313, 151, 68, 24, 10, 3]
(0, (1, 1, 1)): [4446, 8343, 6853, 5171, 4076, 2038, 939, 466, 205, 92, 43, 15, 5, 2, 1]
(1, (0, 0, 0)): [1259801, 136627, 55759, 21913, 8469, 3213, 1230, 459, 168, 67, 28, 15, 7, 3, 0, 1]
(1, (0, 0, 1)): [35379, 50845, 9985, 4228, 1769, 704, 276, 111, 46, 18, 9, 5, 4, 1]
(1, (0, 1, 0)): [172378, 76737, 27440, 11726, 4691, 1855, 629, 288, 88, 41, 21, 9, 9, 2, 1]
(1, (0, 1, 1)): [27553, 22549, 20433, 8078, 4128, 1616, 634, 246, 119, 41, 12, 7, 2, 2, 0, 1]
(1, (1, 0, 0)): [479138, 85590, 54145, 22884, 9245, 3654, 1427, 512, 218, 91, 33, 22, 5, 3, 0, 2]
(1, (1, 0, 1)): [38504, 45023, 14562, 9626, 4133, 1666, 664, 256, 87, 57, 15, 6, 0, 1]
(1, (1, 1, 0)): [131133, 40429, 27053, 19101, 7993, 3291, 1284, 524, 212, 80, 26, 15, 9, 5, 1]
(1, (1, 1, 1)): [26717, 21244, 13578, 8917, 6470, 2738, 1118, 420, 182, 66, 20, 15, 8, 3, 1, 1]
(2, (0, 0, 0)): [1093984, 49133, 16428, 5203, 1713, 550, 187, 61, 11, 6, 5, 0, 1]
(2, (0, 0, 1)): [103079, 31975, 6253, 2101, 749, 251, 71, 25, 4, 2, 0, 1]
(2, (0, 1, 0)): [272978, 58171, 15487, 5393, 1747, 591, 179, 53, 14, 8, 5, 0, 1]
(2, (0, 1, 1)): [62378, 5436, 13736, 3670, 1439, 464, 156, 49, 18, 4, 3, 1, 0, 1]
(2, (1, 0, 0)): [581372, 42241, 26963, 8535, 2726, 877, 336, 95, 19, 11, 6, 0, 1]
(2, (1, 0, 1)): [99084, 24120, 9543, 5603, 1832, 604, 199, 67, 23, 7, 0, 3, 1]
(2, (1, 1, 0)): [224765, 34396, 17271, 11605, 3684, 1201, 397, 129, 45, 20, 7, 1, 2, 1]
(2, (1, 1, 1)): [64855, 9450, 10923, 5383, 3878, 1226, 408, 138, 46, 10, 7, 1, 1, 1]
