(0, (0, 0, 0), (0, 0)): [157912, 29356, 12791, 5638, 2408, 980, 397, 148, 60, 18, 19, 0, 0, 0, 1]
(0, (0, 0, 0), (0, 1)): [475, 71, 26, 11, 4, 1, 1, 1]
(0, (0, 0, 0), (0, 2)): [185, 34, 9, 4, 2, 1, 1, 1]
(0, (0, 0, 0), (1, 0)): [401, 63, 25, 7, 4, 5, 2]
(0, (0, 0, 0), (1, 1)): [362, 51, 21, 9, 2, 1]
(0, (0, 0, 0), (1, 2)): [249, 35, 10, 6, 1, 1, 0, 1]
(0, (0, 0, 0), (2, 0)): [135, 27, 11, 3, 3, 4, 1]
(0, (0, 0, 0), (2, 1)): [189, 33, 10, 5, 1, 2]
(0, (0, 0, 0), (2, 2)): [195, 31, 4, 3, 1, 2]
(0, (0, 0, 0), (3, 0)): [46, 13, 8, 1, 2, 3, 1]
(0, (0, 0, 0), (3, 1)): [65, 14, 11, 1, 1, 0, 1]
(0, (0, 0, 0), (3, 2)): [97, 23, 10, 3, 2, 2, 1]
(0, (0, 0, 1), (0, 0)): [982, 2650, 760, 331, 143, 53, 31, 13, 4, 1, 2]
(0, (0, 1, 0), (0, 0)): [5152, 4932, 1721, 795, 375, 129, 58, 16, 10, 3, 4]
(0, (0, 1, 0), (0, 1)): [17, 13, 1, 2]
(0, (0, 1, 0), (0, 2)): [4, 4, 0, 2]
(0, (0, 1, 0), (1, 0)): [14, 8, 1, 2]
(0, (0, 1, 0), (1, 1)): [13, 7, 1]
(0, (0, 1, 0), (1, 2)): [7, 4, 1, 2]
(0, (0, 1, 0), (2, 0)): [2, 4, 0, 2]
(0, (0, 1, 0), (2, 1)): [3, 2, 0, 2]
(0, (0, 1, 0), (2, 2)): [8, 2, 0, 3]
(0, (0, 1, 1), (0, 0)): [438, 748, 954, 417, 190, 84, 41, 15, 6, 4, 1, 0, 0, 0, 1]
(0, (0, 1, 1), (0, 1)): [2, 1, 1]
(0, (0, 1, 1), (1, 0)): [2, 1, 1, 1, 0, 0, 1]
(0, (0, 1, 1), (1, 1)): [2, 0, 1]
(0, (0, 1, 1), (2, 0)): [0, 1, 1, 1]
(0, (0, 1, 1), (3, 0)): [0, 0, 1, 1]
(0, (0, 1, 1), (3, 1)): [0, 1, 1, 1]
(0, (1, 0, 0), (0, 0)): [35620, 12493, 6823, 3328, 1446, 624, 250, 98, 40, 13, 14, 0, 0, 0, 1]
(0, (1, 0, 0), (0, 1)): [90, 12, 9, 5, 1, 1, 1]
(0, (1, 0, 0), (0, 2)): [28, 5, 2, 2, 0, 1, 1]
(0, (1, 0, 0), (1, 0)): [63, 25, 10, 5, 1, 2]
(0, (1, 0, 0), (1, 1)): [52, 11, 10, 1, 2, 1]
(0, (1, 0, 0), (1, 2)): [28, 3, 5, 0, 2, 2]
(0, (1, 0, 0), (2, 0)): [16, 9, 1, 4]
(0, (1, 0, 0), (2, 1)): [20, 13, 3, 3]
(0, (1, 0, 0), (2, 2)): [18, 4, 4, 1, 1, 1]
(0, (1, 0, 0), (3, 1)): [5, 3, 0, 1]
(0, (1, 0, 0), (3, 2)): [5, 3, 1, 1]
(0, (1, 0, 1), (0, 0)): [842, 1998, 970, 592, 294, 121, 65, 25, 12, 2, 3]
(0, (1, 0, 1), (0, 1)): [3, 2, 0, 3, 0, 0, 1]
(0, (1, 0, 1), (1, 0)): [3, 8, 1, 0, 1]
(0, (1, 0, 1), (1, 1)): [2, 3, 0, 0, 1]
(0, (1, 1, 0), (0, 0)): [4459, 2933, 2389, 1505, 807, 345, 139, 55, 18, 12, 10]
(0, (1, 1, 0), (0, 1)): [11, 7, 3, 3, 0, 1]
(0, (1, 1, 0), (0, 2)): [5, 3, 1, 2, 0, 1]
(0, (1, 1, 0), (1, 0)): [6, 3, 0, 2, 0, 1, 1]
(0, (1, 1, 0), (1, 1)): [4, 3, 2, 2]
(0, (1, 1, 0), (2, 1)): [3, 1]
(0, (1, 1, 1), (0, 0)): [531, 845, 710, 626, 454, 213, 97, 50, 23, 14, 7, 0, 0, 0, 1]
(0, (1, 1, 1), (0, 1)): [0, 0, 1, 3, 2]
(0, (1, 1, 1), (0, 2)): [0, 0, 0, 3, 1]
(0, (1, 1, 1), (1, 2)): [0, 0, 0, 0, 2]
(1, (0, 0, 0), (0, 0)): [124335, 11906, 4604, 1667, 646, 271, 82, 39, 10, 3, 2]
(1, (0, 0, 0), (0, 1)): [376, 33, 8, 4, 2]
(1, (0, 0, 0), (0, 2)): [136, 10, 2, 3]
(1, (0, 0, 0), (1, 0)): [298, 29, 14, 2, 0, 2, 0, 1]
(1, (0, 0, 0), (1, 1)): [285, 23, 7, 1, 0, 1]
(1, (0, 0, 0), (1, 2)): [170, 15, 2, 3, 0, 1]
(1, (0, 0, 0), (2, 0)): [90, 10, 7, 2]
(1, (0, 0, 0), (2, 1)): [137, 11, 8, 2]
(1, (0, 0, 0), (2, 2)): [133, 7, 2, 2, 0, 1]
(1, (0, 0, 0), (3, 0)): [28, 3, 3]
(1, (0, 0, 0), (3, 1)): [45, 8, 7]
(1, (0, 0, 0), (3, 2)): [75, 5, 7, 1, 0, 1]
(1, (0, 0, 1), (0, 0)): [4968, 7215, 1329, 531, 220, 77, 32, 15, 6, 1, 0, 1]
(1, (0, 0, 1), (0, 1)): [13, 17]
(1, (0, 0, 1), (1, 0)): [14, 13, 3, 2, 1]
(1, (0, 0, 1), (1, 1)): [12, 12, 1, 1, 1]
(1, (0, 0, 1), (1, 2)): [7, 6, 0, 1]
(1, (0, 0, 1), (2, 0)): [3, 1, 1, 1]
(1, (0, 0, 1), (2, 2)): [6, 6]
(1, (0, 0, 1), (3, 0)): [1, 1, 1, 1]
(1, (0, 0, 1), (3, 1)): [3, 1]
(1, (0, 0, 1), (3, 2)): [4, 3]
(1, (0, 1, 0), (0, 0)): [20333, 9529, 3020, 1151, 424, 183, 58, 23, 9]
(1, (0, 1, 0), (0, 1)): [52, 20, 6, 2, 0, 1]
(1, (0, 1, 0), (0, 2)): [18, 7, 1, 0, 0, 1]
(1, (0, 1, 0), (1, 0)): [54, 24, 4, 4, 1, 1]
(1, (0, 1, 0), (1, 1)): [45, 18, 3, 3, 1, 1]
(1, (0, 1, 0), (1, 2)): [34, 11, 3, 1, 1]
(1, (0, 1, 0), (2, 0)): [23, 5, 3, 1]
(1, (0, 1, 0), (2, 1)): [15, 7, 2, 2, 0, 1]
(1, (0, 1, 0), (2, 2)): [19, 9, 4, 3, 1, 1]
(1, (0, 1, 0), (3, 0)): [12, 3, 1, 1]
(1, (0, 1, 0), (3, 1)): [9, 3, 2]
(1, (0, 1, 0), (3, 2)): [15, 0, 2, 1, 0, 1]
(1, (0, 1, 1), (0, 0)): [3317, 2694, 2828, 1046, 410, 164, 56, 17, 7, 3, 2]
(1, (0, 1, 1), (0, 1)): [9, 1, 8, 1, 0, 0, 0, 1]
(1, (0, 1, 1), (0, 2)): [5, 0, 3]
(1, (0, 1, 1), (1, 0)): [13, 2, 2, 2, 1]
(1, (0, 1, 1), (1, 1)): [7, 0, 6, 2]
(1, (0, 1, 1), (1, 2)): [5, 0, 4, 1]
(1, (0, 1, 1), (2, 0)): [6, 2]
(1, (0, 1, 1), (2, 2)): [5, 1, 1, 1]
(1, (0, 1, 1), (3, 0)): [4, 1]
(1, (1, 0, 0), (0, 0)): [49181, 9246, 4800, 1979, 756, 328, 92, 47, 12, 5, 3]
(1, (1, 0, 0), (0, 1)): [134, 14, 10, 5, 3, 1, 1]
(1, (1, 0, 0), (0, 2)): [49, 8, 5, 2]
(1, (1, 0, 0), (1, 0)): [96, 21, 12, 3, 0, 2]
(1, (1, 0, 0), (1, 1)): [80, 8, 3, 3, 1, 1]
(1, (1, 0, 0), (1, 2)): [62, 7, 3, 2, 1]
(1, (1, 0, 0), (2, 0)): [29, 5, 6]
(1, (1, 0, 0), (2, 1)): [25, 4, 4, 1, 0, 1]
(1, (1, 0, 0), (2, 2)): [33, 6, 4, 3, 0, 1]
(1, (1, 0, 0), (3, 0)): [7, 3, 2]
(1, (1, 0, 1), (0, 0)): [3605, 4399, 1640, 940, 383, 145, 44, 22, 7, 3, 1]
(1, (1, 0, 1), (0, 1)): [10, 10, 2, 2, 1]
(1, (1, 0, 1), (0, 2)): [7, 3, 2, 1]
(1, (1, 0, 1), (1, 0)): [9, 8, 0, 1, 1, 1]
(1, (1, 0, 1), (1, 1)): [4, 9, 0, 1, 1]
(1, (1, 0, 1), (1, 2)): [5, 4, 2, 0, 1]
(1, (1, 0, 1), (2, 1)): [2, 3, 0, 1]
(1, (1, 0, 1), (2, 2)): [1, 3, 1]
(1, (1, 1, 0), (0, 0)): [11990, 3733, 2658, 1608, 664, 269, 85, 32, 12, 2, 0, 0, 0, 1]
(1, (1, 1, 0), (0, 1)): [30, 6, 7, 4, 1]
(1, (1, 1, 0), (0, 2)): [7, 4, 2, 2]
(1, (1, 1, 0), (1, 0)): [23, 9, 7, 4, 1, 1]
(1, (1, 1, 0), (1, 1)): [34, 6, 4, 1, 1]
(1, (1, 1, 0), (1, 2)): [19, 2, 3, 1]
(1, (1, 1, 0), (2, 1)): [12, 5, 2, 2]
(1, (1, 1, 0), (2, 2)): [14, 1, 2, 1]
(1, (1, 1, 1), (0, 0)): [2327, 1901, 1229, 918, 563, 256, 94, 40, 9, 3]
(1, (1, 1, 1), (0, 1)): [4, 1, 1, 0, 0, 1]
(1, (1, 1, 1), (0, 2)): [1, 1, 1, 0, 0, 1]
(1, (1, 1, 1), (1, 2)): [4, 2, 0, 2, 1, 1]
(1, (1, 1, 1), (2, 2)): [0, 2, 0, 0, 0, 1]
(1, (1, 1, 1), (3, 2)): [0, 2, 0, 0, 0, 1]
(2, (0, 0, 0), (0, 0)): [107611, 3825, 1195, 349, 108, 35, 13, 5, 1, 0, 1]
(2, (0, 0, 0), (0, 1)): [308, 8, 2]
(2, (0, 0, 0), (0, 2)): [115, 2, 1]
(2, (0, 0, 0), (1, 0)): [290, 13, 4, 0, 1]
(2, (0, 0, 0), (1, 1)): [243, 10, 1]
(2, (0, 0, 0), (1, 2)): [146, 4, 2]
(2, (0, 0, 0), (2, 0)): [101, 2, 3]
(2, (0, 0, 0), (2, 1)): [144, 7]
(2, (0, 0, 0), (2, 2)): [122, 6, 2]
(2, (0, 0, 0), (3, 0)): [29, 2, 3]
(2, (0, 0, 0), (3, 1)): [63, 3, 1]
(2, (0, 0, 0), (3, 2)): [86, 4, 1]
(2, (0, 0, 1), (0, 0)): [13585, 4809, 731, 214, 63, 14, 9, 2]
(2, (0, 0, 1), (0, 1)): [32, 12, 2]
(2, (0, 0, 1), (1, 0)): [26, 14, 1]
(2, (0, 0, 1), (1, 1)): [18, 5]
(2, (0, 0, 1), (2, 0)): [13, 4, 1]
(2, (0, 0, 1), (2, 1)): [13, 2]
(2, (0, 1, 0), (0, 0)): [33034, 7270, 1647, 502, 129, 40, 14, 8]
(2, (0, 1, 0), (0, 1)): [77, 13, 2, 1, 1]
(2, (0, 1, 0), (0, 2)): [31, 1]
(2, (0, 1, 0), (1, 0)): [94, 17, 7, 0, 0, 1]
(2, (0, 1, 0), (1, 1)): [66, 15, 2, 0, 1]
(2, (0, 1, 0), (1, 2)): [45, 5, 0, 0, 1]
(2, (0, 1, 0), (2, 0)): [43, 8, 4, 0, 0, 1]
(2, (0, 1, 0), (2, 1)): [42, 13, 3, 0, 0, 1]
(2, (0, 1, 0), (2, 2)): [41, 3, 1]
(2, (0, 1, 0), (3, 0)): [18, 3, 1]
(2, (0, 1, 0), (3, 1)): [21, 7, 1, 0, 0, 1]
(2, (0, 1, 0), (3, 2)): [26, 5, 2, 0, 0, 1]
(2, (0, 1, 1), (0, 0)): [8181, 802, 1892, 448, 148, 47, 11, 2, 1]
(2, (0, 1, 1), (1, 0)): [21, 1, 11, 1, 1]
(2, (0, 1, 1), (2, 0)): [11, 1, 5]
(2, (0, 1, 1), (3, 0)): [8, 0, 4]
(2, (1, 0, 0), (0, 0)): [59586, 4454, 1974, 600, 179, 65, 23, 8, 2, 0, 1]
(2, (1, 0, 0), (0, 1)): [139, 4, 4, 0, 0, 1]
(2, (1, 0, 0), (0, 2)): [37, 0, 0, 0, 0, 1]
(2, (1, 0, 0), (1, 0)): [148, 5, 5, 1, 1]
(2, (1, 0, 0), (1, 1)): [102, 4, 3, 0, 1]
(2, (1, 0, 0), (1, 2)): [48]
(2, (1, 0, 0), (2, 0)): [44, 3, 2, 1]
(2, (1, 0, 0), (2, 1)): [43, 3, 0, 0, 1]
(2, (1, 0, 0), (2, 2)): [27]
(2, (1, 0, 0), (3, 0)): [14, 1, 1, 1]
(2, (1, 0, 0), (3, 1)): [16, 1]
(2, (1, 0, 0), (3, 2)): [11]
(2, (1, 0, 1), (0, 0)): [9023, 2566, 1190, 426, 138, 42, 12, 2, 1]
(2, (1, 0, 1), (0, 1)): [9, 4, 1, 2, 0, 1]
(2, (1, 0, 1), (1, 0)): [19, 1, 5]
(2, (1, 0, 1), (1, 1)): [4, 2]
(2, (1, 0, 1), (2, 0)): [8, 0, 3]
(2, (1, 0, 1), (3, 0)): [3, 0, 1]
(2, (1, 1, 0), (0, 0)): [18367, 2632, 1466, 777, 191, 75, 19, 8, 3, 1, 1]
(2, (1, 1, 0), (0, 1)): [48, 3, 3, 0, 1]
(2, (1, 1, 0), (0, 2)): [17, 1]
(2, (1, 1, 0), (1, 0)): [30, 4, 2, 1]
(2, (1, 1, 0), (1, 1)): [24, 1, 1]
(2, (1, 1, 0), (1, 2)): [12, 1]
(2, (1, 1, 0), (2, 0)): [10, 1, 1]
(2, (1, 1, 0), (2, 1)): [13, 1]
(2, (1, 1, 0), (2, 2)): [11, 1]
(2, (1, 1, 0), (3, 0)): [4, 0, 1]
(2, (1, 1, 0), (3, 1)): [6, 0, 1]
(2, (1, 1, 0), (3, 2)): [7, 0, 1]
(2, (1, 1, 1), (0, 0)): [5579, 881, 899, 481, 275, 80, 27, 7, 3, 2, 1]
(2, (1, 1, 1), (0, 1)): [17, 1, 3, 1, 1]
(2, (1, 1, 1), (0, 2)): [10, 1]
(2, (1, 1, 1), (1, 0)): [9, 2, 1]
(2, (1, 1, 1), (2, 0)): [4, 1]
(2, (1, 1, 1), (2, 1)): [7, 2, 2, 1]
(2, (1, 1, 1), (3, 1)): [1, 2, 0, 1]
(2, (1, 1, 1), (3, 2)): [4, 1, 1, 1]
