(0, (0, 0, 0)): [2478708, 507231, 233069, 106804, 47963, 20470, 8538, 3460, 1400, 606, 272, 123, 44, 23, 6, 1, 1, 1]
(0, (0, 0, 1)): [8892, 27728, 7611, 3713, 1781, 770, 346, 138, 57, 35, 20, 4, 4, 3]
(0, (0, 1, 0)): [92281, 86023, 34004, 16908, 8007, 3487, 1507, 618, 256, 134, 48, 19, 9, 6, 3, 0, 1]
(0, (0, 1, 1)): [7303, 12824, 15187, 7095, 3730, 1793, 773, 338, 169, 73, 24, 16, 4, 4, 2, 0, 1, 1]
(0, (1, 0, 0)): [516110, 169682, 111216, 55476, 26640, 11842, 4968, 2131, 888, 385, 188, 73, 27, 17, 4, 1, 1, 1]
(0, (1, 0, 1)): [12027, 36508, 14847, 10686, 5593, 2607, 1233, 506, 243, 101, 54, 20, 11, 3, 2, 0, 0, 1]
(0, (1, 1, 0)): [74266, 46485, 34251, 25199, 13427, 6250, 2683, 1238, 512, 235, 109, 44, 14, 6, 1, 0, 1]
(0, (1, 1, 1)): [7157, 13954, 11151, 8115, 6690, 3319, 1550, 732, 348, 146, 72, 26, 8, 4, 1, 0, 1]
(1, (0, 0, 0)): [2028861, 227471, 92736, 36864, 14423, 5509, 2129, 758, 272, 109, 38, 23, 8, 3, 0, 1]
(1, (0, 0, 1)): [54456, 78125, 15636, 6886, 2812, 1149, 451, 167, 76, 26, 15, 9, 4, 2]
(1, (0, 1, 0)): [272700, 117520, 43731, 18996, 7691, 3093, 1101, 465, 142, 71, 35, 10, 10, 2, 1]
(1, (0, 1, 1)): [42363, 35797, 30895, 12612, 6481, 2582, 1038, 413, 171, 59, 22, 10, 3, 2, 0, 1]
(1, (1, 0, 0)): [751973, 131557, 87669, 37413, 15235, 6066, 2383, 874, 340, 143, 52, 32, 7, 3, 0, 2]
(1, (1, 0, 1)): [61072, 68816, 22156, 15254, 6596, 2731, 1066, 422, 150, 81, 24, 10, 2, 1]
(1, (1, 1, 0)): [211397, 63310, 42178, 31114, 13100, 5444, 2126, 844, 329, 134, 49, 26, 10, 5, 1]
(1, (1, 1, 1)): [43288, 34592, 21540, 14037, 10857, 4626, 1886, 708, 290, 105, 35, 22, 9, 4, 1, 1]
(2, (0, 0, 0)): [1773580, 84473, 27848, 8921, 2991, 933, 317, 107, 21, 9, 5, 0, 1]
(2, (0, 0, 1)): [166527, 48417, 10267, 3538, 1244, 429, 124, 44, 9, 6, 0, 2]
(2, (0, 1, 0)): [438578, 89871, 25437, 9054, 3039, 971, 313, 92, 22, 13, 7, 0, 1]
(2, (0, 1, 1)): [102341, 8538, 21108, 6193, 2435, 813, 264, 83, 25, 7, 5, 1, 0, 1]
(2, (1, 0, 0)): [910225, 65638, 44487, 14226, 4671, 1480, 560, 164, 40, 16, 7, 1, 1]
(2, (1, 0, 1)): [160640, 37188, 14735, 9441, 3151, 1012, 344, 105, 33, 11, 2, 4, 2]
(2, (1, 1, 0)): [357349, 53173, 26953, 19238, 6201, 1980, 673, 225, 69, 31, 10, 3, 2, 1]
(2, (1, 1, 1)): [106401, 15480, 17529, 8773, 6730, 2088, 710, 241, 80, 20, 10, 4, 1, 1]
