(0, (0, 0, 0), (0, 0)): [2577343, 527052, 242699, 111415, 50008, 21386, 8895, 3615, 1470, 637, 285, 132, 46, 24, 6, 1, 1, 1]
(0, (0, 0, 0), (0, 1)): [568992, 109477, 50087, 23272, 10259, 4419, 1781, 676, 296, 127, 61, 28, 7, 5, 1, 1]
(0, (0, 0, 0), (0, 2)): [225432, 38332, 17164, 7832, 3386, 1419, 578, 207, 93, 40, 13, 6, 4, 1, 1]
(0, (0, 0, 0), (1, 0)): [449543, 100654, 47894, 22434, 10491, 4459, 1946, 803, 308, 126, 62, 24, 7, 7, 2, 0, 1]
(0, (0, 0, 0), (1, 1)): [462894, 93663, 43796, 20421, 9174, 3945, 1606, 646, 276, 102, 58, 23, 4, 6, 0, 1, 1]
(0, (0, 0, 0), (1, 2)): [331809, 58559, 26885, 12118, 5356, 2239, 943, 365, 164, 59, 21, 9, 5, 2, 1]
(0, (0, 0, 0), (2, 0)): [142637, 35242, 18056, 8548, 4174, 1723, 785, 331, 119, 56, 27, 11, 3, 3, 1]
(0, (0, 0, 0), (2, 1)): [232397, 51735, 25456, 11943, 5544, 2391, 961, 428, 163, 67, 36, 17, 4, 4, 0, 0, 1]
(0, (0, 0, 0), (2, 2)): [261277, 50340, 23945, 11093, 4900, 2075, 864, 336, 159, 56, 24, 8, 5, 2, 1, 0, 1]
(0, (0, 0, 0), (3, 0)): [40703, 11266, 6767, 3395, 1703, 693, 314, 134, 51, 28, 13, 4, 0, 2, 1]
(0, (0, 0, 0), (3, 1)): [87708, 22605, 12387, 6071, 2959, 1290, 506, 246, 98, 40, 15, 13, 3, 4, 1]
(0, (0, 0, 0), (3, 2)): [136976, 30614, 16316, 7683, 3586, 1540, 630, 274, 119, 48, 18, 14, 5, 2, 1, 0, 1]
(0, (0, 0, 1), (0, 0)): [9094, 28406, 7807, 3829, 1833, 789, 351, 144, 57, 35, 20, 4, 4, 3]
(0, (0, 0, 1), (0, 1)): [1409, 4345, 1194, 577, 264, 124, 47, 21, 10, 6, 4, 1, 0, 1]
(0, (0, 0, 1), (0, 2)): [644, 1632, 424, 208, 86, 49, 18, 7, 7, 0, 1]
(0, (0, 0, 1), (1, 0)): [1308, 4570, 1295, 724, 368, 152, 72, 26, 10, 6, 7]
(0, (0, 0, 1), (1, 1)): [1243, 3934, 1073, 544, 290, 124, 49, 20, 6, 10, 3, 1, 0, 1]
(0, (0, 0, 1), (1, 2)): [1018, 2566, 673, 336, 151, 74, 27, 13, 5, 4, 2]
(0, (0, 0, 1), (2, 0)): [492, 1699, 510, 321, 145, 63, 30, 13, 5, 2, 5]
(0, (0, 0, 1), (2, 1)): [661, 2263, 646, 375, 190, 81, 37, 13, 6, 7, 2, 1]
(0, (0, 0, 1), (2, 2)): [905, 2367, 635, 322, 172, 74, 26, 9, 4, 4, 2]
(0, (0, 0, 1), (3, 0)): [164, 572, 164, 131, 56, 26, 12, 3, 1, 0, 3]
(0, (0, 0, 1), (3, 1)): [275, 968, 284, 223, 97, 42, 23, 4, 3, 5, 0, 1]
(0, (0, 0, 1), (3, 2)): [505, 1447, 388, 277, 145, 56, 21, 4, 3, 3, 1]
(0, (0, 1, 0), (0, 0)): [95939, 89042, 35418, 17639, 8363, 3637, 1572, 647, 273, 140, 49, 20, 9, 6, 3, 0, 1]
(0, (0, 1, 0), (0, 1)): [20580, 17620, 7114, 3459, 1616, 693, 323, 130, 53, 28, 9, 4, 3, 1, 1]
(0, (0, 1, 0), (0, 2)): [8631, 6276, 2543, 1192, 551, 248, 118, 43, 20, 7, 0, 1, 2]
(0, (0, 1, 0), (1, 0)): [18809, 17506, 7548, 4058, 1901, 879, 363, 154, 68, 25, 11, 6, 2, 2, 1, 0, 1]
(0, (0, 1, 0), (1, 1)): [17412, 14933, 6250, 3205, 1502, 640, 289, 123, 43, 29, 11, 4, 1, 2, 1]
(0, (0, 1, 0), (1, 2)): [12623, 9475, 3931, 1964, 864, 378, 157, 79, 27, 11, 3, 3, 2, 0, 1]
(0, (0, 1, 0), (2, 0)): [6801, 6227, 2890, 1648, 778, 395, 149, 68, 29, 7, 3, 5, 2, 1, 0, 0, 1]
(0, (0, 1, 0), (2, 1)): [9362, 8261, 3649, 1899, 955, 436, 199, 69, 29, 20, 6, 4, 1, 1, 0, 0, 1]
(0, (0, 1, 0), (2, 2)): [10548, 8133, 3499, 1753, 823, 355, 160, 60, 29, 11, 5, 3, 1, 0, 1, 0, 1]
(0, (0, 1, 0), (3, 0)): [2325, 1853, 976, 678, 311, 171, 68, 36, 13, 2, 0, 1, 1]
(0, (0, 1, 0), (3, 1)): [4139, 3383, 1675, 1080, 520, 255, 101, 47, 10, 7, 2, 3, 0, 1]
(0, (0, 1, 0), (3, 2)): [6255, 4713, 2216, 1259, 618, 290, 136, 48, 13, 11, 3, 1, 0, 0, 1, 0, 1]
(0, (0, 1, 1), (0, 0)): [7617, 13323, 15800, 7387, 3909, 1873, 806, 361, 178, 75, 27, 16, 4, 4, 2, 0, 1, 1]
(0, (0, 1, 1), (0, 1)): [1610, 2660, 2960, 1345, 727, 337, 148, 64, 29, 13, 4, 4, 1, 0, 0, 0, 1]
(0, (0, 1, 1), (0, 2)): [774, 1046, 1100, 499, 271, 127, 56, 28, 8, 4, 1, 2]
(0, (0, 1, 1), (1, 0)): [1476, 2695, 3195, 1613, 865, 451, 188, 83, 45, 14, 8, 6, 1, 1, 1]
(0, (0, 1, 1), (1, 1)): [1313, 2283, 2625, 1197, 655, 302, 133, 47, 22, 10, 6, 3, 2, 0, 0, 0, 1]
(0, (0, 1, 1), (1, 2)): [1089, 1506, 1650, 722, 429, 192, 81, 32, 17, 3, 2, 3, 1, 0, 0, 0, 1]
(0, (0, 1, 1), (2, 0)): [588, 1137, 1178, 674, 401, 230, 81, 42, 28, 8, 4, 2, 0, 1, 1]
(0, (0, 1, 1), (2, 1)): [677, 1247, 1415, 703, 348, 183, 73, 41, 15, 10, 6, 1, 1, 0, 1]
(0, (0, 1, 1), (2, 2)): [864, 1301, 1413, 658, 363, 171, 62, 30, 15, 8, 2, 3, 1, 0, 0, 0, 1]
(0, (0, 1, 1), (3, 0)): [303, 524, 495, 329, 225, 116, 43, 14, 18, 2, 1, 2, 0, 1]
(0, (0, 1, 1), (3, 1)): [278, 508, 570, 323, 191, 107, 42, 20, 16, 5, 2, 1, 0, 0, 1]
(0, (0, 1, 1), (3, 2)): [489, 734, 792, 436, 231, 120, 51, 26, 16, 5, 3, 0, 1, 0, 0, 0, 1]
(0, (1, 0, 0), (0, 0)): [534952, 174993, 115554, 57689, 27705, 12376, 5163, 2222, 935, 404, 195, 78, 28, 17, 4, 1, 1, 1]
(0, (1, 0, 0), (0, 1)): [105732, 30332, 21372, 10571, 5034, 2209, 929, 366, 182, 73, 32, 13, 1, 3]
(0, (1, 0, 0), (0, 2)): [42064, 10437, 7457, 3509, 1617, 713, 309, 123, 54, 27, 12, 4]
(0, (1, 0, 0), (1, 0)): [86923, 29860, 21477, 11306, 5567, 2500, 1038, 463, 180, 85, 48, 17, 4, 6, 2, 0, 1]
(0, (1, 0, 0), (1, 1)): [79256, 24232, 17291, 8864, 4213, 1918, 790, 335, 147, 61, 30, 12, 1, 4, 1]
(0, (1, 0, 0), (1, 2)): [54590, 14406, 10271, 5110, 2360, 1029, 448, 185, 84, 31, 10, 7, 0, 0, 1]
(0, (1, 0, 0), (2, 0)): [26870, 10153, 7643, 4250, 2177, 982, 396, 177, 62, 44, 23, 5, 4, 3, 0, 0, 1]
(0, (1, 0, 0), (2, 1)): [37873, 12625, 9206, 4874, 2443, 1113, 452, 206, 86, 49, 24, 7, 1, 6, 0, 0, 1]
(0, (1, 0, 0), (2, 2)): [39552, 11440, 8171, 4101, 1992, 840, 410, 167, 79, 33, 14, 5, 1, 3]
(0, (1, 0, 0), (3, 0)): [6958, 3207, 2473, 1671, 842, 389, 159, 59, 28, 18, 9, 2, 2]
(0, (1, 0, 0), (3, 1)): [13574, 5420, 4066, 2500, 1253, 606, 238, 109, 43, 24, 13, 4, 2, 2]
(0, (1, 0, 0), (3, 2)): [18800, 6790, 4761, 2746, 1356, 579, 288, 126, 59, 22, 11, 6, 0, 1]
(0, (1, 0, 1), (0, 0)): [12426, 37595, 15323, 11086, 5772, 2690, 1273, 520, 251, 104, 55, 20, 11, 3, 2, 0, 0, 1]
(0, (1, 0, 1), (0, 1)): [2473, 6401, 2634, 2003, 973, 462, 209, 82, 43, 16, 9, 1, 4, 1]
(0, (1, 0, 1), (0, 2)): [1189, 2344, 949, 707, 326, 158, 68, 30, 14, 1, 3, 1, 2, 1]
(0, (1, 0, 1), (1, 0)): [1975, 6447, 2610, 2004, 1080, 537, 240, 100, 52, 26, 15, 2, 1, 1, 1]
(0, (1, 0, 1), (1, 1)): [1896, 5069, 2148, 1548, 790, 366, 175, 72, 43, 19, 8, 1, 1]
(0, (1, 0, 1), (1, 2)): [1552, 3146, 1324, 927, 466, 212, 95, 42, 26, 5, 2, 1, 2]
(0, (1, 0, 1), (2, 0)): [631, 2164, 868, 724, 406, 218, 88, 39, 20, 13, 5, 1]
(0, (1, 0, 1), (2, 1)): [870, 2558, 1097, 811, 426, 228, 104, 38, 23, 17, 6]
(0, (1, 0, 1), (2, 2)): [1132, 2412, 1051, 752, 380, 186, 94, 40, 15, 10, 3]
(0, (1, 0, 1), (3, 0)): [206, 644, 295, 211, 159, 87, 31, 15, 9, 3, 1, 1]
(0, (1, 0, 1), (3, 1)): [339, 880, 464, 348, 221, 111, 49, 22, 15, 10, 3]
(0, (1, 0, 1), (3, 2)): [556, 1207, 633, 427, 271, 134, 67, 27, 16, 11, 5]
(0, (1, 1, 0), (0, 0)): [77282, 48211, 35468, 26234, 13966, 6536, 2798, 1291, 536, 247, 111, 48, 14, 6, 1, 0, 1]
(0, (1, 1, 0), (0, 1)): [16878, 9122, 6207, 4875, 2640, 1156, 544, 222, 95, 32, 18, 13, 1, 1, 1, 0, 1]
(0, (1, 1, 0), (0, 2)): [7184, 3337, 2177, 1745, 917, 396, 173, 88, 35, 14, 6, 2]
(0, (1, 1, 0), (1, 0)): [12978, 8321, 6120, 4948, 2600, 1298, 545, 256, 99, 46, 22, 9, 3, 3]
(0, (1, 1, 0), (1, 1)): [12433, 7041, 5008, 3995, 2079, 971, 430, 182, 58, 26, 20, 7, 2, 2, 1, 0, 1]
(0, (1, 1, 0), (1, 2)): [9344, 4417, 3050, 2482, 1257, 548, 241, 105, 40, 22, 6, 3, 0, 1, 0, 0, 1]
(0, (1, 1, 0), (2, 0)): [3797, 2780, 2096, 1710, 999, 519, 226, 111, 45, 18, 7, 6, 0, 1]
(0, (1, 1, 0), (2, 1)): [5751, 3557, 2639, 2119, 1188, 543, 252, 108, 46, 15, 13, 7, 2, 0, 1]
(0, (1, 1, 0), (2, 2)): [6666, 3476, 2437, 1960, 1057, 468, 221, 100, 35, 19, 7, 3, 0, 0, 0, 0, 1]
(0, (1, 1, 0), (3, 0)): [856, 902, 716, 565, 388, 207, 95, 46, 15, 8, 3, 2, 0, 1]
(0, (1, 1, 0), (3, 1)): [1944, 1498, 1175, 965, 635, 331, 147, 66, 24, 10, 7, 3, 2, 0, 1]
(0, (1, 1, 0), (3, 2)): [3090, 1958, 1509, 1219, 744, 352, 166, 86, 24, 12, 7, 1, 0, 0, 0, 0, 1]
(0, (1, 1, 1), (0, 0)): [7476, 14484, 11610, 8436, 6977, 3486, 1625, 775, 365, 154, 73, 28, 8, 4, 1, 0, 1]
(0, (1, 1, 1), (0, 1)): [1803, 3018, 2315, 1574, 1378, 683, 301, 146, 80, 25, 11, 5, 3, 1]
(0, (1, 1, 1), (0, 2)): [951, 1220, 853, 590, 509, 238, 101, 54, 28, 8, 8, 2, 1]
(0, (1, 1, 1), (1, 0)): [1175, 2622, 2125, 1515, 1273, 702, 318, 132, 66, 34, 13, 7, 0, 1, 0, 0, 1]
(0, (1, 1, 1), (1, 1)): [1225, 2340, 1831, 1231, 1081, 600, 263, 128, 63, 23, 7, 4, 1, 1, 0, 0, 1]
(0, (1, 1, 1), (1, 2)): [1121, 1613, 1202, 805, 709, 333, 147, 76, 34, 14, 6, 4, 0, 1, 0, 0, 1]
(0, (1, 1, 1), (2, 0)): [332, 776, 716, 551, 467, 256, 108, 49, 20, 14, 5, 4, 0, 1]
(0, (1, 1, 1), (2, 1)): [547, 1082, 919, 665, 550, 330, 138, 66, 40, 13, 4, 1, 1]
(0, (1, 1, 1), (2, 2)): [736, 1192, 925, 652, 541, 293, 127, 67, 33, 15, 4, 2, 1]
(0, (1, 1, 1), (3, 0)): [64, 203, 194, 190, 140, 92, 49, 22, 5, 6, 3, 2, 0, 1]
(0, (1, 1, 1), (3, 1)): [156, 376, 369, 287, 242, 149, 71, 28, 13, 7, 2, 3, 0, 1]
(0, (1, 1, 1), (3, 2)): [277, 562, 518, 383, 335, 189, 107, 41, 23, 8, 3, 3, 1, 1]
(1, (0, 0, 0), (0, 0)): [2111963, 237088, 96653, 38532, 15055, 5730, 2220, 796, 280, 113, 42, 25, 8, 3, 0, 1]
(1, (0, 0, 0), (0, 1)): [469428, 49163, 19741, 7894, 3094, 1139, 436, 164, 49, 17, 7, 6, 1, 1]
(1, (0, 0, 0), (0, 2)): [188051, 16554, 6648, 2497, 1004, 363, 122, 46, 8, 6, 1, 3]
(1, (0, 0, 0), (1, 0)): [384930, 48970, 20560, 8368, 3323, 1281, 486, 156, 63, 27, 7, 4, 0, 0, 0, 1]
(1, (0, 0, 0), (1, 1)): [389527, 43934, 17903, 7214, 2834, 1030, 445, 152, 50, 14, 10, 4, 1, 1]
(1, (0, 0, 0), (1, 2)): [277591, 26223, 10517, 4080, 1626, 588, 224, 67, 24, 8, 3, 2, 1]
(1, (0, 0, 0), (2, 0)): [126910, 18114, 8190, 3468, 1377, 541, 200, 63, 29, 16, 2, 2, 0, 0, 0, 1]
(1, (0, 0, 0), (2, 1)): [201175, 25378, 10930, 4471, 1809, 684, 249, 96, 23, 17, 8, 4]
(1, (0, 0, 0), (2, 2)): [224535, 23607, 9899, 4017, 1567, 578, 210, 77, 26, 8, 4, 2]
(1, (0, 0, 0), (3, 0)): [37036, 5869, 3286, 1459, 562, 230, 100, 26, 19, 7, 1, 1, 0, 0, 0, 1]
(1, (0, 0, 0), (3, 1)): [79229, 11701, 5898, 2533, 1036, 402, 141, 51, 17, 8, 4]
(1, (0, 0, 0), (3, 2)): [121901, 15263, 7446, 3033, 1256, 464, 169, 66, 19, 8, 5, 1]
(1, (0, 0, 1), (0, 0)): [55972, 80251, 16122, 7120, 2908, 1181, 461, 173, 79, 27, 15, 9, 4, 2]
(1, (0, 0, 1), (0, 1)): [10601, 12932, 2654, 1136, 405, 170, 83, 25, 4, 1, 3, 1]
(1, (0, 0, 1), (0, 2)): [4766, 4395, 874, 364, 137, 54, 24, 3, 3, 0, 1, 1]
(1, (0, 0, 1), (1, 0)): [10596, 15520, 3327, 1670, 679, 290, 100, 41, 26, 6, 2, 1]
(1, (0, 0, 1), (1, 1)): [9474, 11964, 2513, 1141, 427, 165, 74, 28, 8, 4, 1, 1]
(1, (0, 0, 1), (1, 2)): [7357, 6909, 1459, 632, 242, 93, 47, 10, 5, 2, 1, 2]
(1, (0, 0, 1), (2, 0)): [4371, 6263, 1456, 842, 346, 156, 56, 25, 15, 3, 1]
(1, (0, 0, 1), (2, 1)): [5320, 7018, 1534, 785, 302, 121, 40, 25, 8, 2, 1]
(1, (0, 0, 1), (2, 2)): [6384, 6307, 1396, 657, 229, 88, 47, 15, 3, 2, 2, 2]
(1, (0, 0, 1), (3, 0)): [2029, 2512, 667, 460, 190, 94, 31, 13, 7, 1, 1]
(1, (0, 0, 1), (3, 1)): [2359, 3054, 785, 433, 186, 84, 26, 16, 6, 2]
(1, (0, 0, 1), (3, 2)): [3826, 3875, 958, 519, 197, 88, 42, 14, 3, 0, 1]
(1, (0, 1, 0), (0, 0)): [281837, 121140, 45356, 19732, 7987, 3194, 1142, 484, 145, 73, 36, 10, 10, 2, 1]
(1, (0, 1, 0), (0, 1)): [55484, 21307, 8210, 3391, 1389, 556, 206, 86, 20, 14, 7, 1, 1]
(1, (0, 1, 0), (0, 2)): [22510, 7590, 2814, 1075, 466, 180, 66, 26, 7, 5, 1, 1, 1]
(1, (0, 1, 0), (1, 0)): [55922, 23347, 9508, 4728, 1916, 775, 287, 117, 44, 19, 9, 0, 0, 1]
(1, (0, 1, 0), (1, 1)): [48971, 19079, 7540, 3408, 1345, 537, 211, 76, 23, 7, 6, 0, 0, 1]
(1, (0, 1, 0), (1, 2)): [34253, 11793, 4418, 1868, 724, 279, 109, 47, 13, 7, 1, 1]
(1, (0, 1, 0), (2, 0)): [22874, 9240, 4078, 2341, 1001, 396, 140, 68, 23, 12, 6]
(1, (0, 1, 0), (2, 1)): [27881, 10928, 4681, 2293, 964, 374, 146, 57, 18, 7, 5, 0, 0, 1]
(1, (0, 1, 0), (2, 2)): [29473, 10228, 4112, 1876, 744, 293, 103, 42, 11, 6, 3]
(1, (0, 1, 0), (3, 0)): [9911, 3694, 1733, 1260, 559, 224, 79, 36, 11, 7, 2]
(1, (0, 1, 0), (3, 1)): [12833, 4757, 2303, 1418, 611, 226, 101, 46, 16, 6, 3, 0, 0, 1]
(1, (0, 1, 0), (3, 2)): [18017, 6241, 2839, 1555, 663, 232, 101, 41, 9, 7, 3, 0, 0, 1]
(1, (0, 1, 1), (0, 0)): [43899, 37057, 31944, 13103, 6722, 2689, 1083, 429, 177, 61, 24, 10, 3, 2, 0, 1]
(1, (0, 1, 1), (0, 1)): [7881, 5872, 4976, 2031, 941, 351, 167, 73, 18, 5, 5, 1]
(1, (0, 1, 1), (0, 2)): [3816, 1905, 1811, 719, 335, 119, 66, 28, 4, 1, 4]
(1, (0, 1, 1), (1, 0)): [9228, 8291, 6326, 2868, 1700, 719, 289, 112, 38, 17, 5, 2, 1]
(1, (0, 1, 1), (1, 1)): [6634, 5282, 4371, 1821, 902, 330, 132, 60, 19, 8, 0, 2]
(1, (0, 1, 1), (1, 2)): [5563, 3071, 2770, 1086, 547, 197, 86, 36, 8, 5, 3, 1]
(1, (0, 1, 1), (2, 0)): [4918, 4274, 3075, 1546, 1076, 484, 196, 72, 26, 10, 5, 1]
(1, (0, 1, 1), (2, 1)): [3540, 2962, 2463, 1102, 555, 225, 94, 30, 11, 3, 1]
(1, (0, 1, 1), (2, 2)): [4606, 2667, 2419, 999, 491, 183, 72, 23, 8, 2, 3, 1]
(1, (0, 1, 1), (3, 0)): [3425, 2749, 1794, 1021, 857, 382, 148, 62, 22, 7, 4, 1]
(1, (0, 1, 1), (3, 1)): [1499, 1331, 1048, 505, 314, 156, 57, 25, 9, 3]
(1, (0, 1, 1), (3, 2)): [2553, 1700, 1377, 651, 404, 149, 57, 24, 8, 3, 2, 1]
(1, (1, 0, 0), (0, 0)): [781222, 136117, 91298, 39071, 15915, 6323, 2477, 911, 355, 148, 58, 33, 7, 3, 0, 2]
(1, (1, 0, 0), (0, 1)): [155843, 23802, 16823, 7246, 2879, 1132, 437, 174, 53, 22, 12, 4, 1]
(1, (1, 0, 0), (0, 2)): [61425, 8053, 5537, 2326, 913, 398, 142, 51, 13, 8, 4]
(1, (1, 0, 0), (1, 0)): [136763, 25209, 18274, 8255, 3380, 1368, 561, 199, 67, 31, 13, 5, 2, 0, 0, 1]
(1, (1, 0, 0), (1, 1)): [122645, 20050, 14339, 6376, 2510, 965, 403, 148, 50, 21, 11, 7, 1, 0, 0, 1]
(1, (1, 0, 0), (1, 2)): [83412, 11727, 8235, 3521, 1372, 526, 213, 81, 24, 10, 8, 1]
(1, (1, 0, 0), (2, 0)): [44415, 8941, 6707, 3329, 1395, 565, 237, 81, 35, 10, 5, 0, 1]
(1, (1, 0, 0), (2, 1)): [60825, 10893, 7915, 3890, 1505, 617, 248, 86, 28, 10, 7, 4, 1, 0, 0, 1]
(1, (1, 0, 0), (2, 2)): [62654, 9634, 6742, 3121, 1243, 490, 190, 71, 20, 10, 4, 1, 1]
(1, (1, 0, 0), (3, 0)): [12413, 2950, 2137, 1286, 576, 226, 108, 30, 17, 5, 1, 0, 1]
(1, (1, 0, 0), (3, 1)): [23252, 4996, 3546, 2117, 831, 321, 159, 40, 23, 5, 5, 1, 0, 0, 0, 1]
(1, (1, 0, 0), (3, 2)): [31475, 6109, 4080, 2243, 856, 348, 153, 48, 25, 10, 5, 2, 1, 0, 0, 1]
(1, (1, 0, 1), (0, 0)): [63163, 71074, 22871, 15814, 6835, 2831, 1106, 442, 158, 85, 24, 10, 2, 1]
(1, (1, 0, 1), (0, 1)): [13066, 11834, 3748, 2710, 1136, 467, 178, 68, 32, 14, 4, 1, 2]
(1, (1, 0, 1), (0, 2)): [5920, 4000, 1310, 947, 393, 143, 74, 31, 10, 6, 3, 0, 1]
(1, (1, 0, 1), (1, 0)): [11016, 12164, 4101, 3038, 1407, 597, 223, 101, 33, 20, 1, 3]
(1, (1, 0, 1), (1, 1)): [9969, 9504, 3139, 2271, 944, 416, 144, 50, 22, 10, 1, 3, 1]
(1, (1, 0, 1), (1, 2)): [7537, 5455, 1876, 1342, 532, 222, 92, 41, 14, 6, 3]
(1, (1, 0, 1), (2, 0)): [3743, 4030, 1453, 1103, 576, 245, 92, 45, 12, 9, 0, 1]
(1, (1, 0, 1), (2, 1)): [4965, 4801, 1617, 1212, 603, 239, 85, 28, 14, 11, 0, 3]
(1, (1, 0, 1), (2, 2)): [5535, 4180, 1524, 1074, 497, 188, 79, 26, 13, 7, 1]
(1, (1, 0, 1), (3, 0)): [1229, 1287, 507, 386, 236, 112, 37, 13, 1, 4]
(1, (1, 0, 1), (3, 1)): [1838, 1845, 730, 564, 307, 133, 40, 19, 3, 6, 0, 2]
(1, (1, 0, 1), (3, 2)): [2743, 2351, 963, 653, 380, 139, 56, 19, 11, 6, 0, 2]
(1, (1, 1, 0), (0, 0)): [219488, 65503, 43669, 32416, 13638, 5667, 2221, 882, 337, 136, 54, 26, 10, 5, 1]
(1, (1, 1, 0), (0, 1)): [46731, 12088, 7726, 6139, 2512, 1045, 384, 160, 66, 24, 13, 4, 1]
(1, (1, 1, 0), (0, 2)): [19470, 4463, 2682, 2154, 858, 333, 107, 50, 18, 5, 5]
(1, (1, 1, 0), (1, 0)): [38763, 12354, 8282, 6500, 2866, 1175, 520, 189, 51, 30, 14, 4, 2, 1]
(1, (1, 1, 0), (1, 1)): [36428, 10091, 6776, 5302, 2211, 920, 353, 152, 50, 25, 12, 4, 1]
(1, (1, 1, 0), (1, 2)): [26402, 6311, 3970, 3124, 1279, 481, 174, 88, 30, 7, 8, 2, 1]
(1, (1, 1, 0), (2, 0)): [12421, 4581, 2907, 2324, 1184, 500, 235, 79, 24, 15, 8, 2, 2, 1]
(1, (1, 1, 0), (2, 1)): [17947, 5585, 3789, 2952, 1365, 593, 245, 83, 33, 15, 8, 2, 1]
(1, (1, 1, 0), (2, 2)): [19988, 5245, 3372, 2584, 1183, 489, 178, 82, 31, 9, 4, 2, 1]
(1, (1, 1, 0), (3, 0)): [3209, 1655, 1045, 711, 483, 198, 96, 38, 7, 6, 1, 2, 1]
(1, (1, 1, 0), (3, 1)): [6537, 2731, 1844, 1381, 750, 334, 141, 44, 17, 10, 4, 2, 1]
(1, (1, 1, 0), (3, 2)): [9966, 3334, 2253, 1657, 871, 354, 123, 55, 25, 10, 3, 1, 1]
(1, (1, 1, 1), (0, 0)): [44860, 35843, 22319, 14513, 11321, 4848, 1974, 741, 298, 110, 38, 22, 9, 4, 1, 1]
(1, (1, 1, 1), (0, 1)): [10319, 6904, 4170, 2636, 2182, 890, 367, 136, 59, 20, 7, 1, 0, 1]
(1, (1, 1, 1), (0, 2)): [5020, 2473, 1540, 980, 766, 293, 127, 33, 11, 10, 4, 0, 0, 1]
(1, (1, 1, 1), (1, 0)): [7299, 6633, 4012, 2603, 2288, 1016, 452, 154, 59, 21, 9, 7, 2]
(1, (1, 1, 1), (1, 1)): [7407, 5582, 3404, 2181, 1808, 758, 343, 124, 53, 14, 4, 3]
(1, (1, 1, 1), (1, 2)): [6172, 3377, 2157, 1364, 1074, 457, 197, 65, 26, 10, 4, 3, 0, 1]
(1, (1, 1, 1), (2, 0)): [1932, 2240, 1419, 875, 843, 414, 179, 68, 22, 11, 3, 3, 1]
(1, (1, 1, 1), (2, 1)): [3218, 2966, 1788, 1134, 978, 451, 194, 69, 32, 11, 3, 2]
(1, (1, 1, 1), (2, 2)): [4187, 2747, 1758, 1096, 919, 402, 181, 58, 27, 12, 3, 3, 0, 1]
(1, (1, 1, 1), (3, 0)): [324, 696, 505, 296, 255, 151, 70, 26, 6, 3, 0, 1, 1]
(1, (1, 1, 1), (3, 1)): [834, 1260, 830, 507, 441, 236, 91, 37, 18, 5, 2, 1, 1]
(1, (1, 1, 1), (3, 2)): [1624, 1609, 1071, 664, 556, 294, 119, 41, 19, 6, 4, 1, 0, 1]
(2, (0, 0, 0), (0, 0)): [1847465, 88326, 29080, 9300, 3109, 957, 329, 113, 21, 10, 5, 1, 1]
(2, (0, 0, 0), (0, 1)): [406995, 17042, 5616, 1823, 641, 178, 62, 18, 4, 1]
(2, (0, 0, 0), (0, 2)): [161515, 4750, 1624, 521, 193, 47, 5, 8, 1]
(2, (0, 0, 0), (1, 0)): [349127, 20473, 6924, 2198, 758, 204, 81, 24, 7, 1, 0, 0, 1]
(2, (0, 0, 0), (1, 1)): [346483, 16546, 5620, 1780, 632, 189, 73, 15, 5, 1]
(2, (0, 0, 0), (1, 2)): [241477, 8231, 2843, 951, 321, 94, 28, 8, 1]
(2, (0, 0, 0), (2, 0)): [120816, 7952, 3194, 980, 342, 87, 34, 9, 3, 0, 0, 0, 1]
(2, (0, 0, 0), (2, 1)): [186592, 10356, 3967, 1181, 413, 120, 50, 13, 5]
(2, (0, 0, 0), (2, 2)): [203222, 8297, 3139, 991, 327, 99, 33, 8, 1]
(2, (0, 0, 0), (3, 0)): [37254, 2659, 1429, 447, 162, 40, 13, 4, 0, 0, 0, 0, 1]
(2, (0, 0, 0), (3, 1)): [77356, 5159, 2474, 780, 248, 69, 24, 9, 3]
(2, (0, 0, 0), (3, 2)): [117224, 6159, 2898, 903, 294, 93, 30, 9, 2]
(2, (0, 0, 1), (0, 0)): [172169, 49850, 10682, 3690, 1282, 438, 132, 47, 10, 7, 1, 2]
(2, (0, 0, 1), (0, 1)): [34176, 7999, 1800, 602, 197, 78, 19, 7, 1, 3]
(2, (0, 0, 1), (0, 2)): [14115, 2478, 539, 184, 59, 23, 7, 0, 0, 1]
(2, (0, 0, 1), (1, 0)): [36558, 9859, 2530, 1001, 355, 111, 43, 18, 4, 2, 1, 1]
(2, (0, 0, 1), (1, 1)): [31245, 7631, 1755, 671, 213, 77, 19, 10, 1, 3]
(2, (0, 0, 1), (1, 2)): [22164, 4129, 895, 324, 118, 37, 8, 4, 0, 3]
(2, (0, 0, 1), (2, 0)): [15783, 4082, 1222, 560, 211, 62, 24, 10, 3, 1, 1, 1]
(2, (0, 0, 1), (2, 1)): [18544, 4709, 1260, 514, 172, 49, 21, 10, 0, 2]
(2, (0, 0, 1), (2, 2)): [20055, 4048, 1005, 376, 129, 42, 10, 5, 0, 1]
(2, (0, 0, 1), (3, 0)): [7411, 1635, 593, 358, 121, 40, 14, 3, 3, 0, 1, 1]
(2, (0, 0, 1), (3, 1)): [8671, 2181, 704, 378, 118, 33, 15, 5, 1, 1, 1]
(2, (0, 0, 1), (3, 2)): [12642, 2782, 812, 384, 130, 35, 15, 3, 1, 2]
(2, (0, 1, 0), (0, 0)): [454641, 92781, 26438, 9395, 3150, 1003, 324, 98, 24, 14, 7, 0, 1]
(2, (0, 1, 0), (0, 1)): [90265, 15373, 4417, 1414, 533, 155, 47, 12, 7, 4, 1]
(2, (0, 1, 0), (0, 2)): [37069, 4686, 1335, 397, 140, 31, 12, 2, 3, 1]
(2, (0, 1, 0), (1, 0)): [96213, 18779, 6401, 2687, 862, 261, 96, 34, 1, 2, 0, 0, 1]
(2, (0, 1, 0), (1, 1)): [81369, 14493, 4443, 1553, 557, 156, 65, 16, 4, 3, 1]
(2, (0, 1, 0), (1, 2)): [57615, 7816, 2267, 777, 266, 61, 32, 7, 2, 1]
(2, (0, 1, 0), (2, 0)): [42404, 7857, 3015, 1591, 527, 160, 49, 23, 1, 2, 0, 0, 1]
(2, (0, 1, 0), (2, 1)): [47461, 8819, 2938, 1178, 407, 117, 39, 8, 2, 3, 1, 0, 1]
(2, (0, 1, 0), (2, 2)): [51148, 7456, 2320, 898, 315, 82, 37, 10, 0, 2]
(2, (0, 1, 0), (3, 0)): [21083, 3317, 1486, 1047, 335, 105, 36, 21, 1, 2]
(2, (0, 1, 0), (3, 1)): [21803, 4074, 1598, 843, 294, 84, 31, 7, 2, 2, 1, 0, 1]
(2, (0, 1, 0), (3, 2)): [31913, 4974, 1788, 931, 312, 83, 44, 10, 0, 1, 0, 0, 1]
(2, (0, 1, 1), (0, 0)): [106513, 8840, 21877, 6447, 2539, 842, 275, 86, 26, 7, 5, 1, 0, 1]
(2, (0, 1, 1), (0, 1)): [21711, 1366, 3603, 1073, 374, 136, 39, 13, 1, 2]
(2, (0, 1, 1), (0, 2)): [9516, 461, 1136, 345, 129, 39, 14, 4, 0, 2]
(2, (0, 1, 1), (1, 0)): [23540, 2202, 4451, 1648, 750, 258, 83, 24, 6, 0, 3]
(2, (0, 1, 1), (1, 1)): [19182, 1347, 3378, 1073, 407, 153, 41, 13, 4, 0, 1]
(2, (0, 1, 1), (1, 2)): [14754, 808, 1946, 565, 223, 75, 19, 6, 1, 2, 1]
(2, (0, 1, 1), (2, 0)): [11128, 1225, 2002, 839, 484, 159, 50, 17, 2, 0, 2]
(2, (0, 1, 1), (2, 1)): [11202, 862, 2044, 712, 334, 102, 30, 9, 3, 0, 1]
(2, (0, 1, 1), (2, 2)): [13175, 844, 1835, 620, 241, 89, 19, 6, 3, 1]
(2, (0, 1, 1), (3, 0)): [6331, 816, 1005, 486, 326, 128, 34, 14, 1, 0, 1]
(2, (0, 1, 1), (3, 1)): [5161, 485, 942, 366, 225, 71, 26, 9, 1, 0, 1]
(2, (0, 1, 1), (3, 2)): [8224, 670, 1249, 466, 226, 93, 20, 9, 4, 1]
(2, (1, 0, 0), (0, 0)): [945863, 68037, 46421, 14872, 4871, 1545, 573, 174, 41, 17, 7, 2, 1]
(2, (1, 0, 0), (0, 1)): [187796, 11357, 7936, 2579, 843, 289, 100, 39, 10, 2, 0, 2]
(2, (1, 0, 0), (0, 2)): [73552, 3251, 2172, 732, 229, 68, 28, 12, 4, 0, 0, 1]
(2, (1, 0, 0), (1, 0)): [169293, 13854, 10111, 3514, 1189, 336, 131, 37, 10, 3, 0, 0, 1]
(2, (1, 0, 0), (1, 1)): [151793, 10137, 7261, 2503, 811, 250, 95, 26, 7, 2]
(2, (1, 0, 0), (1, 2)): [102615, 5150, 3407, 1254, 385, 108, 40, 13, 4, 1, 0, 1]
(2, (1, 0, 0), (2, 0)): [56436, 5335, 3761, 1533, 527, 153, 57, 22, 7, 2, 0, 0, 1]
(2, (1, 0, 0), (2, 1)): [78118, 5977, 4356, 1643, 544, 168, 62, 17, 6, 0, 0, 0, 1]
(2, (1, 0, 0), (2, 2)): [79852, 4823, 3175, 1232, 409, 117, 47, 14, 4, 1]
(2, (1, 0, 0), (3, 0)): [16612, 2023, 1177, 672, 226, 69, 23, 11, 3, 2]
(2, (1, 0, 0), (3, 1)): [31213, 3176, 2089, 1046, 306, 92, 33, 9, 4, 1, 0, 0, 1]
(2, (1, 0, 0), (3, 2)): [42490, 3614, 2218, 1075, 351, 104, 35, 15, 1, 1, 0, 0, 1]
(2, (1, 0, 1), (0, 0)): [166726, 38410, 15231, 9884, 3286, 1049, 361, 113, 36, 14, 2, 4, 2]
(2, (1, 0, 1), (0, 1)): [35016, 6550, 2434, 1713, 575, 192, 65, 22, 8, 2, 1, 1, 1]
(2, (1, 0, 1), (0, 2)): [14533, 1972, 740, 480, 178, 50, 15, 10, 1, 1]
(2, (1, 0, 1), (1, 0)): [31965, 6995, 3211, 2302, 854, 234, 88, 21, 3, 4, 0, 1]
(2, (1, 0, 1), (1, 1)): [28518, 5540, 2326, 1655, 595, 188, 67, 19, 6, 3, 1, 2, 1]
(2, (1, 0, 1), (1, 2)): [20188, 2924, 1216, 791, 301, 98, 35, 11, 4, 1, 0, 1]
(2, (1, 0, 1), (2, 0)): [11398, 2396, 1323, 884, 377, 105, 38, 11, 3]
(2, (1, 0, 1), (2, 1)): [15096, 2944, 1463, 970, 419, 123, 40, 14, 1, 2, 0, 1]
(2, (1, 0, 1), (2, 2)): [15678, 2351, 1135, 727, 282, 101, 39, 10, 4, 0, 0, 1]
(2, (1, 0, 1), (3, 0)): [3825, 734, 537, 323, 163, 48, 22, 3, 3]
(2, (1, 0, 1), (3, 1)): [6441, 1185, 764, 491, 274, 57, 31, 5, 4, 2]
(2, (1, 0, 1), (3, 2)): [8673, 1252, 880, 521, 259, 79, 26, 9, 5, 1]
(2, (1, 1, 0), (0, 0)): [370338, 54964, 27908, 20065, 6466, 2063, 691, 237, 71, 34, 12, 4, 2, 1]
(2, (1, 1, 0), (0, 1)): [77783, 9561, 4651, 3581, 1112, 325, 112, 44, 6, 6, 2, 2, 1]
(2, (1, 1, 0), (0, 2)): [32820, 2882, 1405, 1049, 336, 90, 33, 15, 2, 3]
(2, (1, 1, 0), (1, 0)): [67155, 10117, 5692, 4414, 1586, 467, 166, 52, 20, 7, 2, 1]
(2, (1, 1, 0), (1, 1)): [63621, 8329, 4358, 3339, 1047, 345, 99, 40, 10, 6, 3, 3, 1]
(2, (1, 1, 0), (1, 2)): [46509, 4450, 2322, 1692, 534, 168, 38, 21, 6, 1, 2, 2]
(2, (1, 1, 0), (2, 0)): [22952, 3556, 2283, 1693, 806, 214, 82, 25, 10, 4]
(2, (1, 1, 0), (2, 1)): [33182, 4535, 2704, 2047, 797, 219, 80, 28, 8, 5, 0, 0, 1]
(2, (1, 1, 0), (2, 2)): [36850, 3842, 2253, 1621, 599, 160, 53, 22, 12, 1, 2, 1]
(2, (1, 1, 0), (3, 0)): [7209, 1105, 935, 556, 381, 110, 38, 12, 6, 3]
(2, (1, 1, 0), (3, 1)): [13861, 1962, 1508, 1033, 547, 144, 53, 12, 5, 2, 0, 0, 1]
(2, (1, 1, 0), (3, 2)): [20389, 2352, 1851, 1164, 594, 133, 51, 18, 9, 1, 1]
(2, (1, 1, 1), (0, 0)): [110580, 16116, 18211, 9105, 7048, 2183, 741, 249, 83, 23, 10, 4, 1, 1]
(2, (1, 1, 1), (0, 1)): [25866, 2680, 3338, 1652, 1304, 409, 145, 41, 20, 6, 3, 0, 1]
(2, (1, 1, 1), (0, 2)): [11682, 868, 1013, 505, 372, 111, 49, 8, 4, 1, 2]
(2, (1, 1, 1), (1, 0)): [18936, 4243, 3559, 1944, 1626, 510, 172, 62, 18, 6, 1, 2]
(2, (1, 1, 1), (1, 1)): [19948, 2827, 2953, 1568, 1230, 395, 136, 42, 18, 6, 1, 0, 1]
(2, (1, 1, 1), (1, 2)): [15818, 1509, 1588, 805, 611, 218, 72, 17, 5, 4, 2]
(2, (1, 1, 1), (2, 0)): [5299, 2401, 1245, 792, 655, 221, 71, 28, 7, 3, 0, 2]
(2, (1, 1, 1), (2, 1)): [8967, 2270, 1643, 1016, 783, 271, 90, 25, 10, 2, 0, 0, 1]
(2, (1, 1, 1), (2, 2)): [11296, 1744, 1407, 827, 615, 228, 80, 19, 6, 4, 2]
(2, (1, 1, 1), (3, 0)): [911, 1468, 375, 330, 204, 104, 35, 17, 4, 3, 0, 1]
(2, (1, 1, 1), (3, 1)): [2577, 1906, 672, 561, 412, 155, 58, 15, 5, 3, 0, 1]
(2, (1, 1, 1), (3, 2)): [4837, 1962, 862, 734, 459, 200, 70, 18, 5, 3, 2]
