(0, (0, 0, 0), (0, 0)): [620869, 125695, 58966, 27221, 12427, 5397, 2257, 984, 409, 196, 86, 33, 19, 4, 3]
(0, (0, 0, 0), (0, 1)): [5704, 1118, 506, 212, 104, 36, 14, 10, 3, 2, 2]
(0, (0, 0, 0), (0, 2)): [1993, 359, 166, 71, 30, 8, 5, 7, 0, 1]
(0, (0, 0, 0), (1, 0)): [5405, 1157, 628, 275, 143, 58, 32, 11, 3, 3, 1]
(0, (0, 0, 0), (1, 1)): [4802, 950, 490, 218, 103, 33, 13, 8, 5, 1, 3]
(0, (0, 0, 0), (1, 2)): [2933, 523, 245, 95, 45, 12, 9, 6, 3]
(0, (0, 0, 0), (2, 0)): [1851, 461, 238, 118, 72, 31, 17, 6, 1, 1]
(0, (0, 0, 0), (2, 1)): [2652, 568, 293, 153, 73, 31, 12, 6, 1, 0, 1]
(0, (0, 0, 0), (2, 2)): [2399, 463, 205, 103, 55, 20, 7, 5, 1, 0, 1]
(0, (0, 0, 0), (3, 0)): [661, 175, 113, 60, 34, 21, 9, 2, 1]
(0, (0, 0, 0), (3, 1)): [1100, 265, 171, 89, 39, 16, 10, 4, 2]
(0, (0, 0, 0), (3, 2)): [1486, 301, 188, 88, 42, 18, 6, 4, 2]
(0, (0, 0, 1), (0, 0)): [2897, 9286, 2604, 1233, 603, 246, 125, 73, 25, 14, 5, 1, 3]
(0, (0, 0, 1), (0, 1)): [20, 48, 24, 4, 4, 1, 3]
(0, (0, 0, 1), (0, 2)): [8, 17, 6, 0, 2]
(0, (0, 0, 1), (1, 0)): [28, 59, 21, 13, 6, 2, 1, 1]
(0, (0, 0, 1), (1, 1)): [18, 41, 20, 5, 4, 1, 3]
(0, (0, 0, 1), (1, 2)): [13, 24, 11, 3, 2, 0, 1]
(0, (0, 0, 1), (2, 0)): [16, 24, 10, 6, 3, 1, 1, 1]
(0, (0, 0, 1), (2, 1)): [15, 19, 11, 2, 4, 0, 1]
(0, (0, 0, 1), (2, 2)): [15, 14, 10, 2, 2, 0, 1]
(0, (0, 0, 1), (3, 0)): [2, 13, 5, 5, 1, 0, 1, 1]
(0, (0, 0, 1), (3, 1)): [4, 5, 5, 2, 1, 0, 0, 1]
(0, (0, 0, 1), (3, 2)): [8, 8, 3, 1, 1, 0, 1, 1]
(0, (0, 1, 0), (0, 0)): [20385, 20574, 7846, 3731, 1879, 847, 358, 152, 66, 38, 15, 5, 2, 0, 1]
(0, (0, 1, 0), (0, 1)): [175, 147, 57, 21, 10, 8, 2, 1]
(0, (0, 1, 0), (0, 2)): [61, 38, 19, 6, 2, 4, 1]
(0, (0, 1, 0), (1, 0)): [179, 167, 59, 42, 20, 10, 7, 0, 1]
(0, (0, 1, 0), (1, 1)): [145, 125, 46, 27, 7, 7, 3, 1]
(0, (0, 1, 0), (1, 2)): [90, 64, 28, 12, 4, 5, 2]
(0, (0, 1, 0), (2, 0)): [58, 71, 25, 19, 11, 6, 3, 0, 1]
(0, (0, 1, 0), (2, 1)): [60, 64, 30, 24, 3, 9, 3, 1]
(0, (0, 1, 0), (2, 2)): [59, 40, 30, 15, 2, 4, 3]
(0, (0, 1, 0), (3, 0)): [29, 28, 11, 9, 8, 0, 1, 0, 1]
(0, (0, 1, 0), (3, 1)): [32, 34, 15, 14, 7, 3, 1, 1]
(0, (0, 1, 0), (3, 2)): [35, 31, 20, 12, 6, 2, 3]
(0, (0, 1, 1), (0, 0)): [1820, 3263, 4216, 1879, 1013, 467, 208, 97, 51, 20, 6, 3, 0, 1, 1]
(0, (0, 1, 1), (0, 1)): [9, 17, 30, 11, 10, 2, 2, 1, 1]
(0, (0, 1, 1), (0, 2)): [4, 5, 12, 6, 7, 1, 1, 1]
(0, (0, 1, 1), (1, 0)): [25, 26, 39, 27, 11, 5, 4, 2, 1]
(0, (0, 1, 1), (1, 1)): [10, 15, 19, 12, 7, 3, 1, 0, 1]
(0, (0, 1, 1), (1, 2)): [4, 6, 12, 9, 8, 2, 0, 1]
(0, (0, 1, 1), (2, 0)): [16, 18, 23, 16, 6, 3, 2, 2, 1]
(0, (0, 1, 1), (2, 1)): [9, 12, 10, 8, 4, 2, 1, 1, 1]
(0, (0, 1, 1), (2, 2)): [10, 6, 10, 6, 4, 1, 0, 1]
(0, (0, 1, 1), (3, 0)): [9, 10, 15, 13, 4, 3, 1, 1]
(0, (0, 1, 1), (3, 1)): [5, 8, 5, 7, 2, 1, 0, 0, 1]
(0, (0, 1, 1), (3, 2)): [6, 5, 8, 5, 1, 1, 0, 1, 1]
(0, (1, 0, 0), (0, 0)): [138818, 48492, 30123, 15055, 7285, 3277, 1406, 623, 267, 130, 59, 20, 13, 3, 2]
(0, (1, 0, 0), (0, 1)): [1212, 340, 249, 121, 72, 26, 12, 6, 3, 1]
(0, (1, 0, 0), (0, 2)): [436, 92, 85, 26, 17, 8, 4, 1, 1, 1]
(0, (1, 0, 0), (1, 0)): [1055, 377, 259, 125, 69, 26, 20, 7, 3, 2, 1]
(0, (1, 0, 0), (1, 1)): [919, 277, 193, 105, 51, 14, 10, 6, 2, 1]
(0, (1, 0, 0), (1, 2)): [539, 133, 117, 32, 21, 12, 6, 2, 1]
(0, (1, 0, 0), (2, 0)): [329, 138, 82, 46, 36, 16, 5, 5, 2, 1, 1]
(0, (1, 0, 0), (2, 1)): [440, 141, 90, 64, 38, 11, 5, 4, 3, 1]
(0, (1, 0, 0), (2, 2)): [393, 110, 81, 34, 20, 8, 3, 3, 2]
(0, (1, 0, 0), (3, 0)): [109, 49, 36, 24, 18, 6, 0, 3, 0, 1]
(0, (1, 0, 0), (3, 1)): [157, 58, 41, 32, 23, 8, 2, 1, 2, 1]
(0, (1, 0, 0), (3, 2)): [203, 70, 44, 22, 19, 10, 2, 1, 1]
(0, (1, 0, 1), (0, 0)): [3182, 10170, 4349, 2933, 1578, 739, 375, 158, 74, 31, 15, 9, 3, 0, 1]
(0, (1, 0, 1), (0, 1)): [25, 73, 31, 22, 13, 3, 6, 2, 1]
(0, (1, 0, 1), (0, 2)): [13, 30, 8, 7, 4, 1, 4, 1, 1]
(0, (1, 0, 1), (1, 0)): [29, 93, 32, 22, 12, 12, 0, 2, 1]
(0, (1, 0, 1), (1, 1)): [19, 65, 22, 15, 8, 6, 2, 1, 1]
(0, (1, 0, 1), (1, 2)): [13, 33, 10, 9, 6, 1, 1, 2, 1]
(0, (1, 0, 1), (2, 0)): [10, 38, 16, 9, 6, 7, 0, 1]
(0, (1, 0, 1), (2, 1)): [10, 42, 12, 7, 5, 4, 0, 0, 1]
(0, (1, 0, 1), (2, 2)): [13, 30, 12, 4, 4, 2, 0, 2, 1]
(0, (1, 0, 1), (3, 0)): [3, 13, 8, 5, 3, 5, 0, 1]
(0, (1, 0, 1), (3, 1)): [4, 14, 6, 1, 4, 3]
(0, (1, 0, 1), (3, 2)): [5, 14, 7, 2, 3, 1, 0, 0, 1]
(0, (1, 1, 0), (0, 0)): [18626, 12370, 10135, 6870, 3772, 1747, 774, 388, 155, 76, 38, 12, 7, 1]
(0, (1, 1, 0), (0, 1)): [196, 94, 72, 53, 32, 16, 6, 4, 0, 0, 1]
(0, (1, 1, 0), (0, 2)): [62, 29, 26, 19, 17, 5, 2, 3]
(0, (1, 1, 0), (1, 0)): [151, 109, 87, 63, 36, 20, 8, 4, 2, 1]
(0, (1, 1, 0), (1, 1)): [134, 70, 60, 45, 14, 14, 3, 1, 1, 1, 1]
(0, (1, 1, 0), (1, 2)): [85, 34, 36, 29, 12, 5, 2, 3, 0, 1]
(0, (1, 1, 0), (2, 0)): [41, 33, 35, 24, 17, 8, 3, 4, 1]
(0, (1, 1, 0), (2, 1)): [60, 36, 30, 21, 15, 7, 3, 1]
(0, (1, 1, 0), (2, 2)): [53, 32, 28, 19, 7, 4, 1, 1, 0, 1]
(0, (1, 1, 0), (3, 0)): [11, 14, 16, 9, 7, 4, 0, 3, 1]
(0, (1, 1, 0), (3, 1)): [24, 18, 16, 11, 6, 5, 2, 2, 1]
(0, (1, 1, 0), (3, 2)): [37, 18, 21, 13, 4, 2, 1, 2, 1]
(0, (1, 1, 1), (0, 0)): [1940, 3582, 3072, 2488, 1937, 949, 448, 235, 103, 47, 25, 8, 2, 1, 1]
(0, (1, 1, 1), (0, 1)): [22, 32, 36, 25, 17, 3, 2, 0, 2, 1, 1]
(0, (1, 1, 1), (0, 2)): [10, 13, 8, 7, 7, 0, 0, 0, 1]
(0, (1, 1, 1), (1, 0)): [13, 42, 48, 26, 23, 15, 5, 4, 2]
(0, (1, 1, 1), (1, 1)): [16, 29, 34, 26, 16, 6, 5, 2, 1, 0, 1]
(0, (1, 1, 1), (1, 2)): [15, 16, 18, 10, 8, 3, 2, 0, 1]
(0, (1, 1, 1), (2, 0)): [3, 15, 15, 14, 11, 3, 0, 1, 1]
(0, (1, 1, 1), (2, 1)): [6, 15, 17, 13, 10, 3, 0, 2, 2]
(0, (1, 1, 1), (2, 2)): [8, 18, 12, 13, 5, 3, 2, 1]
(0, (1, 1, 1), (3, 0)): [0, 3, 6, 7, 4]
(0, (1, 1, 1), (3, 1)): [1, 4, 7, 11, 4, 0, 0, 0, 1]
(0, (1, 1, 1), (3, 2)): [3, 3, 8, 10, 4, 1, 1, 0, 1]
(1, (0, 0, 0), (0, 0)): [492296, 53302, 22083, 8835, 3544, 1410, 532, 222, 84, 31, 13, 9, 2, 1]
(1, (0, 0, 0), (0, 1)): [4531, 459, 192, 58, 40, 5, 2, 4, 1]
(1, (0, 0, 0), (0, 2)): [1617, 124, 55, 21, 7, 1, 0, 2]
(1, (0, 0, 0), (1, 0)): [4439, 555, 251, 85, 36, 16, 7, 2]
(1, (0, 0, 0), (1, 1)): [3816, 439, 183, 54, 31, 10, 4, 1, 1]
(1, (0, 0, 0), (1, 2)): [2331, 221, 82, 32, 14, 4, 1, 1]
(1, (0, 0, 0), (2, 0)): [1567, 227, 119, 32, 17, 7, 3]
(1, (0, 0, 0), (2, 1)): [2132, 271, 132, 37, 26, 7, 3]
(1, (0, 0, 0), (2, 2)): [1885, 213, 85, 27, 14, 6, 3]
(1, (0, 0, 0), (3, 0)): [536, 87, 52, 16, 9, 3, 1]
(1, (0, 0, 0), (3, 1)): [943, 158, 77, 27, 17, 2]
(1, (0, 0, 0), (3, 2)): [1147, 155, 79, 29, 12, 5, 1]
(1, (0, 0, 1), (0, 0)): [15353, 23947, 4649, 1961, 844, 329, 150, 70, 31, 11, 6, 4, 3, 1]
(1, (0, 0, 1), (0, 1)): [102, 141, 27, 8, 3, 1, 2]
(1, (0, 0, 1), (0, 2)): [36, 52, 8]
(1, (0, 0, 1), (1, 0)): [140, 169, 40, 16, 10, 2, 3, 0, 1]
(1, (0, 0, 1), (1, 1)): [111, 121, 23, 10, 6, 1, 2]
(1, (0, 0, 1), (1, 2)): [67, 69, 11, 4, 2, 1]
(1, (0, 0, 1), (2, 0)): [60, 60, 21, 10, 6, 2, 3, 0, 1]
(1, (0, 0, 1), (2, 1)): [51, 57, 11, 7, 4, 0, 3]
(1, (0, 0, 1), (2, 2)): [46, 47, 9, 2, 2, 1]
(1, (0, 0, 1), (3, 0)): [26, 27, 13, 6, 4, 1, 2, 0, 1]
(1, (0, 0, 1), (3, 1)): [32, 33, 5, 7, 4, 0, 1]
(1, (0, 0, 1), (3, 2)): [31, 33, 7, 4, 2, 1]
(1, (0, 1, 0), (0, 0)): [70997, 34647, 11905, 4972, 2059, 844, 313, 141, 40, 25, 10, 5, 4, 0, 1]
(1, (0, 1, 0), (0, 1)): [524, 231, 84, 29, 10, 5, 4, 2, 1]
(1, (0, 1, 0), (0, 2)): [185, 79, 22, 4, 2, 2, 2]
(1, (0, 1, 0), (1, 0)): [676, 330, 105, 60, 39, 9, 4, 2, 0, 0, 1]
(1, (0, 1, 0), (1, 1)): [483, 209, 67, 35, 20, 5, 4, 2, 1]
(1, (0, 1, 0), (1, 2)): [289, 110, 36, 12, 6, 1, 2]
(1, (0, 1, 0), (2, 0)): [297, 123, 51, 39, 19, 5, 2, 2, 0, 0, 1]
(1, (0, 1, 0), (2, 1)): [248, 114, 34, 28, 15, 6, 4, 3, 0, 0, 1]
(1, (0, 1, 0), (2, 2)): [218, 90, 31, 16, 9, 2, 1]
(1, (0, 1, 0), (3, 0)): [164, 65, 19, 26, 15, 1, 0, 1]
(1, (0, 1, 0), (3, 1)): [141, 53, 23, 19, 11, 4, 1, 1]
(1, (0, 1, 0), (3, 2)): [134, 48, 21, 18, 9, 1]
(1, (0, 1, 1), (0, 0)): [12054, 10379, 10281, 4020, 1946, 782, 307, 120, 67, 20, 8, 4, 1, 1]
(1, (0, 1, 1), (0, 1)): [92, 63, 54, 20, 11, 4, 3, 1]
(1, (0, 1, 1), (0, 2)): [45, 16, 16, 6, 4]
(1, (0, 1, 1), (1, 0)): [148, 99, 81, 47, 36, 10, 5, 4, 1, 1]
(1, (0, 1, 1), (1, 1)): [66, 53, 38, 20, 8, 2, 5, 1]
(1, (0, 1, 1), (1, 2)): [52, 20, 21, 13, 2, 0, 2]
(1, (0, 1, 1), (2, 0)): [103, 70, 50, 29, 29, 10, 3, 3, 1, 1]
(1, (0, 1, 1), (2, 1)): [38, 37, 26, 10, 2, 4, 3, 1]
(1, (0, 1, 1), (2, 2)): [40, 23, 20, 12, 2, 0, 0, 1]
(1, (0, 1, 1), (3, 0)): [83, 57, 37, 22, 28, 8, 3, 3, 1, 1]
(1, (0, 1, 1), (3, 1)): [22, 19, 10, 3, 2, 2, 3]
(1, (0, 1, 1), (3, 2)): [23, 22, 18, 2, 1, 1, 1]
(1, (1, 0, 0), (0, 0)): [200594, 37773, 22739, 9953, 4014, 1686, 625, 245, 109, 48, 17, 13, 2, 2]
(1, (1, 0, 0), (0, 1)): [1727, 266, 183, 72, 33, 13, 11, 0, 0, 2]
(1, (1, 0, 0), (0, 2)): [596, 79, 65, 22, 10, 3, 5, 0, 0, 2]
(1, (1, 0, 0), (1, 0)): [1717, 324, 229, 111, 36, 14, 4, 4, 1]
(1, (1, 0, 0), (1, 1)): [1375, 229, 155, 54, 26, 9, 4, 3]
(1, (1, 0, 0), (1, 2)): [800, 104, 80, 24, 14, 4, 4, 1, 0, 1]
(1, (1, 0, 0), (2, 0)): [566, 118, 89, 53, 18, 9, 2, 0, 1]
(1, (1, 0, 0), (2, 1)): [700, 134, 82, 43, 14, 8, 1, 1, 1]
(1, (1, 0, 0), (2, 2)): [589, 99, 69, 30, 14, 6, 2, 0, 0, 1]
(1, (1, 0, 0), (3, 0)): [191, 48, 39, 25, 12, 4]
(1, (1, 0, 0), (3, 1)): [263, 75, 40, 31, 10, 4, 1, 1]
(1, (1, 0, 0), (3, 2)): [294, 67, 37, 29, 7, 7, 2]
(1, (1, 0, 1), (0, 0)): [15625, 20102, 6826, 4314, 1844, 793, 294, 123, 51, 33, 11, 3]
(1, (1, 0, 1), (0, 1)): [142, 127, 40, 27, 17, 5, 5, 1, 3, 1]
(1, (1, 0, 1), (0, 2)): [65, 37, 12, 15, 2, 3, 1, 1]
(1, (1, 0, 1), (1, 0)): [140, 185, 43, 34, 23, 11, 2, 1, 0, 1]
(1, (1, 0, 1), (1, 1)): [99, 109, 27, 20, 22, 1, 4, 0, 2]
(1, (1, 0, 1), (1, 2)): [67, 53, 21, 19, 9, 2, 1, 1]
(1, (1, 0, 1), (2, 0)): [51, 67, 17, 13, 9, 6]
(1, (1, 0, 1), (2, 1)): [51, 61, 9, 10, 10, 4, 4, 0, 2]
(1, (1, 0, 1), (2, 2)): [39, 41, 14, 6, 6, 3, 2, 0, 1]
(1, (1, 0, 1), (3, 0)): [19, 27, 8, 5, 5, 3]
(1, (1, 0, 1), (3, 1)): [19, 30, 6, 7, 9, 4]
(1, (1, 0, 1), (3, 2)): [25, 27, 10, 6, 10, 6, 2, 0, 1]
(1, (1, 1, 0), (0, 0)): [53309, 17033, 12234, 8141, 3571, 1539, 617, 241, 90, 40, 12, 8, 2, 3, 1]
(1, (1, 1, 0), (0, 1)): [484, 126, 106, 67, 26, 10, 6, 2]
(1, (1, 1, 0), (0, 2)): [176, 42, 33, 22, 10, 1]
(1, (1, 1, 0), (1, 0)): [450, 150, 106, 104, 45, 10, 3, 2]
(1, (1, 1, 0), (1, 1)): [370, 104, 84, 62, 24, 6, 6, 2]
(1, (1, 1, 0), (1, 2)): [252, 50, 42, 40, 14, 1, 1]
(1, (1, 1, 0), (2, 0)): [153, 56, 37, 38, 23, 5, 1, 1]
(1, (1, 1, 0), (2, 1)): [183, 70, 43, 40, 15, 3, 3, 1]
(1, (1, 1, 0), (2, 2)): [180, 42, 31, 24, 14]
(1, (1, 1, 0), (3, 0)): [45, 16, 15, 12, 13, 4, 1, 1]
(1, (1, 1, 0), (3, 1)): [78, 35, 21, 16, 14, 2, 4, 2]
(1, (1, 1, 0), (3, 2)): [94, 34, 20, 15, 15, 1, 3, 2]
(1, (1, 1, 1), (0, 0)): [10889, 9012, 5908, 4138, 2879, 1290, 531, 205, 85, 30, 12, 9, 4, 2, 1]
(1, (1, 1, 1), (0, 1)): [121, 90, 65, 34, 33, 10, 3, 2]
(1, (1, 1, 1), (0, 2)): [58, 34, 26, 10, 11, 4, 1]
(1, (1, 1, 1), (1, 0)): [112, 83, 71, 39, 36, 17, 10, 2, 1]
(1, (1, 1, 1), (1, 1)): [88, 63, 44, 28, 32, 9, 2, 1]
(1, (1, 1, 1), (1, 2)): [64, 31, 27, 18, 16, 7, 2, 1]
(1, (1, 1, 1), (2, 0)): [37, 33, 35, 18, 14, 9, 5, 2]
(1, (1, 1, 1), (2, 1)): [49, 37, 31, 17, 23, 4, 2, 1]
(1, (1, 1, 1), (2, 2)): [46, 24, 27, 11, 21, 5, 3, 1]
(1, (1, 1, 1), (3, 0)): [10, 16, 10, 10, 5, 7, 3]
(1, (1, 1, 1), (3, 1)): [22, 18, 6, 10, 7, 4, 2, 1]
(1, (1, 1, 1), (3, 2)): [33, 16, 9, 14, 11, 6, 2]
(2, (0, 0, 0), (0, 0)): [422710, 18197, 6210, 1961, 705, 253, 87, 33, 8, 2, 2]
(2, (0, 0, 0), (0, 1)): [4098, 167, 60, 12, 8, 2]
(2, (0, 0, 0), (0, 2)): [1348, 41, 13, 5]
(2, (0, 0, 0), (1, 0)): [4069, 253, 88, 32, 7, 5, 2]
(2, (0, 0, 0), (1, 1)): [3609, 165, 65, 12, 9, 3, 1]
(2, (0, 0, 0), (1, 2)): [2054, 70, 29, 6, 4, 1, 1]
(2, (0, 0, 0), (2, 0)): [1500, 106, 40, 20, 3, 3, 1]
(2, (0, 0, 0), (2, 1)): [2111, 106, 46, 16, 4, 3]
(2, (0, 0, 0), (2, 2)): [1746, 74, 28, 12, 4, 2]
(2, (0, 0, 0), (3, 0)): [528, 45, 24, 11, 1, 2, 1]
(2, (0, 0, 0), (3, 1)): [963, 62, 32, 10, 3, 3]
(2, (0, 0, 0), (3, 2)): [1118, 62, 34, 9, 1, 3]
(2, (0, 0, 1), (0, 0)): [45585, 15461, 2764, 941, 337, 121, 42, 12, 1, 2, 0, 1]
(2, (0, 0, 1), (0, 1)): [338, 112, 21, 4, 5, 2, 1]
(2, (0, 0, 1), (0, 2)): [136, 29, 8, 1, 1]
(2, (0, 0, 1), (1, 0)): [370, 131, 32, 9, 3, 2]
(2, (0, 0, 1), (1, 1)): [278, 90, 19, 3, 4, 1, 1]
(2, (0, 0, 1), (1, 2)): [183, 42, 10, 2, 2, 0, 1]
(2, (0, 0, 1), (2, 0)): [166, 52, 14, 7, 3, 2]
(2, (0, 0, 1), (2, 1)): [169, 54, 13, 3, 4]
(2, (0, 0, 1), (2, 2)): [153, 32, 11, 3, 3, 0, 1]
(2, (0, 0, 1), (3, 0)): [86, 24, 10, 5, 0, 2]
(2, (0, 0, 1), (3, 1)): [85, 23, 8, 4, 2]
(2, (0, 0, 1), (3, 2)): [101, 26, 9, 2, 2]
(2, (0, 1, 0), (0, 0)): [115017, 26734, 6526, 2245, 726, 257, 85, 22, 6, 1, 1]
(2, (0, 1, 0), (0, 1)): [850, 162, 35, 7, 10, 1, 1]
(2, (0, 1, 0), (0, 2)): [308, 35, 9, 1, 4]
(2, (0, 1, 0), (1, 0)): [1145, 204, 92, 31, 9, 5, 1]
(2, (0, 1, 0), (1, 1)): [767, 151, 44, 10, 7, 3, 1]
(2, (0, 1, 0), (1, 2)): [428, 68, 19, 7, 5]
(2, (0, 1, 0), (2, 0)): [556, 95, 50, 24, 6, 2, 1]
(2, (0, 1, 0), (2, 1)): [492, 90, 28, 8, 4, 2]
(2, (0, 1, 0), (2, 2)): [418, 55, 17, 7, 5]
(2, (0, 1, 0), (3, 0)): [322, 49, 32, 15, 4, 0, 1]
(2, (0, 1, 0), (3, 1)): [272, 52, 25, 8, 6, 1, 1]
(2, (0, 1, 0), (3, 2)): [296, 45, 18, 3, 3, 1, 1]
(2, (0, 1, 1), (0, 0)): [28206, 2543, 6741, 1766, 670, 218, 77, 28, 11, 4, 1]
(2, (0, 1, 1), (0, 1)): [207, 14, 38, 8, 3, 2, 1, 1]
(2, (0, 1, 1), (0, 2)): [82, 3, 13, 4, 2, 1, 1]
(2, (0, 1, 1), (1, 0)): [287, 27, 58, 24, 12, 1, 1]
(2, (0, 1, 1), (1, 1)): [179, 14, 38, 9, 3, 1, 0, 1]
(2, (0, 1, 1), (1, 2)): [123, 6, 21, 5, 2, 1, 1]
(2, (0, 1, 1), (2, 0)): [152, 20, 26, 17, 9, 1, 1]
(2, (0, 1, 1), (2, 1)): [93, 12, 22, 7, 2, 1]
(2, (0, 1, 1), (2, 2)): [91, 7, 20, 4, 0, 1]
(2, (0, 1, 1), (3, 0)): [108, 12, 18, 10, 8, 1, 1]
(2, (0, 1, 1), (3, 1)): [49, 5, 12, 3, 0, 1]
(2, (0, 1, 1), (3, 2)): [62, 7, 19, 4, 0, 2]
(2, (1, 0, 0), (0, 0)): [245546, 18931, 10722, 3509, 1159, 379, 147, 48, 13, 5, 3]
(2, (1, 0, 0), (0, 1)): [1951, 104, 85, 29, 7, 6, 1]
(2, (1, 0, 0), (0, 2)): [654, 32, 22, 6, 3, 2, 1]
(2, (1, 0, 0), (1, 0)): [2148, 160, 118, 51, 17, 3, 3]
(2, (1, 0, 0), (1, 1)): [1599, 97, 92, 27, 5, 2]
(2, (1, 0, 0), (1, 2)): [924, 41, 35, 17, 3, 2]
(2, (1, 0, 0), (2, 0)): [756, 74, 42, 28, 11, 0, 2]
(2, (1, 0, 0), (2, 1)): [840, 63, 56, 13, 6, 1]
(2, (1, 0, 0), (2, 2)): [697, 38, 39, 10, 4, 3]
(2, (1, 0, 0), (3, 0)): [241, 36, 10, 19, 5, 0, 2]
(2, (1, 0, 0), (3, 1)): [352, 38, 28, 13, 4, 0, 2]
(2, (1, 0, 0), (3, 2)): [405, 37, 23, 8, 3, 3]
(2, (1, 0, 1), (0, 0)): [40560, 10847, 4619, 2425, 766, 280, 93, 33, 12, 2, 0, 1]
(2, (1, 0, 1), (0, 1)): [351, 69, 32, 30, 10, 2]
(2, (1, 0, 1), (0, 2)): [130, 13, 8, 10, 2]
(2, (1, 0, 1), (1, 0)): [354, 71, 40, 29, 11, 4, 1]
(2, (1, 0, 1), (1, 1)): [284, 59, 25, 20, 9, 0, 1]
(2, (1, 0, 1), (1, 2)): [171, 22, 7, 8, 2]
(2, (1, 0, 1), (2, 0)): [119, 17, 22, 14, 3, 2]
(2, (1, 0, 1), (2, 1)): [152, 31, 13, 12, 7, 1]
(2, (1, 0, 1), (2, 2)): [116, 16, 8, 6, 3, 1]
(2, (1, 0, 1), (3, 0)): [49, 5, 10, 7, 1]
(2, (1, 0, 1), (3, 1)): [66, 11, 7, 8, 4]
(2, (1, 0, 1), (3, 2)): [76, 13, 7, 5, 4, 1]
(2, (1, 1, 0), (0, 0)): [90496, 14351, 7692, 4618, 1472, 515, 155, 53, 21, 8, 4, 0, 0, 1]
(2, (1, 1, 0), (0, 1)): [812, 122, 63, 37, 12, 3, 1]
(2, (1, 1, 0), (0, 2)): [300, 39, 18, 5, 2]
(2, (1, 1, 0), (1, 0)): [833, 117, 78, 67, 15, 5, 2, 2]
(2, (1, 1, 0), (1, 1)): [649, 83, 50, 38, 9, 4, 0, 1]
(2, (1, 1, 0), (1, 2)): [395, 49, 33, 14, 1, 2]
(2, (1, 1, 0), (2, 0)): [324, 46, 32, 31, 9, 3, 1, 1]
(2, (1, 1, 0), (2, 1)): [382, 38, 25, 23, 8, 3, 0, 1]
(2, (1, 1, 0), (2, 2)): [308, 41, 25, 18, 6, 2]
(2, (1, 1, 0), (3, 0)): [127, 20, 16, 17, 4, 2, 1]
(2, (1, 1, 0), (3, 1)): [172, 18, 16, 20, 1, 4, 1, 1]
(2, (1, 1, 0), (3, 2)): [201, 18, 18, 18, 6, 2, 1]
(2, (1, 1, 1), (0, 0)): [26707, 4075, 4640, 2454, 1618, 545, 179, 63, 27, 7, 4, 0, 0, 1]
(2, (1, 1, 1), (0, 1)): [284, 32, 41, 25, 19, 2, 2, 1, 1]
(2, (1, 1, 1), (0, 2)): [133, 6, 7, 4, 3, 1, 0, 0, 1]
(2, (1, 1, 1), (1, 0)): [245, 64, 51, 41, 14, 7, 4]
(2, (1, 1, 1), (1, 1)): [213, 33, 40, 24, 15, 2, 2]
(2, (1, 1, 1), (1, 2)): [149, 11, 14, 12, 5, 1, 1]
(2, (1, 1, 1), (2, 0)): [77, 49, 19, 19, 6, 4, 3]
(2, (1, 1, 1), (2, 1)): [94, 30, 24, 15, 9, 2, 3]
(2, (1, 1, 1), (2, 2)): [103, 16, 15, 13, 6, 1, 1]
(2, (1, 1, 1), (3, 0)): [21, 36, 7, 10, 2, 3]
(2, (1, 1, 1), (3, 1)): [37, 33, 8, 9, 5, 1, 2]
(2, (1, 1, 1), (3, 2)): [57, 22, 12, 15, 6, 2, 2]
