(0, (0, 0, 0), (0, 0)): [16968, 3428, 1505, 709, 309, 137, 49, 19, 10, 3, 3, 1]
(0, (0, 0, 0), (0, 1)): [1271, 248, 90, 50, 12, 8, 1, 2, 1]
(0, (0, 0, 0), (0, 2)): [491, 86, 25, 11, 3, 4, 1, 1]
(0, (0, 0, 0), (1, 0)): [1139, 224, 112, 54, 28, 9, 4, 0, 3, 1]
(0, (0, 0, 0), (1, 1)): [1018, 226, 88, 55, 16, 5, 1, 0, 1, 1]
(0, (0, 0, 0), (1, 2)): [716, 142, 41, 24, 10, 4, 0, 1, 0, 1]
(0, (0, 0, 0), (2, 0)): [370, 69, 38, 21, 13, 6, 2]
(0, (0, 0, 0), (2, 1)): [532, 103, 60, 32, 8, 5, 1, 0, 1]
(0, (0, 0, 0), (2, 2)): [509, 102, 53, 30, 10, 6, 1, 0, 0, 1]
(0, (0, 0, 0), (3, 0)): [139, 28, 13, 8, 8, 3, 1]
(0, (0, 0, 0), (3, 1)): [222, 51, 25, 15, 4, 2, 1, 0, 1]
(0, (0, 0, 0), (3, 2)): [270, 74, 32, 22, 5, 5, 0, 0, 1, 1]
(0, (0, 0, 1), (0, 0)): [68, 183, 41, 24, 10, 5, 2, 2]
(0, (0, 0, 1), (0, 1)): [5, 10, 3, 2, 2, 0, 1]
(0, (0, 0, 1), (0, 2)): [2, 3, 0, 1, 1]
(0, (0, 0, 1), (1, 0)): [3, 15, 3, 1, 2]
(0, (0, 0, 1), (1, 1)): [4, 9, 1, 0, 3, 0, 1]
(0, (0, 0, 1), (1, 2)): [3, 4, 1, 0, 2, 0, 1]
(0, (0, 0, 1), (2, 0)): [1, 6, 2]
(0, (0, 0, 1), (2, 1)): [2, 6, 0, 0, 1]
(0, (0, 0, 1), (2, 2)): [1, 2, 1, 0, 2]
(0, (0, 0, 1), (3, 0)): [0, 4, 1]
(0, (0, 0, 1), (3, 1)): [1, 4, 1]
(0, (0, 0, 1), (3, 2)): [0, 5, 2, 0, 1]
(0, (0, 1, 0), (0, 0)): [504, 515, 167, 84, 42, 22, 6, 3, 3, 2]
(0, (0, 1, 0), (0, 1)): [37, 28, 9, 8, 2, 0, 1]
(0, (0, 1, 0), (0, 2)): [19, 8, 4, 1]
(0, (0, 1, 0), (1, 0)): [37, 36, 11, 5, 1, 0, 0, 1]
(0, (0, 1, 0), (1, 1)): [36, 36, 7, 7, 1, 0, 1, 1]
(0, (0, 1, 0), (1, 2)): [26, 25, 4, 1, 1, 0, 0, 1]
(0, (0, 1, 0), (2, 0)): [9, 6, 4, 3, 1]
(0, (0, 1, 0), (2, 1)): [18, 13, 6, 4]
(0, (0, 1, 0), (2, 2)): [14, 15, 3, 3]
(0, (0, 1, 0), (3, 0)): [2, 2, 0, 3, 1]
(0, (0, 1, 0), (3, 1)): [10, 3, 2, 3]
(0, (0, 1, 0), (3, 2)): [14, 9, 3, 4]
(0, (0, 1, 1), (0, 0)): [52, 92, 95, 39, 28, 10, 7, 2, 2]
(0, (0, 1, 1), (0, 1)): [4, 4, 6, 2, 0, 1, 1]
(0, (0, 1, 1), (0, 2)): [3, 0, 1, 0, 0, 1, 1]
(0, (0, 1, 1), (1, 0)): [5, 9, 2, 4, 4]
(0, (0, 1, 1), (1, 1)): [4, 2, 6, 6]
(0, (0, 1, 1), (1, 2)): [2, 0, 0, 4]
(0, (0, 1, 1), (2, 0)): [2, 7, 0, 0, 4]
(0, (0, 1, 1), (2, 1)): [3, 3, 3, 0, 2]
(0, (0, 1, 1), (2, 2)): [2, 0, 1, 1]
(0, (0, 1, 1), (3, 0)): [2, 5, 0, 0, 2]
(0, (0, 1, 1), (3, 1)): [1, 3, 1, 0, 1]
(0, (0, 1, 1), (3, 2)): [1, 1, 2, 0, 1]
(0, (1, 0, 0), (0, 0)): [3667, 1093, 743, 379, 172, 87, 34, 10, 9, 2, 1]
(0, (1, 0, 0), (0, 1)): [279, 65, 44, 22, 11, 8, 2, 1, 2]
(0, (1, 0, 0), (0, 2)): [121, 17, 17, 5, 2, 2, 0, 0, 1]
(0, (1, 0, 0), (1, 0)): [248, 60, 54, 28, 10, 6, 2]
(0, (1, 0, 0), (1, 1)): [195, 52, 43, 16, 7, 5, 1, 1, 1]
(0, (1, 0, 0), (1, 2)): [139, 29, 22, 5, 0, 1, 1, 1, 1]
(0, (1, 0, 0), (2, 0)): [73, 14, 13, 11, 4, 2, 2]
(0, (1, 0, 0), (2, 1)): [95, 22, 27, 9, 8, 3]
(0, (1, 0, 0), (2, 2)): [90, 25, 16, 3, 3, 2, 1, 1]
(0, (1, 0, 0), (3, 0)): [21, 7, 5, 5, 1, 0, 2]
(0, (1, 0, 0), (3, 1)): [36, 10, 13, 9, 5, 1, 1]
(0, (1, 0, 0), (3, 2)): [48, 19, 15, 5, 3, 2, 1, 1]
(0, (1, 0, 1), (0, 0)): [79, 226, 82, 63, 32, 12, 10, 3, 1, 2, 1]
(0, (1, 0, 1), (0, 1)): [4, 18, 5, 3, 1, 1, 2]
(0, (1, 0, 1), (0, 2)): [1, 12, 1, 2]
(0, (1, 0, 1), (1, 0)): [6, 13, 3, 3, 2, 0, 0, 0, 1]
(0, (1, 0, 1), (1, 1)): [6, 12, 3, 3, 2]
(0, (1, 0, 1), (1, 2)): [4, 17, 0, 2]
(0, (1, 0, 1), (2, 0)): [1, 1, 2, 1, 1, 0, 0, 0, 1]
(0, (1, 0, 1), (2, 1)): [1, 1, 3, 2, 2, 0, 0, 0, 1]
(0, (1, 0, 1), (2, 2)): [2, 9, 2, 1]
(0, (1, 0, 1), (3, 0)): [1, 0, 1]
(0, (1, 0, 1), (3, 1)): [1, 0, 2, 2, 1]
(0, (1, 0, 1), (3, 2)): [1, 4, 2]
(0, (1, 1, 0), (0, 0)): [527, 301, 199, 163, 84, 34, 21, 6, 3, 1]
(0, (1, 1, 0), (0, 1)): [35, 19, 9, 11, 8, 3, 1, 1]
(0, (1, 1, 0), (0, 2)): [11, 5, 2, 4, 1, 1, 1, 1]
(0, (1, 1, 0), (1, 0)): [38, 17, 12, 13, 4, 4, 1, 1, 1]
(0, (1, 1, 0), (1, 1)): [31, 15, 10, 9, 6, 3, 1, 1]
(0, (1, 1, 0), (1, 2)): [25, 6, 5, 6, 3, 2, 0, 2]
(0, (1, 1, 0), (2, 0)): [12, 5, 3, 3, 1, 1, 0, 0, 1]
(0, (1, 1, 0), (2, 1)): [13, 6, 6, 3, 2, 2, 1, 0, 1]
(0, (1, 1, 0), (2, 2)): [16, 4, 5, 2, 1, 2, 0, 2, 1]
(0, (1, 1, 0), (3, 0)): [5, 3, 1, 2]
(0, (1, 1, 0), (3, 1)): [7, 5, 4, 3, 0, 1, 1]
(0, (1, 1, 0), (3, 2)): [13, 4, 3, 3, 0, 0, 0, 0, 1]
(0, (1, 1, 1), (0, 0)): [58, 107, 77, 52, 46, 16, 14, 1, 4, 1]
(0, (1, 1, 1), (0, 1)): [9, 8, 5, 3, 4, 4, 3, 0, 1]
(0, (1, 1, 1), (0, 2)): [4, 3, 2, 0, 1, 2, 1]
(0, (1, 1, 1), (1, 0)): [2, 8, 7, 6, 4, 2, 0, 0, 1]
(0, (1, 1, 1), (1, 1)): [6, 9, 6, 4, 3, 3, 2]
(0, (1, 1, 1), (1, 2)): [5, 2, 5, 2, 2]
(0, (1, 1, 1), (2, 0)): [1, 1, 1, 3, 1, 1]
(0, (1, 1, 1), (2, 1)): [3, 4, 1, 5, 1, 2, 2]
(0, (1, 1, 1), (2, 2)): [3, 2, 1, 3, 1, 0, 1]
(0, (1, 1, 1), (3, 0)): [0, 1, 1, 0, 1]
(0, (1, 1, 1), (3, 1)): [0, 2, 1, 2, 1, 1]
(0, (1, 1, 1), (3, 2)): [1, 2, 1, 3, 1, 0, 1]
(1, (0, 0, 0), (0, 0)): [13763, 1562, 611, 239, 109, 33, 12, 4, 1, 0, 2]
(1, (0, 0, 0), (0, 1)): [1018, 98, 38, 18, 6, 1, 1]
(1, (0, 0, 0), (0, 2)): [369, 24, 8, 2, 1, 1]
(1, (0, 0, 0), (1, 0)): [966, 126, 48, 18, 6, 5]
(1, (0, 0, 0), (1, 1)): [891, 105, 36, 14, 4, 4, 1]
(1, (0, 0, 0), (1, 2)): [556, 45, 14, 9, 3, 4]
(1, (0, 0, 0), (2, 0)): [321, 42, 19, 8, 4, 1]
(1, (0, 0, 0), (2, 1)): [483, 68, 27, 8, 4, 1, 1]
(1, (0, 0, 0), (2, 2)): [479, 54, 21, 11, 5, 4]
(1, (0, 0, 0), (3, 0)): [106, 13, 9, 2, 2]
(1, (0, 0, 0), (3, 1)): [199, 32, 15, 3, 2, 0, 1]
(1, (0, 0, 0), (3, 2)): [277, 34, 14, 6, 2, 1, 1]
(1, (0, 0, 1), (0, 0)): [322, 460, 75, 29, 20, 13, 2, 1, 1]
(1, (0, 0, 1), (0, 1)): [24, 23, 7, 2, 2, 1]
(1, (0, 0, 1), (0, 2)): [10, 6, 4, 0, 0, 1]
(1, (0, 0, 1), (1, 0)): [17, 29, 3, 1, 2, 0, 1]
(1, (0, 0, 1), (1, 1)): [23, 19, 3, 1, 3]
(1, (0, 0, 1), (1, 2)): [18, 10, 0, 0, 1, 1]
(1, (0, 0, 1), (2, 0)): [2, 10, 0, 0, 1]
(1, (0, 0, 1), (2, 1)): [5, 8, 1, 1, 1]
(1, (0, 0, 1), (2, 2)): [5, 4, 1, 1, 0, 1]
(1, (0, 0, 1), (3, 0)): [2, 5, 0, 0, 1]
(1, (0, 0, 1), (3, 1)): [2, 7]
(1, (0, 0, 1), (3, 2)): [3, 4, 1, 1, 0, 1]
(1, (0, 1, 0), (0, 0)): [1670, 685, 275, 113, 47, 25, 1, 2, 1, 1, 2]
(1, (0, 1, 0), (0, 1)): [115, 45, 20, 10, 1, 1]
(1, (0, 1, 0), (0, 2)): [53, 18, 8, 1, 0, 1]
(1, (0, 1, 0), (1, 0)): [118, 47, 19, 7, 3, 2]
(1, (0, 1, 0), (1, 1)): [83, 29, 20, 6, 3, 1]
(1, (0, 1, 0), (1, 2)): [68, 21, 13, 2]
(1, (0, 1, 0), (2, 0)): [49, 24, 9, 3, 1, 1]
(1, (0, 1, 0), (2, 1)): [40, 16, 11, 3, 3]
(1, (0, 1, 0), (2, 2)): [48, 17, 12, 2, 2]
(1, (0, 1, 0), (3, 0)): [29, 9, 4, 2, 0, 1]
(1, (0, 1, 0), (3, 1)): [15, 10, 6, 2, 0, 1]
(1, (0, 1, 0), (3, 2)): [28, 12, 4, 0, 2]
(1, (0, 1, 1), (0, 0)): [297, 197, 184, 83, 50, 13, 7, 1, 2]
(1, (0, 1, 1), (0, 1)): [19, 7, 10, 5, 2]
(1, (0, 1, 1), (0, 2)): [10, 4, 4, 3]
(1, (0, 1, 1), (1, 0)): [32, 19, 19, 9, 4, 3, 1]
(1, (0, 1, 1), (1, 1)): [18, 5, 7, 4, 3]
(1, (0, 1, 1), (1, 2)): [15, 2, 6, 4, 1]
(1, (0, 1, 1), (2, 0)): [18, 12, 9, 6, 2, 2, 1]
(1, (0, 1, 1), (2, 1)): [12, 4, 2, 1, 1]
(1, (0, 1, 1), (2, 2)): [8, 3, 5, 3, 1]
(1, (0, 1, 1), (3, 0)): [13, 9, 8, 5, 2, 2]
(1, (0, 1, 1), (3, 1)): [8, 1, 4, 1]
(1, (0, 1, 1), (3, 2)): [6, 1, 2, 2]
(1, (1, 0, 0), (0, 0)): [5183, 878, 594, 255, 112, 38, 14, 5, 3, 1]
(1, (1, 0, 0), (0, 1)): [399, 56, 40, 12, 5, 3, 1]
(1, (1, 0, 0), (0, 2)): [142, 18, 13, 3, 1]
(1, (1, 0, 0), (1, 0)): [347, 61, 31, 15, 6, 2]
(1, (1, 0, 0), (1, 1)): [320, 47, 33, 9, 7, 3, 1]
(1, (1, 0, 0), (1, 2)): [208, 26, 19, 5, 4]
(1, (1, 0, 0), (2, 0)): [112, 27, 12, 9, 1, 1]
(1, (1, 0, 0), (2, 1)): [156, 30, 22, 6, 4, 1]
(1, (1, 0, 0), (2, 2)): [144, 17, 19, 1, 3]
(1, (1, 0, 0), (3, 0)): [31, 7, 4, 3]
(1, (1, 0, 0), (3, 1)): [60, 20, 9, 5, 2]
(1, (1, 0, 0), (3, 2)): [78, 20, 12, 2, 1]
(1, (1, 0, 1), (0, 0)): [398, 448, 129, 104, 56, 26, 11, 1, 1, 1]
(1, (1, 0, 1), (0, 1)): [29, 26, 4, 6, 4, 1]
(1, (1, 0, 1), (0, 2)): [16, 14, 1, 2]
(1, (1, 0, 1), (1, 0)): [28, 29, 10, 8, 5, 4, 2]
(1, (1, 0, 1), (1, 1)): [21, 17, 7, 5, 4]
(1, (1, 0, 1), (1, 2)): [21, 17, 2, 4, 2]
(1, (1, 0, 1), (2, 0)): [10, 11, 4, 2, 4, 2]
(1, (1, 0, 1), (2, 1)): [9, 6, 3, 3, 4]
(1, (1, 0, 1), (2, 2)): [16, 5, 4, 3, 2]
(1, (1, 0, 1), (3, 0)): [4, 4, 0, 1, 2, 1]
(1, (1, 0, 1), (3, 1)): [6, 3, 0, 0, 4]
(1, (1, 0, 1), (3, 2)): [7, 2, 0, 1, 3]
(1, (1, 1, 0), (0, 0)): [1407, 429, 254, 205, 92, 35, 11, 8, 2]
(1, (1, 1, 0), (0, 1)): [108, 21, 18, 10, 0, 2]
(1, (1, 1, 0), (0, 2)): [48, 8, 6, 3]
(1, (1, 1, 0), (1, 0)): [82, 34, 21, 11, 8, 3, 0, 1]
(1, (1, 1, 0), (1, 1)): [80, 24, 16, 7, 2, 4]
(1, (1, 1, 0), (1, 2)): [56, 9, 11, 4, 1, 3]
(1, (1, 1, 0), (2, 0)): [22, 9, 7, 5, 4, 1, 0, 1]
(1, (1, 1, 0), (2, 1)): [34, 14, 10, 6, 2, 1]
(1, (1, 1, 0), (2, 2)): [38, 13, 7, 7]
(1, (1, 1, 0), (3, 0)): [4, 4, 1, 1, 2, 0, 0, 1]
(1, (1, 1, 0), (3, 1)): [11, 6, 6, 4, 1, 1]
(1, (1, 1, 0), (3, 2)): [16, 10, 6, 5, 1]
(1, (1, 1, 1), (0, 0)): [319, 212, 142, 106, 82, 30, 11, 2]
(1, (1, 1, 1), (0, 1)): [29, 14, 11, 5, 6, 6, 1]
(1, (1, 1, 1), (0, 2)): [16, 3, 4, 1, 3, 2, 1]
(1, (1, 1, 1), (1, 0)): [20, 20, 8, 6, 5, 2, 0, 1]
(1, (1, 1, 1), (1, 1)): [16, 18, 9, 4, 4, 5]
(1, (1, 1, 1), (1, 2)): [17, 6, 3, 2, 3, 3, 1]
(1, (1, 1, 1), (2, 0)): [5, 5, 2, 4, 2, 0, 0, 1]
(1, (1, 1, 1), (2, 1)): [7, 9, 4, 4, 0, 3, 0, 1]
(1, (1, 1, 1), (2, 2)): [10, 6, 1, 3, 3, 4, 1]
(1, (1, 1, 1), (3, 0)): [0, 2, 0, 0, 1]
(1, (1, 1, 1), (3, 1)): [1, 7, 1, 1, 1, 0, 0, 1]
(1, (1, 1, 1), (3, 2)): [2, 4, 0, 2, 1, 2, 0, 1]
(2, (0, 0, 0), (0, 0)): [12138, 622, 181, 62, 20, 4, 3, 1]
(2, (0, 0, 0), (0, 1)): [890, 35, 13, 6, 1]
(2, (0, 0, 0), (0, 2)): [332, 9, 0, 1, 1]
(2, (0, 0, 0), (1, 0)): [895, 52, 14, 3, 1]
(2, (0, 0, 0), (1, 1)): [793, 43, 11, 7]
(2, (0, 0, 0), (1, 2)): [514, 19, 4, 3, 1]
(2, (0, 0, 0), (2, 0)): [307, 14, 7, 0, 1]
(2, (0, 0, 0), (2, 1)): [433, 22, 9, 5]
(2, (0, 0, 0), (2, 2)): [436, 18, 10, 2]
(2, (0, 0, 0), (3, 0)): [110, 7, 4, 0, 1]
(2, (0, 0, 0), (3, 1)): [203, 8, 3, 4]
(2, (0, 0, 0), (3, 2)): [274, 12, 7, 3]
(2, (0, 0, 1), (0, 0)): [1029, 282, 53, 20, 7, 4, 0, 1]
(2, (0, 0, 1), (0, 1)): [78, 13, 2, 2]
(2, (0, 0, 1), (0, 2)): [29, 7, 1]
(2, (0, 0, 1), (1, 0)): [86, 20, 4, 0, 2]
(2, (0, 0, 1), (1, 1)): [80, 12, 2, 2]
(2, (0, 0, 1), (1, 2)): [59, 8, 0, 2]
(2, (0, 0, 1), (2, 0)): [31, 7, 2, 0, 1]
(2, (0, 0, 1), (2, 1)): [37, 5, 2]
(2, (0, 0, 1), (2, 2)): [45, 5, 1, 2]
(2, (0, 0, 1), (3, 0)): [15, 4, 1, 0, 1]
(2, (0, 0, 1), (3, 1)): [22, 3, 1]
(2, (0, 0, 1), (3, 2)): [29, 5, 1, 1]
(2, (0, 1, 0), (0, 0)): [2687, 527, 178, 74, 19, 6, 1]
(2, (0, 1, 0), (0, 1)): [178, 30, 15, 3, 1]
(2, (0, 1, 0), (0, 2)): [65, 5, 6, 0, 1]
(2, (0, 1, 0), (1, 0)): [192, 41, 12, 6, 3]
(2, (0, 1, 0), (1, 1)): [163, 26, 9, 4, 1]
(2, (0, 1, 0), (1, 2)): [115, 12, 7, 1]
(2, (0, 1, 0), (2, 0)): [94, 21, 4, 3, 2]
(2, (0, 1, 0), (2, 1)): [72, 23, 5, 4]
(2, (0, 1, 0), (2, 2)): [94, 17, 5, 1]
(2, (0, 1, 0), (3, 0)): [56, 11, 1, 2, 2]
(2, (0, 1, 0), (3, 1)): [37, 8, 3, 3]
(2, (0, 1, 0), (3, 2)): [53, 8, 2, 3]
(2, (0, 1, 1), (0, 0)): [630, 60, 127, 23, 12, 6, 2, 1]
(2, (0, 1, 1), (0, 1)): [42, 4, 4, 0, 1]
(2, (0, 1, 1), (0, 2)): [13, 1, 2, 0, 1]
(2, (0, 1, 1), (1, 0)): [67, 5, 13, 3]
(2, (0, 1, 1), (1, 1)): [54, 3, 8, 1]
(2, (0, 1, 1), (1, 2)): [27, 2, 4, 0, 1]
(2, (0, 1, 1), (2, 0)): [26, 3, 5, 1]
(2, (0, 1, 1), (2, 1)): [25, 1, 6, 1]
(2, (0, 1, 1), (2, 2)): [27, 1, 4, 1]
(2, (0, 1, 1), (3, 0)): [22, 3, 3]
(2, (0, 1, 1), (3, 1)): [12, 1, 4]
(2, (0, 1, 1), (3, 2)): [18, 1, 4]
(2, (1, 0, 0), (0, 0)): [6363, 428, 316, 100, 32, 10, 5, 1]
(2, (1, 0, 0), (0, 1)): [453, 26, 8, 3, 3]
(2, (1, 0, 0), (0, 2)): [151, 10, 4, 0, 1]
(2, (1, 0, 0), (1, 0)): [441, 39, 25, 12, 1]
(2, (1, 0, 0), (1, 1)): [397, 26, 13, 8, 2]
(2, (1, 0, 0), (1, 2)): [216, 10, 7, 3]
(2, (1, 0, 0), (2, 0)): [139, 17, 9, 2]
(2, (1, 0, 0), (2, 1)): [223, 16, 7, 6, 1]
(2, (1, 0, 0), (2, 2)): [195, 10, 6, 2, 1]
(2, (1, 0, 0), (3, 0)): [35, 8, 1]
(2, (1, 0, 0), (3, 1)): [80, 13, 1, 1]
(2, (1, 0, 0), (3, 2)): [102, 11, 4, 1]
(2, (1, 0, 1), (0, 0)): [996, 268, 82, 60, 24, 8, 3]
(2, (1, 0, 1), (0, 1)): [86, 19, 0, 4]
(2, (1, 0, 1), (0, 2)): [28, 7, 0, 1]
(2, (1, 0, 1), (1, 0)): [69, 10, 10, 5, 1, 1]
(2, (1, 0, 1), (1, 1)): [58, 10, 5, 4, 0, 1]
(2, (1, 0, 1), (1, 2)): [47, 7, 3, 3]
(2, (1, 0, 1), (2, 0)): [28, 6, 2, 2, 1]
(2, (1, 0, 1), (2, 1)): [26, 5, 0, 2, 0, 1]
(2, (1, 0, 1), (2, 2)): [32, 7, 1, 4]
(2, (1, 0, 1), (3, 0)): [13, 1, 2, 0, 1]
(2, (1, 0, 1), (3, 1)): [18, 3, 0, 0, 0, 1]
(2, (1, 0, 1), (3, 2)): [22, 5, 1, 2]
(2, (1, 1, 0), (0, 0)): [2409, 339, 200, 139, 43, 15, 4, 1]
(2, (1, 1, 0), (0, 1)): [186, 23, 7, 8, 2]
(2, (1, 1, 0), (0, 2)): [84, 4, 4, 3, 1]
(2, (1, 1, 0), (1, 0)): [155, 35, 16, 10, 7]
(2, (1, 1, 0), (1, 1)): [129, 24, 11, 5, 1]
(2, (1, 1, 0), (1, 2)): [93, 10, 5, 3, 2]
(2, (1, 1, 0), (2, 0)): [46, 17, 4, 6, 4]
(2, (1, 1, 0), (2, 1)): [78, 12, 7, 6, 1]
(2, (1, 1, 0), (2, 2)): [67, 10, 8, 5, 1]
(2, (1, 1, 0), (3, 0)): [7, 4, 1, 1, 2]
(2, (1, 1, 0), (3, 1)): [29, 8, 3, 2, 1]
(2, (1, 1, 0), (3, 2)): [37, 8, 4, 1]
(2, (1, 1, 1), (0, 0)): [732, 119, 120, 69, 38, 14, 6, 2]
(2, (1, 1, 1), (0, 1)): [58, 7, 12, 3, 3]
(2, (1, 1, 1), (0, 2)): [29, 4, 2, 3, 1]
(2, (1, 1, 1), (1, 0)): [34, 13, 8, 6, 1, 2]
(2, (1, 1, 1), (1, 1)): [35, 10, 7, 3, 2]
(2, (1, 1, 1), (1, 2)): [31, 7, 2, 3]
(2, (1, 1, 1), (2, 0)): [9, 4, 3, 2, 0, 1]
(2, (1, 1, 1), (2, 1)): [12, 6, 3, 2, 0, 1]
(2, (1, 1, 1), (2, 2)): [17, 6, 4, 3, 0, 1]
(2, (1, 1, 1), (3, 0)): [2, 2]
(2, (1, 1, 1), (3, 1)): [3, 3]
(2, (1, 1, 1), (3, 2)): [9, 5, 1, 2, 0, 1]
