(0, (0, 0, 0)): [324020, 65402, 30274, 13878, 6248, 2700, 1147, 483, 189, 81, 44, 12, 8, 3, 2]
(0, (0, 0, 1)): [1744, 5472, 1558, 734, 352, 141, 75, 42, 11, 5, 3, 1, 3]
(0, (0, 1, 0)): [10639, 10933, 4118, 1882, 967, 426, 172, 73, 33, 18, 8, 1]
(0, (0, 1, 1)): [935, 1702, 2296, 1058, 536, 248, 106, 52, 22, 11, 3, 1, 0, 1, 1]
(0, (1, 0, 0)): [73325, 26342, 15723, 7909, 3688, 1634, 717, 308, 120, 53, 32, 9, 6, 3, 2]
(0, (1, 0, 1)): [1740, 5026, 2355, 1531, 865, 388, 208, 78, 37, 16, 8, 5, 2, 0, 1]
(0, (1, 1, 0)): [9489, 6343, 5269, 3532, 1894, 888, 390, 189, 68, 36, 25, 4, 2, 1]
(0, (1, 1, 1)): [1040, 1789, 1532, 1328, 1049, 509, 238, 119, 54, 29, 14, 3, 1, 1, 1]
(1, (0, 0, 0)): [255370, 27186, 11122, 4329, 1737, 729, 263, 108, 36, 14, 4, 2]
(1, (0, 0, 1)): [9232, 14426, 2821, 1138, 504, 196, 76, 40, 14, 3, 4, 2, 1]
(1, (0, 1, 0)): [39425, 19525, 6509, 2640, 1054, 455, 172, 65, 18, 8, 2, 3, 2]
(1, (0, 1, 1)): [6645, 5707, 6054, 2309, 983, 401, 154, 54, 26, 11, 6, 3, 0, 1]
(1, (1, 0, 0)): [104953, 20243, 11660, 5057, 2027, 859, 295, 119, 46, 22, 7, 6, 1, 2]
(1, (1, 0, 1)): [8346, 10532, 3791, 2294, 982, 410, 145, 64, 20, 16, 6, 2]
(1, (1, 1, 0)): [26378, 8438, 6056, 4011, 1725, 747, 271, 108, 41, 18, 5, 3, 0, 3]
(1, (1, 1, 1)): [5092, 4202, 2723, 2066, 1377, 611, 239, 105, 33, 13, 4, 1, 0, 1]
(2, (0, 0, 0)): [219805, 9114, 2961, 948, 321, 116, 42, 16, 2, 1, 1]
(2, (0, 0, 1)): [27642, 9612, 1647, 523, 179, 67, 22, 7]
(2, (0, 1, 0)): [64411, 15015, 3581, 1161, 369, 135, 49, 14, 2, 1]
(2, (0, 1, 1)): [16523, 1523, 3986, 1031, 365, 119, 40, 8, 6, 1, 1]
(2, (1, 0, 0)): [128468, 10095, 5167, 1692, 543, 181, 74, 23, 5, 1, 1]
(2, (1, 0, 1)): [21780, 6087, 2675, 1234, 403, 148, 45, 20, 6, 0, 0, 1]
(2, (1, 1, 0)): [41704, 6425, 3590, 2094, 641, 232, 67, 16, 9, 5, 2, 0, 0, 1]
(2, (1, 1, 1)): [12493, 1917, 2100, 1169, 746, 236, 83, 26, 13, 3, 2, 0, 0, 1]
