(0, (0, 0, 0), (0, 0)): [28745, 5984, 2669, 1179, 496, 227, 83, 28, 12, 6, 3, 1]
(0, (0, 0, 0), (0, 1)): [142, 20, 12, 7, 3, 1]
(0, (0, 0, 0), (0, 2)): [49, 7, 4, 1, 1]
(0, (0, 0, 0), (1, 0)): [105, 31, 16, 4, 3, 1, 1]
(0, (0, 0, 0), (1, 1)): [117, 25, 12, 5, 0, 2]
(0, (0, 0, 0), (1, 2)): [78, 12, 9, 1, 0, 1]
(0, (0, 0, 0), (2, 0)): [35, 7, 8, 2, 3, 0, 1]
(0, (0, 0, 0), (2, 1)): [51, 17, 7, 7, 3, 1, 1]
(0, (0, 0, 0), (2, 2)): [50, 13, 7, 4]
(0, (0, 0, 0), (3, 0)): [10, 2, 2]
(0, (0, 0, 0), (3, 1)): [21, 6, 4, 3, 2]
(0, (0, 0, 0), (3, 2)): [28, 6, 5, 3, 1]
(0, (0, 0, 1), (0, 0)): [104, 362, 102, 46, 14, 9, 5]
(0, (0, 0, 1), (0, 1)): [1, 3, 1]
(0, (0, 0, 1), (0, 2)): [1]
(0, (0, 0, 1), (1, 0)): [0, 3, 0, 1, 0, 0, 1]
(0, (0, 0, 1), (1, 1)): [0, 3, 1]
(0, (0, 0, 1), (1, 2)): [1, 1]
(0, (0, 0, 1), (2, 0)): [0, 1, 0, 1]
(0, (0, 0, 1), (2, 1)): [0, 1, 1]
(0, (0, 0, 1), (2, 2)): [1, 1, 1]
(0, (0, 0, 1), (3, 0)): [0, 1, 0, 1]
(0, (0, 0, 1), (3, 1)): [0, 1]
(0, (0, 0, 1), (3, 2)): [0, 1]
(0, (0, 1, 0), (0, 0)): [1178, 1127, 415, 207, 102, 41, 14, 2, 2, 3, 1]
(0, (0, 1, 0), (0, 1)): [9, 7, 5, 0, 0, 1]
(0, (0, 1, 0), (0, 2)): [3, 1, 2, 0, 0, 1]
(0, (0, 1, 0), (1, 0)): [3, 4, 2, 1, 0, 0, 1]
(0, (0, 1, 0), (1, 1)): [6, 2, 4, 1]
(0, (0, 1, 0), (1, 2)): [4, 0, 2]
(0, (0, 1, 0), (2, 0)): [2, 3]
(0, (0, 1, 0), (2, 1)): [0, 0, 2]
(0, (0, 1, 0), (2, 2)): [3]
(0, (0, 1, 0), (3, 0)): [1, 1]
(0, (0, 1, 0), (3, 1)): [0, 0, 1]
(0, (0, 1, 0), (3, 2)): [1, 0, 1]
(0, (0, 1, 1), (0, 0)): [68, 158, 159, 82, 41, 17, 6, 2, 0, 2]
(0, (0, 1, 1), (0, 1)): [2, 1, 0, 0, 1, 1]
(0, (0, 1, 1), (0, 2)): [2, 0, 0, 0, 1]
(0, (0, 1, 1), (1, 0)): [0, 1]
(0, (0, 1, 1), (1, 1)): [0, 1, 0, 0, 0, 1]
(0, (0, 1, 1), (1, 2)): [0, 1, 0, 0, 1]
(0, (0, 1, 1), (2, 0)): [0, 1]
(0, (0, 1, 1), (2, 1)): [0, 0, 0, 0, 0, 1]
(0, (0, 1, 1), (2, 2)): [0, 1]
(0, (0, 1, 1), (3, 0)): [0, 1]
(0, (0, 1, 1), (3, 2)): [0, 1]
(0, (1, 0, 0), (0, 0)): [5791, 2056, 1271, 626, 306, 127, 46, 21, 8, 4, 3, 1]
(0, (1, 0, 0), (0, 1)): [28, 7, 6, 1, 2, 1]
(0, (1, 0, 0), (0, 2)): [7, 0, 1, 0, 1]
(0, (1, 0, 0), (1, 0)): [20, 6, 7, 5, 2]
(0, (1, 0, 0), (1, 1)): [24, 6, 5, 3, 2, 1]
(0, (1, 0, 0), (1, 2)): [14, 3, 1, 2, 2]
(0, (1, 0, 0), (2, 0)): [4, 2, 1, 2, 1]
(0, (1, 0, 0), (2, 1)): [7, 3, 2, 1, 1]
(0, (1, 0, 0), (2, 2)): [6, 2, 0, 0, 1]
(0, (1, 0, 0), (3, 0)): [1, 0, 1]
(0, (1, 0, 0), (3, 1)): [3, 1, 3, 1]
(0, (1, 0, 0), (3, 2)): [2, 0, 0, 1, 1]
(0, (1, 0, 1), (0, 0)): [128, 452, 178, 135, 63, 26, 15, 1, 2, 3]
(0, (1, 0, 1), (0, 1)): [1, 0, 3, 1, 0, 1]
(0, (1, 0, 1), (0, 2)): [1, 0, 0, 0, 0, 1]
(0, (1, 0, 1), (1, 0)): [0, 6, 0, 2]
(0, (1, 0, 1), (1, 1)): [0, 3, 2]
(0, (1, 0, 1), (1, 2)): [0, 3, 0, 0, 0, 1]
(0, (1, 0, 1), (2, 0)): [0, 1]
(0, (1, 0, 1), (2, 1)): [0, 1, 1]
(0, (1, 0, 1), (2, 2)): [0, 2]
(0, (1, 1, 0), (0, 0)): [834, 523, 329, 255, 145, 68, 18, 13, 8, 2, 2]
(0, (1, 1, 0), (0, 1)): [2, 1, 1, 0, 2, 1]
(0, (1, 1, 0), (0, 2)): [1]
(0, (1, 1, 0), (1, 0)): [2, 3, 0, 1, 1]
(0, (1, 1, 0), (1, 1)): [0, 1, 0, 0, 0, 1]
(0, (1, 1, 0), (1, 2)): [0, 1]
(0, (1, 1, 0), (2, 0)): [1, 1, 0, 0, 1]
(0, (1, 1, 0), (2, 1)): [1, 1]
(0, (1, 1, 0), (2, 2)): [1, 2]
(0, (1, 1, 0), (3, 0)): [0, 0, 0, 0, 1]
(0, (1, 1, 1), (0, 0)): [78, 143, 109, 79, 63, 31, 10, 7, 3]
(0, (1, 1, 1), (0, 1)): [0, 1, 2, 1]
(0, (1, 1, 1), (0, 2)): [0, 0, 1]
(0, (1, 1, 1), (1, 0)): [0, 1, 0, 0, 1]
(0, (1, 1, 1), (1, 1)): [0, 1, 0, 1, 1]
(0, (1, 1, 1), (1, 2)): [0, 0, 0, 1, 1]
(0, (1, 1, 1), (2, 0)): [0, 1]
(0, (1, 1, 1), (2, 1)): [0, 1]
(0, (1, 1, 1), (2, 2)): [0, 1, 0, 0, 1]
(1, (0, 0, 0), (0, 0)): [24001, 2704, 1087, 405, 132, 62, 20, 4, 2, 1]
(1, (0, 0, 0), (0, 1)): [106, 10, 10, 1, 0, 0, 1]
(1, (0, 0, 0), (0, 2)): [45, 2, 4, 0, 0, 0, 1]
(1, (0, 0, 0), (1, 0)): [114, 13, 5, 4, 1]
(1, (0, 0, 0), (1, 1)): [83, 12, 5, 4]
(1, (0, 0, 0), (1, 2)): [61, 7, 5]
(1, (0, 0, 0), (2, 0)): [42, 4, 1, 1, 1]
(1, (0, 0, 0), (2, 1)): [46, 4, 1, 2]
(1, (0, 0, 0), (2, 2)): [42, 6, 4, 2]
(1, (0, 0, 0), (3, 0)): [17, 3, 1, 0, 1]
(1, (0, 0, 0), (3, 1)): [18, 1, 2]
(1, (0, 0, 0), (3, 2)): [28, 3, 3]
(1, (0, 0, 1), (0, 0)): [653, 964, 191, 72, 32, 13, 6, 2, 1]
(1, (0, 0, 1), (0, 1)): [2, 4, 1]
(1, (0, 0, 1), (0, 2)): [0, 1]
(1, (0, 0, 1), (1, 0)): [1, 3, 1]
(1, (0, 0, 1), (1, 1)): [3, 2, 1]
(1, (0, 0, 1), (1, 2)): [2, 2, 1]
(1, (0, 0, 1), (2, 0)): [0, 1, 1]
(1, (0, 0, 1), (2, 1)): [0, 1, 1]
(1, (0, 0, 1), (2, 2)): [2, 1, 1]
(1, (0, 0, 1), (3, 2)): [0, 0, 1]
(1, (0, 1, 0), (0, 0)): [3411, 1438, 538, 222, 85, 29, 7, 3, 3, 1]
(1, (0, 1, 0), (0, 1)): [10, 3, 4, 2]
(1, (0, 1, 0), (0, 2)): [7, 0, 2, 1]
(1, (0, 1, 0), (1, 0)): [11, 6, 4, 1]
(1, (0, 1, 0), (1, 1)): [5, 2, 3, 2]
(1, (0, 1, 0), (1, 2)): [5, 2, 5, 2]
(1, (0, 1, 0), (2, 0)): [5, 4, 3]
(1, (0, 1, 0), (2, 1)): [2, 1, 1]
(1, (0, 1, 0), (2, 2)): [2, 0, 3, 2]
(1, (0, 1, 0), (3, 0)): [2, 2, 1]
(1, (0, 1, 0), (3, 1)): [1, 2]
(1, (0, 1, 0), (3, 2)): [2, 2, 2, 2]
(1, (0, 1, 1), (0, 0)): [429, 425, 327, 133, 69, 35, 4, 5, 1]
(1, (0, 1, 1), (0, 1)): [1, 1, 3, 1, 1, 1]
(1, (0, 1, 1), (0, 2)): [0, 0, 1, 0, 1]
(1, (0, 1, 1), (1, 0)): [4, 5, 0, 2]
(1, (0, 1, 1), (1, 1)): [2, 4, 1, 1, 0, 1]
(1, (0, 1, 1), (1, 2)): [0, 1, 1, 0, 1, 1]
(1, (0, 1, 1), (2, 0)): [3, 2, 0, 2]
(1, (0, 1, 1), (2, 1)): [3, 3, 0, 2]
(1, (0, 1, 1), (2, 2)): [1, 3, 0, 1, 1, 1]
(1, (0, 1, 1), (3, 0)): [2, 0, 0, 1]
(1, (0, 1, 1), (3, 1)): [1, 0, 0, 1]
(1, (0, 1, 1), (3, 2)): [2, 1, 0, 1, 1, 1]
(1, (1, 0, 0), (0, 0)): [8438, 1559, 1046, 382, 146, 61, 27, 9, 1, 1]
(1, (1, 0, 0), (0, 1)): [36, 4, 5, 2, 2]
(1, (1, 0, 0), (0, 2)): [13, 1, 3, 1]
(1, (1, 0, 0), (1, 0)): [31, 9, 7, 1, 0, 0, 1]
(1, (1, 0, 0), (1, 1)): [26, 7, 2, 1, 0, 0, 1]
(1, (1, 0, 0), (1, 2)): [17, 2, 3, 2, 0, 0, 1]
(1, (1, 0, 0), (2, 0)): [15, 1, 3]
(1, (1, 0, 0), (2, 1)): [15, 4, 2]
(1, (1, 0, 0), (2, 2)): [10, 5, 1, 2]
(1, (1, 0, 0), (3, 0)): [4, 0, 1]
(1, (1, 0, 0), (3, 1)): [5, 1]
(1, (1, 0, 0), (3, 2)): [4, 3, 0, 1]
(1, (1, 0, 1), (0, 0)): [656, 830, 207, 197, 76, 27, 18, 4]
(1, (1, 0, 1), (0, 1)): [5, 4]
(1, (1, 0, 1), (0, 2)): [1, 1]
(1, (1, 0, 1), (1, 0)): [2, 3, 2]
(1, (1, 0, 1), (1, 1)): [2, 2, 2]
(1, (1, 0, 1), (1, 2)): [0, 2, 2]
(1, (1, 0, 1), (2, 0)): [1, 1]
(1, (1, 0, 1), (2, 2)): [0, 0, 2]
(1, (1, 0, 1), (3, 0)): [0, 1]
(1, (1, 0, 1), (3, 1)): [0, 1]
(1, (1, 0, 1), (3, 2)): [0, 1, 2]
(1, (1, 1, 0), (0, 0)): [2355, 710, 476, 330, 132, 52, 18, 7, 6, 2]
(1, (1, 1, 0), (0, 1)): [7, 2, 1, 2, 0, 0, 1]
(1, (1, 1, 0), (0, 2)): [3, 0, 0, 0, 0, 0, 1]
(1, (1, 1, 0), (1, 0)): [9, 4, 4, 2, 1]
(1, (1, 1, 0), (1, 1)): [6, 3, 3, 3, 1]
(1, (1, 1, 0), (1, 2)): [2, 2, 1, 1, 1]
(1, (1, 1, 0), (2, 0)): [1, 1, 1]
(1, (1, 1, 0), (2, 1)): [4, 2, 2, 1]
(1, (1, 1, 0), (2, 2)): [2, 0, 1]
(1, (1, 1, 0), (3, 1)): [3, 2, 2]
(1, (1, 1, 0), (3, 2)): [1, 1, 1]
(1, (1, 1, 1), (0, 0)): [487, 381, 224, 136, 105, 53, 21, 9, 1]
(1, (1, 1, 1), (0, 1)): [2, 1, 2, 1]
(1, (1, 1, 1), (0, 2)): [0, 0, 0, 1]
(1, (1, 1, 1), (1, 0)): [2, 1, 2, 1, 0, 0, 0, 1]
(1, (1, 1, 1), (1, 1)): [1, 1, 3, 1]
(1, (1, 1, 1), (1, 2)): [1, 0, 0, 1]
(1, (1, 1, 1), (2, 0)): [1, 1, 1, 0, 0, 0, 0, 1]
(1, (1, 1, 1), (2, 1)): [1, 0, 1, 1]
(1, (1, 1, 1), (2, 2)): [1, 0, 1]
(1, (1, 1, 1), (3, 0)): [0, 1, 0, 0, 0, 0, 0, 1]
(1, (1, 1, 1), (3, 1)): [0, 0, 0, 1]
(2, (0, 0, 0), (0, 0)): [21046, 965, 313, 102, 29, 16, 2, 1]
(2, (0, 0, 0), (0, 1)): [95, 5]
(2, (0, 0, 0), (0, 2)): [31]
(2, (0, 0, 0), (1, 0)): [107, 4, 4, 1]
(2, (0, 0, 0), (1, 1)): [104, 3, 1]
(2, (0, 0, 0), (1, 2)): [69, 1, 1]
(2, (0, 0, 0), (2, 0)): [37, 2, 2]
(2, (0, 0, 0), (2, 1)): [46, 2, 1]
(2, (0, 0, 0), (2, 2)): [50, 1, 1]
(2, (0, 0, 0), (3, 0)): [14, 1, 1]
(2, (0, 0, 0), (3, 1)): [16, 1, 1]
(2, (0, 0, 0), (3, 2)): [29]
(2, (0, 0, 1), (0, 0)): [1939, 593, 143, 37, 8, 2, 3]
(2, (0, 0, 1), (0, 1)): [3, 5, 2]
(2, (0, 0, 1), (0, 2)): [0, 1, 1]
(2, (0, 0, 1), (1, 0)): [11, 2, 1]
(2, (0, 0, 1), (1, 1)): [6, 2]
(2, (0, 0, 1), (1, 2)): [1, 1, 1]
(2, (0, 0, 1), (2, 0)): [4, 1, 1]
(2, (0, 0, 1), (2, 1)): [5, 1, 1]
(2, (0, 0, 1), (2, 2)): [2, 1, 2]
(2, (0, 0, 1), (3, 0)): [1, 1]
(2, (0, 0, 1), (3, 1)): [1, 1]
(2, (0, 0, 1), (3, 2)): [1, 0, 1]
(2, (0, 1, 0), (0, 0)): [5209, 1000, 309, 96, 31, 11, 2, 1]
(2, (0, 1, 0), (0, 1)): [20, 4, 2, 0, 1]
(2, (0, 1, 0), (0, 2)): [4, 1, 0, 0, 1]
(2, (0, 1, 0), (1, 0)): [33, 4, 3, 0, 0, 1]
(2, (0, 1, 0), (1, 1)): [28, 2, 1]
(2, (0, 1, 0), (1, 2)): [9, 1]
(2, (0, 1, 0), (2, 0)): [17, 2, 1]
(2, (0, 1, 0), (2, 1)): [22, 2, 1]
(2, (0, 1, 0), (2, 2)): [15]
(2, (0, 1, 0), (3, 0)): [10, 1]
(2, (0, 1, 0), (3, 1)): [9, 2, 1]
(2, (0, 1, 0), (3, 2)): [9, 1, 1]
(2, (0, 1, 1), (0, 0)): [1029, 87, 237, 50, 22, 7, 1, 1]
(2, (0, 1, 1), (0, 1)): [6]
(2, (0, 1, 1), (0, 2)): [1]
(2, (0, 1, 1), (1, 0)): [6, 3, 4, 0, 1, 1]
(2, (0, 1, 1), (1, 1)): [6, 2, 2, 0, 0, 1]
(2, (0, 1, 1), (1, 2)): [1, 1, 1]
(2, (0, 1, 1), (2, 0)): [4, 1, 0, 0, 1]
(2, (0, 1, 1), (2, 1)): [3, 1, 1, 0, 1, 1]
(2, (0, 1, 1), (2, 2)): [1, 0, 1]
(2, (0, 1, 1), (3, 0)): [4, 1]
(2, (0, 1, 1), (3, 1)): [2, 1, 1, 0, 0, 1]
(2, (0, 1, 1), (3, 2)): [1, 0, 1]
(2, (1, 0, 0), (0, 0)): [10207, 763, 512, 148, 37, 22, 3, 2]
(2, (1, 0, 0), (0, 1)): [42, 4, 4, 0, 1]
(2, (1, 0, 0), (0, 2)): [18, 2]
(2, (1, 0, 0), (1, 0)): [43, 4, 5, 1]
(2, (1, 0, 0), (1, 1)): [37, 4, 2]
(2, (1, 0, 0), (1, 2)): [23, 2]
(2, (1, 0, 0), (2, 0)): [11, 1, 3, 1]
(2, (1, 0, 0), (2, 1)): [16, 2, 1]
(2, (1, 0, 0), (2, 2)): [18, 1, 1]
(2, (1, 0, 0), (3, 0)): [1, 0, 2, 1]
(2, (1, 0, 0), (3, 1)): [1, 1, 1]
(2, (1, 0, 0), (3, 2)): [6, 0, 1]
(2, (1, 0, 1), (0, 0)): [1845, 459, 170, 104, 28, 14, 2]
(2, (1, 0, 1), (0, 1)): [5, 4, 0, 1]
(2, (1, 0, 1), (0, 2)): [1, 2]
(2, (1, 0, 1), (1, 0)): [12, 3, 3, 1]
(2, (1, 0, 1), (1, 1)): [8, 5, 3, 1]
(2, (1, 0, 1), (1, 2)): [5, 2, 2]
(2, (1, 0, 1), (2, 0)): [4, 0, 0, 1]
(2, (1, 0, 1), (2, 1)): [5, 3, 1, 1]
(2, (1, 0, 1), (2, 2)): [4, 1]
(2, (1, 0, 1), (3, 1)): [1, 1, 1]
(2, (1, 0, 1), (3, 2)): [1, 0, 1]
(2, (1, 1, 0), (0, 0)): [4053, 567, 259, 212, 58, 35, 5, 4, 2]
(2, (1, 1, 0), (0, 1)): [16, 1, 2, 1]
(2, (1, 1, 0), (0, 2)): [6, 1, 0, 1]
(2, (1, 1, 0), (1, 0)): [10, 0, 6, 1]
(2, (1, 1, 0), (1, 1)): [15, 0, 6]
(2, (1, 1, 0), (1, 2)): [8, 0, 0, 1]
(2, (1, 1, 0), (2, 0)): [4]
(2, (1, 1, 0), (2, 1)): [5, 0, 5]
(2, (1, 1, 0), (2, 2)): [5, 0, 2]
(2, (1, 1, 0), (3, 0)): [3]
(2, (1, 1, 0), (3, 1)): [2]
(2, (1, 1, 0), (3, 2)): [2, 0, 1]
(2, (1, 1, 1), (0, 0)): [1126, 127, 209, 84, 60, 29, 6, 3, 1]
(2, (1, 1, 1), (0, 1)): [10, 0, 2, 0, 0, 1]
(2, (1, 1, 1), (0, 2)): [5]
(2, (1, 1, 1), (1, 0)): [6, 1, 3, 0, 0, 1]
(2, (1, 1, 1), (1, 1)): [7, 1, 4, 0, 0, 1]
(2, (1, 1, 1), (1, 2)): [7, 0, 2]
(2, (1, 1, 1), (2, 0)): [1, 0, 1, 0, 0, 1]
(2, (1, 1, 1), (2, 1)): [2, 1, 1, 0, 0, 1]
(2, (1, 1, 1), (2, 2)): [5]
(2, (1, 1, 1), (3, 1)): [1, 1, 1]
(2, (1, 1, 1), (3, 2)): [2, 0, 1]
