(0, (0, 0, 0)): [1880339, 382227, 175705, 80041, 35813, 15298, 6321, 2576, 1047, 450, 191, 95, 34, 18, 4, 1, 1, 1]
(0, (0, 0, 1)): [7410, 22686, 6288, 2993, 1426, 610, 273, 117, 44, 26, 13, 3, 4, 3]
(0, (0, 1, 0)): [68323, 64243, 25086, 12265, 5875, 2517, 1081, 450, 187, 102, 33, 13, 5, 6, 2, 0, 1]
(0, (0, 1, 1)): [5554, 9675, 11526, 5353, 2798, 1362, 565, 249, 133, 55, 15, 10, 2, 3, 2, 0, 1, 1]
(0, (1, 0, 0)): [398861, 133964, 85456, 42332, 20212, 9074, 3763, 1593, 682, 288, 138, 56, 23, 12, 3, 1, 1, 1]
(0, (1, 0, 1)): [9435, 28855, 11837, 8297, 4355, 2019, 959, 380, 187, 69, 39, 18, 7, 2, 2, 0, 0, 1]
(0, (1, 1, 0)): [55673, 35503, 26703, 19131, 10179, 4778, 2011, 939, 391, 181, 86, 32, 11, 4, 0, 0, 1]
(0, (1, 1, 1)): [5326, 10332, 8509, 6255, 5039, 2507, 1152, 558, 260, 110, 56, 19, 6, 4, 1, 0, 1]
(1, (0, 0, 0)): [1530142, 169310, 69226, 27415, 10672, 4054, 1576, 581, 200, 83, 31, 20, 7, 3, 0, 1]
(1, (0, 0, 1)): [42466, 61360, 12165, 5205, 2170, 887, 331, 130, 61, 23, 13, 6, 4, 2]
(1, (0, 1, 0)): [209719, 92256, 33589, 14516, 5846, 2329, 814, 356, 111, 51, 26, 9, 9, 2, 1]
(1, (0, 1, 1)): [32941, 27573, 24353, 9800, 5021, 1980, 779, 310, 139, 47, 13, 7, 2, 2, 0, 1]
(1, (1, 0, 0)): [577099, 103159, 66441, 28256, 11502, 4563, 1801, 651, 255, 108, 41, 28, 5, 3, 0, 2]
(1, (1, 0, 1)): [46795, 54246, 17518, 11743, 5078, 2078, 809, 317, 106, 64, 18, 7, 0, 1]
(1, (1, 1, 0)): [160141, 49037, 32754, 23562, 9925, 4102, 1593, 634, 252, 99, 39, 20, 9, 5, 1]
(1, (1, 1, 1)): [32535, 26080, 16567, 10806, 8056, 3433, 1399, 531, 219, 78, 27, 18, 9, 4, 1, 1]
(2, (0, 0, 0)): [1333119, 61790, 20635, 6535, 2192, 702, 241, 83, 13, 7, 5, 0, 1]
(2, (0, 0, 1)): [126627, 38294, 7825, 2655, 926, 320, 94, 32, 7, 4, 0, 1]
(2, (0, 1, 0)): [333644, 70131, 19192, 6735, 2227, 743, 233, 72, 16, 10, 6, 0, 1]
(2, (0, 1, 1)): [76863, 6594, 16538, 4585, 1810, 603, 192, 62, 21, 5, 4, 1, 0, 1]
(2, (1, 0, 0)): [699472, 50902, 33431, 10609, 3464, 1109, 430, 124, 26, 13, 7, 1, 1]
(2, (1, 0, 1)): [121974, 29193, 11554, 7076, 2315, 761, 257, 82, 27, 9, 2, 3, 1]
(2, (1, 1, 0)): [273023, 41429, 20965, 14388, 4642, 1499, 507, 168, 53, 25, 8, 2, 2, 1]
(2, (1, 1, 1)): [79825, 11655, 13356, 6651, 4912, 1545, 532, 176, 55, 12, 9, 3, 1, 1]
