(0, (0, 0, 0), (0, 0)): [659, 104, 43, 19, 9, 6, 3, 1]
(0, (0, 0, 0), (0, 1)): [107, 18, 4, 2, 2, 0, 1, 1]
(0, (0, 0, 0), (0, 2)): [47, 11, 1, 1, 0, 0, 1, 1]
(0, (0, 0, 0), (1, 0)): [68, 12, 6, 0, 0, 1, 1]
(0, (0, 0, 0), (1, 1)): [65, 10, 5, 1, 1]
(0, (0, 0, 0), (1, 2)): [50, 11, 2, 0, 0, 0, 0, 1]
(0, (0, 0, 0), (2, 0)): [19, 7, 2, 0, 0, 1, 1]
(0, (0, 0, 0), (2, 1)): [29, 7, 1]
(0, (0, 0, 0), (2, 2)): [30, 10, 1]
(0, (0, 0, 0), (3, 0)): [6, 3, 2, 0, 0, 1, 1]
(0, (0, 0, 0), (3, 1)): [9, 3, 2, 0, 0, 0, 1]
(0, (0, 0, 0), (3, 2)): [13, 6, 2, 0, 0, 0, 1]
(0, (0, 0, 1), (0, 0)): [2, 7, 5]
(0, (0, 0, 1), (0, 1)): [1]
(0, (0, 1, 0), (0, 0)): [30, 18, 6, 3, 2]
(0, (0, 1, 0), (0, 1)): [4, 5, 0, 1]
(0, (0, 1, 0), (0, 2)): [1, 1, 0, 1]
(0, (0, 1, 0), (1, 0)): [2, 1, 1]
(0, (0, 1, 0), (1, 1)): [3, 3]
(0, (0, 1, 0), (1, 2)): [2, 1, 0, 1]
(0, (0, 1, 0), (2, 1)): [1]
(0, (0, 1, 0), (2, 2)): [3]
(0, (1, 0, 0), (0, 0)): [124, 42, 17, 10, 3, 3, 2]
(0, (1, 0, 0), (0, 1)): [16, 4, 0, 0, 0, 1, 1]
(0, (1, 0, 0), (0, 2)): [6, 2, 0, 0, 0, 1, 1]
(0, (1, 0, 0), (1, 0)): [11, 4, 3, 0, 0, 1]
(0, (1, 0, 0), (1, 1)): [10, 2, 2, 0, 0, 1]
(0, (1, 0, 0), (1, 2)): [5, 2, 0, 0, 0, 2]
(0, (1, 0, 0), (2, 0)): [2, 3]
(0, (1, 0, 0), (2, 1)): [3, 3, 2]
(0, (1, 0, 1), (0, 0)): [2, 5, 7, 3, 3, 1, 1]
(0, (1, 0, 1), (0, 1)): [1, 0, 0, 0, 0, 0, 1]
(0, (1, 0, 1), (1, 0)): [0, 3, 1, 0, 1]
(0, (1, 0, 1), (1, 1)): [0, 1, 0, 0, 1]
(0, (1, 0, 1), (2, 1)): [0, 2, 0, 0, 1]
(0, (1, 0, 1), (2, 2)): [0, 0, 0, 0, 1]
(0, (1, 1, 0), (0, 0)): [20, 11, 3, 8, 1, 1, 1]
(0, (1, 1, 0), (0, 1)): [2, 0, 0, 1]
(1, (0, 0, 0), (0, 0)): [527, 46, 18, 7, 5, 3, 1, 1]
(1, (0, 0, 0), (0, 1)): [77, 8, 1, 1, 1]
(1, (0, 0, 0), (0, 2)): [29, 2, 1]
(1, (0, 0, 0), (1, 0)): [46, 5, 3, 1, 0, 1, 0, 1]
(1, (0, 0, 0), (1, 1)): [51, 4, 0, 1, 0, 1]
(1, (0, 0, 0), (1, 2)): [36, 4, 0, 1, 0, 1]
(1, (0, 0, 0), (2, 0)): [14, 2, 1, 1]
(1, (0, 0, 0), (2, 1)): [17, 3, 1, 1]
(1, (0, 0, 0), (2, 2)): [27, 0, 0, 2, 0, 1]
(1, (0, 0, 0), (3, 2)): [12, 0, 1, 1, 0, 1]
(1, (0, 0, 1), (0, 0)): [24, 26, 5, 3, 1]
(1, (0, 0, 1), (0, 1)): [1, 5]
(1, (0, 0, 1), (0, 2)): [1, 1]
(1, (0, 0, 1), (1, 0)): [3, 4, 1, 1, 1]
(1, (0, 0, 1), (1, 1)): [2, 5, 0, 1, 1]
(1, (0, 0, 1), (1, 2)): [1, 2, 0, 1]
(1, (0, 0, 1), (2, 1)): [0, 3]
(1, (0, 0, 1), (2, 2)): [1, 3]
(1, (0, 0, 1), (3, 1)): [0, 1]
(1, (0, 0, 1), (3, 2)): [0, 1]
(1, (0, 1, 0), (0, 0)): [83, 44, 7, 5, 2, 1]
(1, (0, 1, 0), (0, 1)): [9, 6, 2, 1, 0, 1]
(1, (0, 1, 0), (0, 2)): [3, 1, 0, 0, 0, 1]
(1, (0, 1, 0), (1, 0)): [10, 9, 0, 1, 1]
(1, (0, 1, 0), (1, 1)): [8, 9, 0, 1, 1]
(1, (0, 1, 0), (1, 2)): [7, 3, 0, 0, 1]
(1, (0, 1, 0), (2, 0)): [4, 1]
(1, (0, 1, 0), (2, 1)): [2, 5, 0, 1]
(1, (0, 1, 0), (2, 2)): [3, 6, 0, 1, 1]
(1, (0, 1, 0), (3, 2)): [1]
(1, (0, 1, 1), (0, 0)): [14, 12, 14, 7, 0, 2, 0, 1]
(1, (0, 1, 1), (0, 1)): [1, 0, 2, 0, 0, 0, 0, 1]
(1, (0, 1, 1), (0, 2)): [1, 0, 1]
(1, (0, 1, 1), (1, 0)): [1, 0, 2]
(1, (0, 1, 1), (1, 1)): [0, 0, 3]
(1, (0, 1, 1), (2, 1)): [0, 0, 1]
(1, (1, 0, 0), (0, 0)): [188, 30, 13, 7, 2, 4, 1, 1]
(1, (1, 0, 0), (0, 1)): [35, 1, 0, 2, 0, 1, 1]
(1, (1, 0, 0), (0, 2)): [17, 1]
(1, (1, 0, 0), (1, 0)): [18, 7, 4, 0, 0, 1]
(1, (1, 0, 0), (1, 1)): [15, 2, 0, 2]
(1, (1, 0, 0), (1, 2)): [18, 0, 0, 1]
(1, (1, 0, 0), (2, 0)): [8, 2, 2]
(1, (1, 0, 0), (2, 1)): [7, 3, 1, 1]
(1, (1, 0, 0), (2, 2)): [10, 1, 1, 2]
(1, (1, 0, 0), (3, 0)): [1, 1]
(1, (1, 0, 0), (3, 1)): [2, 2]
(1, (1, 0, 0), (3, 2)): [3, 3]
(1, (1, 0, 1), (0, 0)): [5, 10, 3, 3, 4, 1, 1]
(1, (1, 0, 1), (0, 1)): [2, 2, 0, 0, 1]
(1, (1, 0, 1), (1, 0)): [0, 1, 0, 0, 1, 1]
(1, (1, 0, 1), (1, 1)): [0, 2, 0, 0, 1]
(1, (1, 0, 1), (1, 2)): [1, 0, 0, 0, 1]
(1, (1, 1, 0), (0, 0)): [38, 12, 6, 9, 1, 1]
(1, (1, 1, 0), (0, 1)): [4, 0, 1, 2]
(1, (1, 1, 0), (0, 2)): [2, 0, 0, 1]
(1, (1, 1, 0), (1, 1)): [4, 1, 0, 1]
(1, (1, 1, 0), (2, 1)): [0, 2, 0, 1]
(2, (0, 0, 0), (0, 0)): [452, 11, 6, 2, 3]
(2, (0, 0, 0), (0, 1)): [67, 1, 1]
(2, (0, 0, 0), (0, 2)): [27]
(2, (0, 0, 0), (1, 0)): [57, 3, 1, 0, 1]
(2, (0, 0, 0), (1, 1)): [55, 3]
(2, (0, 0, 0), (1, 2)): [41]
(2, (0, 0, 0), (2, 0)): [24, 0, 1]
(2, (0, 0, 0), (2, 1)): [28, 3]
(2, (0, 0, 0), (2, 2)): [34, 2]
(2, (0, 0, 0), (3, 0)): [8, 0, 1]
(2, (0, 0, 0), (3, 1)): [12, 1]
(2, (0, 0, 0), (3, 2)): [20, 1]
(2, (0, 0, 1), (0, 0)): [68, 26, 3, 0, 2]
(2, (0, 0, 1), (0, 1)): [6, 3, 1]
(2, (0, 0, 1), (0, 2)): [4, 3, 1]
(2, (0, 0, 1), (1, 0)): [6, 3]
(2, (0, 0, 1), (1, 1)): [4]
(2, (0, 0, 1), (1, 2)): [5, 2, 1]
(2, (0, 0, 1), (2, 0)): [3, 1]
(2, (0, 0, 1), (2, 1)): [2]
(2, (0, 0, 1), (2, 2)): [2, 1, 1]
(2, (0, 0, 1), (3, 0)): [2, 1]
(2, (0, 0, 1), (3, 1)): [3]
(2, (0, 0, 1), (3, 2)): [3, 1, 1]
(2, (0, 1, 0), (0, 0)): [140, 30, 9, 3]
(2, (0, 1, 0), (0, 1)): [18, 3, 1, 1]
(2, (0, 1, 0), (0, 2)): [6, 1]
(2, (0, 1, 0), (1, 0)): [22, 9, 4]
(2, (0, 1, 0), (1, 1)): [18, 5, 2]
(2, (0, 1, 0), (1, 2)): [12, 2]
(2, (0, 1, 0), (2, 0)): [10, 5, 2]
(2, (0, 1, 0), (2, 1)): [8, 4, 1]
(2, (0, 1, 0), (2, 2)): [7]
(2, (0, 1, 0), (3, 0)): [6, 3, 1]
(2, (0, 1, 0), (3, 1)): [8, 5]
(2, (0, 1, 0), (3, 2)): [4, 3]
(2, (0, 1, 1), (0, 0)): [39, 5, 10]
(2, (0, 1, 1), (0, 1)): [4]
(2, (0, 1, 1), (1, 0)): [5, 0, 2]
(2, (0, 1, 1), (1, 1)): [4]
(2, (0, 1, 1), (2, 1)): [2]
(2, (1, 0, 0), (0, 0)): [242, 13, 8, 5, 2]
(2, (1, 0, 0), (0, 1)): [36]
(2, (1, 0, 0), (0, 2)): [10]
(2, (1, 0, 0), (1, 0)): [30, 2, 3, 1, 1]
(2, (1, 0, 0), (1, 1)): [21, 1, 0, 0, 1]
(2, (1, 0, 0), (1, 2)): [12]
(2, (1, 0, 0), (2, 0)): [9, 1, 2, 1]
(2, (1, 0, 0), (2, 1)): [7, 1, 0, 0, 1]
(2, (1, 0, 0), (2, 2)): [4]
(2, (1, 0, 0), (3, 0)): [6, 1, 1, 1]
(2, (1, 0, 0), (3, 1)): [3, 1]
(2, (1, 0, 0), (3, 2)): [2]
(2, (1, 0, 1), (0, 0)): [33, 8, 6, 1]
(2, (1, 0, 1), (0, 1)): [2]
(2, (1, 1, 0), (0, 0)): [61, 13, 7, 5, 2]
(2, (1, 1, 0), (0, 1)): [8, 1, 1]
(2, (1, 1, 0), (0, 2)): [4]
(2, (1, 1, 0), (1, 0)): [7, 1, 0, 1]
(2, (1, 1, 0), (1, 2)): [3]
(2, (1, 1, 0), (2, 2)): [3]
(2, (1, 1, 0), (3, 2)): [1]
