(0, (0, 0, 0), (0, 0)): [1880339, 382227, 175705, 80041, 35813, 15298, 6321, 2576, 1047, 450, 191, 95, 34, 18, 4, 1, 1, 1]
(0, (0, 0, 0), (0, 1)): [206913, 40305, 18306, 8497, 3752, 1660, 663, 239, 98, 46, 19, 10, 4, 3, 0, 1]
(0, (0, 0, 0), (0, 2)): [78299, 13567, 5986, 2707, 1189, 532, 203, 72, 31, 15, 6, 2, 2]
(0, (0, 0, 0), (1, 0)): [185330, 42428, 20165, 9358, 4416, 1851, 803, 324, 137, 44, 20, 12, 0, 3, 1, 0, 1]
(0, (0, 0, 0), (1, 1)): [177281, 36656, 17049, 7938, 3540, 1530, 659, 241, 111, 33, 21, 11, 2, 4, 0, 1, 1]
(0, (0, 0, 0), (1, 2)): [120030, 21731, 9788, 4473, 1994, 855, 365, 133, 62, 21, 11, 5, 4]
(0, (0, 0, 0), (2, 0)): [60054, 15185, 7733, 3637, 1814, 751, 317, 142, 50, 20, 10, 5, 0, 1, 1]
(0, (0, 0, 0), (2, 1)): [92430, 20919, 10295, 4739, 2257, 970, 390, 175, 64, 22, 10, 8, 0, 2, 0, 0, 1]
(0, (0, 0, 0), (2, 2)): [95663, 18881, 8912, 4134, 1860, 784, 318, 128, 65, 21, 9, 3, 3, 1, 0, 0, 1]
(0, (0, 0, 0), (3, 0)): [17753, 5144, 2997, 1519, 761, 322, 127, 60, 22, 6, 5, 1, 0, 1, 1]
(0, (0, 0, 0), (3, 1)): [35490, 9528, 5058, 2472, 1204, 529, 212, 104, 42, 11, 3, 6, 0, 1, 1]
(0, (0, 0, 0), (3, 2)): [50816, 11814, 6220, 2911, 1381, 599, 233, 100, 47, 18, 6, 7, 2, 0, 1, 0, 1]
(0, (0, 0, 1), (0, 0)): [7410, 22686, 6288, 2993, 1426, 610, 273, 117, 44, 26, 13, 3, 4, 3]
(0, (0, 0, 1), (0, 1)): [583, 1824, 527, 214, 115, 46, 23, 9, 5, 2, 3, 0, 0, 1]
(0, (0, 0, 1), (0, 2)): [264, 680, 176, 75, 37, 20, 5, 2, 3]
(0, (0, 0, 1), (1, 0)): [591, 2077, 632, 351, 153, 74, 29, 11, 2, 2, 2]
(0, (0, 0, 1), (1, 1)): [548, 1738, 501, 226, 123, 47, 27, 9, 1, 3, 3, 0, 0, 1]
(0, (0, 0, 1), (1, 2)): [412, 1103, 296, 123, 59, 33, 11, 5, 2, 2, 2]
(0, (0, 0, 1), (2, 0)): [208, 779, 263, 163, 60, 37, 9, 6, 2, 1]
(0, (0, 0, 1), (2, 1)): [295, 981, 321, 173, 88, 37, 19, 6, 2, 1, 1]
(0, (0, 0, 1), (2, 2)): [373, 998, 275, 132, 75, 27, 14, 2, 1, 2, 1]
(0, (0, 0, 1), (3, 0)): [64, 263, 91, 67, 25, 15, 6, 2, 1]
(0, (0, 0, 1), (3, 1)): [116, 455, 143, 105, 48, 19, 8, 4, 1]
(0, (0, 0, 1), (3, 2)): [212, 626, 176, 116, 65, 19, 6, 2, 2, 1, 1]
(0, (0, 1, 0), (0, 0)): [68323, 64243, 25086, 12265, 5875, 2517, 1081, 450, 187, 102, 33, 13, 5, 6, 2, 0, 1]
(0, (0, 1, 0), (0, 1)): [7657, 6901, 2687, 1271, 606, 265, 132, 48, 22, 11, 0, 2, 0, 1]
(0, (0, 1, 0), (0, 2)): [3083, 2328, 919, 404, 189, 94, 54, 15, 6, 3, 0, 1]
(0, (0, 1, 0), (1, 0)): [7578, 7426, 3131, 1654, 768, 354, 135, 67, 23, 8, 4, 2, 2, 2, 1, 0, 1]
(0, (0, 1, 0), (1, 1)): [6795, 6112, 2476, 1230, 577, 242, 106, 50, 11, 9, 1, 1, 0, 2]
(0, (0, 1, 0), (1, 2)): [4721, 3681, 1510, 728, 316, 144, 66, 34, 7, 4, 1, 2]
(0, (0, 1, 0), (2, 0)): [2764, 2662, 1175, 682, 297, 169, 57, 27, 12, 3, 1, 2, 2, 1, 0, 0, 1]
(0, (0, 1, 0), (2, 1)): [3725, 3458, 1466, 737, 350, 182, 66, 26, 8, 6, 1, 1, 1, 1, 0, 0, 1]
(0, (0, 1, 0), (2, 2)): [4064, 3143, 1398, 641, 297, 138, 58, 23, 9, 4, 1, 2, 0, 0, 0, 0, 1]
(0, (0, 1, 0), (3, 0)): [963, 812, 400, 278, 131, 75, 31, 16, 7, 1, 0, 1, 1]
(0, (0, 1, 0), (3, 1)): [1623, 1424, 682, 437, 200, 109, 38, 18, 2, 1, 0, 1, 0, 1]
(0, (0, 1, 0), (3, 2)): [2345, 1846, 915, 476, 223, 107, 52, 18, 5, 4, 1, 0, 0, 0, 0, 0, 1]
(0, (0, 1, 1), (0, 0)): [5554, 9675, 11526, 5353, 2798, 1362, 565, 249, 133, 55, 15, 10, 2, 3, 2, 0, 1, 1]
(0, (0, 1, 1), (0, 1)): [615, 975, 1130, 499, 263, 141, 57, 16, 11, 6, 2, 2, 0, 0, 0, 0, 1]
(0, (0, 1, 1), (0, 2)): [285, 364, 396, 190, 87, 51, 23, 7, 1, 3, 0, 1]
(0, (0, 1, 1), (1, 0)): [593, 1156, 1371, 692, 352, 189, 71, 31, 23, 4, 2, 2, 0, 1, 1]
(0, (0, 1, 1), (1, 1)): [516, 894, 1054, 473, 254, 127, 45, 19, 13, 3, 2, 0, 0, 0, 0, 0, 1]
(0, (0, 1, 1), (1, 2)): [402, 570, 609, 284, 162, 91, 27, 9, 5, 2, 1, 1, 0, 0, 0, 0, 1]
(0, (0, 1, 1), (2, 0)): [242, 516, 539, 311, 176, 105, 33, 14, 12, 3, 1, 1, 0, 1, 1]
(0, (0, 1, 1), (2, 1)): [276, 522, 616, 297, 140, 72, 24, 16, 10, 4, 0, 0, 0, 0, 1]
(0, (0, 1, 1), (2, 2)): [326, 524, 534, 258, 128, 76, 25, 12, 5, 3, 1, 1, 0, 0, 0, 0, 1]
(0, (0, 1, 1), (3, 0)): [129, 233, 229, 143, 105, 59, 19, 6, 7, 1, 1, 1, 0, 1]
(0, (0, 1, 1), (3, 1)): [120, 199, 246, 137, 98, 41, 13, 8, 10, 2, 0, 0, 0, 0, 1]
(0, (0, 1, 1), (3, 2)): [190, 275, 329, 173, 87, 59, 20, 10, 10, 1, 1, 0, 0, 0, 0, 0, 1]
(0, (1, 0, 0), (0, 0)): [398861, 133964, 85456, 42332, 20212, 9074, 3763, 1593, 682, 288, 138, 56, 23, 12, 3, 1, 1, 1]
(0, (1, 0, 0), (0, 1)): [39965, 12287, 8169, 3978, 1916, 876, 348, 144, 74, 20, 8, 4]
(0, (1, 0, 0), (0, 2)): [14883, 4014, 2693, 1264, 596, 263, 120, 41, 22, 3, 4, 2]
(0, (1, 0, 0), (1, 0)): [36324, 13004, 9120, 4709, 2347, 1063, 437, 183, 79, 36, 22, 8, 1, 5, 1, 0, 1]
(0, (1, 0, 0), (1, 1)): [31105, 10117, 6897, 3471, 1642, 780, 300, 126, 57, 26, 9, 4, 0, 2]
(0, (1, 0, 0), (1, 2)): [19950, 5660, 3878, 1901, 884, 390, 162, 67, 36, 10, 2, 2]
(0, (1, 0, 0), (2, 0)): [11283, 4399, 3239, 1795, 925, 421, 180, 78, 27, 16, 11, 2, 1, 3, 0, 0, 1]
(0, (1, 0, 0), (2, 1)): [15247, 5342, 3736, 1993, 944, 456, 183, 74, 33, 17, 8, 4, 0, 4, 0, 0, 1]
(0, (1, 0, 0), (2, 2)): [14551, 4470, 3115, 1501, 749, 303, 142, 65, 35, 14, 5, 2, 0, 2]
(0, (1, 0, 0), (3, 0)): [2920, 1380, 1063, 706, 379, 164, 75, 31, 11, 6, 5, 1]
(0, (1, 0, 0), (3, 1)): [5423, 2217, 1632, 1042, 500, 250, 95, 42, 17, 9, 7, 2, 0, 2]
(0, (1, 0, 0), (3, 2)): [6817, 2547, 1784, 1040, 521, 222, 100, 49, 23, 9, 4, 1, 0, 1]
(0, (1, 0, 1), (0, 0)): [9435, 28855, 11837, 8297, 4355, 2019, 959, 380, 187, 69, 39, 18, 7, 2, 2, 0, 0, 1]
(0, (1, 0, 1), (0, 1)): [939, 2720, 1077, 816, 408, 203, 101, 21, 13, 5, 2, 0, 2, 1]
(0, (1, 0, 1), (0, 2)): [421, 963, 362, 260, 137, 73, 30, 8, 5, 1, 0, 0, 0, 1]
(0, (1, 0, 1), (1, 0)): [867, 2925, 1217, 908, 494, 242, 85, 44, 27, 7, 7, 1, 0, 0, 1]
(0, (1, 0, 1), (1, 1)): [756, 2231, 927, 676, 344, 151, 70, 26, 18, 4, 4]
(0, (1, 0, 1), (1, 2)): [591, 1270, 529, 360, 191, 79, 39, 13, 7, 2]
(0, (1, 0, 1), (2, 0)): [290, 989, 420, 318, 185, 110, 33, 17, 6, 2, 3, 1]
(0, (1, 0, 1), (2, 1)): [364, 1157, 488, 372, 183, 105, 36, 13, 14, 2, 3]
(0, (1, 0, 1), (2, 2)): [464, 996, 428, 317, 159, 74, 41, 16, 4, 2, 2]
(0, (1, 0, 1), (3, 0)): [96, 307, 151, 87, 69, 49, 13, 7, 1, 1, 1, 1]
(0, (1, 0, 1), (3, 1)): [134, 394, 208, 158, 108, 60, 13, 5, 8, 2, 1]
(0, (1, 0, 1), (3, 2)): [216, 491, 268, 185, 108, 61, 25, 11, 7, 4, 3]
(0, (1, 1, 0), (0, 0)): [55673, 35503, 26703, 19131, 10179, 4778, 2011, 939, 391, 181, 86, 32, 11, 4, 0, 0, 1]
(0, (1, 1, 0), (0, 1)): [6257, 3490, 2437, 1857, 1067, 445, 205, 81, 35, 14, 9, 5, 0, 0, 0, 0, 1]
(0, (1, 1, 0), (0, 2)): [2517, 1214, 812, 611, 353, 143, 67, 28, 14, 7, 2]
(0, (1, 1, 0), (1, 0)): [5066, 3403, 2642, 2001, 1036, 557, 215, 98, 40, 17, 9, 3, 1, 2]
(0, (1, 1, 0), (1, 1)): [4649, 2711, 2019, 1584, 815, 403, 159, 71, 24, 10, 9, 2, 1, 1, 0, 0, 1]
(0, (1, 1, 0), (1, 2)): [3298, 1623, 1148, 935, 481, 198, 87, 37, 14, 10, 3, 1, 0, 1, 0, 0, 1]
(0, (1, 1, 0), (2, 0)): [1519, 1124, 914, 676, 399, 220, 92, 42, 20, 8, 4, 3, 0, 1]
(0, (1, 1, 0), (2, 1)): [2157, 1375, 1106, 855, 454, 222, 96, 43, 22, 7, 7, 3, 1]
(0, (1, 1, 0), (2, 2)): [2325, 1247, 938, 756, 387, 182, 81, 37, 15, 9, 3, 1, 0, 0, 0, 0, 1]
(0, (1, 1, 0), (3, 0)): [353, 355, 331, 227, 154, 91, 34, 18, 9, 4, 2, 1, 0, 1]
(0, (1, 1, 0), (3, 1)): [766, 578, 494, 376, 241, 135, 53, 19, 12, 6, 3, 1, 1]
(0, (1, 1, 0), (3, 2)): [1074, 682, 582, 474, 261, 133, 60, 29, 11, 3, 2, 0, 0, 0, 0, 0, 1]
(0, (1, 1, 1), (0, 0)): [5326, 10332, 8509, 6255, 5039, 2507, 1152, 558, 260, 110, 56, 19, 6, 4, 1, 0, 1]
(0, (1, 1, 1), (0, 1)): [644, 1089, 934, 610, 533, 266, 111, 52, 31, 12, 4, 2, 2, 1]
(0, (1, 1, 1), (0, 2)): [337, 427, 343, 219, 186, 99, 34, 16, 10, 3, 3, 1, 1]
(0, (1, 1, 1), (1, 0)): [432, 1035, 904, 636, 526, 281, 113, 43, 30, 8, 6, 3, 0, 1, 0, 0, 1]
(0, (1, 1, 1), (1, 1)): [428, 898, 766, 514, 423, 227, 101, 45, 21, 11, 4, 1, 1, 1, 0, 0, 1]
(0, (1, 1, 1), (1, 2)): [394, 615, 491, 325, 270, 133, 55, 24, 12, 1, 3, 1, 0, 1, 0, 0, 1]
(0, (1, 1, 1), (2, 0)): [119, 312, 297, 225, 204, 110, 33, 20, 10, 2, 2, 2, 0, 1]
(0, (1, 1, 1), (2, 1)): [193, 395, 376, 263, 212, 125, 46, 27, 17, 7, 1, 0, 1]
(0, (1, 1, 1), (2, 2)): [239, 434, 385, 260, 202, 108, 40, 24, 9, 5, 0, 1, 1]
(0, (1, 1, 1), (3, 0)): [24, 97, 81, 84, 63, 46, 17, 10, 2, 0, 2, 1, 0, 1]
(0, (1, 1, 1), (3, 1)): [62, 160, 149, 117, 93, 54, 30, 11, 6, 2, 1, 1, 0, 1]
(0, (1, 1, 1), (3, 2)): [90, 222, 211, 146, 130, 66, 38, 16, 9, 3, 0, 1, 1, 1]
(1, (0, 0, 0), (0, 0)): [1530142, 169310, 69226, 27415, 10672, 4054, 1576, 581, 200, 83, 31, 20, 7, 3, 0, 1]
(1, (0, 0, 0), (0, 1)): [170203, 17990, 7160, 2869, 1137, 402, 152, 72, 16, 4, 1, 3, 0, 1]
(1, (0, 0, 0), (0, 2)): [64560, 5764, 2272, 860, 356, 124, 39, 21, 2, 1, 0, 2]
(1, (0, 0, 0), (1, 0)): [159149, 20298, 8600, 3478, 1388, 524, 214, 68, 19, 11, 3, 2, 0, 0, 0, 1]
(1, (0, 0, 0), (1, 1)): [150024, 16851, 6824, 2790, 1105, 395, 174, 61, 18, 8, 2, 1, 0, 1]
(1, (0, 0, 0), (1, 2)): [99896, 9488, 3773, 1521, 616, 234, 89, 31, 5, 4, 0, 1]
(1, (0, 0, 0), (2, 0)): [53454, 7743, 3545, 1440, 580, 227, 97, 34, 8, 4, 2, 2, 0, 0, 0, 1]
(1, (0, 0, 0), (2, 1)): [80434, 10119, 4404, 1756, 716, 264, 92, 47, 8, 7, 3, 1]
(1, (0, 0, 0), (2, 2)): [81961, 8670, 3660, 1511, 599, 231, 78, 36, 7, 6, 1]
(1, (0, 0, 0), (3, 0)): [16019, 2612, 1465, 603, 248, 97, 53, 12, 6, 2, 1, 1, 0, 0, 0, 1]
(1, (0, 0, 0), (3, 1)): [32354, 4970, 2406, 1011, 410, 161, 65, 20, 5, 3, 1]
(1, (0, 0, 0), (3, 2)): [45145, 5901, 2783, 1180, 472, 181, 63, 31, 6, 6, 1]
(1, (0, 0, 1), (0, 0)): [42466, 61360, 12165, 5205, 2170, 887, 331, 130, 61, 23, 13, 6, 4, 2]
(1, (0, 0, 1), (0, 1)): [4275, 5255, 1058, 416, 161, 69, 32, 8, 2, 0, 2, 1]
(1, (0, 0, 1), (0, 2)): [1860, 1722, 334, 119, 58, 18, 15, 1, 2, 0, 0, 1]
(1, (0, 0, 1), (1, 0)): [4613, 7013, 1502, 713, 293, 138, 37, 16, 11, 3, 1]
(1, (0, 0, 1), (1, 1)): [4029, 5189, 1065, 455, 190, 77, 19, 9, 3, 2, 1]
(1, (0, 0, 1), (1, 2)): [2958, 2867, 542, 231, 105, 37, 16, 2, 3, 0, 0, 1]
(1, (0, 0, 1), (2, 0)): [1878, 2853, 681, 366, 146, 72, 25, 10, 7, 1, 1]
(1, (0, 0, 1), (2, 1)): [2305, 3143, 687, 317, 130, 57, 16, 8, 4, 1, 1]
(1, (0, 0, 1), (2, 2)): [2582, 2619, 551, 254, 99, 42, 18, 4, 2, 0, 1, 1]
(1, (0, 0, 1), (3, 0)): [883, 1169, 322, 201, 80, 42, 11, 5, 1, 0, 1]
(1, (0, 0, 1), (3, 1)): [999, 1348, 348, 186, 70, 33, 12, 6, 2]
(1, (0, 0, 1), (3, 2)): [1565, 1641, 396, 212, 88, 33, 15, 5, 2, 0, 1]
(1, (0, 1, 0), (0, 0)): [209719, 92256, 33589, 14516, 5846, 2329, 814, 356, 111, 51, 26, 9, 9, 2, 1]
(1, (0, 1, 0), (0, 1)): [21556, 8540, 3140, 1318, 519, 223, 80, 34, 10, 6, 2]
(1, (0, 1, 0), (0, 2)): [8426, 2990, 1040, 410, 139, 77, 27, 9, 3, 2]
(1, (0, 1, 0), (1, 0)): [24411, 10380, 4094, 2053, 850, 327, 123, 51, 20, 7, 4, 0, 0, 1]
(1, (0, 1, 0), (1, 1)): [20066, 7967, 2993, 1402, 585, 222, 83, 27, 11, 3, 1, 0, 0, 1]
(1, (0, 1, 0), (1, 2)): [13351, 4766, 1699, 708, 248, 103, 42, 19, 6, 4]
(1, (0, 1, 0), (2, 0)): [10328, 4224, 1835, 1041, 441, 169, 66, 34, 12, 4, 4]
(1, (0, 1, 0), (2, 1)): [11720, 4680, 1946, 975, 438, 153, 63, 25, 8, 3, 1, 0, 0, 1]
(1, (0, 1, 0), (2, 2)): [11617, 4160, 1617, 702, 286, 112, 40, 13, 7, 5]
(1, (0, 1, 0), (3, 0)): [4705, 1779, 814, 583, 258, 94, 38, 19, 8, 2, 2]
(1, (0, 1, 0), (3, 1)): [5540, 2082, 983, 603, 281, 92, 41, 21, 9, 2, 2, 0, 0, 1]
(1, (0, 1, 0), (3, 2)): [7169, 2529, 1157, 616, 275, 84, 35, 14, 4, 6, 1, 0, 0, 1]
(1, (0, 1, 1), (0, 0)): [32941, 27573, 24353, 9800, 5021, 1980, 779, 310, 139, 47, 13, 7, 2, 2, 0, 1]
(1, (0, 1, 1), (0, 1)): [2969, 2307, 1939, 786, 354, 138, 67, 26, 5, 1, 1]
(1, (0, 1, 1), (0, 2)): [1397, 756, 678, 269, 134, 42, 24, 10, 1, 1, 1]
(1, (0, 1, 1), (1, 0)): [3962, 3625, 2749, 1222, 763, 289, 114, 49, 18, 8]
(1, (0, 1, 1), (1, 1)): [2579, 2111, 1753, 728, 343, 127, 50, 24, 7, 3]
(1, (0, 1, 1), (1, 2)): [2088, 1225, 1070, 425, 210, 74, 32, 14, 3, 2, 1]
(1, (0, 1, 1), (2, 0)): [2279, 1952, 1443, 695, 520, 200, 85, 34, 13, 5]
(1, (0, 1, 1), (2, 1)): [1403, 1209, 997, 447, 229, 89, 36, 13, 3, 3]
(1, (0, 1, 1), (2, 2)): [1714, 1047, 909, 388, 201, 62, 24, 9, 3, 2]
(1, (0, 1, 1), (3, 0)): [1665, 1338, 906, 486, 426, 160, 68, 29, 11, 4]
(1, (0, 1, 1), (3, 1)): [596, 551, 437, 202, 122, 65, 25, 10, 2, 2]
(1, (0, 1, 1), (3, 2)): [969, 683, 508, 245, 144, 54, 19, 10, 2, 2]
(1, (1, 0, 0), (0, 0)): [577099, 103159, 66441, 28256, 11502, 4563, 1801, 651, 255, 108, 41, 28, 5, 3, 0, 2]
(1, (1, 0, 0), (0, 1)): [58046, 9400, 6258, 2686, 1066, 418, 177, 65, 12, 8, 5, 2]
(1, (1, 0, 0), (0, 2)): [21408, 2990, 1998, 799, 310, 136, 64, 17, 4, 3, 2]
(1, (1, 0, 0), (1, 0)): [56995, 11080, 7682, 3427, 1419, 579, 230, 85, 24, 14, 3, 2, 1, 0, 0, 1]
(1, (1, 0, 0), (1, 1)): [47725, 8259, 5628, 2479, 981, 383, 150, 61, 13, 8, 4, 4, 0, 0, 0, 1]
(1, (1, 0, 0), (1, 2)): [30349, 4593, 3118, 1283, 495, 194, 80, 35, 5, 4, 3, 1]
(1, (1, 0, 0), (2, 0)): [18641, 3946, 2827, 1422, 587, 246, 98, 31, 13, 6, 1, 0, 1]
(1, (1, 0, 0), (2, 1)): [24256, 4581, 3172, 1568, 607, 260, 104, 31, 12, 3, 3, 2, 0, 0, 0, 1]
(1, (1, 0, 0), (2, 2)): [23004, 3777, 2578, 1153, 469, 188, 74, 28, 5, 4, 2]
(1, (1, 0, 0), (3, 0)): [5225, 1338, 872, 561, 255, 103, 39, 10, 4, 4, 0, 0, 1]
(1, (1, 0, 0), (3, 1)): [9316, 2162, 1399, 828, 348, 135, 59, 12, 6, 4, 2, 1, 0, 0, 0, 1]
(1, (1, 0, 0), (3, 2)): [11521, 2411, 1526, 815, 334, 140, 59, 12, 8, 4, 4, 1, 0, 0, 0, 1]
(1, (1, 0, 1), (0, 0)): [46795, 54246, 17518, 11743, 5078, 2078, 809, 317, 106, 64, 18, 7, 0, 1]
(1, (1, 0, 1), (0, 1)): [5242, 4783, 1549, 1023, 446, 197, 67, 21, 9, 6]
(1, (1, 0, 1), (0, 2)): [2254, 1501, 530, 322, 150, 69, 28, 12, 3, 3]
(1, (1, 0, 1), (1, 0)): [4646, 5425, 1821, 1319, 616, 237, 90, 41, 11, 10, 0, 1]
(1, (1, 0, 1), (1, 1)): [4125, 3988, 1294, 924, 379, 162, 52, 15, 6, 4, 0, 1]
(1, (1, 0, 1), (1, 2)): [3015, 2208, 785, 505, 212, 101, 26, 19, 4, 3]
(1, (1, 0, 1), (2, 0)): [1610, 1800, 655, 491, 266, 98, 40, 19, 5, 5]
(1, (1, 0, 1), (2, 1)): [2038, 2030, 669, 515, 241, 85, 33, 11, 6, 2, 0, 1]
(1, (1, 0, 1), (2, 2)): [2172, 1684, 629, 418, 200, 70, 28, 13, 6, 2]
(1, (1, 0, 1), (3, 0)): [536, 625, 251, 173, 117, 48, 17, 5, 1, 3]
(1, (1, 0, 1), (3, 1)): [760, 818, 319, 223, 126, 55, 14, 6, 1, 1, 0, 1]
(1, (1, 0, 1), (3, 2)): [1080, 960, 404, 266, 156, 58, 20, 9, 4, 2, 0, 1]
(1, (1, 1, 0), (0, 0)): [160141, 49037, 32754, 23562, 9925, 4102, 1593, 634, 252, 99, 39, 20, 9, 5, 1]
(1, (1, 1, 0), (0, 1)): [17910, 4807, 2986, 2290, 990, 399, 146, 54, 20, 7, 5, 3]
(1, (1, 1, 0), (0, 2)): [7185, 1695, 988, 759, 328, 132, 41, 15, 6, 1, 2]
(1, (1, 1, 0), (1, 0)): [15789, 5244, 3545, 2736, 1188, 501, 203, 72, 23, 14, 7, 1, 2, 1]
(1, (1, 1, 0), (1, 1)): [14175, 4119, 2751, 2063, 903, 363, 132, 57, 12, 13, 6, 2]
(1, (1, 1, 0), (1, 2)): [10053, 2465, 1549, 1208, 508, 163, 60, 32, 4, 2, 6, 2]
(1, (1, 1, 0), (2, 0)): [5067, 1901, 1232, 997, 483, 226, 92, 31, 12, 4, 4, 1, 2, 1]
(1, (1, 1, 0), (2, 1)): [7022, 2311, 1564, 1183, 547, 260, 104, 28, 14, 4, 5, 0, 1]
(1, (1, 1, 0), (2, 2)): [7580, 2034, 1298, 996, 464, 178, 69, 27, 8, 2, 3, 1]
(1, (1, 1, 0), (3, 0)): [1295, 705, 435, 296, 191, 88, 34, 17, 4, 1, 0, 1, 1]
(1, (1, 1, 0), (3, 1)): [2607, 1101, 751, 556, 306, 147, 55, 19, 8, 4, 2, 1, 1]
(1, (1, 1, 0), (3, 2)): [3641, 1288, 859, 633, 344, 131, 52, 21, 6, 4, 1, 1, 1]
(1, (1, 1, 1), (0, 0)): [32535, 26080, 16567, 10806, 8056, 3433, 1399, 531, 219, 78, 27, 18, 9, 4, 1, 1]
(1, (1, 1, 1), (0, 1)): [3827, 2622, 1664, 1044, 810, 337, 140, 56, 26, 4, 3, 1, 0, 1]
(1, (1, 1, 1), (0, 2)): [1808, 917, 587, 379, 270, 95, 45, 14, 4, 2, 2, 0, 0, 1]
(1, (1, 1, 1), (1, 0)): [2991, 2706, 1687, 1069, 901, 400, 177, 62, 22, 11, 3, 3, 2]
(1, (1, 1, 1), (1, 1)): [2870, 2192, 1406, 883, 700, 304, 131, 55, 25, 5, 2, 2]
(1, (1, 1, 1), (1, 2)): [2262, 1255, 859, 539, 415, 172, 69, 31, 11, 2, 1, 2, 0, 1]
(1, (1, 1, 1), (2, 0)): [763, 895, 590, 362, 332, 161, 70, 30, 4, 4, 2, 1, 1]
(1, (1, 1, 1), (2, 1)): [1232, 1165, 726, 447, 357, 187, 81, 26, 10, 3, 2, 1]
(1, (1, 1, 1), (2, 2)): [1513, 1006, 706, 446, 336, 153, 73, 23, 7, 3, 1, 2, 0, 1]
(1, (1, 1, 1), (3, 0)): [131, 291, 187, 136, 104, 60, 25, 11, 2, 2, 0, 0, 1]
(1, (1, 1, 1), (3, 1)): [312, 505, 323, 199, 171, 95, 28, 20, 5, 2, 1, 0, 1]
(1, (1, 1, 1), (3, 2)): [608, 593, 403, 255, 205, 105, 41, 22, 3, 1, 2, 1, 0, 1]
(2, (0, 0, 0), (0, 0)): [1333119, 61790, 20635, 6535, 2192, 702, 241, 83, 13, 7, 5, 0, 1]
(2, (0, 0, 0), (0, 1)): [147877, 6241, 2083, 647, 239, 64, 27, 9, 1]
(2, (0, 0, 0), (0, 2)): [55584, 1658, 547, 183, 72, 13, 2, 5]
(2, (0, 0, 0), (1, 0)): [144208, 8372, 2931, 890, 336, 93, 34, 11, 2, 0, 0, 0, 1]
(2, (0, 0, 0), (1, 1)): [133045, 6389, 2230, 634, 248, 75, 31, 4, 1]
(2, (0, 0, 0), (1, 2)): [86926, 2969, 1052, 334, 118, 32, 15, 5]
(2, (0, 0, 0), (2, 0)): [51232, 3342, 1393, 408, 159, 39, 15, 7, 1, 0, 0, 0, 1]
(2, (0, 0, 0), (2, 1)): [74575, 4172, 1617, 439, 160, 44, 19, 5, 1]
(2, (0, 0, 0), (2, 2)): [74401, 3150, 1190, 344, 127, 40, 12, 5]
(2, (0, 0, 0), (3, 0)): [16340, 1148, 644, 189, 78, 21, 6, 4, 0, 0, 0, 0, 1]
(2, (0, 0, 0), (3, 1)): [31626, 2125, 1026, 309, 102, 26, 7, 5, 1]
(2, (0, 0, 0), (3, 2)): [43677, 2382, 1102, 317, 112, 35, 8, 4, 1]
(2, (0, 0, 1), (0, 0)): [126627, 38294, 7825, 2655, 926, 320, 94, 32, 7, 4, 0, 1]
(2, (0, 0, 1), (0, 1)): [13359, 3275, 722, 230, 74, 30, 12, 4, 1, 2]
(2, (0, 0, 1), (0, 2)): [5244, 977, 216, 64, 21, 7, 4, 0, 0, 1]
(2, (0, 0, 1), (1, 0)): [15635, 4396, 1107, 416, 146, 55, 13, 6, 1]
(2, (0, 0, 1), (1, 1)): [12799, 3212, 720, 264, 85, 36, 7, 4, 1, 1]
(2, (0, 0, 1), (1, 2)): [8603, 1656, 360, 108, 45, 18, 6, 1, 0, 1]
(2, (0, 0, 1), (2, 0)): [6802, 1874, 549, 236, 83, 31, 8, 3, 1]
(2, (0, 0, 1), (2, 1)): [7752, 2060, 552, 219, 76, 25, 5, 4, 0, 1]
(2, (0, 0, 1), (2, 2)): [7944, 1630, 430, 139, 53, 22, 4, 1]
(2, (0, 0, 1), (3, 0)): [3238, 784, 262, 144, 38, 18, 6, 1, 1]
(2, (0, 0, 1), (3, 1)): [3703, 1001, 296, 147, 46, 18, 5, 3]
(2, (0, 0, 1), (3, 2)): [5110, 1155, 331, 143, 44, 17, 6, 1]
(2, (0, 1, 0), (0, 0)): [333644, 70131, 19192, 6735, 2227, 743, 233, 72, 16, 10, 6, 0, 1]
(2, (0, 1, 0), (0, 1)): [34385, 6022, 1664, 506, 194, 59, 18, 6, 2, 1, 1]
(2, (0, 1, 0), (0, 2)): [13453, 1780, 478, 128, 55, 11, 6, 1, 0, 1]
(2, (0, 1, 0), (1, 0)): [40956, 8132, 2747, 1145, 357, 118, 43, 15, 0, 1, 0, 0, 1]
(2, (0, 1, 0), (1, 1)): [32461, 5933, 1792, 605, 216, 64, 28, 9, 2, 0, 1]
(2, (0, 1, 0), (1, 2)): [21599, 3053, 803, 278, 97, 24, 12, 5, 0, 1]
(2, (0, 1, 0), (2, 0)): [18715, 3495, 1359, 700, 227, 72, 20, 8, 0, 1, 0, 0, 1]
(2, (0, 1, 0), (2, 1)): [19643, 3756, 1285, 477, 167, 50, 19, 4, 2, 0, 1, 0, 1]
(2, (0, 1, 0), (2, 2)): [19525, 2995, 859, 338, 122, 31, 18, 7, 0, 1]
(2, (0, 1, 0), (3, 0)): [9588, 1528, 688, 479, 143, 44, 15, 8, 0, 1]
(2, (0, 1, 0), (3, 1)): [9197, 1750, 723, 357, 120, 42, 12, 3, 2, 0, 1, 0, 1]
(2, (0, 1, 0), (3, 2)): [12446, 1974, 750, 371, 119, 40, 21, 5, 0, 0, 0, 0, 1]
(2, (0, 1, 1), (0, 0)): [76863, 6594, 16538, 4585, 1810, 603, 192, 62, 21, 5, 4, 1, 0, 1]
(2, (0, 1, 1), (0, 1)): [8083, 529, 1391, 363, 127, 52, 9, 6]
(2, (0, 1, 1), (0, 2)): [3384, 190, 411, 111, 46, 15, 4, 1]
(2, (0, 1, 1), (1, 0)): [9720, 941, 1922, 686, 309, 113, 33, 10, 3, 0, 2]
(2, (0, 1, 1), (1, 1)): [7405, 515, 1351, 387, 137, 62, 12, 7, 2]
(2, (0, 1, 1), (1, 2)): [5442, 300, 736, 206, 77, 27, 5, 3]
(2, (0, 1, 1), (2, 0)): [4777, 540, 894, 377, 209, 71, 21, 6, 1, 0, 2]
(2, (0, 1, 1), (2, 1)): [4375, 341, 840, 259, 113, 48, 9, 4, 2, 0, 1]
(2, (0, 1, 1), (2, 2)): [4800, 329, 681, 209, 81, 41, 7, 3, 1]
(2, (0, 1, 1), (3, 0)): [2818, 377, 458, 233, 147, 53, 17, 5, 0, 0, 1]
(2, (0, 1, 1), (3, 1)): [2121, 173, 389, 136, 74, 30, 8, 5, 1, 0, 1]
(2, (0, 1, 1), (3, 2)): [3068, 250, 475, 159, 79, 44, 7, 5, 2]
(2, (1, 0, 0), (0, 0)): [699472, 50902, 33431, 10609, 3464, 1109, 430, 124, 26, 13, 7, 1, 1]
(2, (1, 0, 0), (0, 1)): [70137, 4310, 3019, 960, 322, 109, 50, 17, 5, 0, 0, 1]
(2, (1, 0, 0), (0, 2)): [25773, 1158, 758, 258, 93, 23, 17, 2, 1]
(2, (1, 0, 0), (1, 0)): [70545, 5908, 4187, 1450, 488, 141, 60, 15, 3, 1, 0, 0, 1]
(2, (1, 0, 0), (1, 1)): [59598, 3998, 2842, 957, 302, 98, 39, 14, 4]
(2, (1, 0, 0), (1, 2)): [37719, 1859, 1264, 459, 142, 41, 19, 3, 3]
(2, (1, 0, 0), (2, 0)): [23889, 2341, 1581, 682, 226, 66, 32, 10, 2, 1, 0, 0, 1]
(2, (1, 0, 0), (2, 1)): [31283, 2476, 1718, 647, 218, 62, 32, 9, 1, 0, 0, 0, 1]
(2, (1, 0, 0), (2, 2)): [29550, 1810, 1194, 428, 160, 43, 23, 4, 2]
(2, (1, 0, 0), (3, 0)): [7116, 892, 524, 325, 101, 31, 11, 4, 1, 1]
(2, (1, 0, 0), (3, 1)): [12673, 1308, 841, 452, 118, 38, 17, 4, 1, 1, 0, 0, 1]
(2, (1, 0, 0), (3, 2)): [15641, 1384, 860, 396, 124, 43, 18, 5, 0, 1, 0, 0, 1]
(2, (1, 0, 1), (0, 0)): [121974, 29193, 11554, 7076, 2315, 761, 257, 82, 27, 9, 2, 3, 1]
(2, (1, 0, 1), (0, 1)): [13593, 2694, 986, 645, 215, 73, 22, 7, 4, 1, 1, 1]
(2, (1, 0, 1), (0, 2)): [5436, 798, 292, 171, 62, 18, 3, 2, 1]
(2, (1, 0, 1), (1, 0)): [13517, 3006, 1391, 975, 351, 102, 38, 9, 0, 1]
(2, (1, 0, 1), (1, 1)): [11449, 2345, 965, 620, 239, 77, 33, 6, 3, 1, 1, 1]
(2, (1, 0, 1), (1, 2)): [7714, 1213, 483, 292, 110, 34, 16, 4, 3, 0, 0, 1]
(2, (1, 0, 1), (2, 0)): [4907, 1063, 573, 397, 153, 43, 13, 7]
(2, (1, 0, 1), (2, 1)): [6295, 1266, 610, 368, 170, 56, 15, 4, 0, 1]
(2, (1, 0, 1), (2, 2)): [6036, 975, 454, 256, 97, 43, 14, 4, 3, 0, 0, 1]
(2, (1, 0, 1), (3, 0)): [1659, 327, 235, 157, 61, 17, 8, 3]
(2, (1, 0, 1), (3, 1)): [2722, 506, 309, 201, 113, 25, 11, 2, 0, 1]
(2, (1, 0, 1), (3, 2)): [3364, 522, 355, 188, 92, 37, 9, 3, 3]
(2, (1, 1, 0), (0, 0)): [273023, 41429, 20965, 14388, 4642, 1499, 507, 168, 53, 25, 8, 2, 2, 1]
(2, (1, 1, 0), (0, 1)): [29850, 3841, 1812, 1335, 410, 119, 46, 24, 2, 2, 0, 1, 1]
(2, (1, 1, 0), (0, 2)): [12126, 1140, 539, 369, 112, 32, 11, 9, 2]
(2, (1, 1, 0), (1, 0)): [28145, 4345, 2475, 1803, 658, 193, 76, 16, 6, 3, 1]
(2, (1, 1, 0), (1, 1)): [25363, 3432, 1765, 1302, 391, 128, 45, 17, 3, 3, 0, 1, 1]
(2, (1, 1, 0), (1, 2)): [17793, 1768, 909, 625, 189, 63, 19, 13, 2]
(2, (1, 1, 0), (2, 0)): [9607, 1553, 1014, 701, 351, 95, 39, 7, 2, 2]
(2, (1, 1, 0), (2, 1)): [13365, 1862, 1156, 797, 293, 80, 35, 9, 4, 2, 0, 0, 1]
(2, (1, 1, 0), (2, 2)): [14035, 1504, 890, 612, 215, 54, 30, 11, 6, 1]
(2, (1, 1, 0), (3, 0)): [3119, 510, 419, 235, 183, 56, 20, 2, 0, 1]
(2, (1, 1, 0), (3, 1)): [5643, 826, 651, 388, 220, 56, 26, 3, 0, 0, 0, 0, 1]
(2, (1, 1, 0), (3, 2)): [7796, 909, 718, 444, 231, 48, 26, 6, 3]
(2, (1, 1, 1), (0, 0)): [79825, 11655, 13356, 6651, 4912, 1545, 532, 176, 55, 12, 9, 3, 1, 1]
(2, (1, 1, 1), (0, 1)): [9757, 1039, 1294, 665, 493, 140, 55, 14, 3, 0, 2, 0, 1]
(2, (1, 1, 1), (0, 2)): [4235, 324, 369, 197, 133, 41, 15, 5, 1, 0, 1]
(2, (1, 1, 1), (1, 0)): [7704, 1745, 1475, 813, 631, 213, 75, 23, 8, 2, 1, 2]
(2, (1, 1, 1), (1, 1)): [7753, 1096, 1208, 636, 485, 151, 55, 13, 4, 1, 1, 0, 1]
(2, (1, 1, 1), (1, 2)): [5901, 554, 618, 299, 234, 83, 20, 8, 2, 1, 1]
(2, (1, 1, 1), (2, 0)): [2176, 1031, 496, 338, 255, 91, 31, 11, 3, 1, 0, 2]
(2, (1, 1, 1), (2, 1)): [3544, 929, 675, 413, 303, 108, 40, 6, 1, 0, 0, 0, 1]
(2, (1, 1, 1), (2, 2)): [4196, 666, 541, 317, 231, 84, 27, 7, 2, 1, 1]
(2, (1, 1, 1), (3, 0)): [363, 633, 142, 157, 82, 46, 17, 8, 2, 1, 0, 1]
(2, (1, 1, 1), (3, 1)): [1030, 771, 265, 247, 161, 60, 24, 6, 0, 1, 0, 1]
(2, (1, 1, 1), (3, 2)): [1765, 772, 336, 284, 184, 68, 31, 6, 2, 1, 1]
