(0, (0, 0, 0), (0, 0)): [1978785, 403586, 185436, 84752, 37977, 16259, 6721, 2738, 1117, 476, 211, 100, 37, 19, 5, 1, 1, 1]
(0, (0, 0, 0), (0, 1)): [255241, 50101, 22747, 10707, 4730, 2092, 815, 310, 129, 55, 28, 13, 5, 3, 1, 1]
(0, (0, 0, 0), (0, 2)): [97034, 16872, 7497, 3457, 1494, 668, 249, 91, 39, 19, 8, 3, 3, 0, 1]
(0, (0, 0, 0), (1, 0)): [223848, 51162, 24241, 11306, 5311, 2241, 1005, 399, 164, 53, 29, 13, 2, 4, 1, 0, 1]
(0, (0, 0, 0), (1, 1)): [216749, 44892, 20822, 9749, 4353, 1903, 810, 308, 138, 40, 28, 12, 3, 4, 0, 1, 1]
(0, (0, 0, 0), (1, 2)): [147626, 26785, 12125, 5603, 2464, 1060, 436, 167, 79, 24, 11, 6, 5, 0, 1]
(0, (0, 0, 0), (2, 0)): [72196, 18258, 9266, 4392, 2157, 890, 393, 173, 59, 24, 13, 6, 1, 2, 1]
(0, (0, 0, 0), (2, 1)): [112252, 25384, 12464, 5817, 2733, 1188, 480, 213, 78, 28, 18, 8, 1, 2, 0, 0, 1]
(0, (0, 0, 0), (2, 2)): [117384, 23151, 10932, 5118, 2306, 968, 397, 161, 77, 23, 11, 3, 4, 1, 1, 0, 1]
(0, (0, 0, 0), (3, 0)): [21217, 6146, 3562, 1795, 889, 368, 161, 72, 26, 8, 6, 2, 0, 2, 1]
(0, (0, 0, 0), (3, 1)): [42937, 11485, 6136, 3003, 1450, 644, 258, 128, 49, 16, 6, 7, 1, 2, 1]
(0, (0, 0, 0), (3, 2)): [62175, 14367, 7605, 3573, 1699, 731, 289, 128, 53, 21, 8, 8, 4, 1, 1, 0, 1]
(0, (0, 0, 1), (0, 0)): [7648, 23522, 6488, 3103, 1493, 636, 285, 122, 45, 28, 15, 3, 4, 3]
(0, (0, 0, 1), (0, 1)): [695, 2184, 604, 265, 141, 54, 29, 12, 5, 2, 3, 0, 0, 1]
(0, (0, 0, 1), (0, 2)): [312, 819, 200, 93, 43, 22, 9, 4, 3]
(0, (0, 0, 1), (1, 0)): [697, 2441, 723, 397, 185, 86, 34, 13, 3, 4, 4]
(0, (0, 0, 1), (1, 1)): [646, 2032, 576, 262, 151, 61, 29, 11, 1, 5, 3, 0, 0, 1]
(0, (0, 0, 1), (1, 2)): [496, 1301, 333, 156, 73, 40, 13, 7, 2, 3, 2]
(0, (0, 0, 1), (2, 0)): [254, 913, 293, 182, 73, 40, 12, 7, 3, 1, 2]
(0, (0, 0, 1), (2, 1)): [354, 1162, 365, 195, 104, 43, 21, 8, 3, 2, 1]
(0, (0, 0, 1), (2, 2)): [445, 1172, 318, 159, 87, 34, 15, 4, 1, 2, 1]
(0, (0, 0, 1), (3, 0)): [72, 310, 99, 75, 30, 16, 7, 2, 1, 0, 1]
(0, (0, 0, 1), (3, 1)): [140, 533, 163, 115, 56, 22, 10, 4, 2, 1]
(0, (0, 0, 1), (3, 2)): [258, 731, 203, 135, 78, 24, 8, 2, 3, 1, 1]
(0, (0, 1, 0), (0, 0)): [72281, 67999, 26632, 13088, 6264, 2693, 1146, 480, 201, 107, 36, 13, 6, 6, 3, 0, 1]
(0, (0, 1, 0), (0, 1)): [9397, 8428, 3332, 1558, 757, 320, 155, 61, 25, 13, 1, 2, 1, 1, 1]
(0, (0, 1, 0), (0, 2)): [3829, 2884, 1145, 502, 245, 108, 62, 19, 9, 3, 0, 1, 1]
(0, (0, 1, 0), (1, 0)): [9215, 8968, 3793, 2050, 950, 439, 166, 79, 31, 10, 6, 2, 2, 2, 1, 0, 1]
(0, (0, 1, 0), (1, 1)): [8255, 7435, 3021, 1525, 710, 304, 130, 60, 15, 13, 3, 1, 0, 2, 1]
(0, (0, 1, 0), (1, 2)): [5745, 4504, 1846, 895, 399, 169, 78, 42, 10, 5, 2, 2, 1, 0, 1]
(0, (0, 1, 0), (2, 0)): [3354, 3205, 1439, 835, 368, 203, 70, 34, 15, 3, 1, 2, 2, 1, 0, 0, 1]
(0, (0, 1, 0), (2, 1)): [4514, 4189, 1803, 906, 439, 222, 87, 31, 11, 9, 1, 1, 1, 1, 0, 0, 1]
(0, (0, 1, 0), (2, 2)): [4920, 3838, 1707, 776, 367, 165, 71, 31, 10, 4, 2, 2, 1, 0, 1, 0, 1]
(0, (0, 1, 0), (3, 0)): [1169, 974, 475, 347, 158, 85, 38, 19, 8, 1, 0, 1, 1]
(0, (0, 1, 0), (3, 1)): [1972, 1731, 821, 534, 243, 131, 46, 19, 2, 2, 0, 1, 0, 1]
(0, (0, 1, 0), (3, 2)): [2856, 2249, 1094, 580, 264, 136, 62, 21, 5, 4, 2, 0, 0, 0, 1, 0, 1]
(0, (0, 1, 1), (0, 0)): [5815, 10195, 12167, 5648, 2962, 1424, 606, 258, 140, 59, 16, 11, 3, 4, 2, 0, 1, 1]
(0, (0, 1, 1), (0, 1)): [741, 1212, 1390, 612, 333, 156, 83, 21, 14, 7, 2, 2, 1, 0, 0, 0, 1]
(0, (0, 1, 1), (0, 2)): [342, 445, 497, 236, 117, 57, 31, 10, 2, 3, 0, 1]
(0, (0, 1, 1), (1, 0)): [700, 1381, 1651, 832, 426, 227, 85, 33, 27, 6, 3, 3, 0, 1, 1]
(0, (0, 1, 1), (1, 1)): [627, 1108, 1297, 584, 312, 150, 58, 21, 15, 4, 3, 0, 1, 0, 0, 0, 1]
(0, (0, 1, 1), (1, 2)): [511, 692, 766, 345, 198, 98, 36, 12, 8, 2, 1, 1, 0, 0, 0, 0, 1]
(0, (0, 1, 1), (2, 0)): [272, 609, 628, 364, 211, 119, 40, 14, 16, 5, 1, 1, 0, 1, 1]
(0, (0, 1, 1), (2, 1)): [314, 630, 739, 361, 169, 86, 32, 16, 10, 7, 1, 0, 1, 0, 1]
(0, (0, 1, 1), (2, 2)): [407, 622, 655, 312, 157, 86, 30, 13, 7, 6, 2, 1, 0, 0, 0, 0, 1]
(0, (0, 1, 1), (3, 0)): [142, 284, 265, 176, 123, 67, 22, 6, 10, 1, 1, 1, 0, 1]
(0, (0, 1, 1), (3, 1)): [127, 246, 294, 163, 113, 49, 18, 8, 10, 2, 0, 0, 0, 0, 1]
(0, (0, 1, 1), (3, 2)): [232, 324, 386, 212, 107, 68, 26, 11, 11, 2, 2, 0, 0, 0, 0, 0, 1]
(0, (1, 0, 0), (0, 0)): [418413, 140192, 89817, 44663, 21356, 9591, 3982, 1694, 718, 304, 148, 59, 24, 14, 3, 1, 1, 1]
(0, (1, 0, 0), (0, 1)): [48875, 14874, 9974, 4935, 2384, 1086, 443, 173, 91, 27, 10, 5, 1, 1]
(0, (1, 0, 0), (0, 2)): [18357, 4858, 3317, 1575, 741, 323, 158, 52, 28, 8, 5, 2]
(0, (1, 0, 0), (1, 0)): [43695, 15603, 10956, 5721, 2849, 1288, 523, 231, 90, 42, 27, 9, 1, 5, 1, 0, 1]
(0, (1, 0, 0), (1, 1)): [37799, 12198, 8379, 4272, 2012, 968, 372, 149, 69, 29, 9, 4, 1, 2]
(0, (1, 0, 0), (1, 2)): [24442, 6855, 4780, 2361, 1106, 493, 210, 82, 44, 13, 2, 2]
(0, (1, 0, 0), (2, 0)): [13600, 5315, 3876, 2174, 1126, 513, 217, 98, 29, 19, 14, 2, 1, 3, 0, 0, 1]
(0, (1, 0, 0), (2, 1)): [18425, 6485, 4533, 2444, 1149, 555, 224, 90, 41, 19, 10, 4, 0, 4, 0, 0, 1]
(0, (1, 0, 0), (2, 2)): [17792, 5468, 3827, 1888, 932, 385, 189, 77, 41, 16, 7, 2, 0, 2]
(0, (1, 0, 0), (3, 0)): [3497, 1663, 1269, 846, 459, 202, 86, 38, 11, 8, 5, 1]
(0, (1, 0, 0), (3, 1)): [6534, 2721, 1982, 1264, 613, 303, 117, 48, 20, 9, 7, 2, 0, 2]
(0, (1, 0, 0), (3, 2)): [8347, 3163, 2190, 1274, 628, 269, 129, 59, 29, 10, 5, 1, 0, 1]
(0, (1, 0, 1), (0, 0)): [9875, 30183, 12390, 8716, 4600, 2134, 1008, 405, 199, 78, 43, 18, 8, 2, 2, 0, 0, 1]
(0, (1, 0, 1), (0, 1)): [1163, 3278, 1342, 984, 501, 245, 116, 30, 19, 8, 2, 0, 3, 1]
(0, (1, 0, 1), (0, 2)): [537, 1154, 456, 319, 165, 84, 36, 10, 5, 1, 0, 0, 1, 1]
(0, (1, 0, 1), (1, 0)): [1030, 3445, 1424, 1071, 593, 294, 110, 56, 30, 12, 10, 1, 0, 0, 1]
(0, (1, 0, 1), (1, 1)): [923, 2643, 1115, 810, 421, 190, 84, 36, 24, 8, 5]
(0, (1, 0, 1), (1, 2)): [736, 1543, 640, 437, 236, 95, 48, 17, 9, 2, 1, 0, 1]
(0, (1, 0, 1), (2, 0)): [344, 1166, 492, 374, 219, 125, 43, 19, 6, 6, 5, 1]
(0, (1, 0, 1), (2, 1)): [442, 1374, 587, 441, 224, 127, 47, 18, 16, 7, 5]
(0, (1, 0, 1), (2, 2)): [571, 1185, 506, 369, 192, 95, 46, 21, 4, 4, 3]
(0, (1, 0, 1), (3, 0)): [116, 355, 175, 102, 86, 55, 17, 7, 1, 2, 1, 1]
(0, (1, 0, 1), (3, 1)): [168, 462, 252, 187, 130, 70, 18, 7, 9, 5, 2]
(0, (1, 0, 1), (3, 2)): [276, 579, 313, 214, 135, 78, 27, 11, 8, 8, 4]
(0, (1, 1, 0), (0, 0)): [58745, 37440, 27987, 20220, 10756, 5057, 2132, 989, 415, 186, 89, 34, 12, 5, 0, 0, 1]
(0, (1, 1, 0), (0, 1)): [7750, 4313, 2941, 2280, 1296, 559, 253, 107, 44, 15, 10, 5, 0, 1, 0, 0, 1]
(0, (1, 1, 0), (0, 2)): [3117, 1491, 984, 765, 428, 188, 76, 38, 19, 8, 3]
(0, (1, 1, 0), (1, 0)): [6142, 4129, 3161, 2470, 1272, 666, 267, 114, 49, 20, 10, 4, 2, 2]
(0, (1, 1, 0), (1, 1)): [5722, 3320, 2448, 1934, 998, 487, 195, 82, 26, 11, 9, 2, 2, 2, 0, 0, 1]
(0, (1, 1, 0), (1, 2)): [4070, 1991, 1394, 1170, 583, 253, 102, 46, 18, 11, 3, 1, 0, 1, 0, 0, 1]
(0, (1, 1, 0), (2, 0)): [1826, 1392, 1099, 836, 491, 256, 119, 50, 26, 10, 5, 3, 0, 1]
(0, (1, 1, 0), (2, 1)): [2649, 1701, 1339, 1017, 558, 267, 116, 50, 27, 8, 8, 3, 2]
(0, (1, 1, 0), (2, 2)): [2869, 1536, 1140, 927, 472, 226, 92, 43, 17, 10, 3, 1, 0, 0, 0, 0, 1]
(0, (1, 1, 0), (3, 0)): [431, 449, 390, 281, 186, 105, 47, 22, 10, 5, 2, 1, 0, 1]
(0, (1, 1, 0), (3, 1)): [940, 738, 594, 461, 294, 168, 73, 25, 17, 7, 4, 1, 2]
(0, (1, 1, 0), (3, 2)): [1341, 857, 704, 575, 314, 166, 69, 36, 14, 4, 2, 0, 0, 0, 0, 0, 1]
(0, (1, 1, 1), (0, 0)): [5621, 10982, 8954, 6603, 5336, 2661, 1223, 581, 281, 118, 61, 20, 7, 4, 1, 0, 1]
(0, (1, 1, 1), (0, 1)): [793, 1384, 1127, 758, 659, 331, 138, 65, 40, 16, 6, 3, 2, 1]
(0, (1, 1, 1), (0, 2)): [417, 548, 403, 268, 233, 120, 41, 21, 13, 5, 3, 1, 1]
(0, (1, 1, 1), (1, 0)): [534, 1292, 1082, 785, 632, 345, 145, 51, 39, 12, 7, 3, 0, 1, 0, 0, 1]
(0, (1, 1, 1), (1, 1)): [528, 1120, 923, 630, 510, 287, 125, 55, 31, 13, 5, 1, 1, 1, 0, 0, 1]
(0, (1, 1, 1), (1, 2)): [480, 767, 581, 387, 333, 164, 69, 29, 18, 4, 3, 1, 0, 1, 0, 0, 1]
(0, (1, 1, 1), (2, 0)): [144, 385, 359, 279, 250, 129, 45, 21, 10, 5, 2, 2, 0, 1]
(0, (1, 1, 1), (2, 1)): [243, 503, 454, 332, 264, 153, 58, 32, 20, 8, 2, 0, 1]
(0, (1, 1, 1), (2, 2)): [298, 555, 453, 314, 246, 134, 55, 28, 15, 6, 1, 1, 1]
(0, (1, 1, 1), (3, 0)): [30, 117, 97, 99, 76, 50, 23, 11, 2, 2, 2, 1, 0, 1]
(0, (1, 1, 1), (3, 1)): [77, 189, 192, 142, 114, 65, 35, 12, 6, 3, 1, 1, 0, 1]
(0, (1, 1, 1), (3, 2)): [117, 273, 259, 183, 158, 80, 47, 17, 12, 4, 1, 1, 1, 1]
(1, (0, 0, 0), (0, 0)): [1612013, 179185, 73248, 29042, 11321, 4321, 1677, 614, 215, 85, 33, 21, 7, 3, 0, 1]
(1, (0, 0, 0), (0, 1)): [210353, 22254, 8922, 3567, 1419, 519, 195, 86, 20, 5, 2, 3, 0, 1]
(1, (0, 0, 0), (0, 2)): [80216, 7186, 2877, 1080, 430, 154, 52, 24, 3, 2, 0, 2]
(1, (0, 0, 0), (1, 0)): [192112, 24654, 10412, 4206, 1678, 642, 261, 82, 29, 12, 4, 3, 0, 0, 0, 1]
(1, (0, 0, 0), (1, 1)): [183407, 20784, 8464, 3400, 1382, 495, 210, 77, 23, 8, 4, 1, 0, 1]
(1, (0, 0, 0), (1, 2)): [123182, 11758, 4682, 1882, 773, 282, 108, 33, 9, 5, 0, 1]
(1, (0, 0, 0), (2, 0)): [64385, 9328, 4234, 1750, 694, 283, 117, 39, 12, 5, 2, 2, 0, 0, 0, 1]
(1, (0, 0, 0), (2, 1)): [97805, 12387, 5381, 2129, 895, 335, 120, 60, 12, 7, 5, 1]
(1, (0, 0, 0), (2, 2)): [100753, 10668, 4545, 1871, 746, 283, 95, 43, 12, 6, 1]
(1, (0, 0, 0), (3, 0)): [19256, 3137, 1747, 741, 281, 124, 63, 14, 8, 3, 1, 1, 0, 0, 0, 1]
(1, (0, 0, 0), (3, 1)): [39152, 5972, 2950, 1227, 510, 199, 82, 29, 6, 3, 3]
(1, (0, 0, 0), (3, 2)): [55482, 7149, 3425, 1451, 605, 226, 76, 35, 9, 6, 3]
(1, (0, 0, 1), (0, 0)): [44502, 64263, 12788, 5513, 2272, 941, 355, 134, 63, 24, 13, 7, 4, 2]
(1, (0, 0, 1), (0, 1)): [5187, 6401, 1322, 526, 191, 89, 41, 10, 2, 0, 2, 1]
(1, (0, 0, 1), (0, 2)): [2274, 2099, 401, 149, 66, 26, 17, 2, 2, 0, 0, 1]
(1, (0, 0, 1), (1, 0)): [5543, 8356, 1770, 869, 354, 165, 48, 18, 13, 4, 1]
(1, (0, 0, 1), (1, 1)): [4812, 6224, 1295, 563, 221, 95, 30, 9, 4, 2, 1]
(1, (0, 0, 1), (1, 2)): [3571, 3450, 671, 288, 126, 50, 22, 3, 4, 0, 0, 1]
(1, (0, 0, 1), (2, 0)): [2267, 3412, 800, 443, 180, 84, 30, 12, 8, 2, 1]
(1, (0, 0, 1), (2, 1)): [2745, 3764, 819, 391, 153, 70, 20, 9, 5, 2, 1]
(1, (0, 0, 1), (2, 2)): [3110, 3182, 673, 307, 117, 50, 24, 6, 3, 0, 1, 1]
(1, (0, 0, 1), (3, 0)): [1061, 1366, 370, 242, 101, 47, 13, 6, 1, 0, 1]
(1, (0, 0, 1), (3, 1)): [1210, 1605, 414, 221, 84, 41, 13, 6, 2, 1]
(1, (0, 0, 1), (3, 2)): [1892, 1976, 473, 253, 106, 46, 20, 7, 3, 0, 1]
(1, (0, 1, 0), (0, 0)): [220659, 96645, 35372, 15289, 6191, 2498, 858, 384, 116, 54, 28, 9, 9, 2, 1]
(1, (0, 1, 0), (0, 1)): [26389, 10391, 3855, 1608, 646, 293, 94, 46, 12, 7, 4]
(1, (0, 1, 0), (0, 2)): [10296, 3635, 1280, 495, 183, 99, 32, 15, 3, 3]
(1, (0, 1, 0), (1, 0)): [29406, 12395, 4990, 2458, 1033, 409, 145, 65, 23, 9, 4, 0, 0, 1]
(1, (0, 1, 0), (1, 1)): [24354, 9652, 3698, 1707, 712, 286, 96, 34, 14, 3, 3, 0, 0, 1]
(1, (0, 1, 0), (1, 2)): [16198, 5764, 2067, 864, 318, 143, 48, 26, 7, 5]
(1, (0, 1, 0), (2, 0)): [12369, 5031, 2208, 1255, 537, 211, 77, 44, 13, 6, 4]
(1, (0, 1, 0), (2, 1)): [14190, 5650, 2383, 1175, 519, 192, 73, 32, 9, 4, 3, 0, 0, 1]
(1, (0, 1, 0), (2, 2)): [14139, 5033, 1969, 866, 358, 154, 46, 21, 8, 5, 1]
(1, (0, 1, 0), (3, 0)): [5648, 2081, 982, 695, 318, 122, 44, 21, 9, 3, 2]
(1, (0, 1, 0), (3, 1)): [6710, 2521, 1192, 718, 342, 115, 48, 25, 11, 2, 2, 0, 0, 1]
(1, (0, 1, 0), (3, 2)): [8752, 3093, 1385, 734, 335, 121, 42, 19, 5, 6, 2, 0, 0, 1]
(1, (0, 1, 1), (0, 0)): [34565, 29018, 25484, 10294, 5308, 2083, 823, 329, 148, 49, 13, 7, 2, 2, 0, 1]
(1, (0, 1, 1), (0, 1)): [3610, 2797, 2360, 970, 444, 160, 80, 35, 9, 1, 1]
(1, (0, 1, 1), (0, 2)): [1682, 908, 821, 344, 172, 51, 27, 15, 1, 1, 1]
(1, (0, 1, 1), (1, 0)): [4811, 4398, 3303, 1460, 931, 360, 139, 58, 22, 10]
(1, (0, 1, 1), (1, 1)): [3160, 2584, 2133, 871, 425, 153, 63, 27, 12, 4]
(1, (0, 1, 1), (1, 2)): [2544, 1484, 1317, 529, 267, 85, 39, 21, 4, 3, 1]
(1, (0, 1, 1), (2, 0)): [2744, 2369, 1711, 833, 625, 252, 104, 42, 15, 6]
(1, (0, 1, 1), (2, 1)): [1713, 1472, 1189, 539, 278, 113, 46, 14, 6, 3]
(1, (0, 1, 1), (2, 2)): [2111, 1279, 1128, 480, 246, 76, 31, 12, 5, 2]
(1, (0, 1, 1), (3, 0)): [1995, 1602, 1072, 579, 510, 200, 82, 35, 12, 5]
(1, (0, 1, 1), (3, 1)): [737, 667, 515, 246, 145, 78, 29, 12, 3, 3]
(1, (0, 1, 1), (3, 2)): [1189, 831, 621, 314, 187, 67, 25, 13, 4, 3]
(1, (1, 0, 0), (0, 0)): [606072, 108025, 69963, 29835, 12169, 4833, 1922, 689, 271, 111, 44, 29, 5, 3, 0, 2]
(1, (1, 0, 0), (0, 1)): [71280, 11431, 7656, 3302, 1328, 530, 222, 76, 19, 11, 6, 3]
(1, (1, 0, 0), (0, 2)): [26558, 3666, 2443, 981, 395, 175, 77, 18, 4, 4, 2]
(1, (1, 0, 0), (1, 0)): [68662, 13220, 9272, 4147, 1733, 696, 287, 103, 30, 14, 5, 2, 1, 0, 0, 1]
(1, (1, 0, 0), (1, 1)): [58191, 10029, 6878, 3029, 1219, 470, 189, 71, 21, 8, 6, 5, 0, 0, 0, 1]
(1, (1, 0, 0), (1, 2)): [37428, 5602, 3774, 1599, 624, 246, 102, 40, 8, 5, 4, 1]
(1, (1, 0, 0), (2, 0)): [22443, 4692, 3399, 1711, 713, 297, 129, 41, 15, 6, 1, 0, 1]
(1, (1, 0, 0), (2, 1)): [29394, 5536, 3905, 1882, 737, 313, 128, 40, 16, 3, 4, 3, 0, 0, 0, 1]
(1, (1, 0, 0), (2, 2)): [28336, 4617, 3132, 1409, 566, 234, 94, 35, 6, 4, 3, 1]
(1, (1, 0, 0), (3, 0)): [6296, 1572, 1055, 680, 310, 119, 54, 13, 5, 4, 0, 0, 1]
(1, (1, 0, 0), (3, 1)): [11266, 2610, 1736, 1002, 411, 161, 72, 18, 9, 4, 2, 1, 0, 0, 0, 1]
(1, (1, 0, 0), (3, 2)): [14225, 2963, 1867, 985, 400, 173, 72, 20, 9, 4, 4, 2, 0, 0, 0, 1]
(1, (1, 0, 1), (0, 0)): [49234, 56717, 18342, 12378, 5373, 2201, 855, 340, 117, 67, 20, 7, 0, 1]
(1, (1, 0, 1), (0, 1)): [6355, 5760, 1856, 1270, 566, 241, 85, 25, 17, 7, 2]
(1, (1, 0, 1), (0, 2)): [2750, 1842, 628, 426, 193, 81, 34, 14, 6, 3, 1]
(1, (1, 0, 1), (1, 0)): [5645, 6468, 2186, 1590, 739, 299, 110, 56, 14, 11, 0, 1]
(1, (1, 0, 1), (1, 1)): [4991, 4819, 1577, 1122, 471, 206, 69, 21, 8, 4, 0, 1]
(1, (1, 0, 1), (1, 2)): [3619, 2663, 944, 633, 262, 120, 31, 22, 5, 3, 1]
(1, (1, 0, 1), (2, 0)): [1943, 2141, 788, 579, 318, 126, 46, 25, 6, 6]
(1, (1, 0, 1), (2, 1)): [2458, 2453, 826, 625, 301, 111, 48, 15, 8, 3, 0, 1]
(1, (1, 0, 1), (2, 2)): [2617, 2028, 772, 513, 249, 89, 36, 14, 7, 2]
(1, (1, 0, 1), (3, 0)): [666, 726, 283, 204, 139, 57, 17, 7, 1, 3]
(1, (1, 0, 1), (3, 1)): [930, 990, 384, 278, 161, 68, 20, 11, 2, 2, 0, 1]
(1, (1, 0, 1), (3, 2)): [1303, 1160, 481, 327, 198, 76, 28, 11, 6, 2, 0, 1]
(1, (1, 1, 0), (0, 0)): [168840, 51536, 34406, 24907, 10486, 4346, 1692, 671, 262, 106, 43, 21, 9, 5, 1]
(1, (1, 1, 0), (0, 1)): [22032, 5857, 3665, 2826, 1224, 500, 178, 70, 25, 12, 7, 3]
(1, (1, 1, 0), (0, 2)): [8843, 2057, 1220, 950, 402, 163, 50, 20, 6, 1, 2]
(1, (1, 1, 0), (1, 0)): [19134, 6354, 4277, 3331, 1436, 601, 261, 89, 27, 16, 9, 2, 2, 1]
(1, (1, 1, 0), (1, 1)): [17388, 5037, 3354, 2539, 1110, 442, 163, 69, 19, 20, 7, 2]
(1, (1, 1, 0), (1, 2)): [12340, 3012, 1890, 1467, 626, 205, 71, 39, 7, 4, 6, 2]
(1, (1, 1, 0), (2, 0)): [6113, 2291, 1495, 1185, 595, 273, 119, 38, 14, 4, 5, 1, 2, 1]
(1, (1, 1, 0), (2, 1)): [8566, 2796, 1910, 1439, 672, 312, 129, 35, 16, 8, 6, 0, 1]
(1, (1, 1, 0), (2, 2)): [9251, 2515, 1604, 1229, 584, 221, 86, 34, 10, 5, 3, 1]
(1, (1, 1, 0), (3, 0)): [1572, 848, 534, 351, 238, 111, 44, 21, 4, 1, 1, 1, 1]
(1, (1, 1, 0), (3, 1)): [3189, 1329, 920, 658, 379, 177, 66, 21, 9, 4, 4, 1, 1]
(1, (1, 1, 0), (3, 2)): [4472, 1569, 1084, 763, 436, 166, 66, 25, 6, 5, 2, 1, 1]
(1, (1, 1, 1), (0, 0)): [34434, 27587, 17427, 11386, 8565, 3637, 1489, 560, 229, 82, 27, 18, 9, 4, 1, 1]
(1, (1, 1, 1), (0, 1)): [4780, 3284, 2014, 1290, 1023, 406, 177, 63, 28, 8, 3, 1, 0, 1]
(1, (1, 1, 1), (0, 2)): [2248, 1134, 707, 462, 349, 118, 54, 16, 4, 4, 2, 0, 0, 1]
(1, (1, 1, 1), (1, 0)): [3659, 3314, 2037, 1309, 1116, 487, 219, 72, 28, 11, 3, 3, 2]
(1, (1, 1, 1), (1, 1)): [3558, 2734, 1711, 1097, 872, 364, 168, 62, 29, 7, 2, 2]
(1, (1, 1, 1), (1, 2)): [2821, 1590, 1033, 664, 513, 209, 92, 33, 12, 4, 1, 2, 0, 1]
(1, (1, 1, 1), (2, 0)): [939, 1091, 708, 450, 406, 202, 89, 35, 7, 4, 2, 1, 1]
(1, (1, 1, 1), (2, 1)): [1531, 1451, 870, 554, 453, 221, 97, 32, 13, 3, 2, 1]
(1, (1, 1, 1), (2, 2)): [1918, 1281, 833, 548, 438, 179, 91, 26, 10, 5, 1, 2, 0, 1]
(1, (1, 1, 1), (3, 0)): [162, 339, 231, 163, 121, 69, 32, 14, 3, 2, 0, 0, 1]
(1, (1, 1, 1), (3, 1)): [383, 607, 394, 246, 207, 114, 34, 21, 7, 2, 1, 0, 1]
(1, (1, 1, 1), (3, 2)): [748, 744, 496, 323, 264, 122, 52, 24, 5, 3, 2, 1, 0, 1]
(2, (0, 0, 0), (0, 0)): [1405487, 65652, 21895, 6958, 2322, 740, 252, 87, 14, 7, 5, 0, 1]
(2, (0, 0, 0), (0, 1)): [182689, 7733, 2557, 819, 294, 79, 31, 11, 2]
(2, (0, 0, 0), (0, 2)): [69014, 2073, 703, 228, 90, 19, 2, 5]
(2, (0, 0, 0), (1, 0)): [174046, 10182, 3575, 1091, 392, 109, 40, 12, 2, 0, 0, 0, 1]
(2, (0, 0, 0), (1, 1)): [162697, 7841, 2722, 824, 300, 89, 35, 6, 2]
(2, (0, 0, 0), (1, 2)): [107202, 3677, 1306, 428, 144, 40, 16, 6]
(2, (0, 0, 0), (2, 0)): [61674, 4061, 1685, 489, 181, 47, 18, 7, 1, 0, 0, 0, 1]
(2, (0, 0, 0), (2, 1)): [90560, 5113, 1978, 549, 188, 54, 21, 6, 2]
(2, (0, 0, 0), (2, 2)): [91482, 3841, 1477, 435, 146, 49, 15, 5]
(2, (0, 0, 0), (3, 0)): [19535, 1375, 779, 229, 84, 27, 8, 4, 0, 0, 0, 0, 1]
(2, (0, 0, 0), (3, 1)): [38287, 2581, 1251, 382, 118, 31, 9, 6, 1]
(2, (0, 0, 0), (3, 2)): [53551, 2899, 1362, 401, 133, 44, 12, 5, 1]
(2, (0, 0, 1), (0, 0)): [133490, 40072, 8265, 2801, 992, 340, 99, 34, 8, 5, 0, 2]
(2, (0, 0, 1), (0, 1)): [16363, 3980, 881, 276, 96, 39, 13, 4, 1, 2]
(2, (0, 0, 1), (0, 2)): [6457, 1203, 259, 79, 26, 11, 4, 0, 0, 1]
(2, (0, 0, 1), (1, 0)): [18891, 5270, 1325, 496, 186, 63, 17, 8, 2, 1, 0, 1]
(2, (0, 0, 1), (1, 1)): [15589, 3863, 871, 313, 115, 41, 8, 5, 1, 1]
(2, (0, 0, 1), (1, 2)): [10558, 2006, 433, 130, 59, 24, 6, 1, 0, 1]
(2, (0, 0, 1), (2, 0)): [8204, 2260, 663, 287, 106, 37, 11, 4, 1, 1, 0, 1]
(2, (0, 0, 1), (2, 1)): [9433, 2470, 659, 268, 97, 26, 7, 6, 0, 2]
(2, (0, 0, 1), (2, 2)): [9691, 1994, 516, 166, 74, 25, 5, 2]
(2, (0, 0, 1), (3, 0)): [3924, 938, 320, 173, 55, 23, 8, 1, 1, 0, 0, 1]
(2, (0, 0, 1), (3, 1)): [4465, 1202, 351, 189, 58, 19, 6, 4, 0, 1]
(2, (0, 0, 1), (3, 2)): [6227, 1381, 402, 177, 65, 19, 6, 2, 0, 1]
(2, (0, 1, 0), (0, 0)): [351495, 73501, 20273, 7123, 2394, 788, 243, 78, 17, 11, 7, 0, 1]
(2, (0, 1, 0), (0, 1)): [42091, 7323, 2043, 643, 256, 66, 20, 6, 3, 2, 1]
(2, (0, 1, 0), (0, 2)): [16508, 2173, 602, 172, 70, 13, 7, 1, 0, 1]
(2, (0, 1, 0), (1, 0)): [49531, 9767, 3311, 1371, 445, 151, 51, 21, 0, 1, 0, 0, 1]
(2, (0, 1, 0), (1, 1)): [39657, 7160, 2176, 744, 276, 77, 32, 12, 3, 1, 1]
(2, (0, 1, 0), (1, 2)): [26446, 3722, 992, 351, 127, 28, 14, 6, 0, 1]
(2, (0, 1, 0), (2, 0)): [22471, 4210, 1630, 833, 280, 90, 23, 11, 0, 1, 0, 0, 1]
(2, (0, 1, 0), (2, 1)): [23819, 4523, 1555, 585, 213, 61, 20, 5, 2, 1, 1, 0, 1]
(2, (0, 1, 0), (2, 2)): [23853, 3611, 1048, 415, 158, 35, 20, 7, 0, 2]
(2, (0, 1, 0), (3, 0)): [11511, 1839, 826, 563, 178, 55, 17, 11, 0, 1]
(2, (0, 1, 0), (3, 1)): [11133, 2132, 866, 422, 147, 47, 15, 5, 2, 0, 1, 0, 1]
(2, (0, 1, 0), (3, 2)): [15131, 2393, 884, 449, 157, 44, 24, 7, 0, 1, 0, 0, 1]
(2, (0, 1, 1), (0, 0)): [81026, 6928, 17289, 4879, 1925, 635, 201, 68, 22, 6, 4, 1, 0, 1]
(2, (0, 1, 1), (0, 1)): [9865, 634, 1693, 474, 162, 61, 12, 7, 1, 1]
(2, (0, 1, 1), (0, 2)): [4118, 216, 510, 150, 60, 18, 4, 1, 0, 1]
(2, (0, 1, 1), (1, 0)): [11752, 1145, 2286, 836, 382, 136, 39, 15, 3, 0, 2]
(2, (0, 1, 1), (1, 1)): [9076, 639, 1625, 500, 177, 74, 15, 9, 3]
(2, (0, 1, 1), (1, 2)): [6664, 360, 901, 263, 102, 31, 5, 3, 0, 1]
(2, (0, 1, 1), (2, 0)): [5713, 657, 1046, 451, 254, 85, 24, 10, 1, 0, 2]
(2, (0, 1, 1), (2, 1)): [5312, 437, 994, 333, 143, 56, 11, 5, 3, 0, 1]
(2, (0, 1, 1), (2, 2)): [5877, 402, 838, 267, 105, 47, 7, 4, 2]
(2, (0, 1, 1), (3, 0)): [3382, 455, 542, 268, 180, 64, 20, 9, 0, 0, 1]
(2, (0, 1, 1), (3, 1)): [2574, 231, 460, 181, 95, 34, 10, 6, 1, 0, 1]
(2, (0, 1, 1), (3, 2)): [3760, 319, 574, 210, 100, 51, 8, 7, 3]
(2, (1, 0, 0), (0, 0)): [734344, 53386, 35322, 11219, 3684, 1175, 455, 131, 30, 13, 7, 1, 1]
(2, (1, 0, 0), (0, 1)): [85799, 5267, 3695, 1185, 404, 131, 58, 20, 8, 0, 0, 1]
(2, (1, 0, 0), (0, 2)): [31861, 1427, 946, 315, 113, 29, 19, 3, 4]
(2, (1, 0, 0), (1, 0)): [85224, 7094, 5075, 1750, 601, 171, 74, 19, 3, 1, 0, 0, 1]
(2, (1, 0, 0), (1, 1)): [72502, 4865, 3467, 1163, 381, 117, 49, 15, 4]
(2, (1, 0, 0), (1, 2)): [46263, 2294, 1547, 557, 188, 49, 23, 3, 4]
(2, (1, 0, 0), (2, 0)): [28881, 2802, 1901, 824, 277, 81, 36, 13, 2, 1, 0, 0, 1]
(2, (1, 0, 0), (2, 1)): [38106, 3021, 2120, 785, 260, 80, 36, 10, 1, 0, 0, 0, 1]
(2, (1, 0, 0), (2, 2)): [36339, 2245, 1466, 532, 204, 52, 29, 4, 3]
(2, (1, 0, 0), (3, 0)): [8589, 1052, 629, 394, 124, 37, 14, 6, 1, 1]
(2, (1, 0, 0), (3, 1)): [15419, 1597, 1036, 536, 140, 51, 19, 5, 1, 1, 0, 0, 1]
(2, (1, 0, 0), (3, 2)): [19318, 1678, 1075, 489, 156, 53, 20, 6, 1, 1, 0, 0, 1]
(2, (1, 0, 1), (0, 0)): [128542, 30555, 12092, 7505, 2498, 809, 275, 88, 30, 9, 2, 4, 1]
(2, (1, 0, 1), (0, 1)): [16593, 3232, 1191, 803, 290, 92, 27, 7, 4, 1, 1, 1]
(2, (1, 0, 1), (0, 2)): [6658, 964, 351, 224, 85, 19, 4, 2, 1]
(2, (1, 0, 1), (1, 0)): [16301, 3631, 1659, 1174, 440, 124, 50, 14, 1, 1, 0, 1]
(2, (1, 0, 1), (1, 1)): [13986, 2813, 1176, 761, 309, 96, 38, 9, 3, 1, 1, 2]
(2, (1, 0, 1), (1, 2)): [9474, 1448, 594, 370, 147, 45, 18, 4, 3, 0, 0, 1]
(2, (1, 0, 1), (2, 0)): [5879, 1284, 691, 470, 193, 53, 19, 8, 1]
(2, (1, 0, 1), (2, 1)): [7625, 1529, 744, 450, 222, 68, 20, 8, 0, 1, 0, 1]
(2, (1, 0, 1), (2, 2)): [7354, 1176, 559, 329, 138, 50, 18, 4, 3, 0, 0, 1]
(2, (1, 0, 1), (3, 0)): [1989, 406, 281, 186, 77, 19, 12, 3, 1]
(2, (1, 0, 1), (3, 1)): [3313, 619, 376, 240, 135, 28, 16, 4, 1, 1]
(2, (1, 0, 1), (3, 2)): [4125, 626, 434, 234, 128, 40, 12, 5, 3]
(2, (1, 1, 0), (0, 0)): [287771, 43538, 22066, 15226, 4929, 1591, 541, 184, 56, 27, 10, 2, 2, 1]
(2, (1, 1, 0), (0, 1)): [36823, 4711, 2243, 1652, 497, 148, 56, 28, 3, 3, 2, 1, 1]
(2, (1, 1, 0), (0, 2)): [15027, 1386, 662, 481, 143, 43, 13, 9, 2, 1]
(2, (1, 1, 0), (1, 0)): [34217, 5255, 2991, 2209, 828, 240, 96, 24, 8, 4, 1]
(2, (1, 1, 0), (1, 1)): [31047, 4212, 2174, 1586, 489, 157, 56, 24, 6, 3, 2, 1, 1]
(2, (1, 1, 0), (1, 2)): [21854, 2195, 1129, 766, 234, 79, 22, 16, 4, 1, 1]
(2, (1, 1, 0), (2, 0)): [11789, 1871, 1229, 864, 427, 118, 49, 10, 2, 3]
(2, (1, 1, 0), (2, 1)): [16412, 2287, 1399, 993, 384, 103, 45, 13, 4, 2, 0, 0, 1]
(2, (1, 1, 0), (2, 2)): [17314, 1878, 1107, 738, 277, 73, 35, 16, 7, 1, 1]
(2, (1, 1, 0), (3, 0)): [3810, 601, 502, 289, 214, 66, 25, 4, 0, 2]
(2, (1, 1, 0), (3, 1)): [6957, 1020, 787, 495, 283, 71, 32, 3, 0, 0, 0, 0, 1]
(2, (1, 1, 0), (3, 2)): [9663, 1136, 895, 544, 303, 63, 31, 11, 4, 0, 1]
(2, (1, 1, 1), (0, 0)): [84475, 12336, 14075, 7040, 5263, 1637, 568, 190, 59, 15, 10, 3, 1, 1]
(2, (1, 1, 1), (0, 1)): [12124, 1283, 1588, 813, 631, 174, 70, 19, 6, 0, 3, 0, 1]
(2, (1, 1, 1), (0, 2)): [5275, 403, 449, 242, 165, 51, 22, 5, 1, 0, 2]
(2, (1, 1, 1), (1, 0)): [9443, 2114, 1786, 1002, 789, 264, 89, 32, 9, 4, 1, 2]
(2, (1, 1, 1), (1, 1)): [9565, 1364, 1486, 799, 612, 176, 66, 20, 6, 1, 1, 0, 1]
(2, (1, 1, 1), (1, 2)): [7346, 698, 754, 367, 298, 96, 28, 10, 3, 1, 2]
(2, (1, 1, 1), (2, 0)): [2648, 1228, 609, 397, 324, 113, 35, 12, 4, 3, 0, 2]
(2, (1, 1, 1), (2, 1)): [4335, 1131, 817, 522, 383, 134, 47, 8, 3, 0, 0, 0, 1]
(2, (1, 1, 1), (2, 2)): [5226, 834, 672, 404, 291, 106, 32, 8, 3, 1, 2]
(2, (1, 1, 1), (3, 0)): [452, 760, 169, 176, 100, 53, 17, 9, 2, 3, 0, 1]
(2, (1, 1, 1), (3, 1)): [1276, 935, 315, 297, 195, 74, 27, 7, 1, 3, 0, 1]
(2, (1, 1, 1), (3, 2)): [2210, 945, 404, 368, 224, 90, 34, 8, 2, 1, 2]
