(0, (0, 0, 0)): [15143, 3234, 1485, 674, 332, 157, 39, 35, 8, 6, 4, 1]
(0, (0, 0, 1)): [63, 224, 46, 22, 18, 9, 3, 1]
(0, (0, 1, 0)): [521, 498, 211, 115, 47, 28, 9, 3, 1, 0, 1]
(0, (0, 1, 1)): [41, 78, 90, 47, 26, 16, 5, 1, 3, 0, 0, 1]
(0, (1, 0, 0)): [3194, 1145, 753, 344, 196, 94, 23, 23, 4, 5, 2, 1]
(0, (1, 0, 1)): [73, 279, 100, 77, 44, 16, 9, 5, 2, 1, 1]
(0, (1, 1, 0)): [427, 334, 265, 161, 98, 55, 9, 14, 3, 4, 2]
(0, (1, 1, 1)): [42, 101, 82, 64, 55, 29, 4, 10, 4, 1, 3]
(1, (0, 0, 0)): [12297, 1441, 553, 231, 99, 30, 8, 10, 2, 1, 1]
(1, (0, 0, 1)): [329, 502, 102, 37, 20, 10, 2, 1]
(1, (0, 1, 0)): [1633, 815, 269, 105, 51, 14, 5, 6, 0, 1, 2]
(1, (0, 1, 1)): [264, 237, 194, 71, 47, 25, 6, 4, 2, 1]
(1, (1, 0, 0)): [4875, 890, 566, 257, 91, 45, 15, 8, 4]
(1, (1, 0, 1)): [363, 460, 156, 97, 43, 15, 5, 3, 2, 1]
(1, (1, 1, 0)): [1317, 453, 303, 219, 86, 37, 15, 13, 3, 0, 2]
(1, (1, 1, 1)): [283, 252, 173, 89, 73, 36, 13, 7, 2, 1, 1]
(2, (0, 0, 0)): [10566, 505, 167, 60, 22, 11, 1, 1]
(2, (0, 0, 1)): [920, 293, 46, 24, 4]
(2, (0, 1, 0)): [2612, 612, 165, 48, 23, 7]
(2, (0, 1, 1)): [609, 45, 141, 32, 16, 5, 0, 2]
(2, (1, 0, 0)): [5984, 440, 292, 89, 33, 12, 0, 1]
(2, (1, 0, 1)): [876, 230, 77, 60, 9, 0, 1]
(2, (1, 1, 0)): [2493, 391, 185, 121, 44, 14, 2, 2]
(2, (1, 1, 1)): [738, 104, 119, 58, 42, 15, 4, 3]
