(0, (0, 0, 0)): [2411895, 493245, 226425, 103710, 46573, 19856, 8279, 3331, 1369, 590, 262, 121, 44, 23, 6, 1, 1, 1]
(0, (0, 0, 1)): [8737, 27242, 7471, 3647, 1743, 754, 335, 135, 56, 33, 20, 4, 4, 3]
(0, (0, 1, 0)): [89674, 83891, 33067, 16423, 7782, 3368, 1455, 590, 249, 127, 46, 19, 9, 6, 3, 0, 1]
(0, (0, 1, 1)): [7087, 12474, 14803, 6901, 3619, 1747, 750, 327, 164, 72, 22, 15, 4, 4, 2, 0, 1, 1]
(0, (1, 0, 0)): [503509, 166082, 108317, 54004, 25902, 11529, 4839, 2057, 873, 378, 180, 71, 27, 17, 4, 1, 1, 1]
(0, (1, 0, 1)): [11736, 35766, 14561, 10433, 5466, 2547, 1196, 492, 240, 100, 53, 20, 11, 3, 2, 0, 0, 1]
(0, (1, 1, 0)): [72204, 45332, 33451, 24515, 13032, 6079, 2617, 1204, 504, 230, 107, 43, 14, 6, 1, 0, 1]
(0, (1, 1, 1)): [6949, 13611, 10886, 7912, 6489, 3237, 1506, 712, 344, 143, 69, 26, 8, 4, 1, 0, 1]
(1, (0, 0, 0)): [1972205, 220593, 89943, 35720, 14010, 5336, 2064, 732, 263, 105, 38, 23, 8, 3, 0, 1]
(1, (0, 0, 1)): [53266, 76538, 15264, 6725, 2738, 1119, 435, 156, 74, 26, 15, 9, 4, 2]
(1, (0, 1, 0)): [266346, 115030, 42679, 18525, 7486, 3009, 1061, 454, 142, 67, 34, 10, 10, 2, 1]
(1, (0, 1, 1)): [41334, 34893, 30187, 12300, 6321, 2509, 1016, 404, 170, 58, 20, 10, 3, 2, 0, 1]
(1, (1, 0, 0)): [732413, 128572, 85100, 36295, 14834, 5892, 2313, 839, 328, 140, 51, 32, 7, 3, 0, 2]
(1, (1, 0, 1)): [59582, 67329, 21665, 14851, 6427, 2658, 1030, 407, 145, 78, 23, 10, 2, 1]
(1, (1, 1, 0)): [206018, 61809, 41166, 30267, 12714, 5287, 2060, 819, 318, 130, 49, 25, 10, 5, 1]
(1, (1, 1, 1)): [42111, 33717, 21045, 13714, 10529, 4497, 1835, 692, 281, 102, 34, 22, 9, 4, 1, 1]
(2, (0, 0, 0)): [1723209, 81728, 27034, 8652, 2892, 907, 312, 104, 21, 8, 5, 0, 1]
(2, (0, 0, 1)): [162476, 47459, 9989, 3452, 1210, 420, 119, 42, 9, 6, 0, 2]
(2, (0, 1, 0)): [427469, 87840, 24736, 8818, 2958, 945, 300, 88, 22, 13, 7, 0, 1]
(2, (0, 1, 1)): [99478, 8323, 20608, 6001, 2353, 788, 255, 81, 25, 7, 5, 1, 0, 1]
(2, (1, 0, 0)): [886279, 64082, 43166, 13805, 4533, 1442, 545, 159, 38, 15, 7, 1, 1]
(2, (1, 0, 1)): [156592, 36368, 14387, 9190, 3046, 986, 333, 97, 32, 11, 2, 4, 2]
(2, (1, 1, 0)): [348459, 51961, 26332, 18694, 6020, 1935, 650, 219, 69, 29, 10, 3, 2, 1]
(2, (1, 1, 1)): [103459, 15041, 17106, 8553, 6501, 2027, 686, 232, 79, 19, 10, 4, 1, 1]
