(0, (0, 0, 0)): [474360, 97300, 45778, 21212, 9602, 4200, 1783, 759, 311, 152, 65, 24, 14, 3, 2]
(0, (0, 0, 1)): [2320, 7647, 2142, 1016, 500, 204, 102, 53, 22, 8, 4, 1, 3]
(0, (0, 1, 0)): [15687, 16166, 6225, 2930, 1492, 675, 281, 119, 56, 33, 10, 3, 1]
(0, (0, 1, 1)): [1385, 2543, 3353, 1528, 788, 375, 170, 73, 41, 15, 6, 2, 0, 1, 1]
(0, (1, 0, 0)): [106134, 37965, 23423, 11793, 5624, 2551, 1090, 484, 198, 102, 46, 15, 9, 3, 2]
(0, (1, 0, 1)): [2519, 7818, 3524, 2342, 1290, 605, 314, 126, 60, 27, 12, 8, 2, 0, 1]
(0, (1, 1, 0)): [13944, 9431, 7817, 5298, 2867, 1324, 585, 293, 110, 59, 32, 7, 5, 1]
(0, (1, 1, 1)): [1462, 2678, 2338, 1926, 1503, 751, 355, 175, 80, 41, 21, 4, 1, 1, 1]
(1, (0, 0, 0)): [375531, 40989, 17083, 6808, 2718, 1085, 428, 175, 64, 23, 10, 6, 2]
(1, (0, 0, 1)): [12488, 19766, 3880, 1622, 702, 278, 120, 61, 22, 9, 5, 3, 2]
(1, (0, 1, 0)): [55749, 27735, 9429, 3905, 1613, 687, 243, 108, 33, 21, 5, 4, 3]
(1, (0, 1, 1)): [9473, 8243, 8399, 3250, 1520, 613, 237, 97, 49, 17, 7, 4, 1, 1]
(1, (1, 0, 0)): [154294, 29621, 17727, 7759, 3125, 1311, 492, 196, 82, 35, 13, 10, 2, 2]
(1, (1, 0, 1)): [12312, 15835, 5559, 3514, 1479, 644, 237, 95, 36, 27, 8, 2]
(1, (1, 1, 0)): [39849, 12802, 9379, 6169, 2706, 1164, 452, 183, 68, 28, 8, 6, 1, 3]
(1, (1, 1, 1)): [7917, 6594, 4344, 3115, 2114, 946, 390, 157, 61, 24, 8, 4, 1, 1]
(2, (0, 0, 0)): [322682, 13859, 4717, 1482, 521, 197, 69, 27, 5, 1, 2]
(2, (0, 0, 1)): [37719, 12865, 2285, 773, 261, 98, 39, 11, 0, 1]
(2, (0, 1, 0)): [90994, 21454, 5207, 1747, 561, 200, 72, 20, 5, 1]
(2, (0, 1, 1)): [22870, 2046, 5538, 1451, 534, 192, 60, 19, 10, 3, 1]
(2, (1, 0, 0)): [189410, 14824, 8126, 2688, 891, 300, 117, 38, 11, 2, 2]
(2, (1, 0, 1)): [32382, 8809, 3800, 1940, 620, 233, 77, 32, 10, 1, 0, 1]
(2, (1, 1, 0)): [65663, 10334, 5729, 3366, 1070, 395, 124, 37, 18, 6, 3, 0, 0, 1]
(2, (1, 1, 1)): [19598, 2962, 3444, 1832, 1226, 423, 140, 47, 21, 4, 3, 0, 0, 1]
