(0, (0, 0, 0)): [369399, 74920, 34931, 15979, 7242, 3126, 1367, 562, 221, 104, 51, 18, 10, 3, 2]
(0, (0, 0, 1)): [1899, 6104, 1730, 822, 393, 156, 85, 46, 11, 6, 4, 1, 3]
(0, (0, 1, 0)): [12158, 12476, 4744, 2209, 1148, 493, 209, 87, 40, 21, 9, 2]
(0, (0, 1, 1)): [1072, 1962, 2600, 1192, 608, 290, 124, 58, 29, 12, 5, 1, 0, 1, 1]
(0, (1, 0, 0)): [83211, 29793, 18033, 9021, 4248, 1916, 842, 351, 139, 73, 37, 12, 6, 3, 2]
(0, (1, 0, 1)): [2008, 5837, 2712, 1766, 1006, 453, 247, 97, 45, 24, 9, 6, 2, 0, 1]
(0, (1, 1, 0)): [10828, 7237, 6025, 4007, 2158, 1012, 455, 209, 74, 45, 28, 5, 2, 1]
(0, (1, 1, 1)): [1150, 2047, 1777, 1476, 1163, 574, 284, 132, 62, 37, 15, 4, 1, 1, 1]
(1, (0, 0, 0)): [291441, 31320, 12943, 5021, 2016, 824, 326, 129, 44, 14, 6, 4, 2]
(1, (0, 0, 1)): [10235, 16082, 3155, 1311, 570, 213, 88, 49, 16, 6, 5, 3, 2]
(1, (0, 1, 0)): [44395, 22091, 7396, 3026, 1221, 532, 194, 75, 23, 11, 2, 3, 2]
(1, (0, 1, 1)): [7516, 6481, 6773, 2571, 1132, 465, 191, 70, 31, 13, 7, 3, 0, 1]
(1, (1, 0, 0)): [119830, 23018, 13524, 5849, 2354, 999, 366, 138, 61, 27, 9, 8, 2, 2]
(1, (1, 0, 1)): [9598, 12268, 4386, 2697, 1132, 484, 177, 73, 26, 18, 7, 2]
(1, (1, 1, 0)): [30280, 9654, 7010, 4604, 2025, 875, 327, 126, 49, 22, 5, 5, 1, 3]
(1, (1, 1, 1)): [5843, 4851, 3154, 2339, 1570, 707, 292, 120, 44, 17, 6, 3, 1, 1]
(2, (0, 0, 0)): [250565, 10518, 3495, 1095, 379, 134, 51, 20, 3, 1, 1]
(2, (0, 0, 1)): [30875, 10670, 1849, 589, 206, 77, 26, 9]
(2, (0, 1, 0)): [72420, 16945, 4084, 1344, 429, 153, 54, 16, 3, 1]
(2, (0, 1, 1)): [18464, 1699, 4485, 1173, 408, 146, 44, 13, 8, 1, 1]
(2, (1, 0, 0)): [146992, 11514, 6049, 2004, 648, 218, 90, 29, 7, 1, 1]
(2, (1, 0, 1)): [25242, 6933, 3046, 1464, 486, 183, 55, 23, 6, 0, 0, 1]
(2, (1, 1, 0)): [48332, 7494, 4220, 2460, 765, 281, 81, 19, 10, 5, 2, 0, 0, 1]
(2, (1, 1, 1)): [14400, 2204, 2490, 1353, 885, 290, 101, 33, 17, 3, 2, 0, 0, 1]
