(0, (0, 0, 0), (0, 0)): [126417, 23182, 10070, 4449, 1935, 739, 300, 119, 43, 15, 16]
(0, (0, 0, 0), (0, 1)): [369, 56, 20, 10, 2, 1, 1, 1]
(0, (0, 0, 0), (0, 2)): [152, 29, 6, 4, 0, 1, 1, 1]
(0, (0, 0, 0), (1, 0)): [312, 54, 20, 3, 1, 3, 2]
(0, (0, 0, 0), (1, 1)): [281, 41, 17, 6, 1, 1]
(0, (0, 0, 0), (1, 2)): [201, 28, 7, 4, 0, 1, 0, 1]
(0, (0, 0, 0), (2, 0)): [95, 23, 9, 1, 1, 2, 1]
(0, (0, 0, 0), (2, 1)): [133, 31, 8, 4, 0, 2]
(0, (0, 0, 0), (2, 2)): [152, 27, 2, 3, 0, 2]
(0, (0, 0, 0), (3, 0)): [36, 9, 7, 0, 1, 1, 1]
(0, (0, 0, 0), (3, 1)): [46, 10, 10, 0, 0, 0, 1]
(0, (0, 0, 0), (3, 2)): [72, 20, 7, 2, 0, 2, 1]
(0, (0, 0, 1), (0, 0)): [794, 2175, 601, 259, 116, 40, 24, 8, 2, 1, 2]
(0, (0, 0, 1), (0, 1)): [2, 1, 2, 1]
(0, (0, 0, 1), (1, 0)): [2, 5]
(0, (0, 0, 1), (1, 1)): [3, 2]
(0, (0, 1, 0), (0, 0)): [4177, 3933, 1392, 634, 299, 101, 42, 10, 6, 3, 4]
(0, (0, 1, 0), (0, 1)): [14, 9, 1, 2]
(0, (0, 1, 0), (0, 2)): [3, 3, 0, 2]
(0, (0, 1, 0), (1, 0)): [13, 7, 1, 1]
(0, (0, 1, 0), (1, 1)): [11, 5, 1]
(0, (0, 1, 0), (1, 2)): [5, 2, 1, 2]
(0, (0, 1, 0), (2, 2)): [7, 1, 0, 2]
(0, (0, 1, 1), (0, 0)): [360, 592, 772, 345, 152, 66, 28, 13, 5, 3, 1]
(0, (0, 1, 1), (0, 1)): [1, 1, 1]
(0, (0, 1, 1), (1, 1)): [0, 0, 1]
(0, (0, 1, 1), (1, 2)): [0, 0, 1]
(0, (1, 0, 0), (0, 0)): [28601, 9948, 5405, 2649, 1158, 476, 184, 76, 32, 11, 11]
(0, (1, 0, 0), (0, 1)): [70, 11, 5, 2, 0, 1, 1]
(0, (1, 0, 0), (0, 2)): [23, 5, 1, 1, 0, 1, 1]
(0, (1, 0, 0), (1, 0)): [45, 21, 10, 3, 1, 2]
(0, (1, 0, 0), (1, 1)): [38, 10, 8, 1, 1, 1]
(0, (1, 0, 0), (1, 2)): [23, 3, 4, 0, 1, 2]
(0, (1, 0, 0), (2, 0)): [11, 8, 1, 2]
(0, (1, 0, 0), (2, 1)): [14, 12, 3, 3]
(0, (1, 0, 0), (2, 2)): [15, 3, 3, 1, 1, 1]
(0, (1, 0, 0), (3, 1)): [4, 3]
(0, (1, 0, 0), (3, 2)): [3, 2, 1]
(0, (1, 0, 1), (0, 0)): [672, 1567, 791, 451, 237, 91, 46, 21, 10, 2, 3]
(0, (1, 0, 1), (1, 0)): [3, 6, 1, 0, 1]
(0, (1, 0, 1), (2, 0)): [0, 2]
(0, (1, 0, 1), (2, 1)): [0, 3, 0, 0, 1]
(0, (1, 1, 0), (0, 0)): [3599, 2334, 1892, 1212, 637, 265, 111, 41, 15, 12, 7]
(0, (1, 1, 0), (0, 1)): [8, 5, 3, 2, 0, 1]
(0, (1, 1, 0), (0, 2)): [4, 2, 1, 1, 0, 1]
(0, (1, 1, 0), (1, 0)): [5, 2, 0, 1, 0, 1, 1]
(0, (1, 1, 0), (1, 1)): [2, 2, 2, 1]
(0, (1, 1, 0), (2, 0)): [2]
(0, (1, 1, 0), (2, 1)): [2]
(0, (1, 1, 1), (0, 0)): [446, 678, 575, 496, 362, 171, 80, 38, 20, 13, 5]
(1, (0, 0, 0), (0, 0)): [99570, 9384, 3610, 1302, 524, 200, 65, 36, 6, 2, 2]
(1, (0, 0, 0), (0, 1)): [299, 26, 7, 4, 1]
(1, (0, 0, 0), (0, 2)): [116, 9, 2, 3]
(1, (0, 0, 0), (1, 0)): [235, 22, 11, 2, 0, 1, 0, 1]
(1, (0, 0, 0), (1, 1)): [224, 18, 6, 1, 0, 1]
(1, (0, 0, 0), (1, 2)): [140, 13, 2, 3, 0, 1]
(1, (0, 0, 0), (2, 0)): [70, 8, 6, 2]
(1, (0, 0, 0), (2, 1)): [103, 9, 7, 2]
(1, (0, 0, 0), (2, 2)): [107, 5, 2, 2, 0, 1]
(1, (0, 0, 0), (3, 0)): [23, 3, 2]
(1, (0, 0, 0), (3, 1)): [32, 7, 5]
(1, (0, 0, 0), (3, 2)): [57, 5, 5, 1, 0, 1]
(1, (0, 0, 1), (0, 0)): [4023, 5806, 1055, 422, 179, 59, 26, 12, 5, 1]
(1, (0, 0, 1), (1, 0)): [11, 13, 1, 1, 1]
(1, (0, 0, 1), (1, 1)): [10, 11, 0, 1, 1]
(1, (0, 0, 1), (1, 2)): [6, 5, 0, 1]
(1, (0, 0, 1), (2, 1)): [4, 6]
(1, (0, 0, 1), (2, 2)): [5, 6]
(1, (0, 0, 1), (3, 1)): [2, 1]
(1, (0, 0, 1), (3, 2)): [3, 3]
(1, (0, 1, 0), (0, 0)): [16348, 7572, 2376, 950, 346, 132, 46, 19, 6]
(1, (0, 1, 0), (0, 1)): [44, 15, 4, 1, 0, 1]
(1, (0, 1, 0), (0, 2)): [14, 4, 0, 0, 0, 1]
(1, (0, 1, 0), (1, 0)): [44, 19, 3, 3, 1, 1]
(1, (0, 1, 0), (1, 1)): [41, 15, 1, 2, 1, 1]
(1, (0, 1, 0), (1, 2)): [31, 9, 1, 0, 1]
(1, (0, 1, 0), (2, 0)): [19, 4, 3]
(1, (0, 1, 0), (2, 1)): [13, 5, 1, 2, 0, 1]
(1, (0, 1, 0), (2, 2)): [16, 8, 1, 2, 1, 1]
(1, (0, 1, 0), (3, 0)): [10, 3, 1]
(1, (0, 1, 0), (3, 1)): [7, 2, 2]
(1, (0, 1, 0), (3, 2)): [11, 0, 1, 0, 0, 1]
(1, (0, 1, 1), (0, 0)): [2670, 2128, 2211, 827, 315, 125, 45, 13, 5, 3, 1]
(1, (0, 1, 1), (0, 1)): [7, 1, 8, 0, 0, 0, 0, 1]
(1, (0, 1, 1), (1, 0)): [8, 2, 2, 2]
(1, (0, 1, 1), (1, 1)): [5, 0, 6, 1]
(1, (0, 1, 1), (1, 2)): [4, 0, 4, 1]
(1, (0, 1, 1), (2, 0)): [4, 2]
(1, (0, 1, 1), (2, 1)): [1, 1, 3]
(1, (0, 1, 1), (2, 2)): [3, 1, 1, 1]
(1, (0, 1, 1), (3, 1)): [1]
(1, (1, 0, 0), (0, 0)): [39209, 7380, 3785, 1540, 592, 243, 72, 38, 8, 3, 2]
(1, (1, 0, 0), (0, 1)): [104, 11, 8, 5, 1, 1, 1]
(1, (1, 0, 0), (0, 2)): [40, 7, 3, 2]
(1, (1, 0, 0), (1, 0)): [70, 18, 11, 3, 0, 2]
(1, (1, 0, 0), (1, 1)): [63, 7, 3, 3, 0, 1]
(1, (1, 0, 0), (1, 2)): [52, 6, 2, 2]
(1, (1, 0, 0), (2, 0)): [19, 5, 5]
(1, (1, 0, 0), (2, 1)): [19, 4, 3, 1, 0, 1]
(1, (1, 0, 0), (2, 2)): [28, 5, 3, 3, 0, 1]
(1, (1, 0, 0), (3, 0)): [4, 3, 2]
(1, (1, 0, 0), (3, 1)): [7, 3, 1]
(1, (1, 0, 1), (0, 0)): [2820, 3456, 1288, 727, 301, 98, 26, 16, 5, 2, 1]
(1, (1, 0, 1), (0, 1)): [9, 6, 0, 2, 1]
(1, (1, 0, 1), (1, 1)): [2, 7, 0, 1, 1]
(1, (1, 0, 1), (1, 2)): [3, 4, 0, 0, 1]
(1, (1, 1, 0), (0, 0)): [9565, 2936, 2092, 1282, 523, 192, 67, 24, 8, 1]
(1, (1, 1, 0), (0, 1)): [22, 4, 7, 3, 1]
(1, (1, 1, 0), (0, 2)): [5, 2, 2, 2]
(1, (1, 1, 0), (1, 0)): [18, 8, 5, 3, 0, 1]
(1, (1, 1, 0), (1, 1)): [27, 5, 3, 1]
(1, (1, 1, 0), (1, 2)): [15, 1, 3, 1]
(1, (1, 1, 0), (2, 1)): [10, 4, 2, 1]
(1, (1, 1, 0), (2, 2)): [12, 1, 2, 1]
(1, (1, 1, 1), (0, 0)): [1898, 1514, 967, 739, 442, 195, 79, 33, 8, 2]
(2, (0, 0, 0), (0, 0)): [86474, 3013, 925, 265, 92, 26, 10, 4, 1, 0, 1]
(2, (0, 0, 0), (0, 1)): [251, 5, 2]
(2, (0, 0, 0), (0, 2)): [97, 1, 1]
(2, (0, 0, 0), (1, 0)): [225, 11, 4, 0, 1]
(2, (0, 0, 0), (1, 1)): [202, 9, 1]
(2, (0, 0, 0), (1, 2)): [119, 2, 2]
(2, (0, 0, 0), (2, 0)): [73, 2, 3]
(2, (0, 0, 0), (2, 1)): [113, 7]
(2, (0, 0, 0), (2, 2)): [98, 4, 2]
(2, (0, 0, 0), (3, 0)): [22, 2, 3]
(2, (0, 0, 0), (3, 1)): [49, 3, 1]
(2, (0, 0, 0), (3, 2)): [67, 3, 1]
(2, (0, 0, 1), (0, 0)): [10872, 3819, 565, 179, 51, 12, 7, 2]
(2, (0, 0, 1), (0, 1)): [27, 10, 1]
(2, (0, 0, 1), (1, 1)): [17, 2]
(2, (0, 0, 1), (1, 2)): [16, 5, 1]
(2, (0, 0, 1), (2, 2)): [10, 2, 1]
(2, (0, 0, 1), (3, 2)): [5, 1, 1]
(2, (0, 1, 0), (0, 0)): [26687, 5838, 1298, 386, 100, 32, 14, 8]
(2, (0, 1, 0), (0, 1)): [66, 9, 2, 1, 1]
(2, (0, 1, 0), (0, 2)): [27, 1]
(2, (0, 1, 0), (1, 0)): [75, 13, 5, 0, 0, 1]
(2, (0, 1, 0), (1, 1)): [53, 9, 2, 0, 1]
(2, (0, 1, 0), (1, 2)): [36, 3, 0, 0, 1]
(2, (0, 1, 0), (2, 0)): [36, 6, 3, 0, 0, 1]
(2, (0, 1, 0), (2, 1)): [35, 8, 2, 0, 0, 1]
(2, (0, 1, 0), (2, 2)): [31, 1]
(2, (0, 1, 0), (3, 0)): [17, 3, 1]
(2, (0, 1, 0), (3, 2)): [21, 4, 1, 0, 0, 1]
(2, (0, 1, 1), (0, 0)): [6559, 654, 1473, 360, 114, 38, 9, 2]
(2, (0, 1, 1), (0, 1)): [16, 3, 3]
(2, (0, 1, 1), (1, 0)): [16, 1, 11, 1]
(2, (0, 1, 1), (1, 1)): [13, 3, 7, 1]
(2, (0, 1, 1), (1, 2)): [6, 1, 3, 1]
(2, (0, 1, 1), (2, 0)): [6, 1, 5]
(2, (0, 1, 1), (2, 1)): [6, 1, 3]
(2, (0, 1, 1), (2, 2)): [6, 1, 1]
(2, (0, 1, 1), (3, 0)): [4, 0, 4]
(2, (0, 1, 1), (3, 1)): [3, 1, 3]
(2, (0, 1, 1), (3, 2)): [7, 0, 3]
(2, (1, 0, 0), (0, 0)): [47361, 3531, 1542, 471, 143, 49, 18, 6, 1, 0, 1]
(2, (1, 0, 0), (0, 1)): [118, 2, 3]
(2, (1, 0, 0), (0, 2)): [32]
(2, (1, 0, 0), (1, 0)): [120, 3, 4, 1, 1]
(2, (1, 0, 0), (1, 1)): [83, 2, 2, 0, 1]
(2, (1, 0, 0), (1, 2)): [37]
(2, (1, 0, 0), (2, 0)): [39, 2, 2, 1]
(2, (1, 0, 0), (2, 1)): [36, 2, 0, 0, 1]
(2, (1, 0, 0), (2, 2)): [17]
(2, (1, 0, 0), (3, 1)): [14, 1]
(2, (1, 0, 0), (3, 2)): [8]
(2, (1, 0, 1), (0, 0)): [7049, 2023, 926, 331, 114, 32, 9, 2]
(2, (1, 0, 1), (0, 1)): [5, 2, 1, 1, 0, 1]
(2, (1, 0, 1), (1, 0)): [15, 1, 5]
(2, (1, 1, 0), (0, 0)): [14465, 2058, 1196, 616, 146, 52, 15, 6, 2, 1, 1]
(2, (1, 1, 0), (0, 1)): [34, 3, 2, 0, 1]
(2, (1, 1, 0), (0, 2)): [12, 1]
(2, (1, 1, 0), (1, 0)): [25, 2, 2, 1]
(2, (1, 1, 0), (1, 1)): [18, 1, 1]
(2, (1, 1, 0), (1, 2)): [9, 1]
(2, (1, 1, 0), (2, 0)): [8, 1, 1]
(2, (1, 1, 0), (2, 1)): [10, 1]
(2, (1, 1, 0), (3, 0)): [3, 0, 1]
(2, (1, 1, 0), (3, 1)): [4, 0, 1]
(2, (1, 1, 0), (3, 2)): [4, 0, 1]
(2, (1, 1, 1), (0, 0)): [4477, 720, 702, 369, 213, 65, 24, 6, 2, 2, 1]
(2, (1, 1, 1), (1, 0)): [4, 0, 1]
(2, (1, 1, 1), (1, 1)): [5, 0, 2]
(2, (1, 1, 1), (2, 1)): [4, 0, 2]
