(0, (0, 0, 0), (0, 0)): [2517103, 515103, 236882, 108626, 48782, 20844, 8690, 3525, 1426, 619, 280, 127, 44, 23, 6, 1, 1, 1]
(0, (0, 0, 0), (0, 1)): [536898, 103625, 47301, 21918, 9681, 4158, 1698, 631, 278, 117, 58, 25, 7, 5, 1, 1]
(0, (0, 0, 0), (0, 2)): [211455, 36097, 16159, 7303, 3179, 1337, 551, 194, 87, 38, 11, 4, 4, 1, 1]
(0, (0, 0, 0), (1, 0)): [427477, 96090, 45558, 21346, 9985, 4243, 1850, 771, 286, 119, 60, 23, 6, 6, 2, 0, 1]
(0, (0, 0, 0), (1, 1)): [438419, 88999, 41491, 19352, 8677, 3731, 1535, 609, 256, 97, 57, 22, 4, 6, 0, 1, 1]
(0, (0, 0, 0), (1, 2)): [312445, 55340, 25328, 11377, 5042, 2115, 901, 348, 153, 54, 20, 8, 5, 2, 1]
(0, (0, 0, 0), (2, 0)): [135776, 33706, 17173, 8137, 3990, 1636, 740, 321, 110, 54, 26, 10, 2, 3, 1]
(0, (0, 0, 0), (2, 1)): [220608, 49268, 24179, 11307, 5283, 2264, 903, 403, 150, 64, 35, 15, 3, 4, 0, 0, 1]
(0, (0, 0, 0), (2, 2)): [246011, 47574, 22555, 10430, 4646, 1939, 810, 314, 151, 52, 24, 6, 5, 2, 1, 0, 1]
(0, (0, 0, 0), (3, 0)): [38801, 10797, 6435, 3248, 1618, 657, 298, 132, 48, 27, 12, 4, 0, 2, 1]
(0, (0, 0, 0), (3, 1)): [83283, 21580, 11746, 5755, 2794, 1220, 477, 235, 91, 39, 14, 12, 2, 4, 1]
(0, (0, 0, 0), (3, 2)): [128974, 29006, 15354, 7204, 3393, 1439, 584, 258, 113, 47, 17, 12, 4, 2, 1, 0, 1]
(0, (0, 0, 1), (0, 0)): [8969, 27997, 7696, 3759, 1807, 776, 348, 142, 57, 35, 20, 4, 4, 3]
(0, (0, 0, 1), (0, 1)): [1346, 4151, 1141, 538, 254, 115, 46, 20, 10, 6, 4, 1, 0, 1]
(0, (0, 0, 1), (0, 2)): [618, 1558, 404, 192, 84, 45, 17, 7, 7, 0, 1]
(0, (0, 0, 1), (1, 0)): [1255, 4398, 1252, 699, 354, 150, 70, 25, 10, 6, 7]
(0, (0, 0, 1), (1, 1)): [1188, 3772, 1023, 520, 276, 120, 48, 18, 6, 10, 3, 1, 0, 1]
(0, (0, 0, 1), (1, 2)): [973, 2453, 645, 320, 143, 70, 26, 12, 5, 4, 2]
(0, (0, 0, 1), (2, 0)): [468, 1626, 498, 307, 142, 62, 29, 13, 5, 2, 5]
(0, (0, 0, 1), (2, 1)): [631, 2163, 617, 361, 182, 77, 36, 12, 6, 7, 2, 1]
(0, (0, 0, 1), (2, 2)): [866, 2256, 607, 306, 161, 70, 25, 9, 4, 4, 2]
(0, (0, 0, 1), (3, 0)): [154, 549, 159, 125, 55, 26, 12, 3, 1, 0, 3]
(0, (0, 0, 1), (3, 1)): [261, 932, 269, 216, 96, 40, 23, 4, 3, 5, 0, 1]
(0, (0, 0, 1), (3, 2)): [478, 1381, 368, 261, 137, 53, 21, 4, 3, 3, 1]
(0, (0, 1, 0), (0, 0)): [93682, 87182, 34564, 17196, 8147, 3544, 1528, 627, 261, 138, 49, 20, 9, 6, 3, 0, 1]
(0, (0, 1, 0), (0, 1)): [19443, 16758, 6736, 3276, 1521, 649, 304, 123, 46, 26, 9, 4, 3, 1, 1]
(0, (0, 1, 0), (0, 2)): [8121, 5928, 2397, 1118, 522, 233, 110, 43, 17, 6, 0, 1, 2]
(0, (0, 1, 0), (1, 0)): [17914, 16772, 7176, 3857, 1807, 843, 344, 144, 63, 25, 11, 6, 2, 2, 1, 0, 1]
(0, (0, 1, 0), (1, 1)): [16475, 14230, 5928, 3036, 1415, 608, 270, 112, 37, 28, 11, 4, 1, 2, 1]
(0, (0, 1, 0), (1, 2)): [11873, 8948, 3717, 1853, 812, 359, 148, 74, 22, 10, 3, 3, 2, 0, 1]
(0, (0, 1, 0), (2, 0)): [6494, 5977, 2747, 1560, 738, 380, 143, 66, 27, 7, 3, 5, 2, 1, 0, 0, 1]
(0, (0, 1, 0), (2, 1)): [8889, 7894, 3448, 1789, 904, 416, 186, 64, 27, 20, 6, 4, 1, 1, 0, 0, 1]
(0, (0, 1, 0), (2, 2)): [9927, 7675, 3308, 1629, 772, 340, 151, 58, 23, 11, 5, 3, 1, 0, 1, 0, 1]
(0, (0, 1, 0), (3, 0)): [2213, 1784, 945, 644, 295, 166, 66, 35, 12, 2, 0, 1, 1]
(0, (0, 1, 0), (3, 1)): [3917, 3232, 1585, 1033, 490, 246, 91, 44, 10, 7, 2, 3, 0, 1]
(0, (0, 1, 0), (3, 2)): [5875, 4428, 2083, 1180, 584, 278, 131, 46, 11, 11, 3, 1, 0, 0, 1, 0, 1]
(0, (0, 1, 1), (0, 0)): [7414, 13021, 15439, 7211, 3797, 1820, 789, 348, 175, 74, 26, 16, 4, 4, 2, 0, 1, 1]
(0, (0, 1, 1), (0, 1)): [1517, 2498, 2785, 1268, 681, 318, 144, 59, 29, 13, 4, 4, 1, 0, 0, 0, 1]
(0, (0, 1, 1), (0, 2)): [728, 970, 1029, 469, 256, 120, 54, 26, 8, 4, 1, 2]
(0, (0, 1, 1), (1, 0)): [1381, 2590, 3058, 1536, 810, 423, 178, 77, 42, 13, 8, 6, 1, 1, 1]
(0, (0, 1, 1), (1, 1)): [1224, 2172, 2483, 1140, 609, 277, 125, 43, 22, 9, 6, 3, 2, 0, 0, 0, 1]
(0, (0, 1, 1), (1, 2)): [1020, 1424, 1553, 684, 408, 175, 77, 31, 17, 3, 2, 3, 1, 0, 0, 0, 1]
(0, (0, 1, 1), (2, 0)): [551, 1101, 1142, 641, 378, 219, 80, 39, 27, 8, 4, 2, 0, 1, 1]
(0, (0, 1, 1), (2, 1)): [619, 1187, 1357, 672, 319, 175, 69, 36, 15, 9, 6, 1, 1, 0, 1]
(0, (0, 1, 1), (2, 2)): [802, 1245, 1336, 623, 336, 155, 59, 29, 15, 8, 2, 3, 1, 0, 0, 0, 1]
(0, (0, 1, 1), (3, 0)): [289, 513, 478, 312, 214, 110, 42, 13, 17, 2, 1, 2, 0, 1]
(0, (0, 1, 1), (3, 1)): [249, 483, 546, 302, 181, 102, 40, 18, 15, 4, 2, 1, 0, 0, 1]
(0, (0, 1, 1), (3, 2)): [451, 701, 751, 416, 209, 114, 49, 25, 15, 5, 3, 0, 1, 0, 0, 0, 1]
(0, (1, 0, 0), (0, 0)): [523533, 171709, 112931, 56393, 27053, 12061, 5054, 2167, 907, 395, 193, 76, 27, 17, 4, 1, 1, 1]
(0, (1, 0, 0), (0, 1)): [99837, 28794, 20162, 9988, 4745, 2080, 880, 346, 166, 66, 31, 13, 1, 3]
(0, (1, 0, 0), (0, 2)): [39387, 9849, 6989, 3297, 1515, 669, 297, 117, 51, 26, 12, 4]
(0, (1, 0, 0), (1, 0)): [82770, 28529, 20420, 10762, 5307, 2367, 989, 436, 173, 83, 47, 15, 3, 6, 2, 0, 1]
(0, (1, 0, 0), (1, 1)): [75071, 23012, 16329, 8403, 3974, 1807, 752, 315, 134, 55, 29, 12, 1, 4, 1]
(0, (1, 0, 0), (1, 2)): [51275, 13585, 9666, 4829, 2202, 976, 423, 172, 79, 29, 10, 7, 0, 0, 1]
(0, (1, 0, 0), (2, 0)): [25605, 9719, 7280, 4047, 2072, 933, 376, 165, 61, 44, 22, 5, 3, 3, 0, 0, 1]
(0, (1, 0, 0), (2, 1)): [35942, 12034, 8708, 4631, 2312, 1051, 427, 193, 82, 46, 23, 7, 0, 6, 0, 0, 1]
(0, (1, 0, 0), (2, 2)): [37216, 10774, 7691, 3870, 1857, 792, 385, 151, 74, 31, 14, 5, 0, 3]
(0, (1, 0, 0), (3, 0)): [6591, 3068, 2367, 1596, 803, 367, 152, 56, 27, 18, 8, 2, 2]
(0, (1, 0, 0), (3, 1)): [12824, 5168, 3847, 2374, 1189, 582, 228, 106, 43, 22, 13, 4, 2, 2]
(0, (1, 0, 0), (3, 2)): [17606, 6380, 4483, 2581, 1273, 544, 269, 116, 55, 20, 11, 6, 0, 1]
(0, (1, 0, 1), (0, 0)): [12199, 36935, 15019, 10837, 5657, 2637, 1249, 510, 246, 103, 55, 20, 11, 3, 2, 0, 0, 1]
(0, (1, 0, 1), (0, 1)): [2339, 6089, 2492, 1887, 926, 440, 201, 78, 41, 15, 9, 1, 4, 1]
(0, (1, 0, 1), (0, 2)): [1121, 2237, 903, 668, 310, 150, 66, 27, 13, 1, 3, 1, 2, 1]
(0, (1, 0, 1), (1, 0)): [1904, 6212, 2498, 1925, 1028, 514, 229, 95, 50, 26, 15, 2, 1, 1, 1]
(0, (1, 0, 1), (1, 1)): [1799, 4839, 2028, 1474, 753, 347, 165, 69, 43, 18, 8, 1, 1]
(0, (1, 0, 1), (1, 2)): [1481, 2980, 1251, 866, 441, 202, 89, 39, 25, 5, 2, 1, 2]
(0, (1, 0, 1), (2, 0)): [613, 2094, 840, 698, 382, 212, 85, 37, 18, 13, 5, 1]
(0, (1, 0, 1), (2, 1)): [830, 2454, 1044, 781, 409, 220, 98, 36, 22, 16, 6]
(0, (1, 0, 1), (2, 2)): [1080, 2283, 992, 715, 359, 178, 87, 39, 14, 10, 3]
(0, (1, 0, 1), (3, 0)): [200, 626, 286, 203, 146, 87, 30, 14, 8, 3, 1, 1]
(0, (1, 0, 1), (3, 1)): [323, 850, 442, 334, 210, 108, 45, 21, 15, 9, 3]
(0, (1, 0, 1), (3, 2)): [530, 1148, 596, 400, 258, 127, 62, 26, 16, 11, 5]
(0, (1, 1, 0), (0, 0)): [75442, 47170, 34737, 25629, 13644, 6369, 2733, 1260, 522, 241, 111, 47, 14, 6, 1, 0, 1]
(0, (1, 1, 0), (0, 1)): [15938, 8615, 5879, 4591, 2493, 1089, 518, 213, 87, 31, 18, 12, 1, 1, 1, 0, 1]
(0, (1, 1, 0), (0, 2)): [6732, 3137, 2062, 1634, 865, 372, 164, 84, 34, 13, 6, 2]
(0, (1, 1, 0), (1, 0)): [12311, 7916, 5827, 4699, 2468, 1220, 518, 238, 97, 43, 22, 9, 3, 3]
(0, (1, 1, 0), (1, 1)): [11737, 6646, 4752, 3784, 1951, 910, 410, 171, 53, 25, 20, 6, 2, 2, 1, 0, 1]
(0, (1, 1, 0), (1, 2)): [8748, 4155, 2877, 2344, 1192, 514, 230, 99, 37, 21, 6, 3, 0, 1, 0, 0, 1]
(0, (1, 1, 0), (2, 0)): [3599, 2648, 1981, 1622, 952, 491, 211, 102, 44, 16, 7, 6, 0, 1]
(0, (1, 1, 0), (2, 1)): [5429, 3372, 2491, 2003, 1112, 511, 237, 99, 44, 14, 13, 7, 2, 0, 1]
(0, (1, 1, 0), (2, 2)): [6229, 3273, 2300, 1857, 997, 436, 206, 97, 33, 18, 7, 3, 0, 0, 0, 0, 1]
(0, (1, 1, 0), (3, 0)): [811, 848, 683, 541, 370, 195, 85, 42, 15, 7, 3, 2, 0, 1]
(0, (1, 1, 0), (3, 1)): [1857, 1418, 1100, 916, 605, 314, 138, 59, 23, 9, 7, 3, 2, 0, 1]
(0, (1, 1, 0), (3, 2)): [2903, 1847, 1415, 1151, 695, 334, 151, 79, 23, 11, 7, 1, 0, 0, 0, 0, 1]
(0, (1, 1, 1), (0, 0)): [7283, 14164, 11348, 8248, 6813, 3387, 1582, 751, 356, 149, 73, 28, 8, 4, 1, 0, 1]
(0, (1, 1, 1), (0, 1)): [1705, 2859, 2195, 1483, 1307, 641, 280, 138, 75, 24, 11, 5, 3, 1]
(0, (1, 1, 1), (0, 2)): [898, 1138, 809, 561, 479, 227, 96, 50, 25, 8, 8, 2, 1]
(0, (1, 1, 1), (1, 0)): [1097, 2513, 2029, 1444, 1211, 662, 301, 121, 63, 32, 13, 7, 0, 1, 0, 0, 1]
(0, (1, 1, 1), (1, 1)): [1148, 2232, 1733, 1161, 1021, 559, 247, 120, 60, 22, 7, 4, 1, 1, 0, 0, 1]
(0, (1, 1, 1), (1, 2)): [1061, 1530, 1139, 759, 664, 311, 135, 70, 32, 13, 6, 4, 0, 1, 0, 0, 1]
(0, (1, 1, 1), (2, 0)): [309, 738, 680, 523, 445, 242, 99, 47, 18, 14, 5, 4, 0, 1]
(0, (1, 1, 1), (2, 1)): [510, 1028, 884, 616, 521, 309, 130, 65, 39, 13, 4, 1, 1]
(0, (1, 1, 1), (2, 2)): [688, 1135, 882, 604, 509, 269, 117, 64, 32, 14, 4, 2, 1]
(0, (1, 1, 1), (3, 0)): [58, 191, 182, 186, 133, 89, 45, 21, 5, 6, 3, 2, 0, 1]
(0, (1, 1, 1), (3, 1)): [142, 359, 353, 268, 229, 139, 69, 28, 13, 7, 2, 3, 0, 1]
(0, (1, 1, 1), (3, 2)): [259, 543, 486, 357, 321, 174, 99, 38, 22, 8, 3, 3, 1, 1]
(1, (0, 0, 0), (0, 0)): [2061227, 231298, 94299, 37480, 14673, 5601, 2168, 778, 276, 109, 41, 23, 8, 3, 0, 1]
(1, (0, 0, 0), (0, 1)): [442732, 46399, 18648, 7403, 2930, 1084, 412, 155, 47, 16, 7, 5, 1, 1]
(1, (0, 0, 0), (0, 2)): [176280, 15534, 6251, 2315, 939, 343, 116, 41, 7, 5, 1, 3]
(1, (0, 0, 0), (1, 0)): [365895, 46709, 19551, 7925, 3172, 1223, 465, 151, 61, 24, 6, 3, 0, 0, 0, 1]
(1, (0, 0, 0), (1, 1)): [368906, 41678, 16976, 6806, 2697, 972, 417, 146, 48, 14, 9, 2, 1, 1]
(1, (0, 0, 0), (1, 2)): [261179, 24707, 9928, 3825, 1551, 554, 214, 63, 22, 8, 3, 2, 1]
(1, (0, 0, 0), (2, 0)): [120808, 17331, 7798, 3309, 1317, 522, 194, 61, 29, 14, 2, 2, 0, 0, 0, 1]
(1, (0, 0, 0), (2, 1)): [190852, 24161, 10381, 4213, 1717, 652, 228, 92, 23, 17, 7, 2]
(1, (0, 0, 0), (2, 2)): [211431, 22241, 9367, 3771, 1476, 542, 196, 74, 26, 8, 4, 1]
(1, (0, 0, 0), (3, 0)): [35318, 5641, 3130, 1397, 533, 224, 99, 26, 19, 6, 1, 1, 0, 0, 0, 1]
(1, (0, 0, 0), (3, 1)): [75209, 11204, 5601, 2407, 991, 390, 131, 49, 17, 7, 3]
(1, (0, 0, 0), (3, 2)): [114812, 14388, 7061, 2855, 1189, 438, 155, 64, 19, 8, 5]
(1, (0, 0, 1), (0, 0)): [55034, 78959, 15835, 6959, 2850, 1160, 455, 169, 76, 27, 15, 9, 4, 2]
(1, (0, 0, 1), (0, 1)): [10118, 12341, 2533, 1064, 385, 163, 83, 24, 4, 1, 3, 1]
(1, (0, 0, 1), (0, 2)): [4540, 4157, 829, 325, 125, 51, 24, 3, 3, 0, 1, 1]
(1, (0, 0, 1), (1, 0)): [10211, 15013, 3197, 1603, 651, 279, 95, 38, 24, 6, 2, 1]
(1, (0, 0, 1), (1, 1)): [9065, 11504, 2401, 1092, 412, 160, 72, 26, 7, 4, 1, 1]
(1, (0, 0, 1), (1, 2)): [6989, 6601, 1388, 586, 224, 90, 46, 9, 5, 2, 1, 2]
(1, (0, 0, 1), (2, 0)): [4223, 6073, 1400, 810, 335, 151, 54, 23, 14, 3, 1]
(1, (0, 0, 1), (2, 1)): [5109, 6768, 1467, 757, 293, 119, 39, 24, 7, 2, 1]
(1, (0, 0, 1), (2, 2)): [6081, 6050, 1334, 622, 217, 84, 45, 14, 3, 2, 2, 2]
(1, (0, 0, 1), (3, 0)): [1973, 2438, 638, 447, 186, 90, 30, 11, 6, 1, 1]
(1, (0, 0, 1), (3, 1)): [2263, 2938, 747, 416, 180, 82, 25, 15, 4, 2]
(1, (0, 0, 1), (3, 2)): [3652, 3722, 919, 498, 188, 84, 41, 13, 3, 0, 1]
(1, (0, 1, 0), (0, 0)): [276232, 118883, 44373, 19273, 7806, 3131, 1118, 473, 142, 72, 36, 10, 10, 2, 1]
(1, (0, 1, 0), (0, 1)): [52666, 20204, 7766, 3183, 1308, 536, 193, 83, 18, 13, 7, 1, 1]
(1, (0, 1, 0), (0, 2)): [21241, 7181, 2650, 1007, 424, 175, 61, 25, 7, 4, 1, 1, 1]
(1, (0, 1, 0), (1, 0)): [53655, 22441, 9075, 4514, 1835, 744, 278, 110, 43, 19, 9, 0, 0, 1]
(1, (0, 1, 0), (1, 1)): [46683, 18145, 7159, 3223, 1285, 516, 200, 71, 21, 7, 6, 0, 0, 1]
(1, (0, 1, 0), (1, 2)): [32439, 11166, 4185, 1745, 680, 271, 101, 47, 13, 7, 1, 1]
(1, (0, 1, 0), (2, 0)): [22060, 8937, 3915, 2252, 967, 384, 135, 64, 23, 12, 6]
(1, (0, 1, 0), (2, 1)): [26629, 10452, 4457, 2182, 927, 359, 142, 50, 16, 7, 5, 0, 0, 1]
(1, (0, 1, 0), (2, 2)): [27937, 9707, 3913, 1752, 705, 285, 99, 38, 11, 6, 3]
(1, (0, 1, 0), (3, 0)): [9645, 3581, 1683, 1221, 540, 217, 74, 35, 11, 7, 2]
(1, (0, 1, 0), (3, 1)): [12295, 4549, 2196, 1351, 583, 214, 96, 43, 16, 6, 3, 0, 0, 1]
(1, (0, 1, 0), (3, 2)): [17120, 5938, 2703, 1441, 633, 221, 95, 36, 9, 7, 3, 0, 0, 1]
(1, (0, 1, 1), (0, 0)): [42947, 36305, 31292, 12799, 6575, 2620, 1057, 420, 175, 61, 24, 10, 3, 2, 0, 1]
(1, (0, 1, 1), (0, 1)): [7392, 5551, 4697, 1897, 873, 322, 153, 70, 18, 5, 5, 1]
(1, (0, 1, 1), (0, 2)): [3557, 1792, 1705, 679, 306, 105, 58, 27, 4, 1, 4]
(1, (0, 1, 1), (1, 0)): [8820, 7964, 6050, 2743, 1638, 683, 277, 106, 37, 17, 5, 2, 1]
(1, (0, 1, 1), (1, 1)): [6257, 5019, 4138, 1706, 850, 304, 125, 56, 18, 8, 0, 2]
(1, (0, 1, 1), (1, 2)): [5203, 2906, 2605, 1021, 510, 178, 79, 35, 7, 5, 3, 1]
(1, (0, 1, 1), (2, 0)): [4757, 4128, 2975, 1490, 1044, 464, 191, 70, 26, 10, 5, 1]
(1, (0, 1, 1), (2, 1)): [3354, 2825, 2340, 1040, 521, 211, 91, 27, 11, 3, 1]
(1, (0, 1, 1), (2, 2)): [4307, 2535, 2267, 942, 461, 165, 67, 22, 7, 2, 3, 1]
(1, (0, 1, 1), (3, 0)): [3344, 2677, 1757, 993, 841, 369, 146, 61, 22, 7, 4, 1]
(1, (0, 1, 1), (3, 1)): [1416, 1269, 997, 478, 292, 150, 55, 24, 9, 3]
(1, (0, 1, 1), (3, 2)): [2401, 1620, 1291, 629, 378, 136, 52, 22, 7, 3, 2, 1]
(1, (1, 0, 0), (0, 0)): [763342, 133289, 89074, 38050, 15508, 6175, 2424, 892, 347, 144, 56, 32, 7, 3, 0, 2]
(1, (1, 0, 0), (0, 1)): [146643, 22500, 15811, 6774, 2686, 1067, 420, 167, 49, 19, 10, 4, 1]
(1, (1, 0, 0), (0, 2)): [57387, 7573, 5172, 2159, 838, 374, 139, 49, 11, 6, 4]
(1, (1, 0, 0), (1, 0)): [130154, 24035, 17369, 7829, 3224, 1305, 533, 191, 63, 31, 13, 4, 2, 0, 0, 1]
(1, (1, 0, 0), (1, 1)): [115908, 19024, 13546, 6004, 2376, 918, 383, 142, 48, 20, 10, 6, 1, 0, 0, 1]
(1, (1, 0, 0), (1, 2)): [78312, 11090, 7726, 3304, 1272, 497, 202, 77, 23, 8, 8, 1]
(1, (1, 0, 0), (2, 0)): [42293, 8518, 6386, 3161, 1329, 539, 225, 77, 32, 10, 5, 0, 1]
(1, (1, 0, 0), (2, 1)): [57529, 10345, 7506, 3669, 1434, 583, 239, 81, 28, 10, 6, 4, 1, 0, 0, 1]
(1, (1, 0, 0), (2, 2)): [58869, 9113, 6335, 2927, 1159, 459, 183, 68, 19, 8, 4, 1, 1]
(1, (1, 0, 0), (3, 0)): [11860, 2803, 2031, 1229, 549, 218, 98, 29, 14, 5, 1, 0, 1]
(1, (1, 0, 0), (3, 1)): [22033, 4770, 3357, 1989, 792, 303, 148, 37, 20, 5, 4, 1, 0, 0, 0, 1]
(1, (1, 0, 0), (3, 2)): [29512, 5784, 3838, 2102, 806, 327, 144, 45, 22, 9, 5, 2, 1, 0, 0, 1]
(1, (1, 0, 1), (0, 0)): [61879, 69656, 22420, 15455, 6687, 2771, 1088, 432, 153, 82, 24, 10, 2, 1]
(1, (1, 0, 1), (0, 1)): [12403, 11169, 3547, 2549, 1076, 446, 169, 65, 29, 12, 4, 1, 2]
(1, (1, 0, 1), (0, 2)): [5586, 3742, 1231, 892, 372, 142, 71, 30, 9, 6, 3, 0, 1]
(1, (1, 0, 1), (1, 0)): [10548, 11660, 3911, 2889, 1347, 571, 216, 95, 32, 19, 1, 3]
(1, (1, 0, 1), (1, 1)): [9509, 9049, 2980, 2148, 897, 400, 139, 44, 20, 8, 1, 3, 1]
(1, (1, 0, 1), (1, 2)): [7140, 5177, 1774, 1266, 501, 212, 89, 39, 13, 6, 3]
(1, (1, 0, 1), (2, 0)): [3601, 3869, 1387, 1052, 548, 231, 88, 44, 12, 8, 0, 1]
(1, (1, 0, 1), (2, 1)): [4735, 4568, 1541, 1152, 570, 225, 83, 26, 14, 8, 0, 3]
(1, (1, 0, 1), (2, 2)): [5266, 3960, 1444, 1020, 471, 175, 78, 24, 13, 6, 1]
(1, (1, 0, 1), (3, 0)): [1195, 1247, 484, 365, 224, 110, 35, 13, 1, 4]
(1, (1, 0, 1), (3, 1)): [1761, 1774, 694, 529, 293, 131, 39, 19, 3, 5, 0, 2]
(1, (1, 0, 1), (3, 2)): [2608, 2239, 909, 623, 364, 132, 55, 19, 11, 5, 0, 2]
(1, (1, 1, 0), (0, 0)): [214555, 64166, 42730, 31603, 13312, 5539, 2163, 860, 334, 134, 52, 26, 10, 5, 1]
(1, (1, 1, 0), (0, 1)): [44262, 11459, 7300, 5751, 2390, 993, 361, 152, 65, 23, 12, 4, 1]
(1, (1, 1, 0), (0, 2)): [18352, 4187, 2502, 2015, 810, 313, 104, 47, 18, 4, 4]
(1, (1, 1, 0), (1, 0)): [36914, 11806, 7887, 6184, 2714, 1125, 490, 177, 50, 29, 13, 4, 2, 1]
(1, (1, 1, 0), (1, 1)): [34542, 9614, 6443, 4988, 2115, 877, 333, 144, 50, 25, 12, 4, 1]
(1, (1, 1, 0), (1, 2)): [24903, 5982, 3742, 2913, 1216, 451, 166, 81, 30, 7, 8, 2, 1]
(1, (1, 1, 0), (2, 0)): [11815, 4381, 2756, 2211, 1115, 485, 220, 73, 23, 14, 7, 2, 2, 1]
(1, (1, 1, 0), (2, 1)): [17019, 5335, 3598, 2799, 1297, 567, 231, 79, 32, 15, 8, 2, 1]
(1, (1, 1, 0), (2, 2)): [18835, 4964, 3183, 2444, 1128, 466, 169, 76, 30, 9, 4, 2, 1]
(1, (1, 1, 0), (3, 0)): [3037, 1575, 994, 684, 453, 193, 87, 35, 7, 6, 1, 2, 1]
(1, (1, 1, 0), (3, 1)): [6188, 2615, 1758, 1315, 712, 324, 128, 41, 17, 10, 4, 2, 1]
(1, (1, 1, 0), (3, 2)): [9356, 3152, 2128, 1583, 832, 340, 114, 52, 24, 10, 3, 1, 1]
(1, (1, 1, 1), (0, 0)): [43930, 35096, 21862, 14209, 11055, 4732, 1924, 726, 295, 108, 38, 22, 9, 4, 1, 1]
(1, (1, 1, 1), (0, 1)): [9815, 6563, 3953, 2507, 2064, 837, 345, 127, 58, 20, 7, 1, 0, 1]
(1, (1, 1, 1), (0, 2)): [4767, 2339, 1453, 930, 722, 278, 117, 32, 11, 10, 4, 0, 0, 1]
(1, (1, 1, 1), (1, 0)): [6970, 6332, 3837, 2469, 2173, 973, 429, 149, 57, 19, 9, 7, 2]
(1, (1, 1, 1), (1, 1)): [7046, 5304, 3246, 2065, 1707, 723, 327, 118, 51, 13, 4, 3]
(1, (1, 1, 1), (1, 2)): [5857, 3186, 2052, 1290, 1017, 442, 185, 63, 25, 10, 4, 3, 0, 1]
(1, (1, 1, 1), (2, 0)): [1833, 2138, 1355, 835, 798, 396, 174, 64, 22, 10, 3, 3, 1]
(1, (1, 1, 1), (2, 1)): [3032, 2841, 1708, 1077, 926, 423, 186, 65, 32, 10, 3, 2]
(1, (1, 1, 1), (2, 2)): [3943, 2596, 1677, 1030, 866, 381, 171, 57, 27, 12, 3, 3, 0, 1]
(1, (1, 1, 1), (3, 0)): [309, 671, 480, 284, 238, 145, 68, 26, 6, 3, 0, 1, 1]
(1, (1, 1, 1), (3, 1)): [795, 1221, 792, 486, 420, 221, 86, 35, 18, 4, 2, 1, 1]
(1, (1, 1, 1), (3, 2)): [1529, 1543, 1030, 623, 522, 273, 113, 39, 19, 6, 4, 1, 0, 1]
(2, (0, 0, 0), (0, 0)): [1802505, 85990, 28355, 9071, 3039, 939, 321, 108, 21, 9, 5, 0, 1]
(2, (0, 0, 0), (0, 1)): [383601, 16041, 5320, 1717, 611, 172, 58, 18, 4, 1]
(2, (0, 0, 0), (0, 2)): [151248, 4436, 1529, 485, 183, 45, 5, 8, 1]
(2, (0, 0, 0), (1, 0)): [332077, 19490, 6584, 2095, 725, 195, 77, 20, 7, 0, 0, 0, 1]
(2, (0, 0, 0), (1, 1)): [328125, 15670, 5329, 1672, 604, 182, 70, 14, 5]
(2, (0, 0, 0), (1, 2)): [227153, 7723, 2685, 893, 307, 90, 28, 8, 1]
(2, (0, 0, 0), (2, 0)): [115071, 7582, 3047, 940, 330, 83, 31, 7, 3, 0, 0, 0, 1]
(2, (0, 0, 0), (2, 1)): [177187, 9855, 3787, 1102, 393, 116, 47, 10, 5]
(2, (0, 0, 0), (2, 2)): [191441, 7827, 2970, 924, 311, 95, 32, 7, 1]
(2, (0, 0, 0), (3, 0)): [35596, 2546, 1370, 433, 152, 38, 12, 4, 0, 0, 0, 0, 1]
(2, (0, 0, 0), (3, 1)): [73549, 4922, 2368, 740, 234, 67, 22, 7, 3]
(2, (0, 0, 0), (3, 2)): [110550, 5815, 2740, 829, 276, 89, 29, 7, 2]
(2, (0, 0, 1), (0, 0)): [168745, 48973, 10429, 3595, 1259, 432, 128, 45, 9, 7, 1, 2]
(2, (0, 0, 1), (0, 1)): [32495, 7617, 1698, 556, 186, 76, 17, 6, 1, 3]
(2, (0, 0, 1), (0, 2)): [13360, 2354, 505, 170, 55, 22, 6, 0, 0, 1]
(2, (0, 0, 1), (1, 0)): [35120, 9463, 2413, 961, 346, 107, 41, 17, 3, 2, 1, 1]
(2, (0, 0, 1), (1, 1)): [29830, 7283, 1650, 630, 206, 75, 19, 9, 1, 3]
(2, (0, 0, 1), (1, 2)): [21026, 3915, 847, 299, 114, 37, 8, 4, 0, 3]
(2, (0, 0, 1), (2, 0)): [15212, 3927, 1174, 537, 205, 60, 22, 9, 2, 1, 1, 1]
(2, (0, 0, 1), (2, 1)): [17754, 4498, 1191, 488, 167, 47, 20, 9, 0, 2]
(2, (0, 0, 1), (2, 2)): [19046, 3836, 948, 349, 126, 41, 9, 4, 0, 1]
(2, (0, 0, 1), (3, 0)): [7183, 1581, 570, 342, 118, 40, 13, 2, 2, 0, 1, 1]
(2, (0, 0, 1), (3, 1)): [8330, 2092, 670, 360, 113, 32, 14, 5, 0, 1, 1]
(2, (0, 0, 1), (3, 2)): [12031, 2650, 766, 357, 126, 34, 13, 3, 0, 2]
(2, (0, 1, 0), (0, 0)): [444782, 90996, 25825, 9202, 3085, 984, 318, 94, 23, 14, 7, 0, 1]
(2, (0, 1, 0), (0, 1)): [85342, 14589, 4169, 1340, 507, 144, 45, 10, 6, 4, 1]
(2, (0, 1, 0), (0, 2)): [34940, 4416, 1257, 370, 131, 30, 11, 2, 3, 1]
(2, (0, 1, 0), (1, 0)): [92104, 17999, 6124, 2582, 829, 253, 94, 32, 1, 2, 0, 0, 1]
(2, (0, 1, 0), (1, 1)): [77244, 13819, 4228, 1480, 540, 143, 62, 14, 3, 3, 1]
(2, (0, 1, 0), (1, 2)): [54382, 7413, 2138, 734, 256, 56, 30, 7, 1, 1]
(2, (0, 1, 0), (2, 0)): [40804, 7558, 2891, 1538, 504, 158, 49, 21, 1, 2, 0, 0, 1]
(2, (0, 1, 0), (2, 1)): [45202, 8428, 2817, 1124, 393, 111, 37, 7, 2, 3, 1, 0, 1]
(2, (0, 1, 0), (2, 2)): [48271, 7092, 2199, 851, 307, 78, 34, 9, 0, 2]
(2, (0, 1, 0), (3, 0)): [20469, 3231, 1432, 1014, 321, 104, 36, 19, 1, 2]
(2, (0, 1, 0), (3, 1)): [20822, 3917, 1522, 805, 282, 81, 30, 6, 2, 2, 1, 0, 1]
(2, (0, 1, 0), (3, 2)): [30152, 4742, 1705, 888, 303, 79, 43, 8, 0, 1, 0, 0, 1]
(2, (0, 1, 1), (0, 0)): [103942, 8656, 21423, 6289, 2486, 823, 268, 83, 26, 7, 5, 1, 0, 1]
(2, (0, 1, 1), (0, 1)): [20432, 1292, 3394, 1007, 355, 129, 37, 11, 1, 2]
(2, (0, 1, 1), (0, 2)): [8920, 439, 1072, 321, 120, 37, 13, 2, 0, 2]
(2, (0, 1, 1), (1, 0)): [22417, 2102, 4251, 1575, 719, 246, 78, 23, 6, 0, 3]
(2, (0, 1, 1), (1, 1)): [18100, 1266, 3193, 1018, 384, 145, 38, 13, 4, 0, 1]
(2, (0, 1, 1), (1, 2)): [13826, 758, 1841, 533, 212, 69, 18, 4, 1, 2, 1]
(2, (0, 1, 1), (2, 0)): [10668, 1176, 1917, 811, 469, 150, 48, 16, 2, 0, 2]
(2, (0, 1, 1), (2, 1)): [10602, 813, 1938, 674, 314, 99, 28, 9, 3, 0, 1]
(2, (0, 1, 1), (2, 2)): [12342, 789, 1729, 591, 228, 83, 19, 5, 3, 1]
(2, (0, 1, 1), (3, 0)): [6114, 789, 971, 471, 316, 120, 32, 13, 1, 0, 1]
(2, (0, 1, 1), (3, 1)): [4897, 462, 908, 351, 212, 69, 23, 8, 1, 0, 1]
(2, (0, 1, 1), (3, 2)): [7696, 622, 1184, 446, 215, 87, 19, 8, 4, 1]
(2, (1, 0, 0), (0, 0)): [924054, 66547, 45293, 14464, 4760, 1506, 565, 167, 40, 16, 7, 1, 1]
(2, (1, 0, 0), (0, 1)): [176895, 10709, 7489, 2405, 802, 270, 98, 37, 10, 2, 0, 1]
(2, (1, 0, 0), (0, 2)): [68927, 3029, 2041, 676, 214, 64, 27, 10, 4]
(2, (1, 0, 0), (1, 0)): [160974, 13199, 9627, 3330, 1134, 321, 127, 33, 9, 2, 0, 0, 1]
(2, (1, 0, 0), (1, 1)): [143560, 9614, 6865, 2353, 774, 234, 93, 26, 7, 2]
(2, (1, 0, 0), (1, 2)): [96531, 4834, 3197, 1165, 361, 101, 39, 11, 4, 1]
(2, (1, 0, 0), (2, 0)): [53795, 5089, 3598, 1454, 507, 148, 56, 20, 7, 2, 0, 0, 1]
(2, (1, 0, 0), (2, 1)): [73979, 5689, 4147, 1546, 521, 159, 60, 15, 6, 0, 0, 0, 1]
(2, (1, 0, 0), (2, 2)): [75075, 4545, 2987, 1142, 384, 111, 46, 11, 4, 1]
(2, (1, 0, 0), (3, 0)): [15831, 1933, 1127, 650, 217, 66, 23, 11, 3, 2]
(2, (1, 0, 0), (3, 1)): [29585, 3031, 1991, 1000, 291, 91, 33, 9, 4, 1, 0, 0, 1]
(2, (1, 0, 0), (3, 2)): [39845, 3392, 2088, 1008, 328, 103, 34, 13, 1, 1, 0, 0, 1]
(2, (1, 0, 1), (0, 0)): [162994, 37634, 14918, 9618, 3201, 1025, 351, 107, 34, 12, 2, 4, 2]
(2, (1, 0, 1), (0, 1)): [33074, 6237, 2300, 1616, 543, 180, 64, 19, 6, 2, 1, 1, 1]
(2, (1, 0, 1), (0, 2)): [13683, 1870, 693, 443, 164, 49, 14, 8, 1, 1]
(2, (1, 0, 1), (1, 0)): [30552, 6671, 3065, 2166, 811, 226, 81, 19, 3, 2, 0, 1]
(2, (1, 0, 1), (1, 1)): [27137, 5282, 2226, 1568, 567, 176, 62, 16, 5, 2, 1, 2, 1]
(2, (1, 0, 1), (1, 2)): [19137, 2786, 1160, 744, 286, 93, 34, 9, 4, 1, 0, 1]
(2, (1, 0, 1), (2, 0)): [10922, 2296, 1256, 837, 353, 101, 36, 11, 3]
(2, (1, 0, 1), (2, 1)): [14383, 2814, 1395, 928, 396, 116, 39, 13, 0, 1, 0, 1]
(2, (1, 0, 1), (2, 2)): [14887, 2229, 1087, 691, 267, 99, 38, 10, 4, 0, 0, 1]
(2, (1, 0, 1), (3, 0)): [3688, 705, 518, 301, 151, 47, 20, 3, 3]
(2, (1, 0, 1), (3, 1)): [6141, 1141, 719, 468, 255, 54, 30, 5, 3, 1]
(2, (1, 0, 1), (3, 2)): [8278, 1190, 842, 492, 245, 76, 25, 9, 5]
(2, (1, 1, 0), (0, 0)): [362446, 53868, 27332, 19552, 6311, 2013, 684, 230, 69, 32, 10, 3, 2, 1]
(2, (1, 1, 0), (0, 1)): [73741, 9047, 4419, 3372, 1050, 306, 112, 42, 6, 6, 2, 1, 1]
(2, (1, 1, 0), (0, 2)): [31026, 2706, 1330, 975, 314, 87, 33, 15, 2, 3]
(2, (1, 1, 0), (1, 0)): [64123, 9709, 5433, 4184, 1512, 443, 160, 47, 18, 6, 1, 1]
(2, (1, 1, 0), (1, 1)): [60468, 7943, 4145, 3158, 995, 325, 96, 36, 9, 6, 2, 2, 1]
(2, (1, 1, 0), (1, 2)): [44094, 4223, 2200, 1591, 506, 160, 38, 20, 6, 1, 1, 1]
(2, (1, 1, 0), (2, 0)): [21928, 3419, 2184, 1609, 769, 202, 80, 22, 9, 3]
(2, (1, 1, 0), (2, 1)): [31539, 4334, 2584, 1943, 758, 206, 78, 25, 6, 5, 0, 0, 1]
(2, (1, 1, 0), (2, 2)): [34925, 3680, 2138, 1526, 570, 154, 53, 22, 10, 1, 1, 1]
(2, (1, 1, 0), (3, 0)): [6914, 1063, 886, 523, 367, 106, 36, 10, 6, 2]
(2, (1, 1, 0), (3, 1)): [13184, 1874, 1442, 979, 523, 136, 51, 10, 5, 2, 0, 0, 1]
(2, (1, 1, 0), (3, 2)): [19223, 2249, 1745, 1100, 566, 125, 51, 17, 8, 1, 1]
(2, (1, 1, 1), (0, 0)): [108117, 15730, 17812, 8904, 6872, 2128, 725, 243, 81, 20, 10, 4, 1, 1]
(2, (1, 1, 1), (0, 1)): [24523, 2543, 3159, 1556, 1242, 387, 134, 39, 20, 4, 3, 0, 1]
(2, (1, 1, 1), (0, 2)): [11033, 817, 958, 479, 350, 105, 46, 8, 4, 1, 2]
(2, (1, 1, 1), (1, 0)): [18085, 4032, 3396, 1860, 1540, 485, 168, 59, 17, 5, 1, 2]
(2, (1, 1, 1), (1, 1)): [18962, 2684, 2798, 1482, 1170, 373, 129, 39, 17, 5, 1, 0, 1]
(2, (1, 1, 1), (1, 2)): [14995, 1423, 1518, 755, 579, 205, 70, 17, 5, 3, 2]
(2, (1, 1, 1), (2, 0)): [5063, 2290, 1186, 754, 623, 208, 68, 27, 7, 3, 0, 2]
(2, (1, 1, 1), (2, 1)): [8554, 2166, 1559, 971, 746, 260, 84, 23, 10, 2, 0, 0, 1]
(2, (1, 1, 1), (2, 2)): [10709, 1659, 1341, 782, 584, 218, 76, 18, 6, 4, 2]
(2, (1, 1, 1), (3, 0)): [869, 1396, 351, 314, 192, 97, 35, 16, 4, 3, 0, 1]
(2, (1, 1, 1), (3, 1)): [2454, 1808, 639, 533, 391, 147, 56, 13, 5, 3, 0, 1]
(2, (1, 1, 1), (3, 2)): [4559, 1865, 818, 693, 438, 189, 66, 16, 5, 3, 2]
