(0, (0, 0, 0)): [701556, 141636, 66648, 30709, 13959, 6086, 2566, 1085, 457, 213, 97, 41, 22, 6, 3, 1, 0, 1]
(0, (0, 0, 1)): [3190, 10142, 2871, 1327, 650, 282, 134, 74, 29, 14, 6, 1, 3, 1]
(0, (0, 1, 0)): [22959, 22748, 8797, 4171, 2089, 932, 389, 165, 73, 43, 17, 5, 2, 0, 1]
(0, (0, 1, 1)): [2048, 3612, 4662, 2092, 1126, 523, 233, 106, 55, 21, 7, 5, 0, 2, 1, 0, 0, 1]
(0, (1, 0, 0)): [156328, 53918, 33744, 16886, 8143, 3692, 1594, 693, 298, 139, 67, 26, 14, 4, 2, 1, 0, 1]
(0, (1, 0, 1)): [3540, 11303, 4804, 3234, 1753, 822, 407, 174, 81, 33, 16, 10, 4, 0, 1, 0, 0, 1]
(0, (1, 1, 0)): [21198, 14018, 11251, 7733, 4218, 1986, 881, 433, 173, 83, 43, 14, 7, 1]
(0, (1, 1, 1)): [2223, 4057, 3452, 2774, 2155, 1066, 508, 264, 116, 50, 31, 11, 2, 1, 1]
(1, (0, 0, 0)): [557723, 60607, 25220, 10063, 4021, 1583, 601, 241, 92, 38, 15, 10, 5, 2, 0, 1]
(1, (0, 0, 1)): [16890, 25953, 5086, 2144, 922, 374, 158, 74, 33, 12, 6, 4, 3, 1]
(1, (0, 1, 0)): [78869, 37911, 13155, 5557, 2261, 935, 335, 153, 44, 27, 12, 7, 5, 1, 1]
(1, (0, 1, 1)): [13359, 11434, 11161, 4392, 2156, 868, 346, 135, 74, 21, 9, 4, 1, 2, 0, 1]
(1, (1, 0, 0)): [225772, 42076, 25688, 11199, 4553, 1882, 718, 269, 125, 55, 22, 15, 3, 2, 0, 2]
(1, (1, 0, 1)): [17427, 22349, 7503, 4778, 2039, 879, 316, 137, 56, 39, 13, 3, 0, 1]
(1, (1, 1, 0)): [60708, 19276, 13713, 9233, 4041, 1739, 691, 272, 109, 51, 19, 9, 5, 4, 1]
(1, (1, 1, 1)): [12533, 10234, 6685, 4641, 3279, 1436, 600, 225, 101, 37, 15, 10, 5, 2, 1, 1]
(2, (0, 0, 0)): [479502, 20931, 7182, 2263, 807, 278, 98, 36, 8, 2, 2, 0, 1]
(2, (0, 0, 1)): [49888, 16740, 3044, 1032, 371, 135, 47, 13, 1, 2, 0, 1]
(2, (0, 1, 0)): [127587, 29340, 7274, 2518, 801, 279, 98, 24, 6, 1, 1, 0, 1]
(2, (0, 1, 1)): [30972, 2802, 7367, 1919, 734, 245, 85, 33, 11, 4, 2, 1, 0, 1]
(2, (1, 0, 0)): [276236, 21052, 12290, 3964, 1322, 426, 167, 52, 13, 6, 3, 0, 1]
(2, (1, 0, 1)): [44973, 11914, 5018, 2696, 860, 301, 106, 35, 12, 3, 0, 2, 1]
(2, (1, 1, 0)): [103605, 16417, 8655, 5325, 1697, 594, 183, 61, 26, 10, 5, 0, 2, 1]
(2, (1, 1, 1)): [30536, 4640, 5236, 2755, 1837, 623, 200, 71, 30, 7, 5, 0, 1, 1]
