(0, (0, 0, 0)): [23166, 3967, 1653, 686, 291, 83, 49, 12, 4, 3, 2]
(0, (0, 0, 1)): [118, 247, 63, 22, 11, 2]
(0, (0, 1, 0)): [829, 645, 250, 96, 37, 13, 10, 0, 2, 1, 1]
(0, (0, 1, 1)): [85, 91, 103, 46, 26, 11, 4, 1, 1, 1]
(0, (1, 0, 0)): [4507, 1386, 805, 364, 165, 45, 26, 11, 2, 2, 2]
(0, (1, 0, 1)): [128, 328, 139, 84, 36, 10, 9, 2, 2, 1]
(0, (1, 1, 0)): [605, 331, 240, 158, 63, 28, 13, 3, 1, 0, 1]
(0, (1, 1, 1)): [62, 110, 88, 51, 27, 20, 11, 2, 1]
(1, (0, 0, 0)): [19168, 1778, 614, 239, 84, 22, 21, 1, 1, 1]
(1, (0, 0, 1)): [478, 531, 98, 30, 17, 5, 3, 0, 1]
(1, (0, 1, 0)): [2337, 901, 305, 112, 49, 16, 7, 4, 1, 1, 1]
(1, (0, 1, 1)): [353, 253, 192, 67, 33, 13, 5, 0, 1]
(1, (1, 0, 0)): [6498, 1017, 594, 242, 87, 18, 20, 2, 3]
(1, (1, 0, 1)): [501, 555, 155, 86, 36, 14, 10, 1, 1]
(1, (1, 1, 0)): [1733, 470, 301, 213, 73, 17, 11, 2, 2]
(1, (1, 1, 1)): [369, 235, 161, 102, 54, 17, 7, 2, 3]
(2, (0, 0, 0)): [16572, 650, 193, 71, 20, 7, 3]
(2, (0, 0, 1)): [1238, 334, 67, 11, 8, 2]
(2, (0, 1, 0)): [3606, 670, 179, 53, 17, 3, 1, 1, 0, 1, 1]
(2, (0, 1, 1)): [787, 58, 157, 34, 9, 4]
(2, (1, 0, 0)): [7957, 453, 283, 100, 24, 12, 5]
(2, (1, 0, 1)): [1322, 303, 102, 47, 22, 7, 3, 0, 0, 1]
(2, (1, 1, 0)): [2943, 392, 188, 135, 31, 14, 4, 1, 1]
(2, (1, 1, 1)): [842, 104, 142, 50, 40, 10, 4, 2, 1]
