(0, (0, 0, 0)): [16299, 3186, 1583, 729, 324, 135, 77, 20, 11, 1, 1, 1]
(0, (0, 0, 1)): [68, 173, 55, 14, 6, 7]
(0, (0, 1, 0)): [504, 425, 194, 78, 41, 19, 9, 1, 1]
(0, (0, 1, 1)): [56, 63, 84, 38, 24, 12, 5, 3, 1]
(0, (1, 0, 0)): [3554, 1065, 733, 414, 178, 73, 46, 15, 7, 0, 1, 1]
(0, (1, 0, 1)): [76, 211, 97, 69, 33, 12, 11, 2, 1, 1, 1]
(0, (1, 1, 0)): [554, 324, 223, 179, 83, 41, 29, 9, 5, 0, 1, 1]
(0, (1, 1, 1)): [63, 89, 87, 54, 35, 18, 18, 6, 3, 0, 1]
(1, (0, 0, 0)): [13264, 1477, 648, 240, 101, 38, 19, 2, 2]
(1, (0, 0, 1)): [301, 355, 80, 39, 16, 8, 1, 1]
(1, (0, 1, 0)): [1503, 657, 259, 122, 47, 20, 6, 1]
(1, (0, 1, 1)): [256, 206, 174, 74, 48, 17, 13, 4]
(1, (1, 0, 0)): [5156, 821, 605, 251, 119, 46, 19, 3, 3]
(1, (1, 0, 1)): [329, 437, 130, 88, 38, 18, 3, 2]
(1, (1, 1, 0)): [1509, 451, 309, 236, 104, 43, 9, 5, 4, 1]
(1, (1, 1, 1)): [331, 270, 144, 94, 93, 37, 16, 1]
(2, (0, 0, 0)): [11432, 569, 203, 65, 21, 6, 5, 2]
(2, (0, 0, 1)): [859, 265, 42, 18, 5, 4, 2]
(2, (0, 1, 0)): [2523, 512, 140, 55, 15, 3, 5]
(2, (0, 1, 1)): [563, 47, 124, 38, 10, 5, 2]
(2, (1, 0, 0)): [6179, 427, 332, 97, 32, 11, 6, 2]
(2, (1, 0, 1)): [875, 205, 75, 61, 24, 7, 4]
(2, (1, 1, 0)): [2747, 430, 207, 166, 48, 13, 8, 3]
(2, (1, 1, 1)): [743, 121, 116, 78, 46, 12, 6, 2]
