(0, (0, 0, 0), (0, 0)): [53205, 10232, 4505, 2102, 942, 345, 148, 67, 21, 8, 9]
(0, (0, 0, 0), (0, 1)): [233, 36, 10, 7, 2, 0, 1, 1]
(0, (0, 0, 0), (0, 2)): [101, 18, 2, 3, 0, 0, 1, 1]
(0, (0, 0, 0), (1, 0)): [177, 31, 12, 1, 0, 2, 2]
(0, (0, 0, 0), (1, 1)): [159, 22, 13, 5, 1]
(0, (0, 0, 0), (1, 2)): [127, 15, 5, 3, 0, 0, 0, 1]
(0, (0, 0, 0), (2, 0)): [56, 13, 4, 0, 0, 2, 1]
(0, (0, 0, 0), (2, 1)): [79, 17, 5, 2, 0, 1]
(0, (0, 0, 0), (2, 2)): [89, 16, 1, 1, 0, 1]
(0, (0, 0, 0), (3, 0)): [16, 6, 3, 0, 0, 1, 1]
(0, (0, 0, 0), (3, 1)): [24, 6, 5, 0, 0, 0, 1]
(0, (0, 0, 0), (3, 2)): [42, 11, 5, 0, 0, 1, 1]
(0, (0, 0, 1), (0, 0)): [366, 1021, 269, 126, 64, 20, 14, 5, 1, 1, 2]
(0, (0, 0, 1), (1, 0)): [1, 3]
(0, (0, 0, 1), (1, 1)): [1, 1]
(0, (0, 0, 1), (1, 2)): [1]
(0, (0, 0, 1), (2, 0)): [0, 2]
(0, (0, 0, 1), (2, 1)): [0, 1]
(0, (0, 1, 0), (0, 0)): [1891, 1833, 652, 318, 156, 52, 24, 6, 2, 1, 2]
(0, (0, 1, 0), (0, 1)): [6, 6, 1, 1]
(0, (0, 1, 0), (0, 2)): [2, 1, 0, 1]
(0, (0, 1, 0), (1, 0)): [10, 5, 1, 1]
(0, (0, 1, 0), (1, 1)): [8, 4, 1]
(0, (0, 1, 0), (1, 2)): [3, 2, 1, 1]
(0, (0, 1, 0), (2, 0)): [1, 4, 0, 1]
(0, (0, 1, 0), (2, 2)): [5, 1, 0, 1]
(0, (0, 1, 0), (3, 0)): [1, 2]
(0, (0, 1, 1), (0, 0)): [166, 257, 361, 174, 70, 35, 14, 6, 4, 3, 1]
(0, (1, 0, 0), (0, 0)): [12191, 4320, 2483, 1245, 567, 237, 90, 41, 16, 6, 5]
(0, (1, 0, 0), (0, 1)): [42, 6, 2, 2, 0, 1, 1]
(0, (1, 0, 0), (0, 2)): [16, 3, 0, 1, 0, 1, 1]
(0, (1, 0, 0), (1, 0)): [25, 14, 6, 1, 0, 1]
(0, (1, 0, 0), (1, 1)): [22, 7, 4, 0, 0, 1]
(0, (1, 0, 0), (1, 2)): [14, 2, 2, 0, 0, 2]
(0, (1, 0, 0), (2, 0)): [6, 5, 1, 1]
(0, (1, 0, 0), (2, 1)): [6, 6, 3, 1]
(0, (1, 0, 0), (2, 2)): [8, 2, 2, 1, 0, 1]
(0, (1, 0, 0), (3, 0)): [3, 1]
(0, (1, 0, 1), (0, 0)): [290, 684, 370, 210, 122, 51, 28, 15, 6, 2, 3]
(0, (1, 1, 0), (0, 0)): [1545, 1044, 889, 570, 296, 129, 50, 21, 6, 7, 2]
(0, (1, 1, 0), (1, 0)): [2, 1, 0, 1, 0, 1, 1]
(0, (1, 1, 0), (2, 0)): [1]
(0, (1, 1, 0), (2, 1)): [1]
(0, (1, 1, 0), (2, 2)): [2, 1]
(0, (1, 1, 1), (0, 0)): [204, 293, 245, 237, 168, 88, 40, 16, 8, 7, 1]
(1, (0, 0, 0), (0, 0)): [41956, 4169, 1590, 628, 243, 84, 32, 22, 2, 1, 1]
(1, (0, 0, 0), (0, 1)): [191, 18, 6, 3, 1]
(1, (0, 0, 0), (0, 2)): [79, 6, 2, 2]
(1, (0, 0, 0), (1, 0)): [127, 15, 6, 2, 0, 1, 0, 1]
(1, (0, 0, 0), (1, 1)): [134, 12, 4, 1, 0, 1]
(1, (0, 0, 0), (1, 2)): [88, 9, 2, 2, 0, 1]
(1, (0, 0, 0), (2, 0)): [36, 7, 3, 2]
(1, (0, 0, 0), (2, 1)): [52, 6, 4, 2]
(1, (0, 0, 0), (2, 2)): [58, 4, 2, 2, 0, 1]
(1, (0, 0, 0), (3, 0)): [13, 2, 1]
(1, (0, 0, 0), (3, 1)): [14, 5, 2]
(1, (0, 0, 0), (3, 2)): [31, 5, 4, 1, 0, 1]
(1, (0, 0, 1), (0, 0)): [1828, 2653, 502, 218, 95, 32, 16, 8, 2, 1]
(1, (0, 0, 1), (0, 1)): [7, 11]
(1, (0, 0, 1), (0, 2)): [4, 4]
(1, (0, 0, 1), (1, 0)): [7, 10, 1, 1, 1]
(1, (0, 0, 1), (1, 1)): [7, 8, 0, 1, 1]
(1, (0, 0, 1), (2, 1)): [2, 5]
(1, (0, 1, 0), (0, 0)): [7090, 3263, 1037, 472, 190, 73, 15, 10, 3]
(1, (0, 1, 0), (0, 1)): [24, 13, 3, 1, 0, 1]
(1, (0, 1, 0), (0, 2)): [9, 3, 0, 0, 0, 1]
(1, (0, 1, 0), (1, 0)): [26, 15, 1, 2, 1, 1]
(1, (0, 1, 0), (1, 1)): [23, 12, 0, 2, 1, 1]
(1, (0, 1, 0), (1, 2)): [18, 6, 0, 0, 1]
(1, (0, 1, 0), (2, 0)): [11, 3, 1]
(1, (0, 1, 0), (2, 1)): [7, 5, 0, 2, 0, 1]
(1, (0, 1, 0), (2, 2)): [10, 6, 0, 2, 1, 1]
(1, (0, 1, 0), (3, 0)): [5, 2, 1]
(1, (0, 1, 0), (3, 1)): [3, 2, 1]
(1, (0, 1, 1), (0, 0)): [1145, 947, 1024, 387, 140, 62, 26, 6, 4, 2, 1]
(1, (0, 1, 1), (1, 0)): [3, 1, 2, 2]
(1, (0, 1, 1), (1, 1)): [4, 0, 5, 1]
(1, (0, 1, 1), (1, 2)): [3, 0, 3, 1]
(1, (0, 1, 1), (2, 2)): [2, 0, 1, 1]
(1, (0, 1, 1), (3, 2)): [1, 0, 1]
(1, (1, 0, 0), (0, 0)): [16873, 3359, 1720, 732, 287, 106, 38, 23, 4, 1, 2]
(1, (1, 0, 0), (0, 1)): [67, 6, 2, 4, 1, 1, 1]
(1, (1, 0, 0), (0, 2)): [29, 4, 0, 2]
(1, (1, 0, 0), (1, 0)): [41, 15, 8, 3, 0, 2]
(1, (1, 0, 0), (1, 1)): [36, 5, 2, 3, 0, 1]
(1, (1, 0, 0), (1, 2)): [34, 4, 1, 2]
(1, (1, 0, 0), (2, 0)): [12, 5, 3]
(1, (1, 0, 0), (2, 2)): [15, 4, 2, 3, 0, 1]
(1, (1, 0, 0), (3, 0)): [3, 3, 1]
(1, (1, 0, 0), (3, 1)): [4, 3, 1]
(1, (1, 0, 0), (3, 2)): [7, 5, 1, 1, 0, 1]
(1, (1, 0, 1), (0, 0)): [1247, 1494, 543, 326, 157, 45, 9, 11, 1, 1, 1]
(1, (1, 0, 1), (0, 1)): [6, 2, 0, 2, 1]
(1, (1, 0, 1), (0, 2)): [4, 0, 0, 1]
(1, (1, 0, 1), (1, 0)): [5, 5, 0, 0, 1, 1]
(1, (1, 0, 1), (1, 1)): [1, 4, 0, 1, 1]
(1, (1, 0, 1), (1, 2)): [2, 2, 0, 0, 1]
(1, (1, 0, 1), (2, 0)): [3, 2, 0, 0, 1]
(1, (1, 1, 0), (0, 0)): [4080, 1270, 949, 585, 232, 85, 28, 15, 3, 1]
(1, (1, 1, 0), (1, 0)): [12, 5, 0, 2]
(1, (1, 1, 0), (1, 1)): [17, 3, 2, 1]
(1, (1, 1, 0), (1, 2)): [13, 0, 1, 1]
(1, (1, 1, 0), (2, 2)): [7, 1, 1, 1]
(1, (1, 1, 1), (0, 0)): [842, 647, 429, 342, 213, 92, 36, 18, 3, 2]
(1, (1, 1, 1), (0, 1)): [2, 0, 0, 0, 0, 1]
(2, (0, 0, 0), (0, 0)): [36725, 1363, 411, 124, 45, 8, 3, 1]
(2, (0, 0, 0), (0, 1)): [146, 4, 1]
(2, (0, 0, 0), (0, 2)): [64, 1]
(2, (0, 0, 0), (1, 0)): [135, 6, 4, 0, 1]
(2, (0, 0, 0), (1, 1)): [119, 7, 1]
(2, (0, 0, 0), (1, 2)): [75, 1, 1]
(2, (0, 0, 0), (2, 0)): [52, 0, 3]
(2, (0, 0, 0), (2, 1)): [72, 7]
(2, (0, 0, 0), (2, 2)): [66, 3, 1]
(2, (0, 0, 0), (3, 0)): [14, 0, 3]
(2, (0, 0, 0), (3, 1)): [29, 2, 1]
(2, (0, 0, 0), (3, 2)): [45, 1]
(2, (0, 0, 1), (0, 0)): [4867, 1760, 274, 89, 28, 6, 3, 2]
(2, (0, 0, 1), (0, 1)): [16, 5, 1]
(2, (0, 0, 1), (0, 2)): [9, 5, 1]
(2, (0, 0, 1), (1, 0)): [14, 6]
(2, (0, 0, 1), (1, 1)): [11]
(2, (0, 0, 1), (1, 2)): [11, 4, 1]
(2, (0, 0, 1), (2, 1)): [6]
(2, (0, 0, 1), (2, 2)): [5, 1, 1]
(2, (0, 0, 1), (3, 1)): [7]
(2, (0, 1, 0), (0, 0)): [11800, 2620, 602, 194, 54, 15, 9, 4]
(2, (0, 1, 0), (0, 1)): [39, 5, 2, 1, 1]
(2, (0, 1, 0), (0, 2)): [19, 1]
(2, (0, 1, 0), (1, 0)): [46, 11, 4, 0, 0, 1]
(2, (0, 1, 0), (1, 1)): [31, 7, 2, 0, 1]
(2, (0, 1, 0), (1, 2)): [20, 2, 0, 0, 1]
(2, (0, 1, 0), (2, 0)): [22, 5, 2, 0, 0, 1]
(2, (0, 1, 0), (2, 1)): [20, 6, 1, 0, 0, 1]
(2, (0, 1, 0), (2, 2)): [14]
(2, (0, 1, 0), (3, 0)): [11, 3, 1]
(2, (0, 1, 0), (3, 1)): [14, 5, 0, 0, 0, 1]
(2, (0, 1, 0), (3, 2)): [8, 3, 0, 0, 0, 1]
(2, (0, 1, 1), (0, 0)): [2840, 293, 674, 161, 54, 16, 3, 1]
(2, (0, 1, 1), (0, 1)): [10, 1, 2]
(2, (0, 1, 1), (1, 0)): [11, 0, 9, 1]
(2, (0, 1, 1), (1, 1)): [9, 1, 4, 1]
(2, (0, 1, 1), (2, 0)): [4, 0, 5]
(2, (0, 1, 1), (2, 1)): [4, 0, 2]
(2, (0, 1, 1), (2, 2)): [2, 0, 1]
(2, (0, 1, 1), (3, 0)): [3, 0, 4]
(2, (0, 1, 1), (3, 1)): [2, 0, 3]
(2, (0, 1, 1), (3, 2)): [3, 0, 3]
(2, (1, 0, 0), (0, 0)): [20599, 1595, 719, 221, 69, 23, 5, 2]
(2, (1, 0, 0), (0, 1)): [72, 1, 3]
(2, (1, 0, 0), (0, 2)): [16]
(2, (1, 0, 0), (1, 0)): [64, 2, 4, 1, 1]
(2, (1, 0, 0), (1, 1)): [44, 1, 2, 0, 1]
(2, (1, 0, 0), (1, 2)): [21]
(2, (1, 0, 0), (2, 0)): [25, 1, 2, 1]
(2, (1, 0, 0), (2, 1)): [14, 1, 0, 0, 1]
(2, (1, 0, 0), (2, 2)): [9]
(2, (1, 0, 0), (3, 0)): [9, 1, 1, 1]
(2, (1, 0, 0), (3, 1)): [9, 1]
(2, (1, 0, 1), (0, 0)): [3088, 890, 393, 148, 59, 9, 3, 2]
(2, (1, 0, 1), (1, 0)): [12, 1, 4]
(2, (1, 0, 1), (2, 0)): [4, 0, 3]
(2, (1, 1, 0), (0, 0)): [6118, 865, 530, 296, 70, 25, 6, 1, 1, 1]
(2, (1, 1, 0), (0, 1)): [21, 2, 2]
(2, (1, 1, 0), (0, 2)): [10, 1]
(2, (1, 1, 0), (1, 0)): [16, 1, 1, 1]
(2, (1, 1, 0), (1, 1)): [9, 0, 1]
(2, (1, 1, 0), (1, 2)): [6, 1]
(2, (1, 1, 1), (0, 0)): [1903, 287, 303, 173, 111, 31, 11, 2, 1, 1]
(2, (1, 1, 1), (0, 1)): [9, 0, 2, 0, 1]
(2, (1, 1, 1), (1, 1)): [2, 0, 1]
(2, (1, 1, 1), (2, 1)): [1, 0, 1]
