(0, (0, 0, 0), (0, 0)): [1496368, 299061, 137247, 62142, 27636, 11736, 4827, 2008, 795, 364, 151, 67, 32, 10, 3, 1, 0, 1]
(0, (0, 0, 0), (0, 1)): [37892, 6922, 3114, 1404, 576, 247, 94, 44, 12, 14, 3, 0, 2, 1, 0, 1]
(0, (0, 0, 0), (0, 2)): [14191, 2254, 1012, 454, 177, 74, 34, 15, 4, 4, 0, 0, 1]
(0, (0, 0, 0), (1, 0)): [35311, 7496, 3604, 1604, 798, 319, 143, 60, 15, 7, 4]
(0, (0, 0, 0), (1, 1)): [32158, 6220, 2900, 1309, 602, 233, 92, 39, 11, 9, 6, 0, 1, 1, 0, 1]
(0, (0, 0, 0), (1, 2)): [21243, 3575, 1606, 701, 326, 149, 49, 21, 6, 6, 1, 0, 2]
(0, (0, 0, 0), (2, 0)): [11672, 2724, 1379, 643, 328, 136, 62, 30, 6, 2, 1]
(0, (0, 0, 0), (2, 1)): [17085, 3549, 1789, 820, 375, 146, 64, 34, 8, 2, 1, 0, 0, 1]
(0, (0, 0, 0), (2, 2)): [16782, 2994, 1485, 671, 315, 130, 35, 19, 8, 7, 1, 0, 2]
(0, (0, 0, 0), (3, 0)): [3655, 981, 541, 288, 142, 70, 28, 11, 3, 0, 1]
(0, (0, 0, 0), (3, 1)): [6768, 1731, 918, 458, 201, 88, 39, 22, 4]
(0, (0, 0, 0), (3, 2)): [9151, 1951, 1114, 500, 237, 99, 29, 22, 7, 5, 0, 0, 2]
(0, (0, 0, 1), (0, 0)): [6376, 18966, 5164, 2447, 1170, 494, 224, 101, 37, 22, 9, 3, 3, 2]
(0, (0, 0, 1), (0, 1)): [135, 378, 117, 42, 24, 9, 5, 3, 0, 1, 0, 0, 0, 1]
(0, (0, 0, 1), (0, 2)): [54, 149, 36, 15, 10, 2, 0, 1]
(0, (0, 0, 1), (1, 0)): [140, 402, 103, 71, 29, 15, 5, 3, 1, 0, 1]
(0, (0, 0, 1), (1, 1)): [129, 313, 93, 39, 25, 11, 6, 1, 0, 1, 1, 0, 0, 1]
(0, (0, 0, 1), (1, 2)): [87, 217, 59, 22, 13, 4, 3, 2, 0, 1, 1]
(0, (0, 0, 1), (2, 0)): [54, 168, 41, 33, 10, 9, 1, 2, 1]
(0, (0, 0, 1), (2, 1)): [73, 173, 55, 34, 19, 6, 1, 1]
(0, (0, 0, 1), (2, 2)): [80, 190, 54, 18, 14, 4, 2, 0, 0, 0, 1]
(0, (0, 0, 1), (3, 0)): [14, 72, 16, 12, 5, 5, 1, 1, 1]
(0, (0, 0, 1), (3, 1)): [36, 76, 23, 19, 10, 5, 0, 1]
(0, (0, 0, 1), (3, 2)): [47, 110, 27, 19, 14, 5, 1, 1, 0, 0, 1]
(0, (0, 1, 0), (0, 0)): [53041, 49233, 19159, 9208, 4423, 1881, 806, 339, 138, 78, 27, 6, 3, 2, 1]
(0, (0, 1, 0), (0, 1)): [1311, 1122, 444, 190, 86, 36, 25, 11, 4]
(0, (0, 1, 0), (0, 2)): [527, 359, 153, 57, 26, 13, 11, 4, 1]
(0, (0, 1, 0), (1, 0)): [1294, 1165, 474, 244, 118, 49, 20, 11, 2, 1]
(0, (0, 1, 0), (1, 1)): [1095, 966, 385, 173, 74, 28, 16, 10, 1, 1]
(0, (0, 1, 0), (1, 2)): [757, 574, 220, 104, 45, 17, 8, 6, 1, 1]
(0, (0, 1, 0), (2, 0)): [472, 420, 180, 93, 45, 30, 9, 3, 1]
(0, (0, 1, 0), (2, 1)): [576, 533, 226, 93, 42, 29, 11, 6, 1]
(0, (0, 1, 0), (2, 2)): [622, 459, 201, 86, 40, 13, 8, 2, 2]
(0, (0, 1, 0), (3, 0)): [175, 128, 72, 42, 28, 10, 5, 3, 1]
(0, (0, 1, 0), (3, 1)): [243, 201, 106, 55, 28, 17, 5, 2]
(0, (0, 1, 0), (3, 2)): [366, 262, 137, 64, 34, 11, 8, 1, 1]
(0, (0, 1, 1), (0, 0)): [4420, 7526, 9024, 4173, 2212, 1022, 440, 202, 101, 44, 10, 6, 2, 2, 1, 0, 0, 1]
(0, (0, 1, 1), (0, 1)): [105, 162, 199, 78, 50, 18, 12, 4, 3]
(0, (0, 1, 1), (0, 2)): [56, 63, 67, 28, 22, 7, 4, 2, 1]
(0, (0, 1, 1), (1, 0)): [109, 212, 259, 129, 76, 29, 16, 8, 4, 1, 0, 1]
(0, (0, 1, 1), (1, 1)): [77, 149, 190, 72, 49, 14, 9, 4, 2]
(0, (0, 1, 1), (1, 2)): [63, 82, 102, 40, 31, 11, 6, 2, 2]
(0, (0, 1, 1), (2, 0)): [58, 105, 110, 66, 41, 19, 7, 6, 3, 1, 0, 1]
(0, (0, 1, 1), (2, 1)): [52, 93, 108, 50, 29, 9, 3, 6, 3]
(0, (0, 1, 1), (2, 2)): [54, 75, 86, 38, 23, 9, 6, 3, 2]
(0, (0, 1, 1), (3, 0)): [33, 57, 49, 39, 29, 15, 4, 2, 0, 1, 0, 1]
(0, (0, 1, 1), (3, 1)): [21, 34, 43, 26, 18, 2, 0, 2, 2]
(0, (0, 1, 1), (3, 2)): [27, 41, 61, 28, 19, 6, 4, 4, 3]
(0, (1, 0, 0), (0, 0)): [320635, 107555, 67544, 33255, 15767, 7025, 2911, 1257, 520, 239, 104, 42, 22, 4, 2, 1, 0, 1]
(0, (1, 0, 0), (0, 1)): [7658, 2219, 1502, 694, 350, 155, 58, 31, 10, 3]
(0, (1, 0, 0), (0, 2)): [2900, 699, 487, 206, 99, 39, 22, 6, 5, 1]
(0, (1, 0, 0), (1, 0)): [6705, 2256, 1615, 749, 381, 167, 77, 31, 10, 10, 4, 1]
(0, (1, 0, 0), (1, 1)): [5567, 1738, 1226, 554, 284, 126, 48, 28, 7, 6, 2, 1]
(0, (1, 0, 0), (1, 2)): [3596, 956, 671, 305, 146, 61, 30, 15, 4, 3]
(0, (1, 0, 0), (2, 0)): [2108, 750, 543, 301, 158, 71, 30, 14, 5, 4, 2]
(0, (1, 0, 0), (2, 1)): [2676, 885, 632, 309, 163, 73, 27, 13, 6, 5, 0, 1]
(0, (1, 0, 0), (2, 2)): [2493, 727, 523, 229, 136, 49, 27, 14, 5, 6]
(0, (1, 0, 0), (3, 0)): [592, 243, 184, 132, 78, 26, 8, 6, 0, 2, 1]
(0, (1, 0, 0), (3, 1)): [999, 375, 283, 175, 99, 34, 9, 4, 4, 1, 1, 1]
(0, (1, 0, 0), (3, 2)): [1230, 417, 294, 157, 105, 38, 11, 9, 3, 3]
(0, (1, 0, 1), (0, 0)): [7697, 23011, 9446, 6469, 3388, 1541, 746, 306, 144, 57, 30, 15, 5, 1, 1, 0, 0, 1]
(0, (1, 0, 1), (0, 1)): [177, 478, 193, 142, 63, 32, 20, 7, 2, 1, 0, 0, 1]
(0, (1, 0, 1), (0, 2)): [78, 180, 57, 52, 19, 15, 9, 3, 1]
(0, (1, 0, 1), (1, 0)): [161, 547, 200, 157, 70, 43, 10, 6, 5, 1, 1]
(0, (1, 0, 1), (1, 1)): [139, 380, 143, 105, 50, 25, 10, 3, 2, 0, 1]
(0, (1, 0, 1), (1, 2)): [117, 231, 75, 61, 23, 15, 7, 3, 2]
(0, (1, 0, 1), (2, 0)): [53, 199, 82, 52, 24, 21, 4, 4, 1, 1]
(0, (1, 0, 1), (2, 1)): [51, 226, 92, 59, 32, 16, 6, 1, 2, 0, 1]
(0, (1, 0, 1), (2, 2)): [77, 183, 68, 43, 24, 8, 6, 4, 1, 0, 1]
(0, (1, 0, 1), (3, 0)): [21, 67, 30, 19, 9, 11, 1, 4]
(0, (1, 0, 1), (3, 1)): [21, 82, 33, 27, 17, 10, 3]
(0, (1, 0, 1), (3, 2)): [35, 84, 47, 25, 15, 9, 4, 2, 1, 0, 1]
(0, (1, 1, 0), (0, 0)): [43869, 28023, 21156, 14926, 7956, 3729, 1570, 750, 300, 148, 66, 24, 10, 1]
(0, (1, 1, 0), (0, 1)): [1109, 607, 429, 303, 187, 75, 32, 16, 3, 2, 1, 1]
(0, (1, 1, 0), (0, 2)): [445, 214, 143, 96, 66, 29, 13, 7, 1]
(0, (1, 1, 0), (1, 0)): [887, 576, 421, 313, 171, 96, 42, 20, 5, 4, 1]
(0, (1, 1, 0), (1, 1)): [750, 453, 325, 238, 118, 69, 27, 11, 4, 4, 1]
(0, (1, 1, 0), (1, 2)): [534, 282, 191, 135, 77, 35, 14, 12, 1, 3]
(0, (1, 1, 0), (2, 0)): [270, 180, 141, 115, 62, 35, 19, 8, 3, 1]
(0, (1, 1, 0), (2, 1)): [353, 218, 153, 134, 71, 41, 17, 5, 4, 2]
(0, (1, 1, 0), (2, 2)): [363, 210, 148, 100, 61, 28, 11, 7, 3, 2]
(0, (1, 1, 0), (3, 0)): [71, 55, 47, 39, 25, 13, 8, 5, 1]
(0, (1, 1, 0), (3, 1)): [139, 84, 59, 66, 32, 23, 13, 3, 2, 1]
(0, (1, 1, 0), (3, 2)): [188, 106, 80, 75, 44, 21, 7, 5, 3]
(0, (1, 1, 1), (0, 0)): [4292, 8048, 6614, 5011, 3951, 1975, 909, 455, 197, 90, 43, 15, 4, 1, 1]
(0, (1, 1, 1), (0, 1)): [120, 168, 147, 92, 74, 43, 14, 8, 7, 4, 1, 1]
(0, (1, 1, 1), (0, 2)): [53, 68, 51, 32, 29, 14, 4, 2, 3, 1, 0, 1]
(0, (1, 1, 1), (1, 0)): [81, 184, 169, 135, 113, 63, 20, 13, 4, 1, 1, 1]
(0, (1, 1, 1), (1, 1)): [80, 133, 138, 90, 69, 40, 12, 9, 3, 3, 1]
(0, (1, 1, 1), (1, 2)): [69, 94, 75, 44, 35, 23, 5, 2, 4, 1, 0, 1]
(0, (1, 1, 1), (2, 0)): [25, 70, 45, 58, 49, 25, 7, 6, 1, 0, 1]
(0, (1, 1, 1), (2, 1)): [38, 63, 64, 56, 40, 19, 7, 7, 3, 1]
(0, (1, 1, 1), (2, 2)): [41, 64, 57, 49, 28, 20, 4, 6, 1, 2, 0, 1]
(0, (1, 1, 1), (3, 0)): [7, 23, 17, 21, 17, 10, 3, 3, 0, 0, 1]
(0, (1, 1, 1), (3, 1)): [11, 32, 22, 31, 17, 6, 3, 2, 1, 0, 1]
(0, (1, 1, 1), (3, 2)): [16, 30, 34, 34, 19, 12, 3, 3, 2, 0, 0, 1]
(1, (0, 0, 0), (0, 0)): [1212048, 131462, 53717, 21105, 8175, 3104, 1197, 439, 164, 66, 26, 15, 7, 3, 0, 1]
(1, (0, 0, 0), (0, 1)): [31349, 3014, 1270, 477, 196, 58, 19, 9, 1, 0, 0, 0, 0, 1]
(1, (0, 0, 0), (0, 2)): [11718, 927, 370, 149, 55, 18, 2, 2]
(1, (0, 0, 0), (1, 0)): [29621, 3665, 1516, 608, 230, 78, 34, 10, 1, 2, 0, 0, 0, 0, 0, 1]
(1, (0, 0, 0), (1, 1)): [26871, 2873, 1172, 438, 177, 62, 28, 7, 2, 1, 0, 0, 0, 1]
(1, (0, 0, 0), (1, 2)): [17515, 1513, 607, 249, 98, 45, 13, 2, 1]
(1, (0, 0, 0), (2, 0)): [10140, 1422, 644, 256, 98, 34, 14, 5, 0, 1, 0, 0, 0, 0, 0, 1]
(1, (0, 0, 0), (2, 1)): [14575, 1753, 757, 279, 113, 35, 15, 6, 0, 2]
(1, (0, 0, 0), (2, 2)): [14217, 1401, 590, 236, 92, 47, 16, 4, 1]
(1, (0, 0, 0), (3, 0)): [3132, 503, 290, 106, 49, 16, 9, 1, 0, 0, 0, 0, 0, 0, 0, 1]
(1, (0, 0, 0), (3, 1)): [5958, 887, 457, 166, 75, 17, 10, 3, 0, 1]
(1, (0, 0, 0), (3, 2)): [7843, 961, 483, 178, 73, 26, 14, 3]
(1, (0, 0, 1), (0, 0)): [34096, 48964, 9628, 4063, 1702, 677, 265, 108, 46, 18, 9, 5, 4, 1]
(1, (0, 0, 1), (0, 1)): [787, 913, 196, 61, 27, 9, 8, 1]
(1, (0, 0, 1), (0, 2)): [342, 309, 66, 16, 6, 2, 4]
(1, (0, 0, 1), (1, 0)): [845, 1216, 246, 124, 46, 20, 6, 3, 1, 1]
(1, (0, 0, 1), (1, 1)): [712, 872, 160, 76, 30, 10, 3, 3]
(1, (0, 0, 1), (1, 2)): [537, 478, 77, 31, 16, 5, 3]
(1, (0, 0, 1), (2, 0)): [356, 467, 114, 54, 25, 10, 5, 1, 1, 1]
(1, (0, 0, 1), (2, 1)): [363, 505, 99, 46, 19, 9, 6, 3]
(1, (0, 0, 1), (2, 2)): [395, 408, 74, 33, 9, 5, 2, 1]
(1, (0, 0, 1), (3, 0)): [169, 194, 60, 37, 11, 5, 2, 1, 1]
(1, (0, 0, 1), (3, 1)): [176, 241, 52, 26, 10, 4, 4, 2]
(1, (0, 0, 1), (3, 2)): [242, 246, 61, 24, 8, 5, 3, 1]
(1, (0, 1, 0), (0, 0)): [165921, 73978, 26470, 11292, 4514, 1783, 609, 276, 82, 39, 20, 9, 9, 2, 1]
(1, (0, 1, 0), (0, 1)): [3824, 1493, 535, 208, 71, 33, 9, 3, 1, 1]
(1, (0, 1, 0), (0, 2)): [1525, 521, 165, 61, 21, 10, 4]
(1, (0, 1, 0), (1, 0)): [4393, 1901, 692, 374, 158, 56, 15, 6, 1, 0, 1, 0, 0, 1]
(1, (0, 1, 0), (1, 1)): [3357, 1316, 480, 219, 87, 40, 9, 5, 1, 1, 0, 0, 0, 1]
(1, (0, 1, 0), (1, 2)): [2245, 773, 289, 103, 34, 18, 6, 2, 0, 1]
(1, (0, 1, 0), (2, 0)): [1933, 812, 321, 197, 77, 25, 9, 4, 1, 0, 1]
(1, (0, 1, 0), (2, 1)): [1845, 778, 271, 146, 63, 27, 8, 4, 0, 0, 1, 0, 0, 1]
(1, (0, 1, 0), (2, 2)): [1787, 686, 238, 101, 40, 18, 4, 1]
(1, (0, 1, 0), (3, 0)): [1017, 367, 143, 130, 52, 13, 5, 3, 1]
(1, (0, 1, 0), (3, 1)): [944, 341, 135, 90, 45, 17, 4, 2, 1, 0, 0, 0, 0, 1]
(1, (0, 1, 0), (3, 2)): [1081, 390, 163, 92, 41, 13, 5, 1, 0, 0, 0, 0, 0, 1]
(1, (0, 1, 1), (0, 0)): [26570, 21694, 19717, 7849, 3984, 1566, 607, 238, 114, 40, 12, 7, 2, 2, 0, 1]
(1, (0, 1, 1), (0, 1)): [500, 364, 312, 124, 53, 29, 11, 3, 0, 1]
(1, (0, 1, 1), (0, 2)): [238, 124, 113, 48, 22, 8, 4, 0, 0, 1]
(1, (0, 1, 1), (1, 0)): [812, 681, 523, 232, 161, 46, 23, 12, 4, 2]
(1, (0, 1, 1), (1, 1)): [426, 322, 285, 101, 51, 17, 10, 5, 0, 1]
(1, (0, 1, 1), (1, 2)): [326, 180, 167, 64, 29, 10, 6, 0, 0, 1]
(1, (0, 1, 1), (2, 0)): [517, 431, 298, 162, 119, 39, 18, 9, 4, 1]
(1, (0, 1, 1), (2, 1)): [235, 208, 163, 64, 35, 15, 8, 2, 0, 1]
(1, (0, 1, 1), (2, 2)): [245, 165, 149, 59, 30, 7, 2, 2, 0, 1]
(1, (0, 1, 1), (3, 0)): [413, 314, 210, 124, 98, 33, 14, 9, 4, 1]
(1, (0, 1, 1), (3, 1)): [110, 93, 66, 30, 17, 11, 6]
(1, (0, 1, 1), (3, 2)): [139, 112, 79, 33, 21, 7, 1, 1, 0, 1]
(1, (1, 0, 0), (0, 0)): [462195, 82558, 52197, 22061, 8939, 3530, 1385, 493, 213, 88, 31, 22, 5, 3, 0, 2]
(1, (1, 0, 0), (0, 1)): [10953, 1643, 1120, 478, 175, 61, 31, 7, 1, 3]
(1, (1, 0, 0), (0, 2)): [3980, 513, 385, 137, 47, 15, 8, 2, 0, 3]
(1, (1, 0, 0), (1, 0)): [10662, 2036, 1365, 596, 249, 92, 38, 13, 4, 3, 0, 0, 1, 0, 0, 1]
(1, (1, 0, 0), (1, 1)): [8722, 1392, 975, 422, 156, 59, 28, 10, 2, 0, 0, 0, 0, 0, 0, 1]
(1, (1, 0, 0), (1, 2)): [5441, 759, 561, 196, 76, 24, 11, 7, 0, 1]
(1, (1, 0, 0), (2, 0)): [3504, 731, 493, 264, 95, 42, 14, 2, 3, 2, 0, 0, 1]
(1, (1, 0, 0), (2, 1)): [4426, 789, 575, 265, 103, 36, 18, 4, 4, 0, 0, 0, 0, 0, 0, 1]
(1, (1, 0, 0), (2, 2)): [4036, 634, 481, 189, 68, 23, 11, 4, 1, 1]
(1, (1, 0, 0), (3, 0)): [1039, 244, 149, 111, 43, 18, 6, 1, 0, 2, 0, 0, 1]
(1, (1, 0, 0), (3, 1)): [1675, 391, 246, 137, 61, 23, 8, 3, 1, 1, 0, 0, 0, 0, 0, 1]
(1, (1, 0, 0), (3, 2)): [1981, 408, 270, 142, 49, 22, 9, 3, 2, 1, 0, 0, 0, 0, 0, 1]
(1, (1, 0, 1), (0, 0)): [37073, 43435, 14047, 9299, 3973, 1621, 641, 249, 83, 53, 14, 6, 0, 1]
(1, (1, 0, 1), (0, 1)): [953, 861, 255, 190, 86, 33, 13, 5, 3, 4]
(1, (1, 0, 1), (0, 2)): [426, 264, 95, 69, 15, 13, 4, 3, 0, 3]
(1, (1, 0, 1), (1, 0)): [872, 946, 331, 225, 110, 39, 14, 5, 0, 2]
(1, (1, 0, 1), (1, 1)): [721, 665, 216, 152, 79, 18, 14, 3, 2]
(1, (1, 0, 1), (1, 2)): [525, 374, 129, 101, 29, 14, 7, 3, 0, 2]
(1, (1, 0, 1), (2, 0)): [324, 322, 116, 80, 45, 20, 2, 1, 0, 1]
(1, (1, 0, 1), (2, 1)): [341, 333, 119, 78, 53, 13, 7, 1, 2]
(1, (1, 0, 1), (2, 2)): [349, 274, 107, 59, 35, 11, 6, 1, 1, 1]
(1, (1, 0, 1), (3, 0)): [122, 121, 45, 31, 21, 8, 1, 0, 0, 1]
(1, (1, 0, 1), (3, 1)): [129, 141, 49, 37, 29, 11, 0, 1]
(1, (1, 0, 1), (3, 2)): [170, 144, 63, 41, 27, 15, 4, 2, 1, 1]
(1, (1, 1, 0), (0, 0)): [126312, 39013, 26153, 18396, 7724, 3176, 1240, 497, 207, 78, 26, 15, 9, 5, 1]
(1, (1, 1, 0), (0, 1)): [3198, 853, 513, 390, 157, 65, 27, 8, 5]
(1, (1, 1, 0), (0, 2)): [1307, 302, 172, 148, 52, 16, 8, 0, 1]
(1, (1, 1, 0), (1, 0)): [2799, 938, 644, 483, 215, 76, 37, 14, 3, 3, 0, 0, 2, 1]
(1, (1, 1, 0), (1, 1)): [2361, 700, 453, 333, 148, 60, 24, 11, 1, 2]
(1, (1, 1, 0), (1, 2)): [1724, 404, 265, 209, 83, 26, 11, 3]
(1, (1, 1, 0), (2, 0)): [927, 328, 217, 176, 80, 33, 15, 3, 3, 1, 0, 0, 2, 1]
(1, (1, 1, 0), (2, 1)): [1165, 414, 255, 196, 81, 43, 15, 5, 2, 1, 0, 0, 1]
(1, (1, 1, 0), (2, 2)): [1210, 328, 187, 153, 72, 26, 7, 3, 1]
(1, (1, 1, 0), (3, 0)): [238, 120, 66, 53, 41, 17, 7, 3, 2, 1, 0, 0, 1]
(1, (1, 1, 0), (3, 1)): [472, 187, 127, 95, 45, 19, 13, 4, 1, 2, 0, 0, 1]
(1, (1, 1, 0), (3, 2)): [609, 203, 127, 86, 50, 24, 10, 5, 0, 2, 0, 0, 1]
(1, (1, 1, 1), (0, 0)): [25772, 20460, 13118, 8649, 6230, 2644, 1066, 404, 172, 63, 20, 15, 8, 3, 1, 1]
(1, (1, 1, 1), (0, 1)): [698, 444, 303, 192, 148, 53, 27, 10, 6]
(1, (1, 1, 1), (0, 2)): [343, 154, 101, 65, 47, 16, 11, 2, 1]
(1, (1, 1, 1), (1, 0)): [598, 479, 306, 199, 155, 67, 29, 9, 3, 3, 0, 1, 1]
(1, (1, 1, 1), (1, 1)): [502, 347, 237, 163, 128, 51, 20, 8, 3]
(1, (1, 1, 1), (1, 2)): [390, 184, 152, 90, 61, 37, 14, 6, 2]
(1, (1, 1, 1), (2, 0)): [171, 168, 127, 71, 57, 30, 14, 4, 1, 2, 0, 1, 1]
(1, (1, 1, 1), (2, 1)): [228, 214, 130, 94, 70, 21, 15, 4, 1, 1, 0, 1]
(1, (1, 1, 1), (2, 2)): [265, 160, 119, 86, 57, 25, 9, 2]
(1, (1, 1, 1), (3, 0)): [39, 64, 44, 33, 17, 14, 4, 1, 1, 0, 0, 0, 1]
(1, (1, 1, 1), (3, 1)): [64, 103, 57, 47, 37, 13, 5, 3, 0, 0, 0, 0, 1]
(1, (1, 1, 1), (3, 2)): [120, 102, 64, 54, 37, 20, 3, 2]
(2, (0, 0, 0), (0, 0)): [1052232, 47219, 15836, 5028, 1656, 539, 182, 57, 11, 6, 5, 0, 1]
(2, (0, 0, 0), (0, 1)): [26986, 1072, 378, 110, 46, 11, 6, 1, 1]
(2, (0, 0, 0), (0, 2)): [9853, 284, 90, 34, 11, 2, 1, 1]
(2, (0, 0, 0), (1, 0)): [27065, 1493, 503, 161, 62, 15, 4, 0, 0, 0, 0, 0, 1]
(2, (0, 0, 0), (1, 1)): [23980, 1105, 376, 101, 46, 10, 6]
(2, (0, 0, 0), (1, 2)): [15319, 492, 178, 56, 20, 6, 3]
(2, (0, 0, 0), (2, 0)): [9888, 587, 247, 80, 31, 8, 2, 0, 0, 0, 0, 0, 1]
(2, (0, 0, 0), (2, 1)): [13646, 723, 250, 77, 22, 6, 4]
(2, (0, 0, 0), (2, 2)): [12736, 498, 194, 62, 20, 7, 1]
(2, (0, 0, 0), (3, 0)): [3333, 219, 131, 40, 20, 5, 1, 0, 0, 0, 0, 0, 1]
(2, (0, 0, 0), (3, 1)): [6173, 370, 168, 50, 20, 7, 3]
(2, (0, 0, 0), (3, 2)): [7714, 385, 180, 51, 19, 6]
(2, (0, 0, 1), (0, 0)): [99097, 30841, 6010, 2025, 723, 238, 68, 22, 4, 2, 0, 1]
(2, (0, 0, 1), (0, 1)): [2295, 623, 127, 31, 19, 6, 1]
(2, (0, 0, 1), (0, 2)): [895, 180, 39, 7, 5, 2]
(2, (0, 0, 1), (1, 0)): [2768, 760, 163, 68, 23, 10, 0, 2]
(2, (0, 0, 1), (1, 1)): [2169, 517, 106, 27, 16, 6, 1, 1]
(2, (0, 0, 1), (1, 2)): [1473, 277, 56, 15, 8, 4, 1]
(2, (0, 0, 1), (2, 0)): [1205, 338, 79, 48, 13, 6, 0, 1]
(2, (0, 0, 1), (2, 1)): [1250, 309, 78, 25, 13, 4, 0, 2]
(2, (0, 0, 1), (2, 2)): [1214, 227, 64, 8, 7, 5, 1]
(2, (0, 0, 1), (3, 0)): [612, 138, 37, 32, 6, 4]
(2, (0, 0, 1), (3, 1)): [638, 177, 34, 25, 10, 3, 0, 1]
(2, (0, 0, 1), (3, 2)): [789, 166, 45, 17, 6, 5]
(2, (0, 1, 0), (0, 0)): [262692, 56198, 14906, 5192, 1685, 575, 171, 50, 13, 8, 5, 0, 1]
(2, (0, 1, 0), (0, 1)): [5926, 1069, 281, 80, 25, 5, 1, 0, 1]
(2, (0, 1, 0), (0, 2)): [2270, 312, 74, 18, 7, 1]
(2, (0, 1, 0), (1, 0)): [7476, 1390, 506, 212, 58, 28, 5, 1, 0, 0, 0, 0, 1]
(2, (0, 1, 0), (1, 1)): [5463, 994, 318, 93, 28, 9, 3, 1, 1]
(2, (0, 1, 0), (1, 2)): [3504, 511, 122, 43, 9, 3]
(2, (0, 1, 0), (2, 0)): [3540, 620, 253, 142, 40, 17, 3, 0, 0, 0, 0, 0, 1]
(2, (0, 1, 0), (2, 1)): [3281, 620, 207, 79, 24, 11, 3, 1, 1, 0, 0, 0, 1]
(2, (0, 1, 0), (2, 2)): [3048, 482, 133, 47, 13, 7, 0, 1]
(2, (0, 1, 0), (3, 0)): [1957, 287, 138, 94, 26, 9, 2]
(2, (0, 1, 0), (3, 1)): [1601, 301, 134, 54, 24, 6, 3, 0, 1, 0, 0, 0, 1]
(2, (0, 1, 0), (3, 2)): [1977, 310, 130, 52, 17, 8, 1, 0, 0, 0, 0, 0, 1]
(2, (0, 1, 1), (0, 0)): [59995, 5225, 13301, 3551, 1394, 441, 150, 49, 18, 4, 3, 1, 0, 1]
(2, (0, 1, 1), (0, 1)): [1269, 91, 207, 49, 14, 4, 2, 3]
(2, (0, 1, 1), (0, 2)): [570, 35, 68, 15, 8, 2, 1]
(2, (0, 1, 1), (1, 0)): [1691, 183, 353, 119, 57, 15, 5, 0, 0, 0, 1]
(2, (0, 1, 1), (1, 1)): [1128, 88, 204, 57, 12, 8, 2, 2]
(2, (0, 1, 1), (1, 2)): [799, 47, 113, 28, 10, 2, 2, 1]
(2, (0, 1, 1), (2, 0)): [869, 111, 166, 73, 46, 9, 2, 0, 0, 0, 1]
(2, (0, 1, 1), (2, 1)): [650, 54, 130, 34, 11, 6, 2]
(2, (0, 1, 1), (2, 2)): [679, 49, 112, 29, 8, 5, 1, 1]
(2, (0, 1, 1), (3, 0)): [584, 85, 100, 46, 40, 8, 1, 0, 0, 0, 1]
(2, (0, 1, 1), (3, 1)): [328, 31, 67, 22, 6, 2, 2]
(2, (0, 1, 1), (3, 2)): [435, 42, 86, 26, 10, 4, 1, 1]
(2, (1, 0, 0), (0, 0)): [560959, 40753, 26023, 8235, 2633, 843, 323, 90, 19, 11, 6, 0, 1]
(2, (1, 0, 0), (0, 1)): [13039, 729, 547, 159, 54, 14, 8, 1, 1]
(2, (1, 0, 0), (0, 2)): [4717, 208, 140, 33, 19, 3, 3]
(2, (1, 0, 0), (1, 0)): [13202, 1088, 759, 294, 74, 18, 7, 2, 0, 0, 0, 0, 1]
(2, (1, 0, 0), (1, 1)): [10691, 671, 515, 170, 42, 8, 4, 1, 1]
(2, (1, 0, 0), (1, 2)): [6626, 332, 221, 71, 21, 6, 2]
(2, (1, 0, 0), (2, 0)): [4512, 443, 273, 138, 30, 9, 4, 0, 0, 0, 0, 0, 1]
(2, (1, 0, 0), (2, 1)): [5566, 397, 295, 109, 35, 7, 2, 1, 0, 0, 0, 0, 1]
(2, (1, 0, 0), (2, 2)): [5065, 306, 219, 65, 26, 7, 2, 1]
(2, (1, 0, 0), (3, 0)): [1410, 189, 93, 71, 9, 4, 3]
(2, (1, 0, 0), (3, 1)): [2299, 234, 144, 81, 16, 5, 2, 0, 0, 0, 0, 0, 1]
(2, (1, 0, 0), (3, 2)): [2715, 238, 146, 66, 19, 8, 2, 1, 0, 0, 0, 0, 1]
(2, (1, 0, 1), (0, 0)): [95191, 23281, 9190, 5403, 1760, 580, 196, 65, 22, 7, 0, 3, 1]
(2, (1, 0, 1), (0, 1)): [2376, 477, 171, 119, 32, 7, 2, 2, 0, 0, 0, 1]
(2, (1, 0, 1), (0, 2)): [965, 145, 46, 28, 13, 0, 0, 1]
(2, (1, 0, 1), (1, 0)): [2246, 527, 232, 160, 56, 19, 5]
(2, (1, 0, 1), (1, 1)): [1817, 381, 157, 107, 30, 14, 5, 1, 0, 0, 0, 1]
(2, (1, 0, 1), (1, 2)): [1247, 203, 76, 48, 18, 8, 1, 2, 0, 0, 0, 1]
(2, (1, 0, 1), (2, 0)): [818, 180, 102, 57, 20, 5, 2]
(2, (1, 0, 1), (2, 1)): [1004, 215, 97, 55, 19, 5, 1]
(2, (1, 0, 1), (2, 2)): [878, 164, 67, 38, 14, 5, 1, 2, 0, 0, 0, 1]
(2, (1, 0, 1), (3, 0)): [288, 49, 47, 23, 13, 2, 2]
(2, (1, 0, 1), (3, 1)): [458, 83, 53, 26, 13, 2, 3]
(2, (1, 0, 1), (3, 2)): [491, 94, 59, 20, 11, 4, 2, 2]
(2, (1, 1, 0), (0, 0)): [216559, 33149, 16704, 11198, 3562, 1167, 384, 125, 45, 20, 7, 1, 2, 1]
(2, (1, 1, 0), (0, 1)): [5362, 717, 331, 243, 68, 12, 6, 4, 0, 0, 0, 0, 1]
(2, (1, 1, 0), (0, 2)): [2145, 208, 97, 59, 22, 2, 2, 2]
(2, (1, 1, 0), (1, 0)): [5199, 798, 449, 330, 105, 28, 9, 2, 2, 1]
(2, (1, 1, 0), (1, 1)): [4414, 583, 281, 228, 52, 13, 6, 2, 1, 1, 0, 0, 1]
(2, (1, 1, 0), (1, 2)): [3020, 323, 148, 107, 23, 6, 2, 3]
(2, (1, 1, 0), (2, 0)): [1802, 310, 190, 131, 58, 17, 3, 1]
(2, (1, 1, 0), (2, 1)): [2337, 306, 195, 138, 44, 13, 6, 1, 1, 1, 0, 0, 1]
(2, (1, 1, 0), (2, 2)): [2272, 265, 132, 119, 26, 5, 4, 3, 1]
(2, (1, 1, 0), (3, 0)): [602, 114, 75, 50, 22, 8, 1]
(2, (1, 1, 0), (3, 1)): [1003, 146, 110, 72, 28, 10, 4, 1, 0, 0, 0, 0, 1]
(2, (1, 1, 0), (3, 2)): [1265, 154, 105, 78, 30, 6, 3, 2, 1]
(2, (1, 1, 1), (0, 0)): [62482, 9119, 10551, 5201, 3741, 1190, 400, 137, 46, 10, 7, 1, 1, 1]
(2, (1, 1, 1), (0, 1)): [1745, 176, 247, 114, 86, 18, 8, 3, 1, 0, 0, 0, 1]
(2, (1, 1, 1), (0, 2)): [814, 55, 66, 35, 23, 4, 3, 1, 1]
(2, (1, 1, 1), (1, 0)): [1350, 358, 253, 163, 98, 37, 12, 1, 2, 0, 1]
(2, (1, 1, 1), (1, 1)): [1286, 178, 219, 114, 75, 15, 6, 0, 0, 0, 1, 0, 1]
(2, (1, 1, 1), (1, 2)): [978, 84, 101, 51, 33, 7, 3, 1, 0, 0, 1]
(2, (1, 1, 1), (2, 0)): [358, 234, 74, 68, 48, 22, 5, 1, 1]
(2, (1, 1, 1), (2, 1)): [553, 160, 116, 72, 53, 17, 7, 0, 0, 0, 0, 0, 1]
(2, (1, 1, 1), (2, 2)): [657, 102, 90, 58, 36, 8, 4, 0, 0, 0, 1]
(2, (1, 1, 1), (3, 0)): [70, 161, 24, 35, 19, 12, 1, 0, 1]
(2, (1, 1, 1), (3, 1)): [173, 160, 42, 46, 33, 12, 5]
(2, (1, 1, 1), (3, 2)): [295, 136, 50, 64, 33, 11, 6, 0, 0, 0, 1]
