(0, (0, 0, 0), (0, 0)): [30291, 6048, 2887, 1347, 623, 278, 132, 49, 21, 9, 6, 0, 0, 1]
(0, (0, 0, 0), (0, 1)): [16067, 2967, 1431, 642, 307, 124, 62, 26, 10, 2, 3]
(0, (0, 0, 0), (0, 2)): [6997, 1128, 536, 234, 97, 51, 22, 9, 1, 2, 1]
(0, (0, 0, 0), (1, 0)): [10946, 2286, 1118, 543, 248, 118, 50, 16, 6, 6, 2, 0, 0, 1]
(0, (0, 0, 0), (1, 1)): [12091, 2362, 1132, 564, 263, 99, 49, 20, 8, 1, 0, 0, 0, 1]
(0, (0, 0, 0), (1, 2)): [9815, 1703, 775, 396, 142, 76, 32, 15, 3, 1]
(0, (0, 0, 0), (2, 0)): [3469, 780, 405, 195, 99, 47, 15, 7, 2, 4, 2]
(0, (0, 0, 0), (2, 1)): [5913, 1224, 622, 293, 146, 57, 26, 11, 2, 1, 0, 0, 0, 1]
(0, (0, 0, 0), (2, 2)): [7819, 1428, 680, 337, 141, 63, 25, 11, 3]
(0, (0, 0, 0), (3, 0)): [965, 254, 145, 83, 45, 20, 4, 2, 2, 2, 2]
(0, (0, 0, 0), (3, 1)): [2120, 534, 296, 154, 80, 34, 8, 6, 2, 1, 1, 0, 0, 1]
(0, (0, 0, 0), (3, 2)): [4098, 880, 438, 238, 113, 44, 15, 10, 3, 1, 1]
(0, (0, 0, 1), (0, 0)): [68, 203, 51, 30, 12, 4, 3, 0, 0, 0, 0, 0, 1]
(0, (0, 0, 1), (0, 1)): [37, 98, 23, 12, 3, 1, 2, 0, 0, 0, 0, 0, 1]
(0, (0, 0, 1), (0, 2)): [17, 45, 8, 4, 1, 0, 1]
(0, (0, 0, 1), (1, 0)): [28, 84, 21, 12, 7, 2, 1]
(0, (0, 0, 1), (1, 1)): [25, 71, 19, 10, 7, 2, 2, 0, 0, 0, 0, 0, 1]
(0, (0, 0, 1), (1, 2)): [22, 65, 16, 5, 1, 1, 0, 0, 0, 0, 0, 0, 1]
(0, (0, 0, 1), (2, 0)): [15, 31, 8, 6, 1, 1]
(0, (0, 0, 1), (2, 1)): [14, 37, 8, 10, 4, 2]
(0, (0, 0, 1), (2, 2)): [17, 56, 18, 7, 2, 2]
(0, (0, 0, 1), (3, 0)): [7, 12, 4, 2, 1]
(0, (0, 0, 1), (3, 1)): [12, 19, 5, 7, 4, 1]
(0, (0, 0, 1), (3, 2)): [17, 32, 11, 8, 2, 1]
(0, (0, 1, 0), (0, 0)): [1114, 956, 435, 218, 103, 56, 28, 14, 3, 5, 1]
(0, (0, 1, 0), (0, 1)): [561, 453, 194, 90, 41, 19, 9, 8, 1, 2, 1]
(0, (0, 1, 0), (0, 2)): [240, 173, 76, 35, 15, 11, 1, 0, 1, 1]
(0, (0, 1, 0), (1, 0)): [436, 357, 182, 111, 49, 29, 16, 4, 1, 3]
(0, (0, 1, 0), (1, 1)): [441, 359, 164, 101, 49, 17, 16, 9, 0, 1, 1]
(0, (0, 1, 0), (1, 2)): [344, 268, 120, 45, 18, 14, 5, 1, 1, 1, 1]
(0, (0, 1, 0), (2, 0)): [158, 123, 65, 42, 18, 13, 4, 1, 0, 3]
(0, (0, 1, 0), (2, 1)): [251, 195, 89, 57, 36, 13, 9, 6, 0, 3]
(0, (0, 1, 0), (2, 2)): [313, 230, 112, 48, 25, 12, 8, 5, 1, 2, 1]
(0, (0, 1, 0), (3, 0)): [58, 34, 22, 19, 7, 6, 3, 1, 0, 1]
(0, (0, 1, 0), (3, 1)): [109, 73, 32, 23, 18, 10, 6, 2, 0, 3]
(0, (0, 1, 0), (3, 2)): [175, 131, 69, 36, 21, 15, 2, 3, 1, 2]
(0, (0, 1, 1), (0, 0)): [90, 154, 197, 90, 64, 22, 7, 0, 3, 1]
(0, (0, 1, 1), (0, 1)): [53, 70, 86, 40, 28, 8, 5]
(0, (0, 1, 1), (0, 2)): [35, 32, 35, 14, 12, 5, 1]
(0, (0, 1, 1), (1, 0)): [30, 64, 92, 32, 30, 9, 2, 0, 3]
(0, (0, 1, 1), (1, 1)): [28, 53, 80, 34, 26, 5, 4, 0, 1]
(0, (0, 1, 1), (1, 2)): [40, 52, 60, 20, 19, 5]
(0, (0, 1, 1), (2, 0)): [12, 30, 33, 9, 9, 3, 1, 0, 2]
(0, (0, 1, 1), (2, 1)): [14, 31, 36, 18, 7, 3, 2, 0, 1]
(0, (0, 1, 1), (2, 2)): [24, 39, 50, 16, 12, 4, 2]
(0, (0, 1, 1), (3, 0)): [6, 9, 8, 6, 5, 1, 1, 0, 2]
(0, (0, 1, 1), (3, 1)): [6, 12, 12, 12, 5, 2, 1, 0, 1]
(0, (0, 1, 1), (3, 2)): [16, 23, 24, 14, 7, 3, 3]
(0, (1, 0, 0), (0, 0)): [5773, 1592, 1275, 637, 335, 155, 69, 24, 13, 5, 5, 1, 0, 1]
(0, (1, 0, 0), (0, 1)): [2981, 754, 578, 280, 142, 65, 32, 9, 2, 3, 2, 1]
(0, (1, 0, 0), (0, 2)): [1328, 280, 233, 97, 54, 28, 10, 4, 1, 1, 1, 1]
(0, (1, 0, 0), (1, 0)): [2076, 634, 507, 267, 136, 71, 28, 12, 10, 0, 1]
(0, (1, 0, 0), (1, 1)): [2121, 588, 453, 233, 123, 44, 26, 5, 6, 0, 1]
(0, (1, 0, 0), (1, 2)): [1648, 405, 280, 132, 64, 39, 16, 4, 2, 0, 1, 1]
(0, (1, 0, 0), (2, 0)): [650, 221, 166, 111, 46, 28, 12, 5, 4]
(0, (1, 0, 0), (2, 1)): [1023, 294, 247, 151, 71, 32, 13, 4, 6, 0, 1]
(0, (1, 0, 0), (2, 2)): [1221, 292, 221, 124, 57, 35, 13, 2, 4, 0, 1]
(0, (1, 0, 0), (3, 0)): [158, 65, 63, 46, 9, 12, 4, 3, 2]
(0, (1, 0, 0), (3, 1)): [353, 131, 117, 76, 32, 23, 8, 5, 4]
(0, (1, 0, 0), (3, 2)): [618, 180, 142, 93, 47, 20, 10, 3, 5, 0, 1]
(0, (1, 0, 1), (0, 0)): [112, 332, 121, 121, 69, 33, 12, 6, 0, 1, 1]
(0, (1, 0, 1), (0, 1)): [61, 167, 54, 47, 32, 15, 3, 4]
(0, (1, 0, 1), (0, 2)): [34, 71, 24, 22, 11, 5, 1, 2]
(0, (1, 0, 1), (1, 0)): [38, 112, 48, 51, 23, 13, 6, 2, 0, 1]
(0, (1, 0, 1), (1, 1)): [46, 103, 39, 40, 17, 10, 6, 1]
(0, (1, 0, 1), (1, 2)): [32, 84, 25, 22, 15, 9, 3, 1]
(0, (1, 0, 1), (2, 0)): [10, 36, 20, 21, 10, 5, 1, 1]
(0, (1, 0, 1), (2, 1)): [18, 49, 21, 28, 11, 5, 3]
(0, (1, 0, 1), (2, 2)): [24, 72, 23, 24, 12, 8, 3]
(0, (1, 0, 1), (3, 0)): [5, 11, 3, 9, 4, 0, 0, 1]
(0, (1, 0, 1), (3, 1)): [8, 16, 8, 9, 8, 1, 1, 1]
(0, (1, 0, 1), (3, 2)): [14, 34, 12, 10, 4, 4, 2, 1]
(0, (1, 1, 0), (0, 0)): [907, 498, 375, 347, 168, 90, 46, 15, 12, 7, 4, 1]
(0, (1, 1, 0), (0, 1)): [467, 228, 168, 131, 66, 48, 14, 3, 6, 1, 2]
(0, (1, 1, 0), (0, 2)): [215, 87, 66, 52, 30, 18, 5, 0, 3, 1, 1]
(0, (1, 1, 0), (1, 0)): [318, 187, 151, 157, 66, 35, 23, 9, 3, 5, 2, 1]
(0, (1, 1, 0), (1, 1)): [350, 167, 128, 124, 56, 33, 14, 4, 3, 0, 1, 1]
(0, (1, 1, 0), (1, 2)): [286, 134, 102, 89, 35, 23, 8, 1, 5, 0, 1, 1]
(0, (1, 1, 0), (2, 0)): [96, 63, 57, 52, 20, 12, 10, 5, 2, 3, 1]
(0, (1, 1, 0), (2, 1)): [160, 80, 71, 55, 34, 14, 9, 4, 1, 2]
(0, (1, 1, 0), (2, 2)): [191, 110, 83, 75, 29, 19, 12, 3, 2, 1, 1, 1]
(0, (1, 1, 0), (3, 0)): [20, 21, 16, 19, 2, 5, 3, 4, 1, 1]
(0, (1, 1, 0), (3, 1)): [50, 33, 30, 30, 17, 9, 3, 2, 0, 2]
(0, (1, 1, 0), (3, 2)): [88, 60, 51, 43, 18, 16, 9, 2, 1, 1, 1, 1]
(0, (1, 1, 1), (0, 0)): [81, 172, 130, 112, 76, 40, 30, 15, 11, 5, 2]
(0, (1, 1, 1), (0, 1)): [47, 89, 56, 53, 28, 16, 11, 6, 3, 4]
(0, (1, 1, 1), (0, 2)): [26, 36, 25, 23, 8, 5, 4, 3, 2, 2]
(0, (1, 1, 1), (1, 0)): [27, 52, 57, 40, 36, 17, 9, 6, 6, 1, 2]
(0, (1, 1, 1), (1, 1)): [32, 61, 43, 35, 40, 18, 8, 1, 1, 1, 1]
(0, (1, 1, 1), (1, 2)): [34, 35, 30, 26, 21, 8, 5, 3, 2]
(0, (1, 1, 1), (2, 0)): [9, 14, 15, 14, 8, 6, 2, 4, 3]
(0, (1, 1, 1), (2, 1)): [8, 33, 20, 17, 18, 11, 1, 2, 3]
(0, (1, 1, 1), (2, 2)): [21, 33, 22, 20, 13, 7, 0, 1, 2]
(0, (1, 1, 1), (3, 0)): [3, 3, 6, 8, 2, 2, 2]
(0, (1, 1, 1), (3, 1)): [4, 7, 10, 9, 11, 5, 3, 1, 1]
(0, (1, 1, 1), (3, 2)): [9, 13, 13, 8, 13, 4, 2, 0, 1]
(1, (0, 0, 0), (0, 0)): [25513, 2904, 1234, 496, 178, 78, 34, 12, 3]
(1, (0, 0, 0), (0, 1)): [13443, 1383, 597, 222, 82, 39, 13, 2, 1]
(1, (0, 0, 0), (0, 2)): [5765, 529, 220, 83, 34, 8, 1, 0, 1]
(1, (0, 0, 0), (1, 0)): [9360, 1149, 496, 203, 75, 31, 15, 10, 2]
(1, (0, 0, 0), (1, 1)): [10382, 1136, 507, 190, 58, 37, 15, 5, 2]
(1, (0, 0, 0), (1, 2)): [8219, 751, 327, 107, 38, 17, 4, 3, 2]
(1, (0, 0, 0), (2, 0)): [2999, 409, 189, 86, 40, 11, 6, 4]
(1, (0, 0, 0), (2, 1)): [5121, 623, 280, 127, 50, 27, 12, 2]
(1, (0, 0, 0), (2, 2)): [6680, 696, 304, 100, 45, 18, 7, 3, 1]
(1, (0, 0, 0), (3, 0)): [840, 114, 88, 34, 15, 4, 0, 2]
(1, (0, 0, 0), (3, 1)): [1906, 256, 153, 70, 27, 16, 4, 3]
(1, (0, 0, 0), (3, 2)): [3630, 409, 244, 94, 37, 18, 5, 3, 1]
(1, (0, 0, 1), (0, 0)): [472, 675, 131, 52, 24, 7, 4, 1]
(1, (0, 0, 1), (0, 1)): [250, 297, 64, 24, 10, 4, 2]
(1, (0, 0, 1), (0, 2)): [126, 114, 24, 5, 7, 2, 1]
(1, (0, 0, 1), (1, 0)): [179, 267, 48, 23, 14, 3, 2, 1]
(1, (0, 0, 1), (1, 1)): [190, 248, 54, 20, 7, 4, 2, 1]
(1, (0, 0, 1), (1, 2)): [164, 169, 33, 8, 6, 3, 1]
(1, (0, 0, 1), (2, 0)): [59, 89, 16, 12, 6]
(1, (0, 0, 1), (2, 1)): [100, 141, 24, 17, 6, 3, 1]
(1, (0, 0, 1), (2, 2)): [134, 145, 24, 17, 7, 3, 1]
(1, (0, 0, 1), (3, 0)): [21, 33, 9, 4, 2]
(1, (0, 0, 1), (3, 1)): [45, 58, 13, 8, 2, 1]
(1, (0, 0, 1), (3, 2)): [89, 92, 16, 15, 4, 2]
(1, (0, 1, 0), (0, 0)): [2906, 1116, 472, 202, 82, 31, 14, 3, 1, 1]
(1, (0, 1, 0), (0, 1)): [1448, 563, 202, 66, 29, 12, 7, 0, 1, 1]
(1, (0, 1, 0), (0, 2)): [637, 197, 70, 23, 9, 3, 2, 0, 0, 1]
(1, (0, 1, 0), (1, 0)): [1182, 430, 214, 121, 42, 17, 6, 3]
(1, (0, 1, 0), (1, 1)): [1207, 449, 182, 88, 37, 17, 6, 0, 1]
(1, (0, 1, 0), (1, 2)): [884, 320, 118, 51, 22, 7, 3, 0, 1, 1]
(1, (0, 1, 0), (2, 0)): [420, 163, 92, 48, 17, 6, 2, 1]
(1, (0, 1, 0), (2, 1)): [691, 213, 110, 42, 27, 11, 4, 1]
(1, (0, 1, 0), (2, 2)): [818, 263, 115, 41, 27, 11, 4, 0, 1, 1]
(1, (0, 1, 0), (3, 0)): [148, 66, 33, 27, 9, 3, 1]
(1, (0, 1, 0), (3, 1)): [283, 99, 49, 27, 17, 7, 1, 1]
(1, (0, 1, 0), (3, 2)): [524, 150, 76, 34, 23, 9, 5, 0, 0, 1]
(1, (0, 1, 1), (0, 0)): [440, 405, 334, 173, 77, 24, 10, 1, 2, 1]
(1, (0, 1, 1), (0, 1)): [233, 178, 149, 80, 34, 11, 3, 0, 1]
(1, (0, 1, 1), (0, 2)): [130, 74, 71, 22, 17, 1, 1, 0, 1]
(1, (0, 1, 1), (1, 0)): [180, 167, 141, 74, 35, 10, 6, 1, 1, 1]
(1, (0, 1, 1), (1, 1)): [174, 132, 103, 71, 21, 11, 5]
(1, (0, 1, 1), (1, 2)): [174, 101, 85, 44, 16, 4, 4, 0, 1]
(1, (0, 1, 1), (2, 0)): [75, 72, 63, 29, 20, 2, 3, 1, 0, 1]
(1, (0, 1, 1), (2, 1)): [97, 72, 57, 34, 12, 6, 2, 1]
(1, (0, 1, 1), (2, 2)): [148, 84, 62, 44, 14, 4, 3]
(1, (0, 1, 1), (3, 0)): [43, 34, 22, 14, 14, 1, 1, 0, 0, 1]
(1, (0, 1, 1), (3, 1)): [37, 39, 31, 15, 6, 4]
(1, (0, 1, 1), (3, 2)): [67, 52, 33, 26, 12, 4, 2]
(1, (1, 0, 0), (0, 0)): [8994, 1327, 1148, 457, 194, 83, 35, 10, 1]
(1, (1, 0, 0), (0, 1)): [4566, 638, 536, 191, 76, 40, 19, 3, 1]
(1, (1, 0, 0), (0, 2)): [1933, 238, 191, 71, 25, 12, 3, 1, 1]
(1, (1, 0, 0), (1, 0)): [3328, 513, 460, 200, 93, 32, 11, 7]
(1, (1, 0, 0), (1, 1)): [3347, 479, 389, 145, 56, 37, 10, 7]
(1, (1, 0, 0), (1, 2)): [2536, 295, 268, 91, 34, 21, 4, 5]
(1, (1, 0, 0), (2, 0)): [1046, 176, 168, 94, 47, 11, 6, 2]
(1, (1, 0, 0), (2, 1)): [1603, 239, 216, 98, 40, 25, 10, 3]
(1, (1, 0, 0), (2, 2)): [1921, 220, 230, 91, 27, 21, 3, 3]
(1, (1, 0, 0), (3, 0)): [316, 65, 51, 37, 28, 3, 1, 2]
(1, (1, 0, 0), (3, 1)): [612, 120, 96, 60, 33, 9, 5, 3]
(1, (1, 0, 0), (3, 2)): [1035, 148, 145, 71, 22, 15, 5, 3]
(1, (1, 0, 1), (0, 0)): [623, 661, 232, 176, 79, 41, 13, 5, 3]
(1, (1, 0, 1), (0, 1)): [346, 320, 106, 81, 31, 21, 6, 3]
(1, (1, 0, 1), (0, 2)): [148, 104, 41, 29, 16, 5, 3]
(1, (1, 0, 1), (1, 0)): [211, 235, 95, 64, 38, 15, 4, 2, 2]
(1, (1, 0, 1), (1, 1)): [241, 237, 83, 51, 18, 13, 2, 3]
(1, (1, 0, 1), (1, 2)): [189, 143, 55, 40, 10, 3, 3, 2]
(1, (1, 0, 1), (2, 0)): [71, 73, 26, 24, 19, 10, 1, 2, 1]
(1, (1, 0, 1), (2, 1)): [118, 109, 40, 20, 15, 11, 1, 2]
(1, (1, 0, 1), (2, 2)): [145, 112, 40, 25, 18, 6, 3]
(1, (1, 0, 1), (3, 0)): [25, 17, 8, 12, 9, 8, 0, 1, 1]
(1, (1, 0, 1), (3, 1)): [42, 30, 18, 8, 7, 4, 0, 1, 1]
(1, (1, 0, 1), (3, 2)): [88, 56, 23, 8, 10, 5]
(1, (1, 1, 0), (0, 0)): [2471, 690, 478, 385, 190, 72, 30, 12, 2, 3]
(1, (1, 1, 0), (0, 1)): [1303, 349, 221, 159, 84, 25, 15, 6, 1]
(1, (1, 1, 0), (0, 2)): [581, 141, 88, 51, 26, 5, 5, 1]
(1, (1, 1, 0), (1, 0)): [856, 270, 193, 169, 82, 40, 11, 4, 1, 2]
(1, (1, 1, 0), (1, 1)): [921, 238, 156, 143, 73, 33, 8, 3]
(1, (1, 1, 0), (1, 2)): [766, 165, 104, 92, 47, 16, 7, 3]
(1, (1, 1, 0), (2, 0)): [263, 105, 74, 62, 30, 17, 5, 3, 0, 2]
(1, (1, 1, 0), (2, 1)): [434, 129, 90, 69, 37, 19, 4]
(1, (1, 1, 0), (2, 2)): [552, 138, 101, 81, 40, 14, 6, 1]
(1, (1, 1, 0), (3, 0)): [65, 33, 19, 23, 13, 7, 2, 2, 0, 2]
(1, (1, 1, 0), (3, 1)): [156, 63, 37, 33, 16, 17, 3, 2]
(1, (1, 1, 0), (3, 2)): [272, 86, 65, 43, 31, 17, 7, 2]
(1, (1, 1, 1), (0, 0)): [442, 397, 230, 148, 134, 62, 24, 9, 3, 2]
(1, (1, 1, 1), (0, 1)): [258, 173, 95, 78, 57, 25, 11, 5, 2, 1]
(1, (1, 1, 1), (0, 2)): [133, 61, 40, 27, 26, 7, 2, 3, 2, 1]
(1, (1, 1, 1), (1, 0)): [138, 164, 103, 47, 58, 27, 9, 3, 0, 1]
(1, (1, 1, 1), (1, 1)): [170, 143, 81, 55, 42, 20, 7, 2]
(1, (1, 1, 1), (1, 2)): [163, 82, 52, 35, 37, 10, 3, 3, 0, 1]
(1, (1, 1, 1), (2, 0)): [32, 61, 37, 10, 16, 6, 5, 2, 0, 1]
(1, (1, 1, 1), (2, 1)): [72, 81, 56, 26, 19, 11, 10, 2]
(1, (1, 1, 1), (2, 2)): [118, 69, 45, 35, 23, 12, 7, 3, 0, 1]
(1, (1, 1, 1), (3, 0)): [1, 15, 9, 4, 4, 3, 0, 1, 0, 1]
(1, (1, 1, 1), (3, 1)): [10, 37, 24, 11, 7, 3, 1, 1]
(1, (1, 1, 1), (3, 2)): [46, 47, 30, 14, 11, 6, 4, 2, 0, 1]
(2, (0, 0, 0), (0, 0)): [22604, 1190, 384, 126, 36, 7, 3, 3, 2]
(2, (0, 0, 0), (0, 1)): [11710, 529, 179, 58, 12, 3, 2, 0, 1]
(2, (0, 0, 0), (0, 2)): [5106, 165, 49, 15, 2, 0, 1]
(2, (0, 0, 0), (1, 0)): [8482, 485, 158, 53, 20, 3, 1, 3, 1]
(2, (0, 0, 0), (1, 1)): [9078, 439, 167, 51, 16, 2, 0, 1]
(2, (0, 0, 0), (1, 2)): [7226, 265, 90, 28, 3, 1]
(2, (0, 0, 0), (2, 0)): [2794, 184, 67, 26, 10, 3, 0, 1]
(2, (0, 0, 0), (2, 1)): [4569, 264, 105, 30, 13, 2, 0, 2]
(2, (0, 0, 0), (2, 2)): [5942, 256, 102, 26, 6, 2, 0, 2]
(2, (0, 0, 0), (3, 0)): [820, 68, 33, 11, 5, 1]
(2, (0, 0, 0), (3, 1)): [1801, 132, 60, 20, 7]
(2, (0, 0, 0), (3, 2)): [3368, 191, 82, 25, 7, 2]
(2, (0, 0, 1), (0, 0)): [1759, 413, 104, 34, 13, 5, 2]
(2, (0, 0, 1), (0, 1)): [914, 167, 42, 15, 4, 2, 1]
(2, (0, 0, 1), (0, 2)): [398, 48, 11, 4, 2, 1]
(2, (0, 0, 1), (1, 0)): [706, 188, 49, 17, 9, 3, 1]
(2, (0, 0, 1), (1, 1)): [720, 172, 39, 14, 5, 2, 2]
(2, (0, 0, 1), (1, 2)): [581, 88, 16, 10, 5, 2, 2]
(2, (0, 0, 1), (2, 0)): [294, 66, 20, 13, 4, 1]
(2, (0, 0, 1), (2, 1)): [410, 91, 26, 11, 3, 2]
(2, (0, 0, 1), (2, 2)): [509, 75, 15, 10, 4, 4, 1]
(2, (0, 0, 1), (3, 0)): [113, 24, 7, 7, 3]
(2, (0, 0, 1), (3, 1)): [184, 40, 12, 6, 2]
(2, (0, 0, 1), (3, 2)): [318, 54, 14, 8, 5, 2]
(2, (0, 1, 0), (0, 0)): [5025, 948, 314, 112, 33, 9, 2, 1]
(2, (0, 1, 0), (0, 1)): [2484, 415, 127, 49, 15, 3, 0, 1]
(2, (0, 1, 0), (0, 2)): [1139, 151, 35, 12, 3]
(2, (0, 1, 0), (1, 0)): [2118, 426, 139, 50, 14, 5, 2]
(2, (0, 1, 0), (1, 1)): [2043, 381, 115, 48, 13, 4, 1, 1]
(2, (0, 1, 0), (1, 2)): [1685, 237, 73, 25, 4, 2, 1]
(2, (0, 1, 0), (2, 0)): [796, 149, 56, 29, 8, 3]
(2, (0, 1, 0), (2, 1)): [1085, 216, 55, 27, 8, 3, 0, 1]
(2, (0, 1, 0), (2, 2)): [1448, 215, 61, 28, 6, 2, 1]
(2, (0, 1, 0), (3, 0)): [330, 50, 24, 15, 5, 1]
(2, (0, 1, 0), (3, 1)): [465, 86, 29, 15, 7, 1, 0, 1]
(2, (0, 1, 0), (3, 2)): [855, 138, 47, 24, 6, 2, 1, 1]
(2, (0, 1, 1), (0, 0)): [1261, 81, 250, 99, 26, 12, 1]
(2, (0, 1, 1), (0, 1)): [610, 35, 106, 42, 9, 5, 1]
(2, (0, 1, 1), (0, 2)): [274, 10, 47, 12, 2, 2]
(2, (0, 1, 1), (1, 0)): [553, 38, 110, 45, 12, 7]
(2, (0, 1, 1), (1, 1)): [543, 31, 91, 38, 9, 8, 1]
(2, (0, 1, 1), (1, 2)): [443, 13, 69, 19, 3, 3]
(2, (0, 1, 1), (2, 0)): [211, 20, 40, 18, 4, 1]
(2, (0, 1, 1), (2, 1)): [307, 26, 45, 23, 7, 5, 1]
(2, (0, 1, 1), (2, 2)): [395, 17, 50, 23, 4, 5, 1]
(2, (0, 1, 1), (3, 0)): [91, 13, 19, 11, 2, 1]
(2, (0, 1, 1), (3, 1)): [125, 14, 26, 9, 5]
(2, (0, 1, 1), (3, 2)): [240, 17, 34, 10, 5, 3]
(2, (1, 0, 0), (0, 0)): [11027, 714, 614, 177, 53, 22, 11, 4, 2]
(2, (1, 0, 0), (0, 1)): [5552, 315, 239, 69, 17, 8, 4, 2]
(2, (1, 0, 0), (0, 2)): [2360, 107, 77, 18, 1, 1, 2]
(2, (1, 0, 0), (1, 0)): [4180, 311, 270, 82, 30, 12, 6, 1, 1]
(2, (1, 0, 0), (1, 1)): [4114, 245, 202, 55, 25, 6, 3, 3]
(2, (1, 0, 0), (1, 2)): [3165, 142, 109, 26, 7, 3, 1, 1]
(2, (1, 0, 0), (2, 0)): [1350, 104, 110, 32, 7, 6, 3, 0, 1]
(2, (1, 0, 0), (2, 1)): [1977, 135, 122, 37, 15, 3, 3, 1]
(2, (1, 0, 0), (2, 2)): [2404, 120, 94, 27, 9, 2, 0, 1]
(2, (1, 0, 0), (3, 0)): [352, 41, 28, 18, 4, 5, 2, 0, 1]
(2, (1, 0, 0), (3, 1)): [764, 71, 47, 22, 9, 4, 3, 0, 1]
(2, (1, 0, 0), (3, 2)): [1256, 92, 62, 22, 7, 2, 1]
(2, (1, 0, 1), (0, 0)): [1979, 370, 149, 125, 34, 19, 5, 1]
(2, (1, 0, 1), (0, 1)): [988, 178, 69, 60, 10, 7, 4]
(2, (1, 0, 1), (0, 2)): [400, 55, 18, 16, 4, 1, 3]
(2, (1, 0, 1), (1, 0)): [773, 127, 64, 36, 16, 8, 0, 1]
(2, (1, 0, 1), (1, 1)): [794, 134, 66, 36, 10, 8, 1]
(2, (1, 0, 1), (1, 2)): [553, 61, 38, 20, 2, 5]
(2, (1, 0, 1), (2, 0)): [248, 34, 21, 9, 6, 2, 0, 1]
(2, (1, 0, 1), (2, 1)): [388, 78, 36, 15, 6, 4]
(2, (1, 0, 1), (2, 2)): [427, 62, 35, 15, 3, 5]
(2, (1, 0, 1), (3, 0)): [74, 7, 8, 7, 3, 0, 0, 1]
(2, (1, 0, 1), (3, 1)): [159, 21, 18, 10, 7, 2]
(2, (1, 0, 1), (3, 2)): [237, 33, 27, 8, 6, 5]
(2, (1, 1, 0), (0, 0)): [3928, 531, 288, 249, 84, 25, 7, 3, 2]
(2, (1, 1, 0), (0, 1)): [2008, 229, 105, 100, 38, 7, 2, 1, 1]
(2, (1, 1, 0), (0, 2)): [869, 74, 32, 30, 11, 4]
(2, (1, 1, 0), (1, 0)): [1510, 213, 139, 104, 39, 11, 4, 0, 1]
(2, (1, 1, 0), (1, 1)): [1569, 188, 111, 82, 34, 7, 0, 0, 1]
(2, (1, 1, 0), (1, 2)): [1215, 106, 58, 50, 19, 5]
(2, (1, 1, 0), (2, 0)): [499, 72, 44, 34, 21, 5, 2]
(2, (1, 1, 0), (2, 1)): [819, 91, 65, 42, 22, 6, 1, 0, 1]
(2, (1, 1, 0), (2, 2)): [984, 88, 54, 31, 18, 5, 1]
(2, (1, 1, 0), (3, 0)): [146, 27, 21, 13, 8, 2, 1]
(2, (1, 1, 0), (3, 1)): [300, 48, 37, 22, 15, 5, 1, 0, 1]
(2, (1, 1, 0), (3, 2)): [532, 57, 54, 28, 16, 7, 1]
(2, (1, 1, 1), (0, 0)): [1176, 172, 197, 100, 86, 22, 2, 3, 2]
(2, (1, 1, 1), (0, 1)): [622, 62, 96, 42, 25, 5, 1, 2, 1]
(2, (1, 1, 1), (0, 2)): [297, 18, 42, 18, 12, 3, 0, 1]
(2, (1, 1, 1), (1, 0)): [403, 95, 75, 38, 47, 14, 1, 1, 1]
(2, (1, 1, 1), (1, 1)): [437, 65, 65, 33, 29, 5, 2, 1, 1]
(2, (1, 1, 1), (1, 2)): [373, 34, 54, 25, 16, 4, 1, 1]
(2, (1, 1, 1), (2, 0)): [131, 57, 23, 17, 16, 7, 0, 1]
(2, (1, 1, 1), (2, 1)): [210, 62, 42, 24, 20, 5, 1, 1, 1]
(2, (1, 1, 1), (2, 2)): [268, 47, 47, 29, 19, 3]
(2, (1, 1, 1), (3, 0)): [26, 26, 4, 4, 4, 3]
(2, (1, 1, 1), (3, 1)): [57, 51, 7, 7, 9, 3, 0, 0, 1]
(2, (1, 1, 1), (3, 2)): [133, 54, 22, 18, 12, 3]
