(0, (0, 0, 0), (0, 0)): [28716, 5783, 2514, 1124, 465, 199, 74, 31, 9, 7, 0, 1, 0, 1]
(0, (0, 0, 0), (0, 1)): [366, 71, 35, 11, 6]
(0, (0, 0, 0), (0, 2)): [127, 27, 12, 3, 2]
(0, (0, 0, 0), (1, 0)): [515, 102, 47, 21, 13, 5, 4]
(0, (0, 0, 0), (1, 1)): [398, 63, 37, 12, 5, 3, 1]
(0, (0, 0, 0), (1, 2)): [245, 37, 17, 9, 5, 1]
(0, (0, 0, 0), (2, 0)): [206, 50, 23, 10, 5, 2, 3]
(0, (0, 0, 0), (2, 1)): [218, 43, 18, 6, 3, 0, 2]
(0, (0, 0, 0), (2, 2)): [198, 33, 11, 5, 5]
(0, (0, 0, 0), (3, 0)): [88, 24, 18, 5, 3, 2, 1]
(0, (0, 0, 0), (3, 1)): [137, 33, 19, 5, 1, 2, 1]
(0, (0, 0, 0), (3, 2)): [160, 37, 20, 7, 2, 1, 1]
(0, (0, 0, 1), (0, 0)): [126, 381, 82, 41, 20, 6, 4, 3]
(0, (0, 0, 1), (0, 1)): [1, 8, 1, 1, 1]
(0, (0, 0, 1), (0, 2)): [0, 1, 0, 0, 1]
(0, (0, 0, 1), (1, 0)): [2, 6, 0, 1, 1, 0, 1]
(0, (0, 0, 1), (1, 1)): [2, 6, 0, 0, 0, 0, 1]
(0, (0, 0, 1), (1, 2)): [1, 3, 0, 0, 1]
(0, (0, 0, 1), (2, 0)): [1, 5, 0, 1, 1]
(0, (0, 0, 1), (2, 1)): [1, 6]
(0, (0, 0, 1), (2, 2)): [1, 4, 0, 0, 1]
(0, (0, 0, 1), (3, 0)): [0, 2, 0, 1, 1]
(0, (0, 0, 1), (3, 1)): [0, 3, 0, 1]
(0, (0, 0, 1), (3, 2)): [0, 4, 0, 1]
(0, (0, 1, 0), (0, 0)): [1213, 1040, 440, 216, 69, 35, 18, 10, 1, 2]
(0, (0, 1, 0), (0, 1)): [16, 6, 6, 1, 3, 1, 1]
(0, (0, 1, 0), (0, 2)): [7, 2, 3, 0, 3]
(0, (0, 1, 0), (1, 0)): [24, 18, 4, 3, 2, 0, 1]
(0, (0, 1, 0), (1, 1)): [20, 9, 5, 3, 1, 0, 1]
(0, (0, 1, 0), (1, 2)): [19, 5, 3, 2, 2, 0, 1]
(0, (0, 1, 0), (2, 0)): [9, 10, 0, 1, 1, 0, 1]
(0, (0, 1, 0), (2, 1)): [6, 9, 3, 2, 1]
(0, (0, 1, 0), (2, 2)): [7, 7, 2, 1, 1]
(0, (0, 1, 0), (3, 0)): [4, 3, 0, 0, 1, 0, 1]
(0, (0, 1, 0), (3, 1)): [4, 5, 1, 2, 1]
(0, (0, 1, 0), (3, 2)): [4, 7, 2, 0, 1]
(0, (0, 1, 1), (0, 0)): [84, 149, 151, 74, 33, 21, 5, 0, 3, 1]
(0, (0, 1, 1), (0, 1)): [0, 2, 4, 2]
(0, (0, 1, 1), (0, 2)): [0, 2, 1, 2]
(0, (0, 1, 1), (1, 0)): [3, 3, 2, 2, 1]
(0, (0, 1, 1), (1, 1)): [0, 1, 4]
(0, (0, 1, 1), (1, 2)): [0, 1, 2]
(0, (0, 1, 1), (2, 0)): [2, 2, 1, 2, 1]
(0, (0, 1, 1), (2, 1)): [1, 1, 1, 1]
(0, (0, 1, 1), (2, 2)): [1, 1, 2]
(0, (0, 1, 1), (3, 0)): [1, 1, 1, 1, 1]
(0, (0, 1, 1), (3, 1)): [0, 0, 1, 1, 1]
(0, (0, 1, 1), (3, 2)): [0, 0, 1, 1, 1]
(0, (1, 0, 0), (0, 0)): [5791, 2044, 1200, 584, 255, 124, 43, 17, 4, 6]
(0, (1, 0, 0), (0, 1)): [76, 17, 16, 6, 3, 1, 2]
(0, (1, 0, 0), (0, 2)): [29, 7, 6, 4, 2, 1]
(0, (1, 0, 0), (1, 0)): [95, 30, 16, 12, 7, 4, 1]
(0, (1, 0, 0), (1, 1)): [65, 16, 15, 2, 3, 1]
(0, (1, 0, 0), (1, 2)): [45, 12, 12, 3, 4, 2]
(0, (1, 0, 0), (2, 0)): [33, 13, 4, 7, 3, 3, 1]
(0, (1, 0, 0), (2, 1)): [34, 10, 6, 3, 1, 1]
(0, (1, 0, 0), (2, 2)): [37, 11, 7, 3, 3, 1]
(0, (1, 0, 0), (3, 0)): [9, 4, 1, 3, 1, 2, 1]
(0, (1, 0, 0), (3, 1)): [13, 6, 3, 3, 0, 2, 1]
(0, (1, 0, 0), (3, 2)): [18, 8, 4, 3, 1, 2, 1]
(0, (1, 0, 1), (0, 0)): [151, 433, 160, 112, 45, 26, 11, 6, 2]
(0, (1, 0, 1), (0, 1)): [3, 7, 1, 2, 0, 1]
(0, (1, 0, 1), (0, 2)): [1, 3, 0, 1, 0, 1]
(0, (1, 0, 1), (1, 0)): [2, 5, 6, 1, 2, 0, 2]
(0, (1, 0, 1), (1, 1)): [3, 4, 5, 2, 1, 0, 2]
(0, (1, 0, 1), (1, 2)): [2, 4, 3, 1]
(0, (1, 0, 1), (2, 0)): [0, 1, 2]
(0, (1, 0, 1), (2, 1)): [0, 2, 2, 1, 1, 0, 1]
(0, (1, 0, 1), (2, 2)): [0, 2, 3, 0, 1]
(0, (1, 0, 1), (3, 0)): [0, 1]
(0, (1, 0, 1), (3, 1)): [0, 1, 0, 0, 0, 0, 1]
(0, (1, 0, 1), (3, 2)): [0, 2, 0, 0, 0, 0, 1]
(0, (1, 1, 0), (0, 0)): [804, 542, 373, 247, 133, 69, 32, 10, 2, 6]
(0, (1, 1, 0), (0, 1)): [8, 6, 6, 3, 1, 1, 1]
(0, (1, 1, 0), (0, 2)): [2, 3, 2, 1]
(0, (1, 1, 0), (1, 0)): [14, 4, 5, 3, 1, 1]
(0, (1, 1, 0), (1, 1)): [11, 3, 6, 3, 1, 1]
(0, (1, 1, 0), (1, 2)): [5, 3, 4, 2, 1]
(0, (1, 1, 0), (2, 0)): [2, 2, 3, 1]
(0, (1, 1, 0), (2, 1)): [3, 0, 2]
(0, (1, 1, 0), (2, 2)): [3, 2, 3, 2]
(0, (1, 1, 0), (3, 0)): [0, 2, 2, 1]
(0, (1, 1, 0), (3, 1)): [1, 2, 0, 1]
(0, (1, 1, 0), (3, 2)): [1, 3, 1, 1]
(0, (1, 1, 1), (0, 0)): [84, 171, 101, 78, 66, 42, 20, 5, 4, 1]
(0, (1, 1, 1), (0, 1)): [1, 1, 1, 0, 1, 1]
(0, (1, 1, 1), (0, 2)): [1, 1, 1]
(0, (1, 1, 1), (1, 0)): [1, 1, 2, 1]
(0, (1, 1, 1), (1, 1)): [0, 0, 1, 0, 0, 1]
(0, (1, 1, 1), (1, 2)): [1, 1, 1]
(0, (1, 1, 1), (2, 0)): [1, 1, 1, 1]
(0, (1, 1, 1), (2, 1)): [1, 0, 1, 1]
(0, (1, 1, 1), (2, 2)): [1, 0, 1, 1]
(1, (0, 0, 0), (0, 0)): [23756, 2517, 980, 391, 150, 53, 15, 5, 3, 0, 0, 1, 0, 1]
(1, (0, 0, 0), (0, 1)): [313, 29, 11, 4, 3, 1]
(1, (0, 0, 0), (0, 2)): [134, 8, 2]
(1, (0, 0, 0), (1, 0)): [455, 55, 22, 11, 2, 1, 2]
(1, (0, 0, 0), (1, 1)): [296, 38, 9, 6, 3, 2]
(1, (0, 0, 0), (1, 2)): [211, 23, 5, 3, 1, 1]
(1, (0, 0, 0), (2, 0)): [213, 30, 15, 5, 1, 0, 1]
(1, (0, 0, 0), (2, 1)): [172, 22, 9, 5, 1, 1]
(1, (0, 0, 0), (2, 2)): [192, 16, 5, 3, 1]
(1, (0, 0, 0), (3, 0)): [97, 16, 8, 1, 1, 0, 1]
(1, (0, 0, 0), (3, 1)): [106, 23, 8, 3, 1, 1]
(1, (0, 0, 0), (3, 2)): [128, 21, 7, 1, 0, 1]
(1, (0, 0, 1), (0, 0)): [683, 949, 193, 74, 35, 8, 2, 3, 1, 0, 1]
(1, (0, 0, 1), (0, 1)): [6, 12, 0, 0, 2]
(1, (0, 0, 1), (0, 2)): [2, 6, 0, 0, 1]
(1, (0, 0, 1), (1, 0)): [14, 20, 5, 2]
(1, (0, 0, 1), (1, 1)): [4, 11, 2, 0, 1]
(1, (0, 0, 1), (1, 2)): [2, 6, 0, 0, 2]
(1, (0, 0, 1), (2, 0)): [9, 11, 2, 2]
(1, (0, 0, 1), (2, 1)): [7, 10, 1]
(1, (0, 0, 1), (2, 2)): [6, 7]
(1, (0, 0, 1), (3, 0)): [4, 5, 2, 2]
(1, (0, 0, 1), (3, 1)): [4, 5, 1, 1]
(1, (0, 0, 1), (3, 2)): [5, 6, 1, 1]
(1, (0, 1, 0), (0, 0)): [3437, 1374, 533, 232, 84, 39, 10, 2, 1, 1]
(1, (0, 1, 0), (0, 1)): [42, 13, 6, 1, 2]
(1, (0, 1, 0), (0, 2)): [16, 6, 1, 1]
(1, (0, 1, 0), (1, 0)): [66, 21, 3, 8, 0, 1]
(1, (0, 1, 0), (1, 1)): [42, 13, 2, 2, 2, 1]
(1, (0, 1, 0), (1, 2)): [24, 12, 1, 1, 0, 1]
(1, (0, 1, 0), (2, 0)): [33, 10, 3, 5]
(1, (0, 1, 0), (2, 1)): [29, 6, 2, 1, 1]
(1, (0, 1, 0), (2, 2)): [21, 9, 0, 0, 1]
(1, (0, 1, 0), (3, 0)): [18, 5, 1, 3]
(1, (0, 1, 0), (3, 1)): [26, 4, 1, 3]
(1, (0, 1, 0), (3, 2)): [25, 3, 0, 2]
(1, (0, 1, 1), (0, 0)): [515, 393, 330, 134, 67, 24, 9, 3, 2, 1, 0, 1]
(1, (0, 1, 1), (0, 1)): [8, 3, 3, 2, 0, 1]
(1, (0, 1, 1), (0, 2)): [5, 1, 0, 1]
(1, (0, 1, 1), (1, 0)): [9, 10, 3, 2, 3, 0, 1]
(1, (0, 1, 1), (1, 1)): [6, 3, 4, 0, 0, 1]
(1, (0, 1, 1), (1, 2)): [6, 2, 2]
(1, (0, 1, 1), (2, 0)): [4, 7, 2, 1, 3, 0, 1]
(1, (0, 1, 1), (2, 1)): [0, 5, 2, 0, 1, 1]
(1, (0, 1, 1), (2, 2)): [3, 2, 0, 0, 1]
(1, (0, 1, 1), (3, 0)): [4, 4, 1, 0, 2, 0, 1]
(1, (0, 1, 1), (3, 1)): [0, 1, 2, 0, 1, 1]
(1, (0, 1, 1), (3, 2)): [1, 0, 1, 0, 2]
(1, (1, 0, 0), (0, 0)): [8324, 1452, 928, 401, 154, 47, 20, 6, 4, 1, 0, 1, 0, 1]
(1, (1, 0, 0), (0, 1)): [112, 17, 12, 9, 2, 1, 1]
(1, (1, 0, 0), (0, 2)): [46, 9, 4, 4]
(1, (1, 0, 0), (1, 0)): [146, 34, 16, 7, 2, 2, 1]
(1, (1, 0, 0), (1, 1)): [91, 15, 12, 6, 2, 2]
(1, (1, 0, 0), (1, 2)): [63, 13, 4, 6]
(1, (1, 0, 0), (2, 0)): [56, 18, 7, 2]
(1, (1, 0, 0), (2, 1)): [62, 9, 7, 3, 1, 1]
(1, (1, 0, 0), (2, 2)): [61, 12, 8, 1]
(1, (1, 0, 0), (3, 0)): [19, 11, 2, 1]
(1, (1, 0, 0), (3, 1)): [22, 11, 2, 2, 1, 1]
(1, (1, 0, 0), (3, 2)): [23, 10, 5, 1]
(1, (1, 0, 1), (0, 0)): [712, 779, 257, 160, 56, 23, 16, 4, 2, 1]
(1, (1, 0, 1), (0, 1)): [9, 7, 3, 7, 1]
(1, (1, 0, 1), (0, 2)): [5, 3, 2, 7]
(1, (1, 0, 1), (1, 0)): [15, 14, 4, 3, 0, 2]
(1, (1, 0, 1), (1, 1)): [9, 8, 2, 0, 1, 1]
(1, (1, 0, 1), (1, 2)): [4, 3, 1, 2, 0, 1]
(1, (1, 0, 1), (2, 0)): [7, 5, 1, 1, 0, 1]
(1, (1, 0, 1), (2, 1)): [8, 5, 0, 0, 1]
(1, (1, 0, 1), (2, 2)): [6, 4, 0, 0, 0, 1]
(1, (1, 0, 1), (3, 0)): [2, 2, 1, 1, 0, 1]
(1, (1, 0, 1), (3, 1)): [4, 3, 0, 1, 0, 1]
(1, (1, 0, 1), (3, 2)): [2, 3, 0, 1, 0, 2]
(1, (1, 1, 0), (0, 0)): [2414, 694, 437, 325, 121, 47, 17, 4, 2, 2, 0, 0, 0, 1]
(1, (1, 1, 0), (0, 1)): [40, 8, 4, 4, 0, 1, 1]
(1, (1, 1, 0), (0, 2)): [10, 3, 1, 3]
(1, (1, 1, 0), (1, 0)): [36, 16, 11, 6, 3, 0, 0, 0, 0, 1]
(1, (1, 1, 0), (1, 1)): [29, 10, 8, 2, 2, 1, 1]
(1, (1, 1, 0), (1, 2)): [10, 4, 2, 4, 1]
(1, (1, 1, 0), (2, 0)): [18, 4, 6, 4, 1, 0, 0, 0, 0, 1]
(1, (1, 1, 0), (2, 1)): [24, 5, 7, 1, 1, 0, 1]
(1, (1, 1, 0), (2, 2)): [17, 6, 4, 2]
(1, (1, 1, 0), (3, 0)): [7, 3, 0, 2, 0, 0, 0, 0, 0, 1]
(1, (1, 1, 0), (3, 1)): [12, 3, 2, 2, 0, 0, 1, 0, 0, 1]
(1, (1, 1, 0), (3, 2)): [14, 5, 0, 2, 0, 0, 0, 0, 0, 1]
(1, (1, 1, 1), (0, 0)): [493, 406, 236, 123, 100, 40, 16, 5, 4, 3, 0, 1, 0, 1]
(1, (1, 1, 1), (0, 1)): [4, 5, 2, 0, 2, 1]
(1, (1, 1, 1), (0, 2)): [2, 3, 1]
(1, (1, 1, 1), (1, 0)): [12, 8, 2, 1, 2, 2, 1]
(1, (1, 1, 1), (1, 1)): [7, 4, 2, 0, 1, 3]
(1, (1, 1, 1), (1, 2)): [4, 3, 0, 0, 1, 3]
(1, (1, 1, 1), (2, 0)): [6, 3, 1, 0, 1]
(1, (1, 1, 1), (2, 1)): [5, 3, 1, 0, 1]
(1, (1, 1, 1), (2, 2)): [6, 5, 1, 0, 1]
(1, (1, 1, 1), (3, 0)): [2, 1, 1]
(1, (1, 1, 1), (3, 1)): [2, 1, 1]
(1, (1, 1, 1), (3, 2)): [3, 3, 2]
(2, (0, 0, 0), (0, 0)): [20756, 954, 277, 78, 24, 7, 2, 1]
(2, (0, 0, 0), (0, 1)): [277, 11, 2, 3]
(2, (0, 0, 0), (0, 2)): [95, 3, 1, 1]
(2, (0, 0, 0), (1, 0)): [395, 21, 8, 1, 2, 1]
(2, (0, 0, 0), (1, 1)): [279, 12, 1, 2, 1, 1]
(2, (0, 0, 0), (1, 2)): [179, 7, 1, 0, 1]
(2, (0, 0, 0), (2, 0)): [190, 8, 6, 1, 1]
(2, (0, 0, 0), (2, 1)): [176, 9, 4, 0, 0, 1]
(2, (0, 0, 0), (2, 2)): [171, 4]
(2, (0, 0, 0), (3, 0)): [92, 5, 3, 1, 1]
(2, (0, 0, 0), (3, 1)): [118, 3, 5, 0, 1, 1]
(2, (0, 0, 0), (3, 2)): [129, 3, 2, 0, 1]
(2, (0, 0, 1), (0, 0)): [1926, 557, 118, 33, 18, 4]
(2, (0, 0, 1), (0, 1)): [27, 6, 1]
(2, (0, 0, 1), (0, 2)): [9, 3]
(2, (0, 0, 1), (1, 0)): [39, 7, 3, 1]
(2, (0, 0, 1), (1, 1)): [22, 6, 3]
(2, (0, 0, 1), (1, 2)): [14, 4, 2]
(2, (0, 0, 1), (2, 0)): [27, 4, 1]
(2, (0, 0, 1), (2, 1)): [16, 1, 1]
(2, (0, 0, 1), (2, 2)): [15, 3, 1]
(2, (0, 0, 1), (3, 0)): [18, 3]
(2, (0, 0, 1), (3, 1)): [17, 3, 1]
(2, (0, 0, 1), (3, 2)): [17, 4, 1]
(2, (0, 1, 0), (0, 0)): [5219, 1015, 298, 88, 35, 13, 2, 2]
(2, (0, 1, 0), (0, 1)): [55, 8, 1, 0, 1]
(2, (0, 1, 0), (0, 2)): [21, 4]
(2, (0, 1, 0), (1, 0)): [95, 18, 8, 0, 3, 1]
(2, (0, 1, 0), (1, 1)): [57, 5, 4, 0, 1]
(2, (0, 1, 0), (1, 2)): [37, 4]
(2, (0, 1, 0), (2, 0)): [47, 15, 5, 0, 3, 1]
(2, (0, 1, 0), (2, 1)): [41, 4, 5, 0, 2]
(2, (0, 1, 0), (2, 2)): [32, 3]
(2, (0, 1, 0), (3, 0)): [26, 8, 3, 0, 1, 1]
(2, (0, 1, 0), (3, 1)): [29, 8, 5, 0, 3, 1]
(2, (0, 1, 0), (3, 2)): [27, 6, 3, 0, 2]
(2, (0, 1, 1), (0, 0)): [1078, 92, 197, 51, 24, 6, 3]
(2, (0, 1, 1), (0, 1)): [20, 0, 2, 1, 1]
(2, (0, 1, 1), (0, 2)): [12, 0, 1, 1, 1]
(2, (0, 1, 1), (1, 0)): [32, 3, 6, 0, 1]
(2, (0, 1, 1), (1, 1)): [24, 2, 3]
(2, (0, 1, 1), (1, 2)): [21, 0, 3, 1, 1]
(2, (0, 1, 1), (2, 0)): [12, 0, 4, 0, 1]
(2, (0, 1, 1), (2, 1)): [11, 2, 2, 0, 1]
(2, (0, 1, 1), (2, 2)): [9, 0, 1, 1, 1]
(2, (0, 1, 1), (3, 0)): [9, 0, 3]
(2, (0, 1, 1), (3, 1)): [7, 1, 2]
(2, (0, 1, 1), (3, 2)): [6, 0, 2]
(2, (1, 0, 0), (0, 0)): [10080, 734, 451, 141, 47, 12, 5]
(2, (1, 0, 0), (0, 1)): [138, 11, 2, 1]
(2, (1, 0, 0), (0, 2)): [58, 3, 1]
(2, (1, 0, 0), (1, 0)): [182, 9, 10, 6]
(2, (1, 0, 0), (1, 1)): [110, 7, 3, 3]
(2, (1, 0, 0), (1, 2)): [72, 3, 1]
(2, (1, 0, 0), (2, 0)): [78, 6, 3, 3]
(2, (1, 0, 0), (2, 1)): [70, 7, 3, 3]
(2, (1, 0, 0), (2, 2)): [62, 3, 0, 2]
(2, (1, 0, 0), (3, 0)): [27, 2, 1, 2]
(2, (1, 0, 0), (3, 1)): [38, 8, 2, 3]
(2, (1, 0, 0), (3, 2)): [38, 5, 1, 3]
(2, (1, 0, 1), (0, 0)): [1906, 426, 162, 107, 28, 10, 4]
(2, (1, 0, 1), (0, 1)): [27, 5, 1, 1]
(2, (1, 0, 1), (0, 2)): [15, 1]
(2, (1, 0, 1), (1, 0)): [37, 8, 2, 4]
(2, (1, 0, 1), (1, 1)): [23, 4, 2, 2]
(2, (1, 0, 1), (1, 2)): [20, 3, 1, 2]
(2, (1, 0, 1), (2, 0)): [18, 4, 1, 2]
(2, (1, 0, 1), (2, 1)): [16, 2, 1, 1]
(2, (1, 0, 1), (2, 2)): [12, 3, 0, 1]
(2, (1, 0, 1), (3, 0)): [7, 2, 1]
(2, (1, 0, 1), (3, 1)): [8, 2, 2, 1]
(2, (1, 0, 1), (3, 2)): [8, 2, 1, 1]
(2, (1, 1, 0), (0, 0)): [4057, 605, 299, 191, 76, 14, 5, 1]
(2, (1, 1, 0), (0, 1)): [61, 4, 1, 6, 2, 0, 1]
(2, (1, 1, 0), (0, 2)): [33, 1, 0, 1, 1, 0, 1]
(2, (1, 1, 0), (1, 0)): [61, 13, 3, 4, 2, 2]
(2, (1, 1, 0), (1, 1)): [46, 5, 1, 2, 1, 1]
(2, (1, 1, 0), (1, 2)): [32, 2, 0, 1, 0, 1]
(2, (1, 1, 0), (2, 0)): [21, 5, 2, 0, 1, 1]
(2, (1, 1, 0), (2, 1)): [23, 4, 2, 2]
(2, (1, 1, 0), (2, 2)): [21, 3, 0, 3]
(2, (1, 1, 0), (3, 0)): [9, 1, 1, 0, 1, 1]
(2, (1, 1, 0), (3, 1)): [9, 2, 2, 0, 1, 1]
(2, (1, 1, 0), (3, 2)): [9, 1, 1, 3, 1, 1]
(2, (1, 1, 1), (0, 0)): [1147, 160, 194, 85, 74, 21, 9]
(2, (1, 1, 1), (0, 1)): [19, 1, 3, 3]
(2, (1, 1, 1), (0, 2)): [9, 0, 2, 1]
(2, (1, 1, 1), (1, 0)): [15, 3, 0, 2, 1, 1, 1]
(2, (1, 1, 1), (1, 1)): [15, 1, 1, 2, 0, 0, 1]
(2, (1, 1, 1), (1, 2)): [11, 0, 1, 1, 0, 0, 1]
(2, (1, 1, 1), (2, 0)): [5, 3, 0, 1, 1]
(2, (1, 1, 1), (2, 1)): [8, 1, 1, 2]
(2, (1, 1, 1), (2, 2)): [7, 1, 1, 2, 0, 0, 1]
(2, (1, 1, 1), (3, 0)): [1, 2, 0, 1, 1]
(2, (1, 1, 1), (3, 1)): [2, 2, 0, 1, 1]
(2, (1, 1, 1), (3, 2)): [5, 2, 0, 3, 0, 0, 1]
