(0, (0, 0, 0)): [752196, 151867, 71366, 32746, 14884, 6504, 2711, 1144, 478, 221, 100, 43, 22, 6, 3, 1, 0, 1]
(0, (0, 0, 1)): [3372, 10642, 2992, 1384, 669, 305, 137, 78, 30, 16, 6, 1, 3, 1]
(0, (0, 1, 0)): [24607, 24160, 9383, 4456, 2224, 987, 412, 172, 76, 44, 17, 5, 2, 0, 1]
(0, (0, 1, 1)): [2206, 3844, 4908, 2213, 1200, 553, 242, 110, 57, 23, 8, 5, 0, 2, 1, 0, 0, 1]
(0, (1, 0, 0)): [167012, 57217, 36006, 17905, 8671, 3937, 1683, 728, 315, 144, 68, 27, 14, 4, 2, 1, 0, 1]
(0, (1, 0, 1)): [3748, 12074, 5094, 3418, 1851, 868, 425, 182, 84, 34, 16, 10, 4, 0, 1, 0, 0, 1]
(0, (1, 1, 0)): [22764, 14896, 11870, 8172, 4479, 2109, 924, 451, 183, 85, 43, 15, 7, 1]
(0, (1, 1, 1)): [2391, 4332, 3662, 2908, 2282, 1129, 531, 279, 121, 54, 31, 11, 2, 1, 1]
(1, (0, 0, 0)): [599189, 65304, 27133, 10807, 4311, 1687, 633, 255, 95, 39, 17, 10, 5, 2, 0, 1]
(1, (0, 0, 1)): [17833, 27218, 5322, 2235, 957, 397, 165, 75, 34, 12, 6, 4, 3, 1]
(1, (0, 1, 0)): [83858, 40004, 13966, 5900, 2401, 993, 346, 156, 45, 27, 12, 7, 5, 1, 1]
(1, (0, 1, 1)): [14201, 12030, 11678, 4592, 2273, 922, 365, 147, 76, 21, 9, 4, 1, 2, 0, 1]
(1, (1, 0, 0)): [241211, 44596, 27510, 11957, 4870, 2000, 761, 292, 129, 57, 23, 15, 3, 2, 0, 2]
(1, (1, 0, 1)): [18663, 23677, 7892, 5050, 2166, 913, 336, 144, 57, 39, 13, 3, 0, 1]
(1, (1, 1, 0)): [65051, 20558, 14568, 9855, 4309, 1853, 723, 291, 114, 53, 19, 9, 5, 4, 1]
(1, (1, 1, 1)): [13430, 10924, 7122, 4894, 3491, 1524, 631, 247, 104, 39, 15, 10, 5, 2, 1, 1]
(2, (0, 0, 0)): [515712, 22692, 7775, 2448, 875, 296, 105, 37, 8, 2, 3, 0, 1]
(2, (0, 0, 1)): [52569, 17560, 3201, 1090, 385, 144, 47, 13, 1, 2, 0, 1]
(2, (0, 1, 0)): [135532, 30954, 7751, 2681, 857, 296, 101, 24, 6, 1, 2, 0, 1]
(2, (0, 1, 1)): [32739, 2958, 7728, 2019, 774, 260, 90, 33, 11, 4, 2, 1, 0, 1]
(2, (1, 0, 0)): [295055, 22325, 13274, 4255, 1426, 450, 177, 56, 13, 7, 4, 0, 1]
(2, (1, 0, 1)): [47976, 12628, 5259, 2855, 918, 316, 110, 35, 13, 3, 0, 2, 1]
(2, (1, 1, 0)): [111208, 17564, 9189, 5736, 1830, 634, 193, 67, 26, 11, 5, 0, 2, 1]
(2, (1, 1, 1)): [32661, 4943, 5576, 2914, 1966, 663, 211, 75, 31, 7, 5, 0, 1, 1]
