(0, (0, 0, 0)): [15036, 2768, 1240, 540, 236, 94, 38, 18, 8, 3, 1, 1]
(0, (0, 0, 1)): [67, 165, 51, 22, 13, 0, 5, 1, 0, 1]
(0, (0, 1, 0)): [532, 417, 166, 67, 34, 17, 6, 3, 0, 1]
(0, (0, 1, 1)): [44, 59, 69, 40, 25, 6, 5, 1, 3, 1]
(0, (1, 0, 0)): [3327, 1032, 642, 279, 127, 53, 29, 11, 6, 1, 1, 1]
(0, (1, 0, 1)): [66, 210, 83, 43, 30, 13, 7, 2, 1]
(0, (1, 1, 0)): [438, 268, 230, 134, 74, 32, 13, 5, 2, 0, 0, 1]
(0, (1, 1, 1)): [41, 80, 64, 43, 31, 12, 9, 2, 2, 0, 1, 1]
(1, (0, 0, 0)): [11882, 1207, 445, 192, 70, 28, 6, 5, 2, 1]
(1, (0, 0, 1)): [326, 410, 74, 36, 13, 8, 2, 0, 0, 2]
(1, (0, 1, 0)): [1660, 688, 248, 98, 42, 13, 6, 4]
(1, (0, 1, 1)): [290, 197, 185, 74, 37, 6, 5, 3, 0, 1]
(1, (1, 0, 0)): [4647, 804, 469, 191, 61, 28, 11, 4, 3, 1]
(1, (1, 0, 1)): [316, 405, 127, 62, 28, 18, 2, 2, 1]
(1, (1, 1, 0)): [1356, 422, 279, 168, 59, 34, 12, 4, 3, 1]
(1, (1, 1, 1)): [323, 242, 161, 100, 65, 26, 8, 2, 2]
(2, (0, 0, 0)): [10049, 440, 128, 49, 17, 5, 1, 0, 1]
(2, (0, 0, 1)): [840, 267, 47, 13, 4, 3]
(2, (0, 1, 0)): [2492, 529, 117, 45, 16, 4, 1, 1]
(2, (0, 1, 1)): [564, 65, 122, 30, 6, 3, 1, 2]
(2, (1, 0, 0)): [5596, 421, 233, 73, 19, 6, 1, 0, 1]
(2, (1, 0, 1)): [840, 219, 81, 30, 7, 5, 1]
(2, (1, 1, 0)): [2496, 398, 181, 101, 30, 10, 1, 1, 1]
(2, (1, 1, 1)): [768, 116, 100, 55, 33, 12, 1, 1]
