(0, (0, 0, 0)): [264090, 52212, 23656, 10753, 4811, 2030, 855, 351, 131, 56, 34, 4, 6, 3, 2]
(0, (0, 0, 1)): [1479, 4486, 1278, 586, 282, 105, 58, 33, 5, 3, 2, 0, 2]
(0, (0, 1, 0)): [8550, 8682, 3188, 1472, 740, 315, 126, 45, 27, 13, 6]
(0, (0, 1, 1)): [742, 1364, 1789, 789, 407, 185, 86, 35, 17, 6, 2, 1, 0, 1, 1]
(0, (1, 0, 0)): [60012, 21431, 12479, 6207, 2850, 1256, 542, 227, 87, 37, 25, 3, 5, 3, 2]
(0, (1, 0, 1)): [1414, 3850, 1843, 1174, 658, 292, 152, 59, 26, 12, 6, 3, 1, 0, 1]
(0, (1, 1, 0)): [7708, 5099, 4253, 2784, 1489, 681, 303, 140, 48, 28, 20, 1, 2, 1]
(0, (1, 1, 1)): [869, 1460, 1240, 1090, 844, 416, 185, 95, 40, 25, 12, 1, 1, 1, 1]
(1, (0, 0, 0)): [207749, 21486, 8575, 3301, 1333, 540, 188, 78, 17, 10, 4, 1]
(1, (0, 0, 1)): [7757, 11885, 2284, 930, 413, 153, 62, 32, 11, 2, 0, 2, 1]
(1, (0, 1, 0)): [32865, 16078, 5286, 2137, 824, 349, 124, 46, 12, 5, 1, 2, 2]
(1, (0, 1, 1)): [5414, 4587, 4904, 1858, 773, 315, 116, 39, 14, 8, 4, 2, 0, 1]
(1, (1, 0, 0)): [84984, 16256, 9043, 3893, 1533, 650, 208, 91, 26, 13, 7, 3, 1, 2]
(1, (1, 0, 1)): [6619, 8261, 3047, 1765, 765, 318, 101, 47, 15, 12, 5, 1]
(1, (1, 1, 0)): [21182, 6705, 4767, 3116, 1314, 550, 190, 82, 32, 11, 4, 2, 0, 3]
(1, (1, 1, 1)): [4075, 3338, 2179, 1644, 1056, 461, 178, 86, 23, 7, 2, 0, 0, 1]
(2, (0, 0, 0)): [178670, 7117, 2246, 707, 245, 80, 27, 12, 1, 1, 1]
(2, (0, 0, 1)): [22823, 8051, 1299, 409, 136, 48, 20, 3]
(2, (0, 1, 0)): [53334, 12184, 2873, 918, 276, 95, 37, 12, 1, 1]
(2, (0, 1, 1)): [13706, 1259, 3276, 821, 285, 92, 25, 6, 3, 1, 1]
(2, (1, 0, 0)): [103461, 8044, 3874, 1273, 402, 133, 47, 18, 3, 0, 1]
(2, (1, 0, 1)): [17027, 4847, 2100, 917, 303, 106, 35, 10, 4, 0, 0, 1]
(2, (1, 1, 0)): [33076, 5048, 2811, 1613, 466, 168, 45, 15, 7, 2, 2, 0, 0, 1]
(2, (1, 1, 1)): [9836, 1529, 1645, 926, 558, 170, 61, 19, 8, 2, 2, 0, 0, 1]
