(0, (0, 0, 0), (0, 0)): [15245, 2892, 1286, 561, 232, 112, 47, 13, 8, 0, 2, 1, 1]
(0, (0, 0, 0), (0, 1)): [19, 1, 1, 1, 1, 1]
(0, (0, 0, 0), (0, 2)): [9, 1, 0, 1]
(0, (0, 0, 0), (1, 0)): [24, 3, 1]
(0, (0, 0, 0), (1, 1)): [11, 1, 1]
(0, (0, 0, 0), (1, 2)): [7, 1, 1, 1]
(0, (0, 0, 0), (2, 0)): [9, 2, 1]
(0, (0, 0, 0), (2, 1)): [9, 1]
(0, (0, 0, 0), (2, 2)): [7, 1]
(0, (0, 0, 0), (3, 0)): [4, 1, 1]
(0, (0, 0, 0), (3, 1)): [6, 2, 1]
(0, (0, 0, 0), (3, 2)): [5, 2]
(0, (0, 0, 1), (0, 0)): [47, 171, 39, 15, 8, 4, 2, 2]
(0, (0, 1, 0), (0, 0)): [465, 459, 152, 82, 34, 13, 7, 3, 0, 0, 1, 1, 1]
(0, (0, 1, 0), (0, 1)): [0, 1]
(0, (0, 1, 0), (1, 1)): [0, 1]
(0, (0, 1, 0), (2, 1)): [0, 1]
(0, (0, 1, 0), (3, 1)): [0, 1]
(0, (0, 1, 1), (0, 0)): [56, 76, 91, 34, 27, 11, 2, 2, 1]
(0, (0, 1, 1), (1, 0)): [1]
(0, (0, 1, 1), (2, 0)): [1]
(0, (0, 1, 1), (3, 0)): [1]
(0, (1, 0, 0), (0, 0)): [3398, 1083, 668, 312, 140, 67, 31, 6, 6, 0, 1, 1]
(0, (1, 0, 0), (0, 1)): [3, 0, 0, 1]
(0, (1, 0, 0), (0, 2)): [1, 0, 0, 1]
(0, (1, 0, 0), (1, 0)): [4, 3, 1]
(0, (1, 0, 0), (1, 1)): [2, 2, 1]
(0, (1, 0, 0), (1, 2)): [1, 1]
(0, (1, 0, 0), (2, 0)): [3, 1]
(0, (1, 0, 0), (2, 1)): [1]
(0, (1, 0, 0), (2, 2)): [2]
(0, (1, 0, 0), (3, 0)): [2, 1]
(0, (1, 0, 0), (3, 1)): [2]
(0, (1, 0, 0), (3, 2)): [2]
(0, (1, 0, 1), (0, 0)): [65, 262, 87, 66, 22, 12, 10, 6]
(0, (1, 0, 1), (1, 0)): [0, 0, 0, 0, 1]
(0, (1, 0, 1), (2, 0)): [0, 0, 0, 0, 1]
(0, (1, 0, 1), (3, 0)): [0, 0, 0, 0, 1]
(0, (1, 1, 0), (0, 0)): [531, 306, 262, 148, 75, 51, 21, 5, 5, 0, 0, 1]
(0, (1, 1, 0), (0, 1)): [0, 0, 1]
(0, (1, 1, 0), (0, 2)): [0, 0, 1]
(0, (1, 1, 0), (1, 0)): [3, 2, 0, 0, 1]
(0, (1, 1, 0), (1, 1)): [1, 1]
(0, (1, 1, 0), (1, 2)): [1, 1]
(0, (1, 1, 0), (2, 0)): [0, 1, 0, 0, 1]
(0, (1, 1, 0), (2, 1)): [0, 0, 0, 0, 1]
(0, (1, 1, 0), (3, 0)): [0, 1]
(0, (1, 1, 1), (0, 0)): [41, 84, 77, 55, 46, 28, 10, 5, 0, 1, 1, 1]
(0, (1, 1, 1), (0, 1)): [1]
(0, (1, 1, 1), (0, 2)): [1]
(0, (1, 1, 1), (1, 0)): [0, 0, 0, 0, 0, 0, 1]
(1, (0, 0, 0), (0, 0)): [12130, 1224, 497, 182, 63, 31, 8, 3, 2]
(1, (0, 0, 0), (0, 1)): [20, 2]
(1, (0, 0, 0), (0, 2)): [12, 1]
(1, (0, 0, 0), (1, 0)): [19, 0, 0, 1]
(1, (0, 0, 0), (1, 1)): [12, 1, 0, 1]
(1, (0, 0, 0), (1, 2)): [11]
(1, (0, 0, 0), (2, 0)): [5]
(1, (0, 0, 0), (2, 1)): [7, 1]
(1, (0, 0, 0), (2, 2)): [5, 1]
(1, (0, 0, 0), (3, 0)): [1]
(1, (0, 0, 0), (3, 1)): [2]
(1, (0, 0, 0), (3, 2)): [3, 1]
(1, (0, 0, 1), (0, 0)): [283, 423, 82, 23, 12, 6, 3, 1, 1, 0, 1]
(1, (0, 1, 0), (0, 0)): [1522, 723, 231, 87, 26, 11, 5, 1, 0, 0, 0, 1]
(1, (0, 1, 0), (0, 1)): [2]
(1, (0, 1, 0), (0, 2)): [2]
(1, (0, 1, 0), (1, 0)): [1, 1, 1]
(1, (0, 1, 0), (1, 1)): [0, 0, 1]
(1, (0, 1, 0), (1, 2)): [2]
(1, (0, 1, 0), (2, 0)): [0, 1]
(1, (0, 1, 0), (2, 2)): [1]
(1, (0, 1, 0), (3, 0)): [0, 1]
(1, (0, 1, 0), (3, 1)): [0, 1]
(1, (0, 1, 1), (0, 0)): [310, 242, 217, 85, 27, 13, 5, 0, 2]
(1, (0, 1, 1), (0, 1)): [0, 1]
(1, (0, 1, 1), (1, 0)): [0, 1]
(1, (0, 1, 1), (2, 0)): [0, 1]
(1, (0, 1, 1), (3, 0)): [0, 1]
(1, (1, 0, 0), (0, 0)): [4796, 824, 505, 211, 76, 31, 11, 2, 2, 0, 1]
(1, (1, 0, 0), (0, 1)): [6, 0, 0, 0, 1]
(1, (1, 0, 0), (0, 2)): [2]
(1, (1, 0, 0), (1, 0)): [6, 1]
(1, (1, 0, 0), (1, 1)): [2, 1]
(1, (1, 0, 0), (1, 2)): [2, 1]
(1, (1, 0, 0), (2, 0)): [4]
(1, (1, 0, 0), (2, 1)): [2]
(1, (1, 0, 0), (2, 2)): [2]
(1, (1, 0, 0), (3, 0)): [3]
(1, (1, 0, 0), (3, 1)): [2]
(1, (1, 0, 1), (0, 0)): [338, 469, 144, 72, 29, 14, 6, 1, 0, 0, 2]
(1, (1, 0, 1), (1, 0)): [1, 1]
(1, (1, 0, 1), (1, 1)): [1]
(1, (1, 0, 1), (1, 2)): [1]
(1, (1, 1, 0), (0, 0)): [1333, 383, 282, 173, 75, 33, 11, 1, 1]
(1, (1, 1, 0), (1, 0)): [1, 0, 1, 0, 1]
(1, (1, 1, 0), (1, 1)): [0, 0, 1]
(1, (1, 1, 0), (2, 0)): [1]
(1, (1, 1, 0), (2, 1)): [1]
(1, (1, 1, 0), (2, 2)): [1]
(1, (1, 1, 1), (0, 0)): [285, 230, 148, 105, 66, 30, 11, 2, 1]
(1, (1, 1, 1), (0, 1)): [0, 1, 0, 0, 0, 1]
(1, (1, 1, 1), (0, 2)): [0, 1, 0, 0, 0, 1]
(1, (1, 1, 1), (1, 0)): [2]
(1, (1, 1, 1), (2, 0)): [1]
(1, (1, 1, 1), (2, 1)): [1]
(1, (1, 1, 1), (3, 1)): [1]
(2, (0, 0, 0), (0, 0)): [10344, 410, 132, 41, 15, 5, 1, 1, 1]
(2, (0, 0, 0), (0, 1)): [16]
(2, (0, 0, 0), (0, 2)): [6]
(2, (0, 0, 0), (1, 0)): [16, 0, 0, 1]
(2, (0, 0, 0), (1, 1)): [9]
(2, (0, 0, 0), (1, 2)): [6]
(2, (0, 0, 0), (2, 0)): [6, 0, 0, 1]
(2, (0, 0, 0), (2, 1)): [6, 0, 0, 1]
(2, (0, 0, 0), (2, 2)): [4, 0, 0, 1]
(2, (0, 0, 0), (3, 0)): [2]
(2, (0, 0, 0), (3, 1)): [4]
(2, (0, 0, 0), (3, 2)): [6]
(2, (0, 0, 1), (0, 0)): [825, 252, 45, 6, 7, 2, 0, 0, 1, 0, 0, 1]
(2, (0, 0, 1), (0, 1)): [2, 1, 1]
(2, (0, 0, 1), (0, 2)): [2]
(2, (0, 0, 1), (1, 0)): [2]
(2, (0, 0, 1), (1, 1)): [2]
(2, (0, 0, 1), (1, 2)): [1]
(2, (0, 0, 1), (2, 2)): [1]
(2, (0, 0, 1), (3, 2)): [1]
(2, (0, 1, 0), (0, 0)): [2495, 555, 132, 41, 15, 5]
(2, (0, 1, 0), (0, 1)): [3]
(2, (0, 1, 0), (0, 2)): [1]
(2, (0, 1, 0), (1, 0)): [2, 0, 0, 1]
(2, (0, 1, 0), (1, 1)): [1]
(2, (0, 1, 0), (1, 2)): [1]
(2, (0, 1, 0), (2, 0)): [1, 0, 0, 1]
(2, (0, 1, 0), (2, 1)): [1, 0, 0, 1]
(2, (0, 1, 0), (2, 2)): [1]
(2, (0, 1, 0), (3, 0)): [1]
(2, (0, 1, 0), (3, 1)): [1]
(2, (0, 1, 0), (3, 2)): [2]
(2, (0, 1, 1), (0, 0)): [557, 45, 138, 24, 15, 0, 1, 1]
(2, (0, 1, 1), (1, 0)): [2]
(2, (0, 1, 1), (2, 0)): [2]
(2, (0, 1, 1), (3, 0)): [2]
(2, (1, 0, 0), (0, 0)): [5792, 425, 230, 78, 23, 5, 1, 2, 0, 0, 1]
(2, (1, 0, 0), (0, 1)): [10, 0, 0, 0, 1]
(2, (1, 0, 0), (0, 2)): [4, 0, 0, 0, 1]
(2, (1, 0, 0), (1, 0)): [5, 1, 0, 1]
(2, (1, 0, 0), (1, 1)): [6]
(2, (1, 0, 0), (1, 2)): [3, 0, 0, 0, 1]
(2, (1, 0, 0), (2, 0)): [1, 1, 0, 1]
(2, (1, 0, 0), (2, 1)): [1]
(2, (1, 0, 0), (2, 2)): [3, 0, 0, 0, 1]
(2, (1, 0, 0), (3, 0)): [0, 1]
(2, (1, 0, 0), (3, 1)): [0, 1]
(2, (1, 0, 0), (3, 2)): [1, 1, 0, 0, 1]
(2, (1, 0, 1), (0, 0)): [861, 206, 84, 42, 8, 4, 0, 0, 1]
(2, (1, 0, 1), (0, 1)): [1]
(2, (1, 0, 1), (0, 2)): [1]
(2, (1, 0, 1), (1, 0)): [1, 1]
(2, (1, 0, 1), (1, 1)): [1]
(2, (1, 0, 1), (1, 2)): [1]
(2, (1, 0, 1), (2, 2)): [1]
(2, (1, 0, 1), (3, 2)): [1]
(2, (1, 1, 0), (0, 0)): [2438, 392, 178, 115, 33, 9, 0, 2, 0, 0, 1]
(2, (1, 1, 0), (0, 1)): [2, 0, 1, 0, 1]
(2, (1, 1, 0), (0, 2)): [1]
(2, (1, 1, 0), (1, 0)): [1]
(2, (1, 1, 1), (0, 0)): [678, 99, 111, 66, 32, 7, 2, 1, 0, 0, 1]
(2, (1, 1, 1), (0, 1)): [2]
(2, (1, 1, 1), (0, 2)): [1]
(2, (1, 1, 1), (1, 0)): [0, 1]
(2, (1, 1, 1), (1, 1)): [1]
(2, (1, 1, 1), (1, 2)): [1]
(2, (1, 1, 1), (2, 0)): [0, 1]
(2, (1, 1, 1), (3, 0)): [0, 1]
