(0, (0, 0, 0), (0, 0)): [14904, 2969, 1430, 657, 281, 133, 58, 21, 13, 4, 0, 1]
(0, (0, 0, 0), (0, 1)): [36, 8, 5]
(0, (0, 0, 0), (0, 2)): [11, 1, 2]
(0, (0, 0, 0), (1, 0)): [25, 3, 2, 0, 1]
(0, (0, 0, 0), (1, 1)): [21, 3, 4, 0, 1]
(0, (0, 0, 0), (1, 2)): [14, 2, 1]
(0, (0, 0, 0), (2, 0)): [11, 2]
(0, (0, 0, 0), (2, 1)): [13, 1, 3, 0, 1]
(0, (0, 0, 0), (2, 2)): [15, 1, 1, 0, 1]
(0, (0, 0, 0), (3, 0)): [7]
(0, (0, 0, 0), (3, 1)): [5, 0, 1]
(0, (0, 0, 0), (3, 2)): [7, 0, 1, 0, 1]
(0, (0, 0, 1), (0, 0)): [53, 189, 61, 26, 5, 1, 3, 1]
(0, (0, 1, 0), (0, 0)): [459, 472, 190, 91, 46, 24, 10, 5, 2, 1]
(0, (0, 1, 0), (0, 1)): [1, 2]
(0, (0, 1, 0), (0, 2)): [1]
(0, (0, 1, 0), (1, 0)): [2, 1, 1]
(0, (0, 1, 0), (1, 1)): [1, 2]
(0, (0, 1, 0), (2, 0)): [0, 1, 1]
(0, (0, 1, 0), (2, 1)): [1, 1]
(0, (0, 1, 0), (3, 0)): [0, 0, 1]
(0, (0, 1, 0), (3, 1)): [0, 0, 1]
(0, (0, 1, 1), (0, 0)): [37, 82, 100, 48, 25, 11, 6, 3, 1, 1]
(0, (0, 1, 1), (1, 0)): [0, 0, 1]
(0, (0, 1, 1), (2, 0)): [0, 0, 1]
(0, (0, 1, 1), (3, 0)): [0, 0, 1]
(0, (0, 1, 1), (3, 1)): [0, 0, 1]
(0, (0, 1, 1), (3, 2)): [0, 0, 1]
(0, (1, 0, 0), (0, 0)): [3328, 1139, 708, 335, 162, 82, 32, 12, 8, 3]
(0, (1, 0, 0), (0, 1)): [6, 1, 1]
(0, (1, 0, 0), (0, 2)): [3, 1]
(0, (1, 0, 0), (1, 0)): [8, 2, 1]
(0, (1, 0, 0), (1, 1)): [3]
(0, (1, 0, 0), (1, 2)): [2]
(0, (1, 0, 0), (2, 0)): [4, 2]
(0, (1, 0, 0), (2, 1)): [2, 1]
(0, (1, 0, 0), (2, 2)): [2, 1]
(0, (1, 0, 0), (3, 0)): [1]
(0, (1, 0, 0), (3, 1)): [1]
(0, (1, 0, 0), (3, 2)): [2]
(0, (1, 0, 1), (0, 0)): [62, 226, 86, 55, 29, 22, 7, 0, 3]
(0, (1, 0, 1), (0, 1)): [0, 1, 1]
(0, (1, 0, 1), (0, 2)): [0, 1]
(0, (1, 0, 1), (1, 1)): [0, 0, 1]
(0, (1, 0, 1), (1, 2)): [0, 1]
(0, (1, 1, 0), (0, 0)): [460, 291, 231, 159, 96, 37, 16, 9, 3, 2]
(0, (1, 1, 0), (0, 1)): [1]
(0, (1, 1, 0), (0, 2)): [1]
(0, (1, 1, 0), (1, 0)): [0, 0, 1]
(0, (1, 1, 0), (1, 2)): [1]
(0, (1, 1, 0), (2, 0)): [0, 0, 1]
(0, (1, 1, 0), (2, 1)): [0, 0, 1]
(0, (1, 1, 0), (2, 2)): [0, 0, 1]
(0, (1, 1, 0), (3, 2)): [0, 0, 1]
(0, (1, 1, 1), (0, 0)): [45, 83, 86, 52, 42, 17, 10, 5, 3, 1]
(0, (1, 1, 1), (0, 1)): [1]
(0, (1, 1, 1), (0, 2)): [1]
(0, (1, 1, 1), (1, 0)): [0, 0, 2]
(1, (0, 0, 0), (0, 0)): [11903, 1258, 553, 233, 85, 38, 12, 4, 4, 1, 0, 1]
(1, (0, 0, 0), (0, 1)): [19, 2, 1, 0, 1]
(1, (0, 0, 0), (0, 2)): [6, 0, 0, 0, 1]
(1, (0, 0, 0), (1, 0)): [25, 2, 1]
(1, (0, 0, 0), (1, 1)): [21, 1, 2]
(1, (0, 0, 0), (1, 2)): [10, 0, 1, 0, 1]
(1, (0, 0, 0), (2, 0)): [7, 1]
(1, (0, 0, 0), (2, 1)): [11, 1, 1]
(1, (0, 0, 0), (2, 2)): [9, 0, 1]
(1, (0, 0, 0), (3, 0)): [2, 1]
(1, (0, 0, 0), (3, 1)): [4, 1]
(1, (0, 0, 0), (3, 2)): [6]
(1, (0, 0, 1), (0, 0)): [309, 496, 90, 31, 13, 10, 4, 4, 1]
(1, (0, 1, 0), (0, 0)): [1579, 752, 276, 113, 35, 19, 8, 4, 1]
(1, (0, 1, 0), (0, 1)): [0, 2]
(1, (0, 1, 0), (0, 2)): [0, 1]
(1, (0, 1, 0), (1, 0)): [4, 0, 0, 1]
(1, (0, 1, 0), (1, 1)): [2]
(1, (0, 1, 0), (1, 2)): [1, 1]
(1, (0, 1, 0), (2, 0)): [2, 0, 0, 1]
(1, (0, 1, 0), (2, 1)): [1]
(1, (0, 1, 0), (2, 2)): [1]
(1, (0, 1, 0), (3, 0)): [2, 0, 0, 1]
(1, (0, 1, 1), (0, 0)): [257, 222, 203, 89, 49, 19, 4, 3, 0, 0, 0, 1]
(1, (0, 1, 1), (1, 0)): [0, 0, 0, 0, 1]
(1, (0, 1, 1), (2, 0)): [0, 0, 0, 0, 1]
(1, (0, 1, 1), (3, 0)): [0, 0, 0, 0, 1]
(1, (1, 0, 0), (0, 0)): [4774, 886, 594, 226, 103, 36, 11, 6, 2, 0, 0, 1]
(1, (1, 0, 0), (0, 1)): [7, 1]
(1, (1, 0, 0), (0, 2)): [1]
(1, (1, 0, 0), (1, 0)): [11, 3]
(1, (1, 0, 0), (1, 1)): [4, 1]
(1, (1, 0, 0), (1, 2)): [1]
(1, (1, 0, 0), (2, 0)): [9, 3]
(1, (1, 0, 0), (2, 1)): [8, 2]
(1, (1, 0, 0), (2, 2)): [2]
(1, (1, 0, 0), (3, 0)): [2, 2]
(1, (1, 0, 0), (3, 1)): [6, 1]
(1, (1, 0, 0), (3, 2)): [4]
(1, (1, 0, 1), (0, 0)): [313, 467, 149, 95, 32, 17, 6, 2, 1, 1]
(1, (1, 0, 1), (0, 1)): [2, 1]
(1, (1, 0, 1), (1, 0)): [1, 3]
(1, (1, 0, 1), (1, 1)): [1, 2]
(1, (1, 0, 1), (1, 2)): [0, 1]
(1, (1, 0, 1), (2, 0)): [1, 1]
(1, (1, 0, 1), (2, 1)): [2, 2]
(1, (1, 0, 1), (2, 2)): [1, 1]
(1, (1, 0, 1), (3, 1)): [0, 1]
(1, (1, 0, 1), (3, 2)): [1, 1]
(1, (1, 1, 0), (0, 0)): [1391, 436, 328, 197, 98, 35, 13, 5, 3]
(1, (1, 1, 0), (0, 1)): [3]
(1, (1, 1, 0), (0, 2)): [2]
(1, (1, 1, 0), (1, 0)): [3, 1, 1]
(1, (1, 1, 0), (1, 1)): [1, 0, 1]
(1, (1, 1, 0), (1, 2)): [1, 0, 1]
(1, (1, 1, 0), (2, 0)): [2]
(1, (1, 1, 0), (2, 1)): [3]
(1, (1, 1, 0), (2, 2)): [1, 0, 1]
(1, (1, 1, 0), (3, 1)): [3]
(1, (1, 1, 0), (3, 2)): [2, 0, 1]
(1, (1, 1, 1), (0, 0)): [298, 234, 175, 101, 74, 34, 15, 4, 1, 0, 0, 1]
(1, (1, 1, 1), (0, 1)): [1, 0, 1]
(1, (1, 1, 1), (0, 2)): [1, 0, 1]
(2, (0, 0, 0), (0, 0)): [10226, 434, 138, 48, 15, 9, 4, 0, 1]
(2, (0, 0, 0), (0, 1)): [13, 5]
(2, (0, 0, 0), (0, 2)): [6, 1]
(2, (0, 0, 0), (1, 0)): [24, 0, 1, 0, 1]
(2, (0, 0, 0), (1, 1)): [17, 3, 0, 0, 1]
(2, (0, 0, 0), (1, 2)): [10, 3, 0, 0, 1]
(2, (0, 0, 0), (2, 0)): [8, 0, 1]
(2, (0, 0, 0), (2, 1)): [8, 1, 1]
(2, (0, 0, 0), (2, 2)): [9, 4, 0, 0, 1]
(2, (0, 0, 0), (3, 0)): [2]
(2, (0, 0, 0), (3, 1)): [2, 0, 1]
(2, (0, 0, 0), (3, 2)): [4, 2, 0, 0, 1]
(2, (0, 0, 1), (0, 0)): [898, 285, 47, 22, 3, 3, 2]
(2, (0, 0, 1), (0, 1)): [2]
(2, (0, 0, 1), (1, 0)): [2]
(2, (0, 0, 1), (1, 1)): [2]
(2, (0, 0, 1), (1, 2)): [1]
(2, (0, 0, 1), (2, 0)): [1]
(2, (0, 0, 1), (3, 0)): [1]
(2, (0, 1, 0), (0, 0)): [2473, 553, 139, 58, 17, 6, 6, 0, 1]
(2, (0, 1, 0), (0, 1)): [2, 1]
(2, (0, 1, 0), (1, 0)): [8, 0, 1, 1]
(2, (0, 1, 0), (1, 1)): [5, 1, 1]
(2, (0, 1, 0), (1, 2)): [2, 0, 1]
(2, (0, 1, 0), (2, 0)): [4, 0, 0, 1]
(2, (0, 1, 0), (2, 1)): [4, 1]
(2, (0, 1, 0), (2, 2)): [4, 0, 1]
(2, (0, 1, 0), (3, 0)): [3, 0, 0, 1]
(2, (0, 1, 0), (3, 1)): [1, 1]
(2, (0, 1, 0), (3, 2)): [1, 0, 1]
(2, (0, 1, 1), (0, 0)): [579, 50, 128, 39, 13, 6, 2]
(2, (0, 1, 1), (0, 1)): [0, 1]
(2, (0, 1, 1), (0, 2)): [0, 1]
(2, (0, 1, 1), (1, 0)): [3]
(2, (0, 1, 1), (1, 1)): [1]
(2, (0, 1, 1), (1, 2)): [1]
(2, (0, 1, 1), (2, 0)): [2]
(2, (0, 1, 1), (2, 2)): [1]
(2, (0, 1, 1), (3, 0)): [2]
(2, (1, 0, 0), (0, 0)): [5778, 433, 248, 73, 26, 12, 3, 2, 1]
(2, (1, 0, 0), (0, 1)): [10, 1, 1]
(2, (1, 0, 0), (0, 2)): [4, 1]
(2, (1, 0, 0), (1, 0)): [14, 1, 0, 0, 1]
(2, (1, 0, 0), (1, 1)): [8, 1, 1]
(2, (1, 0, 0), (1, 2)): [5, 1]
(2, (1, 0, 0), (2, 0)): [6]
(2, (1, 0, 0), (2, 1)): [3, 1, 1]
(2, (1, 0, 0), (2, 2)): [4]
(2, (1, 0, 0), (3, 0)): [2]
(2, (1, 0, 0), (3, 1)): [4, 1, 1]
(2, (1, 0, 0), (3, 2)): [3]
(2, (1, 0, 1), (0, 0)): [874, 243, 74, 48, 12, 6, 3, 2, 1]
(2, (1, 0, 1), (0, 1)): [3]
(2, (1, 0, 1), (1, 0)): [2]
(2, (1, 0, 1), (1, 1)): [4]
(2, (1, 0, 1), (1, 2)): [2]
(2, (1, 0, 1), (2, 0)): [1]
(2, (1, 0, 1), (2, 1)): [3]
(2, (1, 0, 1), (2, 2)): [2]
(2, (1, 0, 1), (3, 1)): [1]
(2, (1, 0, 1), (3, 2)): [1]
(2, (1, 1, 0), (0, 0)): [2539, 397, 215, 105, 44, 20, 5, 1, 1]
(2, (1, 1, 0), (0, 1)): [3, 0, 2, 0, 1]
(2, (1, 1, 0), (0, 2)): [1, 0, 1, 0, 1]
(2, (1, 1, 0), (1, 0)): [6, 1]
(2, (1, 1, 0), (1, 1)): [5, 0, 1]
(2, (1, 1, 0), (1, 2)): [3, 0, 1]
(2, (1, 1, 0), (2, 0)): [1, 1]
(2, (1, 1, 0), (2, 1)): [3, 1]
(2, (1, 1, 0), (2, 2)): [2]
(2, (1, 1, 0), (3, 2)): [1]
(2, (1, 1, 1), (0, 0)): [746, 106, 138, 65, 37, 15, 3, 1, 1]
(2, (1, 1, 1), (0, 1)): [2, 0, 0, 1]
(2, (1, 1, 1), (0, 2)): [1]
(2, (1, 1, 1), (1, 0)): [0, 0, 1]
(2, (1, 1, 1), (1, 1)): [1]
(2, (1, 1, 1), (1, 2)): [1]
