(0, (0, 0, 0), (0, 0)): [88, 15, 4, 2, 1, 0, 0, 1]
(0, (0, 0, 0), (0, 1)): [45, 6, 1, 1, 1, 0, 0, 1]
(0, (0, 0, 0), (0, 2)): [22, 4, 0, 0, 0, 0, 0, 1]
(0, (0, 0, 0), (1, 0)): [32, 4, 2]
(0, (0, 0, 0), (1, 1)): [30, 4, 2, 1, 1]
(0, (0, 0, 0), (1, 2)): [22, 4, 1, 0, 0, 0, 0, 1]
(0, (0, 0, 0), (2, 0)): [7, 2]
(0, (0, 0, 0), (2, 1)): [11, 4]
(0, (0, 0, 0), (2, 2)): [14, 4, 1]
(0, (0, 0, 0), (3, 0)): [2]
(0, (0, 0, 0), (3, 1)): [3, 1]
(0, (0, 0, 0), (3, 2)): [7, 2]
(0, (0, 0, 1), (0, 0)): [1, 1]
(0, (0, 0, 1), (0, 1)): [1]
(0, (0, 1, 0), (0, 0)): [6, 5, 1, 1]
(0, (0, 1, 0), (0, 1)): [3, 3, 0, 1]
(0, (0, 1, 0), (0, 2)): [1, 1, 0, 1]
(0, (0, 1, 0), (1, 0)): [1]
(0, (0, 1, 0), (1, 1)): [2, 1]
(0, (0, 1, 0), (1, 2)): [1, 1, 0, 1]
(0, (0, 1, 0), (2, 1)): [1]
(0, (0, 1, 0), (2, 2)): [2]
(0, (1, 0, 0), (0, 0)): [13, 4, 1, 0, 1]
(0, (1, 0, 0), (0, 1)): [7, 2]
(0, (1, 0, 0), (0, 2)): [1, 1]
(0, (1, 0, 0), (1, 0)): [1, 1]
(0, (1, 0, 0), (1, 1)): [2, 1]
(0, (1, 0, 0), (1, 2)): [1, 1]
(0, (1, 0, 0), (2, 0)): [0, 1]
(0, (1, 0, 0), (2, 1)): [1, 1]
(0, (1, 0, 1), (0, 0)): [1, 1, 0, 0, 1]
(0, (1, 0, 1), (0, 1)): [1]
(0, (1, 0, 1), (1, 0)): [0, 1, 0, 0, 1]
(0, (1, 0, 1), (1, 1)): [0, 0, 0, 0, 1]
(0, (1, 0, 1), (2, 1)): [0, 0, 0, 0, 1]
(0, (1, 0, 1), (2, 2)): [0, 0, 0, 0, 1]
(0, (1, 1, 0), (0, 0)): [1, 1, 0, 1]
(0, (1, 1, 0), (0, 1)): [1, 0, 0, 1]
(1, (0, 0, 0), (0, 0)): [74, 7, 3, 1, 0, 0, 0, 1]
(1, (0, 0, 0), (0, 1)): [35, 4, 0, 1]
(1, (0, 0, 0), (0, 2)): [16, 1]
(1, (0, 0, 0), (1, 0)): [22, 1, 1, 0, 0, 0, 0, 1]
(1, (0, 0, 0), (1, 1)): [22, 2, 0, 1]
(1, (0, 0, 0), (1, 2)): [15, 2, 0, 1]
(1, (0, 0, 0), (2, 0)): [5, 1]
(1, (0, 0, 0), (2, 1)): [9, 2]
(1, (0, 0, 0), (2, 2)): [12, 0, 0, 1]
(1, (0, 0, 0), (3, 2)): [4]
(1, (0, 0, 1), (0, 0)): [4, 5]
(1, (0, 0, 1), (0, 1)): [0, 2]
(1, (0, 0, 1), (0, 2)): [0, 1]
(1, (0, 0, 1), (1, 0)): [2, 3]
(1, (0, 0, 1), (1, 1)): [1, 3]
(1, (0, 0, 1), (1, 2)): [0, 2]
(1, (0, 0, 1), (2, 1)): [0, 2]
(1, (0, 0, 1), (2, 2)): [0, 2]
(1, (0, 0, 1), (3, 1)): [0, 1]
(1, (0, 0, 1), (3, 2)): [0, 1]
(1, (0, 1, 0), (0, 0)): [12, 8, 1]
(1, (0, 1, 0), (0, 1)): [6, 4, 1]
(1, (0, 1, 0), (0, 2)): [3, 1]
(1, (0, 1, 0), (1, 0)): [4, 3]
(1, (0, 1, 0), (1, 1)): [3, 4]
(1, (0, 1, 0), (1, 2)): [5, 2]
(1, (0, 1, 0), (2, 0)): [2]
(1, (0, 1, 0), (2, 1)): [1, 2]
(1, (0, 1, 0), (2, 2)): [2, 3]
(1, (0, 1, 0), (3, 2)): [1]
(1, (0, 1, 1), (0, 0)): [1, 0, 2, 0, 0, 0, 0, 1]
(1, (0, 1, 1), (0, 1)): [1, 0, 0, 0, 0, 0, 0, 1]
(1, (0, 1, 1), (0, 2)): [1]
(1, (0, 1, 1), (1, 0)): [0, 0, 1]
(1, (0, 1, 1), (1, 1)): [0, 0, 1]
(1, (0, 1, 1), (2, 1)): [0, 0, 1]
(1, (1, 0, 0), (0, 0)): [26, 1, 1, 1, 0, 0, 0, 1]
(1, (1, 0, 0), (0, 1)): [16, 0, 0, 1]
(1, (1, 0, 0), (0, 2)): [10]
(1, (1, 0, 0), (1, 0)): [7, 1, 1]
(1, (1, 0, 0), (1, 1)): [5, 0, 0, 1]
(1, (1, 0, 0), (1, 2)): [8, 0, 0, 1]
(1, (1, 0, 0), (2, 0)): [4]
(1, (1, 0, 0), (2, 1)): [2]
(1, (1, 0, 0), (2, 2)): [2, 0, 0, 1]
(1, (1, 0, 0), (3, 0)): [1]
(1, (1, 0, 0), (3, 1)): [1]
(1, (1, 0, 0), (3, 2)): [2]
(1, (1, 0, 1), (0, 0)): [0, 4, 0, 0, 1, 1, 1]
(1, (1, 0, 1), (0, 1)): [0, 2, 0, 0, 1]
(1, (1, 0, 1), (1, 0)): [0, 1, 0, 0, 0, 1]
(1, (1, 0, 1), (1, 1)): [0, 2, 0, 0, 1]
(1, (1, 0, 1), (1, 2)): [0, 0, 0, 0, 1]
(1, (1, 1, 0), (0, 0)): [1, 0, 0, 2]
(1, (1, 1, 0), (0, 1)): [0, 0, 0, 2]
(1, (1, 1, 0), (0, 2)): [0, 0, 0, 1]
(1, (1, 1, 0), (1, 1)): [0, 0, 0, 1]
(1, (1, 1, 0), (2, 1)): [0, 0, 0, 1]
(2, (0, 0, 0), (0, 0)): [63, 1, 1]
(2, (0, 0, 0), (0, 1)): [31, 0, 1]
(2, (0, 0, 0), (0, 2)): [13]
(2, (0, 0, 0), (1, 0)): [24, 1]
(2, (0, 0, 0), (1, 1)): [26]
(2, (0, 0, 0), (1, 2)): [20]
(2, (0, 0, 0), (2, 0)): [10]
(2, (0, 0, 0), (2, 1)): [11]
(2, (0, 0, 0), (2, 2)): [18]
(2, (0, 0, 0), (3, 0)): [3]
(2, (0, 0, 0), (3, 1)): [5]
(2, (0, 0, 0), (3, 2)): [10]
(2, (0, 0, 1), (0, 0)): [8, 2, 1]
(2, (0, 0, 1), (0, 1)): [3]
(2, (0, 0, 1), (0, 2)): [3]
(2, (0, 0, 1), (1, 0)): [4, 1]
(2, (0, 0, 1), (1, 1)): [3]
(2, (0, 0, 1), (1, 2)): [3]
(2, (0, 0, 1), (2, 0)): [1]
(2, (0, 0, 1), (2, 1)): [1]
(2, (0, 0, 1), (2, 2)): [2]
(2, (0, 0, 1), (3, 0)): [1]
(2, (0, 0, 1), (3, 1)): [2]
(2, (0, 0, 1), (3, 2)): [3]
(2, (0, 1, 0), (0, 0)): [19, 4, 1]
(2, (0, 1, 0), (0, 1)): [10, 1]
(2, (0, 1, 0), (0, 2)): [3, 1]
(2, (0, 1, 0), (1, 0)): [8, 2, 1]
(2, (0, 1, 0), (1, 1)): [9, 0, 1]
(2, (0, 1, 0), (1, 2)): [5, 1]
(2, (0, 1, 0), (2, 0)): [2, 2]
(2, (0, 1, 0), (2, 1)): [4]
(2, (0, 1, 0), (2, 2)): [4]
(2, (0, 1, 0), (3, 0)): [1, 1]
(2, (0, 1, 0), (3, 1)): [2, 1]
(2, (0, 1, 0), (3, 2)): [2, 1]
(2, (0, 1, 1), (0, 0)): [2]
(2, (0, 1, 1), (0, 1)): [1]
(2, (0, 1, 1), (1, 0)): [1]
(2, (0, 1, 1), (1, 1)): [1]
(2, (0, 1, 1), (2, 1)): [1]
(2, (1, 0, 0), (0, 0)): [37, 1]
(2, (1, 0, 0), (0, 1)): [20]
(2, (1, 0, 0), (0, 2)): [5]
(2, (1, 0, 0), (1, 0)): [10]
(2, (1, 0, 0), (1, 1)): [13]
(2, (1, 0, 0), (1, 2)): [6]
(2, (1, 0, 0), (2, 0)): [3]
(2, (1, 0, 0), (2, 1)): [4]
(2, (1, 0, 0), (2, 2)): [2]
(2, (1, 0, 0), (3, 0)): [2]
(2, (1, 0, 0), (3, 1)): [2]
(2, (1, 0, 0), (3, 2)): [1]
(2, (1, 0, 1), (0, 0)): [2]
(2, (1, 0, 1), (0, 1)): [1]
(2, (1, 1, 0), (0, 0)): [7, 0, 0, 1]
(2, (1, 1, 0), (0, 1)): [6]
(2, (1, 1, 0), (0, 2)): [4]
(2, (1, 1, 0), (1, 0)): [0, 0, 0, 1]
(2, (1, 1, 0), (1, 2)): [2]
(2, (1, 1, 0), (2, 2)): [1]
(2, (1, 1, 0), (3, 2)): [1]
