(0, (0, 0, 0)): [26559, 5232, 2362, 1109, 468, 172, 77, 27, 13, 5, 3, 0, 1]
(0, (0, 0, 1)): [128, 306, 92, 43, 17, 8, 3, 1, 1]
(0, (0, 1, 0)): [1048, 907, 338, 192, 94, 27, 15, 2, 2, 2]
(0, (0, 1, 1)): [90, 134, 154, 79, 38, 11, 5, 7, 1]
(0, (1, 0, 0)): [5755, 1937, 1138, 588, 266, 91, 44, 15, 12, 4, 2, 0, 1]
(0, (1, 0, 1)): [165, 375, 166, 118, 57, 24, 14, 7, 1, 0, 1]
(0, (1, 1, 0)): [796, 502, 350, 258, 125, 56, 25, 7, 8, 2, 0, 0, 1]
(0, (1, 1, 1)): [70, 121, 118, 90, 75, 24, 15, 4, 2]
(1, (0, 0, 0)): [21551, 2324, 952, 365, 141, 57, 19, 5, 2, 0, 1]
(1, (0, 0, 1)): [621, 788, 148, 73, 28, 7, 3, 0, 1, 1]
(1, (0, 1, 0)): [3140, 1334, 475, 222, 79, 24, 14, 3, 3, 1]
(1, (0, 1, 1)): [529, 412, 312, 114, 68, 27, 8, 6, 3, 2]
(1, (1, 0, 0)): [7961, 1431, 928, 366, 163, 64, 21, 7, 3, 1, 2]
(1, (1, 0, 1)): [691, 770, 229, 158, 56, 19, 5, 0, 2, 1]
(1, (1, 1, 0)): [2345, 749, 444, 347, 129, 47, 17, 5, 2, 0, 1, 1, 1]
(1, (1, 1, 1)): [514, 340, 223, 155, 96, 39, 14, 3, 3, 1, 1]
(2, (0, 0, 0)): [18654, 849, 255, 90, 25, 6, 4]
(2, (0, 0, 1)): [1789, 531, 100, 38, 10, 6, 2]
(2, (0, 1, 0)): [4627, 945, 256, 114, 25, 9, 3, 1, 0, 2, 1]
(2, (0, 1, 1)): [1111, 91, 228, 59, 22, 6, 1, 1, 1]
(2, (1, 0, 0)): [9503, 644, 454, 129, 48, 16, 6, 1]
(2, (1, 0, 1)): [1791, 390, 162, 92, 20, 8, 2, 1]
(2, (1, 1, 0)): [3952, 638, 303, 212, 78, 21, 5, 4, 1, 2]
(2, (1, 1, 1)): [1174, 166, 212, 90, 62, 17, 6, 4]
