(0, (0, 0, 0), (0, 0)): [1815674, 367726, 168826, 76794, 34290, 14565, 6028, 2460, 1002, 429, 182, 92, 34, 17, 4, 1, 1, 1]
(0, (0, 0, 0), (0, 1)): [175977, 33906, 15391, 7070, 3100, 1336, 543, 193, 79, 36, 17, 8, 4, 3, 0, 1]
(0, (0, 0, 0), (0, 2)): [66299, 11362, 4985, 2235, 981, 421, 164, 55, 27, 11, 4, 2, 2]
(0, (0, 0, 0), (1, 0)): [159608, 36371, 17132, 7952, 3728, 1531, 668, 269, 120, 36, 13, 11, 0, 2, 1, 0, 1]
(0, (0, 0, 0), (1, 1)): [151536, 31094, 14456, 6693, 2958, 1249, 538, 196, 96, 23, 19, 9, 2, 3, 0, 1, 1]
(0, (0, 0, 0), (1, 2)): [102120, 18296, 8232, 3706, 1650, 698, 295, 108, 54, 16, 10, 5, 4]
(0, (0, 0, 0), (2, 0)): [51812, 13086, 6561, 3111, 1511, 621, 270, 118, 40, 18, 6, 5, 0, 1, 1]
(0, (0, 0, 0), (2, 1)): [79048, 17840, 8735, 4039, 1894, 796, 324, 146, 54, 16, 8, 6, 0, 1, 0, 0, 1]
(0, (0, 0, 0), (2, 2)): [81288, 15968, 7525, 3470, 1554, 645, 258, 100, 56, 16, 7, 2, 3, 0, 0, 0, 1]
(0, (0, 0, 0), (3, 0)): [15392, 4510, 2550, 1304, 635, 281, 117, 48, 16, 6, 3, 1, 0, 1, 1]
(0, (0, 0, 0), (3, 1)): [30453, 8158, 4324, 2111, 1029, 427, 182, 83, 30, 9, 3, 6, 0, 1, 1]
(0, (0, 0, 0), (3, 2)): [43192, 10030, 5267, 2442, 1169, 493, 193, 77, 36, 13, 4, 6, 2, 0, 1, 0, 1]
(0, (0, 0, 1), (0, 0)): [7254, 22115, 6088, 2887, 1391, 585, 262, 115, 43, 23, 12, 3, 4, 3]
(0, (0, 0, 1), (0, 1)): [507, 1573, 444, 184, 106, 37, 18, 8, 4, 1, 2, 0, 0, 1]
(0, (0, 0, 1), (0, 2)): [223, 589, 143, 62, 34, 13, 4, 2, 2]
(0, (0, 0, 1), (1, 0)): [527, 1816, 539, 291, 130, 63, 23, 11, 2, 1, 2]
(0, (0, 0, 1), (1, 1)): [492, 1502, 430, 189, 111, 41, 24, 8, 1, 1, 3, 0, 0, 1]
(0, (0, 0, 1), (1, 2)): [363, 964, 250, 103, 53, 26, 10, 5, 2, 1, 2]
(0, (0, 0, 1), (2, 0)): [184, 691, 223, 141, 49, 31, 6, 6, 2, 1]
(0, (0, 0, 1), (2, 1)): [266, 863, 287, 148, 81, 30, 15, 5, 2, 1, 1]
(0, (0, 0, 1), (2, 2)): [334, 867, 239, 109, 71, 23, 11, 1, 1, 1, 1]
(0, (0, 0, 1), (3, 0)): [55, 228, 73, 58, 19, 13, 4, 2, 1]
(0, (0, 0, 1), (3, 1)): [105, 398, 127, 93, 42, 16, 7, 4, 1]
(0, (0, 0, 1), (3, 2)): [190, 545, 146, 101, 59, 13, 5, 2, 2, 1, 1]
(0, (0, 1, 0), (0, 0)): [65642, 61680, 24043, 11730, 5605, 2404, 1019, 422, 181, 97, 33, 12, 5, 6, 2, 0, 1]
(0, (0, 1, 0), (0, 1)): [6495, 5884, 2263, 1064, 511, 218, 110, 42, 20, 8, 0, 2, 0, 1]
(0, (0, 1, 0), (0, 2)): [2614, 1976, 770, 339, 157, 80, 44, 13, 6, 3, 0, 1]
(0, (0, 1, 0), (1, 0)): [6427, 6331, 2683, 1408, 631, 301, 106, 50, 19, 8, 4, 2, 2, 2, 1, 0, 1]
(0, (0, 1, 0), (1, 1)): [5751, 5197, 2102, 1054, 477, 210, 90, 41, 10, 6, 1, 1, 0, 2]
(0, (0, 1, 0), (1, 2)): [4017, 3126, 1280, 627, 260, 121, 54, 28, 6, 2, 1, 2]
(0, (0, 1, 0), (2, 0)): [2345, 2278, 1017, 579, 238, 141, 46, 21, 10, 3, 1, 2, 2, 1, 0, 0, 1]
(0, (0, 1, 0), (2, 1)): [3138, 2949, 1258, 630, 288, 158, 55, 20, 8, 5, 1, 1, 1, 1, 0, 0, 1]
(0, (0, 1, 0), (2, 2)): [3442, 2667, 1183, 544, 242, 113, 49, 18, 9, 2, 1, 2, 0, 0, 0, 0, 1]
(0, (0, 1, 0), (3, 0)): [819, 681, 352, 231, 102, 64, 27, 13, 6, 1, 0, 1, 1]
(0, (0, 1, 0), (3, 1)): [1370, 1202, 594, 365, 157, 96, 31, 15, 2, 1, 0, 1, 0, 1]
(0, (0, 1, 0), (3, 2)): [1996, 1543, 791, 388, 184, 90, 43, 13, 5, 3, 1, 0, 0, 0, 0, 0, 1]
(0, (0, 1, 1), (0, 0)): [5357, 9308, 11123, 5164, 2694, 1289, 543, 245, 123, 55, 13, 10, 2, 2, 2, 0, 1, 1]
(0, (0, 1, 1), (0, 1)): [524, 811, 964, 426, 225, 108, 50, 16, 8, 6, 1, 2, 0, 0, 0, 0, 1]
(0, (0, 1, 1), (0, 2)): [241, 305, 334, 165, 71, 40, 20, 7, 1, 3, 0, 1]
(0, (0, 1, 1), (1, 0)): [501, 1011, 1184, 609, 306, 161, 56, 28, 17, 4, 1, 2, 0, 0, 1]
(0, (0, 1, 1), (1, 1)): [435, 754, 904, 409, 221, 99, 38, 17, 9, 3, 1, 0, 0, 0, 0, 0, 1]
(0, (0, 1, 1), (1, 2)): [337, 475, 515, 247, 139, 68, 24, 9, 4, 2, 0, 1, 0, 0, 0, 0, 1]
(0, (0, 1, 1), (2, 0)): [212, 456, 461, 273, 152, 93, 25, 13, 8, 3, 1, 1, 0, 0, 1]
(0, (0, 1, 1), (2, 1)): [239, 446, 524, 258, 123, 56, 18, 16, 9, 4, 0, 0, 0, 0, 1]
(0, (0, 1, 1), (2, 2)): [278, 442, 453, 227, 109, 58, 20, 12, 4, 3, 0, 1, 0, 0, 0, 0, 1]
(0, (0, 1, 1), (3, 0)): [111, 204, 196, 126, 92, 54, 13, 5, 3, 1, 1, 1]
(0, (0, 1, 1), (3, 1)): [98, 173, 215, 123, 85, 33, 10, 7, 6, 2, 0, 0, 0, 0, 1]
(0, (0, 1, 1), (3, 2)): [154, 229, 289, 152, 75, 46, 14, 10, 8, 1, 0, 0, 0, 0, 0, 0, 1]
(0, (1, 0, 0), (0, 0)): [385785, 129805, 82363, 40728, 19384, 8677, 3613, 1532, 648, 280, 130, 55, 23, 11, 3, 1, 1, 1]
(0, (1, 0, 0), (0, 1)): [34186, 10595, 6941, 3326, 1600, 723, 291, 124, 59, 16, 5, 4]
(0, (1, 0, 0), (0, 2)): [12635, 3452, 2309, 1064, 507, 218, 105, 33, 16, 3, 3, 2]
(0, (1, 0, 0), (1, 0)): [31159, 11321, 7806, 4016, 1968, 885, 376, 153, 66, 32, 18, 7, 1, 5, 1, 0, 1]
(0, (1, 0, 0), (1, 1)): [26594, 8701, 5843, 2908, 1352, 643, 246, 110, 48, 21, 7, 3, 0, 2]
(0, (1, 0, 0), (1, 2)): [16958, 4843, 3293, 1606, 734, 319, 140, 57, 27, 8, 2, 2]
(0, (1, 0, 0), (2, 0)): [9687, 3815, 2761, 1544, 783, 351, 162, 66, 23, 14, 9, 2, 1, 3, 0, 0, 1]
(0, (1, 0, 0), (2, 1)): [13008, 4572, 3156, 1673, 787, 390, 155, 62, 28, 15, 7, 3, 0, 4, 0, 0, 1]
(0, (1, 0, 0), (2, 2)): [12282, 3787, 2639, 1266, 620, 251, 124, 55, 26, 12, 5, 2, 0, 2]
(0, (1, 0, 0), (3, 0)): [2504, 1189, 911, 605, 321, 134, 63, 27, 10, 5, 3, 1]
(0, (1, 0, 0), (3, 1)): [4558, 1902, 1384, 874, 416, 212, 77, 33, 16, 7, 5, 1, 0, 2]
(0, (1, 0, 0), (3, 2)): [5742, 2161, 1514, 879, 439, 182, 83, 37, 18, 8, 4, 0, 0, 1]
(0, (1, 0, 1), (0, 0)): [9146, 27928, 11451, 7989, 4179, 1943, 916, 363, 180, 65, 39, 18, 7, 2, 2, 0, 0, 1]
(0, (1, 0, 1), (0, 1)): [800, 2345, 945, 691, 339, 169, 80, 19, 12, 4, 2, 0, 2, 1]
(0, (1, 0, 1), (0, 2)): [359, 834, 315, 218, 108, 60, 27, 7, 4, 1, 0, 0, 0, 1]
(0, (1, 0, 1), (1, 0)): [752, 2550, 1027, 777, 412, 216, 68, 35, 22, 4, 7, 1, 0, 0, 1]
(0, (1, 0, 1), (1, 1)): [655, 1916, 804, 570, 286, 130, 52, 21, 16, 2, 4]
(0, (1, 0, 1), (1, 2)): [505, 1100, 469, 302, 160, 64, 30, 11, 6, 1]
(0, (1, 0, 1), (2, 0)): [248, 864, 350, 274, 159, 98, 26, 13, 4, 2, 3, 1]
(0, (1, 0, 1), (2, 1)): [316, 1003, 420, 322, 154, 92, 29, 11, 12, 1, 3]
(0, (1, 0, 1), (2, 2)): [396, 858, 367, 265, 126, 65, 29, 15, 4, 2, 2]
(0, (1, 0, 1), (3, 0)): [83, 266, 122, 72, 60, 43, 9, 6, 0, 1, 1, 1]
(0, (1, 0, 1), (3, 1)): [114, 338, 177, 129, 96, 52, 10, 3, 6, 1, 1]
(0, (1, 0, 1), (3, 2)): [184, 420, 229, 154, 92, 55, 17, 10, 6, 3, 3]
(0, (1, 1, 0), (0, 0)): [53627, 34224, 25766, 18392, 9776, 4564, 1925, 905, 372, 173, 81, 31, 11, 4, 0, 0, 1]
(0, (1, 1, 0), (0, 1)): [5308, 2970, 2071, 1563, 895, 365, 170, 71, 26, 12, 7, 5, 0, 0, 0, 0, 1]
(0, (1, 1, 0), (0, 2)): [2126, 1029, 683, 511, 297, 114, 56, 26, 11, 5, 2]
(0, (1, 1, 0), (1, 0)): [4292, 2884, 2258, 1689, 880, 452, 174, 76, 34, 13, 6, 2, 1, 2]
(0, (1, 1, 0), (1, 1)): [3916, 2285, 1718, 1341, 689, 326, 130, 53, 18, 9, 7, 2, 1, 1, 0, 0, 1]
(0, (1, 1, 0), (1, 2)): [2755, 1367, 968, 789, 402, 155, 71, 30, 9, 8, 3, 1, 0, 1, 0, 0, 1]
(0, (1, 1, 0), (2, 0)): [1291, 944, 783, 577, 332, 176, 75, 34, 17, 6, 2, 2, 0, 1]
(0, (1, 1, 0), (2, 1)): [1825, 1169, 939, 727, 389, 178, 79, 31, 18, 6, 5, 2, 1]
(0, (1, 1, 0), (2, 2)): [1930, 1042, 774, 644, 327, 144, 65, 30, 11, 8, 3, 0, 0, 0, 0, 0, 1]
(0, (1, 1, 0), (3, 0)): [299, 299, 287, 202, 124, 71, 27, 15, 8, 4, 1, 1, 0, 1]
(0, (1, 1, 0), (3, 1)): [651, 493, 429, 319, 202, 108, 44, 13, 11, 5, 3, 1, 1]
(0, (1, 1, 0), (3, 2)): [916, 561, 484, 412, 225, 110, 47, 23, 9, 3, 2, 0, 0, 0, 0, 0, 1]
(0, (1, 1, 1), (0, 0)): [5134, 9914, 8177, 6043, 4821, 2392, 1091, 534, 245, 108, 54, 19, 6, 3, 1, 0, 1]
(0, (1, 1, 1), (0, 1)): [543, 921, 799, 516, 444, 212, 83, 41, 26, 12, 3, 2, 2, 1]
(0, (1, 1, 1), (0, 2)): [282, 355, 298, 188, 152, 80, 25, 11, 9, 3, 2, 1, 1]
(0, (1, 1, 1), (1, 0)): [368, 867, 763, 547, 435, 233, 92, 36, 21, 7, 5, 3, 0, 1, 0, 0, 1]
(0, (1, 1, 1), (1, 1)): [361, 762, 648, 427, 354, 181, 77, 37, 15, 10, 3, 1, 1, 1, 0, 0, 1]
(0, (1, 1, 1), (1, 2)): [331, 515, 418, 269, 220, 105, 34, 20, 8, 1, 2, 1, 0, 1, 0, 0, 1]
(0, (1, 1, 1), (2, 0)): [104, 266, 253, 191, 168, 98, 26, 16, 8, 2, 2, 2, 0, 1]
(0, (1, 1, 1), (2, 1)): [166, 336, 317, 222, 168, 103, 38, 22, 14, 7, 1, 0, 1]
(0, (1, 1, 1), (2, 2)): [204, 362, 322, 213, 167, 91, 27, 18, 6, 5, 0, 1, 1]
(0, (1, 1, 1), (3, 0)): [20, 80, 68, 70, 56, 41, 13, 8, 2, 0, 2, 1, 0, 1]
(0, (1, 1, 1), (3, 1)): [51, 130, 130, 98, 76, 46, 24, 9, 5, 2, 1, 1, 0, 1]
(0, (1, 1, 1), (3, 2)): [77, 191, 178, 121, 106, 53, 27, 14, 6, 3, 0, 1, 1, 1]
(1, (0, 0, 0), (0, 0)): [1476340, 162475, 66393, 26276, 10226, 3846, 1496, 550, 195, 77, 29, 20, 7, 3, 0, 1]
(1, (0, 0, 0), (0, 1)): [144921, 15050, 6011, 2415, 946, 329, 117, 56, 14, 2, 0, 3, 0, 1]
(1, (0, 0, 0), (0, 2)): [54687, 4794, 1869, 716, 300, 103, 29, 17, 2, 1, 0, 2]
(1, (0, 0, 0), (1, 0)): [136866, 17294, 7282, 2932, 1182, 419, 179, 57, 16, 8, 2, 2, 0, 0, 0, 1]
(1, (0, 0, 0), (1, 1)): [128182, 14251, 5752, 2350, 923, 323, 138, 49, 17, 3, 0, 1, 0, 1]
(1, (0, 0, 0), (1, 2)): [85085, 7934, 3164, 1280, 518, 190, 64, 22, 5, 1, 0, 1]
(1, (0, 0, 0), (2, 0)): [46011, 6628, 3026, 1209, 490, 178, 81, 29, 6, 4, 2, 2, 0, 0, 0, 1]
(1, (0, 0, 0), (2, 1)): [68662, 8643, 3726, 1461, 598, 214, 75, 39, 8, 5, 1, 1]
(1, (0, 0, 0), (2, 2)): [69716, 7262, 3066, 1254, 507, 184, 62, 29, 7, 3, 1]
(1, (0, 0, 0), (3, 0)): [13819, 2235, 1257, 506, 208, 78, 45, 10, 4, 2, 1, 1, 0, 0, 0, 1]
(1, (0, 0, 0), (3, 1)): [27634, 4252, 2043, 853, 341, 134, 55, 17, 3, 3]
(1, (0, 0, 0), (3, 2)): [38339, 4973, 2339, 972, 386, 138, 53, 22, 6, 4, 1]
(1, (0, 0, 1), (0, 0)): [41075, 59357, 11704, 5027, 2080, 857, 318, 127, 58, 23, 13, 6, 4, 2]
(1, (0, 0, 1), (0, 1)): [3664, 4492, 902, 357, 145, 61, 27, 8, 2, 0, 2, 1]
(1, (0, 0, 1), (0, 2)): [1585, 1445, 283, 103, 53, 15, 11, 1, 2, 0, 0, 1]
(1, (0, 0, 1), (1, 0)): [3974, 6081, 1267, 622, 233, 119, 31, 13, 8, 3, 1]
(1, (0, 0, 1), (1, 1)): [3452, 4494, 912, 388, 159, 69, 18, 9, 1, 2, 1]
(1, (0, 0, 1), (1, 2)): [2536, 2465, 454, 196, 87, 31, 11, 2, 2, 0, 0, 1]
(1, (0, 0, 1), (2, 0)): [1620, 2469, 571, 316, 119, 62, 20, 7, 6, 1, 1]
(1, (0, 0, 1), (2, 1)): [1989, 2720, 595, 278, 108, 51, 15, 6, 3, 1, 1]
(1, (0, 0, 1), (2, 2)): [2225, 2245, 459, 214, 81, 37, 12, 3, 2, 0, 1, 1]
(1, (0, 0, 1), (3, 0)): [750, 1024, 272, 170, 66, 34, 8, 5, 1, 0, 1]
(1, (0, 0, 1), (3, 1)): [849, 1167, 298, 169, 57, 30, 11, 6, 1]
(1, (0, 0, 1), (3, 2)): [1322, 1409, 331, 181, 71, 31, 12, 4, 2, 0, 1]
(1, (0, 1, 0), (0, 0)): [202506, 89365, 32408, 13953, 5618, 2214, 772, 343, 107, 48, 26, 9, 9, 2, 1]
(1, (0, 1, 0), (0, 1)): [18408, 7296, 2646, 1109, 436, 170, 63, 25, 9, 4, 2]
(1, (0, 1, 0), (0, 2)): [7132, 2533, 858, 350, 121, 58, 22, 7, 3, 1]
(1, (0, 1, 0), (1, 0)): [21044, 9068, 3538, 1751, 732, 277, 101, 47, 17, 6, 4, 0, 0, 1]
(1, (0, 1, 0), (1, 1)): [17185, 6876, 2549, 1190, 487, 187, 64, 24, 9, 3, 1, 0, 0, 1]
(1, (0, 1, 0), (1, 2)): [11384, 4094, 1440, 609, 211, 86, 31, 16, 6, 3]
(1, (0, 1, 0), (2, 0)): [8953, 3691, 1584, 881, 380, 143, 59, 30, 10, 4, 4]
(1, (0, 1, 0), (2, 1)): [9988, 4044, 1630, 818, 371, 127, 52, 22, 6, 3, 1, 0, 0, 1]
(1, (0, 1, 0), (2, 2)): [9888, 3535, 1360, 593, 242, 89, 26, 11, 7, 4]
(1, (0, 1, 0), (3, 0)): [4132, 1560, 706, 493, 223, 81, 34, 17, 7, 2, 2]
(1, (0, 1, 0), (3, 1)): [4753, 1800, 826, 507, 249, 78, 38, 17, 7, 2, 2, 0, 0, 1]
(1, (0, 1, 0), (3, 2)): [6081, 2162, 969, 512, 236, 67, 30, 11, 4, 5, 1, 0, 0, 1]
(1, (0, 1, 1), (0, 0)): [31873, 26560, 23577, 9447, 4830, 1892, 751, 296, 133, 45, 12, 7, 2, 2, 0, 1]
(1, (0, 1, 1), (0, 1)): [2543, 1957, 1638, 658, 292, 109, 60, 23, 3, 1]
(1, (0, 1, 1), (0, 2)): [1194, 646, 572, 231, 112, 29, 22, 8, 1, 1]
(1, (0, 1, 1), (1, 0)): [3417, 3088, 2378, 1034, 660, 238, 96, 38, 14, 6]
(1, (0, 1, 1), (1, 1)): [2211, 1790, 1479, 612, 287, 105, 42, 21, 3, 2]
(1, (0, 1, 1), (1, 2)): [1779, 1034, 905, 357, 174, 60, 29, 12, 1, 1]
(1, (0, 1, 1), (2, 0)): [1978, 1675, 1264, 591, 456, 171, 74, 26, 12, 4]
(1, (0, 1, 1), (2, 1)): [1209, 1020, 840, 382, 195, 75, 29, 10, 2, 3]
(1, (0, 1, 1), (2, 2)): [1461, 878, 759, 325, 167, 51, 18, 7, 1, 1]
(1, (0, 1, 1), (3, 0)): [1444, 1176, 809, 417, 373, 137, 61, 22, 10, 3]
(1, (0, 1, 1), (3, 1)): [507, 469, 379, 168, 105, 55, 22, 7, 2, 2]
(1, (0, 1, 1), (3, 2)): [822, 570, 428, 201, 119, 46, 15, 8, 1, 2]
(1, (1, 0, 0), (0, 0)): [557741, 99819, 63911, 27142, 11037, 4335, 1719, 614, 250, 104, 37, 28, 5, 3, 0, 2]
(1, (1, 0, 0), (0, 1)): [49501, 8072, 5230, 2250, 884, 336, 153, 51, 11, 7, 3, 2]
(1, (1, 0, 0), (0, 2)): [18142, 2540, 1641, 662, 250, 110, 56, 14, 4, 3]
(1, (1, 0, 0), (1, 0)): [48969, 9545, 6552, 2893, 1200, 464, 190, 68, 20, 11, 1, 2, 1, 0, 0, 1]
(1, (1, 0, 0), (1, 1)): [40800, 7098, 4782, 2084, 821, 317, 123, 46, 10, 6, 4, 4, 0, 0, 0, 1]
(1, (1, 0, 0), (1, 2)): [25800, 3908, 2602, 1063, 408, 164, 69, 23, 5, 4, 2, 1]
(1, (1, 0, 0), (2, 0)): [15958, 3372, 2400, 1189, 510, 196, 84, 25, 12, 5, 0, 0, 1]
(1, (1, 0, 0), (2, 1)): [20665, 3930, 2697, 1311, 505, 207, 90, 26, 10, 2, 2, 2, 0, 0, 0, 1]
(1, (1, 0, 0), (2, 2)): [19523, 3220, 2168, 977, 392, 154, 68, 18, 5, 3, 2]
(1, (1, 0, 0), (3, 0)): [4477, 1146, 739, 468, 222, 88, 29, 8, 4, 4, 0, 0, 1]
(1, (1, 0, 0), (3, 1)): [7881, 1844, 1182, 681, 292, 106, 46, 11, 5, 4, 2, 1, 0, 0, 0, 1]
(1, (1, 0, 0), (3, 2)): [9722, 2036, 1280, 684, 287, 115, 50, 9, 8, 3, 4, 1, 0, 0, 0, 1]
(1, (1, 0, 1), (0, 0)): [45181, 52490, 16944, 11314, 4862, 1980, 778, 302, 104, 62, 18, 7, 0, 1]
(1, (1, 0, 1), (0, 1)): [4493, 4125, 1312, 869, 378, 163, 56, 20, 8, 6]
(1, (1, 0, 1), (0, 2)): [1952, 1303, 445, 265, 122, 57, 24, 11, 3, 3]
(1, (1, 0, 1), (1, 0)): [3992, 4681, 1590, 1123, 515, 191, 77, 29, 11, 8, 0, 1]
(1, (1, 0, 1), (1, 1)): [3521, 3407, 1119, 816, 309, 128, 45, 13, 5, 4, 0, 1]
(1, (1, 0, 1), (1, 2)): [2590, 1901, 673, 425, 168, 82, 21, 17, 3, 3]
(1, (1, 0, 1), (2, 0)): [1379, 1571, 566, 413, 226, 84, 32, 11, 5, 3]
(1, (1, 0, 1), (2, 1)): [1727, 1719, 580, 451, 195, 70, 31, 8, 6, 2, 0, 1]
(1, (1, 0, 1), (2, 2)): [1850, 1442, 547, 359, 163, 55, 24, 10, 5, 2]
(1, (1, 0, 1), (3, 0)): [450, 544, 209, 142, 103, 40, 12, 2, 1, 2]
(1, (1, 0, 1), (3, 1)): [622, 706, 275, 195, 101, 46, 11, 5, 1, 1, 0, 1]
(1, (1, 0, 1), (3, 2)): [895, 822, 341, 222, 121, 48, 18, 8, 4, 2, 0, 1]
(1, (1, 1, 0), (0, 0)): [154269, 47359, 31646, 22615, 9526, 3910, 1534, 615, 245, 95, 35, 20, 9, 5, 1]
(1, (1, 1, 0), (0, 1)): [15239, 4112, 2523, 1913, 825, 323, 117, 48, 18, 6, 4, 3]
(1, (1, 1, 0), (0, 2)): [6146, 1448, 829, 630, 271, 106, 33, 12, 5, 1, 2]
(1, (1, 1, 0), (1, 0)): [13398, 4487, 3067, 2313, 1015, 416, 181, 61, 19, 11, 4, 1, 2, 1]
(1, (1, 1, 0), (1, 1)): [11907, 3497, 2349, 1743, 754, 296, 110, 50, 8, 10, 4, 2]
(1, (1, 1, 0), (1, 2)): [8434, 2078, 1308, 1000, 423, 129, 50, 28, 1, 2, 5, 2]
(1, (1, 1, 0), (2, 0)): [4318, 1612, 1055, 845, 419, 183, 85, 27, 11, 4, 2, 1, 2, 1]
(1, (1, 1, 0), (2, 1)): [5944, 1974, 1318, 1003, 458, 215, 88, 22, 13, 3, 3, 0, 1]
(1, (1, 1, 0), (2, 2)): [6365, 1731, 1075, 821, 392, 144, 55, 20, 5, 2, 3, 1]
(1, (1, 1, 0), (3, 0)): [1094, 590, 377, 245, 165, 72, 32, 14, 4, 1, 0, 1, 1]
(1, (1, 1, 0), (3, 1)): [2196, 928, 655, 471, 257, 110, 47, 15, 8, 4, 2, 1, 1]
(1, (1, 1, 0), (3, 2)): [3051, 1090, 719, 522, 296, 103, 45, 18, 5, 4, 1, 1, 1]
(1, (1, 1, 1), (0, 0)): [31306, 25100, 15997, 10403, 7701, 3274, 1332, 500, 212, 75, 25, 18, 9, 4, 1, 1]
(1, (1, 1, 1), (0, 1)): [3209, 2235, 1429, 877, 660, 274, 108, 45, 21, 2, 2, 1, 0, 1]
(1, (1, 1, 1), (0, 2)): [1497, 771, 513, 325, 213, 79, 37, 12, 4, 2, 2, 0, 0, 1]
(1, (1, 1, 1), (1, 0)): [2543, 2298, 1441, 897, 752, 333, 156, 49, 21, 10, 2, 3, 2]
(1, (1, 1, 1), (1, 1)): [2421, 1881, 1200, 725, 574, 250, 103, 45, 20, 3, 1, 2]
(1, (1, 1, 1), (1, 2)): [1883, 1064, 736, 451, 331, 143, 55, 24, 8, 2, 1, 2, 0, 1]
(1, (1, 1, 1), (2, 0)): [660, 739, 502, 308, 280, 135, 63, 21, 4, 4, 1, 1, 1]
(1, (1, 1, 1), (2, 1)): [1052, 993, 615, 366, 295, 156, 68, 21, 10, 2, 1, 1]
(1, (1, 1, 1), (2, 2)): [1256, 851, 591, 370, 284, 122, 58, 17, 7, 3, 1, 2, 0, 1]
(1, (1, 1, 1), (3, 0)): [120, 239, 163, 120, 83, 50, 21, 8, 2, 2, 0, 0, 1]
(1, (1, 1, 1), (3, 1)): [272, 428, 281, 168, 137, 82, 25, 13, 5, 2, 0, 0, 1]
(1, (1, 1, 1), (3, 2)): [511, 498, 340, 211, 170, 81, 35, 17, 3, 1, 1, 1, 0, 1]
(2, (0, 0, 0), (0, 0)): [1285212, 59003, 19684, 6247, 2096, 669, 225, 78, 12, 7, 5, 0, 1]
(2, (0, 0, 0), (0, 1)): [125603, 5216, 1731, 522, 200, 55, 20, 9, 1]
(2, (0, 0, 0), (0, 2)): [46957, 1372, 457, 151, 64, 11, 2, 5]
(2, (0, 0, 0), (1, 0)): [123933, 7018, 2431, 758, 285, 74, 25, 8, 1, 0, 0, 0, 1]
(2, (0, 0, 0), (1, 1)): [113626, 5380, 1856, 523, 199, 63, 22, 3, 1]
(2, (0, 0, 0), (1, 2)): [73971, 2467, 876, 277, 105, 29, 11, 4]
(2, (0, 0, 0), (2, 0)): [43998, 2789, 1151, 352, 134, 31, 12, 6, 0, 0, 0, 0, 1]
(2, (0, 0, 0), (2, 1)): [63613, 3510, 1348, 374, 132, 35, 12, 5]
(2, (0, 0, 0), (2, 2)): [63179, 2640, 984, 295, 110, 32, 8, 4]
(2, (0, 0, 0), (3, 0)): [14071, 976, 522, 160, 62, 17, 6, 3, 0, 0, 0, 0, 1]
(2, (0, 0, 0), (3, 1)): [27090, 1778, 835, 257, 84, 22, 7, 4]
(2, (0, 0, 0), (3, 2)): [37097, 2018, 917, 270, 93, 25, 6, 3]
(2, (0, 0, 1), (0, 0)): [122149, 37114, 7510, 2549, 888, 304, 91, 31, 7, 2, 0, 1]
(2, (0, 0, 1), (0, 1)): [11443, 2832, 618, 199, 64, 24, 11, 4, 1]
(2, (0, 0, 1), (0, 2)): [4498, 850, 182, 55, 16, 5, 4]
(2, (0, 0, 1), (1, 0)): [13465, 3803, 944, 351, 121, 47, 12, 5, 1]
(2, (0, 0, 1), (1, 1)): [10938, 2778, 612, 230, 75, 30, 7, 4, 1]
(2, (0, 0, 1), (1, 2)): [7370, 1402, 299, 94, 37, 14, 6, 1]
(2, (0, 0, 1), (2, 0)): [5863, 1592, 467, 194, 66, 26, 7, 3, 1]
(2, (0, 0, 1), (2, 1)): [6645, 1797, 471, 187, 65, 22, 4, 4]
(2, (0, 0, 1), (2, 2)): [6771, 1393, 365, 121, 44, 19, 3, 1]
(2, (0, 0, 1), (3, 0)): [2768, 661, 230, 121, 28, 16, 6, 1, 1]
(2, (0, 0, 1), (3, 1)): [3196, 869, 255, 123, 40, 15, 5, 3]
(2, (0, 0, 1), (3, 2)): [4352, 983, 288, 126, 38, 15, 5, 1]
(2, (0, 1, 0), (0, 0)): [321464, 67767, 18442, 6462, 2133, 705, 219, 69, 16, 10, 6, 0, 1]
(2, (0, 1, 0), (0, 1)): [29155, 5151, 1387, 422, 162, 45, 17, 6, 2, 1, 1]
(2, (0, 1, 0), (0, 2)): [11329, 1513, 403, 111, 45, 9, 6, 1, 0, 1]
(2, (0, 1, 0), (1, 0)): [35108, 6952, 2367, 976, 303, 98, 34, 12, 0, 1, 0, 0, 1]
(2, (0, 1, 0), (1, 1)): [27622, 5066, 1517, 501, 179, 51, 25, 8, 2, 0, 1]
(2, (0, 1, 0), (1, 2)): [18238, 2604, 674, 241, 78, 19, 11, 4, 0, 1]
(2, (0, 1, 0), (2, 0)): [16112, 2996, 1170, 609, 195, 61, 15, 7, 0, 1, 0, 0, 1]
(2, (0, 1, 0), (2, 1)): [16708, 3191, 1082, 391, 142, 41, 16, 4, 2, 0, 1, 0, 1]
(2, (0, 1, 0), (2, 2)): [16496, 2554, 720, 284, 98, 22, 16, 6, 0, 1]
(2, (0, 1, 0), (3, 0)): [8271, 1302, 604, 429, 123, 37, 12, 7, 0, 1]
(2, (0, 1, 0), (3, 1)): [7780, 1478, 619, 298, 104, 35, 10, 3, 2, 0, 1, 0, 1]
(2, (0, 1, 0), (3, 2)): [10482, 1662, 626, 312, 96, 29, 19, 4, 0, 0, 0, 0, 1]
(2, (0, 1, 1), (0, 0)): [74054, 6365, 15984, 4404, 1739, 560, 188, 59, 21, 5, 4, 1, 0, 1]
(2, (0, 1, 1), (0, 1)): [6859, 448, 1165, 305, 106, 42, 8, 6]
(2, (0, 1, 1), (0, 2)): [2878, 160, 364, 99, 41, 10, 4, 1]
(2, (0, 1, 1), (1, 0)): [8358, 811, 1651, 583, 266, 83, 31, 7, 3, 0, 2]
(2, (0, 1, 1), (1, 1)): [6274, 435, 1115, 329, 109, 48, 11, 6, 2]
(2, (0, 1, 1), (1, 2)): [4614, 250, 618, 181, 63, 20, 5, 3]
(2, (0, 1, 1), (2, 0)): [4130, 457, 784, 320, 182, 55, 19, 5, 1, 0, 2]
(2, (0, 1, 1), (2, 1)): [3699, 292, 711, 220, 90, 36, 9, 3, 2, 0, 1]
(2, (0, 1, 1), (2, 2)): [4089, 268, 570, 182, 60, 31, 7, 3, 1]
(2, (0, 1, 1), (3, 0)): [2464, 323, 405, 191, 133, 41, 15, 4, 0, 0, 1]
(2, (0, 1, 1), (3, 1)): [1821, 149, 340, 119, 61, 22, 7, 3, 1, 0, 1]
(2, (0, 1, 1), (3, 2)): [2608, 208, 413, 142, 58, 35, 7, 5, 2]
(2, (1, 0, 0), (0, 0)): [676155, 49189, 32038, 10149, 3310, 1058, 408, 117, 22, 13, 7, 1, 1]
(2, (1, 0, 0), (0, 1)): [59719, 3651, 2462, 812, 269, 94, 39, 13, 3, 0, 0, 1]
(2, (1, 0, 0), (0, 2)): [21831, 969, 606, 217, 77, 22, 13, 1]
(2, (1, 0, 0), (1, 0)): [60676, 5084, 3576, 1201, 398, 113, 49, 13, 1, 1, 0, 0, 1]
(2, (1, 0, 0), (1, 1)): [50874, 3403, 2346, 805, 251, 81, 33, 11, 2]
(2, (1, 0, 0), (1, 2)): [31984, 1561, 1037, 384, 113, 35, 13, 2, 1]
(2, (1, 0, 0), (2, 0)): [20585, 2026, 1345, 557, 181, 53, 24, 9, 1, 1, 0, 0, 1]
(2, (1, 0, 0), (2, 1)): [26708, 2110, 1419, 525, 173, 52, 24, 8, 0, 0, 0, 0, 1]
(2, (1, 0, 0), (2, 2)): [25082, 1530, 981, 355, 131, 38, 15, 4, 1]
(2, (1, 0, 0), (3, 0)): [6144, 765, 458, 274, 84, 23, 10, 3, 0, 1]
(2, (1, 0, 0), (3, 1)): [10799, 1116, 696, 363, 93, 32, 14, 2, 0, 1, 0, 0, 1]
(2, (1, 0, 0), (3, 2)): [13201, 1173, 696, 325, 103, 41, 13, 4, 0, 1, 0, 0, 1]
(2, (1, 0, 1), (0, 0)): [117547, 28255, 11209, 6774, 2213, 736, 242, 80, 27, 8, 2, 3, 1]
(2, (1, 0, 1), (0, 1)): [11613, 2307, 858, 551, 176, 60, 15, 6, 4, 1, 1, 1]
(2, (1, 0, 1), (0, 2)): [4648, 667, 255, 149, 49, 14, 2, 2, 1]
(2, (1, 0, 1), (1, 0)): [11604, 2617, 1220, 826, 297, 91, 33, 8]
(2, (1, 0, 1), (1, 1)): [9779, 2030, 826, 544, 204, 67, 25, 5, 3, 1, 1, 1]
(2, (1, 0, 1), (1, 2)): [6557, 1047, 419, 253, 92, 30, 11, 3, 3, 0, 0, 1]
(2, (1, 0, 1), (2, 0)): [4205, 917, 504, 324, 123, 37, 12, 6]
(2, (1, 0, 1), (2, 1)): [5383, 1095, 520, 318, 137, 43, 12, 4, 0, 1]
(2, (1, 0, 1), (2, 2)): [5130, 839, 396, 222, 83, 35, 9, 3, 3, 0, 0, 1]
(2, (1, 0, 1), (3, 0)): [1423, 286, 210, 123, 51, 17, 7, 2]
(2, (1, 0, 1), (3, 1)): [2294, 440, 259, 163, 92, 21, 9, 2, 0, 1]
(2, (1, 0, 1), (3, 2)): [2831, 454, 302, 163, 78, 31, 6, 2, 3]
(2, (1, 1, 0), (0, 0)): [263148, 40043, 20208, 13804, 4449, 1435, 488, 159, 50, 24, 8, 2, 2, 1]
(2, (1, 1, 0), (0, 1)): [25214, 3274, 1535, 1118, 338, 93, 36, 20, 2, 2, 0, 1, 1]
(2, (1, 1, 0), (0, 2)): [10228, 957, 453, 313, 95, 25, 9, 8, 2]
(2, (1, 1, 0), (1, 0)): [24095, 3742, 2096, 1533, 560, 161, 71, 12, 3, 2, 1]
(2, (1, 1, 0), (1, 1)): [21435, 2915, 1492, 1102, 320, 101, 40, 13, 2, 3, 0, 1, 1]
(2, (1, 1, 0), (1, 2)): [15003, 1497, 767, 527, 159, 51, 15, 11, 2]
(2, (1, 1, 0), (2, 0)): [8248, 1349, 845, 589, 295, 84, 36, 5, 0, 1]
(2, (1, 1, 0), (2, 1)): [11327, 1590, 976, 666, 240, 60, 33, 7, 1, 2, 0, 0, 1]
(2, (1, 1, 0), (2, 2)): [11799, 1286, 726, 526, 181, 47, 26, 10, 3, 1]
(2, (1, 1, 0), (3, 0)): [2664, 442, 339, 201, 155, 51, 17, 1]
(2, (1, 1, 0), (3, 1)): [4755, 698, 554, 314, 176, 47, 25, 2, 0, 0, 0, 0, 1]
(2, (1, 1, 0), (3, 2)): [6573, 756, 585, 372, 192, 42, 22, 5, 2]
(2, (1, 1, 1), (0, 0)): [76751, 11216, 12859, 6390, 4688, 1475, 503, 165, 53, 11, 9, 3, 1, 1]
(2, (1, 1, 1), (0, 1)): [8212, 889, 1085, 568, 403, 103, 44, 10, 3, 0, 2, 0, 1]
(2, (1, 1, 1), (0, 2)): [3572, 284, 318, 157, 103, 31, 12, 4, 1, 0, 1]
(2, (1, 1, 1), (1, 0)): [6526, 1491, 1252, 693, 535, 189, 61, 16, 6, 1, 1, 2]
(2, (1, 1, 1), (1, 1)): [6512, 933, 1002, 554, 401, 124, 45, 10, 3, 0, 1, 0, 1]
(2, (1, 1, 1), (1, 2)): [4942, 482, 519, 262, 190, 65, 18, 7, 1, 0, 1]
(2, (1, 1, 1), (2, 0)): [1834, 874, 430, 285, 225, 81, 23, 6, 3, 1, 0, 2]
(2, (1, 1, 1), (2, 1)): [2994, 793, 573, 337, 256, 87, 33, 3, 1, 0, 0, 0, 1]
(2, (1, 1, 1), (2, 2)): [3495, 568, 453, 269, 189, 67, 24, 6, 1, 0, 1]
(2, (1, 1, 1), (3, 0)): [309, 537, 125, 136, 73, 43, 12, 4, 2, 1, 0, 1]
(2, (1, 1, 1), (3, 1)): [863, 658, 232, 205, 140, 51, 19, 3, 0, 1, 0, 1]
(2, (1, 1, 1), (3, 2)): [1478, 649, 284, 246, 162, 54, 27, 4, 1, 0, 1]
