(0, (0, 0, 0), (0, 0)): [95158, 17796, 7770, 3445, 1543, 582, 229, 97, 30, 11, 14]
(0, (0, 0, 0), (0, 1)): [288, 53, 14, 8, 2, 1, 1, 1]
(0, (0, 0, 0), (0, 2)): [121, 28, 3, 3, 0, 1, 1, 1]
(0, (0, 0, 0), (1, 0)): [237, 43, 14, 2, 1, 2, 2]
(0, (0, 0, 0), (1, 1)): [220, 32, 15, 6, 1]
(0, (0, 0, 0), (1, 2)): [166, 26, 6, 3, 0, 1, 0, 1]
(0, (0, 0, 0), (2, 0)): [70, 20, 4, 0, 1, 2, 1]
(0, (0, 0, 0), (2, 1)): [104, 27, 6, 3, 0, 1]
(0, (0, 0, 0), (2, 2)): [125, 25, 2, 2, 0, 2]
(0, (0, 0, 0), (3, 0)): [22, 8, 3, 0, 1, 1, 1]
(0, (0, 0, 0), (3, 1)): [31, 9, 6, 0, 0, 0, 1]
(0, (0, 0, 0), (3, 2)): [56, 18, 7, 1, 0, 2, 1]
(0, (0, 0, 1), (0, 0)): [635, 1728, 473, 204, 95, 33, 19, 6, 1, 1, 2]
(0, (0, 0, 1), (0, 1)): [1, 0, 1, 1]
(0, (0, 0, 1), (0, 2)): [0, 0, 1]
(0, (0, 1, 0), (0, 0)): [3219, 3102, 1115, 497, 246, 79, 34, 7, 4, 2, 3]
(0, (0, 1, 0), (0, 1)): [10, 7, 1, 1]
(0, (0, 1, 0), (1, 0)): [12, 6, 1, 1]
(0, (0, 1, 0), (1, 1)): [9, 5, 1]
(0, (0, 1, 0), (2, 0)): [2, 4, 0, 1]
(0, (0, 1, 0), (3, 0)): [2, 2]
(0, (0, 1, 1), (0, 0)): [292, 452, 590, 277, 120, 54, 22, 8, 5, 3, 1]
(0, (0, 1, 1), (1, 0)): [1, 1, 0, 1, 0, 0, 1]
(0, (0, 1, 1), (2, 0)): [0, 1, 0, 1]
(0, (0, 1, 1), (3, 0)): [0, 0, 0, 1]
(0, (0, 1, 1), (3, 1)): [0, 1, 0, 1]
(0, (0, 1, 1), (3, 2)): [0, 1, 0, 1]
(0, (1, 0, 0), (0, 0)): [21654, 7568, 4149, 2025, 910, 378, 141, 63, 21, 9, 9]
(0, (1, 0, 0), (0, 1)): [51, 10, 4, 2, 0, 1, 1]
(0, (1, 0, 0), (0, 2)): [19, 5, 0, 1, 0, 1, 1]
(0, (1, 0, 0), (1, 0)): [33, 17, 7, 2, 1, 1]
(0, (1, 0, 0), (1, 1)): [24, 10, 7, 1, 1, 1]
(0, (1, 0, 0), (1, 2)): [17, 3, 3, 0, 1, 2]
(0, (1, 0, 0), (2, 0)): [9, 6, 1, 1]
(0, (1, 0, 0), (2, 1)): [8, 10, 3, 2]
(0, (1, 0, 0), (2, 2)): [10, 3, 2, 1, 1, 1]
(0, (1, 0, 0), (3, 0)): [4, 1]
(0, (1, 0, 0), (3, 1)): [2, 3]
(0, (1, 0, 0), (3, 2)): [1, 2, 1]
(0, (1, 0, 1), (0, 0)): [516, 1185, 612, 336, 198, 74, 38, 18, 8, 2, 3]
(0, (1, 0, 1), (0, 1)): [2, 0, 0, 2, 0, 0, 1]
(0, (1, 0, 1), (0, 2)): [1, 0, 0, 1, 0, 0, 1]
(0, (1, 0, 1), (1, 0)): [3, 5, 1, 0, 1]
(0, (1, 1, 0), (0, 0)): [2781, 1805, 1463, 917, 490, 209, 79, 35, 8, 10, 5]
(0, (1, 1, 0), (0, 1)): [7, 3, 1, 1]
(0, (1, 1, 0), (1, 0)): [3, 2, 0, 1, 0, 1, 1]
(0, (1, 1, 1), (0, 0)): [344, 521, 441, 386, 285, 135, 59, 28, 13, 10, 3]
(1, (0, 0, 0), (0, 0)): [74970, 7186, 2780, 1028, 417, 153, 48, 28, 5, 1, 2]
(1, (0, 0, 0), (0, 1)): [247, 24, 6, 3, 1]
(1, (0, 0, 0), (0, 2)): [95, 8, 2, 2]
(1, (0, 0, 0), (1, 0)): [178, 19, 9, 2, 0, 1, 0, 1]
(1, (0, 0, 0), (1, 1)): [180, 16, 4, 1, 0, 1]
(1, (0, 0, 0), (1, 2)): [119, 12, 2, 2, 0, 1]
(1, (0, 0, 0), (2, 0)): [54, 8, 6, 2]
(1, (0, 0, 0), (2, 1)): [78, 8, 6, 2]
(1, (0, 0, 0), (2, 2)): [88, 5, 2, 2, 0, 1]
(1, (0, 0, 0), (3, 0)): [19, 3, 2]
(1, (0, 0, 0), (3, 1)): [25, 6, 4]
(1, (0, 0, 0), (3, 2)): [46, 5, 5, 1, 0, 1]
(1, (0, 0, 1), (0, 0)): [3129, 4551, 844, 336, 145, 48, 24, 10, 3, 1]
(1, (0, 0, 1), (1, 0)): [9, 13, 1, 1, 1]
(1, (0, 0, 1), (1, 1)): [8, 10, 0, 1, 1]
(1, (0, 0, 1), (1, 2)): [4, 5, 0, 1]
(1, (0, 1, 0), (0, 0)): [12397, 5778, 1841, 759, 285, 111, 36, 16, 5]
(1, (0, 1, 0), (0, 1)): [32, 13, 3, 1, 0, 1]
(1, (0, 1, 0), (1, 0)): [34, 17, 1, 2, 1, 1]
(1, (0, 1, 0), (1, 1)): [32, 13, 0, 2, 1, 1]
(1, (0, 1, 0), (1, 2)): [24, 6, 0, 0, 1]
(1, (0, 1, 0), (2, 0)): [14, 4, 1]
(1, (0, 1, 0), (2, 1)): [9, 5, 0, 2, 0, 1]
(1, (0, 1, 0), (2, 2)): [14, 6, 0, 2, 1, 1]
(1, (0, 1, 0), (3, 0)): [8, 3, 1]
(1, (0, 1, 0), (3, 1)): [4, 2, 1]
(1, (0, 1, 0), (3, 2)): [7, 0, 0, 0, 0, 1]
(1, (0, 1, 1), (0, 0)): [2050, 1665, 1734, 647, 249, 104, 33, 9, 4, 3, 1]
(1, (0, 1, 1), (0, 1)): [7, 1, 7, 0, 0, 0, 0, 1]
(1, (0, 1, 1), (0, 2)): [4, 0, 3]
(1, (0, 1, 1), (1, 0)): [6, 2, 2, 2]
(1, (0, 1, 1), (1, 1)): [4, 0, 6, 1]
(1, (0, 1, 1), (1, 2)): [3, 0, 4, 1]
(1, (0, 1, 1), (2, 0)): [3, 2]
(1, (0, 1, 1), (2, 1)): [0, 1, 3]
(1, (0, 1, 1), (2, 2)): [2, 1, 1, 1]
(1, (0, 1, 1), (3, 0)): [3, 1]
(1, (0, 1, 1), (3, 2)): [1, 1, 1]
(1, (1, 0, 0), (0, 0)): [29772, 5678, 2900, 1200, 469, 193, 56, 28, 7, 2, 2]
(1, (1, 0, 0), (0, 1)): [80, 10, 5, 4, 1, 1, 1]
(1, (1, 0, 0), (0, 2)): [31, 6, 1, 2]
(1, (1, 0, 0), (1, 0)): [57, 16, 9, 3, 0, 2]
(1, (1, 0, 0), (1, 1)): [50, 7, 3, 3, 0, 1]
(1, (1, 0, 0), (1, 2)): [42, 5, 2, 2]
(1, (1, 0, 0), (2, 0)): [13, 5, 4]
(1, (1, 0, 0), (2, 1)): [13, 4, 2, 1, 0, 1]
(1, (1, 0, 0), (2, 2)): [21, 5, 2, 3, 0, 1]
(1, (1, 0, 0), (3, 0)): [3, 3, 2]
(1, (1, 0, 0), (3, 2)): [8, 6, 1, 1, 0, 1]
(1, (1, 0, 1), (0, 0)): [2112, 2615, 1002, 563, 238, 73, 22, 13, 4, 1, 1]
(1, (1, 0, 1), (0, 1)): [7, 5, 0, 2, 1]
(1, (1, 0, 1), (0, 2)): [5, 1, 0, 1]
(1, (1, 0, 1), (1, 0)): [7, 6, 0, 0, 1, 1]
(1, (1, 0, 1), (1, 1)): [1, 6, 0, 1, 1]
(1, (1, 0, 1), (1, 2)): [2, 4, 0, 0, 1]
(1, (1, 0, 1), (2, 0)): [5, 2, 0, 0, 1]
(1, (1, 0, 1), (2, 1)): [2, 0, 0, 1]
(1, (1, 0, 1), (2, 2)): [1, 2]
(1, (1, 0, 1), (3, 2)): [0, 2]
(1, (1, 1, 0), (0, 0)): [7255, 2218, 1578, 972, 407, 152, 52, 19, 6, 1]
(1, (1, 1, 0), (0, 1)): [14, 3, 6, 3, 1]
(1, (1, 1, 0), (0, 2)): [4, 2, 1, 2]
(1, (1, 1, 0), (1, 0)): [14, 6, 1, 2]
(1, (1, 1, 0), (1, 1)): [20, 4, 3, 1]
(1, (1, 1, 0), (1, 2)): [13, 0, 2, 1]
(1, (1, 1, 0), (2, 1)): [7, 4, 2, 1]
(1, (1, 1, 0), (2, 2)): [9, 1, 1, 1]
(1, (1, 1, 0), (3, 2)): [3, 2, 1, 1]
(1, (1, 1, 1), (0, 0)): [1455, 1148, 746, 565, 348, 150, 59, 25, 5, 2]
(1, (1, 1, 1), (0, 1)): [2, 0, 1, 0, 0, 1]
(1, (1, 1, 1), (0, 2)): [0, 0, 1, 0, 0, 1]
(1, (1, 1, 1), (1, 0)): [4, 4, 2, 1, 2]
(1, (1, 1, 1), (1, 1)): [5, 4, 1, 1, 1]
(1, (1, 1, 1), (1, 2)): [3, 1, 0, 1, 1, 1]
(2, (0, 0, 0), (0, 0)): [65402, 2340, 714, 212, 77, 17, 5, 3, 1, 0, 1]
(2, (0, 0, 0), (0, 1)): [195, 4, 2]
(2, (0, 0, 0), (0, 2)): [77, 1, 1]
(2, (0, 0, 0), (1, 0)): [179, 10, 4, 0, 1]
(2, (0, 0, 0), (1, 1)): [161, 8, 1]
(2, (0, 0, 0), (1, 2)): [95, 2, 2]
(2, (0, 0, 0), (2, 0)): [61, 1, 3]
(2, (0, 0, 0), (2, 1)): [91, 7]
(2, (0, 0, 0), (2, 2)): [79, 4, 2]
(2, (0, 0, 0), (3, 0)): [18, 1, 3]
(2, (0, 0, 0), (3, 1)): [37, 3, 1]
(2, (0, 0, 0), (3, 2)): [55, 3, 1]
(2, (0, 0, 1), (0, 0)): [8359, 2989, 431, 138, 41, 8, 4, 2]
(2, (0, 0, 1), (0, 1)): [22, 8, 1]
(2, (0, 0, 1), (0, 2)): [12, 6, 1]
(2, (0, 0, 1), (1, 0)): [19, 9]
(2, (0, 0, 1), (1, 1)): [14, 1]
(2, (0, 0, 1), (1, 2)): [14, 5, 1]
(2, (0, 0, 1), (2, 0)): [7, 2]
(2, (0, 0, 1), (2, 2)): [8, 2, 1]
(2, (0, 1, 0), (0, 0)): [20490, 4495, 1021, 303, 79, 28, 11, 7]
(2, (0, 1, 0), (0, 1)): [53, 6, 2, 1, 1]
(2, (0, 1, 0), (0, 2)): [24, 1]
(2, (0, 1, 0), (1, 0)): [60, 13, 5, 0, 0, 1]
(2, (0, 1, 0), (1, 1)): [41, 7, 2, 0, 1]
(2, (0, 1, 0), (1, 2)): [29, 2, 0, 0, 1]
(2, (0, 1, 0), (2, 0)): [31, 6, 3, 0, 0, 1]
(2, (0, 1, 0), (2, 1)): [28, 7, 2, 0, 0, 1]
(2, (0, 1, 0), (2, 2)): [23]
(2, (0, 1, 0), (3, 0)): [15, 3, 1]
(2, (0, 1, 0), (3, 1)): [17, 5, 1, 0, 0, 1]
(2, (0, 1, 0), (3, 2)): [15, 3, 1, 0, 0, 1]
(2, (0, 1, 1), (0, 0)): [5019, 513, 1126, 256, 95, 25, 7, 1]
(2, (0, 1, 1), (1, 0)): [12, 1, 10, 1]
(2, (1, 0, 0), (0, 0)): [36071, 2675, 1193, 378, 117, 36, 12, 5, 1, 0, 1]
(2, (1, 0, 0), (0, 1)): [96, 1, 3]
(2, (1, 0, 0), (0, 2)): [24]
(2, (1, 0, 0), (1, 0)): [84, 3, 4, 1, 1]
(2, (1, 0, 0), (1, 1)): [60, 1, 2, 0, 1]
(2, (1, 0, 0), (1, 2)): [27]
(2, (1, 0, 0), (2, 0)): [32, 2, 2, 1]
(2, (1, 0, 0), (2, 1)): [22, 2, 0, 0, 1]
(2, (1, 0, 0), (2, 2)): [13]
(2, (1, 0, 0), (3, 0)): [11, 1, 1, 1]
(2, (1, 0, 0), (3, 1)): [11, 1]
(2, (1, 0, 1), (0, 0)): [5367, 1509, 691, 251, 91, 20, 6, 2]
(2, (1, 1, 0), (0, 0)): [10879, 1505, 906, 488, 118, 41, 11, 5, 2, 1, 1]
(2, (1, 1, 0), (0, 1)): [27, 3, 2, 0, 1]
(2, (1, 1, 0), (0, 2)): [11, 1]
(2, (1, 1, 0), (1, 0)): [19, 1, 1, 1]
(2, (1, 1, 0), (1, 1)): [13, 1, 1]
(2, (1, 1, 0), (1, 2)): [8, 1]
(2, (1, 1, 0), (2, 0)): [6]
(2, (1, 1, 0), (2, 1)): [5, 1]
(2, (1, 1, 0), (2, 2)): [5, 1]
(2, (1, 1, 0), (3, 1)): [3]
(2, (1, 1, 0), (3, 2)): [3]
(2, (1, 1, 1), (0, 0)): [3369, 540, 523, 281, 176, 50, 21, 5, 2, 2, 1]
(2, (1, 1, 1), (0, 1)): [12, 1, 2, 0, 1]
(2, (1, 1, 1), (0, 2)): [8, 1]
(2, (1, 1, 1), (1, 0)): [3, 0, 1]
(2, (1, 1, 1), (1, 1)): [4, 0, 2]
(2, (1, 1, 1), (2, 0)): [1]
(2, (1, 1, 1), (2, 1)): [3, 0, 2]
(2, (1, 1, 1), (2, 2)): [3, 0, 1]
(2, (1, 1, 1), (3, 2)): [2, 0, 1]
