(0, (0, 0, 0)): [1642386, 328947, 150468, 68170, 30263, 12806, 5271, 2179, 874, 386, 166, 70, 32, 12, 4, 1, 0, 1]
(0, (0, 0, 1)): [6804, 20412, 5585, 2638, 1265, 525, 240, 108, 40, 23, 11, 3, 3, 2]
(0, (0, 1, 0)): [58577, 54779, 21265, 10215, 4854, 2090, 880, 370, 152, 85, 29, 7, 3, 3, 2]
(0, (0, 1, 1)): [4846, 8293, 9918, 4571, 2395, 1133, 480, 215, 109, 47, 11, 8, 2, 2, 1, 0, 0, 1]
(0, (1, 0, 0)): [350159, 117729, 73859, 36368, 17241, 7663, 3185, 1364, 566, 257, 116, 44, 22, 6, 3, 1, 0, 1]
(0, (1, 0, 1)): [8341, 25317, 10369, 7102, 3730, 1703, 807, 326, 161, 62, 34, 15, 5, 1, 2, 0, 0, 1]
(0, (1, 1, 0)): [48140, 30728, 23084, 16337, 8693, 4047, 1721, 812, 325, 156, 71, 24, 10, 3]
(0, (1, 1, 1)): [4657, 8840, 7251, 5437, 4324, 2147, 991, 482, 215, 95, 46, 15, 5, 2, 1]
(1, (0, 0, 0)): [1332804, 144744, 58988, 23244, 8969, 3375, 1307, 485, 178, 69, 28, 15, 7, 3, 0, 1]
(1, (0, 0, 1)): [37360, 53787, 10575, 4474, 1849, 761, 287, 114, 53, 20, 11, 5, 4, 1]
(1, (0, 1, 0)): [182380, 80993, 28986, 12417, 4946, 1956, 668, 309, 96, 42, 23, 9, 9, 2, 1]
(1, (0, 1, 1)): [28949, 23837, 21463, 8506, 4351, 1689, 668, 260, 121, 42, 12, 7, 2, 2, 0, 1]
(1, (1, 0, 0)): [505426, 90316, 57194, 24176, 9756, 3836, 1509, 540, 224, 94, 34, 22, 5, 3, 0, 2]
(1, (1, 0, 1)): [40731, 47551, 15354, 10156, 4352, 1757, 694, 270, 91, 59, 16, 6, 0, 1]
(1, (1, 1, 0)): [138513, 42728, 28538, 20160, 8419, 3455, 1347, 549, 219, 82, 27, 15, 9, 5, 1]
(1, (1, 1, 1)): [28131, 22574, 14350, 9382, 6841, 2879, 1166, 438, 187, 67, 20, 15, 8, 3, 1, 1]
(2, (0, 0, 0)): [1158071, 52112, 17382, 5512, 1828, 576, 199, 67, 12, 7, 5, 0, 1]
(2, (0, 0, 1)): [109462, 33663, 6666, 2226, 793, 267, 77, 26, 5, 2, 0, 1]
(2, (0, 1, 0)): [289116, 61332, 16386, 5717, 1855, 624, 188, 58, 15, 8, 6, 0, 1]
(2, (0, 1, 1)): [66116, 5743, 14431, 3869, 1526, 488, 165, 53, 19, 5, 3, 1, 0, 1]
(2, (1, 0, 0)): [612826, 44540, 28443, 9020, 2898, 924, 355, 103, 19, 13, 6, 0, 1]
(2, (1, 0, 1)): [105131, 25447, 10072, 5945, 1924, 642, 209, 71, 24, 8, 0, 3, 1]
(2, (1, 1, 0)): [237309, 36274, 18230, 12285, 3909, 1257, 427, 141, 46, 21, 8, 1, 2, 1]
(2, (1, 1, 1)): [68545, 9994, 11511, 5705, 4099, 1286, 436, 144, 48, 10, 7, 1, 1, 1]
