(0, (0, 0, 0)): [17062, 3098, 1268, 511, 227, 83, 23, 5, 3, 3]
(0, (0, 0, 1)): [106, 288, 82, 31, 8, 3, 2]
(0, (0, 1, 0)): [535, 492, 183, 64, 29, 10, 4]
(0, (0, 1, 1)): [55, 92, 86, 37, 21, 3, 2]
(0, (1, 0, 0)): [3826, 1328, 635, 279, 122, 54, 15, 4, 2, 3]
(0, (1, 0, 1)): [84, 200, 91, 55, 27, 8, 4, 1, 1]
(0, (1, 1, 0)): [487, 304, 204, 120, 65, 30, 8, 2, 1, 2]
(0, (1, 1, 1)): [58, 100, 74, 56, 42, 18, 7, 4, 3, 2]
(1, (0, 0, 0)): [13479, 1246, 468, 168, 72, 19, 2, 1, 1]
(1, (0, 0, 1)): [533, 737, 143, 48, 18, 6, 3, 0, 1]
(1, (0, 1, 0)): [2162, 1002, 303, 100, 37, 12, 7, 1, 1]
(1, (0, 1, 1)): [367, 296, 272, 101, 43, 14, 2]
(1, (1, 0, 0)): [5212, 970, 477, 182, 70, 29, 2, 1, 0, 1]
(1, (1, 0, 1)): [342, 476, 185, 95, 39, 9, 5, 0, 1]
(1, (1, 1, 0)): [1315, 392, 256, 133, 61, 23, 5, 1]
(1, (1, 1, 1)): [239, 202, 131, 87, 54, 20, 7, 2]
(2, (0, 0, 0)): [11618, 393, 102, 30, 13, 4, 0, 1, 1]
(2, (0, 0, 1)): [1431, 485, 51, 15, 4, 2]
(2, (0, 1, 0)): [3436, 732, 149, 42, 13, 7, 0, 1]
(2, (0, 1, 1)): [920, 80, 172, 37, 17, 1, 1]
(2, (1, 0, 0)): [6196, 422, 174, 53, 23, 6, 2, 1, 1]
(2, (1, 0, 1)): [924, 250, 120, 40, 19, 5]
(2, (1, 1, 0)): [1890, 267, 150, 73, 21, 4, 1, 2, 1]
(2, (1, 1, 1)): [596, 99, 87, 42, 30, 7, 1, 1]
