(0, (0, 0, 0), (0, 0)): [2109800, 431642, 198578, 90933, 40836, 17532, 7292, 2945, 1200, 515, 235, 111, 37, 21, 5, 1, 1, 1]
(0, (0, 0, 0), (0, 1)): [321374, 63376, 28869, 13611, 5997, 2653, 1086, 393, 165, 75, 40, 19, 5, 4, 1, 1]
(0, (0, 0, 0), (0, 2)): [122666, 21468, 9595, 4439, 1909, 840, 335, 116, 49, 26, 8, 4, 3, 0, 1]
(0, (0, 0, 0), (1, 0)): [274359, 62434, 29747, 13878, 6556, 2795, 1230, 490, 196, 65, 39, 17, 2, 5, 1, 0, 1]
(0, (0, 0, 0), (1, 1)): [269849, 55733, 25964, 12174, 5463, 2393, 1012, 378, 166, 57, 39, 17, 3, 6, 0, 1, 1]
(0, (0, 0, 0), (1, 2)): [185200, 33654, 15376, 7054, 3097, 1337, 568, 212, 95, 33, 14, 8, 5, 1, 1]
(0, (0, 0, 0), (2, 0)): [88005, 22195, 11320, 5347, 2648, 1107, 483, 218, 74, 27, 16, 8, 1, 2, 1]
(0, (0, 0, 0), (2, 1)): [138585, 31351, 15377, 7209, 3405, 1480, 593, 264, 99, 37, 23, 12, 1, 3, 0, 0, 1]
(0, (0, 0, 0), (2, 2)): [146681, 29027, 13722, 6409, 2879, 1217, 523, 204, 92, 30, 16, 5, 4, 2, 1, 0, 1]
(0, (0, 0, 0), (3, 0)): [25593, 7332, 4331, 2154, 1098, 457, 202, 91, 31, 11, 9, 3, 0, 2, 1]
(0, (0, 0, 0), (3, 1)): [52704, 14035, 7589, 3691, 1801, 793, 315, 162, 65, 21, 8, 10, 1, 3, 1]
(0, (0, 0, 0), (3, 2)): [77321, 17872, 9462, 4473, 2118, 913, 380, 171, 69, 27, 9, 10, 4, 2, 1, 0, 1]
(0, (0, 0, 1), (0, 0)): [7983, 24665, 6784, 3293, 1578, 686, 305, 125, 51, 29, 18, 3, 4, 3]
(0, (0, 0, 1), (0, 1)): [844, 2668, 736, 352, 175, 77, 34, 14, 7, 3, 3, 0, 0, 1]
(0, (0, 0, 1), (0, 2)): [379, 982, 249, 127, 54, 31, 11, 4, 4]
(0, (0, 0, 1), (1, 0)): [851, 2946, 853, 474, 226, 110, 42, 14, 7, 4, 6]
(0, (0, 0, 1), (1, 1)): [784, 2477, 690, 331, 182, 86, 33, 13, 4, 6, 3, 0, 0, 1]
(0, (0, 0, 1), (1, 2)): [606, 1587, 408, 198, 90, 54, 16, 7, 3, 3, 2]
(0, (0, 0, 1), (2, 0)): [308, 1087, 339, 218, 92, 44, 16, 8, 4, 1, 4]
(0, (0, 0, 1), (2, 1)): [419, 1399, 428, 242, 126, 54, 26, 10, 5, 3, 2]
(0, (0, 0, 1), (2, 2)): [552, 1415, 392, 191, 105, 50, 18, 5, 2, 2, 2]
(0, (0, 0, 1), (3, 0)): [98, 368, 117, 87, 36, 19, 8, 2, 1, 0, 2]
(0, (0, 0, 1), (3, 1)): [167, 619, 198, 149, 67, 27, 13, 4, 2, 2]
(0, (0, 0, 1), (3, 2)): [308, 872, 246, 163, 92, 36, 12, 2, 3, 1, 1]
(0, (0, 1, 0), (0, 0)): [77667, 73147, 28688, 14198, 6773, 2921, 1261, 513, 214, 113, 40, 17, 6, 6, 3, 0, 1]
(0, (0, 1, 0), (0, 1)): [11795, 10517, 4248, 1991, 958, 405, 197, 72, 31, 16, 4, 4, 1, 1, 1]
(0, (0, 1, 0), (0, 2)): [4803, 3611, 1450, 638, 323, 132, 71, 23, 11, 4, 0, 1, 1]
(0, (0, 1, 0), (1, 0)): [11464, 11098, 4639, 2540, 1171, 549, 221, 96, 36, 13, 7, 3, 2, 2, 1, 0, 1]
(0, (0, 1, 0), (1, 1)): [10278, 9185, 3786, 1918, 891, 392, 174, 74, 19, 17, 6, 3, 0, 2, 1]
(0, (0, 1, 0), (1, 2)): [7197, 5585, 2329, 1120, 511, 215, 95, 49, 10, 6, 2, 3, 1, 0, 1]
(0, (0, 1, 0), (2, 0)): [4171, 3979, 1774, 1050, 466, 247, 91, 41, 17, 3, 1, 3, 2, 1, 0, 0, 1]
(0, (0, 1, 0), (2, 1)): [5600, 5158, 2230, 1159, 544, 273, 117, 43, 14, 12, 1, 1, 1, 1, 0, 0, 1]
(0, (0, 1, 0), (2, 2)): [6096, 4726, 2139, 989, 463, 204, 88, 41, 10, 6, 2, 2, 1, 0, 1, 0, 1]
(0, (0, 1, 0), (3, 0)): [1451, 1173, 614, 435, 197, 100, 46, 21, 8, 1, 0, 1, 1]
(0, (0, 1, 0), (3, 1)): [2468, 2135, 1017, 675, 309, 153, 64, 24, 4, 4, 0, 1, 0, 1]
(0, (0, 1, 0), (3, 2)): [3562, 2772, 1370, 740, 343, 169, 81, 32, 6, 6, 2, 0, 0, 0, 1, 0, 1]
(0, (0, 1, 1), (0, 0)): [6206, 10937, 13026, 6078, 3183, 1539, 657, 282, 148, 62, 19, 11, 3, 4, 2, 0, 1, 1]
(0, (0, 1, 1), (0, 1)): [910, 1557, 1750, 783, 418, 199, 102, 33, 17, 9, 3, 2, 1, 0, 0, 0, 1]
(0, (0, 1, 1), (0, 2)): [429, 583, 628, 289, 147, 76, 38, 17, 2, 3, 0, 1]
(0, (0, 1, 1), (1, 0)): [874, 1676, 2028, 1034, 536, 285, 109, 43, 32, 6, 4, 3, 0, 1, 1]
(0, (0, 1, 1), (1, 1)): [759, 1374, 1616, 727, 389, 183, 82, 25, 17, 5, 4, 0, 1, 0, 0, 0, 1]
(0, (0, 1, 1), (1, 2)): [623, 872, 970, 428, 256, 121, 51, 16, 8, 2, 1, 1, 0, 0, 0, 0, 1]
(0, (0, 1, 1), (2, 0)): [350, 725, 766, 442, 263, 150, 47, 21, 21, 5, 2, 1, 0, 1, 1]
(0, (0, 1, 1), (2, 1)): [382, 762, 887, 435, 200, 110, 46, 20, 11, 7, 3, 0, 1, 0, 1]
(0, (0, 1, 1), (2, 2)): [485, 774, 824, 388, 203, 104, 42, 15, 8, 6, 2, 1, 0, 0, 0, 0, 1]
(0, (0, 1, 1), (3, 0)): [188, 343, 329, 216, 149, 81, 24, 8, 14, 1, 1, 1, 0, 1]
(0, (0, 1, 1), (3, 1)): [155, 302, 357, 195, 127, 66, 25, 11, 12, 2, 0, 0, 0, 0, 1]
(0, (0, 1, 1), (3, 2)): [271, 408, 477, 260, 130, 81, 36, 15, 12, 2, 2, 0, 0, 0, 0, 0, 1]
(0, (1, 0, 0), (0, 0)): [444581, 148381, 95733, 47669, 22868, 10307, 4291, 1823, 769, 329, 162, 64, 24, 16, 3, 1, 1, 1]
(0, (1, 0, 0), (0, 1)): [61111, 18329, 12482, 6200, 3005, 1359, 561, 224, 112, 35, 20, 8, 1, 3]
(0, (1, 0, 0), (0, 2)): [23154, 6023, 4214, 1971, 935, 418, 197, 71, 30, 12, 7, 2]
(0, (1, 0, 0), (1, 0)): [53521, 18985, 13405, 7023, 3478, 1612, 663, 284, 111, 55, 31, 11, 1, 5, 1, 0, 1]
(0, (1, 0, 0), (1, 1)): [46807, 14948, 10404, 5310, 2490, 1201, 473, 200, 91, 39, 16, 8, 1, 3]
(0, (1, 0, 0), (1, 2)): [30670, 8483, 5973, 2957, 1370, 626, 270, 103, 52, 17, 4, 3]
(0, (1, 0, 0), (2, 0)): [16670, 6469, 4766, 2658, 1373, 641, 257, 111, 37, 26, 16, 2, 1, 3, 0, 0, 1]
(0, (1, 0, 0), (2, 1)): [22712, 7908, 5604, 2989, 1440, 702, 277, 120, 53, 29, 15, 5, 0, 5, 0, 0, 1]
(0, (1, 0, 0), (2, 2)): [22282, 6744, 4792, 2364, 1159, 487, 235, 93, 47, 22, 9, 3, 0, 2]
(0, (1, 0, 0), (3, 0)): [4289, 2014, 1553, 1051, 554, 256, 106, 41, 15, 12, 5, 1]
(0, (1, 0, 0), (3, 1)): [8118, 3318, 2439, 1552, 766, 387, 155, 65, 26, 14, 10, 2, 0, 2]
(0, (1, 0, 0), (3, 2)): [10445, 3947, 2736, 1557, 773, 347, 169, 71, 35, 17, 6, 2, 0, 1]
(0, (1, 0, 1), (0, 0)): [10478, 31950, 13083, 9263, 4905, 2278, 1072, 432, 213, 86, 47, 19, 8, 3, 2, 0, 0, 1]
(0, (1, 0, 1), (0, 1)): [1451, 3992, 1646, 1209, 623, 301, 139, 44, 24, 11, 4, 1, 3, 1]
(0, (1, 0, 1), (0, 2)): [672, 1415, 571, 412, 198, 102, 42, 14, 6, 1, 1, 1, 1, 1]
(0, (1, 0, 1), (1, 0)): [1269, 4168, 1714, 1295, 721, 360, 141, 67, 38, 16, 12, 1, 0, 1, 1]
(0, (1, 0, 1), (1, 1)): [1148, 3217, 1366, 992, 539, 235, 105, 45, 28, 11, 6]
(0, (1, 0, 1), (1, 2)): [912, 1902, 804, 547, 290, 126, 58, 23, 11, 4, 1, 1, 1]
(0, (1, 0, 1), (2, 0)): [425, 1393, 588, 461, 260, 152, 54, 22, 11, 9, 5, 1]
(0, (1, 0, 1), (2, 1)): [547, 1648, 714, 544, 286, 150, 58, 24, 17, 9, 5]
(0, (1, 0, 1), (2, 2)): [684, 1468, 639, 459, 239, 117, 55, 25, 4, 4, 3]
(0, (1, 0, 1), (3, 0)): [141, 425, 209, 130, 96, 69, 22, 7, 5, 2, 1, 1]
(0, (1, 0, 1), (3, 1)): [219, 560, 310, 230, 156, 81, 28, 10, 12, 7, 2]
(0, (1, 0, 1), (3, 2)): [339, 731, 398, 260, 168, 89, 33, 16, 9, 9, 4]
(0, (1, 1, 0), (0, 0)): [62936, 39983, 29774, 21616, 11533, 5429, 2313, 1061, 444, 203, 97, 37, 12, 5, 0, 0, 1]
(0, (1, 1, 0), (0, 1)): [9768, 5387, 3714, 2874, 1632, 698, 333, 136, 53, 20, 14, 6, 0, 1, 0, 0, 1]
(0, (1, 1, 0), (0, 2)): [4003, 1868, 1258, 961, 542, 244, 104, 52, 22, 11, 3]
(0, (1, 1, 0), (1, 0)): [7671, 5121, 3845, 3031, 1577, 835, 344, 144, 64, 27, 14, 6, 2, 2]
(0, (1, 1, 0), (1, 1)): [7185, 4149, 3039, 2405, 1242, 599, 254, 105, 30, 16, 13, 2, 2, 2, 0, 0, 1]
(0, (1, 1, 0), (1, 2)): [5171, 2520, 1737, 1461, 739, 327, 135, 62, 21, 16, 3, 1, 0, 1, 0, 0, 1]
(0, (1, 1, 0), (2, 0)): [2259, 1736, 1322, 1015, 616, 333, 147, 59, 34, 12, 6, 4, 0, 1]
(0, (1, 1, 0), (2, 1)): [3308, 2132, 1637, 1242, 699, 333, 152, 59, 32, 10, 10, 3, 2]
(0, (1, 1, 0), (2, 2)): [3622, 1955, 1436, 1136, 602, 282, 118, 53, 20, 14, 4, 1, 0, 0, 0, 0, 1]
(0, (1, 1, 0), (3, 0)): [525, 562, 461, 343, 243, 137, 56, 25, 12, 6, 2, 2, 0, 1]
(0, (1, 1, 0), (3, 1)): [1166, 916, 735, 575, 369, 215, 92, 31, 18, 8, 5, 1, 2]
(0, (1, 1, 0), (3, 2)): [1669, 1096, 885, 708, 412, 218, 87, 44, 16, 8, 4, 0, 0, 0, 0, 0, 1]
(0, (1, 1, 1), (0, 0)): [6037, 11834, 9565, 7022, 5730, 2880, 1330, 625, 301, 128, 65, 21, 7, 4, 1, 0, 1]
(0, (1, 1, 1), (0, 1)): [1011, 1767, 1413, 935, 811, 420, 181, 85, 51, 20, 7, 3, 2, 1]
(0, (1, 1, 1), (0, 2)): [548, 709, 515, 326, 284, 144, 53, 26, 16, 6, 4, 1, 1]
(0, (1, 1, 1), (1, 0)): [674, 1609, 1307, 949, 811, 442, 191, 70, 45, 17, 9, 4, 0, 1, 0, 0, 1]
(0, (1, 1, 1), (1, 1)): [660, 1400, 1139, 755, 654, 371, 160, 75, 38, 17, 6, 2, 1, 1, 0, 0, 1]
(0, (1, 1, 1), (1, 2)): [611, 978, 741, 469, 409, 207, 92, 40, 19, 7, 4, 2, 0, 1, 0, 0, 1]
(0, (1, 1, 1), (2, 0)): [192, 467, 432, 344, 304, 162, 60, 28, 14, 6, 3, 2, 0, 1]
(0, (1, 1, 1), (2, 1)): [304, 642, 557, 404, 328, 201, 78, 44, 27, 10, 3, 0, 1]
(0, (1, 1, 1), (2, 2)): [392, 704, 567, 379, 311, 175, 72, 43, 19, 10, 2, 1, 1]
(0, (1, 1, 1), (3, 0)): [40, 131, 116, 123, 91, 59, 28, 14, 4, 2, 2, 1, 0, 1]
(0, (1, 1, 1), (3, 1)): [94, 241, 232, 176, 144, 85, 47, 15, 8, 3, 2, 1, 0, 1]
(0, (1, 1, 1), (3, 2)): [154, 338, 319, 230, 193, 104, 64, 26, 12, 5, 2, 1, 1, 1]
(1, (0, 0, 0), (0, 0)): [1720493, 192028, 78662, 31229, 12265, 4674, 1817, 653, 230, 95, 36, 22, 7, 3, 0, 1]
(1, (0, 0, 0), (0, 1)): [264503, 28053, 11399, 4518, 1828, 671, 254, 102, 26, 11, 4, 4, 0, 1]
(1, (0, 0, 0), (0, 2)): [101611, 9180, 3715, 1369, 558, 203, 62, 28, 3, 4, 1, 3]
(1, (0, 0, 0), (1, 0)): [235329, 30210, 12792, 5203, 2106, 808, 319, 100, 36, 16, 5, 3, 0, 0, 0, 1]
(1, (0, 0, 0), (1, 1)): [227662, 25870, 10607, 4268, 1753, 626, 277, 96, 30, 10, 5, 1, 0, 1]
(1, (0, 0, 0), (1, 2)): [154454, 14883, 5962, 2347, 991, 354, 138, 41, 13, 7, 1, 2]
(1, (0, 0, 0), (2, 0)): [78519, 11342, 5152, 2176, 886, 362, 138, 43, 13, 9, 2, 2, 0, 0, 0, 1]
(1, (0, 0, 0), (2, 1)): [120495, 15274, 6651, 2663, 1131, 418, 152, 67, 14, 11, 5, 1]
(1, (0, 0, 0), (2, 2)): [126042, 13373, 5663, 2328, 963, 344, 119, 49, 16, 8, 1]
(1, (0, 0, 0), (3, 0)): [23276, 3781, 2109, 931, 350, 162, 74, 16, 9, 4, 1, 1, 0, 0, 0, 1]
(1, (0, 0, 0), (3, 1)): [48085, 7298, 3631, 1563, 647, 251, 94, 36, 8, 5, 3]
(1, (0, 0, 0), (3, 2)): [69247, 8903, 4252, 1807, 773, 275, 95, 42, 11, 7, 3]
(1, (0, 0, 1), (0, 0)): [47303, 68202, 13579, 5923, 2429, 996, 386, 140, 70, 25, 14, 8, 4, 2]
(1, (0, 0, 1), (0, 1)): [6418, 7926, 1628, 660, 239, 115, 53, 12, 4, 1, 3, 1]
(1, (0, 0, 1), (0, 2)): [2813, 2600, 510, 193, 80, 37, 18, 2, 3, 0, 1, 1]
(1, (0, 0, 1), (1, 0)): [6853, 10187, 2147, 1082, 440, 186, 62, 22, 18, 4, 1, 1]
(1, (0, 0, 1), (1, 1)): [5950, 7622, 1560, 709, 269, 111, 42, 12, 6, 3, 1, 1]
(1, (0, 0, 1), (1, 2)): [4483, 4232, 833, 366, 151, 61, 26, 4, 4, 1, 1, 2]
(1, (0, 0, 1), (2, 0)): [2814, 4146, 963, 552, 229, 94, 37, 14, 10, 2, 1]
(1, (0, 0, 1), (2, 1)): [3372, 4563, 998, 494, 184, 82, 27, 12, 6, 2, 1]
(1, (0, 0, 1), (2, 2)): [3901, 3871, 831, 392, 138, 59, 28, 7, 3, 1, 2, 2]
(1, (0, 0, 1), (3, 0)): [1322, 1680, 440, 303, 133, 52, 19, 7, 3, 0, 1]
(1, (0, 0, 1), (3, 1)): [1480, 1950, 503, 273, 115, 51, 18, 8, 3, 1]
(1, (0, 0, 1), (3, 2)): [2355, 2396, 583, 314, 122, 57, 27, 9, 3, 0, 1]
(1, (0, 1, 0), (0, 0)): [234812, 102600, 37772, 16417, 6619, 2670, 931, 409, 120, 60, 32, 9, 10, 2, 1]
(1, (0, 1, 0), (0, 1)): [32791, 12975, 4827, 2043, 807, 365, 124, 54, 13, 9, 6, 0, 1]
(1, (0, 1, 0), (0, 2)): [12786, 4512, 1611, 639, 234, 121, 40, 16, 3, 3, 1, 0, 1]
(1, (0, 1, 0), (1, 0)): [35795, 15124, 6126, 3048, 1258, 498, 183, 81, 26, 13, 6, 0, 0, 1]
(1, (0, 1, 0), (1, 1)): [29955, 11896, 4629, 2095, 868, 352, 121, 46, 15, 5, 5, 0, 0, 1]
(1, (0, 1, 0), (1, 2)): [19998, 7118, 2601, 1103, 411, 187, 65, 33, 7, 6, 1]
(1, (0, 1, 0), (2, 0)): [15045, 6140, 2676, 1551, 660, 257, 98, 49, 13, 8, 5]
(1, (0, 1, 0), (2, 1)): [17435, 6944, 2926, 1435, 628, 233, 86, 37, 10, 6, 3, 0, 0, 1]
(1, (0, 1, 0), (2, 2)): [17498, 6208, 2453, 1074, 448, 193, 64, 26, 8, 5, 2]
(1, (0, 1, 0), (3, 0)): [6783, 2521, 1199, 852, 382, 146, 58, 25, 9, 4, 2]
(1, (0, 1, 0), (3, 1)): [8156, 3054, 1478, 892, 404, 136, 60, 28, 12, 4, 2, 0, 0, 1]
(1, (0, 1, 0), (3, 2)): [10805, 3802, 1729, 921, 408, 148, 55, 23, 5, 6, 2, 0, 0, 1]
(1, (0, 1, 1), (0, 0)): [36652, 30900, 27066, 10962, 5660, 2212, 884, 350, 158, 53, 15, 8, 2, 2, 0, 1]
(1, (0, 1, 1), (0, 1)): [4503, 3467, 2955, 1216, 545, 192, 98, 43, 13, 2, 1]
(1, (0, 1, 1), (0, 2)): [2103, 1113, 1037, 428, 209, 64, 36, 18, 2, 1, 1]
(1, (0, 1, 1), (1, 0)): [5844, 5365, 4085, 1807, 1148, 441, 177, 71, 28, 13, 1, 1]
(1, (0, 1, 1), (1, 1)): [3879, 3183, 2647, 1081, 530, 182, 84, 35, 14, 5, 0, 1]
(1, (0, 1, 1), (1, 2)): [3133, 1823, 1635, 652, 327, 102, 49, 26, 5, 4, 1, 1]
(1, (0, 1, 1), (2, 0)): [3302, 2886, 2086, 1034, 769, 306, 123, 49, 20, 8, 1]
(1, (0, 1, 1), (2, 1)): [2132, 1799, 1481, 664, 340, 130, 59, 17, 8, 3]
(1, (0, 1, 1), (2, 2)): [2603, 1577, 1411, 596, 306, 89, 45, 16, 5, 2, 0, 1]
(1, (0, 1, 1), (3, 0)): [2390, 1931, 1290, 719, 633, 245, 98, 42, 16, 7, 1]
(1, (0, 1, 1), (3, 1)): [929, 795, 648, 307, 183, 92, 33, 14, 6, 3]
(1, (0, 1, 1), (3, 2)): [1475, 1006, 789, 390, 242, 80, 33, 16, 7, 3, 0, 1]
(1, (1, 0, 0), (0, 0)): [644657, 114440, 74783, 31954, 13078, 5201, 2059, 743, 290, 123, 47, 32, 5, 3, 0, 2]
(1, (1, 0, 0), (0, 1)): [88946, 14149, 9642, 4172, 1668, 669, 270, 94, 26, 14, 7, 4]
(1, (1, 0, 0), (0, 2)): [33375, 4614, 3077, 1265, 501, 224, 93, 25, 6, 4, 3]
(1, (1, 0, 0), (1, 0)): [84296, 16027, 11396, 5130, 2158, 870, 367, 130, 38, 22, 7, 4, 1, 0, 0, 1]
(1, (1, 0, 0), (1, 1)): [72179, 12303, 8593, 3796, 1528, 590, 243, 89, 29, 12, 6, 6, 0, 0, 0, 1]
(1, (1, 0, 0), (1, 2)): [46857, 6925, 4748, 2028, 800, 310, 125, 45, 13, 5, 5, 1]
(1, (1, 0, 0), (2, 0)): [27561, 5702, 4178, 2100, 896, 364, 160, 53, 19, 7, 2, 0, 1]
(1, (1, 0, 0), (2, 1)): [36270, 6794, 4822, 2353, 919, 390, 153, 51, 18, 7, 5, 4, 0, 0, 0, 1]
(1, (1, 0, 0), (2, 2)): [35379, 5714, 3889, 1805, 710, 302, 116, 42, 10, 4, 3, 1]
(1, (1, 0, 0), (3, 0)): [7813, 1886, 1302, 826, 388, 145, 73, 20, 6, 4, 0, 0, 1]
(1, (1, 0, 0), (3, 1)): [13993, 3155, 2174, 1255, 521, 202, 97, 25, 11, 4, 3, 1, 0, 0, 0, 1]
(1, (1, 0, 0), (3, 2)): [17773, 3661, 2346, 1275, 508, 216, 97, 24, 12, 4, 4, 2, 0, 0, 0, 1]
(1, (1, 0, 1), (0, 0)): [52531, 60103, 19420, 13192, 5738, 2347, 919, 364, 125, 73, 22, 7, 1, 1]
(1, (1, 0, 1), (0, 1)): [7842, 7126, 2295, 1599, 705, 288, 107, 32, 20, 9, 3, 0, 1]
(1, (1, 0, 1), (0, 2)): [3439, 2311, 782, 548, 241, 94, 43, 20, 8, 4, 2]
(1, (1, 0, 1), (1, 0)): [6976, 7846, 2662, 1934, 907, 379, 142, 67, 19, 15, 0, 1]
(1, (1, 0, 1), (1, 1)): [6128, 5906, 1968, 1383, 580, 250, 88, 23, 12, 5, 0, 1, 1]
(1, (1, 0, 1), (1, 2)): [4492, 3306, 1151, 797, 329, 138, 44, 27, 8, 4, 2]
(1, (1, 0, 1), (2, 0)): [2390, 2612, 950, 710, 394, 163, 55, 33, 6, 7]
(1, (1, 0, 1), (2, 1)): [3038, 3027, 1032, 766, 375, 141, 60, 19, 9, 5, 0, 1]
(1, (1, 0, 1), (2, 2)): [3276, 2502, 956, 645, 316, 104, 47, 20, 9, 4, 1]
(1, (1, 0, 1), (3, 0)): [812, 865, 335, 245, 163, 75, 21, 9, 1, 3]
(1, (1, 0, 1), (3, 1)): [1150, 1198, 479, 339, 189, 85, 25, 12, 2, 2, 0, 1]
(1, (1, 0, 1), (3, 2)): [1607, 1419, 596, 406, 238, 87, 33, 13, 7, 3, 0, 1]
(1, (1, 1, 0), (0, 0)): [180737, 54876, 36628, 26690, 11244, 4667, 1828, 729, 282, 114, 44, 25, 9, 5, 1]
(1, (1, 1, 0), (0, 1)): [27632, 7320, 4601, 3587, 1538, 630, 228, 97, 37, 13, 8, 4]
(1, (1, 1, 0), (0, 2)): [11150, 2590, 1536, 1223, 502, 206, 58, 29, 11, 1, 2]
(1, (1, 1, 0), (1, 0)): [23819, 7792, 5239, 4112, 1777, 729, 335, 115, 33, 21, 9, 4, 2, 1]
(1, (1, 1, 0), (1, 1)): [21778, 6286, 4130, 3196, 1389, 545, 226, 92, 25, 21, 8, 4]
(1, (1, 1, 0), (1, 2)): [15406, 3788, 2337, 1841, 788, 259, 91, 53, 14, 4, 6, 2]
(1, (1, 1, 0), (2, 0)): [7628, 2850, 1876, 1470, 729, 331, 147, 48, 16, 8, 5, 2, 2, 1]
(1, (1, 1, 0), (2, 1)): [10784, 3463, 2344, 1823, 847, 380, 164, 44, 20, 9, 7, 2, 1]
(1, (1, 1, 0), (2, 2)): [11630, 3170, 1974, 1550, 751, 277, 108, 46, 14, 6, 3, 2]
(1, (1, 1, 0), (3, 0)): [1955, 1050, 682, 433, 295, 133, 58, 25, 4, 4, 1, 2, 1]
(1, (1, 1, 0), (3, 1)): [3949, 1680, 1156, 833, 469, 215, 86, 28, 11, 6, 4, 2, 1]
(1, (1, 1, 0), (3, 2)): [5683, 1987, 1348, 973, 556, 200, 81, 33, 10, 6, 2, 1, 1]
(1, (1, 1, 1), (0, 0)): [36914, 29633, 18661, 12197, 9256, 3905, 1609, 613, 248, 89, 30, 20, 9, 4, 1, 1]
(1, (1, 1, 1), (0, 1)): [6040, 4149, 2554, 1635, 1311, 514, 225, 84, 37, 11, 3, 1, 0, 1]
(1, (1, 1, 1), (0, 2)): [2838, 1428, 909, 589, 437, 152, 73, 24, 6, 6, 2, 0, 0, 1]
(1, (1, 1, 1), (1, 0)): [4539, 4145, 2554, 1643, 1409, 607, 276, 97, 36, 12, 5, 5, 2]
(1, (1, 1, 1), (1, 1)): [4475, 3424, 2142, 1382, 1108, 453, 213, 78, 34, 7, 3, 3]
(1, (1, 1, 1), (1, 2)): [3561, 1976, 1319, 843, 649, 268, 115, 43, 16, 6, 1, 3, 0, 1]
(1, (1, 1, 1), (2, 0)): [1185, 1377, 883, 555, 516, 250, 109, 44, 11, 5, 2, 2, 1]
(1, (1, 1, 1), (2, 1)): [1905, 1827, 1092, 707, 573, 275, 124, 44, 15, 4, 3, 1]
(1, (1, 1, 1), (2, 2)): [2385, 1622, 1062, 692, 545, 231, 109, 39, 14, 8, 1, 2, 0, 1]
(1, (1, 1, 1), (3, 0)): [199, 422, 297, 200, 156, 84, 40, 19, 4, 2, 0, 1, 1]
(1, (1, 1, 1), (3, 1)): [500, 775, 493, 317, 265, 144, 48, 24, 9, 2, 2, 1, 1]
(1, (1, 1, 1), (3, 2)): [927, 962, 621, 421, 329, 170, 71, 29, 8, 3, 2, 1, 0, 1]
(2, (0, 0, 0), (0, 0)): [1501271, 70638, 23589, 7477, 2519, 799, 270, 92, 18, 8, 5, 0, 1]
(2, (0, 0, 0), (0, 1)): [229399, 9703, 3254, 1035, 377, 107, 37, 12, 3]
(2, (0, 0, 0), (0, 2)): [87286, 2597, 910, 286, 112, 25, 3, 5]
(2, (0, 0, 0), (1, 0)): [213217, 12518, 4404, 1342, 487, 135, 51, 14, 5, 0, 0, 0, 1]
(2, (0, 0, 0), (1, 1)): [201965, 9752, 3402, 1029, 385, 117, 44, 8, 5]
(2, (0, 0, 0), (1, 2)): [134252, 4611, 1658, 534, 185, 56, 19, 6, 1]
(2, (0, 0, 0), (2, 0)): [74954, 4976, 2062, 602, 218, 60, 23, 7, 2, 0, 0, 0, 1]
(2, (0, 0, 0), (2, 1)): [111563, 6306, 2442, 687, 250, 74, 27, 7, 4]
(2, (0, 0, 0), (2, 2)): [114210, 4743, 1846, 541, 191, 62, 19, 6, 1]
(2, (0, 0, 0), (3, 0)): [23588, 1671, 952, 277, 101, 31, 10, 4, 0, 0, 0, 0, 1]
(2, (0, 0, 0), (3, 1)): [47030, 3179, 1536, 472, 147, 45, 13, 6, 3]
(2, (0, 0, 0), (3, 2)): [66563, 3614, 1686, 490, 166, 55, 18, 6, 2]
(2, (0, 0, 1), (0, 0)): [142505, 42368, 8850, 3016, 1079, 368, 105, 36, 8, 5, 0, 2]
(2, (0, 0, 1), (0, 1)): [20428, 4872, 1097, 354, 124, 47, 13, 4, 1, 2]
(2, (0, 0, 1), (0, 2)): [8081, 1473, 328, 105, 36, 12, 4, 0, 0, 1]
(2, (0, 0, 1), (1, 0)): [23074, 6389, 1619, 620, 240, 79, 23, 10, 2, 1, 0, 1]
(2, (0, 0, 1), (1, 1)): [19187, 4741, 1087, 399, 145, 52, 10, 6, 1, 1]
(2, (0, 0, 1), (1, 2)): [13035, 2476, 543, 177, 77, 27, 7, 2, 0, 1]
(2, (0, 0, 1), (2, 0)): [10066, 2712, 787, 354, 141, 45, 15, 5, 1, 1, 0, 1]
(2, (0, 0, 1), (2, 1)): [11600, 3014, 794, 323, 118, 34, 9, 7, 0, 2]
(2, (0, 0, 1), (2, 2)): [11961, 2432, 634, 216, 90, 32, 6, 3]
(2, (0, 0, 1), (3, 0)): [4801, 1113, 387, 218, 79, 29, 11, 1, 1, 0, 0, 1]
(2, (0, 0, 1), (3, 1)): [5471, 1445, 426, 233, 78, 24, 9, 4, 0, 1]
(2, (0, 0, 1), (3, 2)): [7631, 1678, 500, 224, 89, 24, 8, 3, 0, 1]
(2, (0, 1, 0), (0, 0)): [375035, 78171, 21774, 7700, 2589, 854, 269, 83, 19, 12, 7, 0, 1]
(2, (0, 1, 0), (0, 1)): [52591, 9213, 2603, 834, 316, 90, 29, 8, 4, 3, 1]
(2, (0, 1, 0), (0, 2)): [20791, 2741, 777, 229, 89, 17, 8, 1, 1, 1]
(2, (0, 1, 0), (1, 0)): [60630, 11995, 4076, 1699, 559, 189, 65, 23, 1, 1, 0, 0, 1]
(2, (0, 1, 0), (1, 1)): [49051, 8902, 2710, 951, 342, 102, 41, 13, 3, 2, 1]
(2, (0, 1, 0), (1, 2)): [33054, 4662, 1289, 453, 160, 36, 20, 7, 0, 1]
(2, (0, 1, 0), (2, 0)): [27364, 5170, 1985, 1010, 349, 114, 30, 13, 1, 1, 0, 0, 1]
(2, (0, 1, 0), (2, 1)): [29347, 5580, 1916, 730, 269, 80, 25, 6, 2, 2, 1, 0, 1]
(2, (0, 1, 0), (2, 2)): [29741, 4512, 1349, 521, 194, 47, 26, 8, 0, 2]
(2, (0, 1, 0), (3, 0)): [13982, 2257, 1003, 679, 219, 73, 22, 12, 1, 1]
(2, (0, 1, 0), (3, 1)): [13751, 2626, 1059, 524, 186, 60, 17, 5, 2, 1, 1, 0, 1]
(2, (0, 1, 0), (3, 2)): [18826, 2984, 1109, 564, 192, 53, 31, 8, 0, 1, 0, 0, 1]
(2, (0, 1, 1), (0, 0)): [86618, 7358, 18375, 5261, 2077, 680, 218, 71, 23, 6, 4, 1, 0, 1]
(2, (0, 1, 1), (0, 1)): [12278, 783, 2130, 609, 206, 75, 18, 8, 1, 1]
(2, (0, 1, 1), (0, 2)): [5190, 266, 665, 187, 75, 20, 6, 1, 0, 1]
(2, (0, 1, 1), (1, 0)): [14506, 1397, 2813, 1036, 483, 167, 49, 16, 4, 0, 2]
(2, (0, 1, 1), (1, 1)): [11177, 788, 2042, 641, 232, 92, 20, 10, 3]
(2, (0, 1, 1), (1, 2)): [8280, 452, 1145, 327, 130, 39, 8, 3, 0, 1]
(2, (0, 1, 1), (2, 0)): [7050, 793, 1280, 552, 318, 103, 30, 11, 1, 0, 2]
(2, (0, 1, 1), (2, 1)): [6585, 533, 1257, 427, 193, 70, 16, 6, 3, 0, 1]
(2, (0, 1, 1), (2, 2)): [7366, 493, 1070, 347, 138, 55, 8, 4, 2]
(2, (0, 1, 1), (3, 0)): [4161, 544, 655, 328, 220, 76, 21, 10, 0, 0, 1]
(2, (0, 1, 1), (3, 1)): [3139, 291, 577, 230, 126, 45, 14, 7, 1, 0, 1]
(2, (0, 1, 1), (3, 2)): [4681, 393, 733, 280, 134, 58, 9, 7, 3]
(2, (1, 0, 0), (0, 0)): [780796, 56746, 37809, 12031, 3996, 1271, 482, 140, 35, 15, 7, 1, 1]
(2, (1, 0, 0), (0, 1)): [107343, 6621, 4579, 1500, 519, 171, 66, 25, 10, 1, 0, 1]
(2, (1, 0, 0), (0, 2)): [40155, 1799, 1187, 416, 146, 35, 21, 5, 4]
(2, (1, 0, 0), (1, 0)): [104276, 8691, 6269, 2131, 764, 216, 92, 22, 6, 2, 0, 0, 1]
(2, (1, 0, 0), (1, 1)): [89821, 6084, 4299, 1444, 491, 157, 57, 18, 7, 1]
(2, (1, 0, 0), (1, 2)): [57915, 2895, 1929, 708, 245, 65, 25, 7, 4]
(2, (1, 0, 0), (2, 0)): [35182, 3432, 2356, 988, 348, 98, 41, 14, 4, 2, 0, 0, 1]
(2, (1, 0, 0), (2, 1)): [46995, 3732, 2635, 973, 329, 103, 43, 11, 4, 0, 0, 0, 1]
(2, (1, 0, 0), (2, 2)): [45447, 2820, 1849, 685, 250, 70, 33, 6, 4]
(2, (1, 0, 0), (3, 0)): [10425, 1291, 765, 455, 155, 43, 15, 6, 3, 2]
(2, (1, 0, 0), (3, 1)): [19003, 1969, 1293, 645, 184, 59, 20, 6, 2, 1, 0, 0, 1]
(2, (1, 0, 0), (3, 2)): [24122, 2097, 1330, 620, 199, 67, 23, 9, 1, 1, 0, 0, 1]
(2, (1, 0, 1), (0, 0)): [137396, 32381, 12847, 8065, 2703, 866, 296, 89, 30, 10, 2, 4, 1]
(2, (1, 0, 1), (0, 1)): [20732, 3989, 1506, 1022, 364, 117, 40, 7, 4, 1, 1, 1]
(2, (1, 0, 1), (0, 2)): [8370, 1193, 439, 274, 105, 27, 9, 2, 1]
(2, (1, 0, 1), (1, 0)): [20033, 4435, 2027, 1449, 550, 148, 56, 15, 1, 2, 0, 1]
(2, (1, 0, 1), (1, 1)): [17369, 3439, 1477, 969, 389, 114, 42, 10, 3, 2, 1, 2]
(2, (1, 0, 1), (1, 2)): [11867, 1788, 754, 463, 183, 57, 23, 4, 3, 0, 0, 1]
(2, (1, 0, 1), (2, 0)): [7218, 1575, 837, 581, 242, 68, 24, 8, 1]
(2, (1, 0, 1), (2, 1)): [9434, 1875, 916, 574, 285, 81, 24, 8, 0, 1, 0, 1]
(2, (1, 0, 1), (2, 2)): [9303, 1451, 702, 420, 174, 62, 22, 4, 3, 0, 0, 1]
(2, (1, 0, 1), (3, 0)): [2434, 485, 338, 221, 99, 26, 14, 3, 1]
(2, (1, 0, 1), (3, 1)): [4090, 770, 469, 296, 179, 34, 21, 4, 1, 1]
(2, (1, 0, 1), (3, 2)): [5250, 782, 540, 301, 171, 51, 16, 5, 3]
(2, (1, 1, 0), (0, 0)): [307213, 46343, 23482, 16392, 5306, 1724, 582, 193, 64, 28, 10, 2, 2, 1]
(2, (1, 1, 0), (0, 1)): [46170, 5859, 2828, 2103, 647, 202, 72, 29, 5, 4, 2, 1, 1]
(2, (1, 1, 0), (0, 2)): [18900, 1743, 838, 608, 197, 59, 20, 10, 2, 1]
(2, (1, 1, 0), (1, 0)): [42138, 6469, 3648, 2758, 1017, 301, 114, 29, 14, 4, 1]
(2, (1, 1, 0), (1, 1)): [38691, 5236, 2706, 2018, 620, 201, 69, 26, 9, 4, 2, 1, 1]
(2, (1, 1, 0), (1, 2)): [27367, 2739, 1435, 971, 299, 103, 28, 17, 6, 1, 1]
(2, (1, 1, 0), (2, 0)): [14530, 2275, 1486, 1072, 522, 145, 58, 13, 6, 3]
(2, (1, 1, 0), (2, 1)): [20362, 2853, 1705, 1263, 490, 132, 55, 16, 6, 3, 0, 0, 1]
(2, (1, 1, 0), (2, 2)): [21708, 2348, 1381, 944, 345, 99, 38, 17, 10, 1, 1]
(2, (1, 1, 0), (3, 0)): [4707, 724, 601, 362, 257, 80, 26, 5, 3, 2]
(2, (1, 1, 0), (3, 1)): [8676, 1252, 957, 638, 355, 93, 35, 5, 3, 1, 0, 0, 1]
(2, (1, 1, 0), (3, 2)): [12123, 1442, 1124, 701, 369, 83, 33, 12, 7, 1, 1]
(2, (1, 1, 1), (0, 0)): [90737, 13221, 15102, 7617, 5712, 1772, 603, 200, 67, 16, 10, 3, 1, 1]
(2, (1, 1, 1), (0, 1)): [15248, 1606, 2009, 1041, 785, 234, 85, 23, 11, 1, 3, 0, 1]
(2, (1, 1, 1), (0, 2)): [6667, 509, 583, 319, 200, 68, 26, 6, 2, 0, 2]
(2, (1, 1, 1), (1, 0)): [11854, 2625, 2240, 1277, 1012, 323, 108, 36, 12, 4, 1, 2]
(2, (1, 1, 1), (1, 1)): [12035, 1698, 1832, 1010, 764, 232, 77, 22, 9, 2, 1, 0, 1]
(2, (1, 1, 1), (1, 2)): [9305, 875, 957, 491, 365, 124, 36, 11, 3, 1, 2]
(2, (1, 1, 1), (2, 0)): [3332, 1514, 778, 513, 409, 130, 44, 14, 4, 3, 0, 2]
(2, (1, 1, 1), (2, 1)): [5456, 1410, 1026, 659, 486, 171, 52, 8, 5, 1, 0, 0, 1]
(2, (1, 1, 1), (2, 2)): [6570, 1040, 860, 518, 359, 137, 39, 9, 4, 2, 2]
(2, (1, 1, 1), (3, 0)): [562, 926, 220, 219, 131, 58, 26, 10, 2, 3, 0, 1]
(2, (1, 1, 1), (3, 1)): [1588, 1158, 399, 367, 261, 94, 36, 7, 2, 3, 0, 1]
(2, (1, 1, 1), (3, 2)): [2794, 1179, 519, 463, 283, 115, 43, 9, 3, 2, 2]
