(0, (0, 0, 0)): [27265, 5008, 2196, 960, 427, 171, 80, 26, 9, 3, 3]
(0, (0, 0, 1)): [93, 283, 64, 30, 19, 5]
(0, (0, 1, 0)): [949, 778, 274, 128, 52, 15, 11, 4]
(0, (0, 1, 1)): [73, 122, 152, 69, 33, 12, 5, 3, 2, 0, 1]
(0, (1, 0, 0)): [5700, 1726, 1038, 514, 242, 111, 51, 13, 5, 3, 3]
(0, (1, 0, 1)): [138, 369, 136, 92, 59, 21, 9, 2, 0, 1]
(0, (1, 1, 0)): [780, 468, 292, 257, 118, 56, 33, 11, 4, 3, 1]
(0, (1, 1, 1)): [74, 133, 105, 94, 55, 34, 19, 7, 3, 3]
(1, (0, 0, 0)): [22249, 2288, 914, 341, 125, 45, 20, 7, 3]
(1, (0, 0, 1)): [528, 668, 113, 57, 22, 7, 0, 1]
(1, (0, 1, 0)): [2831, 1151, 411, 151, 56, 17, 8, 5]
(1, (0, 1, 1)): [468, 307, 249, 91, 58, 18, 9, 3, 1, 1]
(1, (1, 0, 0)): [8184, 1302, 802, 338, 131, 60, 20, 2, 3, 0, 1]
(1, (1, 0, 1)): [691, 634, 232, 134, 65, 25, 9, 4, 1]
(1, (1, 1, 0)): [2300, 698, 404, 282, 110, 46, 19, 6, 2, 0, 2]
(1, (1, 1, 1)): [470, 361, 232, 119, 92, 41, 23, 6, 2, 0, 1]
(2, (0, 0, 0)): [19236, 806, 272, 76, 33, 10, 4, 1]
(2, (0, 0, 1)): [1513, 391, 84, 25, 12]
(2, (0, 1, 0)): [4272, 888, 219, 69, 28, 9, 4, 1, 1]
(2, (0, 1, 1)): [963, 80, 170, 46, 25, 6, 2, 1, 2]
(2, (1, 0, 0)): [9589, 626, 438, 134, 46, 14, 7, 1, 1]
(2, (1, 0, 1)): [1777, 329, 135, 67, 33, 7, 4, 1]
(2, (1, 1, 0)): [3815, 620, 246, 204, 52, 19, 7, 1, 2]
(2, (1, 1, 1)): [1136, 161, 168, 78, 55, 20, 9]
