(0, (0, 0, 0), (0, 0)): [28293, 5948, 2670, 1260, 514, 257, 84, 40, 19, 8, 6, 2]
(0, (0, 0, 0), (0, 1)): [680, 123, 50, 32, 9, 3, 5, 2]
(0, (0, 0, 0), (0, 2)): [261, 49, 17, 7, 1, 1, 3]
(0, (0, 0, 0), (1, 0)): [618, 140, 60, 35, 18, 4, 2, 2, 1]
(0, (0, 0, 0), (1, 1)): [560, 110, 48, 25, 12, 2, 3, 1, 1]
(0, (0, 0, 0), (1, 2)): [384, 61, 26, 14, 7, 1, 3]
(0, (0, 0, 0), (2, 0)): [191, 55, 22, 15, 7, 1, 1, 2]
(0, (0, 0, 0), (2, 1)): [292, 61, 33, 14, 9, 2, 2, 1]
(0, (0, 0, 0), (2, 2)): [290, 53, 28, 11, 10, 2, 1]
(0, (0, 0, 0), (3, 0)): [63, 25, 6, 8, 3, 1, 0, 1]
(0, (0, 0, 0), (3, 1)): [115, 34, 9, 8, 5, 1, 2, 1]
(0, (0, 0, 0), (3, 2)): [161, 32, 15, 5, 5, 2, 2]
(0, (0, 0, 1), (0, 0)): [115, 333, 107, 34, 23, 11, 3, 0, 1]
(0, (0, 0, 1), (0, 1)): [1, 7, 4, 1]
(0, (0, 0, 1), (0, 2)): [0, 3, 2]
(0, (0, 0, 1), (1, 0)): [5, 8, 4, 2, 2, 1]
(0, (0, 0, 1), (1, 1)): [3, 6, 3, 2, 0, 1]
(0, (0, 0, 1), (1, 2)): [1, 6, 3, 1, 0, 1]
(0, (0, 0, 1), (2, 0)): [1, 2, 1, 0, 1]
(0, (0, 0, 1), (2, 1)): [3, 2, 3, 1]
(0, (0, 0, 1), (2, 2)): [1, 3, 4]
(0, (0, 0, 1), (3, 0)): [0, 1, 0, 0, 1]
(0, (0, 0, 1), (3, 1)): [1, 1, 2, 1]
(0, (0, 0, 1), (3, 2)): [0, 1, 2]
(0, (0, 1, 0), (0, 0)): [1167, 1070, 400, 231, 98, 45, 16, 11, 5, 2, 2]
(0, (0, 1, 0), (0, 1)): [28, 16, 12, 2, 3, 1, 0, 1, 2]
(0, (0, 1, 0), (0, 2)): [11, 5, 6, 0, 1, 1, 0, 1]
(0, (0, 1, 0), (1, 0)): [26, 22, 7, 5, 3, 0, 0, 1]
(0, (0, 1, 0), (1, 1)): [25, 19, 5, 3, 1]
(0, (0, 1, 0), (1, 2)): [12, 11, 7, 0, 1, 1, 0, 1]
(0, (0, 1, 0), (2, 0)): [7, 5, 2, 1, 2]
(0, (0, 1, 0), (2, 1)): [15, 5, 3, 1, 2]
(0, (0, 1, 0), (2, 2)): [16, 9, 5, 1, 1, 1]
(0, (0, 1, 0), (3, 0)): [2, 2, 0, 0, 1]
(0, (0, 1, 0), (3, 1)): [3, 4, 0, 0, 1]
(0, (0, 1, 0), (3, 2)): [7, 3, 0, 1]
(0, (0, 1, 1), (0, 0)): [82, 142, 174, 78, 42, 26, 7, 4, 2, 1]
(0, (0, 1, 1), (0, 1)): [3, 1, 4, 2, 0, 1]
(0, (0, 1, 1), (0, 2)): [2, 0, 1, 1]
(0, (0, 1, 1), (1, 0)): [3, 5, 4, 3, 0, 0, 0, 1]
(0, (0, 1, 1), (1, 1)): [3, 2, 2, 3, 0, 1, 0, 1]
(0, (0, 1, 1), (1, 2)): [1, 0, 1, 1, 0, 1]
(0, (0, 1, 1), (2, 0)): [1, 2, 2]
(0, (0, 1, 1), (2, 1)): [2, 2, 1, 2]
(0, (0, 1, 1), (2, 2)): [2, 2, 1, 1]
(0, (0, 1, 1), (3, 0)): [1, 2, 1]
(0, (0, 1, 1), (3, 1)): [2, 0, 1]
(0, (0, 1, 1), (3, 2)): [1, 1]
(0, (1, 0, 0), (0, 0)): [5983, 2050, 1244, 644, 295, 155, 42, 24, 12, 5, 3, 2]
(0, (1, 0, 0), (0, 1)): [120, 43, 23, 19, 4, 2, 3, 2]
(0, (1, 0, 0), (0, 2)): [43, 12, 7, 8, 2, 1, 2]
(0, (1, 0, 0), (1, 0)): [107, 54, 28, 16, 4, 4, 1, 0, 1]
(0, (1, 0, 0), (1, 1)): [86, 41, 19, 18, 2, 1, 2, 2, 1]
(0, (1, 0, 0), (1, 2)): [36, 21, 12, 14, 3, 0, 1, 1, 1]
(0, (1, 0, 0), (2, 0)): [26, 13, 11, 4, 1, 3]
(0, (1, 0, 0), (2, 1)): [50, 20, 11, 5, 1, 2, 1]
(0, (1, 0, 0), (2, 2)): [30, 17, 8, 7, 3, 1, 1, 1, 1]
(0, (1, 0, 0), (3, 0)): [5, 7, 3, 2, 0, 1]
(0, (1, 0, 0), (3, 1)): [21, 7, 4, 3]
(0, (1, 0, 0), (3, 2)): [13, 6, 7, 7, 2, 0, 0, 1]
(0, (1, 0, 1), (0, 0)): [140, 457, 154, 132, 48, 30, 13, 9, 6, 1, 1]
(0, (1, 0, 1), (0, 1)): [3, 13, 5, 0, 2, 2]
(0, (1, 0, 1), (0, 2)): [2, 6, 2, 0, 1]
(0, (1, 0, 1), (1, 0)): [0, 11, 4, 2, 1, 1]
(0, (1, 0, 1), (1, 1)): [0, 9, 3, 2, 0, 1]
(0, (1, 0, 1), (1, 2)): [0, 7, 1, 0, 1, 1]
(0, (1, 0, 1), (2, 0)): [0, 4, 0, 0, 1]
(0, (1, 0, 1), (2, 1)): [0, 6, 3, 2]
(0, (1, 0, 1), (2, 2)): [0, 3, 2, 2, 0, 1]
(0, (1, 0, 1), (3, 0)): [0, 1]
(0, (1, 0, 1), (3, 1)): [0, 1, 1]
(0, (1, 0, 1), (3, 2)): [0, 1, 1, 1, 0, 1]
(0, (1, 1, 0), (0, 0)): [835, 511, 369, 288, 140, 67, 20, 11, 9, 5, 5, 2]
(0, (1, 1, 0), (0, 1)): [13, 8, 3, 5, 2, 0, 1]
(0, (1, 1, 0), (0, 2)): [5, 2, 2, 1]
(0, (1, 1, 0), (1, 0)): [10, 6, 8, 7, 1, 2, 3, 2]
(0, (1, 1, 0), (1, 1)): [10, 5, 4, 7, 2, 1, 3]
(0, (1, 1, 0), (1, 2)): [9, 2, 2, 3, 1, 1, 2]
(0, (1, 1, 0), (2, 0)): [2, 2, 3, 2, 0, 0, 1, 1]
(0, (1, 1, 0), (2, 1)): [3, 0, 4, 4, 1, 0, 1]
(0, (1, 1, 0), (2, 2)): [6, 1, 3, 3, 1, 1]
(0, (1, 1, 0), (3, 0)): [0, 1, 1, 0, 0, 0, 0, 1]
(0, (1, 1, 0), (3, 1)): [1, 1]
(0, (1, 1, 0), (3, 2)): [3, 2, 2, 0, 1]
(0, (1, 1, 1), (0, 0)): [84, 143, 111, 86, 64, 36, 10, 10, 6, 4, 1]
(0, (1, 1, 1), (0, 1)): [1, 3, 3, 1, 0, 2, 1]
(0, (1, 1, 1), (0, 2)): [0, 1, 0, 1, 0, 1]
(0, (1, 1, 1), (1, 0)): [1, 2, 2, 1, 0, 0, 0, 2]
(0, (1, 1, 1), (1, 1)): [1, 2, 1, 0, 0, 0, 1]
(0, (1, 1, 1), (1, 2)): [1, 3, 1, 1, 0, 1]
(0, (1, 1, 1), (2, 0)): [1, 1, 2, 1, 0, 0, 0, 2]
(0, (1, 1, 1), (2, 1)): [0, 1, 0, 0, 0, 0, 1, 1]
(0, (1, 1, 1), (2, 2)): [1, 3, 0, 0, 0, 0, 0, 1]
(0, (1, 1, 1), (3, 0)): [0, 0, 0, 1, 0, 0, 0, 1]
(0, (1, 1, 1), (3, 1)): [0, 0, 0, 1, 0, 0, 0, 1]
(0, (1, 1, 1), (3, 2)): [0, 0, 0, 0, 0, 0, 0, 2]
(1, (0, 0, 0), (0, 0)): [23231, 2691, 1074, 440, 145, 74, 24, 10, 1, 3, 2]
(1, (0, 0, 0), (0, 1)): [571, 52, 18, 11, 3, 3, 1]
(1, (0, 0, 0), (0, 2)): [183, 15, 6, 5, 1, 2]
(1, (0, 0, 0), (1, 0)): [498, 66, 25, 11, 4, 0, 2, 1]
(1, (0, 0, 0), (1, 1)): [481, 50, 21, 11, 3, 0, 2]
(1, (0, 0, 0), (1, 2)): [294, 21, 11, 4, 1, 1, 2]
(1, (0, 0, 0), (2, 0)): [180, 33, 7, 3, 2, 0, 1]
(1, (0, 0, 0), (2, 1)): [257, 36, 14, 6, 2, 0, 1]
(1, (0, 0, 0), (2, 2)): [216, 29, 13, 5, 2, 0, 1]
(1, (0, 0, 0), (3, 0)): [48, 10, 5, 2, 1]
(1, (0, 0, 0), (3, 1)): [113, 18, 8, 3, 1, 0, 1]
(1, (0, 0, 0), (3, 2)): [127, 24, 11, 3, 1, 0, 1]
(1, (0, 0, 1), (0, 0)): [667, 912, 179, 93, 32, 14, 3, 5, 0, 1]
(1, (0, 0, 1), (0, 1)): [20, 8, 9, 1, 0, 0, 0, 1]
(1, (0, 0, 1), (0, 2)): [10, 5, 5]
(1, (0, 0, 1), (1, 0)): [17, 32, 6, 5]
(1, (0, 0, 1), (1, 1)): [16, 12, 3, 1, 0, 0, 0, 1]
(1, (0, 0, 1), (1, 2)): [10, 5, 4]
(1, (0, 0, 1), (2, 0)): [7, 13, 3, 4]
(1, (0, 0, 1), (2, 1)): [10, 11, 3, 1, 0, 0, 0, 1]
(1, (0, 0, 1), (2, 2)): [10, 9, 3, 0, 0, 0, 0, 1]
(1, (0, 0, 1), (3, 0)): [4, 8, 2, 2]
(1, (0, 0, 1), (3, 1)): [5, 5, 2, 1]
(1, (0, 0, 1), (3, 2)): [9, 4, 4, 0, 0, 0, 0, 1]
(1, (0, 1, 0), (0, 0)): [3432, 1462, 514, 240, 106, 54, 12, 7, 0, 1, 1]
(1, (0, 1, 0), (0, 1)): [97, 25, 10, 3, 2]
(1, (0, 1, 0), (0, 2)): [30, 12, 3]
(1, (0, 1, 0), (1, 0)): [85, 44, 13, 7, 3]
(1, (0, 1, 0), (1, 1)): [80, 19, 9, 5, 2]
(1, (0, 1, 0), (1, 2)): [53, 15, 3, 1]
(1, (0, 1, 0), (2, 0)): [36, 24, 8, 2, 2]
(1, (0, 1, 0), (2, 1)): [44, 11, 7, 4, 2]
(1, (0, 1, 0), (2, 2)): [41, 6, 7, 1, 2]
(1, (0, 1, 0), (3, 0)): [18, 9, 4, 0, 2]
(1, (0, 1, 0), (3, 1)): [24, 8, 3, 3, 2]
(1, (0, 1, 0), (3, 2)): [19, 5, 4, 2, 1]
(1, (0, 1, 1), (0, 0)): [498, 389, 326, 153, 75, 34, 14, 5, 2, 1, 1]
(1, (0, 1, 1), (0, 1)): [13, 4, 2, 6, 1, 0, 1]
(1, (0, 1, 1), (0, 2)): [4, 2, 1, 3, 0, 0, 1]
(1, (0, 1, 1), (1, 0)): [12, 14, 10, 7, 3, 2, 1]
(1, (0, 1, 1), (1, 1)): [10, 2, 3, 0, 1]
(1, (0, 1, 1), (1, 2)): [9, 1, 0, 1, 0, 0, 1]
(1, (0, 1, 1), (2, 0)): [9, 12, 8, 6, 3, 2, 1]
(1, (0, 1, 1), (2, 1)): [2, 2, 4]
(1, (0, 1, 1), (2, 2)): [3, 0, 3]
(1, (0, 1, 1), (3, 0)): [9, 11, 6, 6, 3, 2, 1]
(1, (0, 1, 1), (3, 1)): [1, 0, 2, 0, 0, 1]
(1, (0, 1, 1), (3, 2)): [2, 0, 2]
(1, (1, 0, 0), (0, 0)): [8529, 1549, 1031, 432, 149, 73, 25, 8, 1, 3, 1]
(1, (1, 0, 0), (0, 1)): [183, 30, 16, 6, 2, 2, 1, 1]
(1, (1, 0, 0), (0, 2)): [70, 9, 8, 2]
(1, (1, 0, 0), (1, 0)): [169, 43, 21, 13, 5, 2, 1]
(1, (1, 0, 0), (1, 1)): [128, 18, 16, 9, 3, 1, 2, 1]
(1, (1, 0, 0), (1, 2)): [96, 14, 9, 5, 0, 0, 0, 1]
(1, (1, 0, 0), (2, 0)): [47, 17, 6, 2, 2, 2]
(1, (1, 0, 0), (2, 1)): [53, 8, 11, 3, 2, 0, 2]
(1, (1, 0, 0), (2, 2)): [50, 8, 8, 6, 1, 0, 1]
(1, (1, 0, 0), (3, 0)): [12, 7, 2, 1, 2, 2]
(1, (1, 0, 0), (3, 1)): [23, 4, 4, 2, 3, 1]
(1, (1, 0, 0), (3, 2)): [24, 5, 4, 1, 1, 1]
(1, (1, 0, 1), (0, 0)): [721, 824, 245, 175, 73, 33, 12, 8, 3, 2]
(1, (1, 0, 1), (0, 1)): [24, 17, 2, 2, 1]
(1, (1, 0, 1), (0, 2)): [7, 6, 2, 1]
(1, (1, 0, 1), (1, 0)): [12, 18, 2, 1, 3, 1, 2, 2]
(1, (1, 0, 1), (1, 1)): [19, 16, 1, 0, 3, 1, 1, 1]
(1, (1, 0, 1), (1, 2)): [5, 13, 2, 1, 1, 1]
(1, (1, 0, 1), (2, 0)): [3, 5, 0, 1]
(1, (1, 0, 1), (2, 1)): [5, 5, 0, 0, 1, 0, 1]
(1, (1, 0, 1), (2, 2)): [3, 5, 0, 0, 0, 0, 1]
(1, (1, 0, 1), (3, 0)): [2, 2, 0, 1]
(1, (1, 0, 1), (3, 1)): [0, 4, 0, 0, 1]
(1, (1, 0, 1), (3, 2)): [1, 4, 0, 0, 1, 0, 1]
(1, (1, 1, 0), (0, 0)): [2372, 720, 498, 371, 150, 70, 24, 11, 3, 3]
(1, (1, 1, 0), (0, 1)): [58, 20, 9, 10, 1, 0, 0, 0, 1]
(1, (1, 1, 0), (0, 2)): [25, 6, 2, 5]
(1, (1, 1, 0), (1, 0)): [32, 14, 10, 7, 5, 2, 2]
(1, (1, 1, 0), (1, 1)): [32, 14, 8, 7, 5, 1]
(1, (1, 1, 0), (1, 2)): [18, 2, 4, 7, 0, 1]
(1, (1, 1, 0), (2, 0)): [13, 3, 2, 3, 0, 0, 1]
(1, (1, 1, 0), (2, 1)): [16, 11, 5, 5, 2, 0, 1]
(1, (1, 1, 0), (2, 2)): [11, 3, 5, 4, 2, 0, 1]
(1, (1, 1, 0), (3, 0)): [1, 1]
(1, (1, 1, 0), (3, 1)): [5, 2, 1, 3]
(1, (1, 1, 0), (3, 2)): [3, 4, 2, 4, 1]
(1, (1, 1, 1), (0, 0)): [445, 377, 241, 161, 140, 59, 19, 9, 3, 3, 1]
(1, (1, 1, 1), (0, 1)): [9, 9, 3, 4, 3, 1, 3]
(1, (1, 1, 1), (0, 2)): [6, 4, 2, 1, 2, 0, 2]
(1, (1, 1, 1), (1, 0)): [6, 3, 5, 3, 4, 1, 1]
(1, (1, 1, 1), (1, 1)): [5, 3, 3, 4, 3, 0, 1]
(1, (1, 1, 1), (1, 2)): [4, 2, 2, 2, 2]
(1, (1, 1, 1), (2, 0)): [3, 1, 3, 0, 2, 0, 1]
(1, (1, 1, 1), (2, 1)): [3, 1, 2, 1, 2, 0, 2]
(1, (1, 1, 1), (2, 2)): [4, 1, 1, 1, 2, 0, 1]
(1, (1, 1, 1), (3, 0)): [1, 0, 1, 0, 1]
(1, (1, 1, 1), (3, 1)): [0, 0, 2, 0, 1]
(1, (1, 1, 1), (3, 2)): [1, 1, 2]
(2, (0, 0, 0), (0, 0)): [20423, 994, 306, 107, 29, 14, 3, 3, 0, 1]
(2, (0, 0, 0), (0, 1)): [469, 14, 3, 1, 0, 1]
(2, (0, 0, 0), (0, 2)): [170, 5, 1, 0, 0, 1]
(2, (0, 0, 0), (1, 0)): [463, 25, 12, 2, 1, 1]
(2, (0, 0, 0), (1, 1)): [408, 13, 3, 2, 1, 1]
(2, (0, 0, 0), (1, 2)): [257, 9, 2, 1, 0, 2]
(2, (0, 0, 0), (2, 0)): [175, 14, 7]
(2, (0, 0, 0), (2, 1)): [246, 8, 3, 1]
(2, (0, 0, 0), (2, 2)): [211, 7, 2, 1, 0, 2]
(2, (0, 0, 0), (3, 0)): [52, 6, 6]
(2, (0, 0, 0), (3, 1)): [111, 6, 5, 1]
(2, (0, 0, 0), (3, 2)): [123, 7, 1, 0, 0, 1]
(2, (0, 0, 1), (0, 0)): [1954, 555, 138, 42, 12, 3, 2, 1]
(2, (0, 0, 1), (0, 1)): [34, 15]
(2, (0, 0, 1), (0, 2)): [12, 6]
(2, (0, 0, 1), (1, 0)): [66, 20, 11, 1, 1, 1]
(2, (0, 0, 1), (1, 1)): [43, 15, 3, 1, 0, 1]
(2, (0, 0, 1), (1, 2)): [22, 9, 2, 1]
(2, (0, 0, 1), (2, 0)): [28, 9, 6]
(2, (0, 0, 1), (2, 1)): [24, 8, 2, 0, 0, 1]
(2, (0, 0, 1), (2, 2)): [21, 5, 2]
(2, (0, 0, 1), (3, 0)): [18, 6, 4]
(2, (0, 0, 1), (3, 1)): [14, 5, 0, 0, 0, 1]
(2, (0, 0, 1), (3, 2)): [15, 4, 1]
(2, (0, 1, 0), (0, 0)): [5239, 1070, 283, 95, 26, 20, 6, 2, 1, 1]
(2, (0, 1, 0), (0, 1)): [130, 27, 6, 2]
(2, (0, 1, 0), (0, 2)): [52, 11, 3]
(2, (0, 1, 0), (1, 0)): [159, 29, 8, 3, 1, 1]
(2, (0, 1, 0), (1, 1)): [102, 20, 5, 1, 0, 1]
(2, (0, 1, 0), (1, 2)): [81, 13]
(2, (0, 1, 0), (2, 0)): [87, 14, 4, 3, 1]
(2, (0, 1, 0), (2, 1)): [61, 7, 5, 0, 0, 1]
(2, (0, 1, 0), (2, 2)): [64, 15, 1]
(2, (0, 1, 0), (3, 0)): [56, 9, 0, 3, 1]
(2, (0, 1, 0), (3, 1)): [33, 3, 4]
(2, (0, 1, 0), (3, 2)): [45, 3, 3]
(2, (0, 1, 1), (0, 0)): [1095, 79, 230, 77, 25, 7, 1, 1]
(2, (0, 1, 1), (0, 1)): [19, 1, 3]
(2, (0, 1, 1), (0, 2)): [7, 1, 1]
(2, (0, 1, 1), (1, 0)): [29, 3, 9, 4, 2]
(2, (0, 1, 1), (1, 1)): [17, 0, 4, 2]
(2, (0, 1, 1), (1, 2)): [11, 0, 2, 2]
(2, (0, 1, 1), (2, 0)): [18, 3, 4, 2, 2]
(2, (0, 1, 1), (2, 1)): [13, 1, 2]
(2, (0, 1, 1), (2, 2)): [14, 0, 3, 1]
(2, (0, 1, 1), (3, 0)): [16, 2, 4, 2, 2]
(2, (0, 1, 1), (3, 1)): [5, 0, 1]
(2, (0, 1, 1), (3, 2)): [4, 0, 4, 1]
(2, (1, 0, 0), (0, 0)): [9928, 748, 506, 171, 47, 17, 4, 2]
(2, (1, 0, 0), (0, 1)): [193, 10, 14, 3, 1, 2]
(2, (1, 0, 0), (0, 2)): [64, 1, 2, 0, 1]
(2, (1, 0, 0), (1, 0)): [207, 21, 8, 6, 1]
(2, (1, 0, 0), (1, 1)): [145, 7, 8, 7, 0, 1]
(2, (1, 0, 0), (1, 2)): [74, 1, 3, 0, 1, 1]
(2, (1, 0, 0), (2, 0)): [74, 11, 4, 2, 1]
(2, (1, 0, 0), (2, 1)): [89, 8, 2, 5, 1]
(2, (1, 0, 0), (2, 2)): [68, 3, 2, 2, 2]
(2, (1, 0, 0), (3, 0)): [18, 6, 3, 2]
(2, (1, 0, 0), (3, 1)): [35, 5, 2, 4]
(2, (1, 0, 0), (3, 2)): [37, 4, 0, 4, 1]
(2, (1, 0, 1), (0, 0)): [1794, 421, 190, 95, 31, 12, 3, 2]
(2, (1, 0, 1), (0, 1)): [55, 9, 3, 0, 0, 1]
(2, (1, 0, 1), (0, 2)): [24, 1, 1]
(2, (1, 0, 1), (1, 0)): [31, 12, 7, 1, 1]
(2, (1, 0, 1), (1, 1)): [35, 8, 3, 0, 0, 1]
(2, (1, 0, 1), (1, 2)): [30, 6, 3, 0, 0, 1]
(2, (1, 0, 1), (2, 0)): [14, 4, 1, 1]
(2, (1, 0, 1), (2, 1)): [14, 1, 1]
(2, (1, 0, 1), (2, 2)): [13, 4, 3]
(2, (1, 0, 1), (3, 0)): [5, 2]
(2, (1, 0, 1), (3, 1)): [8, 1]
(2, (1, 0, 1), (3, 2)): [6, 1, 1]
(2, (1, 1, 0), (0, 0)): [4011, 632, 286, 240, 63, 25, 8, 1, 1]
(2, (1, 1, 0), (0, 1)): [90, 9, 5, 5, 1]
(2, (1, 1, 0), (0, 2)): [34, 2, 2, 4]
(2, (1, 1, 0), (1, 0)): [88, 13, 7, 7, 1, 1, 1]
(2, (1, 1, 0), (1, 1)): [78, 7, 2, 2, 1, 0, 1]
(2, (1, 1, 0), (1, 2)): [52, 5, 3, 3]
(2, (1, 1, 0), (2, 0)): [30, 5, 3, 3]
(2, (1, 1, 0), (2, 1)): [33, 3, 2, 3, 0, 0, 1]
(2, (1, 1, 0), (2, 2)): [41, 4, 1, 3]
(2, (1, 1, 0), (3, 0)): [9, 3, 1]
(2, (1, 1, 0), (3, 1)): [18, 3, 2]
(2, (1, 1, 0), (3, 2)): [23, 3, 2, 2]
(2, (1, 1, 1), (0, 0)): [1109, 148, 220, 96, 68, 23, 11, 1]
(2, (1, 1, 1), (0, 1)): [28, 2, 6, 3, 3, 0, 1]
(2, (1, 1, 1), (0, 2)): [15, 1, 3, 1, 0, 0, 1]
(2, (1, 1, 1), (1, 0)): [21, 2, 4, 1]
(2, (1, 1, 1), (1, 1)): [19, 1, 2, 1, 1]
(2, (1, 1, 1), (1, 2)): [12, 0, 2, 1]
(2, (1, 1, 1), (2, 0)): [5, 1, 1, 1]
(2, (1, 1, 1), (2, 1)): [8, 1, 2, 0, 1]
(2, (1, 1, 1), (2, 2)): [8, 0, 2, 1, 1]
(2, (1, 1, 1), (3, 0)): [1, 1, 0, 1]
(2, (1, 1, 1), (3, 1)): [6, 1, 1]
(2, (1, 1, 1), (3, 2)): [5, 1, 1, 0, 1]
