(0, (0, 0, 0), (0, 0)): [219250, 42561, 19003, 8578, 3801, 1589, 677, 265, 98, 38, 27, 1, 1, 1, 2]
(0, (0, 0, 0), (0, 1)): [696, 135, 45, 21, 9, 2, 1, 1, 0, 1]
(0, (0, 0, 0), (0, 2)): [273, 52, 16, 4, 2, 2, 1, 1]
(0, (0, 0, 0), (1, 0)): [674, 137, 53, 28, 11, 7, 3, 1, 0, 1]
(0, (0, 0, 0), (1, 1)): [551, 118, 36, 22, 8, 1, 0, 1]
(0, (0, 0, 0), (1, 2)): [351, 71, 17, 9, 3, 2, 0, 1]
(0, (0, 0, 0), (2, 0)): [265, 54, 27, 17, 7, 6, 1, 0, 0, 1]
(0, (0, 0, 0), (2, 1)): [311, 69, 22, 14, 4, 2]
(0, (0, 0, 0), (2, 2)): [298, 61, 10, 7, 4, 2]
(0, (0, 0, 0), (3, 0)): [121, 24, 19, 12, 5, 5, 1]
(0, (0, 0, 0), (3, 1)): [137, 34, 21, 9, 2, 1, 1]
(0, (0, 0, 0), (3, 2)): [181, 39, 18, 8, 6, 2, 1]
(0, (0, 0, 1), (0, 0)): [1282, 3717, 1051, 486, 223, 89, 46, 24, 5, 2, 2]
(0, (0, 0, 1), (0, 1)): [2, 4, 3, 1, 0, 0, 1]
(0, (0, 0, 1), (0, 2)): [0, 2, 1]
(0, (0, 0, 1), (1, 1)): [3, 5, 3, 0, 1, 0, 1]
(0, (0, 0, 1), (2, 1)): [1, 2, 2, 1, 1, 0, 1]
(0, (0, 1, 0), (0, 0)): [7132, 7065, 2534, 1155, 592, 243, 93, 22, 22, 9, 6]
(0, (0, 1, 0), (0, 1)): [19, 23, 2, 2]
(0, (0, 1, 0), (0, 2)): [4, 6, 1, 2]
(0, (0, 1, 0), (1, 0)): [28, 14, 2, 4, 3]
(0, (0, 1, 0), (1, 1)): [18, 14, 1]
(0, (0, 1, 0), (1, 2)): [7, 9, 2, 2]
(0, (0, 1, 0), (2, 0)): [10, 9, 0, 4, 2]
(0, (0, 1, 0), (2, 1)): [6, 6, 0, 3]
(0, (0, 1, 0), (2, 2)): [8, 6, 1, 3]
(0, (0, 1, 0), (3, 0)): [7, 6, 0, 1, 2]
(0, (0, 1, 0), (3, 1)): [3, 1, 0, 2, 1]
(0, (0, 1, 0), (3, 2)): [3, 3, 1, 2, 1]
(0, (0, 1, 1), (0, 0)): [609, 1089, 1422, 623, 322, 146, 65, 21, 14, 5, 1, 0, 0, 0, 1]
(0, (0, 1, 1), (0, 1)): [3, 2, 5, 1, 2, 0, 0, 0, 1]
(0, (0, 1, 1), (0, 2)): [2, 1, 2, 0, 1]
(0, (0, 1, 1), (1, 0)): [2, 4, 4, 3, 1, 1, 2]
(0, (0, 1, 1), (1, 1)): [2, 1, 4, 1, 2, 0, 0, 0, 1]
(0, (0, 1, 1), (1, 2)): [0, 0, 3, 1, 3]
(0, (0, 1, 1), (2, 0)): [0, 3, 3, 3, 0, 1]
(0, (0, 1, 1), (2, 1)): [1, 2, 0, 1, 0, 0, 0, 0, 1]
(0, (0, 1, 1), (2, 2)): [1, 0, 1, 1, 2]
(0, (0, 1, 1), (3, 0)): [0, 2, 3, 2, 0, 1]
(0, (0, 1, 1), (3, 1)): [0, 2, 1, 2, 0, 0, 0, 0, 1]
(0, (0, 1, 1), (3, 2)): [0, 1, 1, 1, 1, 0, 0, 0, 1]
(0, (1, 0, 0), (0, 0)): [49738, 17672, 10065, 5012, 2255, 991, 438, 173, 64, 23, 19, 1, 1, 1, 2]
(0, (1, 0, 0), (0, 1)): [141, 25, 26, 10, 5, 1, 1, 0, 1]
(0, (1, 0, 0), (0, 2)): [49, 9, 11, 2, 0, 1, 1]
(0, (1, 0, 0), (1, 0)): [119, 48, 30, 13, 3, 2, 0, 0, 2]
(0, (1, 0, 0), (1, 1)): [91, 26, 24, 9, 4, 1]
(0, (1, 0, 0), (1, 2)): [46, 11, 17, 0, 3, 2]
(0, (1, 0, 0), (2, 0)): [42, 22, 7, 7, 2, 0, 0, 0, 2]
(0, (1, 0, 0), (2, 1)): [46, 21, 6, 9, 1, 0, 0, 0, 2]
(0, (1, 0, 0), (2, 2)): [45, 11, 9, 3, 1, 1, 0, 0, 1]
(0, (1, 0, 0), (3, 0)): [19, 7, 2, 4, 1]
(0, (1, 0, 0), (3, 1)): [16, 8, 1, 6, 0, 0, 0, 0, 1]
(0, (1, 0, 0), (3, 2)): [17, 8, 3, 3, 0, 0, 0, 0, 1]
(0, (1, 0, 1), (0, 0)): [1165, 3034, 1460, 906, 502, 220, 115, 44, 18, 6, 3, 0, 0, 0, 1]
(0, (1, 0, 1), (0, 1)): [4, 8, 0, 5, 0, 0, 3]
(0, (1, 0, 1), (0, 2)): [2, 3, 0, 2, 0, 0, 2]
(0, (1, 0, 1), (1, 0)): [7, 14, 4, 1, 2, 3]
(0, (1, 0, 1), (1, 1)): [3, 8, 1, 1, 1, 0, 1]
(0, (1, 0, 1), (1, 2)): [1, 4, 1, 1]
(0, (1, 0, 1), (2, 0)): [3, 7, 1, 1, 0, 3]
(0, (1, 0, 1), (2, 1)): [1, 8, 0, 1, 1]
(0, (1, 0, 1), (2, 2)): [1, 4, 1, 0, 1]
(0, (1, 0, 1), (3, 0)): [3, 0, 1, 0, 0, 2]
(0, (1, 0, 1), (3, 2)): [1, 4]
(0, (1, 1, 0), (0, 0)): [6297, 4198, 3479, 2293, 1196, 550, 241, 100, 35, 19, 14, 1, 1, 1]
(0, (1, 1, 0), (0, 1)): [22, 13, 7, 7, 1, 2]
(0, (1, 1, 0), (0, 2)): [12, 6, 3, 4, 1, 1]
(0, (1, 1, 0), (1, 0)): [12, 10, 8, 13, 4, 3, 2, 1]
(0, (1, 1, 0), (1, 1)): [9, 8, 4, 7, 1, 2]
(0, (1, 1, 0), (1, 2)): [10, 6, 3, 5]
(0, (1, 1, 0), (2, 0)): [7, 2, 6, 5, 3, 0, 1, 1]
(0, (1, 1, 0), (2, 1)): [5, 2, 3, 2, 4, 1, 1]
(0, (1, 1, 0), (2, 2)): [7, 3, 0, 3, 1, 0, 1]
(0, (1, 1, 0), (3, 0)): [3, 1, 4, 3, 0, 0, 0, 1]
(0, (1, 1, 0), (3, 2)): [3, 2, 3, 1, 2]
(0, (1, 1, 1), (0, 0)): [714, 1178, 1020, 913, 686, 329, 149, 78, 35, 22, 10, 1, 1, 0, 1]
(0, (1, 1, 1), (0, 1)): [0, 2, 5, 3, 3, 0, 0, 0, 1]
(0, (1, 1, 1), (1, 0)): [0, 2, 3, 3, 3, 1, 0, 0, 1]
(0, (1, 1, 1), (1, 1)): [0, 1, 1, 3, 4, 1, 0, 0, 1]
(0, (1, 1, 1), (1, 2)): [0, 0, 2, 0, 3]
(0, (1, 1, 1), (2, 0)): [0, 1, 3, 0, 1]
(0, (1, 1, 1), (2, 1)): [0, 1, 1, 2, 1, 1, 0, 0, 1]
(0, (1, 1, 1), (2, 2)): [0, 0, 1, 2, 1, 1]
(0, (1, 1, 1), (3, 0)): [0, 0, 2, 0, 1]
(0, (1, 1, 1), (3, 1)): [0, 0, 2, 0, 0, 0, 0, 0, 1]
(0, (1, 1, 1), (3, 2)): [0, 0, 2, 2, 0, 0, 0, 0, 1]
(1, (0, 0, 0), (0, 0)): [172435, 17389, 6878, 2602, 1054, 423, 139, 67, 12, 8, 3]
(1, (0, 0, 0), (0, 1)): [547, 63, 15, 8, 3]
(1, (0, 0, 0), (0, 2)): [218, 20, 7, 5]
(1, (0, 0, 0), (1, 0)): [526, 58, 26, 5, 2, 2, 0, 1]
(1, (0, 0, 0), (1, 1)): [430, 50, 14, 6, 2, 1]
(1, (0, 0, 0), (1, 2)): [262, 31, 4, 7, 0, 1]
(1, (0, 0, 0), (2, 0)): [187, 23, 14, 2, 1]
(1, (0, 0, 0), (2, 1)): [228, 28, 16, 4, 2]
(1, (0, 0, 0), (2, 2)): [211, 20, 9, 7, 0, 1]
(1, (0, 0, 0), (3, 0)): [80, 7, 3, 0, 1]
(1, (0, 0, 0), (3, 1)): [103, 18, 8, 0, 1]
(1, (0, 0, 0), (3, 2)): [124, 17, 13, 4, 0, 1]
(1, (0, 0, 1), (0, 0)): [6620, 9949, 1883, 762, 336, 122, 49, 21, 8, 2, 0, 1]
(1, (0, 0, 1), (0, 1)): [18, 31, 2, 1, 1]
(1, (0, 0, 1), (1, 0)): [19, 21, 7, 3, 3]
(1, (0, 0, 1), (1, 1)): [18, 18, 3, 2, 2]
(1, (0, 0, 1), (1, 2)): [10, 13, 1, 1]
(1, (0, 0, 1), (2, 0)): [6, 6, 5, 2, 2]
(1, (0, 0, 1), (2, 2)): [9, 11, 2]
(1, (0, 0, 1), (3, 0)): [4, 5, 4, 2, 1]
(1, (0, 1, 0), (0, 0)): [27622, 13303, 4318, 1699, 666, 285, 92, 36, 9, 3, 1]
(1, (0, 1, 0), (0, 1)): [91, 36, 9, 4, 1, 1, 1]
(1, (0, 1, 0), (0, 2)): [37, 14, 2, 0, 0, 1, 1]
(1, (0, 1, 0), (1, 0)): [108, 48, 15, 9, 4, 2]
(1, (0, 1, 0), (1, 1)): [86, 33, 6, 8, 3, 1]
(1, (0, 1, 0), (1, 2)): [65, 20, 5, 1, 1]
(1, (0, 1, 0), (2, 0)): [49, 14, 8, 3, 1, 1]
(1, (0, 1, 0), (2, 1)): [38, 19, 3, 7, 2, 2]
(1, (0, 1, 0), (2, 2)): [44, 13, 7, 5, 2, 1]
(1, (0, 1, 0), (3, 0)): [30, 8, 4, 2, 1]
(1, (0, 1, 0), (3, 1)): [25, 8, 2, 3, 1, 1]
(1, (0, 1, 0), (3, 2)): [33, 1, 5, 6, 0, 1]
(1, (0, 1, 1), (0, 0)): [4549, 3799, 4042, 1536, 619, 251, 89, 29, 9, 6, 2, 1, 0, 1]
(1, (0, 1, 1), (0, 1)): [15, 4, 13, 3, 0, 0, 0, 1]
(1, (0, 1, 1), (0, 2)): [10, 1, 4, 1]
(1, (0, 1, 1), (1, 0)): [16, 3, 9, 4, 1]
(1, (0, 1, 1), (1, 1)): [8, 2, 11, 3]
(1, (0, 1, 1), (1, 2)): [8, 0, 7, 1]
(1, (0, 1, 1), (2, 0)): [9, 3, 2, 1]
(1, (0, 1, 1), (2, 2)): [6, 1, 3, 2]
(1, (0, 1, 1), (3, 0)): [7, 2, 1]
(1, (0, 1, 1), (3, 2)): [3, 1, 5]
(1, (1, 0, 0), (0, 0)): [69942, 13230, 7249, 3095, 1212, 507, 151, 79, 18, 9, 4, 0, 0, 1]
(1, (1, 0, 0), (0, 1)): [238, 34, 22, 11, 3, 3, 1]
(1, (1, 0, 0), (0, 2)): [97, 16, 10, 4]
(1, (1, 0, 0), (1, 0)): [221, 46, 44, 16, 1, 3, 0, 1]
(1, (1, 0, 0), (1, 1)): [170, 26, 20, 9, 1, 3, 0, 1]
(1, (1, 0, 0), (1, 2)): [120, 15, 12, 5, 1]
(1, (1, 0, 0), (2, 0)): [80, 19, 22, 8, 1, 1]
(1, (1, 0, 0), (2, 1)): [86, 16, 16, 6, 0, 3, 0, 1]
(1, (1, 0, 0), (2, 2)): [87, 13, 13, 5, 0, 1]
(1, (1, 0, 0), (3, 0)): [26, 11, 9, 4, 1]
(1, (1, 0, 0), (3, 1)): [29, 9, 9, 6, 0, 1, 0, 1]
(1, (1, 0, 0), (3, 2)): [43, 9, 9, 7, 0, 1]
(1, (1, 0, 1), (0, 0)): [5294, 6566, 2450, 1405, 593, 240, 72, 37, 10, 5, 1]
(1, (1, 0, 1), (0, 1)): [14, 12, 7, 4, 1]
(1, (1, 0, 1), (0, 2)): [11, 4, 4, 3]
(1, (1, 0, 1), (1, 0)): [12, 16, 1, 6, 2, 2]
(1, (1, 0, 1), (1, 1)): [4, 13, 2, 5, 1]
(1, (1, 0, 1), (1, 2)): [5, 5, 4, 4, 1]
(1, (1, 0, 1), (2, 0)): [7, 5, 0, 1, 2, 1]
(1, (1, 0, 1), (2, 1)): [2, 8, 0, 2]
(1, (1, 0, 1), (2, 2)): [1, 6, 2, 1]
(1, (1, 0, 1), (3, 2)): [1, 5, 2, 1, 1]
(1, (1, 1, 0), (0, 0)): [17316, 5448, 3890, 2488, 1046, 423, 140, 62, 23, 7, 3, 0, 0, 2]
(1, (1, 1, 0), (0, 1)): [52, 17, 9, 10, 4, 1]
(1, (1, 1, 0), (0, 2)): [18, 8, 3, 3, 2]
(1, (1, 1, 0), (1, 0)): [41, 14, 12, 16, 3, 1]
(1, (1, 1, 0), (1, 1)): [49, 11, 5, 9, 2]
(1, (1, 1, 0), (1, 2)): [31, 4, 4, 4, 2]
(1, (1, 1, 0), (2, 0)): [12, 5, 4, 6, 2]
(1, (1, 1, 0), (2, 1)): [23, 11, 2, 7, 2]
(1, (1, 1, 0), (2, 2)): [24, 5, 2, 4, 2]
(1, (1, 1, 0), (3, 0)): [5, 2, 3, 2, 1]
(1, (1, 1, 0), (3, 1)): [5, 6, 2, 1, 1]
(1, (1, 1, 0), (3, 2)): [10, 7, 1, 2, 3]
(1, (1, 1, 1), (0, 0)): [3294, 2711, 1763, 1349, 850, 376, 141, 70, 20, 6, 1, 0, 0, 1]
(1, (1, 1, 1), (0, 1)): [11, 10, 3, 1, 0, 1]
(1, (1, 1, 1), (0, 2)): [6, 5, 1, 1, 0, 1]
(1, (1, 1, 1), (1, 0)): [9, 8, 8, 4, 6, 3]
(1, (1, 1, 1), (1, 1)): [9, 7, 3, 3, 2, 1]
(1, (1, 1, 1), (1, 2)): [6, 5, 0, 3, 1, 1]
(1, (1, 1, 1), (2, 0)): [2, 3, 4, 1, 3, 2]
(1, (1, 1, 1), (2, 1)): [3, 4, 3, 1, 1, 1]
(1, (1, 1, 1), (2, 2)): [3, 2, 0, 0, 1, 2]
(1, (1, 1, 1), (3, 0)): [1, 2, 1, 1, 2, 2]
(1, (1, 1, 1), (3, 1)): [2, 2, 1, 2, 0, 1]
(2, (0, 0, 0), (0, 0)): [148581, 5730, 1797, 565, 197, 60, 21, 10, 1, 1, 1]
(2, (0, 0, 0), (0, 1)): [505, 27, 5, 2]
(2, (0, 0, 0), (0, 2)): [181, 7, 3, 1]
(2, (0, 0, 0), (1, 0)): [587, 42, 12, 3, 2]
(2, (0, 0, 0), (1, 1)): [464, 24, 5, 1]
(2, (0, 0, 0), (1, 2)): [260, 8, 6, 1]
(2, (0, 0, 0), (2, 0)): [238, 14, 6, 2, 1]
(2, (0, 0, 0), (2, 1)): [306, 18, 3, 1]
(2, (0, 0, 0), (2, 2)): [250, 13, 6, 2]
(2, (0, 0, 0), (3, 0)): [91, 7, 5, 2, 1]
(2, (0, 0, 0), (3, 1)): [143, 9, 2]
(2, (0, 0, 0), (3, 2)): [187, 12, 6, 1]
(2, (0, 0, 1), (0, 0)): [18882, 6719, 1062, 331, 114, 32, 15, 3]
(2, (0, 0, 1), (0, 1)): [53, 18, 3]
(2, (0, 0, 1), (0, 2)): [24, 8, 3]
(2, (0, 0, 1), (1, 0)): [52, 23, 4]
(2, (0, 0, 1), (1, 1)): [36, 10, 1]
(2, (0, 0, 1), (1, 2)): [28, 10, 2]
(2, (0, 0, 1), (2, 0)): [28, 7, 3]
(2, (0, 0, 1), (2, 1)): [22, 5, 1]
(2, (0, 0, 1), (2, 2)): [21, 6, 2]
(2, (0, 0, 1), (3, 0)): [15, 3, 2]
(2, (0, 0, 1), (3, 1)): [14, 2, 1]
(2, (0, 0, 1), (3, 2)): [19, 3, 2]
(2, (0, 1, 0), (0, 0)): [45005, 10156, 2377, 733, 217, 72, 29, 10, 1, 1]
(2, (0, 1, 0), (0, 1)): [105, 20, 3, 1, 3]
(2, (0, 1, 0), (0, 2)): [40, 4, 0, 0, 1]
(2, (0, 1, 0), (1, 0)): [158, 28, 11, 1, 1, 1]
(2, (0, 1, 0), (1, 1)): [105, 22, 4, 0, 2]
(2, (0, 1, 0), (1, 2)): [61, 10, 1, 0, 3]
(2, (0, 1, 0), (2, 0)): [79, 12, 7, 1, 1, 1]
(2, (0, 1, 0), (2, 1)): [73, 15, 3, 0, 0, 1]
(2, (0, 1, 0), (2, 2)): [65, 6, 2, 0, 2]
(2, (0, 1, 0), (3, 0)): [41, 7, 4, 1, 1]
(2, (0, 1, 0), (3, 1)): [35, 8, 1, 0, 1, 1]
(2, (0, 1, 0), (3, 2)): [49, 5, 3, 0, 0, 1]
(2, (0, 1, 1), (0, 0)): [11459, 1071, 2713, 685, 225, 73, 20, 3, 3, 0, 1]
(2, (0, 1, 1), (0, 1)): [38, 5, 5, 2]
(2, (0, 1, 1), (0, 2)): [16, 0, 1, 2]
(2, (0, 1, 1), (1, 0)): [42, 3, 15, 5, 2]
(2, (0, 1, 1), (1, 1)): [29, 4, 10, 2]
(2, (0, 1, 1), (1, 2)): [19, 1, 4, 2]
(2, (0, 1, 1), (2, 0)): [24, 2, 7, 3, 1]
(2, (0, 1, 1), (2, 1)): [13, 2, 5]
(2, (0, 1, 1), (2, 2)): [17, 1, 3]
(2, (0, 1, 1), (3, 2)): [12, 0, 6]
(2, (1, 0, 0), (0, 0)): [84989, 6522, 3023, 1006, 307, 102, 38, 16, 3, 0, 1]
(2, (1, 0, 0), (0, 1)): [239, 6, 8, 2, 0, 1]
(2, (1, 0, 0), (0, 2)): [69, 2, 1, 0, 0, 1]
(2, (1, 0, 0), (1, 0)): [255, 13, 11, 4, 1]
(2, (1, 0, 0), (1, 1)): [196, 5, 9, 3, 1]
(2, (1, 0, 0), (1, 2)): [93, 2, 4, 2]
(2, (1, 0, 0), (2, 0)): [93, 7, 4, 2]
(2, (1, 0, 0), (2, 1)): [96, 4, 3, 0, 1]
(2, (1, 0, 0), (2, 2)): [70, 3, 6, 1]
(2, (1, 0, 0), (3, 0)): [34, 4, 1, 2]
(2, (1, 0, 0), (3, 1)): [39, 1, 1]
(2, (1, 0, 0), (3, 2)): [31, 2, 1, 1]
(2, (1, 0, 1), (0, 0)): [13505, 3910, 1713, 712, 223, 71, 26, 7, 3, 0, 0, 1]
(2, (1, 0, 1), (0, 1)): [25, 6, 3, 6, 1, 1]
(2, (1, 0, 1), (0, 2)): [9, 2, 1, 4]
(2, (1, 0, 1), (1, 0)): [32, 2, 6, 7]
(2, (1, 0, 1), (1, 1)): [12, 3, 1, 2, 1]
(2, (1, 0, 1), (1, 2)): [5, 3, 0, 3]
(2, (1, 0, 1), (2, 0)): [15, 1, 4, 4]
(2, (1, 0, 1), (2, 1)): [6, 1, 1, 2, 1]
(2, (1, 0, 1), (2, 2)): [7, 1, 0, 2]
(2, (1, 0, 1), (3, 0)): [9, 0, 2, 1]
(2, (1, 1, 0), (0, 0)): [26847, 4035, 2202, 1254, 353, 129, 34, 14, 4, 1, 2, 0, 0, 1]
(2, (1, 1, 0), (0, 1)): [83, 13, 4, 2, 2]
(2, (1, 1, 0), (0, 2)): [34, 5, 1, 1]
(2, (1, 1, 0), (1, 0)): [70, 6, 8, 8, 0, 2, 0, 1]
(2, (1, 1, 0), (1, 1)): [45, 7, 2, 2, 1]
(2, (1, 1, 0), (1, 2)): [32, 4, 0, 1]
(2, (1, 1, 0), (2, 0)): [37, 3, 5, 5, 0, 1, 0, 1]
(2, (1, 1, 0), (2, 1)): [27, 4, 2, 2, 1]
(2, (1, 1, 0), (2, 2)): [25, 4, 1, 1, 1]
(2, (1, 1, 0), (3, 0)): [22, 0, 4, 2, 0, 1]
(2, (1, 1, 0), (3, 1)): [16, 1, 3, 3]
(2, (1, 1, 0), (3, 2)): [19, 1, 3, 1, 1]
(2, (1, 1, 1), (0, 0)): [7993, 1265, 1329, 758, 443, 131, 47, 14, 6, 2, 2, 0, 0, 1]
(2, (1, 1, 1), (0, 1)): [30, 3, 4, 3, 1]
(2, (1, 1, 1), (0, 2)): [17, 2]
(2, (1, 1, 1), (1, 0)): [22, 7, 2, 8, 0, 1]
(2, (1, 1, 1), (1, 1)): [12, 2, 3, 4]
(2, (1, 1, 1), (1, 2)): [8, 0, 0, 1]
(2, (1, 1, 1), (2, 0)): [13, 6, 1, 4, 0, 1]
(2, (1, 1, 1), (2, 1)): [10, 5, 3, 4]
(2, (1, 1, 1), (2, 2)): [8, 2, 1, 2]
(2, (1, 1, 1), (3, 0)): [5, 2, 0, 3, 0, 1]
(2, (1, 1, 1), (3, 1)): [6, 3, 0, 2]
(2, (1, 1, 1), (3, 2)): [8, 2, 1, 3]
