(0, (0, 0, 0), (0, 0)): [1720703, 346386, 158801, 72102, 32108, 13615, 5638, 2309, 928, 401, 172, 81, 32, 14, 4, 1, 1, 1]
(0, (0, 0, 0), (0, 1)): [134443, 25467, 11487, 5212, 2237, 965, 405, 143, 57, 25, 12, 5, 2, 3, 0, 1]
(0, (0, 0, 0), (0, 2)): [50356, 8448, 3710, 1628, 705, 304, 131, 46, 19, 7, 4, 1, 1]
(0, (0, 0, 0), (1, 0)): [123236, 27387, 12819, 5990, 2808, 1133, 502, 201, 78, 24, 10, 7, 0, 2, 1, 0, 1]
(0, (0, 0, 0), (1, 1)): [116018, 23254, 10792, 4994, 2146, 914, 394, 139, 58, 16, 13, 7, 1, 3, 0, 1, 1]
(0, (0, 0, 0), (1, 2)): [77808, 13649, 6123, 2717, 1208, 515, 215, 74, 32, 12, 5, 3, 2]
(0, (0, 0, 0), (2, 0)): [39984, 9884, 4890, 2321, 1153, 446, 205, 94, 28, 11, 5, 4, 0, 1, 1]
(0, (0, 0, 0), (2, 1)): [60697, 13319, 6567, 3044, 1391, 578, 252, 115, 38, 7, 8, 6, 0, 1, 0, 0, 1]
(0, (0, 0, 0), (2, 2)): [61852, 11869, 5563, 2552, 1144, 456, 194, 69, 38, 11, 3, 1, 2, 0, 0, 0, 1]
(0, (0, 0, 0), (3, 0)): [11917, 3424, 1907, 978, 487, 194, 92, 33, 11, 5, 2, 0, 0, 1, 1]
(0, (0, 0, 0), (3, 1)): [23310, 6115, 3269, 1594, 769, 321, 138, 64, 20, 5, 3, 5, 0, 1, 1]
(0, (0, 0, 0), (3, 2)): [32858, 7421, 3936, 1788, 863, 364, 152, 56, 26, 10, 3, 5, 2, 0, 1, 0, 1]
(0, (0, 0, 1), (0, 0)): [7022, 21193, 5812, 2754, 1334, 558, 252, 113, 40, 23, 11, 3, 3, 2]
(0, (0, 0, 1), (0, 1)): [408, 1205, 346, 146, 80, 29, 14, 8, 2, 1, 1, 0, 0, 1]
(0, (0, 0, 1), (0, 2)): [178, 459, 115, 52, 27, 12, 2, 2, 2]
(0, (0, 0, 1), (1, 0)): [431, 1436, 408, 216, 109, 48, 18, 9, 1, 1, 2]
(0, (0, 0, 1), (1, 1)): [395, 1139, 324, 139, 86, 31, 19, 7, 0, 1, 2, 0, 0, 1]
(0, (0, 0, 1), (1, 2)): [298, 736, 189, 81, 43, 19, 6, 5, 2, 1, 1]
(0, (0, 0, 1), (2, 0)): [156, 552, 172, 103, 41, 23, 4, 5, 1, 1]
(0, (0, 0, 1), (2, 1)): [216, 654, 212, 107, 66, 20, 12, 4, 0, 1, 1]
(0, (0, 0, 1), (2, 2)): [267, 663, 182, 87, 57, 18, 7, 0, 1, 1, 1]
(0, (0, 0, 1), (3, 0)): [47, 193, 58, 44, 14, 11, 3, 2, 1]
(0, (0, 0, 1), (3, 1)): [90, 305, 92, 67, 32, 11, 5, 4]
(0, (0, 0, 1), (3, 2)): [153, 403, 106, 73, 46, 11, 2, 1, 1, 1, 1]
(0, (0, 1, 0), (0, 0)): [61730, 57939, 22545, 10915, 5192, 2231, 941, 388, 163, 89, 31, 8, 3, 4, 2, 0, 1]
(0, (0, 1, 0), (0, 1)): [4882, 4442, 1699, 777, 364, 165, 84, 28, 12, 5]
(0, (0, 1, 0), (0, 2)): [1972, 1501, 568, 248, 114, 60, 36, 9, 4, 1]
(0, (0, 1, 0), (1, 0)): [4848, 4789, 2020, 1032, 450, 214, 65, 35, 14, 4, 2, 1, 0, 2, 1, 0, 1]
(0, (0, 1, 0), (1, 1)): [4281, 3927, 1595, 763, 330, 152, 59, 26, 4, 3, 0, 0, 0, 1]
(0, (0, 1, 0), (1, 2)): [2968, 2339, 947, 449, 191, 94, 39, 19, 1, 2]
(0, (0, 1, 0), (2, 0)): [1787, 1725, 753, 417, 171, 100, 25, 16, 9, 3, 1, 1, 0, 1, 0, 0, 1]
(0, (0, 1, 0), (2, 1)): [2356, 2192, 958, 456, 199, 110, 36, 16, 4, 3, 1, 0, 0, 1, 0, 0, 1]
(0, (0, 1, 0), (2, 2)): [2567, 1960, 886, 400, 175, 83, 38, 13, 3, 1, 1, 0, 0, 0, 0, 0, 1]
(0, (0, 1, 0), (3, 0)): [630, 513, 247, 177, 70, 44, 15, 10, 6, 1, 0, 1]
(0, (0, 1, 0), (3, 1)): [1012, 881, 439, 267, 108, 64, 17, 12, 1, 1, 0, 1, 0, 1]
(0, (0, 1, 0), (3, 2)): [1488, 1140, 587, 281, 133, 59, 31, 9, 2, 2, 1, 0, 0, 0, 0, 0, 1]
(0, (0, 1, 1), (0, 0)): [5072, 8734, 10460, 4830, 2531, 1209, 512, 231, 117, 47, 11, 8, 2, 2, 2, 0, 1, 1]
(0, (0, 1, 1), (0, 1)): [388, 581, 729, 314, 167, 80, 45, 12, 6, 2, 1, 1, 0, 0, 0, 0, 1]
(0, (0, 1, 1), (0, 2)): [180, 207, 251, 116, 52, 28, 18, 5, 1, 1, 0, 1]
(0, (0, 1, 1), (1, 0)): [393, 786, 895, 448, 226, 120, 43, 21, 14, 2, 0, 2, 0, 0, 1]
(0, (0, 1, 1), (1, 1)): [328, 576, 684, 312, 171, 69, 29, 13, 7, 1, 1, 0, 0, 0, 0, 0, 1]
(0, (0, 1, 1), (1, 2)): [254, 347, 376, 178, 102, 48, 22, 5, 4, 1, 0, 1, 0, 0, 0, 0, 1]
(0, (0, 1, 1), (2, 0)): [170, 355, 357, 201, 110, 75, 20, 9, 7, 2, 0, 1, 0, 0, 1]
(0, (0, 1, 1), (2, 1)): [173, 343, 415, 190, 90, 44, 15, 13, 8, 2, 0, 0, 0, 0, 1]
(0, (0, 1, 1), (2, 2)): [211, 322, 334, 165, 83, 44, 17, 8, 4, 1, 0, 1, 0, 0, 0, 0, 1]
(0, (0, 1, 1), (3, 0)): [96, 161, 154, 100, 68, 42, 11, 2, 2, 1, 0, 1]
(0, (0, 1, 1), (3, 1)): [73, 138, 171, 88, 60, 22, 8, 5, 5, 1, 0, 0, 0, 0, 1]
(0, (0, 1, 1), (3, 2)): [118, 174, 216, 109, 60, 34, 12, 7, 7, 0, 0, 0, 0, 0, 0, 0, 1]
(0, (1, 0, 0), (0, 0)): [366186, 123166, 77751, 38359, 18222, 8129, 3396, 1440, 600, 261, 120, 50, 22, 8, 3, 1, 1, 1]
(0, (1, 0, 0), (0, 1)): [26171, 8036, 5200, 2471, 1198, 525, 219, 96, 38, 7, 2, 3]
(0, (1, 0, 0), (0, 2)): [9595, 2617, 1699, 795, 378, 150, 81, 21, 13, 2, 1, 1]
(0, (1, 0, 0), (1, 0)): [23865, 8636, 5894, 2974, 1462, 662, 287, 111, 46, 24, 13, 4, 0, 4, 1, 0, 1]
(0, (1, 0, 0), (1, 1)): [20209, 6586, 4400, 2131, 1000, 491, 184, 81, 30, 11, 7, 2, 0, 1]
(0, (1, 0, 0), (1, 2)): [12788, 3650, 2436, 1200, 560, 231, 113, 39, 18, 6, 0, 1]
(0, (1, 0, 0), (2, 0)): [7430, 2880, 2049, 1142, 582, 258, 125, 47, 18, 12, 7, 1, 0, 3, 0, 0, 1]
(0, (1, 0, 0), (2, 1)): [9891, 3418, 2386, 1220, 581, 288, 108, 46, 18, 9, 5, 2, 0, 3, 0, 0, 1]
(0, (1, 0, 0), (2, 2)): [9258, 2825, 1956, 924, 464, 184, 92, 35, 17, 8, 2, 1, 0, 2]
(0, (1, 0, 0), (3, 0)): [1935, 892, 673, 450, 240, 101, 55, 20, 7, 5, 3, 1]
(0, (1, 0, 0), (3, 1)): [3468, 1416, 1035, 645, 322, 150, 53, 26, 9, 6, 4, 1, 0, 1]
(0, (1, 0, 0), (3, 2)): [4341, 1595, 1123, 634, 321, 138, 58, 26, 11, 6, 2, 0, 0, 1]
(0, (1, 0, 1), (0, 0)): [8701, 26573, 10868, 7513, 3946, 1816, 855, 341, 169, 62, 36, 15, 5, 2, 2, 0, 0, 1]
(0, (1, 0, 1), (0, 1)): [616, 1838, 721, 512, 264, 131, 54, 13, 10, 2, 2, 0, 1, 1]
(0, (1, 0, 1), (0, 2)): [268, 659, 238, 160, 83, 45, 19, 5, 4, 1, 0, 0, 0, 1]
(0, (1, 0, 1), (1, 0)): [567, 1989, 792, 578, 307, 156, 50, 24, 15, 3, 4, 0, 0, 0, 1]
(0, (1, 0, 1), (1, 1)): [501, 1476, 597, 419, 218, 92, 37, 15, 10, 0, 3]
(0, (1, 0, 1), (1, 2)): [394, 838, 347, 223, 129, 44, 19, 7, 5, 1]
(0, (1, 0, 1), (2, 0)): [195, 675, 277, 206, 122, 75, 22, 9, 3, 2, 1]
(0, (1, 0, 1), (2, 1)): [227, 788, 319, 236, 115, 71, 22, 7, 9, 0, 2]
(0, (1, 0, 1), (2, 2)): [294, 671, 264, 187, 98, 47, 19, 11, 4, 1, 2]
(0, (1, 0, 1), (3, 0)): [65, 211, 92, 58, 46, 31, 8, 5, 0, 1, 1]
(0, (1, 0, 1), (3, 1)): [82, 264, 124, 99, 72, 38, 7, 2, 3, 1]
(0, (1, 0, 1), (3, 2)): [134, 313, 163, 114, 78, 42, 10, 8, 6, 2, 2]
(0, (1, 1, 0), (0, 0)): [50583, 32258, 24298, 17324, 9161, 4299, 1818, 856, 345, 162, 75, 28, 11, 4, 0, 0, 1]
(0, (1, 1, 0), (0, 1)): [3979, 2219, 1557, 1164, 661, 267, 124, 54, 14, 9, 4, 4, 0, 0, 0, 0, 1]
(0, (1, 1, 0), (0, 2)): [1606, 770, 510, 385, 214, 84, 43, 18, 5, 3, 1]
(0, (1, 1, 0), (1, 0)): [3243, 2139, 1668, 1251, 636, 342, 145, 62, 27, 9, 3, 0, 1, 2]
(0, (1, 1, 0), (1, 1)): [2911, 1672, 1255, 994, 511, 246, 101, 41, 12, 7, 5, 2, 1, 1, 0, 0, 1]
(0, (1, 1, 0), (1, 2)): [2062, 1023, 717, 596, 300, 109, 53, 27, 4, 5, 2, 1, 0, 1, 0, 0, 1]
(0, (1, 1, 0), (2, 0)): [963, 688, 580, 410, 234, 124, 62, 28, 14, 4, 0, 0, 0, 1]
(0, (1, 1, 0), (2, 1)): [1326, 849, 689, 515, 288, 143, 61, 24, 12, 4, 3, 1, 1]
(0, (1, 1, 0), (2, 2)): [1402, 759, 576, 469, 246, 110, 50, 25, 6, 5, 3, 0, 0, 0, 0, 0, 1]
(0, (1, 1, 0), (3, 0)): [229, 216, 211, 142, 85, 49, 23, 13, 7, 3, 0, 0, 0, 1]
(0, (1, 1, 0), (3, 1)): [490, 352, 311, 225, 146, 75, 37, 12, 9, 3, 1, 0, 1]
(0, (1, 1, 0), (3, 2)): [676, 408, 357, 296, 174, 79, 36, 19, 7, 2, 2, 0, 0, 0, 0, 0, 1]
(0, (1, 1, 1), (0, 0)): [4879, 9327, 7671, 5723, 4544, 2258, 1043, 508, 228, 100, 49, 16, 6, 3, 1, 0, 1]
(0, (1, 1, 1), (0, 1)): [413, 705, 594, 386, 334, 147, 65, 31, 21, 8, 2, 1, 2, 1]
(0, (1, 1, 1), (0, 2)): [207, 273, 217, 136, 114, 57, 19, 8, 8, 2, 1, 1, 1]
(0, (1, 1, 1), (1, 0)): [284, 642, 561, 418, 326, 182, 73, 26, 12, 4, 3, 2, 0, 1, 0, 0, 1]
(0, (1, 1, 1), (1, 1)): [286, 573, 471, 314, 265, 130, 58, 26, 11, 9, 3, 0, 1, 1, 0, 0, 1]
(0, (1, 1, 1), (1, 2)): [260, 398, 301, 202, 163, 67, 22, 16, 7, 1, 1, 1, 0, 1, 0, 0, 1]
(0, (1, 1, 1), (2, 0)): [76, 199, 196, 154, 131, 77, 21, 12, 5, 0, 1, 1, 0, 1]
(0, (1, 1, 1), (2, 1)): [128, 247, 234, 168, 123, 81, 28, 14, 10, 4, 1, 0, 1]
(0, (1, 1, 1), (2, 2)): [157, 284, 234, 156, 119, 65, 18, 12, 3, 2, 0, 1, 1]
(0, (1, 1, 1), (3, 0)): [14, 59, 60, 59, 44, 31, 11, 5, 2, 0, 1, 1, 0, 1]
(0, (1, 1, 1), (3, 1)): [38, 98, 99, 80, 57, 35, 19, 4, 4, 2, 1, 1, 0, 1]
(0, (1, 1, 1), (3, 2)): [63, 132, 132, 95, 77, 38, 20, 7, 5, 1, 0, 1, 1, 1]
(1, (0, 0, 0), (0, 0)): [1397745, 152688, 62346, 24611, 9538, 3588, 1401, 514, 186, 75, 29, 19, 7, 3, 0, 1]
(1, (0, 0, 0), (0, 1)): [110975, 11247, 4478, 1785, 700, 233, 83, 38, 8, 1, 0, 2, 0, 1]
(1, (0, 0, 0), (0, 2)): [41594, 3557, 1357, 528, 219, 68, 20, 9, 0, 0, 0, 1]
(1, (0, 0, 0), (1, 0)): [105472, 13040, 5469, 2178, 866, 304, 133, 45, 14, 7, 2, 2, 0, 0, 0, 1]
(1, (0, 0, 0), (1, 1)): [98172, 10641, 4357, 1740, 690, 236, 101, 38, 12, 3, 0, 1, 0, 1]
(1, (0, 0, 0), (1, 2)): [64818, 5870, 2349, 953, 387, 137, 45, 13, 3]
(1, (0, 0, 0), (2, 0)): [35379, 5031, 2257, 897, 360, 132, 60, 21, 5, 4, 2, 2, 0, 0, 0, 1]
(1, (0, 0, 0), (2, 1)): [52591, 6484, 2811, 1081, 440, 159, 57, 26, 5, 5, 1, 1]
(1, (0, 0, 0), (2, 2)): [52868, 5390, 2261, 925, 378, 133, 45, 17, 6, 2, 1]
(1, (0, 0, 0), (3, 0)): [10617, 1708, 950, 370, 149, 57, 33, 9, 4, 2, 1, 1, 0, 0, 0, 1]
(1, (0, 0, 0), (3, 1)): [21140, 3203, 1563, 636, 253, 98, 46, 11, 2, 3]
(1, (0, 0, 0), (3, 2)): [29005, 3690, 1720, 713, 294, 95, 41, 9, 5, 3, 1]
(1, (0, 0, 1), (0, 0)): [39062, 56386, 11097, 4706, 1964, 805, 298, 120, 54, 22, 12, 6, 4, 2]
(1, (0, 0, 1), (0, 1)): [2826, 3432, 711, 257, 112, 44, 14, 5, 1, 0, 2, 1]
(1, (0, 0, 1), (0, 2)): [1215, 1121, 227, 76, 40, 10, 5, 1, 1, 0, 0, 1]
(1, (0, 0, 1), (1, 0)): [3095, 4737, 947, 454, 170, 89, 27, 9, 7, 2]
(1, (0, 0, 1), (1, 1)): [2696, 3448, 699, 277, 119, 54, 11, 5, 1, 1, 1]
(1, (0, 0, 1), (1, 2)): [1962, 1928, 355, 137, 62, 23, 5, 1, 1, 0, 0, 1]
(1, (0, 0, 1), (2, 0)): [1252, 1908, 429, 224, 84, 43, 17, 5, 6, 1]
(1, (0, 0, 1), (2, 1)): [1546, 2060, 443, 196, 82, 38, 13, 4, 3, 0, 1]
(1, (0, 0, 1), (2, 2)): [1697, 1721, 345, 154, 60, 29, 6, 2, 1, 0, 1, 1]
(1, (0, 0, 1), (3, 0)): [578, 810, 204, 124, 45, 23, 7, 4, 1]
(1, (0, 0, 1), (3, 1)): [637, 879, 214, 115, 40, 20, 10, 4, 1]
(1, (0, 0, 1), (3, 2)): [979, 1058, 257, 129, 52, 23, 10, 2, 1, 0, 1]
(1, (0, 1, 0), (0, 0)): [191443, 84822, 30573, 13110, 5270, 2076, 717, 327, 102, 46, 26, 9, 9, 2, 1]
(1, (0, 1, 0), (0, 1)): [14024, 5604, 1962, 828, 317, 130, 42, 22, 7, 4, 2]
(1, (0, 1, 0), (0, 2)): [5383, 1943, 637, 259, 90, 42, 14, 6, 3, 1]
(1, (0, 1, 0), (1, 0)): [16050, 6940, 2682, 1311, 562, 207, 76, 35, 14, 4, 4, 0, 0, 1]
(1, (0, 1, 0), (1, 1)): [13035, 5183, 1864, 880, 348, 138, 44, 19, 7, 3, 1, 0, 0, 1]
(1, (0, 1, 0), (1, 2)): [8616, 3116, 1078, 450, 153, 67, 18, 15, 5, 3]
(1, (0, 1, 0), (2, 0)): [6869, 2881, 1204, 678, 299, 111, 45, 25, 8, 2, 4]
(1, (0, 1, 0), (2, 1)): [7470, 3046, 1153, 611, 278, 91, 36, 16, 5, 2, 1, 0, 0, 1]
(1, (0, 1, 0), (2, 2)): [7375, 2673, 979, 438, 175, 62, 16, 10, 7, 3]
(1, (0, 1, 0), (3, 0)): [3233, 1239, 556, 393, 175, 65, 27, 14, 6, 1, 2]
(1, (0, 1, 0), (3, 1)): [3529, 1348, 592, 379, 196, 62, 30, 11, 6, 2, 2, 0, 0, 1]
(1, (0, 1, 0), (3, 2)): [4492, 1609, 706, 378, 184, 48, 20, 9, 4, 4, 1, 0, 0, 1]
(1, (0, 1, 1), (0, 0)): [30277, 25077, 22415, 8927, 4570, 1786, 706, 277, 127, 43, 12, 7, 2, 2, 0, 1]
(1, (0, 1, 1), (0, 1)): [1888, 1454, 1231, 490, 223, 82, 49, 17, 3, 1]
(1, (0, 1, 1), (0, 2)): [884, 465, 426, 175, 87, 19, 19, 6, 1, 1]
(1, (0, 1, 1), (1, 0)): [2700, 2426, 1846, 772, 511, 176, 68, 27, 9, 4]
(1, (0, 1, 1), (1, 1)): [1669, 1344, 1126, 444, 210, 72, 31, 18, 2, 1]
(1, (0, 1, 1), (1, 2)): [1332, 757, 694, 265, 130, 43, 20, 10, 1, 1]
(1, (0, 1, 1), (2, 0)): [1593, 1353, 1012, 458, 364, 134, 53, 17, 8, 3]
(1, (0, 1, 1), (2, 1)): [910, 782, 642, 272, 141, 48, 23, 7, 0, 2]
(1, (0, 1, 1), (2, 2)): [1077, 657, 591, 243, 117, 34, 10, 7, 1, 1]
(1, (0, 1, 1), (3, 0)): [1181, 975, 651, 334, 303, 112, 45, 15, 8, 2]
(1, (0, 1, 1), (3, 1)): [387, 354, 292, 116, 80, 37, 17, 4, 0, 1]
(1, (0, 1, 1), (3, 2)): [593, 423, 332, 147, 78, 29, 8, 7, 1, 1]
(1, (1, 0, 0), (0, 0)): [529038, 94656, 60245, 25509, 10316, 4053, 1611, 573, 236, 100, 35, 27, 5, 3, 0, 2]
(1, (1, 0, 0), (0, 1)): [37962, 6121, 3931, 1684, 646, 237, 121, 36, 6, 6, 2, 1]
(1, (1, 0, 0), (0, 2)): [13769, 1903, 1235, 500, 179, 78, 45, 13, 2, 3]
(1, (1, 0, 0), (1, 0)): [37472, 7345, 4938, 2147, 867, 336, 136, 48, 15, 8, 1, 2, 1, 0, 0, 1]
(1, (1, 0, 0), (1, 1)): [31080, 5406, 3561, 1532, 593, 214, 94, 29, 7, 4, 3, 3, 0, 0, 0, 1]
(1, (1, 0, 0), (1, 2)): [19548, 2945, 1951, 772, 297, 119, 50, 19, 3, 3, 2, 1]
(1, (1, 0, 0), (2, 0)): [12130, 2595, 1817, 880, 359, 148, 61, 16, 8, 4, 0, 0, 1]
(1, (1, 0, 0), (2, 1)): [15651, 3003, 2028, 972, 360, 138, 69, 13, 6, 1, 1, 1, 0, 0, 0, 1]
(1, (1, 0, 0), (2, 2)): [14685, 2404, 1620, 726, 281, 112, 49, 12, 2, 2, 2]
(1, (1, 0, 0), (3, 0)): [3404, 888, 540, 342, 156, 65, 19, 4, 2, 3, 0, 0, 1]
(1, (1, 0, 0), (3, 1)): [5914, 1414, 885, 504, 201, 70, 33, 8, 3, 3, 1, 0, 0, 0, 0, 1]
(1, (1, 0, 0), (3, 2)): [7292, 1521, 947, 520, 201, 75, 34, 5, 4, 2, 3, 0, 0, 0, 0, 1]
(1, (1, 0, 1), (0, 0)): [42738, 49771, 16063, 10680, 4587, 1860, 726, 287, 94, 61, 16, 7, 0, 1]
(1, (1, 0, 1), (0, 1)): [3443, 3142, 1014, 658, 296, 123, 45, 15, 6, 6]
(1, (1, 0, 1), (0, 2)): [1492, 974, 339, 207, 89, 43, 19, 9, 2, 3]
(1, (1, 0, 1), (1, 0)): [3077, 3604, 1200, 837, 392, 133, 48, 21, 6, 7, 0, 1]
(1, (1, 0, 1), (1, 1)): [2706, 2554, 831, 610, 240, 90, 36, 10, 5, 3, 0, 1]
(1, (1, 0, 1), (1, 2)): [1969, 1447, 501, 326, 124, 62, 18, 14, 3, 3]
(1, (1, 0, 1), (2, 0)): [1051, 1225, 436, 306, 173, 61, 20, 10, 2, 3]
(1, (1, 0, 1), (2, 1)): [1322, 1281, 428, 334, 151, 46, 19, 7, 5, 1, 0, 1]
(1, (1, 0, 1), (2, 2)): [1379, 1097, 402, 260, 122, 40, 17, 8, 5, 2]
(1, (1, 0, 1), (3, 0)): [345, 430, 165, 107, 85, 31, 11, 2, 0, 2]
(1, (1, 0, 1), (3, 1)): [477, 535, 203, 140, 81, 32, 7, 4, 0, 1, 0, 1]
(1, (1, 0, 1), (3, 2)): [672, 599, 243, 168, 91, 35, 13, 7, 3, 2, 0, 1]
(1, (1, 1, 0), (0, 0)): [145642, 44778, 29942, 21256, 8916, 3665, 1439, 571, 231, 88, 33, 19, 9, 5, 1]
(1, (1, 1, 0), (0, 1)): [11561, 3106, 1886, 1446, 604, 241, 87, 34, 12, 4, 3, 3]
(1, (1, 1, 0), (0, 2)): [4664, 1088, 618, 482, 203, 81, 28, 9, 5, 0, 1]
(1, (1, 1, 0), (1, 0)): [10092, 3401, 2319, 1690, 728, 303, 137, 44, 14, 6, 3, 0, 2, 1]
(1, (1, 1, 0), (1, 1)): [8978, 2651, 1755, 1293, 547, 215, 85, 33, 4, 6, 4, 2]
(1, (1, 1, 0), (1, 2)): [6388, 1578, 980, 752, 319, 97, 38, 18, 1, 1, 4, 2]
(1, (1, 1, 0), (2, 0)): [3202, 1194, 802, 608, 288, 136, 60, 20, 9, 3, 1, 0, 2, 1]
(1, (1, 1, 0), (2, 1)): [4416, 1484, 981, 733, 308, 157, 66, 14, 9, 2, 2, 0, 1]
(1, (1, 1, 0), (2, 2)): [4731, 1273, 799, 613, 276, 107, 42, 10, 3, 1, 2, 1]
(1, (1, 1, 0), (3, 0)): [788, 433, 280, 168, 118, 54, 22, 12, 3, 1, 0, 0, 1]
(1, (1, 1, 0), (3, 1)): [1603, 703, 476, 333, 176, 79, 34, 12, 6, 3, 1, 0, 1]
(1, (1, 1, 0), (3, 2)): [2235, 801, 528, 357, 199, 77, 35, 11, 4, 3, 1, 1, 1]
(1, (1, 1, 1), (0, 0)): [29579, 23717, 15086, 9834, 7236, 3068, 1249, 462, 197, 73, 24, 17, 9, 4, 1, 1]
(1, (1, 1, 1), (0, 1)): [2429, 1713, 1080, 653, 494, 196, 75, 33, 14, 1, 2, 1, 0, 1]
(1, (1, 1, 1), (0, 2)): [1130, 583, 385, 232, 154, 61, 31, 11, 4, 1, 2, 0, 0, 1]
(1, (1, 1, 1), (1, 0)): [1935, 1753, 1077, 667, 561, 253, 118, 30, 16, 9, 1, 2, 2]
(1, (1, 1, 1), (1, 1)): [1832, 1446, 895, 542, 424, 181, 67, 27, 11, 3, 1, 2]
(1, (1, 1, 1), (1, 2)): [1420, 813, 546, 324, 229, 100, 42, 17, 7, 2, 1, 2, 0, 1]
(1, (1, 1, 1), (2, 0)): [492, 552, 375, 231, 207, 99, 48, 12, 2, 3, 0, 1, 1]
(1, (1, 1, 1), (2, 1)): [785, 754, 458, 291, 220, 116, 45, 10, 4, 2, 1, 1]
(1, (1, 1, 1), (2, 2)): [947, 645, 432, 270, 198, 89, 40, 10, 4, 3, 1, 2, 0, 1]
(1, (1, 1, 1), (3, 0)): [93, 177, 116, 87, 66, 41, 15, 5, 1, 1, 0, 0, 1]
(1, (1, 1, 1), (3, 1)): [203, 322, 204, 135, 105, 59, 14, 6, 1, 1, 0, 0, 1]
(1, (1, 1, 1), (3, 2)): [378, 361, 231, 158, 120, 66, 21, 11, 1, 1, 1, 1, 0, 1]
(2, (0, 0, 0), (0, 0)): [1215639, 55206, 18403, 5851, 1955, 621, 215, 70, 12, 7, 5, 0, 1]
(2, (0, 0, 0), (0, 1)): [96007, 3880, 1256, 377, 151, 39, 15, 6, 1]
(2, (0, 0, 0), (0, 2)): [35623, 1024, 327, 112, 49, 7, 1, 4]
(2, (0, 0, 0), (1, 0)): [95388, 5286, 1819, 574, 211, 52, 23, 7, 1, 0, 0, 0, 1]
(2, (0, 0, 0), (1, 1)): [86865, 4007, 1354, 374, 153, 42, 18, 2, 1]
(2, (0, 0, 0), (1, 2)): [56296, 1816, 628, 193, 81, 19, 8, 3]
(2, (0, 0, 0), (2, 0)): [33869, 2101, 866, 272, 99, 22, 11, 5, 0, 0, 0, 0, 1]
(2, (0, 0, 0), (2, 1)): [48672, 2645, 1002, 279, 101, 25, 11, 4]
(2, (0, 0, 0), (2, 2)): [47874, 1923, 717, 211, 81, 22, 5, 3]
(2, (0, 0, 0), (3, 0)): [10787, 750, 404, 123, 45, 10, 5, 2, 0, 0, 0, 0, 1]
(2, (0, 0, 0), (3, 1)): [20637, 1328, 628, 194, 63, 14, 6, 2]
(2, (0, 0, 0), (3, 2)): [28066, 1492, 679, 191, 69, 17, 3, 2]
(2, (0, 0, 1), (0, 0)): [115190, 35283, 7052, 2372, 834, 282, 84, 28, 5, 2, 0, 1]
(2, (0, 0, 1), (0, 1)): [8668, 2168, 455, 145, 49, 15, 9, 3, 1]
(2, (0, 0, 1), (0, 2)): [3381, 663, 130, 40, 11, 4, 3]
(2, (0, 0, 1), (1, 0)): [10287, 2909, 717, 264, 89, 36, 7, 4]
(2, (0, 0, 1), (1, 1)): [8256, 2087, 454, 166, 57, 22, 6, 3, 1]
(2, (0, 0, 1), (1, 2)): [5569, 1078, 221, 72, 28, 10, 4, 1]
(2, (0, 0, 1), (2, 0)): [4476, 1217, 354, 152, 46, 20, 4, 2]
(2, (0, 0, 1), (2, 1)): [4946, 1346, 352, 137, 44, 17, 4, 3]
(2, (0, 0, 1), (2, 2)): [5039, 1041, 274, 90, 29, 16, 3, 1]
(2, (0, 0, 1), (3, 0)): [2153, 491, 176, 95, 20, 12, 3, 1]
(2, (0, 0, 1), (3, 1)): [2386, 664, 179, 89, 32, 11, 5, 2]
(2, (0, 0, 1), (3, 2)): [3205, 730, 211, 93, 22, 13, 5]
(2, (0, 1, 0), (0, 0)): [303599, 64264, 17322, 6066, 1976, 659, 204, 64, 16, 10, 6, 0, 1]
(2, (0, 1, 0), (0, 1)): [22000, 3936, 1020, 304, 118, 26, 13, 5, 2, 1, 1]
(2, (0, 1, 0), (0, 2)): [8517, 1171, 293, 80, 33, 4, 4, 0, 0, 1]
(2, (0, 1, 0), (1, 0)): [26880, 5272, 1789, 754, 215, 76, 24, 9, 0, 1, 0, 0, 1]
(2, (0, 1, 0), (1, 1)): [20857, 3872, 1126, 373, 135, 33, 18, 6, 2, 0, 1]
(2, (0, 1, 0), (1, 2)): [13706, 2000, 498, 178, 58, 13, 7, 2, 0, 1]
(2, (0, 1, 0), (2, 0)): [12394, 2255, 895, 477, 131, 47, 11, 6, 0, 1, 0, 0, 1]
(2, (0, 1, 0), (2, 1)): [12519, 2409, 805, 302, 97, 27, 10, 4, 2, 0, 1, 0, 1]
(2, (0, 1, 0), (2, 2)): [12268, 1941, 530, 215, 75, 17, 8, 5, 0, 1]
(2, (0, 1, 0), (3, 0)): [6507, 1015, 464, 336, 92, 31, 10, 6, 0, 1]
(2, (0, 1, 0), (3, 1)): [5799, 1103, 460, 221, 76, 24, 8, 2, 2, 0, 1, 0, 1]
(2, (0, 1, 0), (3, 2)): [7740, 1263, 465, 232, 73, 19, 9, 3, 0, 0, 0, 0, 1]
(2, (0, 1, 1), (0, 0)): [69720, 6042, 15156, 4114, 1624, 529, 179, 54, 21, 5, 4, 1, 0, 1]
(2, (0, 1, 1), (0, 1)): [5147, 341, 864, 222, 80, 34, 8, 5]
(2, (0, 1, 1), (0, 2)): [2145, 127, 269, 77, 36, 7, 4, 1]
(2, (0, 1, 1), (1, 0)): [6335, 645, 1255, 418, 198, 65, 24, 3, 3, 0, 2]
(2, (0, 1, 1), (1, 1)): [4693, 335, 832, 227, 69, 36, 7, 4, 2]
(2, (0, 1, 1), (1, 2)): [3442, 193, 452, 129, 51, 16, 4, 2]
(2, (0, 1, 1), (2, 0)): [3159, 365, 601, 241, 141, 45, 16, 2, 1, 0, 2]
(2, (0, 1, 1), (2, 1)): [2741, 224, 537, 139, 56, 26, 6, 2, 2, 0, 1]
(2, (0, 1, 1), (2, 2)): [3020, 204, 413, 120, 45, 23, 6, 2, 1]
(2, (0, 1, 1), (3, 0)): [1937, 259, 323, 150, 105, 33, 13, 1, 0, 0, 1]
(2, (0, 1, 1), (3, 1)): [1335, 115, 268, 84, 37, 13, 5, 1, 1, 0, 1]
(2, (0, 1, 1), (3, 2)): [1921, 153, 308, 98, 44, 23, 6, 3, 2]
(2, (1, 0, 0), (0, 0)): [641400, 46703, 30056, 9560, 3085, 990, 391, 109, 21, 13, 6, 1, 1]
(2, (1, 0, 0), (0, 1)): [45467, 2770, 1815, 595, 198, 66, 35, 8, 2, 0, 0, 1]
(2, (1, 0, 0), (0, 2)): [16449, 763, 457, 155, 55, 14, 12]
(2, (1, 0, 0), (1, 0)): [46497, 3915, 2631, 944, 293, 86, 40, 12, 1, 1, 0, 0, 1]
(2, (1, 0, 0), (1, 1)): [38694, 2557, 1716, 606, 182, 57, 27, 8, 1]
(2, (1, 0, 0), (1, 2)): [24157, 1205, 757, 281, 85, 25, 10, 2]
(2, (1, 0, 0), (2, 0)): [15627, 1561, 987, 430, 133, 39, 19, 8, 1, 1, 0, 0, 1]
(2, (1, 0, 0), (2, 1)): [20185, 1572, 1027, 392, 126, 39, 20, 6, 0, 0, 0, 0, 1]
(2, (1, 0, 0), (2, 2)): [18814, 1167, 711, 262, 101, 31, 12, 3]
(2, (1, 0, 0), (3, 0)): [4642, 596, 345, 214, 64, 17, 8, 3, 0, 1]
(2, (1, 0, 0), (3, 1)): [8131, 825, 504, 275, 66, 25, 10, 2, 0, 1, 0, 0, 1]
(2, (1, 0, 0), (3, 2)): [9820, 877, 492, 247, 75, 31, 10, 4, 0, 1, 0, 0, 1]
(2, (1, 0, 1), (0, 0)): [110836, 26743, 10621, 6307, 2059, 685, 231, 74, 25, 8, 0, 3, 1]
(2, (1, 0, 1), (0, 1)): [8874, 1741, 678, 422, 126, 41, 10, 3, 2, 1, 0, 1]
(2, (1, 0, 1), (0, 2)): [3536, 510, 204, 111, 40, 8, 2, 1, 1]
(2, (1, 0, 1), (1, 0)): [8822, 1992, 926, 592, 213, 69, 27, 6]
(2, (1, 0, 1), (1, 1)): [7378, 1534, 638, 404, 146, 51, 19, 3, 1, 1, 0, 1]
(2, (1, 0, 1), (1, 2)): [4899, 789, 330, 192, 70, 20, 9, 2, 1, 0, 0, 1]
(2, (1, 0, 1), (2, 0)): [3188, 695, 383, 236, 85, 26, 10, 4]
(2, (1, 0, 1), (2, 1)): [4062, 831, 402, 215, 98, 35, 7, 1, 0, 1]
(2, (1, 0, 1), (2, 2)): [3800, 637, 306, 157, 58, 23, 6, 2, 1, 0, 0, 1]
(2, (1, 0, 1), (3, 0)): [1087, 216, 156, 99, 38, 9, 7, 1]
(2, (1, 0, 1), (3, 1)): [1735, 323, 193, 112, 68, 17, 7, 0, 0, 1]
(2, (1, 0, 1), (3, 2)): [2077, 335, 227, 111, 51, 21, 6, 2, 1]
(2, (1, 1, 0), (0, 0)): [248914, 37994, 19109, 13003, 4168, 1347, 456, 151, 50, 23, 8, 2, 2, 1]
(2, (1, 1, 0), (0, 1)): [19125, 2554, 1154, 854, 242, 68, 29, 17, 2, 2, 0, 1, 1]
(2, (1, 1, 0), (0, 2)): [7749, 752, 321, 238, 68, 17, 8, 6, 2]
(2, (1, 1, 0), (1, 0)): [18372, 2838, 1576, 1162, 425, 115, 51, 8, 3, 1, 1]
(2, (1, 1, 0), (1, 1)): [16154, 2204, 1130, 832, 230, 70, 30, 11, 2, 3, 0, 1, 1]
(2, (1, 1, 0), (1, 2)): [11253, 1142, 564, 407, 115, 38, 12, 9, 2]
(2, (1, 1, 0), (2, 0)): [6234, 1009, 626, 442, 226, 63, 25, 3]
(2, (1, 1, 0), (2, 1)): [8546, 1192, 749, 505, 170, 41, 26, 6, 1, 1, 0, 0, 1]
(2, (1, 1, 0), (2, 2)): [8793, 965, 533, 413, 136, 33, 21, 8, 3]
(2, (1, 1, 0), (3, 0)): [2006, 343, 244, 144, 121, 35, 10]
(2, (1, 1, 0), (3, 1)): [3554, 531, 415, 238, 124, 38, 16, 2, 0, 0, 0, 0, 1]
(2, (1, 1, 0), (3, 2)): [4855, 572, 433, 290, 144, 30, 15, 4, 2]
(2, (1, 1, 1), (0, 0)): [72282, 10544, 12141, 6033, 4378, 1379, 466, 151, 51, 10, 9, 3, 1, 1]
(2, (1, 1, 1), (0, 1)): [6195, 664, 843, 422, 302, 75, 28, 8, 2, 0, 2, 0, 1]
(2, (1, 1, 1), (0, 2)): [2688, 209, 240, 120, 87, 22, 8, 4, 1, 0, 1]
(2, (1, 1, 1), (1, 0)): [4931, 1124, 935, 547, 390, 139, 45, 8, 5, 0, 1, 2]
(2, (1, 1, 1), (1, 1)): [4862, 701, 756, 423, 299, 87, 31, 8, 2, 0, 1, 0, 1]
(2, (1, 1, 1), (1, 2)): [3682, 359, 379, 184, 147, 44, 10, 7, 1, 0, 1]
(2, (1, 1, 1), (2, 0)): [1391, 662, 317, 222, 162, 61, 17, 2, 2, 0, 0, 2]
(2, (1, 1, 1), (2, 1)): [2235, 589, 427, 254, 190, 63, 26, 2, 0, 0, 0, 0, 1]
(2, (1, 1, 1), (2, 2)): [2564, 406, 333, 196, 145, 48, 16, 6, 1, 0, 1]
(2, (1, 1, 1), (3, 0)): [230, 413, 92, 108, 53, 33, 7, 0, 1, 0, 0, 1]
(2, (1, 1, 1), (3, 1)): [652, 508, 169, 159, 100, 40, 16, 0, 0, 0, 0, 1]
(2, (1, 1, 1), (3, 2)): [1067, 469, 205, 184, 117, 39, 19, 4, 1, 0, 1]
