(0, (0, 0, 0), (0, 0)): [16073, 3318, 1540, 734, 324, 134, 62, 27, 9, 4, 7]
(0, (0, 0, 0), (0, 1)): [63, 9, 3, 2]
(0, (0, 0, 0), (0, 2)): [29, 4, 1, 1]
(0, (0, 0, 0), (1, 0)): [55, 11, 3, 0, 0, 1, 1]
(0, (0, 0, 0), (1, 1)): [44, 4, 5, 1]
(0, (0, 0, 0), (1, 2)): [40, 0, 2, 2]
(0, (0, 0, 0), (2, 0)): [23, 3, 0, 0, 0, 1]
(0, (0, 0, 0), (2, 1)): [29, 5, 1, 0, 0, 1]
(0, (0, 0, 0), (2, 2)): [36, 3, 0, 0, 0, 1]
(0, (0, 0, 0), (3, 0)): [4, 1]
(0, (0, 0, 0), (3, 1)): [5, 1]
(0, (0, 0, 0), (3, 2)): [18, 2, 0, 0, 0, 1]
(0, (0, 0, 1), (0, 0)): [106, 362, 101, 40, 23, 9, 6, 2, 0, 1, 1]
(0, (0, 0, 1), (1, 0)): [0, 1]
(0, (0, 0, 1), (2, 0)): [0, 1]
(0, (0, 1, 0), (0, 0)): [622, 599, 217, 126, 56, 23, 8, 3, 1, 1, 1]
(0, (0, 1, 0), (0, 1)): [1, 1, 1]
(0, (0, 1, 0), (1, 0)): [5, 2, 0, 1]
(0, (0, 1, 0), (1, 1)): [3, 1, 1]
(0, (0, 1, 0), (1, 2)): [0, 1, 1]
(0, (0, 1, 0), (2, 0)): [1, 2, 0, 1]
(0, (0, 1, 0), (2, 1)): [1, 0, 0, 1]
(0, (0, 1, 0), (2, 2)): [1, 0, 0, 1]
(0, (0, 1, 0), (3, 0)): [1, 1]
(0, (0, 1, 0), (3, 1)): [1]
(0, (0, 1, 0), (3, 2)): [1, 0, 0, 1]
(0, (0, 1, 1), (0, 0)): [44, 92, 142, 62, 26, 8, 6, 4, 2, 1, 1]
(0, (0, 1, 1), (1, 0)): [0, 0, 0, 0, 0, 0, 1]
(0, (1, 0, 0), (0, 0)): [3812, 1424, 856, 428, 198, 93, 40, 18, 6, 3, 4]
(0, (1, 0, 0), (0, 1)): [15, 1]
(0, (1, 0, 0), (0, 2)): [5]
(0, (1, 0, 0), (1, 0)): [9, 4, 1, 1]
(0, (1, 0, 0), (1, 1)): [7, 1]
(0, (1, 0, 0), (1, 2)): [5]
(0, (1, 0, 0), (2, 0)): [2, 1, 1, 1]
(0, (1, 0, 0), (2, 1)): [3, 1, 1, 1]
(0, (1, 0, 0), (2, 2)): [3, 0, 0, 1]
(0, (1, 0, 0), (3, 0)): [1]
(0, (1, 0, 0), (3, 1)): [1]
(0, (1, 0, 0), (3, 2)): [1]
(0, (1, 0, 1), (0, 0)): [103, 231, 124, 95, 52, 28, 11, 8, 3, 2, 2]
(0, (1, 0, 1), (0, 1)): [0, 0, 0, 1]
(0, (1, 0, 1), (1, 0)): [1, 1]
(0, (1, 0, 1), (1, 1)): [1, 1]
(0, (1, 0, 1), (1, 2)): [1]
(0, (1, 1, 0), (0, 0)): [503, 329, 319, 181, 118, 54, 28, 9, 1, 4, 1]
(0, (1, 1, 0), (0, 1)): [2, 0, 1]
(0, (1, 1, 0), (0, 2)): [1]
(0, (1, 1, 0), (1, 0)): [1, 1, 0, 0, 0, 0, 1]
(0, (1, 1, 0), (1, 1)): [1, 1, 1]
(0, (1, 1, 0), (1, 2)): [1, 1, 1]
(0, (1, 1, 0), (2, 2)): [0, 1]
(0, (1, 1, 1), (0, 0)): [67, 101, 90, 77, 59, 28, 16, 6, 2, 4, 1]
(0, (1, 1, 1), (0, 1)): [0, 0, 0, 1]
(0, (1, 1, 1), (0, 2)): [0, 0, 0, 1]
(1, (0, 0, 0), (0, 0)): [12597, 1355, 528, 217, 80, 31, 13, 6, 2, 1, 1]
(1, (0, 0, 0), (0, 1)): [64, 4, 1]
(1, (0, 0, 0), (0, 2)): [28, 2]
(1, (0, 0, 0), (1, 0)): [30, 6, 2, 1]
(1, (0, 0, 0), (1, 1)): [39, 4, 2]
(1, (0, 0, 0), (1, 2)): [27, 3, 1]
(1, (0, 0, 0), (2, 0)): [9, 2, 1, 1]
(1, (0, 0, 0), (2, 1)): [14, 0, 2, 1]
(1, (0, 0, 0), (2, 2)): [17, 2, 2]
(1, (0, 0, 0), (3, 0)): [2]
(1, (0, 0, 0), (3, 1)): [1]
(1, (0, 0, 0), (3, 2)): [7, 1, 2]
(1, (0, 0, 1), (0, 0)): [572, 868, 186, 84, 32, 15, 6, 2, 2, 1]
(1, (0, 0, 1), (0, 1)): [5, 1]
(1, (0, 0, 1), (0, 2)): [2]
(1, (0, 0, 1), (1, 0)): [2, 4]
(1, (0, 0, 1), (1, 1)): [3, 2]
(1, (0, 0, 1), (1, 2)): [2]
(1, (0, 0, 1), (2, 0)): [0, 1]
(1, (0, 0, 1), (2, 1)): [1, 2]
(1, (0, 0, 1), (2, 2)): [2, 1]
(1, (0, 0, 1), (3, 0)): [0, 1]
(1, (0, 0, 1), (3, 2)): [1, 1]
(1, (0, 1, 0), (0, 0)): [2187, 1071, 342, 174, 59, 29, 5, 5, 3]
(1, (0, 1, 0), (0, 1)): [9, 2]
(1, (0, 1, 0), (0, 2)): [4]
(1, (0, 1, 0), (1, 0)): [11, 4, 1, 0, 0, 1]
(1, (0, 1, 0), (1, 1)): [12, 1, 0, 0, 0, 1]
(1, (0, 1, 0), (1, 2)): [7]
(1, (0, 1, 0), (2, 0)): [2, 2, 1]
(1, (0, 1, 0), (2, 1)): [3, 0, 0, 0, 0, 1]
(1, (0, 1, 0), (2, 2)): [5, 0, 0, 0, 0, 1]
(1, (0, 1, 0), (3, 0)): [1, 1, 1]
(1, (0, 1, 0), (3, 1)): [1, 0, 1]
(1, (0, 1, 0), (3, 2)): [1, 0, 0, 0, 0, 1]
(1, (0, 1, 1), (0, 0)): [350, 312, 365, 128, 65, 26, 15, 2, 3, 1, 1]
(1, (0, 1, 1), (0, 1)): [1, 0, 2]
(1, (0, 1, 1), (0, 2)): [1, 0, 1]
(1, (0, 1, 1), (1, 0)): [0, 1]
(1, (0, 1, 1), (1, 1)): [0, 0, 1]
(1, (0, 1, 1), (2, 0)): [0, 1]
(1, (0, 1, 1), (2, 1)): [0, 0, 1]
(1, (0, 1, 1), (3, 0)): [0, 1]
(1, (1, 0, 0), (0, 0)): [5271, 1126, 591, 244, 85, 32, 12, 9, 4, 1, 2]
(1, (1, 0, 0), (0, 1)): [21, 3]
(1, (1, 0, 0), (0, 2)): [6, 1]
(1, (1, 0, 0), (1, 0)): [13, 5, 2, 1, 0, 1]
(1, (1, 0, 0), (1, 1)): [11, 1, 0, 0, 0, 1]
(1, (1, 0, 0), (1, 2)): [6, 2]
(1, (1, 0, 0), (2, 0)): [2, 3]
(1, (1, 0, 0), (2, 1)): [1, 0, 0, 0, 0, 1]
(1, (1, 0, 0), (2, 2)): [1, 1, 0, 0, 0, 1]
(1, (1, 0, 0), (3, 0)): [0, 2]
(1, (1, 0, 0), (3, 1)): [1, 1]
(1, (1, 0, 0), (3, 2)): [1, 1, 0, 0, 0, 1]
(1, (1, 0, 1), (0, 0)): [406, 476, 185, 127, 55, 25, 3, 4, 1, 1, 1]
(1, (1, 0, 1), (0, 1)): [1, 0, 0, 1]
(1, (1, 0, 1), (1, 0)): [2, 1]
(1, (1, 0, 1), (1, 1)): [0, 0, 0, 1]
(1, (1, 0, 1), (2, 0)): [2, 1]
(1, (1, 0, 1), (2, 1)): [0, 0, 0, 1]
(1, (1, 0, 1), (3, 0)): [2, 1]
(1, (1, 0, 1), (3, 1)): [1, 1]
(1, (1, 0, 1), (3, 2)): [0, 1]
(1, (1, 1, 0), (0, 0)): [1314, 419, 318, 203, 75, 28, 8, 6, 3, 1]
(1, (1, 1, 0), (0, 1)): [8, 1, 2]
(1, (1, 1, 0), (0, 2)): [2, 1]
(1, (1, 1, 0), (1, 0)): [4, 2, 0, 1]
(1, (1, 1, 0), (1, 1)): [9, 2, 1]
(1, (1, 1, 0), (1, 2)): [6]
(1, (1, 1, 0), (2, 1)): [1, 1, 1]
(1, (1, 1, 0), (2, 2)): [3, 1, 1]
(1, (1, 1, 0), (3, 2)): [1, 1, 1]
(1, (1, 1, 1), (0, 0)): [273, 216, 136, 121, 76, 35, 15, 8, 2]
(1, (1, 1, 1), (1, 0)): [0, 2, 0, 1]
(1, (1, 1, 1), (1, 1)): [0, 2, 0, 1]
(1, (1, 1, 1), (1, 2)): [0, 0, 0, 1]
(1, (1, 1, 1), (2, 1)): [0, 1]
(2, (0, 0, 0), (0, 0)): [11000, 461, 127, 51, 22, 5, 3, 1]
(2, (0, 0, 0), (0, 1)): [39, 2]
(2, (0, 0, 0), (0, 2)): [17, 1]
(2, (0, 0, 0), (1, 0)): [38, 1]
(2, (0, 0, 0), (1, 1)): [25, 2]
(2, (0, 0, 0), (1, 2)): [17, 1]
(2, (0, 0, 0), (2, 0)): [17]
(2, (0, 0, 0), (2, 1)): [17, 2]
(2, (0, 0, 0), (2, 2)): [13, 1]
(2, (0, 0, 0), (3, 0)): [4]
(2, (0, 0, 0), (3, 1)): [8]
(2, (0, 0, 0), (3, 2)): [12]
(2, (0, 0, 1), (0, 0)): [1575, 626, 84, 40, 9, 3, 3]
(2, (0, 0, 1), (0, 1)): [5, 2]
(2, (0, 0, 1), (0, 2)): [2, 2]
(2, (0, 0, 1), (1, 0)): [4, 2]
(2, (0, 0, 1), (1, 1)): [3]
(2, (0, 0, 1), (1, 2)): [2, 2]
(2, (0, 0, 1), (2, 0)): [2, 1]
(2, (0, 0, 1), (2, 1)): [2]
(2, (0, 0, 1), (3, 0)): [1]
(2, (0, 0, 1), (3, 1)): [2]
(2, (0, 0, 1), (3, 2)): [1]
(2, (0, 1, 0), (0, 0)): [3738, 904, 205, 68, 15, 7, 6, 3]
(2, (0, 1, 0), (0, 1)): [14, 0, 0, 0, 1]
(2, (0, 1, 0), (0, 2)): [9]
(2, (0, 1, 0), (1, 0)): [13, 1, 0, 0, 0, 1]
(2, (0, 1, 0), (1, 1)): [9, 1, 0, 0, 1]
(2, (0, 1, 0), (1, 2)): [2, 0, 0, 0, 1]
(2, (0, 1, 0), (2, 0)): [5, 0, 0, 0, 0, 1]
(2, (0, 1, 0), (2, 1)): [7, 1, 0, 0, 0, 1]
(2, (0, 1, 0), (2, 2)): [1]
(2, (0, 1, 0), (3, 0)): [2]
(2, (0, 1, 0), (3, 1)): [3, 0, 0, 0, 0, 1]
(2, (0, 1, 0), (3, 2)): [0, 0, 0, 0, 0, 1]
(2, (0, 1, 1), (0, 0)): [979, 93, 241, 56, 19, 8, 1, 1]
(2, (0, 1, 1), (0, 1)): [3, 0, 1]
(2, (0, 1, 1), (1, 0)): [4, 0, 2]
(2, (0, 1, 1), (1, 1)): [4, 0, 2]
(2, (0, 1, 1), (1, 2)): [1, 0, 1]
(2, (0, 1, 1), (2, 0)): [3, 0, 1]
(2, (0, 1, 1), (2, 1)): [1, 0, 1]
(2, (0, 1, 1), (2, 2)): [1]
(2, (0, 1, 1), (3, 0)): [2, 0, 1]
(2, (0, 1, 1), (3, 1)): [1, 0, 1]
(2, (0, 1, 1), (3, 2)): [2, 0, 1]
(2, (1, 0, 0), (0, 0)): [6484, 550, 234, 85, 25, 14, 2, 2]
(2, (1, 0, 0), (0, 1)): [17]
(2, (1, 0, 0), (0, 2)): [4]
(2, (1, 0, 0), (1, 0)): [16]
(2, (1, 0, 0), (1, 1)): [9]
(2, (1, 0, 0), (1, 2)): [5]
(2, (1, 0, 0), (2, 0)): [8]
(2, (1, 0, 0), (2, 1)): [2]
(2, (1, 0, 0), (2, 2)): [3]
(2, (1, 0, 0), (3, 0)): [1]
(2, (1, 0, 0), (3, 1)): [3]
(2, (1, 0, 0), (3, 2)): [1]
(2, (1, 0, 1), (0, 0)): [1021, 308, 118, 58, 24, 6, 1]
(2, (1, 0, 1), (0, 1)): [2, 1, 1, 1, 0, 1]
(2, (1, 0, 1), (0, 2)): [2, 1, 0, 1]
(2, (1, 0, 1), (1, 0)): [5, 0, 1]
(2, (1, 0, 1), (1, 2)): [1, 1]
(2, (1, 0, 1), (2, 0)): [1, 0, 1]
(2, (1, 0, 1), (2, 2)): [1]
(2, (1, 1, 0), (0, 0)): [1993, 283, 171, 104, 17, 14, 2, 1, 1, 1]
(2, (1, 1, 0), (0, 1)): [6, 1]
(2, (1, 1, 0), (0, 2)): [4, 1]
(2, (1, 1, 0), (1, 0)): [2, 0, 1]
(2, (1, 1, 0), (1, 1)): [1]
(2, (1, 1, 0), (1, 2)): [1, 1]
(2, (1, 1, 0), (2, 0)): [2]
(2, (1, 1, 0), (2, 2)): [0, 1]
(2, (1, 1, 0), (3, 0)): [2]
(2, (1, 1, 0), (3, 1)): [2]
(2, (1, 1, 0), (3, 2)): [1]
(2, (1, 1, 1), (0, 0)): [599, 94, 119, 61, 32, 14, 4, 2, 1, 1]
(2, (1, 1, 1), (0, 1)): [3]
(2, (1, 1, 1), (0, 2)): [2]
(2, (1, 1, 1), (1, 0)): [1]
(2, (1, 1, 1), (1, 1)): [1]
(2, (1, 1, 1), (1, 2)): [2]
(2, (1, 1, 1), (2, 1)): [1]
(2, (1, 1, 1), (2, 2)): [2]
(2, (1, 1, 1), (3, 1)): [1]
(2, (1, 1, 1), (3, 2)): [1]
