(0, (0, 0, 0)): [620869, 125695, 58966, 27221, 12427, 5397, 2257, 984, 409, 196, 86, 33, 19, 4, 3]
(0, (0, 0, 1)): [2897, 9286, 2604, 1233, 603, 246, 125, 73, 25, 14, 5, 1, 3]
(0, (0, 1, 0)): [20385, 20574, 7846, 3731, 1879, 847, 358, 152, 66, 38, 15, 5, 2, 0, 1]
(0, (0, 1, 1)): [1820, 3263, 4216, 1879, 1013, 467, 208, 97, 51, 20, 6, 3, 0, 1, 1]
(0, (1, 0, 0)): [138818, 48492, 30123, 15055, 7285, 3277, 1406, 623, 267, 130, 59, 20, 13, 3, 2]
(0, (1, 0, 1)): [3182, 10170, 4349, 2933, 1578, 739, 375, 158, 74, 31, 15, 9, 3, 0, 1]
(0, (1, 1, 0)): [18626, 12370, 10135, 6870, 3772, 1747, 774, 388, 155, 76, 38, 12, 7, 1]
(0, (1, 1, 1)): [1940, 3582, 3072, 2488, 1937, 949, 448, 235, 103, 47, 25, 8, 2, 1, 1]
(1, (0, 0, 0)): [492296, 53302, 22083, 8835, 3544, 1410, 532, 222, 84, 31, 13, 9, 2, 1]
(1, (0, 0, 1)): [15353, 23947, 4649, 1961, 844, 329, 150, 70, 31, 11, 6, 4, 3, 1]
(1, (0, 1, 0)): [70997, 34647, 11905, 4972, 2059, 844, 313, 141, 40, 25, 10, 5, 4, 0, 1]
(1, (0, 1, 1)): [12054, 10379, 10281, 4020, 1946, 782, 307, 120, 67, 20, 8, 4, 1, 1]
(1, (1, 0, 0)): [200594, 37773, 22739, 9953, 4014, 1686, 625, 245, 109, 48, 17, 13, 2, 2]
(1, (1, 0, 1)): [15625, 20102, 6826, 4314, 1844, 793, 294, 123, 51, 33, 11, 3]
(1, (1, 1, 0)): [53309, 17033, 12234, 8141, 3571, 1539, 617, 241, 90, 40, 12, 8, 2, 3, 1]
(1, (1, 1, 1)): [10889, 9012, 5908, 4138, 2879, 1290, 531, 205, 85, 30, 12, 9, 4, 2, 1]
(2, (0, 0, 0)): [422710, 18197, 6210, 1961, 705, 253, 87, 33, 8, 2, 2]
(2, (0, 0, 1)): [45585, 15461, 2764, 941, 337, 121, 42, 12, 1, 2, 0, 1]
(2, (0, 1, 0)): [115017, 26734, 6526, 2245, 726, 257, 85, 22, 6, 1, 1]
(2, (0, 1, 1)): [28206, 2543, 6741, 1766, 670, 218, 77, 28, 11, 4, 1]
(2, (1, 0, 0)): [245546, 18931, 10722, 3509, 1159, 379, 147, 48, 13, 5, 3]
(2, (1, 0, 1)): [40560, 10847, 4619, 2425, 766, 280, 93, 33, 12, 2, 0, 1]
(2, (1, 1, 0)): [90496, 14351, 7692, 4618, 1472, 515, 155, 53, 21, 8, 4, 0, 0, 1]
(2, (1, 1, 1)): [26707, 4075, 4640, 2454, 1618, 545, 179, 63, 27, 7, 4, 0, 0, 1]
