(0, (0, 0, 0)): [14758, 2938, 1424, 651, 340, 136, 50, 26, 13, 9, 5, 0, 1]
(0, (0, 0, 1)): [51, 174, 47, 30, 10, 4, 2, 0, 0, 1]
(0, (0, 1, 0)): [521, 440, 171, 83, 43, 21, 7, 2, 3, 0, 1]
(0, (0, 1, 1)): [41, 87, 91, 38, 17, 10, 5, 5, 1, 2]
(0, (1, 0, 0)): [3333, 1088, 728, 359, 201, 85, 31, 17, 9, 5, 3, 0, 1]
(0, (1, 0, 1)): [73, 233, 84, 64, 39, 20, 8, 3, 4, 1]
(0, (1, 1, 0)): [518, 328, 276, 199, 114, 43, 14, 14, 6, 2, 2, 0, 1]
(0, (1, 1, 1)): [54, 115, 93, 71, 57, 25, 11, 9, 4, 1, 1]
(1, (0, 0, 0)): [11762, 1274, 533, 214, 95, 38, 12, 9, 2, 2, 1]
(1, (0, 0, 1)): [315, 403, 75, 34, 9, 4, 4, 0, 1]
(1, (0, 1, 0)): [1468, 661, 248, 107, 48, 25, 11, 6, 2, 0, 1]
(1, (0, 1, 1)): [283, 225, 194, 67, 47, 16, 7, 3, 3, 1]
(1, (1, 0, 0)): [4746, 828, 540, 221, 111, 40, 14, 5, 3, 3]
(1, (1, 0, 1)): [335, 401, 120, 94, 37, 11, 7, 5, 4, 3]
(1, (1, 1, 0)): [1448, 449, 296, 204, 107, 36, 20, 7]
(1, (1, 1, 1)): [326, 256, 165, 101, 83, 33, 15, 6, 0, 1]
(2, (0, 0, 0)): [10091, 454, 171, 57, 16, 6, 2, 2]
(2, (0, 0, 1)): [816, 247, 56, 21, 11, 2]
(2, (0, 1, 0)): [2366, 517, 152, 52, 18, 6, 4]
(2, (0, 1, 1)): [544, 56, 119, 33, 18, 2, 2, 1]
(2, (1, 0, 0)): [5685, 437, 279, 96, 25, 13, 1, 1]
(2, (1, 0, 1)): [837, 218, 101, 58, 16, 6, 4]
(2, (1, 1, 0)): [2654, 398, 200, 141, 50, 20, 3]
(2, (1, 1, 1)): [747, 123, 137, 76, 43, 10, 5, 2]
