(0, (0, 0, 0), (0, 0)): [27090, 5220, 2270, 1060, 406, 190, 69, 33, 16, 6, 5, 2]
(0, (0, 0, 0), (0, 1)): [412, 75, 33, 16, 6, 2]
(0, (0, 0, 0), (0, 2)): [155, 35, 17, 6, 1]
(0, (0, 0, 0), (1, 0)): [356, 99, 40, 18, 11, 4, 1, 0, 0, 0, 1]
(0, (0, 0, 0), (1, 1)): [315, 64, 24, 14, 5, 6, 0, 0, 0, 0, 1]
(0, (0, 0, 0), (1, 2)): [214, 46, 20, 13, 2, 5]
(0, (0, 0, 0), (2, 0)): [135, 37, 13, 7, 5]
(0, (0, 0, 0), (2, 1)): [187, 39, 15, 6, 5]
(0, (0, 0, 0), (2, 2)): [185, 36, 17, 12, 3, 2]
(0, (0, 0, 0), (3, 0)): [39, 18, 2, 2, 2]
(0, (0, 0, 0), (3, 1)): [82, 17, 5, 6, 1]
(0, (0, 0, 0), (3, 2)): [100, 19, 9, 4, 2, 2]
(0, (0, 0, 1), (0, 0)): [127, 272, 66, 42, 14, 7, 3, 1, 1]
(0, (0, 0, 1), (0, 1)): [0, 7, 3, 1]
(0, (0, 0, 1), (0, 2)): [0, 3, 1]
(0, (0, 0, 1), (1, 0)): [1, 4, 1, 3, 1]
(0, (0, 0, 1), (1, 1)): [0, 3, 2, 2, 1]
(0, (0, 0, 1), (1, 2)): [0, 4, 3, 2]
(0, (0, 0, 1), (2, 0)): [1, 1, 1, 1]
(0, (0, 0, 1), (2, 1)): [1, 0, 0, 1]
(0, (0, 0, 1), (2, 2)): [0, 1, 0, 2]
(0, (0, 0, 1), (3, 0)): [0, 1, 1]
(0, (0, 0, 1), (3, 1)): [1]
(0, (0, 0, 1), (3, 2)): [1, 0, 0, 2]
(0, (0, 1, 0), (0, 0)): [984, 762, 273, 163, 70, 33, 14, 7, 2, 1]
(0, (0, 1, 0), (0, 1)): [17, 9, 3, 0, 2, 0, 1]
(0, (0, 1, 0), (0, 2)): [5, 3, 1, 0, 1, 0, 1]
(0, (0, 1, 0), (1, 0)): [12, 12, 4, 3, 1]
(0, (0, 1, 0), (1, 1)): [18, 12, 4, 2]
(0, (0, 1, 0), (1, 2)): [12, 7, 2, 1, 1, 0, 1]
(0, (0, 1, 0), (2, 0)): [4, 4, 1, 1]
(0, (0, 1, 0), (2, 1)): [10, 4, 2, 1]
(0, (0, 1, 0), (2, 2)): [10, 6, 1, 2]
(0, (0, 1, 0), (3, 1)): [3, 1]
(0, (0, 1, 0), (3, 2)): [6, 2, 0, 1]
(0, (0, 1, 1), (0, 0)): [95, 122, 126, 68, 33, 15, 7, 3, 3, 1]
(0, (0, 1, 1), (0, 1)): [2, 3, 1, 1, 2, 1]
(0, (0, 1, 1), (0, 2)): [1, 0, 1]
(0, (0, 1, 1), (1, 0)): [2, 3, 0, 3]
(0, (0, 1, 1), (1, 1)): [2, 3, 0, 3, 2, 1]
(0, (0, 1, 1), (1, 2)): [2, 3]
(0, (0, 1, 1), (2, 0)): [1, 1, 0, 1]
(0, (0, 1, 1), (2, 1)): [0, 1, 0, 1, 2, 1]
(0, (0, 1, 1), (2, 2)): [0, 2, 0, 0, 1, 1]
(0, (0, 1, 1), (3, 0)): [1, 0, 0, 1]
(0, (0, 1, 1), (3, 1)): [1, 1, 0, 1]
(0, (0, 1, 1), (3, 2)): [1, 1, 0, 0, 1]
(0, (1, 0, 0), (0, 0)): [5703, 1824, 1106, 574, 248, 121, 36, 22, 10, 5, 4, 1]
(0, (1, 0, 0), (0, 1)): [89, 32, 12, 12, 3]
(0, (1, 0, 0), (0, 2)): [37, 13, 3, 7, 1]
(0, (1, 0, 0), (1, 0)): [71, 29, 8, 10, 5, 6]
(0, (1, 0, 0), (1, 1)): [60, 17, 13, 9, 3, 3]
(0, (1, 0, 0), (1, 2)): [49, 16, 6, 10, 2]
(0, (1, 0, 0), (2, 0)): [21, 7, 2, 2, 2, 3]
(0, (1, 0, 0), (2, 1)): [30, 12, 6, 3, 3, 4]
(0, (1, 0, 0), (2, 2)): [31, 11, 4, 6, 2]
(0, (1, 0, 0), (3, 0)): [9, 0, 1, 1, 1, 2]
(0, (1, 0, 0), (3, 1)): [12, 6, 4, 2, 4, 3]
(0, (1, 0, 0), (3, 2)): [19, 6, 3, 2, 1, 1]
(0, (1, 0, 1), (0, 0)): [170, 371, 152, 109, 52, 29, 12, 3, 4, 1, 2]
(0, (1, 0, 1), (0, 1)): [3, 5, 2, 3, 1]
(0, (1, 0, 1), (0, 2)): [2, 3, 0, 1]
(0, (1, 0, 1), (1, 0)): [1, 4, 2, 1, 2, 1]
(0, (1, 0, 1), (1, 1)): [2, 6, 1, 2, 1, 1]
(0, (1, 0, 1), (1, 2)): [3, 5, 1, 2, 0, 1]
(0, (1, 0, 1), (2, 1)): [0, 1, 0, 1, 1]
(0, (1, 0, 1), (2, 2)): [2, 3, 0, 2, 1, 1]
(0, (1, 0, 1), (3, 2)): [1, 2, 0, 1, 0, 1]
(0, (1, 1, 0), (0, 0)): [751, 477, 337, 258, 126, 60, 18, 12, 5, 5, 1, 1]
(0, (1, 1, 0), (0, 1)): [16, 7, 5, 5, 4, 1]
(0, (1, 1, 0), (0, 2)): [7, 2, 2]
(0, (1, 1, 0), (1, 0)): [9, 12, 1, 2, 1, 2]
(0, (1, 1, 0), (1, 1)): [11, 7, 3, 6, 1, 3]
(0, (1, 1, 0), (1, 2)): [7, 4, 2, 0, 0, 2]
(0, (1, 1, 0), (2, 0)): [1, 5, 0, 0, 1]
(0, (1, 1, 0), (2, 1)): [4, 7, 0, 3, 1]
(0, (1, 1, 0), (2, 2)): [5, 3, 1, 1, 1, 1]
(0, (1, 1, 0), (3, 0)): [0, 1, 0, 0, 1]
(0, (1, 1, 0), (3, 1)): [0, 4, 0, 2]
(0, (1, 1, 0), (3, 2)): [1, 2, 0, 0, 1]
(0, (1, 1, 1), (0, 0)): [72, 142, 96, 71, 67, 37, 13, 8, 3, 1, 1]
(0, (1, 1, 1), (0, 1)): [1, 4, 1, 0, 1]
(0, (1, 1, 1), (0, 2)): [0, 2, 1, 0, 1]
(0, (1, 1, 1), (1, 0)): [0, 2, 0, 1, 1, 2]
(0, (1, 1, 1), (1, 1)): [0, 2, 0, 1, 0, 1]
(0, (1, 1, 1), (1, 2)): [0, 3, 0, 1, 1, 1]
(0, (1, 1, 1), (2, 0)): [0, 0, 0, 0, 1]
(0, (1, 1, 1), (2, 1)): [0, 1]
(0, (1, 1, 1), (2, 2)): [0, 2, 0, 1, 1]
(0, (1, 1, 1), (3, 1)): [0, 1]
(0, (1, 1, 1), (3, 2)): [0, 2]
(1, (0, 0, 0), (0, 0)): [22141, 2311, 952, 345, 112, 46, 22, 12, 3, 1, 1, 1]
(1, (0, 0, 0), (0, 1)): [344, 33, 16, 4, 4, 1]
(1, (0, 0, 0), (0, 2)): [106, 10, 5, 1, 2]
(1, (0, 0, 0), (1, 0)): [308, 44, 20, 8, 2]
(1, (0, 0, 0), (1, 1)): [288, 36, 13, 6, 3]
(1, (0, 0, 0), (1, 2)): [173, 21, 8, 2, 2]
(1, (0, 0, 0), (2, 0)): [102, 12, 8, 4, 1]
(1, (0, 0, 0), (2, 1)): [177, 20, 8, 4, 3]
(1, (0, 0, 0), (2, 2)): [151, 16, 7, 3, 3]
(1, (0, 0, 0), (3, 0)): [30, 2, 4, 3]
(1, (0, 0, 0), (3, 1)): [79, 5, 5, 3, 1]
(1, (0, 0, 0), (3, 2)): [83, 8, 2, 1, 2]
(1, (0, 0, 1), (0, 0)): [578, 683, 109, 60, 26, 8, 3, 2]
(1, (0, 0, 1), (0, 1)): [6, 13, 3, 2, 0, 0, 1]
(1, (0, 0, 1), (0, 2)): [0, 4, 0, 1, 0, 0, 1]
(1, (0, 0, 1), (1, 0)): [5, 11, 3]
(1, (0, 0, 1), (1, 1)): [6, 6, 3, 1]
(1, (0, 0, 1), (1, 2)): [5, 4, 1, 0, 0, 0, 1]
(1, (0, 0, 1), (2, 0)): [3, 8, 2]
(1, (0, 0, 1), (2, 1)): [1, 4, 2]
(1, (0, 0, 1), (2, 2)): [4, 2, 2, 0, 0, 0, 1]
(1, (0, 0, 1), (3, 0)): [1, 4]
(1, (0, 0, 1), (3, 1)): [0, 3, 1]
(1, (0, 0, 1), (3, 2)): [0, 3, 1]
(1, (0, 1, 0), (0, 0)): [2787, 1113, 397, 168, 69, 30, 9, 4, 1, 1, 2]
(1, (0, 1, 0), (0, 1)): [55, 19, 4, 1, 1, 1]
(1, (0, 1, 0), (0, 2)): [27, 5, 2, 0, 1]
(1, (0, 1, 0), (1, 0)): [40, 21, 12, 4, 2]
(1, (0, 1, 0), (1, 1)): [37, 15, 5, 2, 0, 1]
(1, (0, 1, 0), (1, 2)): [33, 6, 5, 0, 1, 1]
(1, (0, 1, 0), (2, 0)): [16, 9, 5, 2, 1]
(1, (0, 1, 0), (2, 1)): [23, 12, 3, 3, 1]
(1, (0, 1, 0), (2, 2)): [31, 10, 3, 1, 1]
(1, (0, 1, 0), (3, 0)): [7, 4, 2]
(1, (0, 1, 0), (3, 1)): [10, 4, 1, 1, 1]
(1, (0, 1, 0), (3, 2)): [20, 5, 1, 1, 1]
(1, (0, 1, 1), (0, 0)): [488, 305, 274, 104, 58, 24, 9, 5, 0, 1, 0, 1]
(1, (0, 1, 1), (0, 1)): [6, 1, 1, 0, 0, 0, 0, 1]
(1, (0, 1, 1), (0, 2)): [3, 1, 1]
(1, (0, 1, 1), (1, 0)): [8, 4, 6, 2, 2]
(1, (0, 1, 1), (1, 1)): [5, 1, 3, 0, 0, 0, 0, 1]
(1, (0, 1, 1), (1, 2)): [6]
(1, (0, 1, 1), (2, 0)): [5, 2, 3, 2, 1]
(1, (0, 1, 1), (2, 1)): [2, 1, 3, 1, 0, 0, 0, 1]
(1, (0, 1, 1), (2, 2)): [5, 1, 1, 1, 0, 0, 0, 1]
(1, (0, 1, 1), (3, 0)): [4, 1, 2, 0, 1]
(1, (0, 1, 1), (3, 1)): [1]
(1, (0, 1, 1), (3, 2)): [2, 0, 0, 1, 0, 0, 0, 1]
(1, (1, 0, 0), (0, 0)): [8102, 1334, 880, 376, 126, 49, 23, 14, 2, 1, 1, 1]
(1, (1, 0, 0), (0, 1)): [113, 14, 10, 8, 2, 1]
(1, (1, 0, 0), (0, 2)): [39, 2, 2, 2, 1, 1]
(1, (1, 0, 0), (1, 0)): [125, 26, 18, 10, 1]
(1, (1, 0, 0), (1, 1)): [106, 13, 13, 8, 2]
(1, (1, 0, 0), (1, 2)): [65, 8, 7, 5, 1, 1]
(1, (1, 0, 0), (2, 0)): [42, 7, 8, 5]
(1, (1, 0, 0), (2, 1)): [54, 6, 9, 6, 1]
(1, (1, 0, 0), (2, 2)): [57, 6, 7, 4]
(1, (1, 0, 0), (3, 0)): [14, 3, 0, 1]
(1, (1, 0, 0), (3, 1)): [27, 5, 1, 2]
(1, (1, 0, 0), (3, 2)): [26, 4, 3, 5]
(1, (1, 0, 1), (0, 0)): [732, 707, 208, 142, 58, 17, 8, 5, 0, 1]
(1, (1, 0, 1), (0, 1)): [17, 16, 1, 2, 1]
(1, (1, 0, 1), (0, 2)): [5, 3, 0, 1]
(1, (1, 0, 1), (1, 0)): [15, 9, 4, 2]
(1, (1, 0, 1), (1, 1)): [18, 8, 2, 0, 1]
(1, (1, 0, 1), (1, 2)): [6, 5]
(1, (1, 0, 1), (2, 0)): [4, 6]
(1, (1, 0, 1), (2, 1)): [12, 4, 0, 0, 1]
(1, (1, 0, 1), (2, 2)): [10, 4, 0, 0, 1]
(1, (1, 0, 1), (3, 0)): [1, 2]
(1, (1, 0, 1), (3, 1)): [1, 1]
(1, (1, 0, 1), (3, 2)): [3, 1, 0, 0, 1]
(1, (1, 1, 0), (0, 0)): [2159, 681, 407, 318, 106, 56, 19, 11, 3, 1]
(1, (1, 1, 0), (0, 1)): [29, 14, 2, 5, 3, 0, 0, 0, 1]
(1, (1, 1, 0), (0, 2)): [13, 3, 2, 2, 1, 0, 0, 0, 1]
(1, (1, 1, 0), (1, 0)): [41, 10, 7, 4, 2]
(1, (1, 1, 0), (1, 1)): [29, 14, 5, 2, 1]
(1, (1, 1, 0), (1, 2)): [19, 8, 3]
(1, (1, 1, 0), (2, 0)): [10, 3, 1, 2]
(1, (1, 1, 0), (2, 1)): [15, 7, 2, 1]
(1, (1, 1, 0), (2, 2)): [17, 7, 1]
(1, (1, 1, 0), (3, 0)): [4, 0, 1, 1]
(1, (1, 1, 0), (3, 1)): [6, 1, 2, 1]
(1, (1, 1, 0), (3, 2)): [2, 2, 2]
(1, (1, 1, 1), (0, 0)): [501, 345, 227, 148, 93, 58, 17, 11, 1, 1, 1, 1]
(1, (1, 1, 1), (0, 1)): [8, 5, 2, 2]
(1, (1, 1, 1), (0, 2)): [2, 2]
(1, (1, 1, 1), (1, 0)): [10, 5, 1, 2, 3, 1]
(1, (1, 1, 1), (1, 1)): [8, 3, 2, 3, 0, 1]
(1, (1, 1, 1), (1, 2)): [7, 2, 0, 3]
(1, (1, 1, 1), (2, 0)): [3, 2, 0, 1, 2]
(1, (1, 1, 1), (2, 1)): [1, 2, 0, 1]
(1, (1, 1, 1), (2, 2)): [3]
(1, (1, 1, 1), (3, 0)): [1, 1]
(1, (1, 1, 1), (3, 1)): [2, 2, 0, 1]
(1, (1, 1, 1), (3, 2)): [1]
(2, (0, 0, 0), (0, 0)): [19344, 874, 300, 83, 18, 7, 4, 1]
(2, (0, 0, 0), (0, 1)): [314, 11, 5, 0, 0, 1]
(2, (0, 0, 0), (0, 2)): [115, 1, 2]
(2, (0, 0, 0), (1, 0)): [275, 17, 4, 2]
(2, (0, 0, 0), (1, 1)): [267, 9, 3, 0, 0, 1]
(2, (0, 0, 0), (1, 2)): [176, 2, 1]
(2, (0, 0, 0), (2, 0)): [109, 6, 2, 1]
(2, (0, 0, 0), (2, 1)): [146, 7, 1, 1, 0, 1]
(2, (0, 0, 0), (2, 2)): [144, 2, 1, 0, 0, 1]
(2, (0, 0, 0), (3, 0)): [46, 2, 2]
(2, (0, 0, 0), (3, 1)): [65, 6, 1, 1]
(2, (0, 0, 0), (3, 2)): [87, 2, 1, 0, 0, 1]
(2, (0, 0, 1), (0, 0)): [1530, 403, 98, 32, 12, 1, 2, 0, 1]
(2, (0, 0, 1), (0, 1)): [35, 6, 1]
(2, (0, 0, 1), (0, 2)): [11, 1]
(2, (0, 0, 1), (1, 0)): [30, 9, 2, 3]
(2, (0, 0, 1), (1, 1)): [29, 6, 1]
(2, (0, 0, 1), (1, 2)): [21, 3]
(2, (0, 0, 1), (2, 0)): [15, 6, 1, 2]
(2, (0, 0, 1), (2, 1)): [13, 4]
(2, (0, 0, 1), (2, 2)): [19, 5]
(2, (0, 0, 1), (3, 0)): [10, 3, 1, 2]
(2, (0, 0, 1), (3, 1)): [6, 4]
(2, (0, 0, 1), (3, 2)): [8, 4]
(2, (0, 1, 0), (0, 0)): [4423, 882, 235, 93, 30, 8, 3, 1, 1, 1, 1]
(2, (0, 1, 0), (0, 1)): [74, 13, 5, 1]
(2, (0, 1, 0), (0, 2)): [30, 3, 2]
(2, (0, 1, 0), (1, 0)): [88, 14, 3, 3, 0, 1]
(2, (0, 1, 0), (1, 1)): [64, 7, 2]
(2, (0, 1, 0), (1, 2)): [47, 3, 2]
(2, (0, 1, 0), (2, 0)): [38, 9, 2, 3, 0, 1]
(2, (0, 1, 0), (2, 1)): [32, 6, 2, 2, 0, 1]
(2, (0, 1, 0), (2, 2)): [42, 1, 1, 0, 0, 1]
(2, (0, 1, 0), (3, 0)): [21, 5, 1, 1]
(2, (0, 1, 0), (3, 1)): [14, 4, 1, 1]
(2, (0, 1, 0), (3, 2)): [23, 1, 0, 0, 0, 1]
(2, (0, 1, 1), (0, 0)): [928, 81, 176, 57, 19, 4, 1, 0, 2]
(2, (0, 1, 1), (0, 1)): [17, 1, 1, 1]
(2, (0, 1, 1), (0, 2)): [11, 1, 0, 1]
(2, (0, 1, 1), (1, 0)): [13, 0, 4, 2, 2]
(2, (0, 1, 1), (1, 1)): [10, 0, 1, 1]
(2, (0, 1, 1), (1, 2)): [14, 0, 1, 1]
(2, (0, 1, 1), (2, 0)): [6, 0, 1, 1, 1]
(2, (0, 1, 1), (2, 1)): [3, 0, 1]
(2, (0, 1, 1), (2, 2)): [9, 0, 1]
(2, (0, 1, 1), (3, 0)): [4, 0, 0, 1, 1]
(2, (0, 1, 1), (3, 1)): [1, 0, 0, 1]
(2, (0, 1, 1), (3, 2)): [5, 0, 0, 1]
(2, (1, 0, 0), (0, 0)): [9830, 667, 468, 140, 35, 12, 5, 1]
(2, (1, 0, 0), (0, 1)): [147, 7, 6]
(2, (1, 0, 0), (0, 2)): [52, 2, 3]
(2, (1, 0, 0), (1, 0)): [133, 9, 11, 5, 0, 1]
(2, (1, 0, 0), (1, 1)): [110, 5, 9, 1]
(2, (1, 0, 0), (1, 2)): [71, 2, 5]
(2, (1, 0, 0), (2, 0)): [51, 4, 3, 2, 0, 1]
(2, (1, 0, 0), (2, 1)): [57, 2, 7]
(2, (1, 0, 0), (2, 2)): [58, 3, 4]
(2, (1, 0, 0), (3, 0)): [18, 3, 0, 1, 0, 1]
(2, (1, 0, 0), (3, 1)): [21]
(2, (1, 0, 0), (3, 2)): [29, 1, 2]
(2, (1, 0, 1), (0, 0)): [1770, 380, 149, 109, 24, 9, 5, 1, 2, 1]
(2, (1, 0, 1), (0, 1)): [40, 11, 0, 1]
(2, (1, 0, 1), (0, 2)): [20, 5]
(2, (1, 0, 1), (1, 0)): [27, 2, 3, 8, 0, 2]
(2, (1, 0, 1), (1, 1)): [22, 5, 2, 3, 0, 1]
(2, (1, 0, 1), (1, 2)): [17, 4, 1]
(2, (1, 0, 1), (2, 0)): [13, 1, 0, 1, 0, 1]
(2, (1, 0, 1), (2, 1)): [13, 1, 1, 1, 0, 1]
(2, (1, 0, 1), (2, 2)): [7, 3, 2, 1]
(2, (1, 0, 1), (3, 0)): [4, 0, 0, 0, 0, 1]
(2, (1, 0, 1), (3, 1)): [6, 1, 0, 0, 0, 1]
(2, (1, 0, 1), (3, 2)): [4, 2, 1]
(2, (1, 1, 0), (0, 0)): [3858, 589, 302, 191, 64, 20, 10, 2, 1, 1]
(2, (1, 1, 0), (0, 1)): [64, 7, 4, 3]
(2, (1, 1, 0), (0, 2)): [25, 0, 1]
(2, (1, 1, 0), (1, 0)): [47, 7, 6, 2, 1]
(2, (1, 1, 0), (1, 1)): [51, 5, 3, 3]
(2, (1, 1, 0), (1, 2)): [39, 2, 1, 1]
(2, (1, 1, 0), (2, 0)): [21, 5, 2, 1, 1]
(2, (1, 1, 0), (2, 1)): [22, 2, 2, 1, 1]
(2, (1, 1, 0), (2, 2)): [30, 3, 2, 2]
(2, (1, 1, 0), (3, 0)): [10, 4]
(2, (1, 1, 0), (3, 1)): [7, 2, 0, 0, 1]
(2, (1, 1, 0), (3, 2)): [12, 2, 0, 1, 1]
(2, (1, 1, 1), (0, 0)): [1164, 189, 185, 93, 74, 26, 10, 5, 1]
(2, (1, 1, 1), (0, 1)): [18, 4, 3, 0, 2]
(2, (1, 1, 1), (0, 2)): [10, 1, 1, 0, 2]
(2, (1, 1, 1), (1, 0)): [15, 2, 1, 3, 1, 2]
(2, (1, 1, 1), (1, 1)): [15, 2, 3]
(2, (1, 1, 1), (1, 2)): [11, 1, 2]
(2, (1, 1, 1), (2, 0)): [5, 2, 0, 2, 1, 1]
(2, (1, 1, 1), (2, 1)): [7, 0, 1, 0, 0, 1]
(2, (1, 1, 1), (2, 2)): [7, 1]
(2, (1, 1, 1), (3, 0)): [1, 2, 0, 1, 1]
(2, (1, 1, 1), (3, 1)): [1, 1, 0, 0, 1, 1]
(2, (1, 1, 1), (3, 2)): [4, 1]
