(0, (0, 0, 0), (0, 0)): [1439327, 286957, 131805, 59755, 26500, 11279, 4643, 1938, 771, 348, 149, 65, 31, 10, 3, 1, 0, 1]
(0, (0, 0, 0), (0, 1)): [25064, 4531, 2152, 947, 402, 170, 66, 38, 7, 5, 3, 0, 2, 1, 0, 1]
(0, (0, 0, 0), (0, 2)): [9271, 1474, 695, 296, 119, 46, 25, 14, 2, 1, 0, 0, 1]
(0, (0, 0, 0), (1, 0)): [23404, 5003, 2453, 1133, 556, 222, 103, 40, 14, 6, 3]
(0, (0, 0, 0), (1, 1)): [21237, 4056, 1967, 912, 414, 167, 60, 29, 7, 4, 5, 0, 1, 1, 0, 1]
(0, (0, 0, 0), (1, 2)): [13887, 2321, 1060, 466, 223, 96, 30, 16, 5, 2, 0, 0, 2]
(0, (0, 0, 0), (2, 0)): [7814, 1860, 961, 481, 233, 99, 50, 18, 6, 2, 1]
(0, (0, 0, 0), (2, 1)): [11347, 2362, 1228, 589, 271, 109, 51, 23, 5, 1, 1, 0, 0, 1]
(0, (0, 0, 0), (2, 2)): [10997, 1986, 978, 462, 213, 93, 26, 13, 5, 3, 1, 0, 2]
(0, (0, 0, 0), (3, 0)): [2568, 678, 401, 223, 102, 53, 21, 8, 3, 0, 1]
(0, (0, 0, 0), (3, 1)): [4634, 1150, 674, 349, 146, 66, 30, 16, 4]
(0, (0, 0, 0), (3, 2)): [6283, 1310, 784, 368, 172, 73, 23, 13, 5, 2, 0, 0, 2]
(0, (0, 0, 1), (0, 0)): [6196, 18372, 5009, 2362, 1148, 482, 221, 99, 37, 21, 9, 3, 3, 2]
(0, (0, 0, 1), (0, 1)): [100, 262, 78, 28, 20, 9, 5, 2, 0, 1, 0, 0, 0, 1]
(0, (0, 0, 1), (0, 2)): [40, 102, 24, 9, 8, 2]
(0, (0, 0, 1), (1, 0)): [97, 254, 74, 47, 26, 12, 5, 2, 1, 0, 1]
(0, (0, 0, 1), (1, 1)): [88, 196, 62, 24, 21, 10, 6, 1, 0, 1, 1, 0, 0, 1]
(0, (0, 0, 1), (1, 2)): [59, 139, 38, 14, 11, 3, 3, 1, 0, 1, 1]
(0, (0, 0, 1), (2, 0)): [37, 110, 31, 23, 9, 7, 1, 1, 1]
(0, (0, 0, 1), (2, 1)): [50, 114, 36, 21, 14, 5, 1]
(0, (0, 0, 1), (2, 2)): [57, 107, 31, 10, 12, 3, 2, 0, 0, 0, 1]
(0, (0, 0, 1), (3, 0)): [9, 52, 12, 9, 5, 4, 1, 1, 1]
(0, (0, 0, 1), (3, 1)): [23, 51, 16, 12, 8, 4, 0, 1]
(0, (0, 0, 1), (3, 2)): [33, 61, 18, 10, 11, 5, 1, 1, 0, 0, 1]
(0, (0, 1, 0), (0, 0)): [50790, 47003, 18296, 8780, 4222, 1791, 753, 322, 132, 75, 27, 6, 3, 2, 1]
(0, (0, 1, 0), (0, 1)): [854, 666, 259, 116, 52, 26, 15, 8, 3]
(0, (0, 1, 0), (0, 2)): [337, 201, 96, 32, 15, 12, 5, 3, 1]
(0, (0, 1, 0), (1, 0)): [796, 708, 287, 157, 77, 31, 16, 5, 1]
(0, (0, 1, 0), (1, 1)): [692, 569, 229, 110, 46, 16, 12, 7]
(0, (0, 1, 0), (1, 2)): [467, 336, 135, 62, 27, 12, 6, 4, 1]
(0, (0, 1, 0), (2, 0)): [279, 265, 101, 59, 30, 19, 8, 0, 1]
(0, (0, 1, 0), (2, 1)): [349, 312, 132, 63, 25, 18, 8, 5]
(0, (0, 1, 0), (2, 2)): [367, 268, 116, 54, 21, 9, 7, 1, 1]
(0, (0, 1, 0), (3, 0)): [101, 89, 43, 31, 21, 7, 5, 0, 1]
(0, (0, 1, 0), (3, 1)): [142, 131, 66, 38, 22, 11, 4, 2]
(0, (0, 1, 0), (3, 2)): [217, 160, 79, 41, 21, 7, 7]
(0, (0, 1, 1), (0, 0)): [4264, 7199, 8634, 4005, 2122, 990, 420, 197, 99, 43, 10, 6, 2, 2, 1, 0, 0, 1]
(0, (0, 1, 1), (0, 1)): [66, 86, 123, 55, 31, 12, 9, 3, 2]
(0, (0, 1, 1), (0, 2)): [36, 33, 42, 21, 15, 6, 3, 2]
(0, (0, 1, 1), (1, 0)): [83, 144, 164, 87, 49, 20, 8, 7, 4, 1, 0, 1]
(0, (0, 1, 1), (1, 1)): [52, 84, 108, 57, 30, 9, 6, 3, 2]
(0, (0, 1, 1), (1, 2)): [37, 44, 60, 30, 22, 6, 4, 2, 1]
(0, (0, 1, 1), (2, 0)): [47, 78, 78, 42, 26, 14, 4, 5, 3, 1, 0, 1]
(0, (0, 1, 1), (2, 1)): [37, 59, 71, 34, 16, 7, 2, 5, 3]
(0, (0, 1, 1), (2, 2)): [39, 46, 56, 22, 14, 6, 3, 2, 2]
(0, (0, 1, 1), (3, 0)): [29, 48, 40, 29, 19, 12, 2, 1, 0, 1, 0, 1]
(0, (0, 1, 1), (3, 2)): [21, 28, 43, 18, 12, 4, 3, 4, 3]
(0, (1, 0, 0), (0, 0)): [309236, 103641, 64966, 32060, 15131, 6760, 2812, 1211, 505, 228, 102, 40, 22, 4, 2, 1, 0, 1]
(0, (1, 0, 0), (0, 1)): [5254, 1434, 1010, 496, 244, 108, 41, 19, 8, 1]
(0, (1, 0, 0), (0, 2)): [2005, 436, 334, 143, 71, 28, 16, 3, 5, 1]
(0, (1, 0, 0), (1, 0)): [4559, 1532, 1098, 535, 256, 108, 51, 20, 10, 6, 3, 1]
(0, (1, 0, 0), (1, 1)): [3866, 1139, 847, 404, 196, 83, 30, 17, 7, 4, 1, 1]
(0, (1, 0, 0), (1, 2)): [2470, 626, 487, 211, 103, 40, 21, 9, 4, 2]
(0, (1, 0, 0), (2, 0)): [1440, 506, 359, 207, 106, 46, 18, 10, 5, 2, 2]
(0, (1, 0, 0), (2, 1)): [1877, 583, 432, 225, 111, 51, 17, 7, 6, 3, 0, 1]
(0, (1, 0, 0), (2, 2)): [1741, 478, 359, 167, 94, 31, 17, 8, 5, 3]
(0, (1, 0, 0), (3, 0)): [419, 175, 129, 93, 53, 19, 5, 5, 0, 1, 1]
(0, (1, 0, 0), (3, 1)): [706, 252, 191, 125, 72, 26, 6, 3, 4, 1, 1, 1]
(0, (1, 0, 0), (3, 2)): [862, 289, 209, 116, 80, 26, 8, 6, 3, 3]
(0, (1, 0, 1), (0, 0)): [7410, 22147, 9102, 6216, 3268, 1479, 721, 295, 141, 56, 29, 14, 5, 1, 1, 0, 0, 1]
(0, (1, 0, 1), (0, 1)): [114, 314, 129, 96, 42, 22, 14, 4, 1, 0, 0, 0, 1]
(0, (1, 0, 1), (0, 2)): [44, 120, 32, 31, 16, 11, 6, 2, 1]
(0, (1, 0, 1), (1, 0)): [114, 364, 138, 103, 52, 27, 5, 4, 4, 1, 1]
(0, (1, 0, 1), (1, 1)): [100, 254, 98, 67, 36, 16, 9, 1, 2, 0, 1]
(0, (1, 0, 1), (1, 2)): [76, 150, 47, 36, 17, 12, 4, 2, 2]
(0, (1, 0, 1), (2, 0)): [42, 130, 57, 38, 18, 13, 0, 3, 1, 1]
(0, (1, 0, 1), (2, 1)): [36, 153, 65, 41, 23, 9, 3, 0, 2, 0, 1]
(0, (1, 0, 1), (2, 2)): [58, 127, 49, 30, 18, 7, 3, 2, 1, 0, 1]
(0, (1, 0, 1), (3, 0)): [20, 47, 20, 17, 8, 8, 0, 3]
(0, (1, 0, 1), (3, 1)): [18, 54, 25, 19, 12, 6, 1]
(0, (1, 0, 1), (3, 2)): [26, 59, 35, 16, 12, 6, 2, 0, 1, 0, 1]
(0, (1, 1, 0), (0, 0)): [42253, 26990, 20418, 14407, 7635, 3588, 1517, 723, 291, 141, 65, 24, 10, 1]
(0, (1, 1, 0), (0, 1)): [755, 403, 277, 222, 120, 51, 24, 12, 3, 0, 1, 1]
(0, (1, 1, 0), (0, 2)): [298, 139, 92, 71, 40, 17, 10, 6, 1]
(0, (1, 1, 0), (1, 0)): [611, 378, 296, 218, 108, 67, 29, 15, 3, 3]
(0, (1, 1, 0), (1, 1)): [509, 280, 223, 171, 74, 48, 20, 10, 3, 1, 1]
(0, (1, 1, 0), (1, 2)): [361, 165, 121, 93, 48, 24, 8, 10, 1, 1]
(0, (1, 1, 0), (2, 0)): [179, 120, 97, 74, 41, 25, 12, 7, 2, 1]
(0, (1, 1, 0), (2, 1)): [239, 139, 101, 95, 47, 27, 13, 5, 2, 1]
(0, (1, 1, 0), (2, 2)): [241, 128, 91, 73, 38, 21, 6, 7, 2, 2]
(0, (1, 1, 0), (3, 0)): [44, 42, 34, 26, 16, 8, 5, 4, 1]
(0, (1, 1, 0), (3, 1)): [89, 63, 43, 45, 18, 14, 11, 3, 2]
(0, (1, 1, 0), (3, 2)): [128, 76, 50, 48, 22, 15, 5, 5, 2]
(0, (1, 1, 1), (0, 0)): [4158, 7796, 6393, 4868, 3815, 1907, 879, 444, 193, 87, 43, 14, 4, 1, 1]
(0, (1, 1, 1), (0, 1)): [90, 123, 104, 66, 50, 30, 12, 5, 6, 3, 1, 1]
(0, (1, 1, 1), (0, 2)): [40, 52, 35, 23, 23, 8, 3, 1, 3, 1, 0, 1]
(0, (1, 1, 1), (1, 0)): [59, 138, 127, 93, 74, 41, 11, 12, 3, 0, 1, 1]
(0, (1, 1, 1), (1, 1)): [61, 104, 102, 68, 41, 30, 12, 7, 2, 1, 1]
(0, (1, 1, 1), (1, 2)): [49, 73, 54, 30, 21, 15, 5, 2, 4, 0, 0, 1]
(0, (1, 1, 1), (2, 0)): [16, 53, 32, 39, 35, 11, 3, 6, 1, 0, 1]
(0, (1, 1, 1), (2, 1)): [30, 50, 44, 41, 30, 15, 4, 5, 2]
(0, (1, 1, 1), (2, 2)): [31, 49, 38, 36, 17, 13, 3, 4, 1, 0, 0, 1]
(0, (1, 1, 1), (3, 0)): [3, 17, 14, 18, 13, 2, 2, 3, 0, 0, 1]
(0, (1, 1, 1), (3, 1)): [6, 24, 16, 25, 12, 4, 1, 2, 1, 0, 1]
(0, (1, 1, 1), (3, 2)): [12, 19, 22, 28, 12, 9, 3, 2, 2, 0, 0, 1]
(1, (0, 0, 0), (0, 0)): [1164495, 125936, 51502, 20220, 7832, 2987, 1153, 430, 160, 64, 26, 15, 6, 3, 0, 1]
(1, (0, 0, 0), (0, 1)): [20408, 2040, 870, 322, 129, 35, 14, 9, 1, 0, 0, 0, 0, 1]
(1, (0, 0, 0), (0, 2)): [7537, 614, 253, 92, 38, 12, 2, 2]
(1, (0, 0, 0), (1, 0)): [19627, 2416, 1045, 397, 165, 57, 28, 10, 0, 1, 0, 0, 0, 0, 0, 1]
(1, (0, 0, 0), (1, 1)): [17535, 1906, 779, 298, 123, 45, 22, 7, 1, 1, 0, 0, 0, 1]
(1, (0, 0, 0), (1, 2)): [11158, 987, 380, 161, 71, 32, 11, 2]
(1, (0, 0, 0), (2, 0)): [6819, 950, 465, 165, 68, 24, 11, 5, 0, 0, 0, 0, 0, 0, 0, 1]
(1, (0, 0, 0), (2, 1)): [9657, 1165, 519, 193, 84, 24, 12, 6, 0, 1]
(1, (0, 0, 0), (2, 2)): [9204, 905, 390, 156, 74, 33, 13, 4]
(1, (0, 0, 0), (3, 0)): [2196, 346, 217, 75, 33, 10, 7, 1, 0, 0, 0, 0, 0, 0, 0, 1]
(1, (0, 0, 0), (3, 1)): [4049, 628, 316, 117, 52, 11, 7, 3]
(1, (0, 0, 0), (3, 2)): [5261, 657, 325, 113, 57, 20, 12, 3]
(1, (0, 0, 1), (0, 0)): [32846, 47041, 9250, 3899, 1635, 651, 258, 106, 46, 16, 9, 5, 4, 1]
(1, (0, 0, 1), (0, 1)): [514, 560, 124, 38, 20, 7, 6, 1]
(1, (0, 0, 1), (0, 2)): [217, 196, 40, 8, 4, 1, 4]
(1, (0, 0, 1), (1, 0)): [551, 743, 152, 81, 33, 12, 6, 3, 1]
(1, (0, 0, 1), (1, 1)): [469, 514, 107, 47, 23, 6, 2, 3]
(1, (0, 0, 1), (1, 2)): [339, 287, 45, 16, 13, 2, 3]
(1, (0, 0, 1), (2, 0)): [232, 302, 67, 39, 17, 7, 5, 1, 1]
(1, (0, 0, 1), (2, 1)): [229, 312, 64, 29, 14, 7, 5, 3]
(1, (0, 0, 1), (2, 2)): [254, 243, 50, 18, 8, 2, 2, 1]
(1, (0, 0, 1), (3, 0)): [107, 126, 38, 28, 9, 3, 2, 1, 1]
(1, (0, 0, 1), (3, 1)): [119, 154, 29, 20, 7, 3, 3, 2]
(1, (0, 0, 1), (3, 2)): [155, 154, 39, 15, 6, 2, 3, 1]
(1, (0, 1, 0), (0, 0)): [159332, 71171, 25440, 10799, 4338, 1703, 583, 271, 79, 37, 20, 9, 9, 2, 1]
(1, (0, 1, 0), (0, 1)): [2416, 940, 342, 136, 43, 17, 7, 3, 1]
(1, (0, 1, 0), (0, 2)): [948, 332, 103, 32, 11, 6, 3]
(1, (0, 1, 0), (1, 0)): [2825, 1247, 451, 247, 117, 33, 12, 5, 0, 0, 1, 0, 0, 1]
(1, (0, 1, 0), (1, 1)): [2097, 799, 314, 142, 55, 21, 7, 4, 1, 0, 0, 0, 0, 1]
(1, (0, 1, 0), (1, 2)): [1392, 490, 184, 61, 19, 9, 5, 2]
(1, (0, 1, 0), (2, 0)): [1248, 552, 206, 130, 61, 17, 8, 4, 0, 0, 1]
(1, (0, 1, 0), (2, 1)): [1126, 472, 168, 100, 45, 15, 6, 3, 0, 0, 1, 0, 0, 1]
(1, (0, 1, 0), (2, 2)): [1097, 424, 160, 56, 29, 7, 3, 1]
(1, (0, 1, 0), (3, 0)): [672, 259, 89, 85, 43, 9, 5, 3]
(1, (0, 1, 0), (3, 1)): [591, 217, 81, 64, 30, 9, 3, 1, 0, 0, 0, 0, 0, 1]
(1, (0, 1, 0), (3, 2)): [659, 234, 106, 60, 27, 3, 4, 1, 0, 0, 0, 0, 0, 1]
(1, (0, 1, 1), (0, 0)): [25646, 20815, 19000, 7561, 3837, 1512, 585, 230, 111, 36, 11, 7, 2, 2, 0, 1]
(1, (0, 1, 1), (0, 1)): [342, 215, 195, 82, 35, 18, 8, 3]
(1, (0, 1, 1), (0, 2)): [170, 73, 64, 29, 10, 5, 4]
(1, (0, 1, 1), (1, 0)): [572, 438, 336, 166, 106, 39, 17, 10, 3, 1]
(1, (0, 1, 1), (1, 1)): [288, 192, 180, 69, 34, 11, 6, 4]
(1, (0, 1, 1), (1, 2)): [228, 107, 99, 49, 17, 7, 4]
(1, (0, 1, 1), (2, 0)): [366, 287, 194, 113, 84, 33, 14, 8, 3, 1]
(1, (0, 1, 1), (2, 1)): [156, 129, 103, 45, 20, 9, 7, 2]
(1, (0, 1, 1), (2, 2)): [161, 102, 90, 45, 21, 4, 2, 2]
(1, (0, 1, 1), (3, 0)): [299, 223, 141, 84, 72, 29, 10, 8, 3, 1]
(1, (0, 1, 1), (3, 1)): [79, 53, 42, 22, 8, 9, 5]
(1, (0, 1, 1), (3, 2)): [96, 65, 48, 24, 14, 4, 1, 1]
(1, (1, 0, 0), (0, 0)): [445492, 79510, 50213, 21225, 8572, 3394, 1332, 476, 205, 85, 31, 21, 4, 3, 0, 2]
(1, (1, 0, 0), (0, 1)): [7494, 1071, 789, 341, 122, 47, 20, 4, 1, 2]
(1, (1, 0, 0), (0, 2)): [2741, 336, 287, 98, 33, 13, 6, 1, 0, 2]
(1, (1, 0, 0), (1, 0)): [7233, 1320, 941, 410, 176, 58, 29, 10, 1, 2, 0, 0, 1, 0, 0, 1]
(1, (1, 0, 0), (1, 1)): [5961, 912, 668, 288, 111, 41, 19, 8, 1, 0, 0, 0, 0, 0, 0, 1]
(1, (1, 0, 0), (1, 2)): [3728, 487, 386, 144, 55, 18, 6, 6, 0, 1]
(1, (1, 0, 0), (2, 0)): [2381, 478, 361, 179, 71, 27, 11, 0, 1, 2, 0, 0, 1]
(1, (1, 0, 0), (2, 1)): [3048, 530, 413, 181, 74, 23, 14, 2, 2, 0, 0, 0, 0, 0, 0, 1]
(1, (1, 0, 0), (2, 2)): [2804, 409, 343, 130, 51, 14, 7, 3, 1, 1]
(1, (1, 0, 0), (3, 0)): [726, 174, 117, 80, 32, 12, 5, 0, 0, 2, 0, 0, 1]
(1, (1, 0, 0), (3, 1)): [1160, 286, 184, 107, 39, 14, 8, 1, 0, 1, 0, 0, 0, 0, 0, 1]
(1, (1, 0, 0), (3, 2)): [1405, 289, 206, 103, 34, 15, 7, 1, 1, 1, 0, 0, 0, 0, 0, 1]
(1, (1, 0, 1), (0, 0)): [35621, 41949, 13518, 8921, 3821, 1555, 616, 242, 83, 51, 13, 5, 0, 1]
(1, (1, 0, 1), (0, 1)): [633, 556, 156, 134, 58, 19, 10, 5, 3, 2]
(1, (1, 0, 1), (0, 2)): [280, 174, 58, 50, 8, 7, 4, 3, 0, 1]
(1, (1, 0, 1), (1, 0)): [604, 666, 207, 154, 83, 27, 10, 4, 0, 2]
(1, (1, 0, 1), (1, 1)): [484, 452, 130, 109, 61, 8, 9, 3, 2]
(1, (1, 0, 1), (1, 2)): [349, 250, 77, 66, 23, 8, 6, 3, 0, 1]
(1, (1, 0, 1), (2, 0)): [233, 231, 70, 49, 34, 16, 2, 1, 0, 1]
(1, (1, 0, 1), (2, 1)): [234, 234, 70, 58, 36, 9, 6, 1, 2]
(1, (1, 0, 1), (2, 2)): [238, 188, 64, 38, 24, 7, 6, 1, 1]
(1, (1, 0, 1), (3, 0)): [88, 92, 25, 21, 15, 7, 1, 0, 0, 1]
(1, (1, 0, 1), (3, 1)): [98, 108, 26, 28, 23, 8, 0, 1]
(1, (1, 0, 1), (3, 2)): [115, 105, 38, 28, 22, 10, 4, 2, 1]
(1, (1, 1, 0), (0, 0)): [121671, 37609, 25263, 17721, 7427, 3060, 1203, 483, 201, 74, 26, 15, 8, 5, 1]
(1, (1, 1, 0), (0, 1)): [2120, 572, 349, 271, 107, 40, 22, 6, 3]
(1, (1, 1, 0), (0, 2)): [861, 215, 115, 99, 32, 10, 6, 0, 1]
(1, (1, 1, 0), (1, 0)): [1892, 659, 455, 339, 145, 51, 25, 11, 1, 3, 0, 0, 2, 1]
(1, (1, 1, 0), (1, 1)): [1573, 464, 319, 228, 102, 36, 19, 9, 0, 2]
(1, (1, 1, 0), (1, 2)): [1132, 276, 177, 140, 54, 17, 9, 2]
(1, (1, 1, 0), (2, 0)): [640, 230, 147, 134, 55, 19, 8, 2, 1, 1, 0, 0, 2, 1]
(1, (1, 1, 0), (2, 1)): [792, 285, 188, 137, 56, 21, 12, 4, 0, 1, 0, 0, 1]
(1, (1, 1, 0), (2, 2)): [815, 226, 136, 103, 47, 15, 6, 2]
(1, (1, 1, 0), (3, 0)): [176, 88, 43, 43, 27, 11, 4, 2, 1, 1, 0, 0, 1]
(1, (1, 1, 0), (3, 1)): [330, 141, 86, 71, 34, 12, 10, 3, 0, 2, 0, 0, 1]
(1, (1, 1, 0), (3, 2)): [424, 142, 93, 64, 37, 16, 9, 5, 0, 2, 0, 0, 1]
(1, (1, 1, 1), (0, 0)): [24841, 19703, 12632, 8362, 6002, 2551, 1034, 391, 164, 60, 20, 15, 7, 3, 1, 1]
(1, (1, 1, 1), (0, 1)): [492, 313, 193, 129, 105, 37, 20, 8, 3]
(1, (1, 1, 1), (0, 2)): [245, 112, 70, 41, 39, 12, 10, 1]
(1, (1, 1, 1), (1, 0)): [433, 323, 222, 141, 114, 48, 20, 7, 2, 2, 0, 1, 1]
(1, (1, 1, 1), (1, 1)): [358, 233, 158, 113, 93, 36, 10, 6, 1]
(1, (1, 1, 1), (1, 2)): [276, 124, 95, 67, 46, 27, 9, 3]
(1, (1, 1, 1), (2, 0)): [130, 121, 91, 55, 39, 21, 12, 4, 1, 1, 0, 1, 1]
(1, (1, 1, 1), (2, 1)): [171, 146, 94, 67, 52, 16, 11, 4, 1, 1, 0, 1]
(1, (1, 1, 1), (2, 2)): [186, 106, 78, 70, 44, 19, 8, 2]
(1, (1, 1, 1), (3, 0)): [29, 45, 31, 24, 12, 11, 4, 1, 1, 0, 0, 0, 1]
(1, (1, 1, 1), (3, 1)): [50, 79, 38, 31, 24, 10, 5, 3, 0, 0, 0, 0, 1]
(1, (1, 1, 1), (3, 2)): [94, 70, 43, 43, 29, 15, 3, 2]
(2, (0, 0, 0), (0, 0)): [1010065, 45173, 15137, 4811, 1574, 525, 179, 55, 10, 6, 5, 0, 1]
(2, (0, 0, 0), (0, 1)): [17641, 733, 244, 72, 31, 9, 6, 1]
(2, (0, 0, 0), (0, 2)): [6395, 193, 51, 20, 8, 2, 1, 1]
(2, (0, 0, 0), (1, 0)): [17875, 1026, 339, 107, 45, 12, 4, 0, 0, 0, 0, 0, 1]
(2, (0, 0, 0), (1, 1)): [15680, 768, 253, 63, 33, 8, 6]
(2, (0, 0, 0), (1, 2)): [9861, 337, 111, 32, 15, 5, 3]
(2, (0, 0, 0), (2, 0)): [6573, 389, 163, 61, 23, 6, 2, 0, 0, 0, 0, 0, 1]
(2, (0, 0, 0), (2, 1)): [9010, 478, 166, 56, 14, 6, 4]
(2, (0, 0, 0), (2, 2)): [8299, 339, 125, 38, 14, 7, 1]
(2, (0, 0, 0), (3, 0)): [2269, 154, 91, 32, 15, 3, 1, 0, 0, 0, 0, 0, 1]
(2, (0, 0, 0), (3, 1)): [4147, 249, 118, 38, 17, 6, 3]
(2, (0, 0, 0), (3, 2)): [5189, 271, 120, 34, 12, 6]
(2, (0, 0, 1), (0, 0)): [94987, 29660, 5752, 1951, 693, 226, 66, 22, 3, 2, 0, 1]
(2, (0, 0, 1), (0, 1)): [1444, 393, 86, 24, 14, 3, 1]
(2, (0, 0, 1), (0, 2)): [561, 111, 28, 4, 3, 1]
(2, (0, 0, 1), (1, 0)): [1755, 491, 111, 48, 12, 6, 0, 2]
(2, (0, 0, 1), (1, 1)): [1371, 329, 74, 23, 11, 2, 1, 1]
(2, (0, 0, 1), (1, 2)): [898, 171, 38, 11, 4, 1, 1]
(2, (0, 0, 1), (2, 0)): [758, 214, 54, 31, 7, 5, 0, 1]
(2, (0, 0, 1), (2, 1)): [798, 188, 53, 19, 10, 2, 0, 2]
(2, (0, 0, 1), (2, 2)): [739, 143, 48, 7, 4, 2, 1]
(2, (0, 0, 1), (3, 0)): [391, 98, 28, 19, 3, 4]
(2, (0, 0, 1), (3, 1)): [419, 101, 23, 18, 7, 2, 0, 1]
(2, (0, 0, 1), (3, 2)): [475, 104, 34, 12, 3, 1]
(2, (0, 1, 0), (0, 0)): [252145, 54089, 14270, 4986, 1620, 549, 166, 49, 11, 8, 5, 0, 1]
(2, (0, 1, 0), (0, 1)): [3716, 684, 176, 60, 20, 1, 1]
(2, (0, 1, 0), (0, 2)): [1391, 197, 47, 12, 7]
(2, (0, 1, 0), (1, 0)): [4900, 864, 343, 143, 38, 20, 5, 1, 0, 0, 0, 0, 1]
(2, (0, 1, 0), (1, 1)): [3445, 606, 203, 65, 18, 6, 3, 1]
(2, (0, 1, 0), (1, 2)): [2177, 308, 76, 36, 6]
(2, (0, 1, 0), (2, 0)): [2321, 391, 172, 98, 28, 12, 3, 0, 0, 0, 0, 0, 1]
(2, (0, 1, 0), (2, 1)): [2086, 385, 130, 50, 16, 10, 3, 1, 0, 0, 0, 0, 1]
(2, (0, 1, 0), (2, 2)): [1926, 290, 75, 39, 9, 5, 0, 1]
(2, (0, 1, 0), (3, 0)): [1317, 186, 99, 66, 18, 5, 2]
(2, (0, 1, 0), (3, 1)): [1029, 193, 91, 35, 16, 5, 3, 0, 0, 0, 0, 0, 1]
(2, (0, 1, 0), (3, 2)): [1268, 202, 82, 36, 10, 6, 1, 0, 0, 0, 0, 0, 1]
(2, (0, 1, 1), (0, 0)): [57673, 5036, 12802, 3430, 1339, 423, 146, 49, 18, 4, 3, 1, 0, 1]
(2, (0, 1, 1), (0, 1)): [806, 65, 132, 33, 8, 3, 1, 3]
(2, (0, 1, 1), (0, 2)): [353, 26, 44, 11, 5, 1, 1]
(2, (0, 1, 1), (1, 0)): [1127, 118, 232, 80, 39, 8, 4, 0, 0, 0, 1]
(2, (0, 1, 1), (1, 1)): [727, 59, 130, 38, 7, 4, 1, 2]
(2, (0, 1, 1), (1, 2)): [496, 33, 72, 17, 5, 1, 2, 1]
(2, (0, 1, 1), (2, 0)): [577, 70, 112, 45, 31, 6, 1, 0, 0, 0, 1]
(2, (0, 1, 1), (2, 1)): [413, 36, 90, 22, 9, 5]
(2, (0, 1, 1), (2, 2)): [421, 32, 73, 21, 4, 4, 1, 1]
(2, (0, 1, 1), (3, 0)): [404, 54, 69, 31, 26, 5, 1, 0, 0, 0, 1]
(2, (0, 1, 1), (3, 1)): [211, 20, 41, 14, 5, 2]
(2, (0, 1, 1), (3, 2)): [267, 24, 58, 18, 5, 4, 0, 1]
(2, (1, 0, 0), (0, 0)): [540614, 39242, 24960, 7907, 2513, 808, 318, 87, 18, 11, 6, 0, 1]
(2, (1, 0, 0), (0, 1)): [8637, 478, 376, 106, 41, 10, 7, 1]
(2, (1, 0, 0), (0, 2)): [3131, 139, 97, 19, 14, 2, 2]
(2, (1, 0, 0), (1, 0)): [8971, 706, 521, 211, 48, 15, 7, 2, 0, 0, 0, 0, 1]
(2, (1, 0, 0), (1, 1)): [7104, 436, 355, 124, 31, 4, 4, 1]
(2, (1, 0, 0), (1, 2)): [4401, 213, 152, 53, 17, 3, 1]
(2, (1, 0, 0), (2, 0)): [3066, 290, 176, 100, 20, 7, 4, 0, 0, 0, 0, 0, 1]
(2, (1, 0, 0), (2, 1)): [3692, 243, 196, 76, 25, 6, 2, 1, 0, 0, 0, 0, 1]
(2, (1, 0, 0), (2, 2)): [3367, 196, 149, 49, 20, 5, 1, 1]
(2, (1, 0, 0), (3, 0)): [988, 135, 56, 57, 6, 3, 3]
(2, (1, 0, 0), (3, 1)): [1571, 166, 93, 56, 10, 4, 2, 0, 0, 0, 0, 0, 1]
(2, (1, 0, 0), (3, 2)): [1878, 162, 102, 48, 12, 8, 1, 1, 0, 0, 0, 0, 1]
(2, (1, 0, 1), (0, 0)): [91277, 22406, 8865, 5201, 1680, 563, 192, 64, 21, 7, 0, 3, 1]
(2, (1, 0, 1), (0, 1)): [1531, 315, 121, 85, 26, 5, 2, 2, 0, 0, 0, 1]
(2, (1, 0, 1), (0, 2)): [617, 98, 33, 19, 11, 0, 0, 1]
(2, (1, 0, 1), (1, 0)): [1450, 324, 155, 114, 41, 17, 5]
(2, (1, 0, 1), (1, 1)): [1150, 239, 98, 81, 19, 12, 5, 1, 0, 0, 0, 1]
(2, (1, 0, 1), (1, 2)): [804, 129, 48, 35, 12, 7, 1, 2, 0, 0, 0, 1]
(2, (1, 0, 1), (2, 0)): [549, 115, 74, 39, 16, 5, 2]
(2, (1, 0, 1), (2, 1)): [637, 138, 56, 43, 16, 5, 1]
(2, (1, 0, 1), (2, 2)): [560, 97, 40, 27, 10, 4, 1, 2, 0, 0, 0, 1]
(2, (1, 0, 1), (3, 0)): [197, 34, 33, 16, 9, 2, 2]
(2, (1, 0, 1), (3, 1)): [299, 58, 37, 21, 8, 2, 3]
(2, (1, 0, 1), (3, 2)): [328, 63, 40, 15, 8, 3, 2, 2]
(2, (1, 1, 0), (0, 0)): [208587, 31969, 16112, 10772, 3422, 1131, 374, 120, 43, 19, 7, 1, 2, 1]
(2, (1, 1, 0), (0, 1)): [3604, 492, 219, 167, 48, 7, 5, 3, 0, 0, 0, 0, 1]
(2, (1, 1, 0), (0, 2)): [1452, 151, 65, 41, 12, 1, 2, 1]
(2, (1, 1, 0), (1, 0)): [3460, 542, 302, 243, 73, 23, 8, 2, 1, 1]
(2, (1, 1, 0), (1, 1)): [2902, 396, 184, 159, 37, 9, 4, 2, 1, 1, 0, 0, 1]
(2, (1, 1, 0), (1, 2)): [2007, 226, 97, 68, 15, 4, 2, 2]
(2, (1, 1, 0), (2, 0)): [1222, 210, 135, 95, 40, 13, 3, 1]
(2, (1, 1, 0), (2, 1)): [1533, 200, 137, 100, 30, 11, 4, 1, 1, 1, 0, 0, 1]
(2, (1, 1, 0), (2, 2)): [1499, 181, 86, 85, 18, 4, 4, 2, 1]
(2, (1, 1, 0), (3, 0)): [441, 84, 55, 36, 16, 6, 1]
(2, (1, 1, 0), (3, 1)): [675, 107, 80, 54, 16, 9, 2, 1, 0, 0, 0, 0, 1]
(2, (1, 1, 0), (3, 2)): [838, 112, 74, 62, 20, 4, 3, 2, 1]
(2, (1, 1, 1), (0, 0)): [60159, 8789, 10165, 5026, 3584, 1146, 386, 131, 43, 9, 7, 1, 1, 1]
(2, (1, 1, 1), (0, 1)): [1211, 122, 171, 85, 59, 10, 7, 3, 1, 0, 0, 0, 1]
(2, (1, 1, 1), (0, 2)): [563, 36, 44, 29, 17, 2, 2, 1, 1]
(2, (1, 1, 1), (1, 0)): [951, 266, 179, 110, 66, 27, 8, 1, 2, 0, 1]
(2, (1, 1, 1), (1, 1)): [892, 130, 145, 77, 48, 8, 5, 0, 0, 0, 1, 0, 1]
(2, (1, 1, 1), (1, 2)): [677, 58, 62, 38, 20, 4, 3, 1, 0, 0, 1]
(2, (1, 1, 1), (2, 0)): [264, 178, 50, 48, 34, 17, 4, 1, 1]
(2, (1, 1, 1), (2, 1)): [391, 118, 85, 46, 39, 11, 5, 0, 0, 0, 0, 0, 1]
(2, (1, 1, 1), (2, 2)): [443, 74, 58, 44, 23, 5, 3, 0, 0, 0, 1]
(2, (1, 1, 1), (3, 0)): [55, 122, 18, 27, 13, 8, 1, 0, 1]
(2, (1, 1, 1), (3, 1)): [125, 121, 35, 30, 27, 8, 4]
(2, (1, 1, 1), (3, 2)): [211, 99, 41, 48, 24, 8, 5, 0, 0, 0, 1]
