(0, (0, 0, 0), (0, 0)): [1108326, 219418, 101546, 46285, 20690, 8874, 3678, 1547, 616, 282, 123, 54, 26, 8, 3, 1, 0, 1]
(0, (0, 0, 0), (0, 1)): [21014, 3810, 1791, 795, 341, 151, 53, 32, 7, 5, 2, 0, 2, 1, 0, 1]
(0, (0, 0, 0), (0, 2)): [7724, 1216, 570, 253, 107, 39, 18, 13, 2, 1, 0, 0, 1]
(0, (0, 0, 0), (1, 0)): [19265, 4091, 2048, 939, 462, 191, 89, 34, 11, 6, 3]
(0, (0, 0, 0), (1, 1)): [17676, 3380, 1659, 768, 342, 143, 50, 25, 6, 4, 4, 0, 1, 1, 0, 1]
(0, (0, 0, 0), (1, 2)): [11468, 1933, 885, 393, 188, 81, 22, 13, 5, 2, 0, 0, 2]
(0, (0, 0, 0), (2, 0)): [6368, 1504, 787, 400, 192, 90, 42, 16, 4, 2, 1]
(0, (0, 0, 0), (2, 1)): [9430, 1958, 1039, 493, 227, 96, 42, 22, 3, 1, 1, 0, 0, 1]
(0, (0, 0, 0), (2, 2)): [9054, 1655, 818, 386, 179, 83, 22, 12, 3, 3, 1, 0, 2]
(0, (0, 0, 0), (3, 0)): [2083, 524, 319, 182, 84, 47, 19, 7, 3, 0, 1]
(0, (0, 0, 0), (3, 1)): [3811, 920, 563, 293, 118, 57, 25, 15, 4]
(0, (0, 0, 0), (3, 2)): [5170, 1081, 660, 311, 143, 61, 17, 12, 5, 2, 0, 0, 2]
(0, (0, 0, 1), (0, 0)): [4863, 14408, 3912, 1866, 901, 382, 170, 85, 33, 19, 6, 1, 3, 1]
(0, (0, 1, 0), (0, 0)): [37269, 34660, 13429, 6359, 3111, 1350, 565, 235, 98, 58, 20, 5, 3, 2, 1]
(0, (0, 1, 0), (0, 1)): [674, 539, 197, 95, 38, 21, 12, 5, 1]
(0, (0, 1, 0), (0, 2)): [266, 162, 70, 28, 9, 9, 4, 0, 1]
(0, (0, 1, 0), (1, 0)): [616, 547, 234, 123, 60, 29, 12, 3, 1]
(0, (0, 1, 0), (1, 1)): [534, 453, 183, 90, 34, 15, 10, 6]
(0, (0, 1, 0), (1, 2)): [358, 271, 103, 54, 21, 10, 5, 2, 1]
(0, (0, 1, 0), (2, 0)): [212, 192, 79, 49, 26, 18, 5, 0, 1]
(0, (0, 1, 0), (2, 1)): [268, 233, 102, 55, 15, 17, 7, 4]
(0, (0, 1, 0), (2, 2)): [279, 201, 91, 48, 15, 7, 7, 1, 1]
(0, (0, 1, 0), (3, 0)): [79, 70, 35, 27, 19, 6, 2, 0, 1]
(0, (0, 1, 0), (3, 2)): [168, 124, 68, 36, 18, 6, 7]
(0, (0, 1, 1), (0, 0)): [3312, 5473, 6736, 3120, 1658, 760, 334, 158, 76, 33, 10, 6, 1, 2, 1, 0, 0, 1]
(0, (0, 1, 1), (0, 1)): [53, 67, 101, 44, 27, 9, 8, 3, 2]
(0, (1, 0, 0), (0, 0)): [240883, 80090, 50508, 24969, 11905, 5349, 2264, 984, 403, 181, 84, 35, 16, 4, 2, 1, 0, 1]
(0, (1, 0, 0), (0, 1)): [4443, 1181, 845, 416, 214, 93, 31, 14, 8, 1]
(0, (1, 0, 0), (0, 2)): [1702, 357, 274, 115, 62, 21, 13, 2, 5, 1]
(0, (1, 0, 0), (1, 0)): [3810, 1231, 902, 439, 213, 88, 47, 20, 8, 6, 2, 1]
(0, (1, 0, 0), (1, 1)): [3277, 946, 712, 340, 169, 66, 26, 15, 6, 4, 0, 1]
(0, (1, 0, 0), (1, 2)): [2130, 504, 394, 164, 86, 28, 18, 8, 3, 2]
(0, (1, 0, 0), (2, 0)): [1199, 407, 289, 165, 86, 38, 15, 10, 4, 2, 2]
(0, (1, 0, 0), (2, 1)): [1582, 486, 367, 197, 98, 43, 15, 7, 5, 3, 0, 1]
(0, (1, 0, 0), (2, 2)): [1483, 393, 300, 138, 76, 23, 15, 7, 3, 3]
(0, (1, 0, 0), (3, 0)): [353, 136, 109, 73, 44, 15, 4, 5, 0, 1, 1]
(0, (1, 0, 0), (3, 2)): [750, 240, 179, 91, 65, 20, 7, 5, 3, 3]
(0, (1, 0, 1), (0, 0)): [5683, 17046, 7044, 4779, 2576, 1170, 570, 236, 109, 48, 23, 12, 5, 1, 1, 0, 0, 1]
(0, (1, 0, 1), (0, 1)): [94, 267, 110, 77, 34, 17, 13, 4, 1, 0, 0, 0, 1]
(0, (1, 0, 1), (0, 2)): [35, 103, 26, 26, 13, 8, 5, 2, 1]
(0, (1, 0, 1), (1, 0)): [91, 287, 106, 84, 44, 25, 2, 4, 4, 1, 1]
(0, (1, 0, 1), (1, 2)): [64, 125, 37, 29, 14, 10, 3, 2, 2]
(0, (1, 0, 1), (2, 2)): [48, 105, 35, 22, 14, 6, 2, 2, 1, 0, 1]
(0, (1, 1, 0), (0, 0)): [32721, 20874, 16130, 11355, 6019, 2859, 1236, 597, 227, 107, 51, 21, 7, 1]
(0, (1, 1, 0), (0, 1)): [641, 345, 238, 185, 101, 43, 15, 12, 2, 0, 1, 1]
(0, (1, 1, 0), (0, 2)): [248, 123, 78, 55, 36, 14, 6, 6]
(0, (1, 1, 0), (1, 0)): [503, 315, 246, 181, 91, 57, 21, 13, 3, 3]
(0, (1, 1, 0), (1, 1)): [439, 232, 190, 140, 62, 38, 13, 10, 3, 1, 1]
(0, (1, 1, 0), (1, 2)): [304, 138, 102, 73, 39, 18, 4, 10, 1, 1]
(0, (1, 1, 0), (2, 0)): [142, 100, 76, 66, 35, 23, 7, 6, 2, 1]
(0, (1, 1, 0), (2, 1)): [200, 124, 84, 79, 39, 22, 10, 5, 2, 1]
(0, (1, 1, 0), (2, 2)): [201, 108, 77, 58, 26, 16, 3, 7, 2, 2]
(0, (1, 1, 1), (0, 0)): [3315, 6092, 5066, 3901, 3058, 1539, 718, 367, 154, 71, 36, 13, 3, 1, 1]
(0, (1, 1, 1), (1, 0)): [52, 112, 111, 80, 67, 36, 11, 10, 3, 0, 1, 1]
(0, (1, 1, 1), (2, 0)): [13, 44, 27, 33, 34, 11, 3, 4, 1, 0, 1]
(0, (1, 1, 1), (3, 0)): [2, 15, 13, 16, 12, 2, 2, 2, 0, 0, 1]
(1, (0, 0, 0), (0, 0)): [891308, 95727, 39307, 15570, 6100, 2328, 892, 350, 131, 52, 23, 13, 6, 2, 0, 1]
(1, (0, 0, 0), (0, 1)): [16997, 1713, 723, 268, 111, 29, 12, 9, 1, 0, 0, 0, 0, 1]
(1, (0, 0, 0), (0, 2)): [6252, 501, 204, 74, 32, 9, 1, 2]
(1, (0, 0, 0), (1, 0)): [16158, 2005, 867, 327, 140, 52, 21, 7, 0, 1, 0, 0, 0, 0, 0, 1]
(1, (0, 0, 0), (1, 1)): [14561, 1606, 657, 243, 104, 40, 18, 6, 1, 1, 0, 0, 0, 1]
(1, (0, 0, 0), (1, 2)): [9219, 816, 323, 136, 60, 28, 8, 2]
(1, (0, 0, 0), (2, 0)): [5537, 770, 385, 137, 56, 22, 8, 4, 0, 0, 0, 0, 0, 0, 0, 1]
(1, (0, 0, 0), (2, 1)): [8035, 988, 426, 160, 71, 21, 10, 6, 0, 1]
(1, (0, 0, 0), (2, 2)): [7633, 758, 333, 128, 61, 32, 11, 4]
(1, (0, 0, 0), (3, 0)): [1758, 275, 182, 61, 27, 8, 5, 0, 0, 0, 0, 0, 0, 0, 0, 1]
(1, (0, 0, 0), (3, 1)): [3370, 513, 267, 97, 47, 7, 4, 3]
(1, (0, 0, 0), (3, 2)): [4374, 540, 275, 95, 52, 19, 11, 3]
(1, (0, 0, 1), (0, 0)): [25238, 36349, 7107, 2994, 1276, 527, 206, 85, 37, 13, 6, 4, 4, 1]
(1, (0, 0, 1), (0, 1)): [422, 458, 98, 33, 17, 7, 6]
(1, (0, 0, 1), (1, 0)): [424, 588, 122, 61, 28, 12, 6, 3, 1]
(1, (0, 0, 1), (1, 1)): [373, 424, 86, 39, 21, 6, 2, 2]
(1, (0, 0, 1), (1, 2)): [273, 235, 35, 15, 11, 2, 3]
(1, (0, 0, 1), (2, 0)): [185, 239, 52, 27, 14, 7, 5, 1, 1]
(1, (0, 0, 1), (2, 1)): [175, 255, 46, 24, 12, 7, 5, 2]
(1, (0, 0, 1), (2, 2)): [187, 196, 39, 17, 6, 2, 2]
(1, (0, 0, 1), (3, 1)): [95, 124, 18, 14, 7, 3, 3, 2]
(1, (0, 0, 1), (3, 2)): [117, 124, 25, 13, 5, 2, 3]
(1, (0, 1, 0), (0, 0)): [120523, 54881, 19465, 8172, 3321, 1312, 448, 211, 60, 31, 18, 7, 7, 2, 1]
(1, (0, 1, 0), (0, 1)): [1932, 753, 275, 115, 35, 15, 7, 3, 1]
(1, (0, 1, 0), (0, 2)): [765, 258, 84, 24, 10, 6, 3]
(1, (0, 1, 0), (1, 0)): [2281, 1019, 370, 206, 99, 27, 12, 4, 0, 0, 1, 0, 0, 1]
(1, (0, 1, 0), (1, 1)): [1694, 648, 256, 119, 45, 16, 7, 4, 1, 0, 0, 0, 0, 1]
(1, (0, 1, 0), (1, 2)): [1126, 381, 147, 46, 17, 8, 5, 2]
(1, (0, 1, 0), (2, 0)): [988, 435, 165, 108, 49, 15, 8, 3, 0, 0, 1]
(1, (0, 1, 0), (2, 1)): [902, 377, 137, 84, 37, 11, 6, 3, 0, 0, 1, 0, 0, 1]
(1, (0, 1, 0), (2, 2)): [887, 332, 124, 45, 26, 6, 3, 1]
(1, (0, 1, 0), (3, 0)): [524, 208, 70, 74, 35, 8, 5, 2]
(1, (0, 1, 0), (3, 1)): [445, 177, 67, 52, 25, 7, 3, 1, 0, 0, 0, 0, 0, 1]
(1, (0, 1, 0), (3, 2)): [508, 183, 83, 46, 25, 2, 4, 1, 0, 0, 0, 0, 0, 1]
(1, (0, 1, 1), (0, 0)): [20148, 16188, 15271, 6050, 3034, 1199, 478, 190, 88, 26, 9, 6, 1, 2, 0, 1]
(1, (0, 1, 1), (0, 1)): [275, 181, 165, 59, 30, 14, 6, 3]
(1, (0, 1, 1), (1, 0)): [483, 353, 279, 136, 92, 34, 13, 8, 3, 1]
(1, (0, 1, 1), (1, 1)): [232, 158, 154, 58, 29, 8, 6, 3]
(1, (0, 1, 1), (1, 2)): [182, 84, 85, 40, 12, 5, 3]
(1, (0, 1, 1), (2, 0)): [315, 231, 154, 91, 71, 29, 10, 7, 3, 1]
(1, (0, 1, 1), (2, 2)): [134, 82, 76, 35, 19, 3, 1, 2]
(1, (0, 1, 1), (3, 0)): [255, 182, 118, 68, 62, 25, 7, 7, 3, 1]
(1, (0, 1, 1), (3, 2)): [81, 58, 41, 16, 10, 3, 1, 1]
(1, (1, 0, 0), (0, 0)): [347611, 61890, 38910, 16669, 6766, 2685, 1042, 392, 171, 70, 26, 19, 4, 2, 0, 2]
(1, (1, 0, 0), (0, 1)): [6391, 885, 662, 277, 110, 42, 17, 3, 1, 2]
(1, (1, 0, 0), (0, 2)): [2310, 269, 236, 75, 32, 13, 6, 1, 0, 2]
(1, (1, 0, 0), (1, 0)): [6002, 1070, 768, 356, 149, 49, 24, 9, 1, 2, 0, 0, 1, 0, 0, 1]
(1, (1, 0, 0), (1, 1)): [5079, 765, 567, 237, 96, 35, 14, 6, 1, 0, 0, 0, 0, 0, 0, 1]
(1, (1, 0, 0), (1, 2)): [3175, 398, 328, 111, 49, 18, 5, 4, 0, 1]
(1, (1, 0, 0), (2, 0)): [1960, 384, 291, 162, 62, 24, 10, 0, 1, 2, 0, 0, 1]
(1, (1, 0, 0), (2, 1)): [2573, 438, 345, 161, 65, 20, 10, 2, 2, 0, 0, 0, 0, 0, 0, 1]
(1, (1, 0, 0), (2, 2)): [2379, 330, 289, 110, 46, 13, 5, 3, 1, 1]
(1, (1, 0, 0), (3, 0)): [597, 131, 95, 72, 27, 10, 4, 0, 0, 2, 0, 0, 1]
(1, (1, 0, 0), (3, 1)): [988, 237, 157, 94, 32, 12, 6, 1, 0, 1, 0, 0, 0, 0, 0, 1]
(1, (1, 0, 0), (3, 2)): [1218, 238, 170, 90, 31, 14, 5, 1, 1, 1, 0, 0, 0, 0, 0, 1]
(1, (1, 0, 1), (0, 0)): [27466, 32677, 10726, 6967, 2993, 1225, 471, 195, 65, 44, 13, 4, 0, 1]
(1, (1, 0, 1), (1, 0)): [491, 557, 174, 126, 67, 22, 7, 2, 0, 2]
(1, (1, 0, 1), (2, 0)): [190, 195, 61, 38, 30, 13, 1, 1, 0, 1]
(1, (1, 0, 1), (2, 1)): [185, 203, 60, 49, 29, 7, 5, 1, 2]
(1, (1, 1, 0), (0, 0)): [93979, 29158, 19883, 13825, 5903, 2459, 961, 391, 157, 61, 22, 12, 6, 4, 1]
(1, (1, 1, 0), (0, 1)): [1755, 464, 287, 226, 92, 33, 18, 5, 2]
(1, (1, 1, 0), (0, 2)): [705, 178, 97, 78, 28, 8, 4, 0, 1]
(1, (1, 1, 0), (1, 0)): [1591, 526, 376, 290, 126, 45, 19, 8, 1, 2, 0, 0, 2, 1]
(1, (1, 1, 0), (1, 1)): [1338, 373, 261, 193, 82, 30, 18, 7, 0, 2]
(1, (1, 1, 0), (1, 2)): [971, 232, 146, 113, 44, 14, 8, 1]
(1, (1, 1, 0), (2, 0)): [523, 189, 130, 112, 49, 19, 4, 2, 1, 0, 0, 0, 2, 1]
(1, (1, 1, 0), (2, 2)): [700, 187, 108, 83, 39, 12, 4, 1]
(1, (1, 1, 0), (3, 2)): [359, 110, 78, 50, 33, 14, 8, 4, 0, 1, 0, 0, 1]
(1, (1, 1, 1), (0, 0)): [19453, 15330, 9946, 6639, 4746, 2033, 825, 321, 125, 46, 17, 14, 6, 2, 1, 1]
(1, (1, 1, 1), (1, 0)): [368, 269, 181, 115, 101, 41, 17, 6, 2, 2, 0, 1, 1]
(1, (1, 1, 1), (1, 1)): [303, 193, 138, 97, 81, 32, 7, 6, 1]
(1, (1, 1, 1), (1, 2)): [239, 99, 85, 58, 40, 24, 8, 2]
(1, (1, 1, 1), (2, 0)): [108, 105, 73, 45, 33, 18, 10, 3, 1, 1, 0, 1, 1]
(1, (1, 1, 1), (2, 1)): [150, 126, 84, 55, 47, 14, 8, 4, 1, 1, 0, 1]
(1, (1, 1, 1), (2, 2)): [159, 88, 69, 60, 40, 17, 7, 2]
(1, (1, 1, 1), (3, 0)): [21, 39, 20, 19, 9, 11, 4, 0, 1, 0, 0, 0, 1]
(1, (1, 1, 1), (3, 2)): [80, 58, 34, 38, 27, 14, 3, 2]
(2, (0, 0, 0), (0, 0)): [770257, 34103, 11480, 3666, 1236, 403, 143, 44, 9, 3, 5, 0, 1]
(2, (0, 0, 0), (0, 1)): [14729, 616, 216, 55, 31, 7, 6, 1]
(2, (0, 0, 0), (0, 2)): [5274, 161, 47, 16, 8, 1, 1, 1]
(2, (0, 0, 0), (1, 0)): [14724, 853, 280, 86, 35, 10, 3, 0, 0, 0, 0, 0, 1]
(2, (0, 0, 0), (1, 1)): [13003, 643, 224, 50, 30, 6, 6]
(2, (0, 0, 0), (1, 2)): [8108, 284, 97, 26, 14, 3, 3]
(2, (0, 0, 0), (2, 0)): [5336, 321, 128, 51, 17, 6, 1, 0, 0, 0, 0, 0, 1]
(2, (0, 0, 0), (2, 1)): [7499, 394, 141, 48, 10, 5, 3]
(2, (0, 0, 0), (2, 2)): [6795, 290, 108, 32, 13, 5, 1]
(2, (0, 0, 0), (3, 0)): [1818, 126, 73, 26, 13, 3, 1, 0, 0, 0, 0, 0, 1]
(2, (0, 0, 0), (3, 1)): [3395, 198, 94, 33, 12, 5, 2]
(2, (0, 0, 0), (3, 2)): [4292, 227, 104, 29, 9, 5]
(2, (0, 0, 1), (0, 0)): [72645, 23253, 4381, 1508, 538, 181, 53, 16, 3, 2, 0, 1]
(2, (0, 0, 1), (0, 1)): [1191, 331, 74, 22, 10, 3, 1]
(2, (0, 0, 1), (0, 2)): [461, 89, 25, 4, 1, 1]
(2, (0, 0, 1), (1, 0)): [1368, 411, 87, 38, 11, 4, 0, 2]
(2, (0, 0, 1), (1, 1)): [1102, 269, 62, 19, 9, 1, 1, 1]
(2, (0, 0, 1), (1, 2)): [732, 137, 30, 9, 2, 1, 1]
(2, (0, 0, 1), (2, 1)): [641, 153, 45, 16, 9, 1, 0, 2]
(2, (0, 0, 1), (2, 2)): [604, 113, 39, 6, 3, 2, 1]
(2, (0, 0, 1), (3, 1)): [320, 82, 19, 14, 6, 0, 0, 1]
(2, (0, 0, 1), (3, 2)): [369, 82, 28, 9, 2, 1]
(2, (0, 1, 0), (0, 0)): [192501, 42185, 10944, 3816, 1234, 414, 130, 36, 8, 4, 4, 0, 1]
(2, (0, 1, 0), (0, 1)): [3068, 551, 149, 53, 17, 1, 1]
(2, (0, 1, 0), (0, 2)): [1148, 157, 36, 11, 6]
(2, (0, 1, 0), (1, 0)): [4005, 692, 285, 121, 29, 16, 5, 1, 0, 0, 0, 0, 1]
(2, (0, 1, 0), (1, 1)): [2852, 487, 175, 59, 15, 4, 3, 1]
(2, (0, 1, 0), (1, 2)): [1778, 247, 67, 34, 6]
(2, (0, 1, 0), (2, 0)): [1871, 310, 142, 82, 21, 11, 3, 0, 0, 0, 0, 0, 1]
(2, (0, 1, 0), (2, 1)): [1709, 311, 107, 44, 11, 8, 3, 1, 0, 0, 0, 0, 1]
(2, (0, 1, 0), (2, 2)): [1560, 229, 66, 37, 8, 4, 0, 1]
(2, (0, 1, 0), (3, 0)): [1054, 144, 82, 54, 15, 4, 2]
(2, (0, 1, 0), (3, 1)): [812, 143, 70, 27, 11, 4, 3, 0, 0, 0, 0, 0, 1]
(2, (0, 1, 0), (3, 2)): [1008, 157, 62, 32, 7, 5, 1, 0, 0, 0, 0, 0, 1]
(2, (0, 1, 1), (0, 0)): [45191, 3991, 10195, 2717, 1062, 341, 119, 40, 15, 4, 3, 1, 0, 1]
(2, (0, 1, 1), (1, 0)): [925, 95, 183, 68, 30, 7, 4, 0, 0, 0, 1]
(2, (0, 1, 1), (2, 0)): [471, 58, 92, 41, 23, 6, 1, 0, 0, 0, 1]
(2, (0, 1, 1), (2, 1)): [325, 30, 77, 19, 6, 4]
(2, (0, 1, 1), (2, 2)): [341, 28, 62, 15, 3, 4, 1, 1]
(2, (0, 1, 1), (3, 2)): [230, 23, 46, 13, 4, 4, 0, 1]
(2, (1, 0, 0), (0, 0)): [422900, 30699, 19200, 6146, 1967, 632, 252, 70, 17, 8, 6, 0, 1]
(2, (1, 0, 0), (0, 1)): [7281, 391, 315, 86, 34, 8, 6, 1]
(2, (1, 0, 0), (0, 2)): [2613, 112, 81, 15, 12, 2, 1]
(2, (1, 0, 0), (1, 0)): [7502, 596, 440, 168, 44, 14, 7, 1, 0, 0, 0, 0, 1]
(2, (1, 0, 0), (1, 1)): [6031, 370, 305, 96, 26, 3, 4]
(2, (1, 0, 0), (1, 2)): [3737, 185, 128, 47, 13, 2]
(2, (1, 0, 0), (2, 0)): [2523, 235, 150, 81, 19, 6, 4, 0, 0, 0, 0, 0, 1]
(2, (1, 0, 0), (2, 1)): [3060, 195, 172, 58, 22, 6, 2, 0, 0, 0, 0, 0, 1]
(2, (1, 0, 0), (2, 2)): [2825, 168, 130, 39, 16, 5, 1]
(2, (1, 0, 0), (3, 0)): [823, 110, 44, 47, 6, 2, 3]
(2, (1, 0, 0), (3, 1)): [1306, 131, 79, 44, 9, 3, 2, 0, 0, 0, 0, 0, 1]
(2, (1, 0, 0), (3, 2)): [1563, 134, 87, 36, 10, 7, 1, 0, 0, 0, 0, 0, 1]
(2, (1, 0, 1), (0, 0)): [69986, 17492, 6994, 4010, 1308, 439, 157, 51, 19, 6, 0, 2, 1]
(2, (1, 0, 1), (0, 1)): [1271, 269, 104, 75, 24, 2, 2, 2, 0, 0, 0, 1]
(2, (1, 0, 1), (0, 2)): [502, 81, 31, 17, 10, 0, 0, 1]
(2, (1, 0, 1), (1, 0)): [1174, 256, 126, 97, 36, 15, 5]
(2, (1, 0, 1), (1, 2)): [652, 101, 37, 27, 11, 4, 1, 2, 0, 0, 0, 1]
(2, (1, 0, 1), (2, 0)): [428, 91, 63, 32, 15, 5, 2]
(2, (1, 0, 1), (2, 1)): [523, 117, 42, 37, 16, 5, 1]
(2, (1, 0, 1), (3, 0)): [157, 28, 30, 14, 8, 2, 2]
(2, (1, 0, 1), (3, 1)): [244, 47, 28, 20, 7, 2, 3]
(2, (1, 1, 0), (0, 0)): [161424, 24903, 12724, 8338, 2607, 889, 284, 94, 37, 15, 7, 1, 2, 1]
(2, (1, 1, 0), (0, 1)): [3007, 410, 190, 130, 38, 7, 4, 2, 0, 0, 0, 0, 1]
(2, (1, 1, 0), (0, 2)): [1196, 124, 56, 28, 9, 1, 1]
(2, (1, 1, 0), (1, 0)): [2865, 430, 245, 200, 62, 19, 7, 2, 1, 1]
(2, (1, 1, 0), (1, 1)): [2406, 323, 157, 132, 31, 7, 3, 2, 1, 1, 0, 0, 1]
(2, (1, 1, 0), (1, 2)): [1657, 184, 86, 51, 13, 3, 2, 1]
(2, (1, 1, 0), (2, 0)): [1013, 169, 109, 83, 33, 12, 3, 1]
(2, (1, 1, 0), (2, 1)): [1294, 159, 107, 84, 25, 11, 3, 1, 1, 1, 0, 0, 1]
(2, (1, 1, 0), (2, 2)): [1233, 149, 76, 67, 15, 4, 4, 1, 1]
(2, (1, 1, 0), (3, 1)): [565, 88, 64, 47, 14, 8, 2, 1, 0, 0, 0, 0, 1]
(2, (1, 1, 1), (0, 0)): [47126, 6945, 7885, 3994, 2799, 907, 299, 105, 39, 8, 6, 0, 1, 1]
(2, (1, 1, 1), (1, 0)): [789, 222, 145, 94, 57, 25, 7, 1, 1, 0, 1]
