(0, (0, 0, 0)): [718525, 145129, 68174, 31383, 14275, 6218, 2611, 1103, 460, 217, 97, 41, 22, 6, 3, 1, 0, 1]
(0, (0, 0, 1)): [3260, 10317, 2913, 1344, 661, 288, 135, 75, 29, 15, 6, 1, 3, 1]
(0, (0, 1, 0)): [23516, 23229, 8990, 4269, 2128, 953, 396, 168, 74, 43, 17, 5, 2, 0, 1]
(0, (0, 1, 1)): [2103, 3684, 4750, 2131, 1143, 537, 236, 107, 55, 21, 7, 5, 0, 2, 1, 0, 0, 1]
(0, (1, 0, 0)): [159863, 55021, 34462, 17213, 8333, 3779, 1624, 705, 301, 142, 67, 26, 14, 4, 2, 1, 0, 1]
(0, (1, 0, 1)): [3613, 11553, 4907, 3294, 1788, 835, 411, 175, 81, 33, 16, 10, 4, 0, 1, 0, 0, 1]
(0, (1, 1, 0)): [21727, 14309, 11459, 7871, 4311, 2023, 895, 439, 177, 84, 43, 14, 7, 1]
(0, (1, 1, 1)): [2276, 4137, 3526, 2820, 2204, 1084, 515, 267, 117, 51, 31, 11, 2, 1, 1]
(1, (0, 0, 0)): [571650, 62244, 25847, 10318, 4112, 1609, 610, 243, 92, 38, 15, 10, 5, 2, 0, 1]
(1, (0, 0, 1)): [17205, 26387, 5159, 2177, 932, 383, 160, 75, 33, 12, 6, 4, 3, 1]
(1, (0, 1, 0)): [80545, 38637, 13420, 5662, 2310, 955, 338, 154, 44, 27, 12, 7, 5, 1, 1]
(1, (0, 1, 1)): [13664, 11628, 11334, 4460, 2193, 887, 354, 137, 75, 21, 9, 4, 1, 2, 0, 1]
(1, (1, 0, 0)): [230908, 42926, 26258, 11448, 4663, 1927, 730, 273, 125, 56, 22, 15, 3, 2, 0, 2]
(1, (1, 0, 1)): [17831, 22822, 7648, 4869, 2095, 893, 319, 140, 56, 39, 13, 3, 0, 1]
(1, (1, 1, 0)): [62210, 19714, 13980, 9442, 4133, 1779, 701, 277, 110, 52, 19, 9, 5, 4, 1]
(1, (1, 1, 1)): [12811, 10487, 6828, 4724, 3357, 1468, 612, 232, 103, 37, 15, 10, 5, 2, 1, 1]
(2, (0, 0, 0)): [491653, 21534, 7367, 2326, 820, 282, 100, 36, 8, 2, 2, 0, 1]
(2, (0, 0, 1)): [50735, 17018, 3092, 1051, 374, 137, 47, 13, 1, 2, 0, 1]
(2, (0, 1, 0)): [130209, 29910, 7431, 2564, 819, 286, 100, 24, 6, 1, 1, 0, 1]
(2, (0, 1, 1)): [31548, 2850, 7474, 1949, 748, 251, 85, 33, 11, 4, 2, 1, 0, 1]
(2, (1, 0, 0)): [282548, 21482, 12596, 4064, 1349, 431, 169, 53, 13, 6, 3, 0, 1]
(2, (1, 0, 1)): [45961, 12169, 5097, 2744, 879, 304, 108, 35, 12, 3, 0, 2, 1]
(2, (1, 1, 0)): [106202, 16787, 8818, 5468, 1728, 608, 186, 62, 26, 10, 5, 0, 2, 1]
(2, (1, 1, 1)): [31251, 4742, 5350, 2806, 1871, 641, 204, 73, 31, 7, 5, 0, 1, 1]
