(0, (0, 0, 0)): [2209549, 452272, 207982, 95247, 42765, 18331, 7660, 3065, 1253, 540, 248, 114, 40, 22, 6, 1, 1, 1]
(0, (0, 0, 1)): [8223, 25542, 7018, 3407, 1640, 709, 315, 128, 53, 29, 19, 3, 4, 3]
(0, (0, 1, 0)): [81789, 76876, 30167, 14954, 7104, 3075, 1335, 536, 227, 116, 43, 17, 7, 6, 3, 0, 1]
(0, (0, 1, 1)): [6501, 11460, 13638, 6330, 3336, 1608, 694, 298, 149, 67, 20, 13, 3, 4, 2, 0, 1, 1]
(0, (1, 0, 0)): [464339, 154526, 100020, 49819, 23877, 10731, 4488, 1902, 801, 348, 171, 66, 25, 17, 4, 1, 1, 1]
(0, (1, 0, 1)): [10910, 33251, 13573, 9655, 5100, 2369, 1119, 453, 225, 88, 51, 19, 9, 3, 2, 0, 0, 1]
(0, (1, 1, 0)): [66041, 41785, 31086, 22596, 12014, 5664, 2418, 1104, 460, 214, 101, 38, 13, 6, 1, 0, 1]
(0, (1, 1, 1)): [6340, 12464, 10036, 7330, 6007, 3014, 1389, 656, 316, 136, 67, 24, 7, 4, 1, 0, 1]
(1, (0, 0, 0)): [1803219, 201525, 82452, 32760, 12878, 4900, 1924, 678, 242, 99, 36, 23, 8, 3, 0, 1]
(1, (0, 0, 1)): [49370, 71053, 14163, 6205, 2527, 1042, 405, 146, 72, 25, 14, 8, 4, 2]
(1, (0, 1, 0)): [245714, 107023, 39460, 17179, 6937, 2787, 980, 426, 127, 62, 32, 10, 10, 2, 1]
(1, (0, 1, 1)): [38293, 32302, 28152, 11440, 5897, 2313, 939, 363, 160, 55, 17, 8, 2, 2, 0, 1]
(1, (1, 0, 0)): [674051, 119256, 78235, 33418, 13685, 5441, 2158, 774, 303, 129, 50, 32, 6, 3, 0, 2]
(1, (1, 0, 1)): [54895, 62668, 20191, 13770, 5966, 2453, 963, 376, 132, 75, 22, 8, 2, 1]
(1, (1, 1, 0)): [189422, 57278, 38241, 27907, 11753, 4886, 1916, 759, 294, 120, 46, 25, 10, 5, 1]
(1, (1, 1, 1)): [38813, 31117, 19498, 12733, 9704, 4112, 1696, 639, 258, 92, 30, 21, 9, 4, 1, 1]
(2, (0, 0, 0)): [1573710, 74304, 24731, 7874, 2642, 836, 290, 101, 20, 8, 5, 0, 1]
(2, (0, 0, 1)): [149284, 44016, 9240, 3165, 1129, 380, 109, 37, 8, 6, 0, 2]
(2, (0, 1, 0)): [393160, 81590, 22763, 8110, 2713, 885, 286, 84, 20, 13, 7, 0, 1]
(2, (0, 1, 1)): [90991, 7687, 19159, 5506, 2187, 714, 233, 72, 24, 7, 5, 1, 0, 1]
(2, (1, 0, 0)): [815833, 59276, 39584, 12621, 4175, 1328, 509, 150, 38, 15, 7, 1, 1]
(2, (1, 0, 1)): [143810, 33753, 13412, 8460, 2811, 916, 307, 90, 31, 11, 2, 4, 2]
(2, (1, 1, 0)): [321448, 48327, 24527, 17207, 5569, 1802, 615, 201, 67, 29, 10, 3, 2, 1]
(2, (1, 1, 1)): [95276, 13910, 15827, 7969, 6014, 1869, 631, 212, 72, 18, 10, 4, 1, 1]
