(0, (0, 0, 0)): [2076832, 424718, 195273, 89489, 40138, 17230, 7129, 2889, 1178, 505, 229, 110, 37, 21, 5, 1, 1, 1]
(0, (0, 0, 1)): [7904, 24376, 6703, 3245, 1558, 670, 300, 124, 49, 29, 18, 3, 4, 3]
(0, (0, 1, 0)): [76304, 71869, 28156, 13926, 6660, 2866, 1222, 505, 209, 112, 40, 17, 6, 6, 3, 0, 1]
(0, (0, 1, 1)): [6091, 10758, 12803, 5974, 3134, 1503, 642, 274, 147, 61, 19, 11, 3, 4, 2, 0, 1, 1]
(0, (1, 0, 0)): [437962, 146355, 94212, 46954, 22528, 10132, 4199, 1787, 760, 324, 159, 63, 24, 16, 3, 1, 1, 1]
(0, (1, 0, 1)): [10307, 31504, 12899, 9151, 4834, 2237, 1049, 423, 210, 85, 47, 19, 8, 3, 2, 0, 0, 1]
(0, (1, 1, 0)): [61927, 39334, 29309, 21260, 11342, 5342, 2262, 1047, 439, 200, 94, 36, 12, 5, 0, 0, 1]
(0, (1, 1, 1)): [5930, 11623, 9401, 6915, 5632, 2832, 1298, 613, 298, 127, 64, 21, 7, 4, 1, 0, 1]
(1, (0, 0, 0)): [1693299, 188840, 77346, 30742, 12004, 4600, 1780, 644, 224, 92, 34, 22, 7, 3, 0, 1]
(1, (0, 0, 1)): [46616, 67217, 13391, 5834, 2393, 975, 380, 140, 69, 24, 13, 8, 4, 2]
(1, (0, 1, 0)): [231269, 101130, 37209, 16157, 6492, 2627, 916, 406, 119, 58, 31, 9, 10, 2, 1]
(1, (0, 1, 1)): [36120, 30410, 26656, 10809, 5574, 2174, 871, 345, 155, 52, 15, 7, 2, 2, 0, 1]
(1, (1, 0, 0)): [634780, 112833, 73580, 31445, 12859, 5114, 2019, 734, 284, 121, 45, 32, 5, 3, 0, 2]
(1, (1, 0, 1)): [51706, 59309, 19149, 13009, 5646, 2310, 903, 360, 125, 72, 22, 7, 1, 1]
(1, (1, 1, 0)): [177783, 54025, 36086, 26257, 11046, 4599, 1784, 718, 278, 112, 43, 25, 9, 5, 1]
(1, (1, 1, 1)): [36268, 29105, 18338, 11988, 9090, 3833, 1572, 603, 245, 86, 29, 20, 9, 4, 1, 1]
(2, (0, 0, 0)): [1477389, 69395, 23160, 7366, 2458, 789, 266, 91, 15, 7, 5, 0, 1]
(2, (0, 0, 1)): [140231, 41795, 8728, 2967, 1058, 361, 104, 35, 8, 5, 0, 2]
(2, (0, 1, 0)): [369107, 77032, 21427, 7565, 2548, 835, 263, 81, 18, 12, 7, 0, 1]
(2, (0, 1, 1)): [85195, 7240, 18096, 5184, 2038, 668, 212, 70, 23, 6, 4, 1, 0, 1]
(2, (1, 0, 0)): [769051, 55900, 37184, 11852, 3915, 1254, 475, 140, 31, 14, 7, 1, 1]
(2, (1, 0, 1)): [135186, 31945, 12674, 7928, 2649, 857, 289, 89, 30, 10, 2, 4, 1]
(2, (1, 1, 0)): [302332, 45655, 23138, 16100, 5208, 1691, 568, 192, 59, 27, 10, 2, 2, 1]
(2, (1, 1, 1)): [89109, 12974, 14855, 7476, 5592, 1731, 590, 199, 63, 15, 10, 3, 1, 1]
