(0, (0, 0, 0)): [1496368, 299061, 137247, 62142, 27636, 11736, 4827, 2008, 795, 364, 151, 67, 32, 10, 3, 1, 0, 1]
(0, (0, 0, 1)): [6376, 18966, 5164, 2447, 1170, 494, 224, 101, 37, 22, 9, 3, 3, 2]
(0, (0, 1, 0)): [53041, 49233, 19159, 9208, 4423, 1881, 806, 339, 138, 78, 27, 6, 3, 2, 1]
(0, (0, 1, 1)): [4420, 7526, 9024, 4173, 2212, 1022, 440, 202, 101, 44, 10, 6, 2, 2, 1, 0, 0, 1]
(0, (1, 0, 0)): [320635, 107555, 67544, 33255, 15767, 7025, 2911, 1257, 520, 239, 104, 42, 22, 4, 2, 1, 0, 1]
(0, (1, 0, 1)): [7697, 23011, 9446, 6469, 3388, 1541, 746, 306, 144, 57, 30, 15, 5, 1, 1, 0, 0, 1]
(0, (1, 1, 0)): [43869, 28023, 21156, 14926, 7956, 3729, 1570, 750, 300, 148, 66, 24, 10, 1]
(0, (1, 1, 1)): [4292, 8048, 6614, 5011, 3951, 1975, 909, 455, 197, 90, 43, 15, 4, 1, 1]
(1, (0, 0, 0)): [1212048, 131462, 53717, 21105, 8175, 3104, 1197, 439, 164, 66, 26, 15, 7, 3, 0, 1]
(1, (0, 0, 1)): [34096, 48964, 9628, 4063, 1702, 677, 265, 108, 46, 18, 9, 5, 4, 1]
(1, (0, 1, 0)): [165921, 73978, 26470, 11292, 4514, 1783, 609, 276, 82, 39, 20, 9, 9, 2, 1]
(1, (0, 1, 1)): [26570, 21694, 19717, 7849, 3984, 1566, 607, 238, 114, 40, 12, 7, 2, 2, 0, 1]
(1, (1, 0, 0)): [462195, 82558, 52197, 22061, 8939, 3530, 1385, 493, 213, 88, 31, 22, 5, 3, 0, 2]
(1, (1, 0, 1)): [37073, 43435, 14047, 9299, 3973, 1621, 641, 249, 83, 53, 14, 6, 0, 1]
(1, (1, 1, 0)): [126312, 39013, 26153, 18396, 7724, 3176, 1240, 497, 207, 78, 26, 15, 9, 5, 1]
(1, (1, 1, 1)): [25772, 20460, 13118, 8649, 6230, 2644, 1066, 404, 172, 63, 20, 15, 8, 3, 1, 1]
(2, (0, 0, 0)): [1052232, 47219, 15836, 5028, 1656, 539, 182, 57, 11, 6, 5, 0, 1]
(2, (0, 0, 1)): [99097, 30841, 6010, 2025, 723, 238, 68, 22, 4, 2, 0, 1]
(2, (0, 1, 0)): [262692, 56198, 14906, 5192, 1685, 575, 171, 50, 13, 8, 5, 0, 1]
(2, (0, 1, 1)): [59995, 5225, 13301, 3551, 1394, 441, 150, 49, 18, 4, 3, 1, 0, 1]
(2, (1, 0, 0)): [560959, 40753, 26023, 8235, 2633, 843, 323, 90, 19, 11, 6, 0, 1]
(2, (1, 0, 1)): [95191, 23281, 9190, 5403, 1760, 580, 196, 65, 22, 7, 0, 3, 1]
(2, (1, 1, 0)): [216559, 33149, 16704, 11198, 3562, 1167, 384, 125, 45, 20, 7, 1, 2, 1]
(2, (1, 1, 1)): [62482, 9119, 10551, 5201, 3741, 1190, 400, 137, 46, 10, 7, 1, 1, 1]
