(0, (0, 0, 0), (0, 0)): [973885, 194079, 90233, 41198, 18433, 7987, 3296, 1384, 566, 257, 116, 51, 26, 7, 3, 1, 0, 1]
(0, (0, 0, 0), (0, 1)): [20422, 3708, 1743, 771, 338, 149, 51, 30, 7, 5, 2, 0, 2, 1, 0, 1]
(0, (0, 0, 0), (0, 2)): [7498, 1182, 547, 248, 106, 39, 18, 13, 2, 1, 0, 0, 1]
(0, (0, 0, 0), (1, 0)): [18614, 3964, 1989, 900, 454, 190, 86, 32, 11, 6, 3]
(0, (0, 0, 0), (1, 1)): [17139, 3293, 1620, 746, 337, 141, 47, 23, 6, 4, 4, 0, 1, 1, 0, 1]
(0, (0, 0, 0), (1, 2)): [11109, 1874, 860, 381, 186, 81, 22, 13, 5, 2, 0, 0, 2]
(0, (0, 0, 0), (2, 0)): [6138, 1449, 765, 380, 188, 90, 41, 15, 4, 2, 1]
(0, (0, 0, 0), (2, 1)): [9161, 1899, 1017, 481, 221, 95, 39, 21, 3, 1, 1, 0, 0, 1]
(0, (0, 0, 0), (2, 2)): [8792, 1604, 798, 371, 174, 83, 21, 12, 3, 3, 1, 0, 2]
(0, (0, 0, 0), (3, 0)): [2006, 506, 312, 175, 83, 47, 19, 6, 3, 0, 1]
(0, (0, 0, 0), (3, 1)): [3682, 889, 556, 287, 116, 56, 24, 13, 4]
(0, (0, 0, 0), (3, 2)): [5002, 1050, 648, 299, 137, 60, 16, 10, 5, 2, 0, 0, 2]
(0, (0, 0, 1), (0, 0)): [4328, 13003, 3560, 1690, 823, 360, 161, 83, 32, 19, 6, 1, 3, 1]
(0, (0, 0, 1), (0, 1)): [77, 208, 65, 21, 17, 7, 5, 1, 0, 1, 0, 0, 0, 1]
(0, (0, 0, 1), (0, 2)): [33, 82, 19, 7, 6, 1]
(0, (0, 0, 1), (1, 0)): [76, 197, 53, 35, 21, 10, 2, 2, 1]
(0, (0, 0, 1), (1, 1)): [65, 148, 52, 19, 20, 7, 5, 1, 0, 1, 0, 0, 0, 1]
(0, (0, 0, 1), (1, 2)): [46, 105, 31, 11, 9, 0, 3, 1, 0, 1]
(0, (0, 0, 1), (2, 0)): [33, 86, 23, 17, 6, 7, 1, 1, 1]
(0, (0, 0, 1), (2, 1)): [38, 88, 29, 17, 13, 5, 1]
(0, (0, 0, 1), (2, 2)): [44, 77, 23, 9, 10, 1, 2]
(0, (0, 0, 1), (3, 0)): [8, 38, 9, 6, 2, 4, 1, 1, 1]
(0, (0, 0, 1), (3, 1)): [16, 37, 13, 8, 7, 4, 0, 1]
(0, (0, 0, 1), (3, 2)): [23, 45, 13, 7, 9, 4, 1, 1]
(0, (0, 1, 0), (0, 0)): [32266, 30547, 11892, 5623, 2768, 1204, 492, 212, 92, 53, 18, 5, 3, 1, 1]
(0, (0, 1, 0), (0, 1)): [648, 520, 189, 93, 36, 21, 11, 5, 1]
(0, (0, 1, 0), (0, 2)): [252, 155, 65, 27, 8, 9, 3, 0, 1]
(0, (0, 1, 0), (1, 0)): [598, 521, 225, 119, 60, 27, 10, 2, 1]
(0, (0, 1, 0), (1, 1)): [520, 435, 177, 87, 33, 15, 10, 5]
(0, (0, 1, 0), (1, 2)): [346, 260, 100, 52, 20, 10, 5, 2, 1]
(0, (0, 1, 0), (2, 0)): [204, 182, 76, 48, 26, 17, 3, 0, 1]
(0, (0, 1, 0), (2, 1)): [257, 225, 96, 54, 14, 17, 6, 3]
(0, (0, 1, 0), (2, 2)): [270, 196, 88, 48, 15, 7, 6, 1, 1]
(0, (0, 1, 0), (3, 1)): [103, 95, 50, 29, 16, 9, 3, 1]
(0, (0, 1, 0), (3, 2)): [163, 118, 65, 35, 17, 6, 6]
(0, (0, 1, 1), (0, 0)): [2892, 4831, 6035, 2755, 1487, 673, 299, 140, 67, 33, 9, 6, 1, 2, 1, 0, 0, 1]
(0, (0, 1, 1), (0, 1)): [51, 64, 96, 44, 26, 9, 8, 3, 2]
(0, (0, 1, 1), (0, 2)): [26, 24, 35, 15, 13, 5, 3, 2]
(0, (0, 1, 1), (1, 0)): [65, 110, 128, 71, 43, 17, 8, 6, 4, 0, 0, 1]
(0, (0, 1, 1), (1, 1)): [41, 65, 84, 46, 25, 6, 5, 2, 2]
(0, (0, 1, 1), (1, 2)): [29, 35, 47, 22, 18, 5, 3, 2, 1]
(0, (0, 1, 1), (2, 0)): [39, 63, 62, 37, 23, 12, 4, 5, 3, 0, 0, 1]
(0, (0, 1, 1), (2, 1)): [29, 43, 55, 29, 15, 5, 2, 5, 3]
(0, (0, 1, 1), (2, 2)): [34, 36, 43, 19, 12, 5, 2, 2, 2]
(0, (0, 1, 1), (3, 0)): [25, 39, 32, 25, 17, 11, 2, 1, 0, 0, 0, 1]
(0, (0, 1, 1), (3, 1)): [11, 24, 21, 16, 10, 1, 0, 2, 2]
(0, (0, 1, 1), (3, 2)): [16, 20, 33, 15, 9, 3, 2, 4, 3]
(0, (1, 0, 0), (0, 0)): [212697, 71226, 45000, 22246, 10611, 4807, 2026, 887, 372, 167, 80, 33, 16, 4, 2, 1, 0, 1]
(0, (1, 0, 0), (0, 1)): [4300, 1149, 817, 402, 210, 92, 31, 14, 8, 1]
(0, (1, 0, 0), (0, 2)): [1643, 346, 266, 113, 60, 20, 13, 2, 5, 1]
(0, (1, 0, 0), (1, 0)): [3682, 1197, 875, 422, 210, 86, 46, 20, 8, 6, 2, 1]
(0, (1, 0, 0), (1, 1)): [3173, 922, 689, 324, 166, 66, 26, 15, 6, 4, 0, 1]
(0, (1, 0, 0), (1, 2)): [2044, 496, 380, 160, 84, 28, 18, 8, 3, 2]
(0, (1, 0, 0), (2, 0)): [1160, 400, 281, 159, 85, 37, 14, 10, 4, 2, 2]
(0, (1, 0, 0), (2, 1)): [1539, 474, 353, 188, 96, 43, 15, 7, 5, 3, 0, 1]
(0, (1, 0, 0), (2, 2)): [1431, 385, 290, 133, 75, 23, 15, 7, 3, 3]
(0, (1, 0, 0), (3, 0)): [340, 134, 107, 71, 43, 15, 4, 5, 0, 1, 1]
(0, (1, 0, 0), (3, 1)): [577, 205, 156, 99, 64, 22, 5, 3, 4, 1, 1, 1]
(0, (1, 0, 0), (3, 2)): [732, 236, 170, 88, 65, 20, 7, 5, 3, 3]
(0, (1, 0, 1), (0, 0)): [4945, 15137, 6300, 4262, 2287, 1053, 517, 213, 100, 42, 22, 12, 5, 1, 1, 0, 0, 1]
(0, (1, 0, 1), (0, 1)): [92, 261, 106, 74, 32, 17, 12, 3, 1, 0, 0, 0, 1]
(0, (1, 0, 1), (0, 2)): [34, 101, 24, 24, 13, 8, 5, 1, 1]
(0, (1, 0, 1), (1, 0)): [87, 278, 100, 80, 43, 25, 2, 4, 4, 1, 1]
(0, (1, 0, 1), (1, 1)): [81, 209, 74, 56, 26, 14, 6, 1, 2, 0, 1]
(0, (1, 0, 1), (1, 2)): [63, 122, 37, 29, 14, 10, 3, 2, 2]
(0, (1, 0, 1), (2, 1)): [26, 122, 43, 35, 19, 9, 1, 0, 2, 0, 1]
(0, (1, 0, 1), (2, 2)): [48, 102, 33, 21, 14, 6, 2, 2, 1, 0, 1]
(0, (1, 0, 1), (3, 2)): [16, 51, 26, 12, 10, 5, 1, 0, 1, 0, 1]
(0, (1, 1, 0), (0, 0)): [28821, 18477, 14413, 10083, 5397, 2554, 1102, 540, 210, 98, 48, 19, 7, 1]
(0, (1, 1, 0), (0, 1)): [621, 333, 233, 179, 99, 42, 14, 11, 2, 0, 1, 1]
(0, (1, 1, 0), (0, 2)): [238, 119, 76, 55, 35, 13, 6, 6]
(0, (1, 1, 0), (1, 0)): [491, 307, 239, 176, 89, 57, 21, 13, 3, 3]
(0, (1, 1, 0), (1, 1)): [426, 227, 184, 137, 61, 38, 12, 9, 3, 1, 1]
(0, (1, 1, 0), (1, 2)): [294, 133, 100, 71, 38, 18, 4, 9, 1, 1]
(0, (1, 1, 0), (2, 0)): [139, 99, 74, 63, 35, 23, 7, 6, 2, 1]
(0, (1, 1, 0), (2, 1)): [196, 123, 83, 76, 38, 22, 9, 5, 2, 1]
(0, (1, 1, 0), (2, 2)): [198, 106, 76, 56, 26, 16, 3, 7, 2, 2]
(0, (1, 1, 0), (3, 0)): [32, 33, 27, 22, 14, 8, 3, 3, 1]
(0, (1, 1, 0), (3, 1)): [69, 51, 40, 42, 18, 13, 8, 3, 2]
(0, (1, 1, 0), (3, 2)): [109, 60, 45, 39, 17, 12, 2, 5, 2]
(0, (1, 1, 1), (0, 0)): [2979, 5388, 4495, 3494, 2759, 1368, 649, 336, 141, 63, 34, 12, 3, 1, 1]
(0, (1, 1, 1), (0, 1)): [77, 100, 88, 58, 43, 24, 8, 5, 6, 2, 1, 1]
(0, (1, 1, 1), (0, 2)): [34, 42, 29, 18, 21, 6, 2, 1, 3, 0, 0, 1]
(0, (1, 1, 1), (1, 0)): [51, 108, 106, 77, 67, 35, 11, 10, 3, 0, 1, 1]
(0, (1, 1, 1), (1, 1)): [56, 82, 88, 61, 34, 24, 9, 7, 2, 1, 1]
(0, (1, 1, 1), (1, 2)): [45, 55, 43, 24, 17, 11, 3, 2, 4, 0, 0, 1]
(0, (1, 1, 1), (2, 0)): [13, 43, 26, 32, 34, 11, 3, 4, 1, 0, 1]
(0, (1, 1, 1), (2, 1)): [28, 40, 37, 35, 28, 14, 3, 4, 2]
(0, (1, 1, 1), (2, 2)): [27, 37, 33, 30, 15, 10, 3, 3, 1, 0, 0, 1]
(0, (1, 1, 1), (3, 1)): [5, 19, 14, 22, 11, 4, 1, 1, 1, 0, 1]
(0, (1, 1, 1), (3, 2)): [9, 13, 19, 24, 11, 7, 3, 0, 2, 0, 0, 1]
(1, (0, 0, 0), (0, 0)): [781378, 84378, 34720, 13793, 5414, 2085, 796, 310, 119, 46, 22, 12, 6, 2, 0, 1]
(1, (0, 0, 0), (0, 1)): [16512, 1663, 702, 263, 110, 29, 12, 8, 1, 0, 0, 0, 0, 1]
(1, (0, 0, 0), (0, 2)): [6040, 490, 198, 73, 32, 9, 1, 2]
(1, (0, 0, 0), (1, 0)): [15629, 1938, 838, 314, 140, 51, 19, 7, 0, 1, 0, 0, 0, 0, 0, 1]
(1, (0, 0, 0), (1, 1)): [14172, 1554, 642, 238, 104, 39, 17, 5, 1, 1, 0, 0, 0, 1]
(1, (0, 0, 0), (1, 2)): [8936, 789, 313, 133, 60, 27, 7, 2]
(1, (0, 0, 0), (2, 0)): [5342, 740, 373, 132, 56, 22, 7, 4, 0, 0, 0, 0, 0, 0, 0, 1]
(1, (0, 0, 0), (2, 1)): [7812, 961, 417, 157, 71, 21, 10, 5, 0, 1]
(1, (0, 0, 0), (2, 2)): [7410, 732, 322, 127, 61, 32, 10, 3]
(1, (0, 0, 0), (3, 0)): [1689, 261, 176, 58, 27, 8, 4, 0, 0, 0, 0, 0, 0, 0, 0, 1]
(1, (0, 0, 0), (3, 1)): [3262, 496, 262, 94, 47, 7, 3, 3]
(1, (0, 0, 0), (3, 2)): [4230, 525, 268, 93, 52, 19, 10, 3]
(1, (0, 0, 1), (0, 0)): [22392, 32865, 6438, 2694, 1160, 477, 187, 80, 36, 12, 6, 4, 4, 1]
(1, (0, 0, 1), (0, 1)): [405, 445, 95, 33, 17, 7, 6]
(1, (0, 0, 1), (0, 2)): [168, 145, 28, 8, 2, 1, 4]
(1, (0, 0, 1), (1, 0)): [405, 572, 116, 60, 28, 12, 6, 2, 1]
(1, (0, 0, 1), (1, 1)): [356, 412, 83, 38, 21, 6, 2, 2]
(1, (0, 0, 1), (1, 2)): [265, 229, 35, 15, 11, 2, 3]
(1, (0, 0, 1), (2, 0)): [177, 232, 48, 27, 14, 7, 5, 0, 1]
(1, (0, 0, 1), (2, 1)): [167, 248, 42, 23, 12, 7, 5, 2]
(1, (0, 0, 1), (2, 2)): [177, 190, 37, 16, 6, 2, 2]
(1, (0, 0, 1), (3, 0)): [77, 94, 27, 18, 8, 3, 2, 0, 1]
(1, (0, 0, 1), (3, 1)): [89, 122, 16, 14, 7, 3, 3, 2]
(1, (0, 0, 1), (3, 2)): [106, 120, 24, 13, 5, 2, 3]
(1, (0, 1, 0), (0, 0)): [106239, 49090, 17361, 7295, 2960, 1199, 404, 191, 54, 30, 18, 7, 6, 1, 1]
(1, (0, 1, 0), (0, 1)): [1859, 723, 268, 110, 35, 15, 7, 3, 1]
(1, (0, 1, 0), (0, 2)): [733, 247, 82, 22, 10, 6, 3]
(1, (0, 1, 0), (1, 0)): [2192, 983, 357, 204, 99, 27, 11, 4, 0, 0, 1, 0, 0, 1]
(1, (0, 1, 0), (1, 1)): [1631, 624, 246, 118, 45, 16, 7, 4, 1, 0, 0, 0, 0, 1]
(1, (0, 1, 0), (1, 2)): [1079, 364, 138, 44, 17, 8, 5, 2]
(1, (0, 1, 0), (2, 0)): [945, 420, 159, 106, 49, 15, 7, 3, 0, 0, 1]
(1, (0, 1, 0), (2, 1)): [871, 362, 134, 81, 37, 11, 6, 3, 0, 0, 1, 0, 0, 1]
(1, (0, 1, 0), (2, 2)): [845, 319, 123, 44, 26, 6, 3, 1]
(1, (0, 1, 0), (3, 0)): [498, 203, 66, 74, 35, 8, 4, 2]
(1, (0, 1, 0), (3, 1)): [427, 168, 64, 50, 25, 7, 3, 1, 0, 0, 0, 0, 0, 1]
(1, (0, 1, 0), (3, 2)): [485, 174, 80, 45, 25, 2, 4, 1, 0, 0, 0, 0, 0, 1]
(1, (0, 1, 1), (0, 0)): [17889, 14565, 13925, 5466, 2757, 1087, 433, 171, 83, 23, 9, 6, 1, 2, 0, 1]
(1, (0, 1, 1), (0, 1)): [268, 177, 163, 53, 29, 14, 5, 3]
(1, (0, 1, 1), (0, 2)): [135, 56, 55, 17, 9, 3, 1]
(1, (0, 1, 1), (1, 0)): [465, 337, 264, 133, 89, 32, 13, 8, 3, 1]
(1, (0, 1, 1), (1, 1)): [225, 155, 150, 55, 27, 7, 6, 3]
(1, (0, 1, 1), (1, 2)): [176, 82, 82, 38, 11, 5, 2]
(1, (0, 1, 1), (2, 0)): [301, 220, 147, 90, 69, 28, 10, 7, 3, 1]
(1, (0, 1, 1), (2, 1)): [131, 105, 78, 35, 16, 8, 6, 2]
(1, (0, 1, 1), (2, 2)): [131, 81, 74, 33, 16, 3, 1, 2]
(1, (0, 1, 1), (3, 0)): [245, 171, 115, 67, 61, 24, 7, 7, 3, 1]
(1, (0, 1, 1), (3, 1)): [66, 46, 33, 17, 6, 7, 5]
(1, (0, 1, 1), (3, 2)): [79, 56, 40, 15, 10, 3, 1, 1]
(1, (1, 0, 0), (0, 0)): [306901, 55301, 34649, 14915, 6047, 2421, 937, 353, 155, 64, 25, 17, 4, 2, 0, 2]
(1, (1, 0, 0), (0, 1)): [6201, 861, 643, 267, 110, 41, 17, 3, 1, 2]
(1, (1, 0, 0), (0, 2)): [2230, 266, 228, 70, 32, 12, 6, 1, 0, 2]
(1, (1, 0, 0), (1, 0)): [5811, 1039, 741, 346, 146, 49, 23, 9, 1, 2, 0, 0, 1, 0, 0, 1]
(1, (1, 0, 0), (1, 1)): [4933, 744, 548, 228, 95, 35, 13, 6, 1, 0, 0, 0, 0, 0, 0, 1]
(1, (1, 0, 0), (1, 2)): [3081, 387, 318, 102, 49, 18, 5, 4, 0, 1]
(1, (1, 0, 0), (2, 0)): [1890, 370, 281, 161, 60, 24, 10, 0, 1, 2, 0, 0, 1]
(1, (1, 0, 0), (2, 1)): [2500, 430, 337, 158, 63, 20, 9, 2, 2, 0, 0, 0, 0, 0, 0, 1]
(1, (1, 0, 0), (2, 2)): [2291, 323, 281, 108, 46, 13, 5, 3, 1, 1]
(1, (1, 0, 0), (3, 0)): [580, 127, 89, 72, 26, 10, 4, 0, 0, 2, 0, 0, 1]
(1, (1, 0, 0), (3, 1)): [961, 229, 151, 93, 31, 12, 6, 1, 0, 1, 0, 0, 0, 0, 0, 1]
(1, (1, 0, 0), (3, 2)): [1185, 234, 162, 88, 30, 14, 5, 1, 1, 1, 0, 0, 0, 0, 0, 1]
(1, (1, 0, 1), (0, 0)): [24082, 29296, 9598, 6236, 2705, 1115, 415, 174, 62, 44, 13, 3, 0, 1]
(1, (1, 0, 1), (0, 1)): [499, 449, 131, 104, 51, 18, 10, 3, 3, 2]
(1, (1, 0, 1), (0, 2)): [227, 135, 44, 34, 8, 7, 4, 1, 0, 1]
(1, (1, 0, 1), (1, 0)): [474, 543, 163, 121, 65, 20, 6, 1, 0, 2]
(1, (1, 0, 1), (1, 1)): [376, 368, 106, 90, 47, 6, 7, 2, 2]
(1, (1, 0, 1), (1, 2)): [287, 194, 60, 53, 20, 6, 5, 2, 0, 1]
(1, (1, 0, 1), (2, 0)): [184, 188, 58, 34, 29, 12, 1, 0, 0, 1]
(1, (1, 0, 1), (2, 1)): [180, 196, 56, 48, 29, 7, 5, 1, 2]
(1, (1, 0, 1), (2, 2)): [186, 148, 52, 31, 20, 5, 5, 0, 1]
(1, (1, 0, 1), (3, 0)): [73, 76, 20, 14, 14, 6, 0, 0, 0, 1]
(1, (1, 0, 1), (3, 1)): [76, 90, 19, 24, 20, 6, 0, 1]
(1, (1, 0, 1), (3, 2)): [96, 84, 30, 24, 20, 8, 3, 1, 1]
(1, (1, 1, 0), (0, 0)): [82369, 25764, 17805, 12311, 5266, 2228, 867, 347, 141, 57, 19, 11, 6, 4, 1]
(1, (1, 1, 0), (0, 1)): [1681, 453, 279, 221, 90, 33, 18, 5, 2]
(1, (1, 1, 0), (0, 2)): [678, 175, 95, 76, 27, 8, 4, 0, 1]
(1, (1, 1, 0), (1, 0)): [1548, 512, 363, 280, 125, 43, 17, 7, 1, 2, 0, 0, 2, 1]
(1, (1, 1, 0), (1, 1)): [1292, 365, 250, 189, 81, 30, 17, 6, 0, 2]
(1, (1, 1, 0), (1, 2)): [927, 226, 143, 109, 42, 14, 8, 1]
(1, (1, 1, 0), (2, 0)): [513, 181, 127, 108, 49, 17, 3, 2, 1, 0, 0, 0, 2, 1]
(1, (1, 1, 0), (2, 1)): [636, 223, 148, 112, 44, 19, 8, 3, 0, 1, 0, 0, 1]
(1, (1, 1, 0), (2, 2)): [671, 181, 102, 81, 39, 12, 4, 1]
(1, (1, 1, 0), (3, 0)): [144, 65, 41, 35, 25, 10, 1, 2, 1, 0, 0, 0, 1]
(1, (1, 1, 0), (3, 1)): [264, 105, 74, 58, 31, 11, 7, 3, 0, 1, 0, 0, 1]
(1, (1, 1, 0), (3, 2)): [350, 107, 77, 50, 33, 13, 7, 4, 0, 1, 0, 0, 1]
(1, (1, 1, 1), (0, 0)): [17098, 13497, 8760, 5954, 4254, 1822, 746, 287, 117, 43, 16, 13, 6, 2, 1, 1]
(1, (1, 1, 1), (0, 1)): [408, 257, 167, 106, 89, 33, 14, 5, 3]
(1, (1, 1, 1), (0, 2)): [207, 90, 59, 33, 33, 11, 7]
(1, (1, 1, 1), (1, 0)): [353, 258, 176, 113, 100, 40, 17, 6, 2, 2, 0, 1, 1]
(1, (1, 1, 1), (1, 1)): [291, 187, 134, 94, 80, 32, 7, 5, 1]
(1, (1, 1, 1), (1, 2)): [234, 95, 82, 56, 40, 24, 8, 1]
(1, (1, 1, 1), (2, 0)): [104, 102, 73, 45, 33, 18, 10, 3, 1, 1, 0, 1, 1]
(1, (1, 1, 1), (2, 1)): [143, 125, 81, 55, 46, 14, 8, 4, 1, 1, 0, 1]
(1, (1, 1, 1), (2, 2)): [153, 86, 67, 59, 40, 17, 7, 2]
(1, (1, 1, 1), (3, 0)): [20, 37, 20, 19, 9, 11, 4, 0, 1, 0, 0, 0, 1]
(1, (1, 1, 1), (3, 1)): [42, 67, 26, 27, 19, 10, 5, 3, 0, 0, 0, 0, 1]
(1, (1, 1, 1), (3, 2)): [77, 57, 34, 38, 26, 14, 3, 2]
(2, (0, 0, 0), (0, 0)): [675217, 29919, 10113, 3216, 1096, 360, 133, 41, 9, 3, 4, 0, 1]
(2, (0, 0, 0), (0, 1)): [14358, 597, 212, 53, 31, 7, 5, 1]
(2, (0, 0, 0), (0, 2)): [5137, 155, 47, 15, 8, 1, 1, 1]
(2, (0, 0, 0), (1, 0)): [14232, 819, 270, 82, 35, 10, 3, 0, 0, 0, 0, 0, 1]
(2, (0, 0, 0), (1, 1)): [12636, 621, 220, 48, 30, 6, 6]
(2, (0, 0, 0), (1, 2)): [7864, 274, 97, 23, 14, 3, 3]
(2, (0, 0, 0), (2, 0)): [5121, 304, 122, 49, 17, 6, 1, 0, 0, 0, 0, 0, 1]
(2, (0, 0, 0), (2, 1)): [7269, 376, 136, 48, 10, 5, 3]
(2, (0, 0, 0), (2, 2)): [6585, 283, 106, 31, 13, 5, 1]
(2, (0, 0, 0), (3, 0)): [1739, 122, 71, 25, 13, 3, 1, 0, 0, 0, 0, 0, 1]
(2, (0, 0, 0), (3, 1)): [3283, 191, 90, 33, 12, 5, 2]
(2, (0, 0, 0), (3, 2)): [4145, 220, 102, 28, 9, 5]
(2, (0, 0, 1), (0, 0)): [64999, 21069, 3944, 1338, 478, 168, 51, 15, 3, 2, 0, 1]
(2, (0, 0, 1), (0, 1)): [1150, 322, 70, 22, 10, 3, 1]
(2, (0, 0, 1), (0, 2)): [443, 87, 24, 4, 1, 1]
(2, (0, 0, 1), (1, 0)): [1323, 394, 83, 34, 11, 4, 0, 2]
(2, (0, 0, 1), (1, 1)): [1071, 257, 58, 19, 9, 1, 1, 1]
(2, (0, 0, 1), (1, 2)): [712, 133, 28, 9, 2, 1, 1]
(2, (0, 0, 1), (2, 0)): [560, 169, 38, 23, 7, 4, 0, 1]
(2, (0, 0, 1), (2, 1)): [620, 144, 43, 15, 9, 1, 0, 2]
(2, (0, 0, 1), (2, 2)): [586, 110, 36, 6, 3, 2, 1]
(2, (0, 0, 1), (3, 0)): [282, 75, 21, 16, 3, 3]
(2, (0, 0, 1), (3, 1)): [307, 79, 19, 13, 6, 0, 0, 1]
(2, (0, 0, 1), (3, 2)): [358, 77, 25, 8, 2, 1]
(2, (0, 1, 0), (0, 0)): [170780, 37846, 9741, 3411, 1086, 366, 117, 32, 7, 4, 4, 0, 1]
(2, (0, 1, 0), (0, 1)): [2960, 537, 143, 52, 17, 1, 1]
(2, (0, 1, 0), (0, 2)): [1107, 150, 35, 11, 6]
(2, (0, 1, 0), (1, 0)): [3845, 663, 279, 116, 28, 16, 5, 1, 0, 0, 0, 0, 1]
(2, (0, 1, 0), (1, 1)): [2745, 473, 169, 56, 15, 4, 3, 1]
(2, (0, 1, 0), (1, 2)): [1706, 238, 67, 32, 6]
(2, (0, 1, 0), (2, 0)): [1793, 295, 138, 81, 20, 11, 3, 0, 0, 0, 0, 0, 1]
(2, (0, 1, 0), (2, 1)): [1645, 301, 104, 44, 11, 8, 3, 1, 0, 0, 0, 0, 1]
(2, (0, 1, 0), (2, 2)): [1508, 221, 66, 36, 8, 4, 0, 1]
(2, (0, 1, 0), (3, 0)): [1006, 137, 79, 53, 14, 4, 2]
(2, (0, 1, 0), (3, 1)): [773, 137, 67, 27, 11, 4, 3, 0, 0, 0, 0, 0, 1]
(2, (0, 1, 0), (3, 2)): [967, 152, 62, 32, 7, 5, 1, 0, 0, 0, 0, 0, 1]
(2, (0, 1, 1), (0, 0)): [40477, 3599, 9286, 2440, 953, 307, 109, 38, 13, 4, 3, 1, 0, 1]
(2, (0, 1, 1), (0, 1)): [640, 55, 114, 26, 7, 3, 1, 3]
(2, (0, 1, 1), (0, 2)): [273, 20, 37, 10, 4, 1, 1]
(2, (0, 1, 1), (1, 0)): [888, 93, 178, 65, 29, 6, 4, 0, 0, 0, 1]
(2, (0, 1, 1), (1, 1)): [577, 48, 105, 30, 6, 3, 1, 2]
(2, (0, 1, 1), (1, 2)): [389, 26, 56, 11, 4, 1, 2, 1]
(2, (0, 1, 1), (2, 0)): [452, 57, 90, 38, 22, 5, 1, 0, 0, 0, 1]
(2, (0, 1, 1), (2, 1)): [312, 30, 74, 19, 6, 4]
(2, (0, 1, 1), (2, 2)): [321, 28, 59, 15, 3, 4, 1, 1]
(2, (0, 1, 1), (3, 0)): [319, 42, 51, 24, 19, 4, 1, 0, 0, 0, 1]
(2, (0, 1, 1), (3, 1)): [163, 15, 35, 12, 4, 1]
(2, (0, 1, 1), (3, 2)): [218, 23, 45, 12, 4, 4, 0, 1]
(2, (1, 0, 0), (0, 0)): [374820, 27550, 17024, 5416, 1754, 561, 230, 63, 16, 8, 5, 0, 1]
(2, (1, 0, 0), (0, 1)): [7078, 377, 303, 82, 34, 8, 6, 1]
(2, (1, 0, 0), (0, 2)): [2541, 109, 79, 15, 12, 2, 1]
(2, (1, 0, 0), (1, 0)): [7234, 582, 429, 162, 44, 14, 6, 1, 0, 0, 0, 0, 1]
(2, (1, 0, 0), (1, 1)): [5821, 358, 298, 94, 26, 3, 4]
(2, (1, 0, 0), (1, 2)): [3614, 179, 125, 47, 13, 2]
(2, (1, 0, 0), (2, 0)): [2444, 232, 147, 80, 19, 6, 3, 0, 0, 0, 0, 0, 1]
(2, (1, 0, 0), (2, 1)): [2959, 191, 169, 56, 22, 6, 2, 0, 0, 0, 0, 0, 1]
(2, (1, 0, 0), (2, 2)): [2736, 165, 126, 39, 16, 5, 1]
(2, (1, 0, 0), (3, 0)): [796, 109, 42, 46, 6, 2, 2]
(2, (1, 0, 0), (3, 1)): [1256, 130, 78, 43, 9, 3, 2, 0, 0, 0, 0, 0, 1]
(2, (1, 0, 0), (3, 2)): [1506, 133, 84, 36, 10, 7, 1, 0, 0, 0, 0, 0, 1]
(2, (1, 0, 1), (0, 0)): [61428, 15661, 6366, 3599, 1169, 390, 144, 46, 19, 6, 0, 2, 1]
(2, (1, 0, 1), (0, 1)): [1228, 264, 103, 73, 24, 2, 2, 2, 0, 0, 0, 1]
(2, (1, 0, 1), (0, 2)): [482, 79, 30, 17, 10, 0, 0, 1]
(2, (1, 0, 1), (1, 0)): [1133, 251, 123, 93, 36, 14, 4]
(2, (1, 0, 1), (1, 1)): [922, 198, 79, 68, 19, 7, 5, 1, 0, 0, 0, 1]
(2, (1, 0, 1), (1, 2)): [626, 98, 36, 26, 11, 4, 1, 2, 0, 0, 0, 1]
(2, (1, 0, 1), (2, 0)): [413, 88, 62, 30, 15, 5, 1]
(2, (1, 0, 1), (2, 1)): [511, 116, 41, 37, 16, 4, 1]
(2, (1, 0, 1), (2, 2)): [447, 78, 31, 23, 10, 3, 1, 2, 0, 0, 0, 1]
(2, (1, 0, 1), (3, 0)): [151, 27, 30, 12, 8, 2, 1]
(2, (1, 0, 1), (3, 1)): [238, 46, 27, 19, 7, 2, 2]
(2, (1, 0, 1), (3, 2)): [264, 55, 31, 13, 8, 3, 1, 2]
(2, (1, 1, 0), (0, 0)): [141770, 22054, 11359, 7329, 2310, 793, 246, 83, 32, 14, 6, 1, 2, 1]
(2, (1, 1, 0), (0, 1)): [2900, 396, 186, 126, 38, 7, 4, 2, 0, 0, 0, 0, 1]
(2, (1, 1, 0), (0, 2)): [1146, 120, 54, 26, 9, 1, 1]
(2, (1, 1, 0), (1, 0)): [2760, 422, 232, 192, 61, 19, 6, 2, 1, 1]
(2, (1, 1, 0), (1, 1)): [2318, 314, 153, 126, 31, 7, 2, 2, 1, 1, 0, 0, 1]
(2, (1, 1, 0), (1, 2)): [1591, 178, 84, 50, 13, 3, 2, 1]
(2, (1, 1, 0), (2, 0)): [976, 167, 104, 82, 33, 12, 3, 1]
(2, (1, 1, 0), (2, 1)): [1246, 156, 102, 81, 25, 11, 2, 1, 1, 1, 0, 0, 1]
(2, (1, 1, 0), (2, 2)): [1182, 146, 73, 64, 15, 4, 3, 1, 1]
(2, (1, 1, 0), (3, 0)): [355, 66, 45, 33, 15, 5, 1]
(2, (1, 1, 0), (3, 1)): [540, 87, 61, 46, 14, 8, 2, 1, 0, 0, 0, 0, 1]
(2, (1, 1, 0), (3, 2)): [667, 89, 58, 46, 16, 3, 2, 1, 1]
(2, (1, 1, 1), (0, 0)): [41428, 6183, 6989, 3553, 2486, 811, 269, 97, 37, 7, 5, 0, 1, 1]
(2, (1, 1, 1), (0, 1)): [981, 100, 137, 66, 50, 8, 5, 2, 1, 0, 0, 0, 1]
(2, (1, 1, 1), (0, 2)): [452, 28, 32, 18, 15, 2, 1, 0, 1]
(2, (1, 1, 1), (1, 0)): [763, 217, 139, 93, 57, 25, 7, 1, 1, 0, 1]
(2, (1, 1, 1), (1, 1)): [724, 109, 121, 64, 42, 6, 3, 0, 0, 0, 1, 0, 1]
(2, (1, 1, 1), (1, 2)): [546, 49, 50, 28, 17, 4, 2, 0, 0, 0, 1]
(2, (1, 1, 1), (2, 0)): [209, 145, 38, 40, 29, 16, 4, 1]
(2, (1, 1, 1), (2, 1)): [315, 100, 67, 36, 33, 9, 4, 0, 0, 0, 0, 0, 1]
(2, (1, 1, 1), (2, 2)): [358, 64, 48, 33, 20, 5, 2, 0, 0, 0, 1]
(2, (1, 1, 1), (3, 0)): [45, 98, 14, 22, 10, 8, 1]
(2, (1, 1, 1), (3, 1)): [101, 102, 24, 24, 22, 7, 4]
(2, (1, 1, 1), (3, 2)): [170, 87, 30, 35, 19, 8, 4, 0, 0, 0, 1]
