(0, (0, 0, 0)): [22559, 4423, 1837, 868, 340, 145, 54, 22, 7, 2, 0, 0, 1]
(0, (0, 0, 1)): [107, 242, 42, 28, 23, 5, 3, 1, 0, 1]
(0, (0, 1, 0)): [811, 649, 246, 128, 53, 23, 7, 6, 0, 1]
(0, (0, 1, 1)): [70, 104, 93, 58, 26, 12, 4, 2, 0, 1]
(0, (1, 0, 0)): [4631, 1420, 879, 431, 187, 79, 39, 13, 1, 1]
(0, (1, 0, 1)): [122, 328, 116, 73, 42, 14, 13, 1]
(0, (1, 1, 0)): [604, 372, 244, 185, 86, 40, 15, 7, 1]
(0, (1, 1, 1)): [65, 97, 84, 64, 56, 20, 7, 3, 1]
(1, (0, 0, 0)): [18562, 2016, 751, 326, 92, 40, 9, 3, 6, 0, 0, 0, 1]
(1, (0, 0, 1)): [465, 573, 110, 50, 26, 6, 1, 1, 0, 0, 0, 0, 1]
(1, (0, 1, 0)): [2331, 905, 335, 162, 45, 31, 5, 4, 1, 0, 1, 0, 1]
(1, (0, 1, 1)): [390, 267, 231, 76, 41, 13, 8, 0, 1]
(1, (1, 0, 0)): [6564, 1084, 739, 300, 101, 44, 19, 4, 4, 0, 0, 1]
(1, (1, 0, 1)): [529, 525, 167, 127, 48, 19, 5, 4]
(1, (1, 1, 0)): [1744, 507, 332, 247, 79, 37, 15, 2, 4]
(1, (1, 1, 1)): [394, 281, 169, 95, 56, 22, 10, 2, 1]
(2, (0, 0, 0)): [16427, 788, 223, 92, 21, 6, 1, 0, 1]
(2, (0, 0, 1)): [1220, 346, 63, 29, 12, 2]
(2, (0, 1, 0)): [3670, 717, 226, 79, 21, 6, 1, 1]
(2, (0, 1, 1)): [766, 56, 143, 34, 24, 3, 3, 1]
(2, (1, 0, 0)): [7928, 549, 374, 117, 24, 12, 3, 0, 1]
(2, (1, 0, 1)): [1279, 301, 112, 83, 23, 6, 5, 1, 1]
(2, (1, 1, 0)): [3129, 444, 221, 147, 38, 14, 4, 1, 1]
(2, (1, 1, 1)): [880, 113, 123, 57, 57, 14, 10, 1]
