(0, (0, 0, 0)): [15639, 3372, 1597, 750, 397, 145, 58, 34, 10, 8]
(0, (0, 0, 1)): [80, 287, 87, 40, 21, 9, 7, 3]
(0, (0, 1, 0)): [482, 551, 191, 104, 65, 31, 7, 3, 1, 2]
(0, (0, 1, 1)): [42, 84, 110, 65, 35, 16, 5, 2, 2]
(0, (1, 0, 0)): [3629, 1339, 818, 454, 235, 80, 35, 22, 10, 4]
(0, (1, 0, 1)): [78, 235, 119, 75, 58, 25, 12, 7, 2, 1]
(0, (1, 1, 0)): [445, 333, 300, 194, 106, 46, 23, 13, 7, 3]
(0, (1, 1, 1)): [50, 94, 91, 64, 55, 27, 13, 8, 3, 1]
(1, (0, 0, 0)): [12207, 1399, 615, 215, 116, 39, 12, 8, 0, 3]
(1, (0, 0, 1)): [444, 733, 157, 65, 41, 6, 4, 4]
(1, (0, 1, 0)): [1976, 1002, 338, 172, 71, 21, 7, 4, 0, 1]
(1, (0, 1, 1)): [324, 296, 339, 135, 58, 18, 6, 2]
(1, (1, 0, 0)): [5224, 1021, 600, 286, 114, 40, 15, 8, 0, 2]
(1, (1, 0, 1)): [410, 554, 197, 120, 58, 17, 12, 4, 1, 1]
(1, (1, 1, 0)): [1327, 421, 294, 240, 101, 38, 16, 6, 2, 3]
(1, (1, 1, 1)): [254, 200, 118, 104, 67, 21, 8, 5, 3]
(2, (0, 0, 0)): [10438, 487, 163, 42, 31, 6, 1, 2, 0, 1]
(2, (0, 0, 1)): [1405, 538, 93, 28, 20, 3, 0, 1]
(2, (0, 1, 0)): [3111, 738, 195, 64, 21, 9, 3, 1, 0, 1]
(2, (0, 1, 1)): [862, 73, 203, 60, 24, 6, 4]
(2, (1, 0, 0)): [6495, 534, 306, 107, 32, 6, 1, 4]
(2, (1, 0, 1)): [1096, 347, 133, 62, 18, 6, 2, 3]
(2, (1, 1, 0)): [2082, 348, 192, 112, 32, 6, 2]
(2, (1, 1, 1)): [631, 105, 104, 73, 41, 6, 3]
