(0, (0, 0, 0)): [112415, 20815, 9007, 3994, 1768, 654, 275, 108, 39, 13, 15]
(0, (0, 0, 1)): [725, 1981, 541, 234, 106, 36, 21, 8, 2, 1, 2]
(0, (0, 1, 0)): [3756, 3578, 1263, 563, 281, 90, 39, 10, 6, 3, 3]
(0, (0, 1, 1)): [328, 532, 685, 318, 135, 62, 26, 12, 5, 3, 1]
(0, (1, 0, 0)): [25495, 8909, 4833, 2378, 1041, 424, 168, 69, 29, 9, 10]
(0, (1, 0, 1)): [599, 1405, 712, 394, 224, 81, 43, 21, 10, 2, 3]
(0, (1, 1, 0)): [3235, 2103, 1701, 1082, 569, 237, 101, 39, 13, 10, 6]
(0, (1, 1, 1)): [397, 610, 506, 452, 323, 152, 71, 34, 16, 10, 4]
(1, (0, 0, 0)): [88586, 8385, 3216, 1172, 480, 174, 61, 32, 5, 2, 2]
(1, (0, 0, 1)): [3652, 5235, 967, 380, 164, 52, 24, 11, 4, 1]
(1, (0, 1, 0)): [14603, 6774, 2122, 878, 315, 124, 41, 17, 5]
(1, (0, 1, 1)): [2400, 1912, 2007, 737, 287, 115, 41, 9, 5, 3, 1]
(1, (1, 0, 0)): [34932, 6595, 3385, 1377, 535, 215, 67, 32, 7, 3, 2]
(1, (1, 0, 1)): [2483, 3080, 1161, 646, 271, 89, 24, 15, 4, 2, 1]
(1, (1, 1, 0)): [8502, 2584, 1857, 1138, 475, 170, 63, 23, 7, 1]
(1, (1, 1, 1)): [1701, 1321, 857, 649, 398, 172, 73, 29, 6, 2]
(2, (0, 0, 0)): [77087, 2712, 815, 241, 90, 20, 9, 4, 1, 0, 1]
(2, (0, 0, 1)): [9781, 3451, 502, 164, 47, 11, 5, 2]
(2, (0, 1, 0)): [23959, 5232, 1167, 347, 94, 31, 13, 7]
(2, (0, 1, 1)): [5847, 585, 1329, 312, 103, 30, 8, 2]
(2, (1, 0, 0)): [42242, 3153, 1373, 431, 135, 42, 17, 6, 1, 0, 1]
(2, (1, 0, 1)): [6268, 1786, 824, 288, 103, 26, 8, 2]
(2, (1, 1, 0)): [12847, 1802, 1059, 558, 136, 45, 13, 6, 2, 1, 1]
(2, (1, 1, 1)): [3972, 635, 617, 332, 196, 57, 23, 6, 2, 2, 1]
