(0, (0, 0, 0), (0, 0)): [2547357, 520851, 239673, 109957, 49374, 21094, 8791, 3561, 1447, 624, 281, 129, 44, 23, 6, 1, 1, 1]
(0, (0, 0, 0), (0, 1)): [553021, 106496, 48625, 22564, 9963, 4284, 1735, 650, 284, 120, 59, 27, 7, 5, 1, 1]
(0, (0, 0, 0), (0, 2)): [218555, 37189, 16627, 7552, 3278, 1371, 566, 201, 90, 39, 11, 6, 4, 1, 1]
(0, (0, 0, 0), (1, 0)): [438623, 98232, 46679, 21873, 10229, 4337, 1904, 786, 298, 120, 60, 23, 6, 6, 2, 0, 1]
(0, (0, 0, 0), (1, 1)): [450720, 91235, 42608, 19887, 8931, 3833, 1567, 627, 264, 98, 58, 22, 4, 6, 0, 1, 1]
(0, (0, 0, 0), (1, 2)): [322156, 56899, 26032, 11732, 5205, 2171, 920, 357, 157, 55, 20, 9, 5, 2, 1]
(0, (0, 0, 0), (2, 0)): [139215, 34405, 17593, 8328, 4070, 1678, 768, 326, 116, 55, 26, 10, 2, 3, 1]
(0, (0, 0, 0), (2, 1)): [226553, 50451, 24810, 11612, 5409, 2322, 936, 415, 156, 66, 36, 15, 3, 4, 0, 0, 1]
(0, (0, 0, 0), (2, 2)): [253680, 48910, 23207, 10747, 4774, 1999, 843, 325, 154, 52, 24, 7, 5, 2, 1, 0, 1]
(0, (0, 0, 0), (3, 0)): [39759, 11010, 6611, 3314, 1654, 675, 308, 133, 51, 27, 12, 4, 0, 2, 1]
(0, (0, 0, 0), (3, 1)): [85472, 22071, 12073, 5910, 2872, 1255, 488, 240, 97, 39, 15, 12, 2, 4, 1]
(0, (0, 0, 0), (3, 2)): [132932, 29789, 15796, 7439, 3483, 1485, 605, 267, 116, 47, 18, 13, 4, 2, 1, 0, 1]
(0, (0, 0, 1), (0, 0)): [9032, 28194, 7747, 3786, 1817, 778, 349, 142, 57, 35, 20, 4, 4, 3]
(0, (0, 0, 1), (0, 1)): [1374, 4252, 1165, 550, 257, 117, 46, 20, 10, 6, 4, 1, 0, 1]
(0, (0, 0, 1), (0, 2)): [630, 1596, 415, 196, 84, 46, 17, 7, 7, 0, 1]
(0, (0, 0, 1), (1, 0)): [1287, 4472, 1273, 712, 361, 150, 71, 25, 10, 6, 7]
(0, (0, 0, 1), (1, 1)): [1216, 3847, 1047, 529, 282, 120, 48, 18, 6, 10, 3, 1, 0, 1]
(0, (0, 0, 1), (1, 2)): [996, 2506, 662, 327, 147, 71, 26, 12, 5, 4, 2]
(0, (0, 0, 1), (2, 0)): [483, 1655, 501, 314, 143, 62, 30, 13, 5, 2, 5]
(0, (0, 0, 1), (2, 1)): [643, 2206, 627, 368, 185, 77, 36, 12, 6, 7, 2, 1]
(0, (0, 0, 1), (2, 2)): [885, 2308, 621, 312, 165, 71, 25, 9, 4, 4, 2]
(0, (0, 0, 1), (3, 0)): [162, 559, 160, 127, 55, 26, 12, 3, 1, 0, 3]
(0, (0, 0, 1), (3, 1)): [267, 943, 274, 221, 96, 40, 23, 4, 3, 5, 0, 1]
(0, (0, 0, 1), (3, 2)): [492, 1406, 378, 268, 138, 53, 21, 4, 3, 3, 1]
(0, (0, 1, 0), (0, 0)): [94776, 88081, 34944, 17409, 8235, 3585, 1549, 634, 268, 139, 49, 20, 9, 6, 3, 0, 1]
(0, (0, 1, 0), (0, 1)): [19978, 17184, 6899, 3355, 1563, 667, 313, 126, 49, 27, 9, 4, 3, 1, 1]
(0, (0, 1, 0), (0, 2)): [8367, 6092, 2467, 1148, 538, 239, 112, 43, 18, 6, 0, 1, 2]
(0, (0, 1, 0), (1, 0)): [18363, 17112, 7348, 3961, 1840, 859, 354, 147, 67, 25, 11, 6, 2, 2, 1, 0, 1]
(0, (0, 1, 0), (1, 1)): [16937, 14569, 6070, 3117, 1448, 618, 283, 117, 40, 29, 11, 4, 1, 2, 1]
(0, (0, 1, 0), (1, 2)): [12242, 9192, 3813, 1902, 837, 368, 152, 77, 24, 10, 3, 3, 2, 0, 1]
(0, (0, 1, 0), (2, 0)): [6640, 6093, 2808, 1611, 752, 387, 145, 66, 29, 7, 3, 5, 2, 1, 0, 0, 1]
(0, (0, 1, 0), (2, 1)): [9113, 8064, 3536, 1849, 919, 423, 194, 66, 29, 20, 6, 4, 1, 1, 0, 0, 1]
(0, (0, 1, 0), (2, 2)): [10226, 7903, 3390, 1688, 794, 349, 156, 60, 26, 11, 5, 3, 1, 0, 1, 0, 1]
(0, (0, 1, 0), (3, 0)): [2266, 1816, 957, 659, 302, 167, 66, 35, 13, 2, 0, 1, 1]
(0, (0, 1, 0), (3, 1)): [4013, 3311, 1621, 1060, 502, 248, 96, 44, 10, 7, 2, 3, 0, 1]
(0, (0, 1, 0), (3, 2)): [6047, 4564, 2136, 1222, 597, 284, 133, 48, 12, 11, 3, 1, 0, 0, 1, 0, 1]
(0, (0, 1, 1), (0, 0)): [7504, 13172, 15609, 7299, 3856, 1843, 797, 356, 176, 75, 26, 16, 4, 4, 2, 0, 1, 1]
(0, (0, 1, 1), (0, 1)): [1561, 2581, 2873, 1307, 709, 327, 145, 61, 29, 13, 4, 4, 1, 0, 0, 0, 1]
(0, (0, 1, 1), (0, 2)): [747, 1009, 1063, 483, 264, 123, 55, 26, 8, 4, 1, 2]
(0, (0, 1, 1), (1, 0)): [1420, 2639, 3122, 1576, 835, 435, 183, 81, 43, 14, 8, 6, 1, 1, 1]
(0, (0, 1, 1), (1, 1)): [1266, 2223, 2550, 1171, 631, 289, 128, 45, 22, 10, 6, 3, 2, 0, 0, 0, 1]
(0, (0, 1, 1), (1, 2)): [1050, 1471, 1601, 704, 415, 184, 77, 31, 17, 3, 2, 3, 1, 0, 0, 0, 1]
(0, (0, 1, 1), (2, 0)): [567, 1121, 1156, 659, 390, 223, 81, 41, 27, 8, 4, 2, 0, 1, 1]
(0, (0, 1, 1), (2, 1)): [643, 1214, 1379, 689, 338, 178, 72, 39, 15, 10, 6, 1, 1, 0, 1]
(0, (0, 1, 1), (2, 2)): [835, 1274, 1369, 643, 351, 162, 59, 29, 15, 8, 2, 3, 1, 0, 0, 0, 1]
(0, (0, 1, 1), (3, 0)): [296, 519, 485, 321, 218, 112, 43, 14, 17, 2, 1, 2, 0, 1]
(0, (0, 1, 1), (3, 1)): [261, 493, 557, 312, 188, 105, 42, 20, 15, 5, 2, 1, 0, 0, 1]
(0, (0, 1, 1), (3, 2)): [464, 716, 769, 429, 219, 119, 50, 26, 15, 5, 3, 0, 1, 0, 0, 0, 1]
(0, (1, 0, 0), (0, 0)): [529134, 173295, 114214, 57012, 27376, 12208, 5104, 2191, 920, 397, 194, 76, 27, 17, 4, 1, 1, 1]
(0, (1, 0, 0), (0, 1)): [102738, 29516, 20746, 10271, 4889, 2139, 899, 352, 173, 68, 31, 13, 1, 3]
(0, (1, 0, 0), (0, 2)): [40709, 10118, 7209, 3405, 1572, 686, 300, 118, 51, 26, 12, 4]
(0, (1, 0, 0), (1, 0)): [84805, 29180, 20934, 11024, 5440, 2424, 1014, 449, 175, 83, 48, 15, 3, 6, 2, 0, 1]
(0, (1, 0, 0), (1, 1)): [77134, 23611, 16817, 8622, 4090, 1860, 771, 323, 141, 57, 29, 12, 1, 4, 1]
(0, (1, 0, 0), (1, 2)): [52894, 13975, 9985, 4965, 2292, 1000, 434, 176, 81, 29, 10, 7, 0, 0, 1]
(0, (1, 0, 0), (2, 0)): [26230, 9931, 7443, 4152, 2126, 955, 389, 172, 61, 44, 23, 5, 3, 3, 0, 0, 1]
(0, (1, 0, 0), (2, 1)): [36901, 12319, 8948, 4755, 2373, 1079, 438, 201, 83, 46, 23, 7, 0, 6, 0, 0, 1]
(0, (1, 0, 0), (2, 2)): [38346, 11092, 7929, 3982, 1928, 816, 392, 159, 76, 31, 14, 5, 0, 3]
(0, (1, 0, 0), (3, 0)): [6768, 3134, 2414, 1632, 825, 376, 157, 58, 27, 18, 9, 2, 2]
(0, (1, 0, 0), (3, 1)): [13183, 5294, 3959, 2450, 1220, 595, 233, 106, 43, 22, 13, 4, 2, 2]
(0, (1, 0, 0), (3, 2)): [18172, 6568, 4628, 2663, 1318, 561, 276, 120, 57, 20, 11, 6, 0, 1]
(0, (1, 0, 1), (0, 0)): [12311, 37277, 15146, 10957, 5713, 2662, 1259, 514, 250, 103, 55, 20, 11, 3, 2, 0, 0, 1]
(0, (1, 0, 1), (0, 1)): [2402, 6263, 2545, 1938, 953, 451, 204, 80, 42, 15, 9, 1, 4, 1]
(0, (1, 0, 1), (0, 2)): [1153, 2298, 922, 683, 318, 154, 67, 29, 13, 1, 3, 1, 2, 1]
(0, (1, 0, 1), (1, 0)): [1944, 6326, 2550, 1969, 1051, 524, 235, 97, 52, 26, 15, 2, 1, 1, 1]
(0, (1, 0, 1), (1, 1)): [1847, 4962, 2079, 1510, 770, 359, 169, 69, 43, 18, 8, 1, 1]
(0, (1, 0, 1), (1, 2)): [1512, 3081, 1283, 893, 455, 207, 91, 40, 25, 5, 2, 1, 2]
(0, (1, 0, 1), (2, 0)): [622, 2127, 855, 718, 393, 213, 87, 39, 20, 13, 5, 1]
(0, (1, 0, 1), (2, 1)): [854, 2506, 1068, 796, 419, 226, 102, 37, 23, 16, 6]
(0, (1, 0, 1), (2, 2)): [1104, 2357, 1017, 733, 374, 183, 90, 39, 15, 10, 3]
(0, (1, 0, 1), (3, 0)): [204, 636, 292, 210, 149, 87, 31, 15, 9, 3, 1, 1]
(0, (1, 0, 1), (3, 1)): [331, 864, 451, 341, 213, 110, 47, 22, 15, 9, 3]
(0, (1, 0, 1), (3, 2)): [543, 1183, 612, 414, 263, 132, 63, 27, 16, 11, 5]
(0, (1, 1, 0), (0, 0)): [76335, 47679, 35097, 25939, 13802, 6446, 2763, 1274, 529, 242, 111, 47, 14, 6, 1, 0, 1]
(0, (1, 1, 0), (0, 1)): [16393, 8874, 6043, 4746, 2563, 1114, 527, 219, 90, 31, 18, 12, 1, 1, 1, 0, 1]
(0, (1, 1, 0), (0, 2)): [6950, 3238, 2127, 1692, 892, 385, 168, 88, 35, 13, 6, 2]
(0, (1, 1, 0), (1, 0)): [12621, 8105, 5971, 4828, 2537, 1259, 533, 245, 97, 43, 22, 9, 3, 3]
(0, (1, 1, 0), (1, 1)): [12061, 6847, 4874, 3903, 2011, 934, 415, 174, 55, 25, 20, 6, 2, 2, 1, 0, 1]
(0, (1, 1, 0), (1, 2)): [9034, 4290, 2969, 2420, 1222, 530, 232, 102, 39, 21, 6, 3, 0, 1, 0, 0, 1]
(0, (1, 1, 0), (2, 0)): [3700, 2706, 2042, 1669, 978, 505, 223, 106, 44, 16, 7, 6, 0, 1]
(0, (1, 1, 0), (2, 1)): [5586, 3458, 2561, 2071, 1152, 528, 246, 102, 44, 14, 13, 7, 2, 0, 1]
(0, (1, 1, 0), (2, 2)): [6435, 3379, 2376, 1916, 1028, 454, 212, 98, 33, 18, 7, 3, 0, 0, 0, 0, 1]
(0, (1, 1, 0), (3, 0)): [834, 869, 699, 552, 380, 201, 92, 44, 15, 7, 3, 2, 0, 1]
(0, (1, 1, 0), (3, 1)): [1902, 1448, 1135, 940, 621, 323, 144, 62, 23, 9, 7, 3, 2, 0, 1]
(0, (1, 1, 0), (3, 2)): [2997, 1904, 1465, 1188, 722, 342, 159, 82, 23, 11, 7, 1, 0, 0, 0, 0, 1]
(0, (1, 1, 1), (0, 0)): [7365, 14316, 11461, 8346, 6891, 3434, 1607, 766, 360, 151, 73, 28, 8, 4, 1, 0, 1]
(0, (1, 1, 1), (0, 1)): [1747, 2935, 2242, 1528, 1345, 662, 294, 143, 77, 24, 11, 5, 3, 1]
(0, (1, 1, 1), (0, 2)): [925, 1181, 822, 577, 495, 232, 100, 52, 27, 8, 8, 2, 1]
(0, (1, 1, 1), (1, 0)): [1130, 2564, 2077, 1482, 1233, 679, 311, 128, 64, 33, 13, 7, 0, 1, 0, 0, 1]
(0, (1, 1, 1), (1, 1)): [1177, 2280, 1774, 1191, 1046, 578, 256, 125, 60, 22, 7, 4, 1, 1, 0, 0, 1]
(0, (1, 1, 1), (1, 2)): [1085, 1573, 1164, 782, 685, 323, 140, 73, 33, 13, 6, 4, 0, 1, 0, 0, 1]
(0, (1, 1, 1), (2, 0)): [320, 755, 701, 537, 457, 250, 104, 48, 19, 14, 5, 4, 0, 1]
(0, (1, 1, 1), (2, 1)): [525, 1053, 903, 639, 536, 319, 137, 66, 39, 13, 4, 1, 1]
(0, (1, 1, 1), (2, 2)): [705, 1158, 900, 628, 525, 280, 124, 66, 32, 14, 4, 2, 1]
(0, (1, 1, 1), (3, 0)): [61, 196, 189, 188, 136, 91, 46, 22, 5, 6, 3, 2, 0, 1]
(0, (1, 1, 1), (3, 1)): [149, 366, 361, 278, 236, 145, 69, 28, 13, 7, 2, 3, 0, 1]
(0, (1, 1, 1), (3, 2)): [266, 550, 500, 369, 329, 180, 103, 40, 22, 8, 3, 3, 1, 1]
(1, (0, 0, 0), (0, 0)): [2086729, 234104, 95423, 37990, 14863, 5663, 2193, 784, 278, 111, 41, 25, 8, 3, 0, 1]
(1, (0, 0, 0), (0, 1)): [456110, 47739, 19166, 7650, 3015, 1113, 424, 158, 48, 16, 7, 6, 1, 1]
(1, (0, 0, 0), (0, 2)): [182263, 16033, 6427, 2401, 973, 352, 119, 44, 7, 5, 1, 3]
(1, (0, 0, 0), (1, 0)): [375495, 47812, 20032, 8134, 3242, 1251, 476, 152, 62, 26, 6, 4, 0, 0, 0, 1]
(1, (0, 0, 0), (1, 1)): [379242, 42754, 17418, 7013, 2762, 1002, 430, 147, 49, 14, 9, 4, 1, 1]
(1, (0, 0, 0), (1, 2)): [269496, 25444, 10211, 3940, 1587, 570, 219, 65, 23, 8, 3, 2, 1]
(1, (0, 0, 0), (2, 0)): [123867, 17723, 7989, 3382, 1343, 534, 197, 61, 29, 16, 2, 2, 0, 0, 0, 1]
(1, (0, 0, 0), (2, 1)): [196000, 24747, 10626, 4355, 1757, 670, 237, 92, 23, 17, 7, 4]
(1, (0, 0, 0), (2, 2)): [218082, 22882, 9610, 3897, 1520, 559, 201, 75, 26, 8, 4, 2]
(1, (0, 0, 0), (3, 0)): [36182, 5759, 3208, 1424, 549, 227, 100, 26, 19, 7, 1, 1, 0, 0, 0, 1]
(1, (0, 0, 0), (3, 1)): [77192, 11447, 5734, 2478, 1012, 393, 137, 49, 17, 8, 3]
(1, (0, 0, 0), (3, 2)): [118297, 14818, 7238, 2953, 1220, 446, 160, 65, 19, 8, 5, 1]
(1, (0, 0, 1), (0, 0)): [55439, 79607, 15962, 7029, 2875, 1173, 458, 169, 77, 27, 15, 9, 4, 2]
(1, (0, 0, 1), (0, 1)): [10335, 12624, 2585, 1090, 393, 167, 83, 24, 4, 1, 3, 1]
(1, (0, 0, 1), (0, 2)): [4638, 4264, 842, 338, 127, 53, 24, 3, 3, 0, 1, 1]
(1, (0, 0, 1), (1, 0)): [10370, 15275, 3249, 1637, 666, 287, 97, 38, 25, 6, 2, 1]
(1, (0, 0, 1), (1, 1)): [9238, 11749, 2454, 1116, 421, 162, 73, 26, 7, 4, 1, 1]
(1, (0, 0, 1), (1, 2)): [7141, 6748, 1417, 605, 231, 92, 47, 9, 5, 2, 1, 2]
(1, (0, 0, 1), (2, 0)): [4289, 6170, 1426, 828, 342, 155, 54, 23, 15, 3, 1]
(1, (0, 0, 1), (2, 1)): [5197, 6905, 1503, 772, 301, 120, 39, 24, 7, 2, 1]
(1, (0, 0, 1), (2, 2)): [6207, 6185, 1365, 635, 223, 86, 46, 14, 3, 2, 2, 2]
(1, (0, 0, 1), (3, 0)): [1995, 2474, 647, 454, 188, 93, 30, 11, 7, 1, 1]
(1, (0, 0, 1), (3, 1)): [2303, 2998, 769, 425, 184, 84, 25, 15, 5, 2]
(1, (0, 0, 1), (3, 2)): [3722, 3798, 938, 507, 194, 87, 41, 13, 3, 0, 1]
(1, (0, 1, 0), (0, 0)): [278977, 119917, 44827, 19511, 7890, 3152, 1127, 479, 143, 72, 36, 10, 10, 2, 1]
(1, (0, 1, 0), (0, 1)): [54046, 20699, 7964, 3293, 1348, 544, 196, 84, 19, 13, 7, 1, 1]
(1, (0, 1, 0), (0, 2)): [21846, 7354, 2727, 1045, 447, 177, 61, 26, 7, 4, 1, 1, 1]
(1, (0, 1, 0), (1, 0)): [54771, 22859, 9278, 4622, 1871, 752, 283, 115, 43, 19, 9, 0, 0, 1]
(1, (0, 1, 0), (1, 1)): [47808, 18589, 7329, 3316, 1313, 522, 205, 74, 21, 7, 6, 0, 0, 1]
(1, (0, 1, 0), (1, 2)): [33296, 11450, 4291, 1810, 701, 273, 103, 47, 13, 7, 1, 1]
(1, (0, 1, 0), (2, 0)): [22473, 9072, 3994, 2298, 983, 389, 138, 66, 23, 12, 6]
(1, (0, 1, 0), (2, 1)): [27267, 10679, 4554, 2235, 950, 363, 144, 54, 16, 7, 5, 0, 0, 1]
(1, (0, 1, 0), (2, 2)): [28690, 9950, 4008, 1815, 721, 288, 100, 41, 11, 6, 3]
(1, (0, 1, 0), (3, 0)): [9776, 3629, 1708, 1241, 547, 221, 77, 35, 11, 7, 2]
(1, (0, 1, 0), (3, 1)): [12561, 4646, 2242, 1380, 599, 220, 99, 44, 16, 6, 3, 0, 0, 1]
(1, (0, 1, 0), (3, 2)): [17568, 6083, 2762, 1497, 647, 224, 98, 39, 9, 7, 3, 0, 0, 1]
(1, (0, 1, 1), (0, 0)): [43411, 36658, 31619, 12956, 6656, 2650, 1068, 422, 176, 61, 24, 10, 3, 2, 0, 1]
(1, (0, 1, 1), (0, 1)): [7624, 5704, 4828, 1964, 907, 335, 160, 71, 18, 5, 5, 1]
(1, (0, 1, 1), (0, 2)): [3680, 1853, 1751, 699, 317, 110, 62, 27, 4, 1, 4]
(1, (0, 1, 1), (1, 0)): [9030, 8115, 6189, 2805, 1675, 697, 281, 107, 38, 17, 5, 2, 1]
(1, (0, 1, 1), (1, 1)): [6441, 5144, 4250, 1765, 881, 316, 128, 57, 19, 8, 0, 2]
(1, (0, 1, 1), (1, 2)): [5376, 2978, 2676, 1050, 529, 185, 81, 35, 8, 5, 3, 1]
(1, (0, 1, 1), (2, 0)): [4837, 4191, 3030, 1518, 1061, 471, 192, 70, 26, 10, 5, 1]
(1, (0, 1, 1), (2, 1)): [3448, 2886, 2407, 1073, 543, 217, 92, 28, 11, 3, 1]
(1, (0, 1, 1), (2, 2)): [4447, 2592, 2340, 967, 477, 174, 67, 23, 8, 2, 3, 1]
(1, (0, 1, 1), (3, 0)): [3380, 2711, 1775, 1008, 849, 374, 147, 61, 22, 7, 4, 1]
(1, (0, 1, 1), (3, 1)): [1457, 1294, 1021, 495, 304, 153, 56, 24, 9, 3]
(1, (0, 1, 1), (3, 2)): [2470, 1659, 1338, 641, 394, 142, 53, 23, 8, 3, 2, 1]
(1, (1, 0, 0), (0, 0)): [772254, 134673, 90155, 38539, 15715, 6250, 2449, 899, 350, 146, 56, 33, 7, 3, 0, 2]
(1, (1, 0, 0), (0, 1)): [151191, 23128, 16301, 7007, 2779, 1100, 427, 169, 51, 20, 10, 4, 1]
(1, (1, 0, 0), (0, 2)): [59357, 7809, 5350, 2246, 870, 387, 140, 49, 12, 6, 4]
(1, (1, 0, 0), (1, 0)): [133463, 24617, 17815, 8019, 3303, 1336, 546, 194, 64, 31, 13, 5, 2, 0, 0, 1]
(1, (1, 0, 0), (1, 1)): [119257, 19530, 13924, 6177, 2443, 935, 393, 144, 48, 21, 10, 7, 1, 0, 0, 1]
(1, (1, 0, 0), (1, 2)): [80823, 11400, 7980, 3407, 1318, 511, 208, 77, 24, 9, 8, 1]
(1, (1, 0, 0), (2, 0)): [43362, 8721, 6558, 3236, 1360, 553, 231, 79, 33, 10, 5, 0, 1]
(1, (1, 0, 0), (2, 1)): [59173, 10611, 7720, 3777, 1473, 597, 244, 84, 28, 10, 6, 4, 1, 0, 0, 1]
(1, (1, 0, 0), (2, 2)): [60753, 9367, 6540, 3016, 1198, 472, 189, 69, 20, 9, 4, 1, 1]
(1, (1, 0, 0), (3, 0)): [12136, 2879, 2081, 1251, 560, 222, 103, 29, 15, 5, 1, 0, 1]
(1, (1, 0, 0), (3, 1)): [22651, 4885, 3454, 2053, 809, 311, 153, 38, 21, 5, 4, 1, 0, 0, 0, 1]
(1, (1, 0, 0), (3, 2)): [30479, 5959, 3964, 2171, 826, 334, 150, 45, 23, 10, 5, 2, 1, 0, 0, 1]
(1, (1, 0, 1), (0, 0)): [62490, 70358, 22637, 15646, 6755, 2798, 1093, 436, 155, 83, 24, 10, 2, 1]
(1, (1, 0, 1), (0, 1)): [12730, 11484, 3641, 2646, 1106, 457, 173, 66, 30, 13, 4, 1, 2]
(1, (1, 0, 1), (0, 2)): [5766, 3859, 1264, 925, 384, 143, 73, 30, 10, 6, 3, 0, 1]
(1, (1, 0, 1), (1, 0)): [10768, 11911, 4005, 2961, 1372, 581, 217, 98, 33, 19, 1, 3]
(1, (1, 0, 1), (1, 1)): [9721, 9274, 3059, 2215, 918, 407, 140, 47, 21, 9, 1, 3, 1]
(1, (1, 0, 1), (1, 2)): [7345, 5323, 1818, 1315, 516, 216, 90, 40, 14, 6, 3]
(1, (1, 0, 1), (2, 0)): [3670, 3945, 1420, 1078, 560, 237, 89, 44, 12, 8, 0, 1]
(1, (1, 0, 1), (2, 1)): [4838, 4672, 1577, 1179, 584, 231, 83, 27, 14, 9, 0, 3]
(1, (1, 0, 1), (2, 2)): [5390, 4065, 1481, 1049, 483, 181, 78, 26, 13, 6, 1]
(1, (1, 0, 1), (3, 0)): [1210, 1267, 497, 376, 228, 111, 36, 13, 1, 4]
(1, (1, 0, 1), (3, 1)): [1801, 1810, 711, 545, 300, 131, 39, 19, 3, 5, 0, 2]
(1, (1, 0, 1), (3, 2)): [2679, 2295, 935, 634, 371, 136, 55, 19, 11, 5, 0, 2]
(1, (1, 1, 0), (0, 0)): [217003, 64793, 43197, 32009, 13472, 5600, 2189, 868, 335, 135, 52, 26, 10, 5, 1]
(1, (1, 1, 0), (0, 1)): [45467, 11783, 7506, 5931, 2451, 1018, 372, 156, 65, 23, 12, 4, 1]
(1, (1, 1, 0), (0, 2)): [18900, 4326, 2577, 2084, 836, 323, 105, 48, 18, 4, 4]
(1, (1, 1, 0), (1, 0)): [37884, 12041, 8096, 6353, 2784, 1149, 502, 180, 50, 30, 13, 4, 2, 1]
(1, (1, 1, 0), (1, 1)): [35494, 9851, 6618, 5145, 2156, 897, 344, 148, 50, 25, 12, 4, 1]
(1, (1, 1, 0), (1, 2)): [25642, 6145, 3845, 3015, 1249, 466, 171, 84, 30, 7, 8, 2, 1]
(1, (1, 1, 0), (2, 0)): [12142, 4470, 2837, 2265, 1148, 492, 225, 74, 23, 15, 7, 2, 2, 1]
(1, (1, 1, 0), (2, 1)): [17499, 5448, 3703, 2880, 1327, 580, 239, 81, 32, 15, 8, 2, 1]
(1, (1, 1, 0), (2, 2)): [19404, 5099, 3271, 2519, 1155, 479, 173, 77, 30, 9, 4, 2, 1]
(1, (1, 1, 0), (3, 0)): [3130, 1614, 1020, 697, 467, 195, 88, 35, 7, 6, 1, 2, 1]
(1, (1, 1, 0), (3, 1)): [6370, 2675, 1808, 1348, 729, 330, 134, 42, 17, 10, 4, 2, 1]
(1, (1, 1, 0), (3, 2)): [9646, 3246, 2196, 1622, 853, 348, 116, 54, 24, 10, 3, 1, 1]
(1, (1, 1, 1), (0, 0)): [44373, 35465, 22081, 14352, 11179, 4782, 1946, 733, 296, 109, 38, 22, 9, 4, 1, 1]
(1, (1, 1, 1), (0, 1)): [10053, 6728, 4059, 2570, 2123, 860, 353, 132, 59, 20, 7, 1, 0, 1]
(1, (1, 1, 1), (0, 2)): [4879, 2399, 1496, 958, 746, 285, 122, 33, 11, 10, 4, 0, 0, 1]
(1, (1, 1, 1), (1, 0)): [7119, 6480, 3917, 2531, 2221, 994, 442, 151, 57, 20, 9, 7, 2]
(1, (1, 1, 1), (1, 1)): [7216, 5456, 3320, 2111, 1751, 736, 333, 122, 51, 13, 4, 3]
(1, (1, 1, 1), (1, 2)): [6002, 3284, 2106, 1319, 1042, 447, 192, 64, 25, 10, 4, 3, 0, 1]
(1, (1, 1, 1), (2, 0)): [1879, 2185, 1385, 856, 821, 405, 176, 65, 22, 11, 3, 3, 1]
(1, (1, 1, 1), (2, 1)): [3119, 2912, 1746, 1106, 955, 437, 188, 68, 32, 11, 3, 2]
(1, (1, 1, 1), (2, 2)): [4059, 2675, 1712, 1059, 893, 391, 175, 57, 27, 12, 3, 3, 0, 1]
(1, (1, 1, 1), (3, 0)): [316, 680, 493, 291, 246, 147, 69, 26, 6, 3, 0, 1, 1]
(1, (1, 1, 1), (3, 1)): [814, 1242, 815, 496, 429, 228, 88, 37, 18, 5, 2, 1, 1]
(1, (1, 1, 1), (3, 2)): [1575, 1573, 1050, 641, 536, 284, 115, 40, 19, 6, 4, 1, 0, 1]
(2, (0, 0, 0), (0, 0)): [1825042, 87155, 28708, 9173, 3071, 947, 323, 111, 21, 9, 5, 1, 1]
(2, (0, 0, 0), (0, 1)): [395305, 16544, 5458, 1756, 624, 176, 60, 18, 4, 1]
(2, (0, 0, 0), (0, 2)): [156426, 4595, 1570, 498, 188, 45, 5, 8, 1]
(2, (0, 0, 0), (1, 0)): [340631, 19967, 6758, 2147, 741, 198, 77, 22, 7, 0, 0, 0, 1]
(2, (0, 0, 0), (1, 1)): [337327, 16095, 5466, 1720, 613, 186, 71, 15, 5]
(2, (0, 0, 0), (1, 2)): [234343, 7990, 2761, 920, 314, 92, 28, 8, 1]
(2, (0, 0, 0), (2, 0)): [117896, 7771, 3133, 959, 336, 84, 31, 8, 3, 0, 0, 0, 1]
(2, (0, 0, 0), (2, 1)): [181813, 10091, 3875, 1132, 397, 117, 48, 12, 5]
(2, (0, 0, 0), (2, 2)): [197226, 8058, 3048, 954, 317, 97, 33, 8, 1]
(2, (0, 0, 0), (3, 0)): [36407, 2610, 1405, 442, 158, 38, 12, 4, 0, 0, 0, 0, 1]
(2, (0, 0, 0), (3, 1)): [75438, 5042, 2427, 761, 238, 67, 22, 8, 3]
(2, (0, 0, 0), (3, 2)): [113782, 5966, 2818, 863, 281, 90, 29, 8, 2]
(2, (0, 0, 1), (0, 0)): [170367, 49416, 10554, 3642, 1270, 434, 131, 45, 10, 7, 1, 2]
(2, (0, 0, 1), (0, 1)): [33273, 7808, 1749, 575, 189, 76, 18, 6, 1, 3]
(2, (0, 0, 1), (0, 2)): [13710, 2410, 523, 176, 56, 22, 7, 0, 0, 1]
(2, (0, 0, 1), (1, 0)): [35822, 9664, 2472, 983, 352, 109, 43, 17, 4, 2, 1, 1]
(2, (0, 0, 1), (1, 1)): [30505, 7459, 1702, 648, 210, 75, 19, 9, 1, 3]
(2, (0, 0, 1), (1, 2)): [21563, 4016, 868, 311, 116, 37, 8, 4, 0, 3]
(2, (0, 0, 1), (2, 0)): [15492, 4003, 1200, 550, 208, 61, 24, 9, 3, 1, 1, 1]
(2, (0, 0, 1), (2, 1)): [18123, 4599, 1229, 502, 169, 47, 21, 9, 0, 2]
(2, (0, 0, 1), (2, 2)): [19509, 3932, 973, 365, 128, 41, 10, 4, 0, 1]
(2, (0, 0, 1), (3, 0)): [7296, 1608, 581, 349, 120, 40, 14, 2, 3, 0, 1, 1]
(2, (0, 0, 1), (3, 1)): [8503, 2134, 693, 366, 115, 32, 15, 5, 1, 1, 1]
(2, (0, 0, 1), (3, 2)): [12303, 2709, 788, 372, 128, 34, 15, 3, 1, 2]
(2, (0, 1, 0), (0, 0)): [449583, 91855, 26115, 9295, 3122, 990, 321, 96, 24, 14, 7, 0, 1]
(2, (0, 1, 0), (0, 1)): [87739, 14969, 4292, 1374, 518, 148, 46, 11, 7, 4, 1]
(2, (0, 1, 0), (0, 2)): [35967, 4548, 1295, 380, 135, 31, 12, 2, 3, 1]
(2, (0, 1, 0), (1, 0)): [94082, 18382, 6256, 2639, 852, 255, 95, 33, 1, 2, 0, 0, 1]
(2, (0, 1, 0), (1, 1)): [79222, 14142, 4332, 1519, 548, 148, 63, 15, 4, 3, 1]
(2, (0, 1, 0), (1, 2)): [55897, 7610, 2200, 754, 260, 58, 31, 7, 2, 1]
(2, (0, 1, 0), (2, 0)): [41594, 7711, 2949, 1567, 519, 158, 49, 22, 1, 2, 0, 0, 1]
(2, (0, 1, 0), (2, 1)): [46309, 8614, 2875, 1154, 401, 113, 38, 8, 2, 3, 1, 0, 1]
(2, (0, 1, 0), (2, 2)): [49613, 7276, 2255, 875, 311, 80, 36, 10, 0, 2]
(2, (0, 1, 0), (3, 0)): [20766, 3277, 1456, 1032, 329, 104, 36, 20, 1, 2]
(2, (0, 1, 0), (3, 1)): [21316, 3987, 1552, 825, 287, 83, 30, 6, 2, 2, 1, 0, 1]
(2, (0, 1, 0), (3, 2)): [30987, 4853, 1739, 908, 308, 81, 44, 9, 0, 1, 0, 0, 1]
(2, (0, 1, 1), (0, 0)): [105150, 8744, 21626, 6366, 2512, 835, 272, 84, 26, 7, 5, 1, 0, 1]
(2, (0, 1, 1), (0, 1)): [21011, 1327, 3491, 1038, 366, 135, 38, 11, 1, 2]
(2, (0, 1, 1), (0, 2)): [9186, 448, 1103, 332, 127, 39, 14, 2, 0, 2]
(2, (0, 1, 1), (1, 0)): [22969, 2151, 4341, 1613, 734, 252, 81, 24, 6, 0, 3]
(2, (0, 1, 1), (1, 1)): [18603, 1306, 3276, 1049, 396, 151, 39, 13, 4, 0, 1]
(2, (0, 1, 1), (1, 2)): [14243, 778, 1889, 548, 219, 74, 19, 4, 1, 2, 1]
(2, (0, 1, 1), (2, 0)): [10903, 1200, 1955, 825, 476, 154, 49, 17, 2, 0, 2]
(2, (0, 1, 1), (2, 1)): [10891, 843, 1984, 695, 323, 102, 28, 9, 3, 0, 1]
(2, (0, 1, 1), (2, 2)): [12708, 814, 1776, 606, 236, 88, 19, 5, 3, 1]
(2, (0, 1, 1), (3, 0)): [6225, 802, 987, 477, 322, 123, 33, 14, 1, 0, 1]
(2, (0, 1, 1), (3, 1)): [5026, 477, 926, 358, 218, 71, 23, 9, 1, 0, 1]
(2, (0, 1, 1), (3, 2)): [7932, 643, 1213, 457, 222, 92, 19, 9, 4, 1]
(2, (1, 0, 0), (0, 0)): [935065, 67280, 45811, 14653, 4805, 1523, 567, 172, 41, 16, 7, 2, 1]
(2, (1, 0, 0), (0, 1)): [182437, 11017, 7698, 2481, 817, 281, 99, 38, 10, 2, 0, 2]
(2, (1, 0, 0), (0, 2)): [71271, 3123, 2098, 701, 220, 64, 27, 11, 4, 0, 0, 1]
(2, (1, 0, 0), (1, 0)): [165113, 13540, 9850, 3418, 1156, 325, 128, 36, 10, 2, 0, 0, 1]
(2, (1, 0, 0), (1, 1)): [147746, 9893, 7044, 2425, 787, 242, 93, 26, 7, 2]
(2, (1, 0, 0), (1, 2)): [99645, 4983, 3292, 1206, 370, 102, 39, 12, 4, 1, 0, 1]
(2, (1, 0, 0), (2, 0)): [55073, 5219, 3682, 1491, 514, 149, 56, 21, 7, 2, 0, 0, 1]
(2, (1, 0, 0), (2, 1)): [76029, 5844, 4242, 1589, 527, 165, 60, 16, 6, 0, 0, 0, 1]
(2, (1, 0, 0), (2, 2)): [77455, 4689, 3078, 1179, 394, 113, 46, 12, 4, 1]
(2, (1, 0, 0), (3, 0)): [16210, 1986, 1152, 657, 219, 66, 23, 11, 3, 2]
(2, (1, 0, 0), (3, 1)): [30390, 3106, 2038, 1018, 296, 91, 33, 9, 4, 1, 0, 0, 1]
(2, (1, 0, 0), (3, 2)): [41127, 3507, 2152, 1036, 338, 103, 34, 14, 1, 1, 0, 0, 1]
(2, (1, 0, 1), (0, 0)): [164786, 37995, 15065, 9744, 3240, 1034, 355, 110, 36, 13, 2, 4, 2]
(2, (1, 0, 1), (0, 1)): [34007, 6380, 2361, 1663, 555, 183, 65, 20, 8, 2, 1, 1, 1]
(2, (1, 0, 1), (0, 2)): [14090, 1918, 713, 461, 171, 49, 15, 8, 1, 1]
(2, (1, 0, 1), (1, 0)): [31227, 6827, 3135, 2231, 832, 231, 84, 20, 3, 3, 0, 1]
(2, (1, 0, 1), (1, 1)): [27783, 5401, 2273, 1605, 578, 180, 65, 18, 6, 3, 1, 2, 1]
(2, (1, 0, 1), (1, 2)): [19655, 2850, 1184, 763, 294, 95, 35, 10, 4, 1, 0, 1]
(2, (1, 0, 1), (2, 0)): [11156, 2345, 1286, 861, 364, 103, 36, 11, 3]
(2, (1, 0, 1), (2, 1)): [14713, 2874, 1431, 952, 404, 119, 39, 13, 1, 2, 0, 1]
(2, (1, 0, 1), (2, 2)): [15265, 2290, 1106, 708, 274, 100, 38, 10, 4, 0, 0, 1]
(2, (1, 0, 1), (3, 0)): [3758, 717, 524, 311, 156, 48, 20, 3, 3]
(2, (1, 0, 1), (3, 1)): [6274, 1160, 741, 479, 264, 57, 30, 5, 4, 2]
(2, (1, 0, 1), (3, 2)): [8449, 1222, 857, 506, 251, 78, 25, 9, 5, 1]
(2, (1, 1, 0), (0, 0)): [366422, 54392, 27612, 19804, 6378, 2039, 688, 234, 70, 32, 11, 4, 2, 1]
(2, (1, 1, 0), (0, 1)): [75739, 9303, 4526, 3475, 1075, 316, 112, 42, 6, 6, 2, 2, 1]
(2, (1, 1, 0), (0, 2)): [31913, 2787, 1364, 1012, 324, 87, 33, 15, 2, 3]
(2, (1, 1, 0), (1, 0)): [65680, 9898, 5562, 4297, 1547, 456, 163, 51, 19, 6, 1, 1]
(2, (1, 1, 0), (1, 1)): [62039, 8134, 4256, 3244, 1019, 337, 97, 37, 10, 6, 2, 3, 1]
(2, (1, 1, 0), (1, 2)): [45329, 4329, 2265, 1648, 518, 163, 38, 20, 6, 1, 1, 2]
(2, (1, 1, 0), (2, 0)): [22465, 3486, 2231, 1650, 785, 207, 82, 25, 9, 3]
(2, (1, 1, 0), (2, 1)): [32361, 4429, 2647, 1993, 776, 216, 79, 27, 7, 5, 0, 0, 1]
(2, (1, 1, 0), (2, 2)): [35915, 3754, 2195, 1577, 578, 158, 53, 22, 11, 1, 1, 1]
(2, (1, 1, 0), (3, 0)): [7072, 1084, 913, 539, 373, 106, 38, 12, 6, 2]
(2, (1, 1, 0), (3, 1)): [13534, 1918, 1477, 1008, 536, 140, 52, 11, 5, 2, 0, 0, 1]
(2, (1, 1, 0), (3, 2)): [19814, 2298, 1794, 1133, 574, 129, 51, 17, 8, 1, 1]
(2, (1, 1, 1), (0, 0)): [109275, 15908, 17998, 9000, 6954, 2155, 734, 247, 82, 21, 10, 4, 1, 1]
(2, (1, 1, 1), (0, 1)): [25171, 2605, 3243, 1600, 1271, 399, 141, 40, 20, 5, 3, 0, 1]
(2, (1, 1, 1), (0, 2)): [11351, 839, 987, 485, 363, 109, 48, 8, 4, 1, 2]
(2, (1, 1, 1), (1, 0)): [18472, 4136, 3471, 1904, 1580, 495, 170, 61, 18, 5, 1, 2]
(2, (1, 1, 1), (1, 1)): [19422, 2752, 2866, 1526, 1195, 383, 133, 42, 18, 5, 1, 0, 1]
(2, (1, 1, 1), (1, 2)): [15392, 1461, 1555, 777, 598, 213, 72, 17, 5, 3, 2]
(2, (1, 1, 1), (2, 0)): [5164, 2344, 1215, 772, 640, 213, 69, 27, 7, 3, 0, 2]
(2, (1, 1, 1), (2, 1)): [8740, 2215, 1598, 997, 759, 262, 87, 25, 10, 2, 0, 0, 1]
(2, (1, 1, 1), (2, 2)): [10990, 1693, 1375, 803, 600, 222, 78, 19, 6, 4, 2]
(2, (1, 1, 1), (3, 0)): [885, 1431, 365, 321, 201, 100, 35, 16, 4, 3, 0, 1]
(2, (1, 1, 1), (3, 1)): [2504, 1853, 657, 549, 401, 148, 57, 14, 5, 3, 0, 1]
(2, (1, 1, 1), (3, 2)): [4679, 1910, 839, 716, 449, 192, 68, 18, 5, 3, 2]
