(0, (0, 0, 0)): [204304, 39354, 17454, 7855, 3484, 1450, 611, 247, 90, 31, 24, 1, 1, 1, 2]
(0, (0, 0, 1)): [1214, 3454, 980, 452, 201, 79, 43, 24, 5, 1, 2]
(0, (0, 1, 0)): [6656, 6513, 2319, 1079, 540, 220, 83, 22, 18, 8, 4]
(0, (0, 1, 1)): [567, 985, 1295, 577, 291, 136, 60, 19, 11, 5, 1, 0, 0, 0, 1]
(0, (1, 0, 0)): [46351, 16417, 9261, 4587, 2080, 911, 401, 158, 61, 18, 18, 1, 1, 1, 2]
(0, (1, 0, 1)): [1098, 2757, 1335, 822, 461, 192, 102, 43, 16, 4, 3, 0, 0, 0, 1]
(0, (1, 1, 0)): [5875, 3898, 3224, 2097, 1105, 509, 229, 89, 32, 16, 14, 1, 1, 1]
(0, (1, 1, 1)): [664, 1093, 955, 842, 626, 303, 141, 72, 32, 20, 10, 1, 1, 0, 1]
(1, (0, 0, 0)): [160660, 16070, 6325, 2374, 960, 382, 123, 63, 11, 6, 3]
(1, (0, 0, 1)): [6213, 9311, 1739, 720, 314, 115, 45, 21, 8, 1, 0, 1]
(1, (0, 1, 0)): [25909, 12403, 3998, 1574, 620, 260, 85, 33, 9, 3]
(1, (0, 1, 1)): [4275, 3535, 3743, 1428, 574, 232, 79, 27, 8, 3, 2, 1, 0, 1]
(1, (1, 0, 0)): [64827, 12246, 6645, 2821, 1111, 467, 134, 74, 16, 7, 4, 0, 0, 1]
(1, (1, 0, 1)): [4865, 6036, 2233, 1285, 551, 221, 67, 34, 9, 4, 1]
(1, (1, 1, 0)): [16052, 5015, 3570, 2275, 960, 390, 130, 56, 17, 6, 2, 0, 0, 2]
(1, (1, 1, 1)): [3046, 2523, 1631, 1245, 776, 349, 127, 61, 15, 5, 1, 0, 0, 1]
(2, (0, 0, 0)): [138648, 5265, 1658, 517, 175, 53, 17, 9, 1, 1, 1]
(2, (0, 0, 1)): [17644, 6294, 983, 307, 103, 26, 11, 3]
(2, (0, 1, 0)): [42080, 9423, 2214, 682, 201, 65, 25, 9, 1, 1]
(2, (0, 1, 1)): [10707, 1009, 2502, 634, 203, 69, 18, 3, 3, 0, 1]
(2, (1, 0, 0)): [78735, 6018, 2793, 915, 272, 90, 30, 15, 3, 0, 1]
(2, (1, 0, 1)): [12411, 3575, 1589, 637, 201, 61, 21, 7, 3, 0, 0, 1]
(2, (1, 1, 0)): [24732, 3683, 2000, 1141, 319, 114, 29, 12, 4, 1, 2, 0, 0, 1]
(2, (1, 1, 1)): [7417, 1179, 1225, 692, 408, 117, 39, 12, 5, 2, 2, 0, 0, 1]
