(0, (0, 0, 0)): [489605, 100192, 47064, 21773, 9834, 4312, 1830, 772, 319, 152, 67, 25, 15, 3, 2]
(0, (0, 0, 1)): [2367, 7818, 2181, 1031, 508, 208, 104, 55, 22, 8, 4, 1, 3]
(0, (0, 1, 0)): [16152, 16625, 6377, 3012, 1526, 688, 288, 122, 56, 33, 11, 4, 2]
(0, (0, 1, 1)): [1441, 2619, 3444, 1562, 815, 386, 172, 75, 42, 15, 6, 2, 0, 1, 1]
(0, (1, 0, 0)): [109532, 39048, 24091, 12105, 5764, 2618, 1121, 490, 204, 102, 47, 16, 9, 3, 2]
(0, (1, 0, 1)): [2584, 8080, 3611, 2408, 1312, 617, 324, 132, 60, 27, 12, 8, 2, 0, 1]
(0, (1, 1, 0)): [14475, 9737, 8079, 5446, 2942, 1375, 606, 298, 115, 59, 32, 8, 5, 1]
(0, (1, 1, 1)): [1503, 2762, 2415, 1981, 1549, 779, 365, 180, 80, 42, 22, 5, 1, 1, 1]
(1, (0, 0, 0)): [387661, 42213, 17580, 6990, 2781, 1116, 436, 178, 66, 23, 10, 6, 2]
(1, (0, 0, 1)): [12771, 20189, 3962, 1645, 714, 284, 123, 62, 23, 9, 6, 3, 2]
(1, (0, 1, 0)): [57271, 28458, 9660, 3992, 1639, 698, 248, 109, 33, 21, 5, 5, 3]
(1, (0, 1, 1)): [9783, 8485, 8616, 3335, 1547, 626, 242, 97, 51, 17, 7, 4, 1, 1]
(1, (1, 0, 0)): [159090, 30445, 18232, 7970, 3201, 1342, 503, 198, 84, 35, 14, 10, 2, 2]
(1, (1, 0, 1)): [12650, 16304, 5703, 3586, 1508, 658, 243, 96, 36, 27, 10, 2]
(1, (1, 1, 0)): [41182, 13185, 9661, 6342, 2781, 1197, 463, 184, 69, 28, 8, 6, 1, 3]
(1, (1, 1, 1)): [8202, 6824, 4492, 3220, 2180, 976, 401, 159, 62, 24, 8, 4, 1, 1]
(2, (0, 0, 0)): [333026, 14269, 4849, 1523, 536, 202, 70, 28, 6, 1, 2]
(2, (0, 0, 1)): [38544, 13117, 2330, 779, 268, 100, 39, 11, 1, 1, 0, 1]
(2, (0, 1, 0)): [93489, 22009, 5339, 1788, 576, 205, 72, 20, 5, 1]
(2, (0, 1, 1)): [23427, 2091, 5676, 1475, 549, 192, 61, 20, 10, 3, 1]
(2, (1, 0, 0)): [195202, 15249, 8356, 2766, 914, 305, 118, 40, 11, 2, 3]
(2, (1, 0, 1)): [33243, 9015, 3884, 1982, 628, 237, 77, 32, 11, 1, 0, 1]
(2, (1, 1, 0)): [68101, 10726, 5907, 3481, 1103, 404, 124, 39, 18, 6, 4, 0, 0, 1]
(2, (1, 1, 1)): [20276, 3061, 3555, 1898, 1258, 430, 142, 48, 21, 4, 4, 0, 0, 1]
