(0, (0, 0, 0)): [15604, 3434, 1563, 764, 349, 167, 76, 28, 12, 2, 5, 1, 0, 0, 1]
(0, (0, 0, 1)): [76, 272, 73, 44, 17, 9, 4, 4, 1]
(0, (0, 1, 0)): [518, 521, 196, 103, 58, 25, 11, 1, 6, 1]
(0, (0, 1, 1)): [50, 81, 120, 50, 31, 16, 7, 0, 1, 1]
(0, (1, 0, 0)): [3566, 1344, 830, 432, 203, 106, 54, 16, 5, 1, 4, 1, 0, 0, 1]
(0, (1, 0, 1)): [91, 266, 116, 79, 51, 21, 6, 5, 1, 0, 0, 0, 0, 0, 1]
(0, (1, 1, 0)): [483, 316, 293, 216, 105, 61, 31, 9, 4, 1, 3, 1, 0, 1]
(0, (1, 1, 1)): [43, 87, 82, 73, 65, 32, 17, 8, 3, 3, 2, 1]
(1, (0, 0, 0)): [12263, 1408, 569, 241, 97, 45, 19, 8, 0, 0, 1]
(1, (0, 0, 1)): [418, 725, 133, 78, 28, 12, 8, 0, 2]
(1, (0, 1, 0)): [1802, 990, 335, 129, 63, 33, 10, 3, 0, 1]
(1, (0, 1, 1)): [327, 291, 313, 139, 47, 28, 10, 4, 1, 0, 0, 1, 0, 1]
(1, (1, 0, 0)): [5310, 988, 644, 271, 113, 53, 15, 11, 1, 0, 1]
(1, (1, 0, 1)): [437, 570, 221, 111, 60, 28, 5, 6]
(1, (1, 1, 0)): [1398, 435, 316, 207, 101, 46, 15, 7, 1, 1, 2]
(1, (1, 1, 1)): [238, 204, 145, 109, 74, 32, 12, 9, 3, 2, 1, 0, 0, 1]
(2, (0, 0, 0)): [10503, 495, 143, 61, 20, 9, 2, 1]
(2, (0, 0, 1)): [1325, 516, 78, 35, 14, 5, 2]
(2, (0, 1, 0)): [2974, 711, 176, 61, 26, 8, 5]
(2, (0, 1, 1)): [839, 65, 203, 68, 19, 13, 1, 0, 1]
(2, (1, 0, 0)): [6477, 504, 253, 107, 32, 13, 3, 1]
(2, (1, 0, 1)): [1169, 327, 127, 76, 22, 5, 1, 2, 1]
(2, (1, 1, 0)): [2184, 339, 167, 135, 46, 18, 6, 0, 0, 0, 1]
(2, (1, 1, 1)): [587, 84, 112, 66, 56, 20, 1, 1, 0, 0, 1]
