(0, (0, 0, 0)): [1247247, 247633, 114187, 51966, 23096, 9895, 4059, 1715, 682, 313, 136, 59, 28, 10, 3, 1, 0, 1]
(0, (0, 0, 1)): [5486, 16108, 4377, 2072, 993, 424, 186, 93, 36, 20, 7, 1, 3, 2]
(0, (0, 1, 0)): [42922, 39734, 15408, 7385, 3551, 1521, 643, 274, 111, 65, 23, 5, 3, 2, 1]
(0, (0, 1, 1)): [3745, 6192, 7558, 3500, 1844, 854, 362, 174, 84, 37, 10, 6, 1, 2, 1, 0, 0, 1]
(0, (1, 0, 0)): [269969, 90148, 56582, 27934, 13250, 5953, 2482, 1080, 446, 205, 91, 38, 19, 4, 2, 1, 0, 1]
(0, (1, 0, 1)): [6436, 19123, 7888, 5373, 2848, 1296, 633, 265, 122, 50, 25, 12, 5, 1, 1, 0, 0, 1]
(0, (1, 1, 0)): [36650, 23500, 17971, 12632, 6691, 3178, 1352, 645, 256, 125, 57, 24, 9, 1]
(0, (1, 1, 1)): [3695, 6828, 5646, 4313, 3375, 1692, 786, 396, 173, 77, 37, 14, 4, 1, 1]
(1, (0, 0, 0)): [1005412, 108235, 44356, 17520, 6822, 2626, 991, 387, 145, 58, 26, 14, 6, 3, 0, 1]
(1, (0, 0, 1)): [28501, 40754, 7967, 3377, 1426, 569, 226, 96, 41, 15, 7, 4, 4, 1]
(1, (0, 1, 0)): [137190, 61896, 21992, 9298, 3759, 1495, 508, 238, 66, 34, 20, 7, 8, 2, 1]
(1, (0, 1, 1)): [22616, 18177, 16905, 6688, 3375, 1335, 522, 212, 98, 32, 10, 7, 1, 2, 0, 1]
(1, (1, 0, 0)): [388937, 69287, 43683, 18602, 7514, 2987, 1155, 426, 190, 76, 30, 20, 4, 3, 0, 2]
(1, (1, 0, 1)): [30974, 36611, 11966, 7766, 3309, 1357, 527, 218, 76, 48, 13, 5, 0, 1]
(1, (1, 1, 0)): [105622, 32753, 22155, 15521, 6554, 2730, 1068, 430, 173, 68, 25, 13, 8, 5, 1]
(1, (1, 1, 1)): [21800, 17231, 11126, 7378, 5279, 2266, 912, 351, 140, 54, 19, 15, 6, 3, 1, 1]
(2, (0, 0, 0)): [870024, 38709, 12914, 4123, 1373, 452, 158, 50, 9, 5, 5, 0, 1]
(2, (0, 0, 1)): [81983, 25954, 4957, 1690, 606, 203, 60, 18, 3, 2, 0, 1]
(2, (0, 1, 0)): [217727, 47203, 12329, 4291, 1388, 472, 148, 43, 9, 7, 5, 0, 1]
(2, (0, 1, 1)): [50523, 4430, 11288, 3018, 1175, 372, 128, 44, 17, 4, 3, 1, 0, 1]
(2, (1, 0, 0)): [472267, 34325, 21530, 6878, 2192, 705, 278, 76, 17, 10, 6, 0, 1]
(2, (1, 0, 1)): [79025, 19581, 7796, 4502, 1443, 485, 172, 55, 20, 7, 0, 2, 1]
(2, (1, 1, 0)): [181287, 27956, 14147, 9368, 2975, 991, 316, 104, 39, 18, 7, 1, 2, 1]
(2, (1, 1, 1)): [52738, 7720, 8876, 4450, 3150, 1001, 338, 116, 40, 8, 6, 0, 1, 1]
