(0, (0, 0, 0)): [2142654, 438660, 201785, 92468, 41520, 17828, 7421, 2992, 1219, 521, 241, 113, 38, 21, 6, 1, 1, 1]
(0, (0, 0, 1)): [8069, 24977, 6861, 3333, 1593, 693, 309, 125, 51, 29, 19, 3, 4, 3]
(0, (0, 1, 0)): [78986, 74402, 29169, 14460, 6883, 2985, 1296, 521, 216, 113, 41, 17, 6, 6, 3, 0, 1]
(0, (0, 1, 1)): [6306, 11108, 13232, 6170, 3234, 1564, 670, 288, 148, 64, 19, 13, 3, 4, 2, 0, 1, 1]
(0, (1, 0, 0)): [451215, 150389, 97202, 48440, 23217, 10455, 4351, 1859, 781, 334, 166, 65, 25, 16, 4, 1, 1, 1]
(0, (1, 0, 1)): [10619, 32404, 13241, 9413, 4964, 2311, 1090, 436, 216, 87, 48, 19, 8, 3, 2, 0, 0, 1]
(0, (1, 1, 0)): [63996, 40578, 30249, 21953, 11701, 5507, 2353, 1081, 450, 207, 101, 37, 13, 5, 1, 0, 1]
(0, (1, 1, 1)): [6144, 12079, 9751, 7125, 5825, 2927, 1351, 639, 308, 133, 66, 23, 7, 4, 1, 0, 1]
(1, (0, 0, 0)): [1747707, 195270, 79932, 31771, 12489, 4766, 1859, 659, 234, 95, 36, 23, 7, 3, 0, 1]
(1, (0, 0, 1)): [48020, 69191, 13786, 6022, 2462, 1020, 393, 142, 71, 25, 14, 8, 4, 2]
(1, (0, 1, 0)): [238372, 104059, 38339, 16675, 6736, 2714, 942, 416, 124, 60, 32, 10, 10, 2, 1]
(1, (0, 1, 1)): [37188, 31378, 27431, 11122, 5750, 2247, 900, 357, 158, 53, 17, 8, 2, 2, 0, 1]
(1, (1, 0, 0)): [654528, 116029, 75986, 32475, 13311, 5294, 2089, 756, 296, 123, 48, 32, 5, 3, 0, 2]
(1, (1, 0, 1)): [53319, 60931, 19681, 13383, 5824, 2391, 939, 372, 129, 74, 22, 7, 1, 1]
(1, (1, 1, 0)): [183678, 55683, 37191, 27129, 11432, 4744, 1859, 744, 285, 114, 44, 25, 9, 5, 1]
(1, (1, 1, 1)): [37575, 30173, 18964, 12391, 9428, 3988, 1641, 625, 249, 89, 30, 21, 9, 4, 1, 1]
(2, (0, 0, 0)): [1525120, 71919, 23974, 7606, 2555, 816, 280, 93, 19, 8, 5, 0, 1]
(2, (0, 0, 1)): [144757, 42934, 9004, 3074, 1100, 374, 106, 36, 8, 5, 0, 2]
(2, (0, 1, 0)): [381039, 79335, 22104, 7831, 2636, 865, 274, 83, 19, 12, 7, 0, 1]
(2, (0, 1, 1)): [88070, 7486, 18618, 5345, 2115, 691, 224, 72, 23, 6, 4, 1, 0, 1]
(2, (1, 0, 0)): [792512, 57597, 38392, 12225, 4056, 1296, 492, 141, 36, 15, 7, 1, 1]
(2, (1, 0, 1)): [139485, 32856, 13037, 8208, 2744, 886, 301, 89, 30, 10, 2, 4, 1]
(2, (1, 1, 0)): [312146, 47030, 23850, 16675, 5410, 1754, 594, 195, 64, 28, 10, 2, 2, 1]
(2, (1, 1, 1)): [92361, 13475, 15340, 7748, 5826, 1801, 614, 202, 67, 16, 10, 4, 1, 1]
