(0, (0, 0, 0)): [1410725, 280844, 129123, 58510, 25930, 11068, 4555, 1909, 759, 342, 148, 64, 30, 10, 3, 1, 0, 1]
(0, (0, 0, 1)): [6092, 18051, 4940, 2319, 1130, 475, 214, 96, 36, 21, 9, 2, 3, 2]
(0, (0, 1, 0)): [49650, 45967, 17859, 8547, 4136, 1751, 739, 316, 129, 74, 27, 6, 3, 2, 1]
(0, (0, 1, 1)): [4196, 7045, 8477, 3928, 2078, 969, 415, 194, 97, 43, 10, 6, 2, 2, 1, 0, 0, 1]
(0, (1, 0, 0)): [303364, 101611, 63716, 31404, 14829, 6640, 2763, 1197, 499, 223, 101, 40, 21, 4, 2, 1, 0, 1]
(0, (1, 0, 1)): [7247, 21719, 8937, 6087, 3208, 1452, 702, 289, 139, 56, 29, 13, 5, 1, 1, 0, 0, 1]
(0, (1, 1, 0)): [41412, 26489, 20037, 14110, 7487, 3537, 1495, 715, 289, 137, 63, 24, 10, 1]
(0, (1, 1, 1)): [4107, 7649, 6273, 4781, 3756, 1874, 862, 434, 190, 83, 41, 14, 4, 1, 1]
(1, (0, 0, 0)): [1140815, 123135, 50376, 19819, 7653, 2941, 1132, 423, 159, 64, 26, 15, 6, 3, 0, 1]
(1, (0, 0, 1)): [32143, 46164, 9054, 3817, 1603, 640, 256, 103, 44, 16, 9, 5, 4, 1]
(1, (0, 1, 0)): [156106, 69743, 24948, 10561, 4240, 1672, 573, 266, 77, 37, 20, 8, 8, 2, 1]
(1, (0, 1, 1)): [25190, 20460, 18668, 7422, 3767, 1490, 577, 228, 109, 36, 11, 7, 2, 2, 0, 1]
(1, (1, 0, 0)): [437004, 77938, 49145, 20820, 8393, 3328, 1309, 469, 204, 84, 31, 21, 4, 3, 0, 2]
(1, (1, 0, 1)): [34893, 41134, 13278, 8761, 3737, 1529, 610, 239, 82, 51, 13, 5, 0, 1]
(1, (1, 1, 0)): [119146, 36877, 24783, 17353, 7307, 3016, 1183, 473, 200, 73, 26, 14, 8, 5, 1]
(1, (1, 1, 1)): [24369, 19312, 12375, 8210, 5892, 2514, 1023, 385, 163, 60, 20, 15, 7, 3, 1, 1]
(2, (0, 0, 0)): [989026, 44136, 14800, 4715, 1542, 517, 173, 53, 10, 6, 5, 0, 1]
(2, (0, 0, 1)): [92965, 29090, 5639, 1909, 676, 223, 66, 22, 3, 2, 0, 1]
(2, (0, 1, 0)): [246983, 53053, 14016, 4872, 1584, 540, 164, 47, 11, 8, 5, 0, 1]
(2, (0, 1, 1)): [56542, 4939, 12552, 3348, 1316, 413, 144, 49, 18, 4, 3, 1, 0, 1]
(2, (1, 0, 0)): [530538, 38497, 24430, 7749, 2452, 793, 309, 86, 18, 11, 6, 0, 1]
(2, (1, 0, 1)): [89419, 21974, 8684, 5095, 1639, 553, 190, 59, 21, 7, 0, 2, 1]
(2, (1, 1, 0)): [204441, 31342, 15833, 10534, 3354, 1111, 360, 117, 43, 19, 7, 1, 2, 1]
(2, (1, 1, 1)): [59025, 8615, 9979, 4936, 3515, 1123, 377, 126, 43, 9, 6, 0, 1, 1]
