(0, (0, 0, 0), (0, 0)): [30194, 5868, 2865, 1323, 617, 246, 127, 51, 12, 10, 3, 0, 0, 0, 1]
(0, (0, 0, 0), (0, 1)): [16271, 2897, 1427, 658, 300, 103, 59, 23, 7, 5, 0, 0, 0, 0, 1]
(0, (0, 0, 0), (0, 2)): [7067, 1158, 523, 256, 111, 36, 21, 14, 3, 3]
(0, (0, 0, 0), (1, 0)): [10742, 2205, 1101, 514, 236, 109, 50, 20, 2, 5, 3]
(0, (0, 0, 0), (1, 1)): [12244, 2233, 1155, 530, 231, 85, 44, 17, 5, 5, 1, 0, 0, 0, 1]
(0, (0, 0, 0), (1, 2)): [9945, 1610, 785, 375, 160, 57, 24, 13, 4, 3]
(0, (0, 0, 0), (2, 0)): [3349, 726, 379, 189, 86, 45, 19, 7, 0, 1, 2]
(0, (0, 0, 0), (2, 1)): [5772, 1177, 628, 295, 128, 62, 28, 7, 3, 2]
(0, (0, 0, 0), (2, 2)): [7788, 1349, 701, 329, 146, 59, 29, 8, 0, 4]
(0, (0, 0, 0), (3, 0)): [938, 224, 122, 77, 36, 12, 8, 6, 0, 0, 1]
(0, (0, 0, 0), (3, 1)): [2190, 495, 288, 138, 68, 30, 13, 8, 2, 1, 1]
(0, (0, 0, 0), (3, 2)): [4096, 809, 458, 250, 100, 43, 19, 7, 1, 4, 1]
(0, (0, 0, 1), (0, 0)): [74, 202, 58, 38, 13, 8, 4, 2]
(0, (0, 0, 1), (0, 1)): [39, 104, 26, 15, 4, 6, 2, 1]
(0, (0, 0, 1), (0, 2)): [17, 41, 13, 8, 2, 4, 0, 1]
(0, (0, 0, 1), (1, 0)): [24, 77, 25, 19, 7, 2, 1]
(0, (0, 0, 1), (1, 1)): [26, 90, 24, 13, 4, 2, 2]
(0, (0, 0, 1), (1, 2)): [26, 69, 19, 9, 3, 2]
(0, (0, 0, 1), (2, 0)): [8, 20, 6, 12, 3]
(0, (0, 0, 1), (2, 1)): [12, 39, 11, 12, 1, 2, 1]
(0, (0, 0, 1), (2, 2)): [19, 47, 16, 9, 3, 2, 1]
(0, (0, 0, 1), (3, 0)): [2, 7, 1, 3, 1]
(0, (0, 0, 1), (3, 1)): [3, 22, 3, 9, 1]
(0, (0, 0, 1), (3, 2)): [10, 24, 6, 12, 0, 2]
(0, (0, 1, 0), (0, 0)): [1079, 946, 392, 218, 88, 43, 22, 12, 4]
(0, (0, 1, 0), (0, 1)): [529, 439, 186, 97, 39, 23, 13, 5, 2]
(0, (0, 1, 0), (0, 2)): [240, 153, 70, 35, 11, 8, 3, 3]
(0, (0, 1, 0), (1, 0)): [428, 380, 162, 90, 41, 15, 9, 6, 2]
(0, (0, 1, 0), (1, 1)): [431, 373, 175, 93, 34, 16, 10, 4, 1]
(0, (0, 1, 0), (1, 2)): [358, 254, 117, 71, 18, 8, 7, 5]
(0, (0, 1, 0), (2, 0)): [157, 136, 53, 36, 20, 7, 3, 3, 2]
(0, (0, 1, 0), (2, 1)): [242, 198, 94, 47, 23, 11, 4, 3, 1]
(0, (0, 1, 0), (2, 2)): [302, 193, 94, 60, 17, 8, 6, 6, 1]
(0, (0, 1, 0), (3, 0)): [55, 38, 12, 16, 9, 2, 1, 1, 2]
(0, (0, 1, 0), (3, 1)): [109, 90, 48, 27, 15, 5, 5, 1]
(0, (0, 1, 0), (3, 2)): [194, 128, 66, 43, 10, 10, 3, 4]
(0, (0, 1, 1), (0, 0)): [93, 148, 177, 89, 53, 18, 11, 6, 1, 2, 0, 1]
(0, (0, 1, 1), (0, 1)): [54, 72, 85, 43, 22, 9, 8, 1, 1, 1, 0, 1]
(0, (0, 1, 1), (0, 2)): [23, 27, 29, 20, 10, 2, 2, 0, 0, 0, 0, 1]
(0, (0, 1, 1), (1, 0)): [33, 53, 67, 32, 23, 9, 3, 3, 0, 1]
(0, (0, 1, 1), (1, 1)): [42, 52, 67, 27, 23, 9, 4, 1, 1, 1]
(0, (0, 1, 1), (1, 2)): [33, 45, 43, 23, 10, 9, 3, 0, 1, 0, 0, 1]
(0, (0, 1, 1), (2, 0)): [13, 20, 28, 14, 5, 3, 1, 1]
(0, (0, 1, 1), (2, 1)): [22, 16, 42, 11, 13, 2, 2, 2]
(0, (0, 1, 1), (2, 2)): [31, 28, 37, 19, 12, 7, 2, 1]
(0, (0, 1, 1), (3, 0)): [4, 12, 4, 6, 3, 2, 1]
(0, (0, 1, 1), (3, 1)): [4, 9, 15, 8, 6, 2, 0, 1]
(0, (0, 1, 1), (3, 2)): [18, 15, 14, 12, 10, 3, 2, 2]
(0, (1, 0, 0), (0, 0)): [5743, 1524, 1341, 652, 347, 137, 63, 27, 6, 9, 2, 0, 0, 0, 1]
(0, (1, 0, 0), (0, 1)): [2922, 702, 606, 316, 153, 68, 25, 12, 2, 3, 2]
(0, (1, 0, 0), (0, 2)): [1291, 282, 236, 131, 61, 21, 7, 4, 2, 1]
(0, (1, 0, 0), (1, 0)): [2032, 624, 536, 258, 148, 54, 29, 10, 4, 4, 0, 0, 0, 0, 1]
(0, (1, 0, 0), (1, 1)): [2097, 531, 489, 236, 118, 43, 31, 13, 2, 2, 1]
(0, (1, 0, 0), (1, 2)): [1637, 360, 313, 191, 87, 34, 14, 7, 2, 1, 1]
(0, (1, 0, 0), (2, 0)): [628, 234, 177, 93, 62, 27, 6, 1, 1, 2]
(0, (1, 0, 0), (2, 1)): [976, 297, 256, 106, 71, 23, 19, 7, 0, 1]
(0, (1, 0, 0), (2, 2)): [1171, 308, 270, 128, 64, 28, 15, 7, 1, 0, 1]
(0, (1, 0, 0), (3, 0)): [178, 79, 48, 34, 22, 9, 1, 0, 1]
(0, (1, 0, 0), (3, 1)): [385, 129, 105, 47, 37, 13, 6, 2, 0, 1]
(0, (1, 0, 0), (3, 2)): [577, 186, 157, 78, 50, 18, 10, 5, 1, 1, 1]
(0, (1, 0, 1), (0, 0)): [98, 332, 145, 124, 56, 35, 12, 7, 1, 4, 2]
(0, (1, 0, 1), (0, 1)): [44, 176, 57, 60, 23, 13, 3, 3, 0, 3, 1]
(0, (1, 0, 1), (0, 2)): [24, 73, 24, 24, 8, 5, 2, 3]
(0, (1, 0, 1), (1, 0)): [47, 111, 61, 48, 27, 14, 6, 3, 1, 1]
(0, (1, 0, 1), (1, 1)): [36, 115, 46, 36, 26, 8, 3, 1, 1, 2]
(0, (1, 0, 1), (1, 2)): [30, 85, 33, 31, 10, 2, 3, 2]
(0, (1, 0, 1), (2, 0)): [17, 31, 18, 20, 9, 8, 2, 1, 0, 1]
(0, (1, 0, 1), (2, 1)): [23, 54, 23, 25, 12, 7, 1, 2, 0, 1]
(0, (1, 0, 1), (2, 2)): [26, 59, 29, 24, 10, 4, 2, 3, 0, 1]
(0, (1, 0, 1), (3, 0)): [3, 10, 4, 4, 4, 3, 2]
(0, (1, 0, 1), (3, 1)): [9, 23, 9, 12, 5, 5, 1, 1]
(0, (1, 0, 1), (3, 2)): [19, 41, 17, 14, 9, 6, 1, 2]
(0, (1, 1, 0), (0, 0)): [910, 507, 389, 293, 186, 82, 27, 15, 8, 3, 0, 0, 0, 0, 1]
(0, (1, 1, 0), (0, 1)): [492, 237, 195, 138, 89, 37, 11, 8, 4, 2]
(0, (1, 1, 0), (0, 2)): [226, 94, 68, 48, 31, 14, 2, 4, 1]
(0, (1, 1, 0), (1, 0)): [291, 189, 136, 114, 71, 34, 11, 5, 2, 0, 0, 0, 0, 0, 1]
(0, (1, 1, 0), (1, 1)): [352, 173, 137, 105, 67, 30, 5, 6, 4, 2, 0, 0, 0, 0, 1]
(0, (1, 1, 0), (1, 2)): [280, 130, 95, 69, 38, 22, 3, 5, 4, 1]
(0, (1, 1, 0), (2, 0)): [75, 75, 55, 42, 30, 8, 5, 1]
(0, (1, 1, 0), (2, 1)): [159, 88, 66, 58, 39, 16, 4, 3, 0, 0, 0, 0, 0, 0, 1]
(0, (1, 1, 0), (2, 2)): [216, 100, 74, 54, 41, 13, 4, 3, 1, 0, 0, 0, 0, 0, 1]
(0, (1, 1, 0), (3, 0)): [14, 30, 23, 17, 9, 1, 2, 1]
(0, (1, 1, 0), (3, 1)): [49, 41, 38, 33, 18, 8, 1, 1]
(0, (1, 1, 0), (3, 2)): [99, 51, 44, 38, 28, 9, 1, 3, 0, 0, 0, 0, 0, 0, 1]
(0, (1, 1, 1), (0, 0)): [80, 176, 125, 94, 88, 36, 19, 9, 0, 2, 0, 0, 0, 1, 1]
(0, (1, 1, 1), (0, 1)): [48, 99, 66, 47, 49, 15, 6, 4, 0, 0, 0, 0, 0, 0, 1]
(0, (1, 1, 1), (0, 2)): [30, 47, 21, 22, 17, 7, 1, 2, 0, 0, 0, 0, 0, 0, 1]
(0, (1, 1, 1), (1, 0)): [24, 54, 45, 32, 27, 14, 10, 5, 0, 2]
(0, (1, 1, 1), (1, 1)): [25, 60, 51, 30, 32, 12, 5, 3, 0, 1]
(0, (1, 1, 1), (1, 2)): [22, 59, 28, 21, 24, 13, 1, 1]
(0, (1, 1, 1), (2, 0)): [9, 15, 16, 8, 9, 3, 4, 3]
(0, (1, 1, 1), (2, 1)): [12, 20, 32, 12, 10, 3, 7, 4, 0, 1]
(0, (1, 1, 1), (2, 2)): [17, 35, 32, 16, 17, 8, 6, 3]
(0, (1, 1, 1), (3, 0)): [2, 5, 2, 0, 5, 1, 0, 1]
(0, (1, 1, 1), (3, 1)): [3, 8, 11, 1, 7, 1, 1, 2]
(0, (1, 1, 1), (3, 2)): [5, 17, 23, 9, 10, 4, 1, 2]
(1, (0, 0, 0), (0, 0)): [25514, 2891, 1146, 477, 190, 82, 38, 16, 2, 0, 1]
(1, (0, 0, 0), (0, 1)): [13573, 1367, 545, 218, 80, 35, 11, 4, 1]
(1, (0, 0, 0), (0, 2)): [6017, 480, 204, 79, 28, 16, 5, 1]
(1, (0, 0, 0), (1, 0)): [9306, 1140, 488, 201, 81, 40, 20, 7, 1, 0, 1]
(1, (0, 0, 0), (1, 1)): [10287, 1130, 443, 164, 76, 26, 11, 6, 1]
(1, (0, 0, 0), (1, 2)): [8281, 741, 307, 117, 42, 21, 5, 3, 1]
(1, (0, 0, 0), (2, 0)): [2997, 400, 189, 85, 35, 18, 10, 2, 0, 0, 1]
(1, (0, 0, 0), (2, 1)): [5153, 609, 255, 105, 48, 21, 9, 5]
(1, (0, 0, 0), (2, 2)): [6682, 664, 276, 108, 48, 19, 5, 6, 1]
(1, (0, 0, 0), (3, 0)): [847, 117, 83, 34, 17, 5, 4, 0, 0, 0, 1]
(1, (0, 0, 0), (3, 1)): [1978, 262, 138, 64, 28, 10, 6, 1, 0, 0, 1]
(1, (0, 0, 0), (3, 2)): [3737, 409, 217, 86, 46, 12, 4, 5, 1, 0, 1]
(1, (0, 0, 1), (0, 0)): [488, 685, 149, 76, 24, 8, 7, 5, 1]
(1, (0, 0, 1), (0, 1)): [277, 308, 59, 35, 12, 4, 3, 3, 1]
(1, (0, 0, 1), (0, 2)): [128, 115, 25, 12, 5, 3, 2, 0, 1]
(1, (0, 0, 1), (1, 0)): [173, 284, 68, 31, 8, 3, 2, 1]
(1, (0, 0, 1), (1, 1)): [219, 254, 52, 25, 8, 3, 2, 3]
(1, (0, 0, 1), (1, 2)): [168, 159, 31, 15, 5, 1, 1, 1]
(1, (0, 0, 1), (2, 0)): [65, 117, 27, 14, 6, 1, 1]
(1, (0, 0, 1), (2, 1)): [120, 163, 35, 16, 4, 2, 3, 1]
(1, (0, 0, 1), (2, 2)): [150, 154, 30, 15, 2, 3, 3, 1]
(1, (0, 0, 1), (3, 0)): [27, 33, 9, 7, 3, 1]
(1, (0, 0, 1), (3, 1)): [46, 73, 14, 6, 4, 1, 1, 1]
(1, (0, 0, 1), (3, 2)): [87, 99, 21, 10, 1, 3, 2, 1]
(1, (0, 1, 0), (0, 0)): [2840, 1107, 435, 208, 89, 39, 19, 6, 2]
(1, (0, 1, 0), (0, 1)): [1376, 513, 215, 82, 34, 11, 11, 3, 1]
(1, (0, 1, 0), (0, 2)): [620, 198, 78, 30, 14, 2, 2]
(1, (0, 1, 0), (1, 0)): [1197, 477, 176, 104, 46, 18, 4, 3, 1]
(1, (0, 1, 0), (1, 1)): [1187, 415, 167, 82, 31, 15, 10, 4, 2]
(1, (0, 1, 0), (1, 2)): [913, 277, 118, 51, 22, 7, 8, 1, 1]
(1, (0, 1, 0), (2, 0)): [415, 170, 73, 41, 20, 7, 1, 1]
(1, (0, 1, 0), (2, 1)): [672, 251, 83, 60, 24, 9, 4, 2, 1]
(1, (0, 1, 0), (2, 2)): [804, 242, 84, 60, 14, 8, 6, 1, 1]
(1, (0, 1, 0), (3, 0)): [130, 56, 34, 15, 7, 4]
(1, (0, 1, 0), (3, 1)): [273, 102, 55, 28, 17, 6, 1, 2]
(1, (0, 1, 0), (3, 2)): [483, 152, 55, 39, 17, 9, 4, 1, 1]
(1, (0, 1, 1), (0, 0)): [432, 375, 375, 129, 72, 25, 10, 4, 2]
(1, (0, 1, 1), (0, 1)): [216, 153, 163, 56, 20, 8, 5, 3, 1]
(1, (0, 1, 1), (0, 2)): [110, 53, 69, 25, 5, 2, 2]
(1, (0, 1, 1), (1, 0)): [178, 169, 156, 53, 44, 14, 4, 1, 1]
(1, (0, 1, 1), (1, 1)): [175, 131, 127, 33, 35, 6, 3, 2, 1]
(1, (0, 1, 1), (1, 2)): [154, 90, 101, 32, 16, 3, 3, 1, 1]
(1, (0, 1, 1), (2, 0)): [78, 72, 67, 27, 18, 8, 2]
(1, (0, 1, 1), (2, 1)): [102, 74, 71, 24, 22, 7, 1, 1]
(1, (0, 1, 1), (2, 2)): [123, 84, 82, 32, 16, 5, 2, 0, 1]
(1, (0, 1, 1), (3, 0)): [38, 41, 27, 11, 11, 3, 1]
(1, (0, 1, 1), (3, 1)): [39, 34, 33, 5, 12, 3, 0, 1]
(1, (0, 1, 1), (3, 2)): [74, 51, 43, 14, 12, 1, 1, 1, 1]
(1, (1, 0, 0), (0, 0)): [8891, 1339, 1133, 474, 201, 74, 34, 18, 3, 0, 1]
(1, (1, 0, 0), (0, 1)): [4554, 647, 530, 219, 88, 27, 16, 11, 1]
(1, (1, 0, 0), (0, 2)): [2008, 255, 211, 83, 33, 10, 4, 1, 1]
(1, (1, 0, 0), (1, 0)): [3250, 522, 440, 193, 91, 33, 13, 6, 2]
(1, (1, 0, 0), (1, 1)): [3249, 438, 392, 165, 79, 27, 14, 9]
(1, (1, 0, 0), (1, 2)): [2534, 316, 253, 114, 56, 14, 4, 8, 1]
(1, (1, 0, 0), (2, 0)): [1017, 193, 148, 76, 34, 14, 5, 2, 2]
(1, (1, 0, 0), (2, 1)): [1589, 212, 202, 93, 50, 20, 8, 0, 1]
(1, (1, 0, 0), (2, 2)): [1850, 241, 221, 99, 57, 14, 7, 4, 1]
(1, (1, 0, 0), (3, 0)): [289, 72, 42, 35, 13, 5, 3, 1, 1]
(1, (1, 0, 0), (3, 1)): [602, 99, 83, 54, 23, 12, 2, 1, 1]
(1, (1, 0, 0), (3, 2)): [960, 146, 132, 67, 44, 10, 4, 1]
(1, (1, 0, 1), (0, 0)): [619, 696, 213, 172, 91, 31, 10, 6, 1, 2]
(1, (1, 0, 1), (0, 1)): [317, 326, 97, 75, 34, 12, 5, 2, 0, 1]
(1, (1, 0, 1), (0, 2)): [160, 104, 47, 29, 8, 5, 2]
(1, (1, 0, 1), (1, 0)): [222, 255, 80, 67, 46, 15, 2, 3, 1, 1]
(1, (1, 0, 1), (1, 1)): [226, 235, 69, 65, 35, 11, 4, 1, 1, 1]
(1, (1, 0, 1), (1, 2)): [193, 145, 56, 43, 16, 9, 2, 1]
(1, (1, 0, 1), (2, 0)): [66, 85, 28, 16, 18, 5, 1, 1]
(1, (1, 0, 1), (2, 1)): [108, 107, 35, 25, 16, 6, 3, 0, 1, 1]
(1, (1, 0, 1), (2, 2)): [145, 117, 38, 34, 21, 5, 0, 1, 0, 1]
(1, (1, 0, 1), (3, 0)): [17, 26, 7, 6, 9, 3, 0, 1]
(1, (1, 0, 1), (3, 1)): [24, 36, 6, 11, 11, 6, 3, 0, 1]
(1, (1, 0, 1), (3, 2)): [63, 61, 18, 16, 13, 6, 1, 1, 1]
(1, (1, 1, 0), (0, 0)): [2396, 636, 417, 389, 171, 61, 24, 13, 6, 0, 1]
(1, (1, 1, 0), (0, 1)): [1231, 307, 197, 176, 76, 26, 11, 6, 3]
(1, (1, 1, 0), (0, 2)): [577, 116, 79, 65, 27, 7, 3, 2, 1]
(1, (1, 1, 0), (1, 0)): [897, 262, 169, 156, 68, 29, 11, 5, 1, 0, 1]
(1, (1, 1, 0), (1, 1)): [945, 222, 150, 127, 63, 24, 10, 3, 2, 0, 1]
(1, (1, 1, 0), (1, 2)): [724, 160, 101, 84, 38, 17, 5, 2, 2, 0, 1]
(1, (1, 1, 0), (2, 0)): [267, 100, 64, 54, 25, 12, 5, 3]
(1, (1, 1, 0), (2, 1)): [472, 116, 84, 66, 36, 11, 7, 3]
(1, (1, 1, 0), (2, 2)): [561, 138, 104, 53, 45, 15, 7, 4, 2, 0, 1]
(1, (1, 1, 0), (3, 0)): [63, 40, 21, 22, 10, 4, 1, 1]
(1, (1, 1, 0), (3, 1)): [151, 44, 26, 35, 19, 8, 5, 1]
(1, (1, 1, 0), (3, 2)): [264, 78, 62, 33, 35, 9, 6, 3, 1, 0, 1]
(1, (1, 1, 1), (0, 0)): [426, 367, 198, 129, 138, 53, 28, 9, 4]
(1, (1, 1, 1), (0, 1)): [229, 181, 104, 58, 65, 23, 15, 2, 2]
(1, (1, 1, 1), (0, 2)): [117, 68, 37, 31, 24, 13, 5, 0, 1]
(1, (1, 1, 1), (1, 0)): [143, 132, 67, 50, 57, 24, 7, 5, 2]
(1, (1, 1, 1), (1, 1)): [172, 130, 66, 36, 53, 21, 12, 2]
(1, (1, 1, 1), (1, 2)): [151, 84, 47, 30, 36, 19, 6, 1, 1]
(1, (1, 1, 1), (2, 0)): [33, 47, 28, 18, 17, 5, 4, 1, 1]
(1, (1, 1, 1), (2, 1)): [71, 64, 36, 24, 27, 8, 10, 1]
(1, (1, 1, 1), (2, 2)): [101, 65, 36, 25, 30, 10, 7, 2]
(1, (1, 1, 1), (3, 0)): [5, 12, 8, 2, 2, 3, 0, 1]
(1, (1, 1, 1), (3, 1)): [14, 21, 15, 7, 6, 5, 1]
(1, (1, 1, 1), (3, 2)): [39, 37, 18, 16, 18, 8, 6]
(2, (0, 0, 0), (0, 0)): [22686, 1144, 338, 112, 45, 14, 3, 1]
(2, (0, 0, 0), (0, 1)): [11781, 482, 144, 47, 18, 5, 0, 1]
(2, (0, 0, 0), (0, 2)): [5048, 158, 38, 12, 7, 1]
(2, (0, 0, 0), (1, 0)): [8440, 498, 151, 53, 23, 7, 2]
(2, (0, 0, 0), (1, 1)): [9321, 432, 140, 49, 19, 6]
(2, (0, 0, 0), (1, 2)): [7311, 259, 79, 27, 12, 4]
(2, (0, 0, 0), (2, 0)): [2715, 182, 60, 18, 10, 5, 1]
(2, (0, 0, 0), (2, 1)): [4688, 260, 92, 26, 12, 4]
(2, (0, 0, 0), (2, 2)): [6047, 241, 81, 25, 12, 4]
(2, (0, 0, 0), (3, 0)): [784, 54, 31, 10, 4, 3, 1]
(2, (0, 0, 0), (3, 1)): [1883, 133, 58, 17, 6, 1, 1]
(2, (0, 0, 0), (3, 2)): [3418, 176, 71, 24, 8, 3]
(2, (0, 0, 1), (0, 0)): [1801, 412, 114, 47, 11, 4, 2, 2]
(2, (0, 0, 1), (0, 1)): [876, 187, 42, 15, 6, 3, 1]
(2, (0, 0, 1), (0, 2)): [383, 71, 13, 4, 1, 0, 1]
(2, (0, 0, 1), (1, 0)): [747, 178, 62, 24, 4, 1, 1, 2]
(2, (0, 0, 1), (1, 1)): [740, 156, 46, 20, 4, 2, 1, 1]
(2, (0, 0, 1), (1, 2)): [591, 98, 23, 9, 2, 1, 2, 1]
(2, (0, 0, 1), (2, 0)): [273, 70, 25, 12, 3, 0, 0, 1]
(2, (0, 0, 1), (2, 1)): [413, 108, 31, 14, 2]
(2, (0, 0, 1), (2, 2)): [520, 79, 19, 14, 2, 1, 1, 1]
(2, (0, 0, 1), (3, 0)): [100, 24, 12, 7, 1, 0, 0, 1]
(2, (0, 0, 1), (3, 1)): [178, 50, 16, 5, 3]
(2, (0, 0, 1), (3, 2)): [331, 59, 15, 9, 3, 1, 1]
(2, (0, 1, 0), (0, 0)): [4995, 937, 313, 120, 48, 16, 6, 1]
(2, (0, 1, 0), (0, 1)): [2516, 410, 144, 42, 24, 8, 1]
(2, (0, 1, 0), (0, 2)): [1118, 134, 44, 14, 8, 3]
(2, (0, 1, 0), (1, 0)): [2031, 393, 125, 65, 19, 7, 5, 1]
(2, (0, 1, 0), (1, 1)): [2098, 345, 115, 47, 18, 6, 2, 1]
(2, (0, 1, 0), (1, 2)): [1740, 221, 66, 23, 11, 4, 0, 1]
(2, (0, 1, 0), (2, 0)): [752, 142, 62, 31, 12, 4, 2]
(2, (0, 1, 0), (2, 1)): [1074, 194, 81, 34, 10, 7, 2]
(2, (0, 1, 0), (2, 2)): [1457, 198, 71, 28, 12, 5]
(2, (0, 1, 0), (3, 0)): [290, 48, 26, 20, 8, 2, 1]
(2, (0, 1, 0), (3, 1)): [489, 81, 42, 22, 10, 4, 2]
(2, (0, 1, 0), (3, 2)): [929, 133, 64, 26, 11, 4, 1]
(2, (0, 1, 1), (0, 0)): [1354, 90, 254, 94, 32, 11, 5, 2]
(2, (0, 1, 1), (0, 1)): [701, 39, 96, 44, 8, 4, 2, 1]
(2, (0, 1, 1), (0, 2)): [322, 21, 35, 16, 2, 1, 0, 1]
(2, (0, 1, 1), (1, 0)): [554, 44, 120, 42, 22, 5, 3, 1]
(2, (0, 1, 1), (1, 1)): [588, 32, 105, 45, 11, 3, 4]
(2, (0, 1, 1), (1, 2)): [480, 24, 71, 29, 3, 2, 2, 1]
(2, (0, 1, 1), (2, 0)): [208, 23, 35, 17, 15, 2, 1, 1]
(2, (0, 1, 1), (2, 1)): [337, 26, 55, 21, 6, 1, 1]
(2, (0, 1, 1), (2, 2)): [436, 27, 67, 26, 4, 1, 3, 1]
(2, (0, 1, 1), (3, 0)): [75, 13, 16, 7, 11, 1, 0, 1]
(2, (0, 1, 1), (3, 1)): [131, 14, 20, 6, 6, 0, 0, 1]
(2, (0, 1, 1), (3, 2)): [266, 22, 37, 18, 7, 0, 3, 1]
(2, (1, 0, 0), (0, 0)): [10924, 751, 580, 186, 71, 18, 8, 3]
(2, (1, 0, 0), (0, 1)): [5565, 332, 233, 75, 31, 6, 5]
(2, (1, 0, 0), (0, 2)): [2421, 104, 80, 26, 12, 2, 1]
(2, (1, 0, 0), (1, 0)): [4066, 316, 245, 87, 28, 8, 3, 2]
(2, (1, 0, 0), (1, 1)): [4012, 256, 189, 63, 21, 5]
(2, (1, 0, 0), (1, 2)): [3073, 150, 119, 45, 14, 2]
(2, (1, 0, 0), (2, 0)): [1249, 112, 84, 39, 16, 5, 2, 2]
(2, (1, 0, 0), (2, 1)): [1934, 140, 110, 42, 15, 3, 0, 1]
(2, (1, 0, 0), (2, 2)): [2227, 119, 115, 35, 11, 3]
(2, (1, 0, 0), (3, 0)): [356, 35, 22, 12, 7, 5, 1, 1]
(2, (1, 0, 0), (3, 1)): [749, 68, 41, 17, 8, 3, 1, 1]
(2, (1, 0, 0), (3, 2)): [1164, 94, 73, 28, 14, 4, 0, 1]
(2, (1, 0, 1), (0, 0)): [1846, 376, 170, 122, 35, 12, 3, 4]
(2, (1, 0, 1), (0, 1)): [919, 178, 72, 49, 19, 3, 0, 2]
(2, (1, 0, 1), (0, 2)): [401, 55, 16, 12, 3, 0, 0, 1]
(2, (1, 0, 1), (1, 0)): [728, 144, 76, 49, 11, 7, 3, 2]
(2, (1, 0, 1), (1, 1)): [722, 132, 70, 38, 14, 6, 3, 1]
(2, (1, 0, 1), (1, 2)): [519, 74, 38, 20, 3, 0, 2, 1]
(2, (1, 0, 1), (2, 0)): [211, 43, 21, 20, 4, 2, 0, 1]
(2, (1, 0, 1), (2, 1)): [346, 62, 29, 14, 11, 2]
(2, (1, 0, 1), (2, 2)): [396, 55, 34, 18, 5, 0, 1]
(2, (1, 0, 1), (3, 0)): [64, 11, 9, 8, 1, 1]
(2, (1, 0, 1), (3, 1)): [124, 28, 19, 8, 6, 1]
(2, (1, 0, 1), (3, 2)): [197, 32, 32, 7, 6, 0, 1]
(2, (1, 1, 0), (0, 0)): [3922, 529, 244, 243, 93, 22, 13, 3]
(2, (1, 1, 0), (0, 1)): [2047, 227, 90, 97, 37, 4, 2]
(2, (1, 1, 0), (0, 2)): [927, 76, 33, 31, 13]
(2, (1, 1, 0), (1, 0)): [1466, 210, 118, 101, 47, 12, 9, 2]
(2, (1, 1, 0), (1, 1)): [1531, 175, 83, 80, 40, 8, 2, 2]
(2, (1, 1, 0), (1, 2)): [1255, 104, 41, 36, 24, 2, 1]
(2, (1, 1, 0), (2, 0)): [487, 74, 48, 44, 25, 6, 3]
(2, (1, 1, 0), (2, 1)): [790, 97, 60, 48, 24, 7, 2, 2]
(2, (1, 1, 0), (2, 2)): [978, 83, 49, 33, 26, 3, 2]
(2, (1, 1, 0), (3, 0)): [129, 18, 18, 19, 12, 3]
(2, (1, 1, 0), (3, 1)): [340, 44, 32, 30, 16, 6, 1]
(2, (1, 1, 0), (3, 2)): [550, 59, 35, 30, 27, 3, 2]
(2, (1, 1, 1), (0, 0)): [1142, 178, 186, 98, 108, 24, 10, 4, 1]
(2, (1, 1, 1), (0, 1)): [593, 66, 81, 41, 47, 8, 3, 1]
(2, (1, 1, 1), (0, 2)): [275, 24, 26, 16, 16, 1, 2]
(2, (1, 1, 1), (1, 0)): [413, 100, 66, 45, 39, 15, 6, 3]
(2, (1, 1, 1), (1, 1)): [436, 72, 67, 38, 42, 10, 5, 1]
(2, (1, 1, 1), (1, 2)): [374, 41, 42, 25, 27, 8, 2]
(2, (1, 1, 1), (2, 0)): [106, 53, 21, 18, 11, 5, 1, 3]
(2, (1, 1, 1), (2, 1)): [184, 61, 26, 21, 19, 3, 1, 2]
(2, (1, 1, 1), (2, 2)): [262, 51, 34, 21, 25, 5, 2, 2]
(2, (1, 1, 1), (3, 0)): [24, 30, 8, 7, 4, 5, 1, 2]
(2, (1, 1, 1), (3, 1)): [53, 53, 13, 11, 9, 4, 0, 1]
(2, (1, 1, 1), (3, 2)): [109, 56, 26, 15, 16, 4, 0, 2]
