(0, (0, 0, 0)): [15110, 3246, 1522, 735, 326, 141, 60, 29, 14, 6, 1]
(0, (0, 0, 1)): [72, 261, 75, 39, 17, 4, 1, 3]
(0, (0, 1, 0)): [452, 548, 224, 120, 42, 21, 11, 8, 1, 2]
(0, (0, 1, 1)): [50, 98, 128, 47, 26, 17, 9, 4, 1, 1]
(0, (1, 0, 0)): [3378, 1303, 797, 389, 201, 91, 37, 20, 9, 4, 1]
(0, (1, 0, 1)): [83, 271, 124, 103, 63, 26, 12, 6, 1, 1]
(0, (1, 1, 0)): [424, 321, 256, 172, 99, 43, 22, 14, 5, 3, 1]
(0, (1, 1, 1)): [46, 103, 80, 68, 60, 28, 14, 5, 2]
(1, (0, 0, 0)): [11978, 1341, 534, 233, 87, 31, 17, 4, 2, 1]
(1, (0, 0, 1)): [386, 664, 127, 61, 28, 4, 4, 4]
(1, (0, 1, 0)): [1735, 930, 294, 144, 41, 19, 12, 2, 1]
(1, (0, 1, 1)): [315, 273, 302, 97, 42, 23, 10, 2, 0, 1]
(1, (1, 0, 0)): [5073, 981, 604, 265, 94, 37, 15, 4, 3, 2]
(1, (1, 0, 1)): [459, 584, 210, 126, 53, 23, 7, 3]
(1, (1, 1, 0)): [1283, 413, 271, 202, 85, 41, 17, 9, 3, 1]
(1, (1, 1, 1)): [257, 223, 144, 105, 63, 26, 9, 6, 0, 1]
(2, (0, 0, 0)): [10188, 453, 137, 48, 14, 6, 3, 1]
(2, (0, 0, 1)): [1331, 429, 87, 27, 6, 5, 2]
(2, (0, 1, 0)): [2862, 659, 162, 60, 17, 8, 5]
(2, (0, 1, 1)): [762, 54, 196, 44, 22, 3, 2, 1, 0, 1]
(2, (1, 0, 0)): [6123, 509, 253, 78, 33, 8, 2, 1]
(2, (1, 0, 1)): [1144, 310, 131, 63, 28, 10, 4, 1, 1]
(2, (1, 1, 0)): [2091, 335, 193, 118, 39, 15, 4, 1, 1]
(2, (1, 1, 1)): [613, 88, 91, 46, 35, 11, 6, 2, 1]
