(0, (0, 0, 0), (0, 0)): [16209, 3295, 1623, 712, 309, 130, 60, 12, 9, 2, 0, 2, 0, 1]
(0, (0, 0, 0), (0, 1)): [972, 171, 93, 37, 13, 6, 0, 1, 1]
(0, (0, 0, 0), (0, 2)): [338, 52, 24, 13, 2, 1]
(0, (0, 0, 0), (1, 0)): [844, 188, 87, 43, 25, 4, 4, 1]
(0, (0, 0, 0), (1, 1)): [801, 144, 77, 32, 17, 7, 0, 2]
(0, (0, 0, 0), (1, 2)): [488, 99, 37, 23, 7, 4, 0, 1]
(0, (0, 0, 0), (2, 0)): [269, 79, 28, 19, 14, 0, 3]
(0, (0, 0, 0), (2, 1)): [428, 88, 48, 18, 17, 3, 2]
(0, (0, 0, 0), (2, 2)): [387, 78, 28, 18, 5, 3, 1, 1]
(0, (0, 0, 0), (3, 0)): [85, 19, 12, 11, 5, 0, 1]
(0, (0, 0, 0), (3, 1)): [192, 41, 26, 18, 12, 1]
(0, (0, 0, 0), (3, 2)): [240, 55, 27, 22, 10, 1]
(0, (0, 0, 1), (0, 0)): [59, 172, 45, 20, 6, 7, 3, 0, 1]
(0, (0, 0, 1), (0, 1)): [2, 9, 2, 1]
(0, (0, 0, 1), (0, 2)): [0, 4, 1]
(0, (0, 0, 1), (1, 0)): [3, 7, 0, 0, 1]
(0, (0, 0, 1), (1, 1)): [3, 4]
(0, (0, 0, 1), (1, 2)): [0, 3]
(0, (0, 0, 1), (2, 0)): [1, 2]
(0, (0, 0, 1), (2, 1)): [0, 2]
(0, (0, 0, 1), (2, 2)): [0, 3]
(0, (0, 0, 1), (3, 0)): [0, 1]
(0, (0, 0, 1), (3, 1)): [0, 1]
(0, (0, 0, 1), (3, 2)): [0, 1]
(0, (0, 1, 0), (0, 0)): [498, 418, 187, 93, 34, 14, 5, 2, 1]
(0, (0, 1, 0), (0, 1)): [35, 21, 8, 4, 1, 1]
(0, (0, 1, 0), (0, 2)): [17, 6, 2]
(0, (0, 1, 0), (1, 0)): [23, 23, 6, 4, 4, 2]
(0, (0, 1, 0), (1, 1)): [21, 19, 8, 1, 3]
(0, (0, 1, 0), (1, 2)): [16, 6, 3, 1]
(0, (0, 1, 0), (2, 0)): [7, 7, 1, 1, 1, 2]
(0, (0, 1, 0), (2, 1)): [8, 12, 6, 0, 3, 1]
(0, (0, 1, 0), (2, 2)): [15, 9, 5, 1, 1]
(0, (0, 1, 0), (3, 0)): [3, 3, 0, 1, 1, 1]
(0, (0, 1, 0), (3, 1)): [3, 2, 1, 0, 2, 1]
(0, (0, 1, 0), (3, 2)): [8, 2, 3, 0, 1]
(0, (0, 1, 1), (0, 0)): [50, 66, 86, 53, 18, 10, 5, 0, 0, 0, 0, 0, 0, 1]
(0, (0, 1, 1), (0, 1)): [3, 2, 3, 3, 1]
(0, (0, 1, 1), (0, 2)): [1, 1, 1, 1, 1]
(0, (0, 1, 1), (1, 0)): [4, 8, 4, 4, 2]
(0, (0, 1, 1), (1, 1)): [3, 4, 4, 4, 1]
(0, (0, 1, 1), (1, 2)): [4, 1, 4, 1, 1]
(0, (0, 1, 1), (2, 0)): [2, 4, 2, 1, 1]
(0, (0, 1, 1), (2, 1)): [0, 4, 2, 3, 1]
(0, (0, 1, 1), (2, 2)): [2, 4, 3, 3]
(0, (0, 1, 1), (3, 0)): [2, 1, 0, 1, 1]
(0, (0, 1, 1), (3, 1)): [0, 1, 0, 0, 1]
(0, (0, 1, 1), (3, 2)): [2, 1, 1, 2]
(0, (1, 0, 0), (0, 0)): [3521, 1069, 754, 371, 181, 81, 38, 9, 4, 1, 0, 2, 0, 1]
(0, (1, 0, 0), (0, 1)): [175, 45, 35, 24, 12, 2]
(0, (1, 0, 0), (0, 2)): [64, 16, 6, 8, 6, 1]
(0, (1, 0, 0), (1, 0)): [186, 50, 37, 22, 13, 4, 2, 1]
(0, (1, 0, 0), (1, 1)): [155, 37, 36, 14, 11, 0, 1]
(0, (1, 0, 0), (1, 2)): [84, 21, 16, 8, 9, 1, 1]
(0, (1, 0, 0), (2, 0)): [55, 16, 11, 10, 4, 2, 0, 1]
(0, (1, 0, 0), (2, 1)): [70, 26, 20, 12, 5, 1, 0, 1]
(0, (1, 0, 0), (2, 2)): [61, 15, 14, 8, 4, 1]
(0, (1, 0, 0), (3, 0)): [16, 7, 3, 4, 3, 1]
(0, (1, 0, 0), (3, 1)): [21, 12, 8, 3, 5]
(0, (1, 0, 0), (3, 2)): [27, 8, 9, 5, 3]
(0, (1, 0, 1), (0, 0)): [81, 201, 82, 55, 29, 16, 5, 1]
(0, (1, 0, 1), (0, 1)): [3, 8, 3, 1, 2, 2]
(0, (1, 0, 1), (0, 2)): [1, 2, 0, 1, 1, 2]
(0, (1, 0, 1), (1, 0)): [5, 9, 3, 2, 2, 2]
(0, (1, 0, 1), (1, 1)): [5, 10, 3, 0, 2, 1]
(0, (1, 0, 1), (1, 2)): [5, 4, 1, 0, 1, 2]
(0, (1, 0, 1), (2, 0)): [2, 1, 0, 0, 0, 1]
(0, (1, 0, 1), (2, 1)): [0, 4, 1, 0, 1]
(0, (1, 0, 1), (2, 2)): [4, 4, 0, 0, 1]
(0, (1, 0, 1), (3, 0)): [2, 0, 0, 0, 0, 1]
(0, (1, 0, 1), (3, 1)): [1, 2]
(0, (1, 0, 1), (3, 2)): [0, 4]
(0, (1, 1, 0), (0, 0)): [505, 331, 222, 174, 94, 51, 18, 7, 3, 1]
(0, (1, 1, 0), (0, 1)): [29, 20, 9, 12, 4, 1]
(0, (1, 1, 0), (0, 2)): [20, 9, 3, 4, 3]
(0, (1, 1, 0), (1, 0)): [11, 9, 12, 7, 5, 1, 1]
(0, (1, 1, 0), (1, 1)): [10, 11, 3, 5, 1, 1, 1]
(0, (1, 1, 0), (1, 2)): [13, 5, 1, 2, 2]
(0, (1, 1, 0), (2, 0)): [3, 3, 6, 4, 2]
(0, (1, 1, 0), (2, 1)): [3, 8, 6, 7, 2, 1]
(0, (1, 1, 0), (2, 2)): [8, 7, 4, 2, 1]
(0, (1, 1, 0), (3, 0)): [0, 2, 1, 2]
(0, (1, 1, 0), (3, 1)): [0, 2, 2, 5, 0, 1]
(0, (1, 1, 0), (3, 2)): [0, 4, 2, 5]
(0, (1, 1, 1), (0, 0)): [53, 95, 70, 50, 42, 25, 11, 3, 1, 1]
(0, (1, 1, 1), (0, 1)): [4, 1, 1, 2, 1, 1, 1]
(0, (1, 1, 1), (0, 2)): [4, 1, 0, 2, 1, 1, 1]
(0, (1, 1, 1), (1, 0)): [1, 5, 2, 1, 4, 3]
(0, (1, 1, 1), (1, 1)): [1, 3, 1, 0, 2]
(0, (1, 1, 1), (1, 2)): [2, 1, 0, 1, 1, 1, 1]
(0, (1, 1, 1), (2, 0)): [0, 1, 0, 0, 2, 3]
(0, (1, 1, 1), (2, 1)): [0, 2, 1, 0, 3, 1]
(0, (1, 1, 1), (2, 2)): [0, 0, 1, 0, 0, 1]
(0, (1, 1, 1), (3, 0)): [0, 0, 0, 0, 0, 1]
(0, (1, 1, 1), (3, 1)): [0, 2, 0, 0, 0, 1]
(0, (1, 1, 1), (3, 2)): [0, 1, 1]
(1, (0, 0, 0), (0, 0)): [13235, 1575, 658, 248, 98, 31, 13, 2, 2, 1]
(1, (0, 0, 0), (0, 1)): [774, 89, 43, 12, 7, 2]
(1, (0, 0, 0), (0, 2)): [286, 32, 11, 7, 2]
(1, (0, 0, 0), (1, 0)): [749, 94, 39, 11, 5, 0, 1, 1]
(1, (0, 0, 0), (1, 1)): [646, 70, 33, 10, 6, 2, 1]
(1, (0, 0, 0), (1, 2)): [421, 37, 17, 9, 2]
(1, (0, 0, 0), (2, 0)): [284, 41, 18, 4, 2, 0, 0, 1]
(1, (0, 0, 0), (2, 1)): [396, 53, 15, 5, 4, 2, 1, 1]
(1, (0, 0, 0), (2, 2)): [331, 30, 14, 8, 3, 2, 0, 1]
(1, (0, 0, 0), (3, 0)): [73, 15, 9, 2, 2]
(1, (0, 0, 0), (3, 1)): [158, 29, 12, 3, 2, 0, 1]
(1, (0, 0, 0), (3, 2)): [198, 25, 14, 6, 4, 2, 1]
(1, (0, 0, 1), (0, 0)): [327, 437, 101, 41, 14, 7, 0, 0, 1]
(1, (0, 0, 1), (0, 1)): [23, 15, 7, 0, 0, 1]
(1, (0, 0, 1), (0, 2)): [7, 3]
(1, (0, 0, 1), (1, 0)): [15, 28, 3, 4]
(1, (0, 0, 1), (1, 1)): [18, 19, 3, 1, 0, 1]
(1, (0, 0, 1), (1, 2)): [9, 5, 0, 1]
(1, (0, 0, 1), (2, 0)): [5, 11, 3, 2]
(1, (0, 0, 1), (2, 1)): [13, 14, 2, 1, 0, 1]
(1, (0, 0, 1), (2, 2)): [8, 12, 1, 1]
(1, (0, 0, 1), (3, 0)): [1, 5, 0, 1]
(1, (0, 0, 1), (3, 1)): [3, 5, 1]
(1, (0, 0, 1), (3, 2)): [3, 6, 1, 1]
(1, (0, 1, 0), (0, 0)): [1607, 632, 253, 103, 36, 14, 5, 4, 0, 0, 2, 2]
(1, (0, 1, 0), (0, 1)): [76, 21, 8, 4, 3, 1]
(1, (0, 1, 0), (0, 2)): [26, 8, 0, 2]
(1, (0, 1, 0), (1, 0)): [121, 42, 20, 4, 2, 0, 0, 1]
(1, (0, 1, 0), (1, 1)): [86, 23, 11, 3, 1, 1, 0, 1]
(1, (0, 1, 0), (1, 2)): [43, 12, 1, 1, 0, 0, 0, 1]
(1, (0, 1, 0), (2, 0)): [51, 18, 9, 2, 1]
(1, (0, 1, 0), (2, 1)): [54, 14, 7, 2, 2, 1]
(1, (0, 1, 0), (2, 2)): [50, 8, 3, 1, 1, 1, 0, 1]
(1, (0, 1, 0), (3, 0)): [28, 11, 6, 2]
(1, (0, 1, 0), (3, 1)): [24, 10, 2, 2, 1]
(1, (0, 1, 0), (3, 2)): [25, 10, 4, 0, 0, 0, 0, 1]
(1, (0, 1, 1), (0, 0)): [250, 213, 177, 84, 39, 17, 4, 2, 2, 0, 0, 0, 0, 1]
(1, (0, 1, 1), (0, 1)): [5, 7, 3, 1, 2]
(1, (0, 1, 1), (0, 2)): [1, 2, 2]
(1, (0, 1, 1), (1, 0)): [16, 17, 14, 13, 4]
(1, (0, 1, 1), (1, 1)): [5, 9, 5, 3, 1]
(1, (0, 1, 1), (1, 2)): [5, 3, 3, 1]
(1, (0, 1, 1), (2, 0)): [12, 11, 9, 8, 4]
(1, (0, 1, 1), (2, 1)): [2, 6, 4, 4, 1]
(1, (0, 1, 1), (2, 2)): [4, 5, 3, 2, 1]
(1, (0, 1, 1), (3, 0)): [11, 8, 7, 6, 3]
(1, (0, 1, 1), (3, 1)): [1, 1, 1, 1]
(1, (0, 1, 1), (3, 2)): [2, 0, 1, 2, 1]
(1, (1, 0, 0), (0, 0)): [4981, 848, 604, 266, 115, 34, 16, 3, 3, 1]
(1, (1, 0, 0), (0, 1)): [275, 39, 34, 14, 7, 1]
(1, (1, 0, 0), (0, 2)): [87, 15, 8, 1, 1]
(1, (1, 0, 0), (1, 0)): [267, 41, 37, 20, 6, 1]
(1, (1, 0, 0), (1, 1)): [227, 34, 31, 16, 6, 1]
(1, (1, 0, 0), (1, 2)): [138, 25, 17, 7, 4]
(1, (1, 0, 0), (2, 0)): [78, 8, 11, 11, 2, 1]
(1, (1, 0, 0), (2, 1)): [117, 14, 18, 10, 3, 2]
(1, (1, 0, 0), (2, 2)): [108, 18, 16, 9, 4]
(1, (1, 0, 0), (3, 0)): [25, 2, 2, 4, 1]
(1, (1, 0, 0), (3, 1)): [48, 4, 9, 7, 1, 1]
(1, (1, 0, 0), (3, 2)): [51, 13, 6, 3, 3]
(1, (1, 0, 1), (0, 0)): [401, 446, 132, 110, 45, 18, 5, 5, 1]
(1, (1, 0, 1), (0, 1)): [27, 21, 4, 5, 3, 1]
(1, (1, 0, 1), (0, 2)): [7, 8, 2, 1]
(1, (1, 0, 1), (1, 0)): [16, 17, 9, 6, 2]
(1, (1, 0, 1), (1, 1)): [16, 13, 5, 5, 3, 1]
(1, (1, 0, 1), (1, 2)): [12, 11, 2, 4, 2]
(1, (1, 0, 1), (2, 0)): [7, 8, 4, 1]
(1, (1, 0, 1), (2, 1)): [7, 8, 5, 2, 0, 1]
(1, (1, 0, 1), (2, 2)): [1, 5, 2, 2, 1]
(1, (1, 0, 1), (3, 0)): [2, 3, 1]
(1, (1, 0, 1), (3, 1)): [3, 2, 2, 2, 0, 1]
(1, (1, 0, 1), (3, 2)): [3, 6, 2, 3, 1]
(1, (1, 1, 0), (0, 0)): [1470, 429, 293, 228, 84, 34, 16, 5, 3, 2, 2]
(1, (1, 1, 0), (0, 1)): [79, 23, 14, 9, 6, 1, 0, 1]
(1, (1, 1, 0), (0, 2)): [37, 7, 5, 2, 2]
(1, (1, 1, 0), (1, 0)): [64, 26, 15, 15, 4, 1]
(1, (1, 1, 0), (1, 1)): [60, 16, 10, 12, 3, 2]
(1, (1, 1, 0), (1, 2)): [46, 10, 8, 2, 2, 1]
(1, (1, 1, 0), (2, 0)): [21, 10, 6, 4, 3]
(1, (1, 1, 0), (2, 1)): [32, 12, 7, 6, 4, 1]
(1, (1, 1, 0), (2, 2)): [43, 10, 7, 4, 2, 2]
(1, (1, 1, 0), (3, 0)): [5, 1, 1, 1, 1]
(1, (1, 1, 0), (3, 1)): [11, 7, 1, 3, 2]
(1, (1, 1, 0), (3, 2)): [25, 4, 3, 2, 0, 1]
(1, (1, 1, 1), (0, 0)): [338, 229, 169, 111, 71, 33, 13, 2, 2, 0, 1]
(1, (1, 1, 1), (0, 1)): [22, 16, 5, 10, 3, 1, 1]
(1, (1, 1, 1), (0, 2)): [11, 6, 2, 1, 2, 1, 1]
(1, (1, 1, 1), (1, 0)): [16, 11, 7, 5, 6, 1]
(1, (1, 1, 1), (1, 1)): [15, 8, 5, 11, 3]
(1, (1, 1, 1), (1, 2)): [13, 7, 2, 4, 2, 1, 1]
(1, (1, 1, 1), (2, 0)): [2, 5, 2, 1, 2, 1]
(1, (1, 1, 1), (2, 1)): [6, 8, 4, 4]
(1, (1, 1, 1), (2, 2)): [5, 7, 1, 7, 1, 1, 1]
(1, (1, 1, 1), (3, 0)): [0, 1, 0, 0, 1]
(1, (1, 1, 1), (3, 1)): [1, 3, 4, 1, 1]
(1, (1, 1, 1), (3, 2)): [3, 6, 3, 1]
(2, (0, 0, 0), (0, 0)): [11594, 612, 222, 58, 20, 6, 3]
(2, (0, 0, 0), (0, 1)): [636, 35, 14, 1, 0, 0, 1]
(2, (0, 0, 0), (0, 2)): [248, 8, 4]
(2, (0, 0, 0), (1, 0)): [736, 38, 15, 6, 1]
(2, (0, 0, 0), (1, 1)): [588, 38, 12, 3, 1, 0, 1]
(2, (0, 0, 0), (1, 2)): [381, 18, 6, 1, 1]
(2, (0, 0, 0), (2, 0)): [267, 10, 9, 3]
(2, (0, 0, 0), (2, 1)): [338, 18, 10, 2, 0, 0, 1]
(2, (0, 0, 0), (2, 2)): [316, 17, 8, 1, 1]
(2, (0, 0, 0), (3, 0)): [93, 4, 3, 2]
(2, (0, 0, 0), (3, 1)): [158, 10, 7, 3]
(2, (0, 0, 0), (3, 2)): [198, 18, 6, 2, 1]
(2, (0, 0, 1), (0, 0)): [933, 261, 68, 15, 7, 1, 1]
(2, (0, 0, 1), (0, 1)): [49, 12, 5, 0, 1]
(2, (0, 0, 1), (0, 2)): [20, 4, 1]
(2, (0, 0, 1), (1, 0)): [61, 18, 1]
(2, (0, 0, 1), (1, 1)): [47, 7, 4, 0, 1]
(2, (0, 0, 1), (1, 2)): [29, 7, 1]
(2, (0, 0, 1), (2, 0)): [16, 5, 1]
(2, (0, 0, 1), (2, 1)): [27, 3]
(2, (0, 0, 1), (2, 2)): [21, 6]
(2, (0, 0, 1), (3, 0)): [9, 1, 1]
(2, (0, 0, 1), (3, 1)): [10, 1]
(2, (0, 0, 1), (3, 2)): [14, 2]
(2, (0, 1, 0), (0, 0)): [2461, 514, 140, 55, 14, 4, 2, 1]
(2, (0, 1, 0), (0, 1)): [128, 23, 10, 3, 1]
(2, (0, 1, 0), (0, 2)): [40, 6, 3, 1]
(2, (0, 1, 0), (1, 0)): [182, 26, 8, 5, 0, 0, 0, 1]
(2, (0, 1, 0), (1, 1)): [115, 17, 9, 4, 1, 0, 0, 1]
(2, (0, 1, 0), (1, 2)): [68, 9, 3, 3]
(2, (0, 1, 0), (2, 0)): [92, 13, 4, 3]
(2, (0, 1, 0), (2, 1)): [77, 6, 3, 1, 0, 0, 0, 1]
(2, (0, 1, 0), (2, 2)): [71, 8, 2, 2, 0, 0, 0, 1]
(2, (0, 1, 0), (3, 0)): [49, 6, 3, 2]
(2, (0, 1, 0), (3, 1)): [35, 2, 3, 1]
(2, (0, 1, 0), (3, 2)): [43, 2, 2, 2]
(2, (0, 1, 1), (0, 0)): [535, 43, 153, 29, 13, 6, 1, 1, 0, 0, 0, 1, 0, 1]
(2, (0, 1, 1), (0, 1)): [17, 1, 7, 1, 0, 0, 0, 1]
(2, (0, 1, 1), (0, 2)): [8, 0, 3]
(2, (0, 1, 1), (1, 0)): [35, 4, 5, 2, 1]
(2, (0, 1, 1), (1, 1)): [22, 1, 3, 1, 0, 0, 0, 1]
(2, (0, 1, 1), (1, 2)): [12, 1, 2, 0, 0, 0, 0, 1]
(2, (0, 1, 1), (2, 0)): [19, 4, 3, 2, 1]
(2, (0, 1, 1), (2, 1)): [9, 0, 3, 1]
(2, (0, 1, 1), (2, 2)): [12, 1, 3, 1, 0, 0, 0, 1]
(2, (0, 1, 1), (3, 0)): [16, 4, 2, 2, 1]
(2, (0, 1, 1), (3, 1)): [4, 1, 0, 0, 1]
(2, (0, 1, 1), (3, 2)): [7, 1, 0, 0, 0, 0, 0, 1]
(2, (1, 0, 0), (0, 0)): [6148, 402, 347, 90, 29, 10, 6, 0, 0, 1]
(2, (1, 0, 0), (0, 1)): [322, 21, 18, 3, 2]
(2, (1, 0, 0), (0, 2)): [119, 6, 4, 2, 1]
(2, (1, 0, 0), (1, 0)): [327, 22, 21, 11, 1]
(2, (1, 0, 0), (1, 1)): [262, 11, 19, 4, 2]
(2, (1, 0, 0), (1, 2)): [164, 9, 8, 2, 1]
(2, (1, 0, 0), (2, 0)): [100, 7, 9, 6]
(2, (1, 0, 0), (2, 1)): [128, 7, 10, 4, 1]
(2, (1, 0, 0), (2, 2)): [106, 5, 8, 2]
(2, (1, 0, 0), (3, 0)): [32, 4, 4, 1]
(2, (1, 0, 0), (3, 1)): [55, 4, 5, 2, 1]
(2, (1, 0, 0), (3, 2)): [51, 5, 6, 1, 1]
(2, (1, 0, 1), (0, 0)): [937, 206, 79, 58, 18, 5, 2, 2, 0, 1, 0, 0, 1]
(2, (1, 0, 1), (0, 1)): [50, 7, 2, 3, 1, 0, 0, 1]
(2, (1, 0, 1), (0, 2)): [18, 4, 0, 0, 1]
(2, (1, 0, 1), (1, 0)): [42, 10, 4, 1, 1]
(2, (1, 0, 1), (1, 1)): [32, 6, 1, 2, 0, 0, 0, 1]
(2, (1, 0, 1), (1, 2)): [23, 2, 1, 0, 0, 0, 0, 1]
(2, (1, 0, 1), (2, 0)): [13, 6, 3, 0, 1]
(2, (1, 0, 1), (2, 1)): [26, 7, 1, 1]
(2, (1, 0, 1), (2, 2)): [21, 2, 1, 0, 0, 0, 0, 1]
(2, (1, 0, 1), (3, 0)): [1, 1, 1, 0, 1]
(2, (1, 0, 1), (3, 1)): [9, 2, 0, 1]
(2, (1, 0, 1), (3, 2)): [15, 2, 1, 0, 0, 0, 0, 1]
(2, (1, 1, 0), (0, 0)): [2577, 405, 181, 141, 40, 14, 7, 0, 2, 1]
(2, (1, 1, 0), (0, 1)): [123, 18, 6, 6, 2]
(2, (1, 1, 0), (0, 2)): [54, 6, 1, 2]
(2, (1, 1, 0), (1, 0)): [125, 12, 10, 7, 2, 1, 1]
(2, (1, 1, 0), (1, 1)): [102, 13, 8, 4, 3]
(2, (1, 1, 0), (1, 2)): [78, 10, 1, 2, 1]
(2, (1, 1, 0), (2, 0)): [41, 1, 3, 2, 0, 1]
(2, (1, 1, 0), (2, 1)): [56, 4, 5, 2, 2]
(2, (1, 1, 0), (2, 2)): [54, 8, 4, 2, 1]
(2, (1, 1, 0), (3, 0)): [12, 1, 1]
(2, (1, 1, 0), (3, 1)): [26, 3, 1, 0, 2]
(2, (1, 1, 0), (3, 2)): [37, 4, 4, 1, 1]
(2, (1, 1, 1), (0, 0)): [779, 118, 144, 57, 37, 15, 4, 2, 1]
(2, (1, 1, 1), (0, 1)): [36, 1, 4, 2, 3, 1]
(2, (1, 1, 1), (0, 2)): [15, 0, 1, 1, 1]
(2, (1, 1, 1), (1, 0)): [32, 9, 7, 2, 3, 1, 0, 1]
(2, (1, 1, 1), (1, 1)): [33, 1, 7, 3, 0, 1]
(2, (1, 1, 1), (1, 2)): [18, 0, 1, 0, 1]
(2, (1, 1, 1), (2, 0)): [5, 7, 0, 0, 1, 1, 0, 1]
(2, (1, 1, 1), (2, 1)): [10, 3, 4, 0, 1, 1]
(2, (1, 1, 1), (2, 2)): [11, 0, 2, 0, 1]
(2, (1, 1, 1), (3, 0)): [1, 5, 0, 0, 0, 1]
(2, (1, 1, 1), (3, 1)): [3, 5, 2, 0, 0, 2]
(2, (1, 1, 1), (3, 2)): [3, 1, 1, 0, 0, 1]
