(0, (0, 0, 0)): [16732, 3422, 1583, 753, 333, 140, 65, 28, 9, 4, 7]
(0, (0, 0, 1)): [108, 369, 106, 40, 23, 9, 6, 2, 0, 1, 1]
(0, (0, 1, 0)): [652, 617, 223, 129, 58, 23, 8, 3, 1, 1, 1]
(0, (0, 1, 1)): [45, 94, 144, 63, 26, 9, 6, 4, 2, 1, 1]
(0, (1, 0, 0)): [3936, 1466, 873, 438, 201, 96, 42, 18, 6, 3, 4]
(0, (1, 0, 1)): [105, 236, 131, 98, 55, 29, 12, 8, 3, 2, 2]
(0, (1, 1, 0)): [523, 340, 322, 189, 119, 55, 29, 9, 1, 4, 1]
(0, (1, 1, 1)): [69, 103, 90, 80, 60, 30, 17, 6, 2, 4, 1]
(1, (0, 0, 0)): [13124, 1401, 546, 224, 85, 34, 14, 7, 2, 1, 1]
(1, (0, 0, 1)): [596, 894, 191, 87, 33, 15, 6, 2, 2, 1]
(1, (0, 1, 0)): [2270, 1115, 349, 179, 61, 30, 5, 5, 3]
(1, (0, 1, 1)): [364, 324, 379, 135, 65, 28, 15, 3, 3, 1, 1]
(1, (1, 0, 0)): [5459, 1156, 604, 251, 87, 36, 13, 10, 4, 1, 2]
(1, (1, 0, 1)): [411, 486, 188, 130, 59, 26, 4, 4, 1, 1, 1]
(1, (1, 1, 0)): [1352, 431, 324, 212, 76, 29, 8, 6, 3, 1]
(1, (1, 1, 1)): [280, 222, 141, 126, 77, 37, 15, 8, 2]
(2, (0, 0, 0)): [11452, 472, 133, 53, 25, 5, 3, 1]
(2, (0, 0, 1)): [1643, 652, 87, 40, 11, 3, 3]
(2, (0, 1, 0)): [3878, 934, 214, 71, 15, 7, 6, 3]
(2, (0, 1, 1)): [1018, 98, 251, 56, 19, 8, 1, 1]
(2, (1, 0, 0)): [6726, 563, 242, 90, 27, 14, 2, 2]
(2, (1, 0, 1)): [1054, 316, 124, 59, 24, 6, 1]
(2, (1, 1, 0)): [2054, 296, 178, 109, 19, 14, 2, 1, 1, 1]
(2, (1, 1, 1)): [618, 98, 125, 63, 34, 14, 4, 2, 1, 1]
