(0, (0, 0, 0)): [1525317, 304806, 139818, 63257, 28113, 11948, 4902, 2035, 812, 366, 155, 67, 32, 10, 4, 1, 0, 1]
(0, (0, 0, 1)): [6463, 19270, 5257, 2476, 1184, 499, 226, 103, 37, 22, 10, 3, 3, 2]
(0, (0, 1, 0)): [54126, 50347, 19560, 9374, 4518, 1916, 820, 345, 139, 79, 27, 6, 3, 2, 2]
(0, (0, 1, 1)): [4509, 7665, 9217, 4242, 2254, 1037, 445, 205, 102, 44, 10, 6, 2, 2, 1, 0, 0, 1]
(0, (1, 0, 0)): [326420, 109522, 68776, 33829, 16055, 7151, 2960, 1274, 531, 241, 108, 42, 22, 4, 3, 1, 0, 1]
(0, (1, 0, 1)): [7815, 23470, 9632, 6583, 3458, 1569, 752, 309, 146, 58, 31, 15, 5, 1, 2, 0, 0, 1]
(0, (1, 1, 0)): [44696, 28502, 21509, 15194, 8091, 3788, 1601, 759, 306, 149, 67, 24, 10, 2]
(0, (1, 1, 1)): [4378, 8179, 6730, 5082, 4015, 2012, 923, 457, 201, 91, 43, 15, 4, 1, 1]
(1, (0, 0, 0)): [1235984, 134019, 54733, 21498, 8299, 3165, 1212, 448, 167, 66, 26, 15, 7, 3, 0, 1]
(1, (0, 0, 1)): [34750, 49956, 9813, 4157, 1737, 689, 266, 110, 46, 18, 9, 5, 4, 1]
(1, (0, 1, 0)): [169140, 75406, 26941, 11504, 4601, 1820, 621, 280, 86, 40, 21, 9, 9, 2, 1]
(1, (0, 1, 1)): [27061, 22126, 20079, 7965, 4060, 1586, 621, 241, 115, 40, 12, 7, 2, 2, 0, 1]
(1, (1, 0, 0)): [470618, 84054, 53178, 22452, 9076, 3600, 1408, 502, 216, 90, 31, 22, 5, 3, 0, 2]
(1, (1, 0, 1)): [37781, 44228, 14310, 9466, 4043, 1645, 650, 252, 85, 53, 14, 6, 0, 1]
(1, (1, 1, 0)): [128683, 39707, 26602, 18750, 7855, 3235, 1261, 510, 211, 80, 26, 15, 9, 5, 1]
(1, (1, 1, 1)): [26238, 20820, 13351, 8777, 6349, 2692, 1089, 410, 178, 64, 20, 15, 8, 3, 1, 1]
(2, (0, 0, 0)): [1073276, 48151, 16134, 5119, 1685, 544, 183, 57, 11, 6, 5, 0, 1]
(2, (0, 0, 1)): [101116, 31406, 6116, 2064, 733, 243, 70, 22, 4, 2, 0, 1]
(2, (0, 1, 0)): [267745, 57183, 15194, 5283, 1717, 581, 174, 50, 14, 8, 5, 0, 1]
(2, (0, 1, 1)): [61179, 5330, 13505, 3602, 1418, 452, 154, 49, 18, 4, 3, 1, 0, 1]
(2, (1, 0, 0)): [571237, 41500, 26476, 8373, 2677, 860, 327, 91, 19, 11, 6, 0, 1]
(2, (1, 0, 1)): [97144, 23693, 9358, 5491, 1796, 593, 198, 65, 22, 7, 0, 3, 1]
(2, (1, 1, 0)): [220647, 33764, 16983, 11390, 3618, 1181, 388, 126, 45, 20, 7, 1, 2, 1]
(2, (1, 1, 1)): [63628, 9271, 10742, 5287, 3813, 1209, 404, 137, 46, 10, 7, 1, 1, 1]
