(0, (0, 0, 0), (0, 0)): [16849, 3369, 1549, 692, 293, 140, 47, 19, 10, 1]
(0, (0, 0, 0), (0, 1)): [902, 167, 84, 39, 11, 9, 4, 1]
(0, (0, 0, 0), (0, 2)): [328, 60, 29, 10, 2, 3, 1]
(0, (0, 0, 0), (1, 0)): [866, 183, 93, 45, 20, 11, 5, 3]
(0, (0, 0, 0), (1, 1)): [814, 146, 67, 40, 11, 7, 3, 2]
(0, (0, 0, 0), (1, 2)): [527, 89, 38, 20, 4, 6, 1]
(0, (0, 0, 0), (2, 0)): [276, 76, 44, 15, 9, 8, 2, 2]
(0, (0, 0, 0), (2, 1)): [424, 100, 60, 19, 14, 6, 3, 2]
(0, (0, 0, 0), (2, 2)): [419, 74, 52, 18, 8, 4, 2]
(0, (0, 0, 0), (3, 0)): [94, 23, 15, 8, 2, 3, 1, 1]
(0, (0, 0, 0), (3, 1)): [172, 44, 31, 15, 5, 6, 0, 2]
(0, (0, 0, 0), (3, 2)): [227, 51, 33, 8, 8, 5, 1]
(0, (0, 0, 1), (0, 0)): [60, 166, 34, 23, 5, 11, 0, 3, 1]
(0, (0, 0, 1), (0, 1)): [5, 11, 4, 2]
(0, (0, 0, 1), (0, 2)): [2, 4, 1, 1]
(0, (0, 0, 1), (1, 0)): [3, 12, 2, 2, 1, 0, 0, 1]
(0, (0, 0, 1), (1, 1)): [3, 8, 2, 0, 1]
(0, (0, 0, 1), (1, 2)): [3, 6, 1, 1]
(0, (0, 0, 1), (2, 0)): [1, 7, 1, 2]
(0, (0, 0, 1), (2, 1)): [1, 6, 1, 1, 1]
(0, (0, 0, 1), (2, 2)): [2, 4, 2]
(0, (0, 0, 1), (3, 0)): [0, 1]
(0, (0, 0, 1), (3, 1)): [0, 4, 0, 1, 1]
(0, (0, 0, 1), (3, 2)): [0, 2]
(0, (0, 1, 0), (0, 0)): [527, 462, 169, 97, 48, 11, 2, 1]
(0, (0, 1, 0), (0, 1)): [30, 17, 7, 2, 2]
(0, (0, 1, 0), (0, 2)): [11, 5, 3]
(0, (0, 1, 0), (1, 0)): [29, 20, 13, 9, 1]
(0, (0, 1, 0), (1, 1)): [19, 15, 8, 1, 2]
(0, (0, 1, 0), (1, 2)): [11, 9, 6, 0, 1]
(0, (0, 1, 0), (2, 0)): [13, 8, 5, 5]
(0, (0, 1, 0), (2, 1)): [18, 14, 3, 2, 1]
(0, (0, 1, 0), (2, 2)): [15, 11, 2, 2, 1]
(0, (0, 1, 0), (3, 0)): [5, 2, 3, 3]
(0, (0, 1, 0), (3, 1)): [4, 5, 3, 2, 1]
(0, (0, 1, 0), (3, 2)): [9, 9, 3, 1, 1]
(0, (0, 1, 1), (0, 0)): [52, 90, 73, 42, 29, 10, 2, 1, 1]
(0, (0, 1, 1), (0, 1)): [1, 4, 5, 4, 1]
(0, (0, 1, 1), (0, 2)): [1, 2, 1, 1]
(0, (0, 1, 1), (1, 0)): [3, 3, 12, 2, 4, 0, 0, 1, 1]
(0, (0, 1, 1), (1, 1)): [2, 4, 8, 4, 2, 0, 0, 1, 1]
(0, (0, 1, 1), (1, 2)): [2, 5, 3, 3, 1, 0, 0, 0, 1]
(0, (0, 1, 1), (2, 0)): [1, 0, 6, 0, 2]
(0, (0, 1, 1), (2, 1)): [1, 1, 7, 1]
(0, (0, 1, 1), (2, 2)): [2, 4, 3, 1, 1, 0, 0, 0, 1]
(0, (0, 1, 1), (3, 0)): [0, 0, 2, 0, 1]
(0, (0, 1, 1), (3, 1)): [0, 0, 1]
(0, (0, 1, 1), (3, 2)): [0, 2, 1, 1, 1, 0, 0, 0, 1]
(0, (1, 0, 0), (0, 0)): [3602, 1100, 736, 346, 162, 80, 31, 11, 7, 1]
(0, (1, 0, 0), (0, 1)): [193, 50, 40, 13, 6, 6, 4, 1]
(0, (1, 0, 0), (0, 2)): [60, 17, 15, 3, 1, 1, 2]
(0, (1, 0, 0), (1, 0)): [171, 57, 58, 14, 10, 5, 3, 0, 1]
(0, (1, 0, 0), (1, 1)): [148, 35, 43, 13, 5, 3, 4, 1]
(0, (1, 0, 0), (1, 2)): [85, 29, 25, 6, 4, 1, 2, 1]
(0, (1, 0, 0), (2, 0)): [61, 20, 19, 5, 1, 2, 0, 0, 1]
(0, (1, 0, 0), (2, 1)): [73, 13, 25, 4, 0, 3, 3, 0, 1]
(0, (1, 0, 0), (2, 2)): [78, 20, 16, 3, 3, 2, 3]
(0, (1, 0, 0), (3, 0)): [15, 9, 7, 2]
(0, (1, 0, 0), (3, 1)): [18, 11, 14, 3, 0, 0, 0, 0, 1]
(0, (1, 0, 0), (3, 2)): [32, 17, 13, 3, 3, 0, 1, 0, 1]
(0, (1, 0, 1), (0, 0)): [66, 252, 93, 53, 30, 12, 4, 1]
(0, (1, 0, 1), (0, 1)): [4, 12, 5, 3, 1]
(0, (1, 0, 1), (0, 2)): [0, 6, 1]
(0, (1, 0, 1), (1, 0)): [4, 18, 4, 2, 1, 2, 1]
(0, (1, 0, 1), (1, 1)): [6, 13, 2, 3, 1, 0, 1]
(0, (1, 0, 1), (1, 2)): [4, 8, 2, 0, 0, 0, 1]
(0, (1, 0, 1), (2, 0)): [1, 6, 2, 0, 1, 2]
(0, (1, 0, 1), (2, 1)): [2, 9, 0, 2, 0, 1]
(0, (1, 0, 1), (2, 2)): [2, 7, 0, 1]
(0, (1, 0, 1), (3, 0)): [0, 2, 2, 0, 1, 1]
(0, (1, 0, 1), (3, 1)): [0, 6, 1, 1, 1]
(0, (1, 0, 1), (3, 2)): [0, 2, 1, 1]
(0, (1, 1, 0), (0, 0)): [528, 279, 189, 150, 75, 41, 16, 5, 3, 1]
(0, (1, 1, 0), (0, 1)): [25, 13, 6, 5, 1, 1, 1]
(0, (1, 1, 0), (0, 2)): [10, 7, 0, 2, 0, 1]
(0, (1, 1, 0), (1, 0)): [30, 17, 19, 8, 4, 2, 1]
(0, (1, 1, 0), (1, 1)): [25, 12, 15, 4, 2, 1, 1]
(0, (1, 1, 0), (1, 2)): [20, 5, 6, 2, 0, 2]
(0, (1, 1, 0), (2, 0)): [9, 5, 3, 2, 1, 1]
(0, (1, 1, 0), (2, 1)): [11, 5, 5, 3, 1, 0, 1]
(0, (1, 1, 0), (2, 2)): [13, 4, 1, 0, 1, 1]
(0, (1, 1, 0), (3, 0)): [2, 1, 1, 0, 1, 1]
(0, (1, 1, 0), (3, 1)): [4, 3, 3, 2, 1, 0, 1]
(0, (1, 1, 0), (3, 2)): [7, 1, 2, 2, 1]
(0, (1, 1, 1), (0, 0)): [57, 96, 55, 43, 42, 26, 7, 4, 3, 1]
(0, (1, 1, 1), (0, 1)): [2, 9, 7, 1, 4, 2, 0, 0, 1]
(0, (1, 1, 1), (0, 2)): [1, 5, 2, 0, 1, 0, 0, 0, 1]
(0, (1, 1, 1), (1, 0)): [1, 6, 4, 1, 3, 2, 1]
(0, (1, 1, 1), (1, 1)): [2, 6, 7, 0, 2, 2, 1]
(0, (1, 1, 1), (1, 2)): [1, 5, 3, 0, 1, 2, 0, 0, 1]
(0, (1, 1, 1), (2, 0)): [0, 2, 1, 1, 2, 1]
(0, (1, 1, 1), (2, 1)): [1, 2, 2, 1, 2, 1]
(0, (1, 1, 1), (2, 2)): [0, 0, 4, 1, 1, 2]
(0, (1, 1, 1), (3, 0)): [0, 0, 1, 0, 1]
(0, (1, 1, 1), (3, 1)): [0, 2, 1, 0, 0, 1]
(0, (1, 1, 1), (3, 2)): [0, 1, 2, 1, 0, 2]
(1, (0, 0, 0), (0, 0)): [13767, 1494, 647, 257, 98, 37, 11, 4, 2]
(1, (0, 0, 0), (0, 1)): [765, 71, 28, 14, 1, 1]
(1, (0, 0, 0), (0, 2)): [297, 19, 7, 3]
(1, (0, 0, 0), (1, 0)): [709, 106, 49, 17, 8, 4, 1, 1]
(1, (0, 0, 0), (1, 1)): [687, 78, 35, 12, 5, 3]
(1, (0, 0, 0), (1, 2)): [430, 27, 16, 10, 2, 2]
(1, (0, 0, 0), (2, 0)): [232, 38, 19, 10, 3, 2, 1, 1]
(1, (0, 0, 0), (2, 1)): [378, 58, 21, 9, 3, 1, 0, 1]
(1, (0, 0, 0), (2, 2)): [356, 32, 19, 9, 1, 3]
(1, (0, 0, 0), (3, 0)): [69, 12, 10, 3, 2, 1, 1]
(1, (0, 0, 0), (3, 1)): [150, 30, 11, 7, 4, 1, 0, 1]
(1, (0, 0, 0), (3, 2)): [223, 26, 17, 5, 2, 2, 0, 1]
(1, (0, 0, 1), (0, 0)): [336, 425, 64, 32, 14, 4, 0, 0, 1]
(1, (0, 0, 1), (0, 1)): [23, 18, 2, 5, 2]
(1, (0, 0, 1), (0, 2)): [9, 9, 0, 2]
(1, (0, 0, 1), (1, 0)): [20, 21, 3, 5, 1]
(1, (0, 0, 1), (1, 1)): [21, 14, 4, 4, 3]
(1, (0, 0, 1), (1, 2)): [20, 13, 2, 2, 1]
(1, (0, 0, 1), (2, 0)): [8, 7, 0, 3]
(1, (0, 0, 1), (2, 1)): [11, 7, 1, 3, 2]
(1, (0, 0, 1), (2, 2)): [14, 8, 3, 1, 1]
(1, (0, 0, 1), (3, 0)): [2, 0, 0, 2]
(1, (0, 0, 1), (3, 1)): [2, 2, 0, 2]
(1, (0, 0, 1), (3, 2)): [6, 2, 1, 0, 1]
(1, (0, 1, 0), (0, 0)): [1602, 664, 260, 117, 43, 19, 2, 1]
(1, (0, 1, 0), (0, 1)): [79, 30, 10, 3]
(1, (0, 1, 0), (0, 2)): [36, 11, 3, 1]
(1, (0, 1, 0), (1, 0)): [94, 43, 17, 12, 4, 2]
(1, (0, 1, 0), (1, 1)): [73, 26, 16, 4, 0, 1]
(1, (0, 1, 0), (1, 2)): [45, 16, 7, 1]
(1, (0, 1, 0), (2, 0)): [28, 16, 3, 6, 3, 1]
(1, (0, 1, 0), (2, 1)): [33, 11, 4, 2, 1, 2]
(1, (0, 1, 0), (2, 2)): [30, 10, 7, 0, 1]
(1, (0, 1, 0), (3, 0)): [18, 6, 2, 6, 2]
(1, (0, 1, 0), (3, 1)): [13, 5, 1, 3, 0, 2]
(1, (0, 1, 0), (3, 2)): [15, 5, 3, 1, 1]
(1, (0, 1, 1), (0, 0)): [273, 196, 170, 72, 45, 15, 6, 6, 1]
(1, (0, 1, 1), (0, 1)): [9, 7, 7, 3, 2, 1]
(1, (0, 1, 1), (0, 2)): [3, 1, 4, 1, 2]
(1, (0, 1, 1), (1, 0)): [27, 11, 15, 8, 3, 2, 3, 2]
(1, (0, 1, 1), (1, 1)): [10, 6, 9, 3, 1, 1]
(1, (0, 1, 1), (1, 2)): [3, 3, 5, 2, 2]
(1, (0, 1, 1), (2, 0)): [17, 6, 8, 7, 2, 2, 3, 2]
(1, (0, 1, 1), (2, 1)): [10, 3, 3, 2, 1]
(1, (0, 1, 1), (2, 2)): [6, 2, 4, 2, 2]
(1, (0, 1, 1), (3, 0)): [13, 4, 7, 6, 2, 2, 3, 2]
(1, (0, 1, 1), (3, 1)): [2, 4]
(1, (0, 1, 1), (3, 2)): [4, 3, 1, 1, 1]
(1, (1, 0, 0), (0, 0)): [5200, 822, 627, 276, 96, 34, 17, 10, 4]
(1, (1, 0, 0), (0, 1)): [291, 28, 34, 12, 4, 2, 1, 1]
(1, (1, 0, 0), (0, 2)): [108, 9, 13, 0, 3, 1]
(1, (1, 0, 0), (1, 0)): [279, 44, 27, 25, 6, 4, 3, 1]
(1, (1, 0, 0), (1, 1)): [244, 20, 21, 17, 3, 3, 1, 2]
(1, (1, 0, 0), (1, 2)): [161, 14, 17, 7, 3, 1, 0, 1]
(1, (1, 0, 0), (2, 0)): [101, 19, 16, 9, 3, 2, 2]
(1, (1, 0, 0), (2, 1)): [127, 14, 13, 10, 2, 2, 2, 1]
(1, (1, 0, 0), (2, 2)): [109, 10, 12, 7, 2, 1, 2, 1]
(1, (1, 0, 0), (3, 0)): [35, 7, 4, 2, 1, 1, 1]
(1, (1, 0, 0), (3, 1)): [53, 10, 5, 7, 1, 3, 1]
(1, (1, 0, 0), (3, 2)): [63, 7, 6, 7, 2, 1, 2]
(1, (1, 0, 1), (0, 0)): [392, 429, 124, 91, 29, 11, 7, 2, 1]
(1, (1, 0, 1), (0, 1)): [26, 20, 6, 7, 3, 0, 2]
(1, (1, 0, 1), (0, 2)): [17, 6, 1, 2, 1, 0, 2]
(1, (1, 0, 1), (1, 0)): [25, 24, 4, 5, 3]
(1, (1, 0, 1), (1, 1)): [15, 17, 4, 5, 2]
(1, (1, 0, 1), (1, 2)): [12, 8, 0, 4, 1, 0, 1]
(1, (1, 0, 1), (2, 0)): [8, 6, 2, 2, 1]
(1, (1, 0, 1), (2, 1)): [11, 9, 5, 1, 1]
(1, (1, 0, 1), (2, 2)): [10, 9, 1, 2, 1]
(1, (1, 0, 1), (3, 0)): [3, 3, 0, 2, 1]
(1, (1, 0, 1), (3, 1)): [5, 4, 2, 2, 2]
(1, (1, 0, 1), (3, 2)): [9, 5, 1, 1]
(1, (1, 1, 0), (0, 0)): [1447, 425, 286, 216, 85, 34, 14, 8, 2]
(1, (1, 1, 0), (0, 1)): [69, 19, 13, 9, 3, 4, 2]
(1, (1, 1, 0), (0, 2)): [28, 8, 9, 5, 1, 1, 1]
(1, (1, 1, 0), (1, 0)): [77, 26, 15, 17, 7, 2, 0, 2]
(1, (1, 1, 0), (1, 1)): [55, 16, 10, 11, 3, 3, 1, 1]
(1, (1, 1, 0), (1, 2)): [41, 5, 10, 6, 2, 1, 2]
(1, (1, 1, 0), (2, 0)): [26, 10, 4, 6, 1, 1]
(1, (1, 1, 0), (2, 1)): [31, 18, 9, 4, 1, 1, 0, 1]
(1, (1, 1, 0), (2, 2)): [34, 8, 5, 3, 3]
(1, (1, 1, 0), (3, 0)): [4, 1, 1, 2, 1]
(1, (1, 1, 0), (3, 1)): [11, 8, 4, 2, 1, 1]
(1, (1, 1, 0), (3, 2)): [23, 4, 4, 2, 2]
(1, (1, 1, 1), (0, 0)): [322, 217, 153, 94, 65, 27, 11, 8, 1, 1]
(1, (1, 1, 1), (0, 1)): [16, 12, 8, 3, 2, 1, 3]
(1, (1, 1, 1), (0, 2)): [10, 5, 6, 2, 1, 1, 1]
(1, (1, 1, 1), (1, 0)): [20, 16, 9, 10, 4, 1, 1]
(1, (1, 1, 1), (1, 1)): [12, 9, 5, 5, 2, 1, 2]
(1, (1, 1, 1), (1, 2)): [14, 3, 3, 3, 1, 2]
(1, (1, 1, 1), (2, 0)): [8, 7, 5, 5, 2]
(1, (1, 1, 1), (2, 1)): [6, 9, 4, 4, 1, 0, 2]
(1, (1, 1, 1), (2, 2)): [8, 4, 3, 5]
(1, (1, 1, 1), (3, 0)): [2, 2, 3, 2, 1]
(1, (1, 1, 1), (3, 1)): [2, 7, 1, 1]
(1, (1, 1, 1), (3, 2)): [5, 4, 0, 3]
(2, (0, 0, 0), (0, 0)): [12042, 571, 195, 61, 23, 9, 2]
(2, (0, 0, 0), (0, 1)): [647, 25, 13, 2, 1]
(2, (0, 0, 0), (0, 2)): [246, 10, 4, 1]
(2, (0, 0, 0), (1, 0)): [639, 33, 17, 3, 2]
(2, (0, 0, 0), (1, 1)): [569, 25, 13, 2, 1]
(2, (0, 0, 0), (1, 2)): [377, 13, 8, 1]
(2, (0, 0, 0), (2, 0)): [211, 10, 9, 1, 1]
(2, (0, 0, 0), (2, 1)): [324, 18, 7, 3]
(2, (0, 0, 0), (2, 2)): [310, 12, 8, 2]
(2, (0, 0, 0), (3, 0)): [63, 4, 7, 0, 1]
(2, (0, 0, 0), (3, 1)): [150, 12, 4, 0, 1]
(2, (0, 0, 0), (3, 2)): [189, 10, 5]
(2, (0, 0, 1), (0, 0)): [915, 274, 56, 18, 2, 3]
(2, (0, 0, 1), (0, 1)): [52, 12, 0, 1]
(2, (0, 0, 1), (0, 2)): [19, 1, 0, 1]
(2, (0, 0, 1), (1, 0)): [63, 14, 3, 2]
(2, (0, 0, 1), (1, 1)): [47, 12, 2]
(2, (0, 0, 1), (1, 2)): [27, 4, 0, 1]
(2, (0, 0, 1), (2, 0)): [24, 6, 1, 2]
(2, (0, 0, 1), (2, 1)): [28, 6, 1, 1]
(2, (0, 0, 1), (2, 2)): [25, 4, 0, 1]
(2, (0, 0, 1), (3, 0)): [8, 2, 1, 1]
(2, (0, 0, 1), (3, 1)): [11, 1, 1, 1]
(2, (0, 0, 1), (3, 2)): [12, 2, 0, 1]
(2, (0, 1, 0), (0, 0)): [2654, 497, 152, 57, 23, 5, 1]
(2, (0, 1, 0), (0, 1)): [133, 22, 2, 4, 1]
(2, (0, 1, 0), (0, 2)): [50, 9, 1, 1, 1]
(2, (0, 1, 0), (1, 0)): [156, 29, 7, 4, 1, 0, 1]
(2, (0, 1, 0), (1, 1)): [127, 20, 3, 3, 1]
(2, (0, 1, 0), (1, 2)): [82, 10, 2, 2]
(2, (0, 1, 0), (2, 0)): [69, 12, 3, 3, 0, 0, 1]
(2, (0, 1, 0), (2, 1)): [80, 20, 1, 2]
(2, (0, 1, 0), (2, 2)): [72, 9, 1, 3]
(2, (0, 1, 0), (3, 0)): [34, 5, 1, 3, 0, 0, 1]
(2, (0, 1, 0), (3, 1)): [34, 7, 0, 1]
(2, (0, 1, 0), (3, 2)): [48, 7, 1, 2]
(2, (0, 1, 1), (0, 0)): [588, 49, 120, 36, 12, 5, 3]
(2, (0, 1, 1), (0, 1)): [21, 5, 5, 0, 0, 1]
(2, (0, 1, 1), (0, 2)): [7, 2, 4]
(2, (0, 1, 1), (1, 0)): [36, 4, 11, 3, 2]
(2, (0, 1, 1), (1, 1)): [27, 2, 2, 1, 0, 1]
(2, (0, 1, 1), (1, 2)): [16, 2, 3]
(2, (0, 1, 1), (2, 0)): [18, 2, 5, 2, 2]
(2, (0, 1, 1), (2, 1)): [16, 1, 3, 0, 0, 1]
(2, (0, 1, 1), (2, 2)): [17, 2, 4, 0, 0, 1]
(2, (0, 1, 1), (3, 0)): [9, 2, 3, 1, 2]
(2, (0, 1, 1), (3, 1)): [10, 0, 1, 1, 2]
(2, (0, 1, 1), (3, 2)): [10, 1, 3, 0, 1, 1]
(2, (1, 0, 0), (0, 0)): [6248, 401, 326, 95, 32, 13, 3, 2]
(2, (1, 0, 0), (0, 1)): [359, 15, 15, 5]
(2, (1, 0, 0), (0, 2)): [127, 6, 7, 2]
(2, (1, 0, 0), (1, 0)): [343, 21, 21, 2, 2, 0, 1]
(2, (1, 0, 0), (1, 1)): [286, 14, 15, 3, 1]
(2, (1, 0, 0), (1, 2)): [201, 8, 7, 3, 1]
(2, (1, 0, 0), (2, 0)): [109, 7, 1, 1, 1, 0, 1]
(2, (1, 0, 0), (2, 1)): [130, 4, 4, 1, 1]
(2, (1, 0, 0), (2, 2)): [149, 4, 5, 3, 1]
(2, (1, 0, 0), (3, 0)): [41, 4, 0, 1]
(2, (1, 0, 0), (3, 1)): [60, 3, 0, 1]
(2, (1, 0, 0), (3, 2)): [83, 3, 1, 2]
(2, (1, 0, 1), (0, 0)): [935, 225, 80, 55, 21, 5, 1]
(2, (1, 0, 1), (0, 1)): [51, 9, 7, 2, 0, 0, 1]
(2, (1, 0, 1), (0, 2)): [15, 3, 1, 1]
(2, (1, 0, 1), (1, 0)): [33, 11, 3, 6, 2]
(2, (1, 0, 1), (1, 1)): [37, 9, 5, 5, 0, 0, 1]
(2, (1, 0, 1), (1, 2)): [18, 2, 3, 3, 0, 0, 1]
(2, (1, 0, 1), (2, 0)): [4, 1, 2, 1, 2]
(2, (1, 0, 1), (2, 1)): [21, 2, 1, 2]
(2, (1, 0, 1), (2, 2)): [16, 1, 2, 1, 0, 0, 1]
(2, (1, 0, 1), (3, 0)): [1, 0, 0, 1, 2]
(2, (1, 0, 1), (3, 1)): [9, 0, 0, 1, 1]
(2, (1, 0, 1), (3, 2)): [12, 1, 1, 1, 1]
(2, (1, 1, 0), (0, 0)): [2471, 365, 179, 141, 50, 16, 3, 2]
(2, (1, 1, 0), (0, 1)): [138, 18, 4, 5]
(2, (1, 1, 0), (0, 2)): [52, 8, 0, 3]
(2, (1, 1, 0), (1, 0)): [134, 14, 9, 8, 0, 0, 1]
(2, (1, 1, 0), (1, 1)): [120, 9, 6, 5]
(2, (1, 1, 0), (1, 2)): [72, 5, 3, 3]
(2, (1, 1, 0), (2, 0)): [44, 7, 4, 2, 0, 0, 1]
(2, (1, 1, 0), (2, 1)): [73, 6, 4, 4, 0, 0, 1]
(2, (1, 1, 0), (2, 2)): [61, 2, 4, 4, 0, 0, 1]
(2, (1, 1, 0), (3, 0)): [20, 2, 2]
(2, (1, 1, 0), (3, 1)): [32, 3, 3]
(2, (1, 1, 0), (3, 2)): [22, 2, 2, 0, 0, 0, 1]
(2, (1, 1, 1), (0, 0)): [713, 106, 114, 56, 39, 11, 3, 1]
(2, (1, 1, 1), (0, 1)): [44, 2, 3, 2, 1, 0, 1]
(2, (1, 1, 1), (0, 2)): [15, 2, 1, 1, 1]
(2, (1, 1, 1), (1, 0)): [29, 8, 3, 2, 4, 2]
(2, (1, 1, 1), (1, 1)): [34, 3, 2, 1, 1, 0, 1]
(2, (1, 1, 1), (1, 2)): [18, 3, 2, 0, 2]
(2, (1, 1, 1), (2, 0)): [7, 5, 1, 2, 2, 2]
(2, (1, 1, 1), (2, 1)): [19, 3, 0, 0, 1, 1, 1]
(2, (1, 1, 1), (2, 2)): [17, 4, 0, 0, 1, 1]
(2, (1, 1, 1), (3, 0)): [1, 4, 1, 1, 0, 1]
(2, (1, 1, 1), (3, 1)): [4, 6, 0, 1, 1, 0, 1]
(2, (1, 1, 1), (3, 2)): [5, 5, 0, 1, 2, 1, 1]
