(0, (0, 0, 0), (0, 0)): [878233, 176463, 82639, 37782, 17077, 7437, 3070, 1295, 538, 242, 108, 48, 25, 6, 3, 1, 0, 1]
(0, (0, 0, 0), (0, 1)): [19857, 3611, 1696, 751, 330, 147, 51, 30, 7, 5, 2, 0, 2, 1, 0, 1]
(0, (0, 0, 0), (0, 2)): [7266, 1142, 526, 240, 105, 39, 18, 13, 2, 1, 0, 0, 1]
(0, (0, 0, 0), (1, 0)): [18090, 3841, 1939, 873, 443, 184, 85, 32, 11, 6, 2]
(0, (0, 0, 0), (1, 1)): [16703, 3213, 1589, 726, 330, 134, 47, 23, 6, 4, 3, 0, 1, 1, 0, 1]
(0, (0, 0, 0), (1, 2)): [10787, 1819, 836, 365, 183, 75, 22, 13, 5, 2, 0, 0, 2]
(0, (0, 0, 0), (2, 0)): [5944, 1398, 746, 369, 183, 89, 41, 15, 4, 2, 1]
(0, (0, 0, 0), (2, 1)): [8900, 1847, 995, 471, 216, 95, 39, 21, 3, 1, 1, 0, 0, 1]
(0, (0, 0, 0), (2, 2)): [8522, 1558, 775, 357, 170, 80, 21, 12, 3, 3, 1, 0, 2]
(0, (0, 0, 0), (3, 0)): [1953, 482, 308, 171, 81, 46, 19, 6, 3, 0, 1]
(0, (0, 0, 0), (3, 1)): [3570, 864, 545, 277, 115, 56, 24, 13, 4]
(0, (0, 0, 0), (3, 2)): [4852, 1022, 634, 293, 135, 57, 16, 10, 5, 2, 0, 0, 2]
(0, (0, 0, 1), (0, 0)): [3882, 11995, 3306, 1560, 775, 343, 154, 82, 31, 19, 6, 1, 3, 1]
(0, (0, 0, 1), (0, 1)): [77, 197, 60, 20, 17, 7, 5, 1, 0, 1, 0, 0, 0, 1]
(0, (0, 0, 1), (0, 2)): [33, 77, 18, 7, 6, 1]
(0, (0, 0, 1), (1, 0)): [75, 192, 52, 32, 20, 10, 2, 2, 1]
(0, (0, 0, 1), (1, 1)): [65, 143, 48, 17, 19, 7, 5, 1, 0, 1, 0, 0, 0, 1]
(0, (0, 0, 1), (1, 2)): [46, 98, 27, 9, 9, 0, 3, 1, 0, 1]
(0, (0, 0, 1), (2, 1)): [37, 87, 28, 16, 13, 5, 1]
(0, (0, 0, 1), (2, 2)): [44, 76, 22, 7, 10, 1, 2]
(0, (0, 1, 0), (0, 0)): [28890, 27803, 10829, 5136, 2544, 1111, 454, 200, 86, 49, 17, 5, 3, 0, 1]
(0, (0, 1, 0), (0, 1)): [624, 507, 183, 92, 34, 21, 10, 5, 1]
(0, (0, 1, 0), (0, 2)): [242, 152, 62, 26, 7, 9, 2, 0, 1]
(0, (0, 1, 0), (1, 0)): [577, 506, 220, 115, 58, 27, 10, 2, 1]
(0, (0, 1, 0), (1, 1)): [497, 420, 173, 85, 32, 15, 10, 5]
(0, (0, 1, 0), (1, 2)): [328, 252, 97, 50, 18, 10, 4, 2, 1]
(0, (0, 1, 0), (2, 0)): [196, 176, 74, 46, 26, 17, 3, 0, 1]
(0, (0, 1, 0), (2, 1)): [246, 219, 94, 53, 14, 17, 6, 3]
(0, (0, 1, 0), (2, 2)): [257, 189, 87, 46, 15, 7, 6, 1, 1]
(0, (0, 1, 0), (3, 0)): [73, 64, 33, 25, 19, 5, 1, 0, 1]
(0, (0, 1, 0), (3, 1)): [99, 92, 50, 28, 16, 9, 3, 1]
(0, (0, 1, 0), (3, 2)): [156, 114, 65, 34, 17, 6, 6]
(0, (0, 1, 1), (0, 0)): [2589, 4426, 5589, 2536, 1374, 624, 274, 130, 62, 30, 9, 6, 0, 2, 1, 0, 0, 1]
(0, (0, 1, 1), (0, 1)): [49, 61, 95, 43, 23, 8, 8, 3, 2]
(0, (0, 1, 1), (0, 2)): [25, 24, 34, 15, 12, 5, 3, 2]
(0, (0, 1, 1), (1, 0)): [60, 106, 127, 68, 42, 17, 8, 6, 4, 0, 0, 1]
(0, (0, 1, 1), (1, 1)): [39, 62, 84, 43, 22, 5, 5, 2, 2]
(0, (0, 1, 1), (1, 2)): [27, 32, 47, 22, 17, 5, 3, 2, 1]
(0, (0, 1, 1), (2, 0)): [35, 61, 62, 36, 23, 12, 4, 5, 3, 0, 0, 1]
(0, (0, 1, 1), (2, 2)): [34, 34, 43, 19, 10, 4, 2, 2, 2]
(0, (0, 1, 1), (3, 2)): [15, 19, 33, 15, 8, 3, 2, 4, 3]
(0, (1, 0, 0), (0, 0)): [193401, 65293, 41365, 20484, 9855, 4485, 1900, 825, 353, 156, 73, 31, 15, 4, 2, 1, 0, 1]
(0, (1, 0, 0), (0, 1)): [4180, 1108, 798, 387, 206, 92, 31, 14, 8, 1]
(0, (1, 0, 0), (0, 2)): [1588, 329, 261, 103, 59, 20, 13, 2, 5, 1]
(0, (1, 0, 0), (1, 0)): [3580, 1163, 862, 406, 205, 78, 46, 20, 8, 6, 2, 1]
(0, (1, 0, 0), (1, 1)): [3095, 901, 670, 312, 163, 62, 26, 15, 6, 4, 0, 1]
(0, (1, 0, 0), (1, 2)): [1972, 476, 370, 147, 82, 28, 18, 8, 3, 2]
(0, (1, 0, 0), (2, 0)): [1125, 391, 279, 156, 83, 33, 14, 10, 4, 2, 2]
(0, (1, 0, 0), (2, 1)): [1500, 459, 347, 184, 93, 38, 15, 7, 5, 3, 0, 1]
(0, (1, 0, 0), (2, 2)): [1386, 372, 284, 126, 73, 22, 15, 7, 3, 3]
(0, (1, 0, 0), (3, 0)): [327, 134, 106, 70, 42, 12, 4, 5, 0, 1, 1]
(0, (1, 0, 0), (3, 1)): [560, 199, 152, 96, 60, 18, 5, 3, 4, 1, 1, 1]
(0, (1, 0, 0), (3, 2)): [705, 229, 166, 86, 64, 18, 7, 5, 3, 3]
(0, (1, 0, 1), (0, 0)): [4384, 13842, 5763, 3897, 2098, 981, 477, 202, 90, 38, 20, 10, 4, 0, 1, 0, 0, 1]
(0, (1, 0, 1), (0, 1)): [89, 254, 103, 71, 30, 17, 12, 3, 1, 0, 0, 0, 1]
(0, (1, 0, 1), (0, 2)): [32, 97, 24, 23, 13, 8, 5, 1, 1]
(0, (1, 0, 1), (1, 0)): [85, 272, 98, 79, 41, 24, 2, 4, 4, 1, 1]
(0, (1, 0, 1), (1, 1)): [79, 201, 72, 54, 25, 13, 6, 1, 2, 0, 1]
(0, (1, 0, 1), (1, 2)): [60, 116, 36, 27, 14, 9, 3, 2, 2]
(0, (1, 0, 1), (2, 1)): [26, 119, 43, 34, 18, 9, 1, 0, 2, 0, 1]
(0, (1, 1, 0), (0, 0)): [26291, 16980, 13360, 9308, 5028, 2381, 1042, 506, 199, 90, 45, 18, 7, 1]
(0, (1, 1, 0), (0, 1)): [600, 322, 227, 173, 94, 40, 14, 11, 2, 0, 1, 1]
(0, (1, 1, 0), (0, 2)): [229, 115, 74, 55, 34, 12, 6, 6]
(0, (1, 1, 0), (1, 0)): [478, 294, 236, 172, 87, 55, 21, 13, 3, 3]
(0, (1, 1, 0), (1, 1)): [412, 220, 179, 130, 59, 35, 12, 9, 3, 1, 1]
(0, (1, 1, 0), (1, 2)): [284, 127, 98, 71, 38, 15, 4, 9, 1, 1]
(0, (1, 1, 0), (2, 0)): [136, 93, 74, 61, 34, 23, 7, 6, 2, 1]
(0, (1, 1, 0), (2, 1)): [191, 115, 82, 70, 36, 22, 9, 5, 2, 1]
(0, (1, 1, 0), (2, 2)): [192, 101, 75, 53, 25, 14, 3, 7, 2, 2]
(0, (1, 1, 0), (3, 0)): [32, 32, 27, 22, 13, 8, 3, 3, 1]
(0, (1, 1, 0), (3, 1)): [69, 47, 40, 40, 17, 13, 8, 3, 2]
(0, (1, 1, 0), (3, 2)): [108, 57, 45, 39, 16, 11, 2, 5, 2]
(0, (1, 1, 1), (0, 0)): [2737, 4936, 4159, 3268, 2584, 1268, 605, 314, 133, 61, 33, 12, 2, 1, 1]
(0, (1, 1, 1), (0, 1)): [75, 96, 87, 57, 42, 23, 8, 5, 6, 2, 1, 1]
(0, (1, 1, 1), (1, 0)): [50, 106, 105, 75, 66, 33, 11, 10, 3, 0, 1, 1]
(0, (1, 1, 1), (1, 1)): [55, 80, 87, 58, 34, 23, 9, 7, 2, 1, 1]
(0, (1, 1, 1), (1, 2)): [45, 52, 43, 22, 16, 10, 3, 2, 4, 0, 0, 1]
(0, (1, 1, 1), (2, 0)): [13, 43, 26, 32, 33, 11, 3, 4, 1, 0, 1]
(0, (1, 1, 1), (2, 1)): [28, 39, 36, 34, 28, 14, 3, 4, 2]
(0, (1, 1, 1), (2, 2)): [27, 35, 32, 28, 14, 10, 3, 3, 1, 0, 0, 1]
(0, (1, 1, 1), (3, 2)): [9, 11, 19, 24, 11, 7, 3, 0, 2, 0, 0, 1]
(1, (0, 0, 0), (0, 0)): [702556, 76446, 31721, 12585, 5004, 1934, 727, 285, 114, 43, 21, 11, 6, 2, 0, 1]
(1, (0, 0, 0), (0, 1)): [16047, 1624, 684, 257, 106, 28, 12, 8, 1, 0, 0, 0, 0, 1]
(1, (0, 0, 0), (0, 2)): [5872, 479, 192, 72, 30, 9, 1, 2]
(1, (0, 0, 0), (1, 0)): [15191, 1879, 815, 304, 138, 51, 19, 7, 0, 1, 0, 0, 0, 0, 0, 1]
(1, (0, 0, 0), (1, 1)): [13797, 1510, 626, 230, 101, 39, 17, 5, 1, 1, 0, 0, 0, 1]
(1, (0, 0, 0), (1, 2)): [8683, 764, 302, 130, 58, 27, 7, 2]
(1, (0, 0, 0), (2, 0)): [5191, 720, 365, 128, 55, 22, 7, 4, 0, 0, 0, 0, 0, 0, 0, 1]
(1, (0, 0, 0), (2, 1)): [7576, 933, 409, 152, 68, 21, 10, 5, 0, 1]
(1, (0, 0, 0), (2, 2)): [7194, 710, 313, 124, 58, 32, 10, 3]
(1, (0, 0, 0), (3, 0)): [1646, 257, 172, 55, 27, 8, 4, 0, 0, 0, 0, 0, 0, 0, 0, 1]
(1, (0, 0, 0), (3, 1)): [3158, 489, 257, 90, 46, 7, 3, 3]
(1, (0, 0, 0), (3, 2)): [4113, 510, 265, 92, 50, 19, 10, 3]
(1, (0, 0, 1), (0, 0)): [20353, 30490, 5984, 2509, 1078, 454, 178, 78, 35, 12, 6, 4, 4, 1]
(1, (0, 0, 1), (0, 1)): [393, 430, 91, 31, 17, 7, 5]
(1, (0, 0, 1), (0, 2)): [164, 140, 27, 7, 2, 1, 3]
(1, (0, 0, 1), (1, 0)): [396, 554, 112, 60, 28, 12, 6, 2, 1]
(1, (0, 0, 1), (1, 1)): [346, 403, 79, 37, 21, 6, 2, 2]
(1, (0, 0, 1), (1, 2)): [255, 221, 32, 15, 11, 2, 2]
(1, (0, 0, 1), (2, 0)): [172, 219, 46, 27, 14, 7, 5, 0, 1]
(1, (0, 0, 1), (2, 1)): [166, 241, 40, 23, 12, 7, 5, 2]
(1, (0, 0, 1), (2, 2)): [172, 185, 34, 16, 6, 2, 1]
(1, (0, 0, 1), (3, 0)): [75, 88, 27, 18, 8, 3, 2, 0, 1]
(1, (0, 0, 1), (3, 1)): [88, 118, 15, 14, 7, 3, 3, 2]
(1, (0, 0, 1), (3, 2)): [105, 114, 22, 13, 5, 2, 3]
(1, (0, 1, 0), (0, 0)): [96531, 45181, 15995, 6722, 2744, 1111, 376, 176, 52, 28, 15, 7, 6, 1, 1]
(1, (0, 1, 0), (0, 1)): [1776, 699, 260, 108, 33, 14, 7, 3, 1]
(1, (0, 1, 0), (0, 2)): [696, 241, 80, 22, 8, 6, 3]
(1, (0, 1, 0), (1, 0)): [2125, 954, 344, 199, 96, 27, 11, 4, 0, 0, 1, 0, 0, 1]
(1, (0, 1, 0), (1, 1)): [1573, 602, 238, 116, 45, 15, 7, 4, 1, 0, 0, 0, 0, 1]
(1, (0, 1, 0), (1, 2)): [1033, 355, 132, 44, 15, 7, 5, 2]
(1, (0, 1, 0), (2, 0)): [914, 409, 154, 103, 47, 15, 7, 3, 0, 0, 1]
(1, (0, 1, 0), (2, 1)): [834, 347, 131, 78, 36, 11, 6, 3, 0, 0, 1, 0, 0, 1]
(1, (0, 1, 0), (2, 2)): [801, 305, 119, 43, 25, 6, 3, 1]
(1, (0, 1, 0), (3, 0)): [480, 198, 64, 73, 34, 8, 4, 2]
(1, (0, 1, 0), (3, 1)): [408, 163, 63, 48, 23, 7, 3, 1, 0, 0, 0, 0, 0, 1]
(1, (0, 1, 0), (3, 2)): [455, 169, 79, 43, 23, 2, 4, 1, 0, 0, 0, 0, 0, 1]
(1, (0, 1, 1), (0, 0)): [16306, 13511, 13037, 5106, 2578, 1018, 406, 159, 82, 22, 9, 4, 1, 2, 0, 1]
(1, (0, 1, 1), (0, 1)): [259, 176, 160, 53, 29, 14, 5, 2]
(1, (0, 1, 1), (0, 2)): [130, 55, 53, 17, 9, 3, 1]
(1, (0, 1, 1), (1, 0)): [455, 329, 256, 129, 87, 31, 13, 8, 3, 1]
(1, (0, 1, 1), (1, 1)): [218, 154, 147, 54, 27, 7, 6, 2]
(1, (0, 1, 1), (1, 2)): [169, 82, 81, 37, 11, 5, 2]
(1, (0, 1, 1), (2, 0)): [295, 215, 142, 87, 68, 27, 10, 7, 3, 1]
(1, (0, 1, 1), (2, 1)): [127, 103, 74, 34, 16, 8, 6, 1]
(1, (0, 1, 1), (2, 2)): [124, 79, 72, 31, 16, 3, 1, 1]
(1, (0, 1, 1), (3, 0)): [240, 168, 112, 66, 60, 23, 7, 7, 3, 1]
(1, (0, 1, 1), (3, 1)): [65, 46, 33, 17, 6, 7, 5]
(1, (0, 1, 1), (3, 2)): [76, 55, 39, 14, 10, 3, 1]
(1, (1, 0, 0), (0, 0)): [279285, 50764, 31786, 13740, 5624, 2271, 869, 325, 147, 62, 23, 16, 4, 2, 0, 2]
(1, (1, 0, 0), (0, 1)): [6021, 844, 631, 254, 108, 40, 17, 3, 1, 2]
(1, (1, 0, 0), (0, 2)): [2167, 264, 225, 66, 31, 11, 6, 1, 0, 2]
(1, (1, 0, 0), (1, 0)): [5642, 1003, 720, 334, 144, 49, 23, 9, 1, 2, 0, 0, 1, 0, 0, 1]
(1, (1, 0, 0), (1, 1)): [4780, 722, 534, 217, 92, 35, 13, 6, 1, 0, 0, 0, 0, 0, 0, 1]
(1, (1, 0, 0), (1, 2)): [2985, 376, 309, 95, 47, 17, 5, 4, 0, 1]
(1, (1, 0, 0), (2, 0)): [1830, 360, 270, 156, 60, 24, 10, 0, 1, 2, 0, 0, 1]
(1, (1, 0, 0), (2, 1)): [2426, 420, 326, 151, 62, 20, 9, 2, 2, 0, 0, 0, 0, 0, 0, 1]
(1, (1, 0, 0), (2, 2)): [2213, 315, 271, 103, 45, 13, 5, 3, 1, 1]
(1, (1, 0, 0), (3, 0)): [560, 123, 88, 71, 26, 10, 4, 0, 0, 2, 0, 0, 1]
(1, (1, 0, 0), (3, 1)): [925, 221, 149, 91, 31, 12, 6, 1, 0, 1, 0, 0, 0, 0, 0, 1]
(1, (1, 0, 0), (3, 2)): [1148, 229, 158, 82, 30, 14, 5, 1, 1, 1, 0, 0, 0, 0, 0, 1]
(1, (1, 0, 1), (0, 0)): [21690, 26857, 8887, 5788, 2503, 1048, 386, 164, 61, 43, 13, 3, 0, 1]
(1, (1, 0, 1), (0, 1)): [479, 422, 128, 100, 50, 18, 10, 3, 3, 2]
(1, (1, 0, 1), (0, 2)): [220, 129, 42, 33, 8, 7, 4, 1, 0, 1]
(1, (1, 0, 1), (1, 0)): [456, 529, 157, 119, 65, 20, 6, 1, 0, 2]
(1, (1, 0, 1), (1, 1)): [357, 355, 103, 88, 46, 6, 7, 2, 2]
(1, (1, 0, 1), (1, 2)): [281, 184, 58, 53, 20, 6, 5, 2, 0, 1]
(1, (1, 0, 1), (2, 0)): [179, 178, 57, 34, 29, 12, 1, 0, 0, 1]
(1, (1, 0, 1), (2, 1)): [167, 188, 55, 47, 28, 7, 5, 1, 2]
(1, (1, 0, 1), (2, 2)): [176, 142, 50, 30, 19, 5, 5, 0, 1]
(1, (1, 0, 1), (3, 0)): [72, 71, 20, 14, 14, 6, 0, 0, 0, 1]
(1, (1, 0, 1), (3, 1)): [74, 86, 19, 24, 20, 6, 0, 1]
(1, (1, 0, 1), (3, 2)): [93, 81, 29, 23, 19, 8, 3, 1, 1]
(1, (1, 1, 0), (0, 0)): [75086, 23584, 16502, 11312, 4916, 2082, 816, 326, 134, 56, 19, 10, 6, 4, 1]
(1, (1, 1, 0), (0, 1)): [1637, 431, 276, 215, 86, 33, 18, 5, 1]
(1, (1, 1, 0), (0, 2)): [659, 170, 93, 74, 25, 8, 4]
(1, (1, 1, 0), (1, 0)): [1488, 500, 351, 272, 121, 43, 17, 7, 1, 2, 0, 0, 2, 1]
(1, (1, 1, 0), (1, 1)): [1247, 346, 241, 186, 79, 30, 17, 6, 0, 2]
(1, (1, 1, 0), (1, 2)): [895, 216, 138, 108, 42, 14, 8, 1]
(1, (1, 1, 0), (2, 0)): [498, 177, 126, 103, 48, 17, 3, 2, 1, 0, 0, 0, 2, 1]
(1, (1, 1, 0), (2, 1)): [619, 214, 145, 109, 44, 19, 8, 3, 0, 1, 0, 0, 1]
(1, (1, 1, 0), (2, 2)): [645, 173, 99, 80, 39, 12, 4, 1]
(1, (1, 1, 0), (3, 0)): [136, 64, 40, 33, 24, 10, 1, 2, 1, 0, 0, 0, 1]
(1, (1, 1, 0), (3, 1)): [255, 102, 72, 56, 30, 11, 7, 3, 0, 1, 0, 0, 1]
(1, (1, 1, 0), (3, 2)): [342, 105, 74, 49, 33, 13, 7, 4, 0, 1, 0, 0, 1]
(1, (1, 1, 1), (0, 0)): [15537, 12452, 8079, 5501, 3969, 1703, 704, 267, 111, 42, 15, 11, 6, 2, 1, 1]
(1, (1, 1, 1), (0, 1)): [397, 247, 164, 103, 88, 33, 14, 5, 3]
(1, (1, 1, 1), (0, 2)): [204, 86, 58, 33, 33, 11, 7]
(1, (1, 1, 1), (1, 0)): [340, 252, 172, 110, 96, 39, 17, 6, 2, 2, 0, 1, 1]
(1, (1, 1, 1), (1, 1)): [280, 180, 130, 90, 79, 31, 7, 5, 1]
(1, (1, 1, 1), (1, 2)): [224, 89, 80, 52, 39, 24, 8, 1]
(1, (1, 1, 1), (2, 0)): [100, 100, 72, 43, 30, 18, 10, 3, 1, 1, 0, 1, 1]
(1, (1, 1, 1), (2, 1)): [142, 122, 81, 53, 45, 14, 8, 4, 1, 1, 0, 1]
(1, (1, 1, 1), (2, 2)): [149, 85, 65, 57, 39, 17, 7, 2]
(1, (1, 1, 1), (3, 1)): [39, 65, 25, 26, 19, 10, 5, 3, 0, 0, 0, 0, 1]
(2, (0, 0, 0), (0, 0)): [606399, 26987, 9198, 2894, 1018, 338, 122, 40, 9, 3, 4, 0, 1]
(2, (0, 0, 0), (0, 1)): [13935, 583, 206, 53, 31, 6, 5, 1]
(2, (0, 0, 0), (0, 2)): [4980, 152, 45, 15, 8, 1, 1, 1]
(2, (0, 0, 0), (1, 0)): [13861, 798, 261, 80, 35, 10, 3, 0, 0, 0, 0, 0, 1]
(2, (0, 0, 0), (1, 1)): [12287, 609, 213, 48, 30, 5, 6]
(2, (0, 0, 0), (1, 2)): [7634, 268, 95, 23, 14, 3, 3]
(2, (0, 0, 0), (2, 0)): [4977, 296, 119, 48, 17, 6, 1, 0, 0, 0, 0, 0, 1]
(2, (0, 0, 0), (2, 1)): [7071, 368, 132, 47, 10, 4, 3]
(2, (0, 0, 0), (2, 2)): [6397, 279, 103, 31, 13, 4, 1]
(2, (0, 0, 0), (3, 0)): [1684, 118, 68, 25, 13, 3, 1, 0, 0, 0, 0, 0, 1]
(2, (0, 0, 0), (3, 1)): [3194, 184, 89, 32, 12, 5, 2]
(2, (0, 0, 0), (3, 2)): [4029, 217, 100, 28, 9, 4]
(2, (0, 0, 1), (0, 0)): [59735, 19608, 3614, 1246, 445, 162, 48, 15, 2, 2, 0, 1]
(2, (0, 0, 1), (0, 1)): [1108, 313, 68, 22, 10, 3, 1]
(2, (0, 0, 1), (0, 2)): [430, 84, 24, 4, 1, 1]
(2, (0, 0, 1), (1, 0)): [1279, 378, 81, 31, 11, 4, 0, 2]
(2, (0, 0, 1), (1, 1)): [1034, 248, 56, 19, 9, 1, 1, 1]
(2, (0, 0, 1), (1, 2)): [686, 129, 28, 9, 2, 1, 1]
(2, (0, 0, 1), (2, 0)): [536, 160, 37, 21, 7, 4, 0, 1]
(2, (0, 0, 1), (2, 1)): [601, 137, 42, 15, 9, 1, 0, 2]
(2, (0, 0, 1), (2, 2)): [563, 103, 35, 6, 3, 2, 1]
(2, (0, 0, 1), (3, 0)): [267, 70, 20, 14, 3, 3]
(2, (0, 0, 1), (3, 1)): [299, 72, 19, 13, 6, 0, 0, 1]
(2, (0, 0, 1), (3, 2)): [349, 72, 25, 8, 2, 1]
(2, (0, 1, 0), (0, 0)): [155625, 34889, 8941, 3101, 1003, 338, 110, 28, 6, 2, 2, 0, 1]
(2, (0, 1, 0), (0, 1)): [2860, 518, 137, 50, 17, 1, 1]
(2, (0, 1, 0), (0, 2)): [1065, 145, 32, 11, 6]
(2, (0, 1, 0), (1, 0)): [3715, 644, 275, 112, 28, 15, 5, 1, 0, 0, 0, 0, 1]
(2, (0, 1, 0), (1, 1)): [2658, 464, 167, 54, 15, 4, 3, 1]
(2, (0, 1, 0), (1, 2)): [1642, 233, 65, 32, 6]
(2, (0, 1, 0), (2, 0)): [1733, 283, 135, 78, 20, 10, 3, 0, 0, 0, 0, 0, 1]
(2, (0, 1, 0), (2, 1)): [1599, 294, 102, 41, 11, 7, 3, 1, 0, 0, 0, 0, 1]
(2, (0, 1, 0), (2, 2)): [1455, 219, 65, 36, 8, 3, 0, 1]
(2, (0, 1, 0), (3, 0)): [971, 130, 77, 52, 14, 4, 2]
(2, (0, 1, 0), (3, 1)): [748, 132, 66, 26, 11, 4, 3, 0, 0, 0, 0, 0, 1]
(2, (0, 1, 0), (3, 2)): [935, 149, 62, 32, 7, 4, 1, 0, 0, 0, 0, 0, 1]
(2, (0, 1, 1), (0, 0)): [37206, 3329, 8656, 2261, 894, 288, 105, 35, 11, 4, 3, 1, 0, 1]
(2, (0, 1, 1), (0, 1)): [621, 54, 113, 25, 7, 3, 1, 3]
(2, (0, 1, 1), (0, 2)): [261, 19, 37, 9, 4, 1, 1]
(2, (0, 1, 1), (1, 0)): [866, 93, 174, 63, 27, 6, 4, 0, 0, 0, 1]
(2, (0, 1, 1), (1, 1)): [563, 48, 104, 29, 6, 3, 1, 2]
(2, (0, 1, 1), (1, 2)): [371, 26, 55, 10, 4, 1, 2, 1]
(2, (0, 1, 1), (2, 0)): [440, 57, 89, 37, 21, 5, 1, 0, 0, 0, 1]
(2, (0, 1, 1), (2, 1)): [307, 30, 73, 19, 6, 4]
(2, (0, 1, 1), (2, 2)): [311, 28, 58, 15, 3, 4, 1, 1]
(2, (0, 1, 1), (3, 0)): [310, 42, 51, 23, 18, 4, 1, 0, 0, 0, 1]
(2, (0, 1, 1), (3, 1)): [162, 15, 35, 11, 4, 1]
(2, (0, 1, 1), (3, 2)): [212, 23, 45, 11, 4, 4, 0, 1]
(2, (1, 0, 0), (0, 0)): [341238, 25398, 15555, 4936, 1631, 520, 212, 61, 15, 8, 5, 0, 1]
(2, (1, 0, 0), (0, 1)): [6878, 368, 294, 82, 34, 8, 6, 1]
(2, (1, 0, 0), (0, 2)): [2469, 106, 74, 15, 12, 2, 1]
(2, (1, 0, 0), (1, 0)): [7049, 570, 415, 156, 44, 13, 6, 1, 0, 0, 0, 0, 1]
(2, (1, 0, 0), (1, 1)): [5660, 352, 288, 92, 26, 3, 4]
(2, (1, 0, 0), (1, 2)): [3508, 176, 120, 47, 13, 2]
(2, (1, 0, 0), (2, 0)): [2380, 225, 143, 78, 19, 5, 3, 0, 0, 0, 0, 0, 1]
(2, (1, 0, 0), (2, 1)): [2885, 189, 162, 55, 22, 6, 2, 0, 0, 0, 0, 0, 1]
(2, (1, 0, 0), (2, 2)): [2654, 162, 122, 39, 16, 5, 1]
(2, (1, 0, 0), (3, 0)): [771, 105, 41, 45, 6, 1, 2]
(2, (1, 0, 0), (3, 1)): [1226, 130, 77, 43, 9, 3, 2, 0, 0, 0, 0, 0, 1]
(2, (1, 0, 0), (3, 2)): [1469, 132, 81, 36, 10, 7, 1, 0, 0, 0, 0, 0, 1]
(2, (1, 0, 1), (0, 0)): [55619, 14385, 5902, 3303, 1084, 363, 134, 44, 16, 4, 0, 2, 1]
(2, (1, 0, 1), (0, 1)): [1174, 250, 101, 71, 24, 2, 2, 2, 0, 0, 0, 1]
(2, (1, 0, 1), (0, 2)): [454, 72, 30, 17, 10, 0, 0, 1]
(2, (1, 0, 1), (1, 0)): [1092, 246, 120, 85, 36, 12, 4]
(2, (1, 0, 1), (1, 1)): [887, 190, 76, 64, 19, 6, 5, 1, 0, 0, 0, 1]
(2, (1, 0, 1), (1, 2)): [600, 91, 35, 25, 11, 4, 1, 2, 0, 0, 0, 1]
(2, (1, 0, 1), (2, 0)): [396, 86, 62, 29, 15, 4, 1]
(2, (1, 0, 1), (2, 1)): [489, 114, 39, 36, 16, 3, 1]
(2, (1, 0, 1), (2, 2)): [429, 72, 29, 22, 10, 3, 1, 2, 0, 0, 0, 1]
(2, (1, 0, 1), (3, 0)): [147, 27, 30, 12, 8, 1, 1]
(2, (1, 0, 1), (3, 1)): [230, 45, 26, 19, 7, 1, 2]
(2, (1, 0, 1), (3, 2)): [254, 51, 29, 13, 8, 3, 1, 2]
(2, (1, 1, 0), (0, 0)): [129070, 20206, 10461, 6661, 2120, 732, 223, 78, 30, 13, 6, 1, 2, 1]
(2, (1, 1, 0), (0, 1)): [2796, 387, 180, 123, 38, 7, 4, 2, 0, 0, 0, 0, 1]
(2, (1, 1, 0), (0, 2)): [1103, 118, 53, 26, 9, 1, 1]
(2, (1, 1, 0), (1, 0)): [2688, 412, 223, 189, 60, 19, 6, 2, 1, 1]
(2, (1, 1, 0), (1, 1)): [2245, 308, 149, 123, 31, 7, 2, 2, 1, 1, 0, 0, 1]
(2, (1, 1, 0), (1, 2)): [1529, 173, 82, 49, 13, 3, 2, 1]
(2, (1, 1, 0), (2, 0)): [943, 160, 99, 80, 32, 12, 3, 1]
(2, (1, 1, 0), (2, 1)): [1215, 153, 100, 79, 24, 11, 2, 1, 1, 1, 0, 0, 1]
(2, (1, 1, 0), (2, 2)): [1138, 140, 71, 61, 15, 4, 3, 1, 1]
(2, (1, 1, 0), (3, 0)): [342, 61, 42, 33, 15, 5, 1]
(2, (1, 1, 0), (3, 1)): [530, 85, 60, 46, 13, 8, 2, 1, 0, 0, 0, 0, 1]
(2, (1, 1, 0), (3, 2)): [648, 85, 57, 44, 15, 3, 2, 1, 1]
(2, (1, 1, 1), (0, 0)): [37748, 5652, 6373, 3280, 2290, 756, 251, 89, 34, 7, 5, 0, 1, 1]
(2, (1, 1, 1), (0, 1)): [953, 94, 131, 66, 48, 8, 5, 2, 1, 0, 0, 0, 1]
(2, (1, 1, 1), (0, 2)): [437, 27, 30, 18, 13, 2, 1, 0, 1]
(2, (1, 1, 1), (1, 0)): [741, 213, 137, 89, 55, 23, 7, 1, 1, 0, 1]
(2, (1, 1, 1), (1, 1)): [701, 104, 115, 64, 42, 6, 3, 0, 0, 0, 1, 0, 1]
(2, (1, 1, 1), (1, 2)): [529, 47, 47, 28, 17, 4, 2, 0, 0, 0, 1]
(2, (1, 1, 1), (2, 0)): [203, 142, 38, 38, 28, 15, 4, 1]
(2, (1, 1, 1), (2, 1)): [305, 99, 65, 36, 33, 8, 4, 0, 0, 0, 0, 0, 1]
(2, (1, 1, 1), (2, 2)): [345, 62, 47, 33, 20, 5, 2, 0, 0, 0, 1]
(2, (1, 1, 1), (3, 0)): [44, 96, 14, 21, 9, 8, 1]
(2, (1, 1, 1), (3, 1)): [100, 100, 24, 24, 21, 6, 4]
(2, (1, 1, 1), (3, 2)): [165, 85, 30, 35, 19, 8, 4, 0, 0, 0, 1]
