(0, (0, 0, 0), (0, 0)): [810352, 163690, 76899, 35249, 16033, 6989, 2898, 1222, 508, 234, 105, 47, 24, 6, 3, 1, 0, 1]
(0, (0, 0, 0), (0, 1)): [16932, 3164, 1500, 664, 286, 135, 45, 28, 6, 5, 2, 0, 2, 1, 0, 1]
(0, (0, 0, 0), (0, 2)): [6079, 1001, 466, 207, 93, 31, 15, 12, 1, 1, 0, 0, 1]
(0, (0, 0, 0), (1, 0)): [15569, 3368, 1722, 776, 404, 163, 76, 28, 10, 6, 2]
(0, (0, 0, 0), (1, 1)): [14357, 2831, 1412, 652, 291, 125, 45, 22, 6, 4, 3, 0, 1, 1, 0, 1]
(0, (0, 0, 0), (1, 2)): [9068, 1594, 736, 317, 155, 66, 19, 12, 4, 2, 0, 0, 2]
(0, (0, 0, 0), (2, 0)): [5145, 1228, 653, 325, 172, 76, 35, 14, 3, 2, 1]
(0, (0, 0, 0), (2, 1)): [7744, 1613, 877, 421, 198, 86, 35, 20, 3, 1, 1, 0, 0, 1]
(0, (0, 0, 0), (2, 2)): [7265, 1358, 681, 311, 150, 69, 20, 11, 2, 3, 1, 0, 2]
(0, (0, 0, 0), (3, 0)): [1726, 428, 283, 153, 76, 41, 16, 5, 2, 0, 1]
(0, (0, 0, 0), (3, 1)): [3160, 753, 494, 254, 109, 51, 19, 12, 3]
(0, (0, 0, 0), (3, 2)): [4222, 899, 565, 267, 124, 50, 16, 9, 4, 2, 0, 0, 2]
(0, (0, 0, 1), (0, 0)): [3608, 11289, 3150, 1475, 720, 324, 147, 81, 30, 18, 6, 1, 3, 1]
(0, (0, 0, 1), (0, 1)): [64, 161, 55, 19, 15, 6, 5, 1, 0, 1, 0, 0, 0, 1]
(0, (0, 0, 1), (0, 2)): [27, 60, 17, 7, 6, 1]
(0, (0, 0, 1), (1, 0)): [67, 170, 43, 29, 18, 9, 2, 2, 1]
(0, (0, 0, 1), (1, 1)): [55, 121, 41, 15, 17, 6, 5, 1, 0, 1, 0, 0, 0, 1]
(0, (0, 0, 1), (1, 2)): [37, 79, 26, 9, 7, 0, 3, 1, 0, 1]
(0, (0, 0, 1), (2, 0)): [31, 77, 18, 14, 6, 6, 1, 1, 1]
(0, (0, 0, 1), (2, 1)): [34, 75, 22, 14, 13, 5, 1]
(0, (0, 0, 1), (2, 2)): [32, 59, 20, 7, 8, 1, 2]
(0, (0, 0, 1), (3, 0)): [7, 35, 8, 6, 2, 3, 1, 1, 1]
(0, (0, 0, 1), (3, 1)): [15, 33, 10, 7, 7, 4, 0, 1]
(0, (0, 0, 1), (3, 2)): [18, 38, 8, 5, 7, 4, 1, 1]
(0, (0, 1, 0), (0, 0)): [26480, 25888, 10038, 4777, 2378, 1051, 431, 181, 81, 47, 17, 5, 3, 0, 1]
(0, (0, 1, 0), (0, 1)): [522, 416, 161, 77, 28, 18, 9, 4]
(0, (0, 1, 0), (0, 2)): [201, 124, 54, 20, 5, 7, 2]
(0, (0, 1, 0), (1, 0)): [500, 452, 183, 103, 50, 26, 10, 1, 1]
(0, (0, 1, 0), (1, 1)): [427, 356, 146, 73, 25, 14, 10, 4]
(0, (0, 1, 0), (1, 2)): [271, 217, 90, 39, 15, 10, 4, 1]
(0, (0, 1, 0), (2, 0)): [164, 158, 60, 44, 24, 16, 3, 0, 1]
(0, (0, 1, 0), (2, 1)): [204, 186, 71, 49, 12, 16, 6, 3]
(0, (0, 1, 0), (2, 2)): [215, 158, 72, 37, 11, 7, 6, 1]
(0, (0, 1, 0), (3, 0)): [62, 58, 26, 25, 17, 5, 1, 0, 1]
(0, (0, 1, 0), (3, 1)): [82, 82, 38, 28, 15, 9, 3, 1]
(0, (0, 1, 0), (3, 2)): [125, 97, 53, 29, 13, 6, 6]
(0, (0, 1, 1), (0, 0)): [2369, 4136, 5270, 2362, 1289, 593, 261, 126, 61, 27, 8, 6, 0, 2, 1, 0, 0, 1]
(0, (0, 1, 1), (0, 1)): [41, 55, 85, 38, 19, 6, 7, 3, 1]
(0, (0, 1, 1), (0, 2)): [21, 21, 29, 13, 10, 4, 3, 2]
(0, (0, 1, 1), (1, 0)): [56, 88, 117, 59, 41, 15, 7, 5, 4, 0, 0, 1]
(0, (0, 1, 1), (1, 1)): [33, 51, 76, 40, 19, 4, 5, 2, 2]
(0, (0, 1, 1), (1, 2)): [20, 23, 40, 21, 14, 4, 3, 2, 1]
(0, (0, 1, 1), (2, 0)): [33, 52, 57, 29, 23, 10, 3, 4, 3, 0, 0, 1]
(0, (0, 1, 1), (2, 1)): [26, 37, 51, 24, 12, 4, 2, 4, 3]
(0, (0, 1, 1), (2, 2)): [28, 26, 39, 17, 9, 3, 2, 2, 2]
(0, (0, 1, 1), (3, 0)): [20, 33, 30, 22, 17, 9, 1, 1, 0, 0, 0, 1]
(0, (0, 1, 1), (3, 1)): [10, 21, 20, 14, 9, 1, 0, 1, 2]
(0, (0, 1, 1), (3, 2)): [14, 15, 31, 14, 8, 3, 2, 3, 3]
(0, (1, 0, 0), (0, 0)): [179539, 61108, 38719, 19231, 9280, 4231, 1796, 783, 337, 151, 71, 30, 15, 4, 2, 1, 0, 1]
(0, (1, 0, 0), (0, 1)): [3597, 942, 721, 337, 187, 85, 28, 14, 7, 1]
(0, (1, 0, 0), (0, 2)): [1342, 276, 239, 90, 54, 19, 11, 2, 4, 1]
(0, (1, 0, 0), (1, 0)): [3090, 1019, 765, 366, 188, 72, 42, 16, 7, 5, 2]
(0, (1, 0, 0), (1, 1)): [2682, 778, 602, 277, 138, 56, 25, 13, 5, 3]
(0, (1, 0, 0), (1, 2)): [1691, 411, 337, 125, 72, 26, 16, 7, 3, 1]
(0, (1, 0, 0), (2, 0)): [974, 347, 245, 144, 82, 31, 12, 9, 4, 2, 2]
(0, (1, 0, 0), (2, 1)): [1303, 400, 306, 168, 83, 36, 12, 6, 5, 3]
(0, (1, 0, 0), (2, 2)): [1213, 331, 256, 114, 64, 20, 11, 6, 3, 2]
(0, (1, 0, 0), (3, 0)): [294, 120, 94, 62, 42, 11, 4, 5, 0, 1, 1]
(0, (1, 0, 0), (3, 1)): [479, 175, 135, 85, 58, 17, 5, 3, 4, 1, 1]
(0, (1, 0, 0), (3, 2)): [613, 209, 151, 80, 60, 17, 6, 4, 3, 2]
(0, (1, 0, 1), (0, 0)): [4034, 12920, 5420, 3670, 1975, 930, 451, 190, 88, 37, 19, 10, 4, 0, 1, 0, 0, 1]
(0, (1, 0, 1), (0, 1)): [78, 221, 89, 62, 26, 15, 11, 2, 1, 0, 0, 0, 1]
(0, (1, 0, 1), (0, 2)): [30, 83, 19, 19, 11, 8, 5, 1, 1]
(0, (1, 0, 1), (1, 0)): [75, 240, 91, 73, 37, 22, 2, 4, 4, 1, 1]
(0, (1, 0, 1), (1, 1)): [70, 180, 63, 50, 23, 11, 5, 1, 2, 0, 1]
(0, (1, 0, 1), (1, 2)): [54, 102, 31, 22, 12, 7, 3, 2, 2]
(0, (1, 0, 1), (2, 0)): [24, 84, 40, 28, 15, 13, 0, 3, 1, 1]
(0, (1, 0, 1), (2, 1)): [22, 111, 39, 32, 17, 9, 1, 0, 2, 0, 1]
(0, (1, 0, 1), (2, 2)): [41, 87, 31, 14, 12, 4, 2, 2, 1, 0, 1]
(0, (1, 0, 1), (3, 0)): [14, 25, 18, 13, 7, 8, 0, 3]
(0, (1, 0, 1), (3, 1)): [10, 39, 14, 17, 11, 6]
(0, (1, 0, 1), (3, 2)): [14, 45, 24, 11, 9, 3, 1, 0, 1, 0, 1]
(0, (1, 1, 0), (0, 0)): [24485, 15926, 12625, 8763, 4776, 2237, 987, 487, 192, 88, 44, 17, 7, 1]
(0, (1, 1, 0), (0, 1)): [524, 281, 194, 152, 84, 36, 12, 10, 1, 0, 1]
(0, (1, 1, 0), (0, 2)): [193, 99, 63, 49, 32, 11, 5, 6]
(0, (1, 1, 0), (1, 0)): [431, 261, 216, 155, 81, 50, 18, 12, 3, 3]
(0, (1, 1, 0), (1, 1)): [369, 195, 153, 112, 49, 31, 10, 9, 2, 1, 1]
(0, (1, 1, 0), (1, 2)): [251, 110, 87, 64, 31, 15, 3, 9, 1, 1]
(0, (1, 1, 0), (2, 0)): [123, 82, 72, 58, 34, 21, 5, 6, 2, 1]
(0, (1, 1, 0), (2, 1)): [171, 101, 77, 62, 35, 21, 8, 5, 1, 1]
(0, (1, 1, 0), (2, 2)): [171, 85, 68, 44, 21, 14, 2, 7, 2, 2]
(0, (1, 1, 0), (3, 0)): [31, 31, 27, 20, 13, 7, 2, 3, 1]
(0, (1, 1, 0), (3, 1)): [65, 43, 39, 36, 17, 11, 7, 3, 1]
(0, (1, 1, 0), (3, 2)): [98, 49, 42, 35, 12, 9, 1, 5, 2]
(0, (1, 1, 1), (0, 0)): [2566, 4656, 3927, 3089, 2441, 1199, 572, 303, 128, 58, 32, 11, 2, 1, 1]
(0, (1, 1, 1), (0, 1)): [69, 83, 80, 53, 36, 21, 8, 5, 5, 2, 1, 1]
(0, (1, 1, 1), (0, 2)): [33, 36, 25, 17, 17, 5, 2, 1, 2, 0, 0, 1]
(0, (1, 1, 1), (1, 0)): [43, 102, 97, 66, 63, 32, 10, 10, 3, 0, 1]
(0, (1, 1, 1), (1, 1)): [46, 73, 80, 51, 31, 21, 9, 7, 2, 1, 1]
(0, (1, 1, 1), (1, 2)): [41, 46, 42, 20, 14, 10, 3, 2, 3, 0, 0, 1]
(0, (1, 1, 1), (2, 0)): [12, 41, 25, 31, 31, 11, 2, 4, 1, 0, 1]
(0, (1, 1, 1), (2, 1)): [24, 36, 34, 30, 27, 13, 3, 4, 2]
(0, (1, 1, 1), (2, 2)): [24, 33, 31, 24, 14, 10, 3, 3, 1, 0, 0, 1]
(0, (1, 1, 1), (3, 0)): [2, 12, 12, 14, 11, 2, 1, 2, 0, 0, 1]
(0, (1, 1, 1), (3, 1)): [5, 18, 14, 22, 10, 4, 1, 1, 1, 0, 1]
(0, (1, 1, 1), (3, 2)): [8, 11, 18, 22, 11, 7, 3, 0, 2, 0, 0, 1]
(1, (0, 0, 0), (0, 0)): [646574, 70643, 29349, 11639, 4702, 1809, 683, 268, 104, 42, 20, 11, 5, 2, 0, 1]
(1, (0, 0, 0), (0, 1)): [13674, 1421, 598, 223, 99, 22, 12, 8, 1, 0, 0, 0, 0, 1]
(1, (0, 0, 0), (0, 2)): [4902, 413, 168, 63, 27, 7, 1, 2]
(1, (0, 0, 0), (1, 0)): [13040, 1650, 723, 267, 122, 45, 17, 7, 0, 1, 0, 0, 0, 0, 0, 1]
(1, (0, 0, 0), (1, 1)): [11880, 1341, 552, 205, 91, 33, 17, 5, 1, 1, 0, 0, 0, 1]
(1, (0, 0, 0), (1, 2)): [7350, 669, 268, 116, 52, 21, 7, 2]
(1, (0, 0, 0), (2, 0)): [4458, 636, 326, 109, 49, 20, 6, 4, 0, 0, 0, 0, 0, 0, 0, 1]
(1, (0, 0, 0), (2, 1)): [6531, 834, 368, 132, 63, 19, 9, 5, 0, 1]
(1, (0, 0, 0), (2, 2)): [6138, 627, 276, 111, 51, 26, 9, 3]
(1, (0, 0, 0), (3, 0)): [1428, 228, 152, 47, 25, 8, 4, 0, 0, 0, 0, 0, 0, 0, 0, 1]
(1, (0, 0, 0), (3, 1)): [2707, 447, 228, 82, 42, 7, 3, 3]
(1, (0, 0, 0), (3, 2)): [3545, 454, 239, 84, 43, 18, 9, 3]
(1, (0, 0, 1), (0, 0)): [18991, 28795, 5647, 2360, 1020, 431, 173, 77, 35, 12, 6, 4, 3, 1]
(1, (0, 0, 1), (0, 1)): [335, 373, 82, 27, 14, 7, 5]
(1, (0, 0, 1), (0, 2)): [132, 121, 24, 7, 2, 1, 3]
(1, (0, 0, 1), (1, 0)): [342, 477, 96, 49, 23, 10, 6, 2, 1]
(1, (0, 0, 1), (1, 1)): [302, 346, 68, 28, 16, 6, 2, 2]
(1, (0, 0, 1), (1, 2)): [220, 190, 28, 12, 8, 2, 2]
(1, (0, 0, 1), (2, 0)): [146, 191, 41, 25, 12, 6, 5, 0, 1]
(1, (0, 0, 1), (2, 1)): [139, 202, 35, 19, 9, 6, 5, 2]
(1, (0, 0, 1), (2, 2)): [149, 159, 28, 12, 4, 2, 1]
(1, (0, 0, 1), (3, 0)): [64, 79, 24, 17, 8, 3, 2, 0, 1]
(1, (0, 0, 1), (3, 1)): [77, 100, 13, 14, 5, 2, 3, 2]
(1, (0, 0, 1), (3, 2)): [93, 96, 19, 11, 4, 2, 3]
(1, (0, 1, 0), (0, 0)): [89645, 42438, 14954, 6301, 2583, 1046, 362, 162, 48, 28, 14, 7, 5, 1, 1]
(1, (0, 1, 0), (0, 1)): [1480, 601, 230, 93, 30, 12, 7, 3, 1]
(1, (0, 1, 0), (0, 2)): [565, 208, 71, 17, 6, 5, 3]
(1, (0, 1, 0), (1, 0)): [1833, 816, 302, 179, 86, 26, 10, 3, 0, 0, 1, 0, 0, 1]
(1, (0, 1, 0), (1, 1)): [1329, 517, 212, 103, 41, 14, 7, 4, 1, 0, 0, 0, 0, 1]
(1, (0, 1, 0), (1, 2)): [860, 299, 117, 37, 13, 6, 5, 2]
(1, (0, 1, 0), (2, 0)): [802, 345, 134, 100, 45, 15, 6, 2, 0, 0, 1]
(1, (0, 1, 0), (2, 1)): [710, 297, 115, 70, 34, 11, 6, 3, 0, 0, 1, 0, 0, 1]
(1, (0, 1, 0), (2, 2)): [664, 259, 104, 39, 23, 5, 3, 1]
(1, (0, 1, 0), (3, 0)): [421, 167, 58, 72, 32, 8, 3, 1]
(1, (0, 1, 0), (3, 1)): [354, 142, 54, 46, 22, 7, 2, 1, 0, 0, 0, 0, 0, 1]
(1, (0, 1, 0), (3, 2)): [373, 143, 66, 42, 22, 1, 3, 1, 0, 0, 0, 0, 0, 1]
(1, (0, 1, 1), (0, 0)): [15173, 12761, 12367, 4859, 2434, 968, 385, 156, 78, 22, 9, 4, 1, 2, 0, 1]
(1, (0, 1, 1), (0, 1)): [229, 155, 139, 47, 25, 11, 5, 2]
(1, (0, 1, 1), (0, 2)): [113, 47, 46, 16, 7, 2, 1]
(1, (0, 1, 1), (1, 0)): [399, 281, 228, 117, 76, 28, 11, 8, 3, 1]
(1, (0, 1, 1), (1, 1)): [194, 134, 128, 48, 24, 6, 6, 2]
(1, (0, 1, 1), (1, 2)): [148, 65, 68, 32, 8, 3, 2]
(1, (0, 1, 1), (2, 0)): [258, 187, 126, 78, 60, 25, 9, 7, 3, 1]
(1, (0, 1, 1), (2, 1)): [115, 89, 65, 31, 12, 8, 5, 1]
(1, (0, 1, 1), (2, 2)): [107, 69, 60, 26, 14, 2, 0, 1]
(1, (0, 1, 1), (3, 0)): [207, 151, 99, 60, 54, 21, 7, 7, 3, 1]
(1, (0, 1, 1), (3, 1)): [60, 39, 29, 15, 4, 6, 5]
(1, (0, 1, 1), (3, 2)): [69, 48, 32, 12, 9, 3, 1]
(1, (1, 0, 0), (0, 0)): [259333, 47644, 29596, 12824, 5262, 2145, 811, 306, 141, 60, 23, 15, 4, 2, 0, 2]
(1, (1, 0, 0), (0, 1)): [5164, 731, 559, 220, 91, 37, 17, 3, 1, 2]
(1, (1, 0, 0), (0, 2)): [1831, 232, 195, 56, 27, 10, 6, 1, 0, 2]
(1, (1, 0, 0), (1, 0)): [4897, 865, 640, 297, 124, 43, 21, 8, 1, 2, 0, 0, 1, 0, 0, 1]
(1, (1, 0, 0), (1, 1)): [4139, 620, 480, 188, 78, 33, 12, 6, 1, 0, 0, 0, 0, 0, 0, 1]
(1, (1, 0, 0), (1, 2)): [2543, 321, 273, 84, 42, 16, 5, 4, 0, 1]
(1, (1, 0, 0), (2, 0)): [1598, 314, 236, 138, 55, 21, 9, 0, 1, 2, 0, 0, 1]
(1, (1, 0, 0), (2, 1)): [2112, 368, 291, 131, 55, 20, 8, 2, 2, 0, 0, 0, 0, 0, 0, 1]
(1, (1, 0, 0), (2, 2)): [1892, 276, 244, 94, 42, 13, 5, 3, 1, 1]
(1, (1, 0, 0), (3, 0)): [495, 111, 78, 61, 26, 8, 4, 0, 0, 2, 0, 0, 1]
(1, (1, 0, 0), (3, 1)): [810, 199, 129, 81, 27, 11, 6, 1, 0, 1, 0, 0, 0, 0, 0, 1]
(1, (1, 0, 0), (3, 2)): [976, 202, 140, 75, 29, 14, 5, 1, 1, 1, 0, 0, 0, 0, 0, 1]
(1, (1, 0, 1), (0, 0)): [20115, 25249, 8373, 5415, 2344, 985, 360, 153, 61, 42, 13, 3, 0, 1]
(1, (1, 0, 1), (0, 1)): [412, 366, 108, 90, 43, 13, 10, 2, 3, 2]
(1, (1, 0, 1), (0, 2)): [187, 113, 37, 29, 7, 5, 4, 1, 0, 1]
(1, (1, 0, 1), (1, 0)): [385, 467, 128, 104, 57, 20, 6, 1, 0, 2]
(1, (1, 0, 1), (1, 1)): [295, 304, 86, 81, 41, 5, 7, 1, 2]
(1, (1, 0, 1), (1, 2)): [231, 162, 50, 50, 17, 4, 5, 2, 0, 1]
(1, (1, 0, 1), (2, 0)): [153, 164, 43, 31, 28, 12, 1, 0, 0, 1]
(1, (1, 0, 1), (2, 1)): [142, 166, 48, 43, 26, 7, 5, 0, 2]
(1, (1, 0, 1), (2, 2)): [146, 121, 45, 27, 16, 4, 5, 0, 1]
(1, (1, 0, 1), (3, 0)): [60, 64, 15, 12, 14, 6, 0, 0, 0, 1]
(1, (1, 0, 1), (3, 1)): [64, 78, 17, 21, 19, 6]
(1, (1, 0, 1), (3, 2)): [77, 75, 26, 21, 16, 7, 3, 0, 1]
(1, (1, 1, 0), (0, 0)): [69870, 22034, 15511, 10583, 4639, 1981, 770, 309, 125, 54, 19, 10, 6, 4, 1]
(1, (1, 1, 0), (0, 1)): [1399, 363, 245, 186, 82, 32, 17, 4, 1]
(1, (1, 1, 0), (0, 2)): [550, 142, 84, 63, 25, 8, 3]
(1, (1, 1, 0), (1, 0)): [1286, 445, 312, 242, 105, 38, 16, 7, 1, 2, 0, 0, 2, 1]
(1, (1, 1, 0), (1, 1)): [1094, 302, 216, 167, 75, 28, 16, 5, 0, 2]
(1, (1, 1, 0), (1, 2)): [768, 184, 122, 96, 41, 13, 8, 1]
(1, (1, 1, 0), (2, 0)): [423, 153, 112, 90, 38, 15, 3, 2, 1, 0, 0, 0, 2, 1]
(1, (1, 1, 0), (2, 1)): [541, 188, 129, 100, 40, 19, 7, 2, 0, 1, 0, 0, 1]
(1, (1, 1, 0), (2, 2)): [560, 151, 89, 70, 37, 11, 4, 1]
(1, (1, 1, 0), (3, 0)): [114, 55, 37, 29, 21, 9, 1, 2, 1, 0, 0, 0, 1]
(1, (1, 1, 0), (3, 1)): [222, 90, 65, 49, 26, 10, 6, 2, 0, 1, 0, 0, 1]
(1, (1, 1, 0), (3, 2)): [301, 95, 64, 44, 30, 12, 6, 3, 0, 1, 0, 0, 1]
(1, (1, 1, 1), (0, 0)): [14416, 11648, 7600, 5201, 3763, 1625, 667, 262, 107, 40, 15, 11, 6, 2, 1, 1]
(1, (1, 1, 1), (0, 1)): [342, 223, 145, 93, 80, 33, 13, 5, 3]
(1, (1, 1, 1), (0, 2)): [172, 77, 51, 29, 30, 11, 7]
(1, (1, 1, 1), (1, 0)): [294, 229, 156, 103, 86, 37, 16, 6, 2, 2, 0, 1, 1]
(1, (1, 1, 1), (1, 1)): [238, 164, 116, 82, 74, 30, 6, 5, 1]
(1, (1, 1, 1), (1, 2)): [189, 80, 66, 45, 35, 23, 7, 1]
(1, (1, 1, 1), (2, 0)): [85, 89, 67, 43, 27, 17, 9, 3, 1, 1, 0, 1, 1]
(1, (1, 1, 1), (2, 1)): [116, 109, 74, 51, 41, 14, 7, 4, 1, 1, 0, 1]
(1, (1, 1, 1), (2, 2)): [127, 73, 60, 51, 36, 17, 7, 2]
(1, (1, 1, 1), (3, 0)): [18, 31, 18, 19, 9, 10, 4, 0, 1, 0, 0, 0, 1]
(1, (1, 1, 1), (3, 1)): [37, 57, 22, 26, 19, 9, 5, 3, 0, 0, 0, 0, 1]
(1, (1, 1, 1), (3, 2)): [73, 51, 29, 34, 24, 13, 3, 2]
(2, (0, 0, 0), (0, 0)): [557360, 24784, 8489, 2661, 960, 318, 118, 38, 8, 3, 3, 0, 1]
(2, (0, 0, 0), (0, 1)): [11860, 516, 177, 45, 30, 6, 5, 1]
(2, (0, 0, 0), (0, 2)): [4120, 132, 36, 13, 8, 1, 1, 1]
(2, (0, 0, 0), (1, 0)): [12014, 701, 228, 69, 33, 9, 3, 0, 0, 0, 0, 0, 1]
(2, (0, 0, 0), (1, 1)): [10694, 536, 184, 41, 29, 5, 6]
(2, (0, 0, 0), (1, 2)): [6457, 240, 79, 20, 14, 3, 3]
(2, (0, 0, 0), (2, 0)): [4293, 258, 107, 42, 15, 5, 1, 0, 0, 0, 0, 0, 1]
(2, (0, 0, 0), (2, 1)): [6157, 315, 115, 43, 10, 4, 3]
(2, (0, 0, 0), (2, 2)): [5453, 245, 88, 28, 13, 4, 1]
(2, (0, 0, 0), (3, 0)): [1495, 105, 64, 21, 11, 2, 1, 0, 0, 0, 0, 0, 1]
(2, (0, 0, 0), (3, 1)): [2813, 159, 81, 27, 10, 4, 2]
(2, (0, 0, 0), (3, 2)): [3499, 191, 86, 24, 8, 4]
(2, (0, 0, 1), (0, 0)): [56011, 18579, 3422, 1174, 415, 153, 48, 14, 2, 2, 0, 1]
(2, (0, 0, 1), (0, 1)): [947, 275, 65, 20, 8, 3, 1]
(2, (0, 0, 1), (0, 2)): [361, 71, 23, 3, 1, 1]
(2, (0, 0, 1), (1, 0)): [1104, 316, 77, 26, 10, 2, 0, 1]
(2, (0, 0, 1), (1, 1)): [891, 217, 54, 17, 8, 1, 1]
(2, (0, 0, 1), (1, 2)): [585, 110, 26, 9, 2, 1, 1]
(2, (0, 0, 1), (2, 0)): [459, 136, 34, 18, 7, 2, 0, 1]
(2, (0, 0, 1), (2, 1)): [517, 123, 39, 13, 8, 0, 0, 1]
(2, (0, 0, 1), (2, 2)): [482, 94, 30, 6, 3, 1, 1]
(2, (0, 0, 1), (3, 0)): [224, 58, 19, 12, 3, 2]
(2, (0, 0, 1), (3, 1)): [258, 64, 19, 12, 5]
(2, (0, 0, 1), (3, 2)): [302, 69, 23, 7, 2, 1]
(2, (0, 1, 0), (0, 0)): [144880, 32806, 8318, 2884, 932, 315, 107, 24, 6, 2, 2, 0, 1]
(2, (0, 1, 0), (0, 1)): [2411, 442, 120, 44, 16, 1, 1]
(2, (0, 1, 0), (0, 2)): [889, 122, 31, 10, 6]
(2, (0, 1, 0), (1, 0)): [3185, 559, 240, 91, 25, 13, 5, 1, 0, 0, 0, 0, 1]
(2, (0, 1, 0), (1, 1)): [2254, 400, 148, 46, 15, 4, 3, 1]
(2, (0, 1, 0), (1, 2)): [1363, 195, 55, 27, 6]
(2, (0, 1, 0), (2, 0)): [1486, 241, 114, 62, 18, 8, 3, 0, 0, 0, 0, 0, 1]
(2, (0, 1, 0), (2, 1)): [1380, 257, 93, 34, 10, 6, 3, 1, 0, 0, 0, 0, 1]
(2, (0, 1, 0), (2, 2)): [1249, 181, 56, 31, 8, 2, 0, 1]
(2, (0, 1, 0), (3, 0)): [818, 113, 64, 40, 13, 3, 2]
(2, (0, 1, 0), (3, 1)): [653, 117, 55, 22, 10, 4, 3, 0, 0, 0, 0, 0, 1]
(2, (0, 1, 0), (3, 2)): [816, 124, 49, 27, 7, 4, 1, 0, 0, 0, 0, 0, 1]
(2, (0, 1, 1), (0, 0)): [34842, 3151, 8181, 2140, 825, 275, 96, 34, 11, 4, 3, 1, 0, 1]
(2, (0, 1, 1), (0, 1)): [536, 49, 97, 22, 5, 3, 1, 3]
(2, (0, 1, 1), (0, 2)): [218, 15, 33, 8, 3, 1, 1]
(2, (0, 1, 1), (1, 0)): [759, 81, 149, 53, 25, 4, 3, 0, 0, 0, 1]
(2, (0, 1, 1), (1, 1)): [495, 43, 86, 21, 5, 2, 1, 2]
(2, (0, 1, 1), (1, 2)): [315, 24, 49, 9, 3, 1, 2, 1]
(2, (0, 1, 1), (2, 0)): [384, 50, 76, 34, 20, 4, 1, 0, 0, 0, 1]
(2, (0, 1, 1), (2, 1)): [266, 27, 59, 13, 5, 3]
(2, (0, 1, 1), (2, 2)): [265, 24, 50, 12, 2, 3, 1, 1]
(2, (0, 1, 1), (3, 0)): [273, 38, 44, 20, 17, 3, 1, 0, 0, 0, 1]
(2, (0, 1, 1), (3, 1)): [141, 15, 31, 8, 4, 1]
(2, (0, 1, 1), (3, 2)): [183, 19, 40, 7, 3, 4, 0, 1]
(2, (1, 0, 0), (0, 0)): [317125, 23861, 14420, 4586, 1536, 489, 196, 58, 14, 8, 4, 0, 1]
(2, (1, 0, 0), (0, 1)): [5888, 319, 258, 73, 32, 8, 5, 1]
(2, (1, 0, 0), (0, 2)): [2064, 97, 62, 13, 11, 2, 1]
(2, (1, 0, 0), (1, 0)): [6209, 510, 368, 136, 42, 10, 6, 1, 0, 0, 0, 0, 1]
(2, (1, 0, 0), (1, 1)): [4920, 306, 259, 81, 24, 3, 3]
(2, (1, 0, 0), (1, 2)): [2967, 152, 101, 41, 12, 2]
(2, (1, 0, 0), (2, 0)): [2125, 205, 128, 66, 19, 4, 3, 0, 0, 0, 0, 0, 1]
(2, (1, 0, 0), (2, 1)): [2542, 178, 148, 49, 22, 5, 2, 0, 0, 0, 0, 0, 1]
(2, (1, 0, 0), (2, 2)): [2305, 141, 106, 36, 16, 4, 1]
(2, (1, 0, 0), (3, 0)): [688, 95, 37, 36, 6, 1, 2]
(2, (1, 0, 0), (3, 1)): [1093, 119, 71, 37, 9, 3, 2, 0, 0, 0, 0, 0, 1]
(2, (1, 0, 0), (3, 2)): [1290, 119, 69, 31, 10, 6, 1, 0, 0, 0, 0, 0, 1]
(2, (1, 0, 1), (0, 0)): [51654, 13479, 5549, 3067, 1005, 341, 123, 38, 15, 3, 0, 2, 1]
(2, (1, 0, 1), (0, 1)): [1006, 200, 81, 66, 20, 2, 2, 1, 0, 0, 0, 1]
(2, (1, 0, 1), (0, 2)): [384, 56, 24, 17, 8]
(2, (1, 0, 1), (1, 0)): [945, 207, 107, 71, 32, 9, 3]
(2, (1, 0, 1), (1, 1)): [769, 160, 65, 53, 17, 3, 4, 1, 0, 0, 0, 1]
(2, (1, 0, 1), (1, 2)): [506, 75, 32, 21, 7, 1, 1, 1, 0, 0, 0, 1]
(2, (1, 0, 1), (2, 0)): [339, 71, 56, 26, 13, 4, 1]
(2, (1, 0, 1), (2, 1)): [421, 94, 31, 30, 15, 3]
(2, (1, 0, 1), (2, 2)): [366, 62, 25, 17, 9, 2, 1, 1, 0, 0, 0, 1]
(2, (1, 0, 1), (3, 0)): [128, 21, 27, 12, 8, 1, 1]
(2, (1, 0, 1), (3, 1)): [201, 36, 22, 18, 7, 1, 1]
(2, (1, 0, 1), (3, 2)): [220, 45, 22, 10, 7, 2, 1, 1]
(2, (1, 1, 0), (0, 0)): [119727, 18870, 9820, 6186, 1992, 689, 206, 70, 28, 13, 5, 1, 2, 1]
(2, (1, 1, 0), (0, 1)): [2390, 337, 160, 107, 36, 6, 4, 1, 0, 0, 0, 0, 1]
(2, (1, 1, 0), (0, 2)): [924, 104, 48, 22, 9, 1, 1]
(2, (1, 1, 0), (1, 0)): [2384, 370, 197, 162, 53, 18, 6, 2, 1, 1]
(2, (1, 1, 0), (1, 1)): [1966, 270, 136, 101, 27, 6, 2, 2, 1, 1, 0, 0, 1]
(2, (1, 1, 0), (1, 2)): [1309, 148, 78, 38, 11, 3, 2, 1]
(2, (1, 1, 0), (2, 0)): [835, 143, 92, 74, 29, 12, 3, 1]
(2, (1, 1, 0), (2, 1)): [1080, 137, 89, 70, 23, 10, 2, 1, 1, 1, 0, 0, 1]
(2, (1, 1, 0), (2, 2)): [986, 124, 66, 51, 12, 4, 3, 1, 1]
(2, (1, 1, 0), (3, 0)): [304, 57, 40, 30, 14, 5, 1]
(2, (1, 1, 0), (3, 1)): [479, 76, 55, 43, 12, 8, 2, 1, 0, 0, 0, 0, 1]
(2, (1, 1, 0), (3, 2)): [574, 78, 51, 37, 12, 3, 2, 1, 1]
(2, (1, 1, 1), (0, 0)): [35103, 5315, 5969, 3097, 2118, 711, 228, 82, 33, 7, 5, 0, 1, 1]
(2, (1, 1, 1), (0, 1)): [838, 85, 114, 58, 42, 7, 5, 2, 1, 0, 0, 0, 1]
(2, (1, 1, 1), (0, 2)): [374, 25, 24, 15, 12, 2, 1, 0, 1]
(2, (1, 1, 1), (1, 0)): [652, 191, 120, 80, 47, 22, 6, 1, 1, 0, 1]
(2, (1, 1, 1), (1, 1)): [619, 90, 106, 53, 34, 6, 3, 0, 0, 0, 1, 0, 1]
(2, (1, 1, 1), (1, 2)): [453, 42, 42, 22, 16, 4, 2, 0, 0, 0, 1]
(2, (1, 1, 1), (2, 0)): [180, 134, 32, 37, 24, 14, 4, 1]
(2, (1, 1, 1), (2, 1)): [272, 88, 60, 30, 25, 7, 4, 0, 0, 0, 0, 0, 1]
(2, (1, 1, 1), (2, 2)): [303, 55, 43, 24, 15, 5, 2, 0, 0, 0, 1]
(2, (1, 1, 1), (3, 0)): [38, 90, 11, 21, 8, 8, 1]
(2, (1, 1, 1), (3, 1)): [87, 94, 20, 23, 18, 6, 4]
(2, (1, 1, 1), (3, 2)): [144, 77, 27, 29, 17, 8, 4, 0, 0, 0, 1]
