(0, (0, 0, 0), (0, 0)): [652805, 131944, 61888, 28584, 13027, 5671, 2375, 1034, 428, 206, 94, 36, 22, 4, 3, 1, 0, 1]
(0, (0, 0, 0), (0, 1)): [7498, 1460, 678, 283, 143, 55, 18, 13, 3, 4, 2, 0, 2, 0, 0, 1]
(0, (0, 0, 0), (0, 2)): [2612, 458, 220, 92, 40, 10, 6, 9, 0, 1, 0, 0, 1]
(0, (0, 0, 0), (1, 0)): [7098, 1540, 805, 368, 196, 77, 40, 13, 3, 3, 1]
(0, (0, 0, 0), (1, 1)): [6393, 1271, 646, 299, 150, 53, 20, 9, 5, 2, 3, 0, 1, 0, 0, 1]
(0, (0, 0, 0), (1, 2)): [3914, 690, 332, 130, 71, 21, 10, 9, 3, 0, 0, 0, 2]
(0, (0, 0, 0), (2, 0)): [2416, 598, 313, 151, 96, 38, 20, 6, 1, 1]
(0, (0, 0, 0), (2, 1)): [3528, 764, 385, 210, 107, 43, 19, 6, 1, 0, 1]
(0, (0, 0, 0), (2, 2)): [3178, 616, 278, 137, 80, 28, 9, 7, 1, 0, 1, 0, 2]
(0, (0, 0, 0), (3, 0)): [843, 217, 146, 70, 40, 22, 9, 2, 1]
(0, (0, 0, 0), (3, 1)): [1460, 362, 229, 118, 59, 22, 14, 4, 2]
(0, (0, 0, 0), (3, 2)): [1974, 393, 251, 120, 67, 22, 8, 4, 2, 0, 0, 0, 2]
(0, (0, 0, 1), (0, 0)): [3003, 9621, 2715, 1272, 627, 264, 131, 73, 25, 14, 6, 1, 3]
(0, (0, 0, 1), (0, 1)): [24, 68, 31, 6, 6, 3, 4]
(0, (0, 0, 1), (0, 2)): [10, 21, 9, 2, 3]
(0, (0, 0, 1), (1, 0)): [32, 71, 23, 17, 10, 5, 1, 1]
(0, (0, 0, 1), (1, 1)): [23, 53, 24, 6, 7, 4, 3]
(0, (0, 0, 1), (1, 2)): [14, 30, 13, 4, 3, 0, 1]
(0, (0, 0, 1), (2, 0)): [17, 31, 10, 9, 4, 3, 1, 1]
(0, (0, 0, 1), (2, 1)): [19, 26, 12, 5, 7, 3, 1]
(0, (0, 0, 1), (2, 2)): [17, 17, 11, 2, 3, 1, 1]
(0, (0, 0, 1), (3, 0)): [2, 17, 5, 5, 1, 1, 1, 1]
(0, (0, 0, 1), (3, 1)): [6, 10, 5, 3, 3, 2, 0, 1]
(0, (0, 0, 1), (3, 2)): [11, 11, 3, 2, 2, 3, 1, 1]
(0, (0, 1, 0), (0, 0)): [21407, 21453, 8214, 3920, 1971, 888, 371, 160, 70, 41, 17, 5, 2, 0, 1]
(0, (0, 1, 0), (0, 1)): [228, 192, 77, 36, 13, 9, 4, 1]
(0, (0, 1, 0), (0, 2)): [81, 52, 27, 12, 2, 5, 1]
(0, (0, 1, 0), (1, 0)): [217, 216, 75, 55, 24, 14, 7, 0, 1]
(0, (0, 1, 0), (1, 1)): [190, 161, 59, 35, 13, 8, 5, 1]
(0, (0, 1, 0), (1, 2)): [115, 90, 38, 23, 7, 6, 2]
(0, (0, 1, 0), (2, 0)): [64, 87, 34, 25, 11, 8, 3, 0, 1]
(0, (0, 1, 0), (2, 1)): [83, 78, 35, 26, 5, 11, 5, 1]
(0, (0, 1, 0), (2, 2)): [83, 62, 36, 20, 4, 5, 4]
(0, (0, 1, 0), (3, 0)): [31, 35, 16, 14, 8, 1, 1, 0, 1]
(0, (0, 1, 0), (3, 1)): [35, 43, 20, 16, 9, 4, 2, 1]
(0, (0, 1, 0), (3, 2)): [48, 43, 29, 13, 7, 3, 4]
(0, (0, 1, 1), (0, 0)): [1895, 3411, 4396, 1953, 1066, 492, 218, 102, 54, 21, 6, 5, 0, 1, 1, 0, 0, 1]
(0, (0, 1, 1), (0, 1)): [13, 24, 41, 17, 12, 2, 3, 1, 1]
(0, (0, 1, 1), (0, 2)): [4, 8, 16, 7, 7, 1, 1, 1]
(0, (0, 1, 1), (1, 0)): [28, 40, 61, 33, 18, 6, 6, 2, 1, 0, 0, 1]
(0, (0, 1, 1), (1, 1)): [14, 20, 33, 15, 11, 3, 3, 0, 1]
(0, (0, 1, 1), (1, 2)): [4, 7, 17, 10, 8, 2, 2, 1]
(0, (0, 1, 1), (2, 0)): [18, 27, 31, 20, 9, 3, 3, 2, 1, 0, 0, 1]
(0, (0, 1, 1), (2, 1)): [12, 17, 23, 11, 8, 2, 2, 1, 1]
(0, (0, 1, 1), (2, 2)): [11, 8, 17, 9, 5, 1, 1, 1]
(0, (0, 1, 1), (3, 0)): [11, 16, 17, 16, 7, 3, 1, 1, 0, 0, 0, 1]
(0, (0, 1, 1), (3, 1)): [6, 10, 11, 9, 6, 1, 0, 0, 1]
(0, (0, 1, 1), (3, 2)): [8, 6, 16, 6, 4, 1, 1, 1, 1]
(0, (1, 0, 0), (0, 0)): [145753, 50636, 31521, 15743, 7621, 3448, 1481, 656, 281, 135, 64, 22, 14, 3, 2, 1, 0, 1]
(0, (1, 0, 0), (0, 1)): [1586, 438, 332, 154, 93, 32, 14, 6, 3, 1]
(0, (1, 0, 0), (0, 2)): [573, 120, 111, 36, 26, 8, 5, 1, 1, 1]
(0, (1, 0, 0), (1, 0)): [1409, 496, 346, 169, 98, 33, 24, 9, 3, 3, 1]
(0, (1, 0, 0), (1, 1)): [1232, 370, 255, 138, 68, 22, 12, 7, 2, 1]
(0, (1, 0, 0), (1, 2)): [736, 173, 151, 52, 30, 15, 7, 2, 1]
(0, (1, 0, 0), (2, 0)): [430, 179, 112, 68, 45, 18, 7, 6, 2, 2, 1]
(0, (1, 0, 0), (2, 1)): [605, 186, 124, 86, 52, 15, 7, 4, 3, 2]
(0, (1, 0, 0), (2, 2)): [531, 142, 115, 50, 30, 8, 5, 3, 2, 1]
(0, (1, 0, 0), (3, 0)): [140, 64, 44, 31, 22, 8, 1, 4, 0, 1]
(0, (1, 0, 0), (3, 1)): [227, 83, 58, 41, 31, 10, 3, 1, 2, 1]
(0, (1, 0, 0), (3, 2)): [273, 93, 60, 33, 29, 10, 3, 1, 1, 1]
(0, (1, 0, 1), (0, 0)): [3322, 10643, 4522, 3056, 1658, 775, 388, 166, 77, 32, 15, 10, 4, 0, 1, 0, 0, 1]
(0, (1, 0, 1), (0, 1)): [34, 95, 42, 34, 14, 4, 6, 2, 1, 0, 0, 0, 1]
(0, (1, 0, 1), (0, 2)): [15, 36, 10, 12, 5, 1, 4, 1, 1]
(0, (1, 0, 1), (1, 0)): [33, 118, 42, 35, 19, 13, 0, 2, 1]
(0, (1, 0, 1), (1, 1)): [27, 83, 29, 25, 12, 7, 2, 1, 1]
(0, (1, 0, 1), (1, 2)): [16, 39, 14, 13, 8, 2, 1, 2, 1]
(0, (1, 0, 1), (2, 0)): [10, 47, 20, 16, 8, 7, 0, 1]
(0, (1, 0, 1), (2, 1)): [13, 58, 17, 15, 7, 4, 0, 0, 1]
(0, (1, 0, 1), (2, 2)): [16, 38, 16, 9, 5, 3, 0, 2, 1]
(0, (1, 0, 1), (3, 0)): [3, 14, 9, 9, 5, 5, 0, 1]
(0, (1, 0, 1), (3, 1)): [5, 18, 8, 4, 7, 3]
(0, (1, 0, 1), (3, 2)): [6, 18, 12, 5, 6, 1, 0, 0, 1]
(0, (1, 1, 0), (0, 0)): [19620, 13013, 10588, 7219, 3954, 1849, 818, 412, 162, 81, 42, 12, 7, 1]
(0, (1, 1, 0), (0, 1)): [250, 132, 89, 73, 45, 19, 8, 5, 0, 0, 1]
(0, (1, 1, 0), (0, 2)): [78, 42, 34, 25, 19, 5, 3, 3]
(0, (1, 1, 0), (1, 0)): [197, 143, 108, 80, 52, 28, 10, 6, 2, 2]
(0, (1, 1, 0), (1, 1)): [171, 100, 72, 58, 30, 18, 4, 2, 1, 1, 1]
(0, (1, 1, 0), (1, 2)): [108, 51, 42, 37, 17, 8, 3, 3, 0, 1]
(0, (1, 1, 0), (2, 0)): [51, 42, 39, 29, 21, 10, 5, 5, 1, 1]
(0, (1, 1, 0), (2, 1)): [73, 52, 39, 28, 23, 8, 3, 3, 0, 1]
(0, (1, 1, 0), (2, 2)): [65, 46, 35, 28, 12, 7, 1, 2, 0, 2]
(0, (1, 1, 0), (3, 0)): [14, 15, 16, 12, 9, 4, 2, 3, 1]
(0, (1, 1, 0), (3, 1)): [31, 21, 19, 16, 10, 5, 4, 2, 1]
(0, (1, 1, 0), (3, 2)): [48, 28, 22, 18, 8, 4, 1, 2, 1]
(0, (1, 1, 1), (0, 0)): [2044, 3768, 3220, 2611, 2034, 1000, 476, 251, 109, 49, 29, 10, 2, 1, 1]
(0, (1, 1, 1), (0, 1)): [30, 41, 44, 33, 18, 4, 3, 1, 2, 2, 1, 1]
(0, (1, 1, 1), (0, 2)): [12, 16, 13, 11, 8, 1, 0, 0, 1, 0, 0, 1]
(0, (1, 1, 1), (1, 0)): [17, 51, 54, 37, 37, 18, 7, 5, 2, 0, 1]
(0, (1, 1, 1), (1, 1)): [19, 34, 41, 30, 19, 7, 5, 3, 1, 1, 1]
(0, (1, 1, 1), (1, 2)): [16, 19, 21, 11, 8, 3, 2, 0, 1, 0, 0, 1]
(0, (1, 1, 1), (2, 0)): [5, 20, 15, 19, 19, 4, 1, 2, 1, 0, 1]
(0, (1, 1, 1), (2, 1)): [8, 19, 20, 16, 17, 4, 0, 4, 2]
(0, (1, 1, 1), (2, 2)): [9, 21, 15, 16, 9, 3, 2, 2, 0, 0, 0, 1]
(0, (1, 1, 1), (3, 0)): [1, 3, 6, 8, 6, 0, 0, 0, 0, 0, 1]
(0, (1, 1, 1), (3, 1)): [2, 5, 7, 13, 7, 0, 0, 0, 1, 0, 1]
(0, (1, 1, 1), (3, 2)): [4, 4, 9, 13, 6, 1, 1, 0, 1, 0, 0, 1]
(1, (0, 0, 0), (0, 0)): [518152, 56140, 23294, 9328, 3727, 1473, 554, 234, 87, 36, 15, 10, 4, 2, 0, 1]
(1, (0, 0, 0), (0, 1)): [6021, 615, 247, 91, 49, 9, 2, 5, 1, 0, 0, 0, 0, 1]
(1, (0, 0, 0), (0, 2)): [2079, 165, 69, 28, 9, 1, 0, 2]
(1, (0, 0, 0), (1, 0)): [5839, 744, 345, 118, 52, 23, 10, 4, 0, 1, 0, 0, 0, 0, 0, 1]
(1, (0, 0, 0), (1, 1)): [5191, 602, 244, 82, 42, 15, 5, 2, 1, 1, 0, 0, 0, 1]
(1, (0, 0, 0), (1, 2)): [3118, 308, 109, 49, 18, 7, 2, 2]
(1, (0, 0, 0), (2, 0)): [2032, 291, 168, 48, 25, 12, 4, 2, 0, 0, 0, 0, 0, 0, 0, 1]
(1, (0, 0, 0), (2, 1)): [2852, 366, 177, 55, 36, 11, 3, 1, 0, 1]
(1, (0, 0, 0), (2, 2)): [2588, 283, 110, 41, 19, 8, 4, 2]
(1, (0, 0, 0), (3, 0)): [695, 105, 77, 23, 12, 4, 2, 0, 0, 0, 0, 0, 0, 0, 0, 1]
(1, (0, 0, 0), (3, 1)): [1232, 203, 117, 37, 22, 5, 1]
(1, (0, 0, 0), (3, 2)): [1530, 204, 113, 37, 16, 8, 2, 2]
(1, (0, 0, 1), (0, 0)): [15947, 24759, 4811, 2031, 873, 350, 156, 73, 32, 12, 6, 4, 3, 1]
(1, (0, 0, 1), (0, 1)): [140, 189, 35, 12, 4, 1, 3]
(1, (0, 0, 1), (0, 2)): [56, 66, 12, 2, 0, 0, 1]
(1, (0, 0, 1), (1, 0)): [177, 226, 48, 21, 12, 7, 4, 1, 1]
(1, (0, 0, 1), (1, 1)): [137, 163, 30, 12, 6, 2, 2, 1]
(1, (0, 0, 1), (1, 2)): [92, 84, 14, 5, 2, 1, 1]
(1, (0, 0, 1), (2, 0)): [77, 89, 25, 15, 6, 5, 4, 0, 1]
(1, (0, 0, 1), (2, 1)): [65, 83, 17, 9, 4, 2, 4, 1]
(1, (0, 0, 1), (2, 2)): [66, 69, 11, 5, 2, 1]
(1, (0, 0, 1), (3, 0)): [34, 45, 15, 10, 4, 3, 2, 0, 1]
(1, (0, 0, 1), (3, 1)): [40, 46, 7, 8, 4, 1, 2, 1]
(1, (0, 0, 1), (3, 2)): [42, 45, 9, 7, 2, 1, 1]
(1, (0, 1, 0), (0, 0)): [74098, 35948, 12394, 5209, 2139, 877, 321, 148, 43, 26, 10, 5, 5, 1, 1]
(1, (0, 1, 0), (0, 1)): [657, 285, 104, 38, 12, 5, 4, 2, 1]
(1, (0, 1, 0), (0, 2)): [231, 103, 30, 6, 3, 2, 2]
(1, (0, 1, 0), (1, 0)): [867, 402, 131, 81, 47, 15, 4, 2, 0, 0, 1, 0, 0, 1]
(1, (0, 1, 0), (1, 1)): [621, 254, 81, 44, 21, 7, 4, 2, 1, 0, 0, 0, 0, 1]
(1, (0, 1, 0), (1, 2)): [368, 145, 44, 15, 7, 3, 2]
(1, (0, 1, 0), (2, 0)): [378, 154, 64, 53, 24, 9, 2, 2, 0, 0, 1]
(1, (0, 1, 0), (2, 1)): [332, 142, 43, 36, 18, 7, 4, 3, 0, 0, 1, 0, 0, 1]
(1, (0, 1, 0), (2, 2)): [293, 126, 36, 21, 11, 2, 1]
(1, (0, 1, 0), (3, 0)): [195, 81, 26, 36, 18, 3, 0, 1]
(1, (0, 1, 0), (3, 1)): [175, 65, 28, 24, 14, 4, 1, 1, 0, 0, 0, 0, 0, 1]
(1, (0, 1, 0), (3, 2)): [176, 67, 27, 24, 12, 1, 0, 0, 0, 0, 0, 0, 0, 1]
(1, (0, 1, 1), (0, 0)): [12567, 10797, 10650, 4162, 2024, 820, 320, 128, 70, 20, 9, 4, 1, 1, 0, 1]
(1, (0, 1, 1), (0, 1)): [113, 78, 73, 20, 13, 6, 4, 2]
(1, (0, 1, 1), (0, 2)): [55, 19, 22, 6, 4, 0, 1]
(1, (0, 1, 1), (1, 0)): [191, 132, 104, 55, 45, 11, 6, 4, 1, 1]
(1, (0, 1, 1), (1, 1)): [89, 66, 58, 22, 12, 4, 5, 2]
(1, (0, 1, 1), (1, 2)): [67, 27, 30, 14, 2, 1, 2]
(1, (0, 1, 1), (2, 0)): [127, 92, 62, 34, 36, 10, 4, 3, 1, 1]
(1, (0, 1, 1), (2, 1)): [55, 43, 34, 11, 5, 5, 3, 1]
(1, (0, 1, 1), (2, 2)): [51, 29, 26, 13, 5, 0, 0, 1]
(1, (0, 1, 1), (3, 0)): [102, 78, 47, 27, 34, 8, 4, 3, 1, 1]
(1, (0, 1, 1), (3, 1)): [27, 21, 14, 4, 2, 3, 3]
(1, (0, 1, 1), (3, 2)): [29, 26, 21, 3, 3, 1, 1]
(1, (1, 0, 0), (0, 0)): [210594, 39523, 23898, 10444, 4215, 1762, 657, 257, 117, 53, 21, 15, 3, 2, 0, 2]
(1, (1, 0, 0), (0, 1)): [2258, 340, 247, 100, 41, 15, 11, 1, 0, 2]
(1, (1, 0, 0), (0, 2)): [777, 103, 90, 30, 12, 4, 5, 0, 0, 2]
(1, (1, 0, 0), (1, 0)): [2276, 424, 310, 139, 49, 20, 7, 6, 1, 1, 0, 0, 1, 0, 0, 1]
(1, (1, 0, 0), (1, 1)): [1849, 297, 207, 72, 35, 12, 5, 3, 0, 0, 0, 0, 0, 0, 0, 1]
(1, (1, 0, 0), (1, 2)): [1062, 137, 106, 32, 18, 7, 4, 1, 0, 1]
(1, (1, 0, 0), (2, 0)): [744, 165, 125, 66, 23, 11, 4, 0, 1, 1, 0, 0, 1]
(1, (1, 0, 0), (2, 1)): [943, 179, 127, 55, 22, 9, 2, 1, 1, 0, 0, 0, 0, 0, 0, 1]
(1, (1, 0, 0), (2, 2)): [794, 128, 94, 43, 19, 8, 2, 0, 0, 1]
(1, (1, 0, 0), (3, 0)): [249, 70, 44, 28, 12, 4, 2, 0, 0, 1, 0, 0, 1]
(1, (1, 0, 0), (3, 1)): [357, 99, 60, 35, 12, 4, 2, 1, 0, 0, 0, 0, 0, 0, 0, 1]
(1, (1, 0, 0), (3, 2)): [406, 90, 50, 35, 11, 9, 2, 0, 0, 0, 0, 0, 0, 0, 0, 1]
(1, (1, 0, 1), (0, 0)): [16336, 20993, 7107, 4501, 1918, 825, 307, 130, 54, 38, 13, 3, 0, 1]
(1, (1, 0, 1), (0, 1)): [188, 168, 50, 40, 20, 8, 6, 1, 3, 2]
(1, (1, 0, 1), (0, 2)): [89, 48, 15, 17, 3, 5, 1, 1, 0, 1]
(1, (1, 0, 1), (1, 0)): [178, 229, 57, 46, 24, 14, 3, 1, 0, 2]
(1, (1, 0, 1), (1, 1)): [137, 142, 34, 33, 23, 2, 5, 0, 2]
(1, (1, 0, 1), (1, 2)): [97, 69, 24, 23, 9, 3, 2, 1, 0, 1]
(1, (1, 0, 1), (2, 0)): [66, 83, 20, 15, 9, 8, 1, 0, 0, 1]
(1, (1, 0, 1), (2, 1)): [75, 76, 14, 19, 10, 5, 4, 0, 2]
(1, (1, 0, 1), (2, 2)): [65, 49, 17, 9, 6, 4, 2, 0, 1]
(1, (1, 0, 1), (3, 0)): [24, 38, 9, 5, 5, 3, 0, 0, 0, 1]
(1, (1, 0, 1), (3, 1)): [24, 42, 6, 11, 9, 5]
(1, (1, 0, 1), (3, 2)): [31, 31, 12, 8, 10, 7, 2, 0, 1]
(1, (1, 1, 0), (0, 0)): [56184, 17942, 12788, 8570, 3753, 1619, 645, 256, 100, 46, 16, 9, 5, 4, 1]
(1, (1, 1, 0), (0, 1)): [622, 168, 131, 90, 34, 12, 9, 2]
(1, (1, 1, 0), (0, 2)): [222, 64, 41, 29, 11, 2, 1]
(1, (1, 1, 0), (1, 0)): [607, 202, 147, 125, 55, 15, 5, 3, 1, 1, 0, 0, 2, 1]
(1, (1, 1, 0), (1, 1)): [496, 135, 115, 83, 30, 7, 8, 3, 0, 1]
(1, (1, 1, 0), (1, 2)): [338, 77, 59, 52, 15, 3, 2, 1]
(1, (1, 1, 0), (2, 0)): [211, 75, 50, 43, 27, 8, 1, 1, 1, 0, 0, 0, 2, 1]
(1, (1, 1, 0), (2, 1)): [256, 88, 58, 48, 17, 4, 4, 1, 0, 1, 0, 0, 1]
(1, (1, 1, 0), (2, 2)): [247, 61, 40, 29, 15, 1, 1, 1]
(1, (1, 1, 0), (3, 0)): [59, 25, 21, 15, 16, 6, 1, 1, 1, 0, 0, 0, 1]
(1, (1, 1, 0), (3, 1)): [108, 40, 28, 21, 15, 2, 4, 2, 0, 1, 0, 0, 1]
(1, (1, 1, 0), (3, 2)): [134, 43, 28, 17, 16, 1, 3, 3, 0, 1, 0, 0, 1]
(1, (1, 1, 1), (0, 0)): [11505, 9493, 6215, 4342, 3028, 1341, 555, 216, 93, 35, 14, 10, 5, 2, 1, 1]
(1, (1, 1, 1), (0, 1)): [155, 111, 81, 47, 41, 12, 4, 4, 1]
(1, (1, 1, 1), (0, 2)): [77, 42, 30, 15, 15, 4, 2]
(1, (1, 1, 1), (1, 0)): [137, 112, 90, 48, 46, 20, 11, 2, 2, 2, 0, 1, 1]
(1, (1, 1, 1), (1, 1)): [112, 78, 59, 38, 41, 11, 3, 3, 1]
(1, (1, 1, 1), (1, 2)): [89, 39, 37, 25, 21, 7, 3, 1]
(1, (1, 1, 1), (2, 0)): [44, 46, 42, 20, 18, 11, 5, 2, 1, 1, 0, 1, 1]
(1, (1, 1, 1), (2, 1)): [56, 49, 41, 21, 29, 6, 2, 2, 1, 1, 0, 1]
(1, (1, 1, 1), (2, 2)): [58, 34, 35, 18, 25, 5, 4, 2]
(1, (1, 1, 1), (3, 0)): [12, 18, 12, 11, 5, 7, 3, 0, 1, 0, 0, 0, 1]
(1, (1, 1, 1), (3, 1)): [25, 24, 9, 13, 9, 6, 2, 1, 0, 0, 0, 0, 1]
(1, (1, 1, 1), (3, 2)): [41, 24, 16, 18, 16, 8, 2, 1]
(2, (0, 0, 0), (0, 0)): [445175, 19223, 6572, 2081, 744, 263, 89, 34, 8, 2, 2]
(2, (0, 0, 0), (0, 1)): [5372, 222, 74, 21, 11, 4]
(2, (0, 0, 0), (0, 2)): [1773, 49, 15, 8, 1, 1]
(2, (0, 0, 0), (1, 0)): [5424, 334, 107, 38, 9, 7, 2]
(2, (0, 0, 0), (1, 1)): [4819, 224, 81, 19, 10, 4, 1]
(2, (0, 0, 0), (1, 2)): [2777, 91, 36, 11, 5, 3, 1]
(2, (0, 0, 0), (2, 0)): [1984, 139, 49, 24, 4, 4, 1]
(2, (0, 0, 0), (2, 1)): [2812, 147, 54, 21, 4, 3]
(2, (0, 0, 0), (2, 2)): [2359, 104, 37, 17, 5, 4]
(2, (0, 0, 0), (3, 0)): [712, 59, 27, 12, 2, 2, 1]
(2, (0, 0, 0), (3, 1)): [1278, 77, 37, 13, 4, 3]
(2, (0, 0, 0), (3, 2)): [1538, 84, 43, 14, 1, 3]
(2, (0, 0, 1), (0, 0)): [47224, 15963, 2875, 984, 350, 128, 43, 13, 1, 2, 0, 1]
(2, (0, 0, 1), (0, 1)): [419, 136, 29, 8, 6, 3, 1]
(2, (0, 0, 1), (0, 2)): [168, 34, 13, 1, 1, 1]
(2, (0, 0, 1), (1, 0)): [486, 161, 46, 13, 5, 2, 0, 1]
(2, (0, 0, 1), (1, 1)): [366, 109, 26, 7, 5, 1, 1]
(2, (0, 0, 1), (1, 2)): [238, 55, 17, 4, 2, 1, 1]
(2, (0, 0, 1), (2, 0)): [219, 67, 20, 10, 4, 2, 0, 1]
(2, (0, 0, 1), (2, 1)): [222, 65, 18, 6, 5, 0, 0, 1]
(2, (0, 0, 1), (2, 2)): [192, 38, 20, 3, 3, 1, 1]
(2, (0, 0, 1), (3, 0)): [113, 28, 12, 6, 1, 2]
(2, (0, 0, 1), (3, 1)): [122, 30, 9, 5, 3]
(2, (0, 0, 1), (3, 2)): [132, 35, 13, 3, 2, 1]
(2, (0, 1, 0), (0, 0)): [120039, 27755, 6850, 2362, 760, 267, 90, 23, 6, 1, 1, 0, 1]
(2, (0, 1, 0), (0, 1)): [1076, 203, 46, 13, 10, 1, 1]
(2, (0, 1, 0), (0, 2)): [396, 44, 12, 1, 4]
(2, (0, 1, 0), (1, 0)): [1491, 257, 117, 46, 12, 6, 1, 0, 0, 0, 0, 0, 1]
(2, (0, 1, 0), (1, 1)): [1000, 193, 62, 19, 8, 3, 1]
(2, (0, 1, 0), (1, 2)): [553, 85, 26, 9, 5]
(2, (0, 1, 0), (2, 0)): [714, 115, 60, 32, 8, 2, 1, 0, 0, 0, 0, 0, 1]
(2, (0, 1, 0), (2, 1)): [654, 115, 40, 15, 5, 2, 0, 0, 0, 0, 0, 0, 1]
(2, (0, 1, 0), (2, 2)): [544, 76, 25, 13, 5]
(2, (0, 1, 0), (3, 0)): [404, 57, 36, 18, 5, 0, 1]
(2, (0, 1, 0), (3, 1)): [343, 65, 32, 12, 7, 1, 1, 0, 0, 0, 0, 0, 1]
(2, (0, 1, 0), (3, 2)): [369, 60, 26, 8, 3, 1, 1, 0, 0, 0, 0, 0, 1]
(2, (0, 1, 1), (0, 0)): [29291, 2657, 6972, 1823, 701, 231, 81, 31, 11, 4, 1]
(2, (0, 1, 1), (0, 1)): [261, 20, 46, 10, 3, 2, 1, 1]
(2, (0, 1, 1), (0, 2)): [104, 4, 15, 5, 2, 1, 1]
(2, (0, 1, 1), (1, 0)): [370, 42, 72, 27, 16, 3, 2]
(2, (0, 1, 1), (1, 1)): [227, 21, 42, 10, 3, 1, 1, 1]
(2, (0, 1, 1), (1, 2)): [152, 6, 24, 6, 2, 1, 2]
(2, (0, 1, 1), (2, 0)): [197, 31, 34, 19, 13, 3, 1]
(2, (0, 1, 1), (2, 1)): [119, 19, 27, 7, 2, 1]
(2, (0, 1, 1), (2, 2)): [112, 11, 21, 5, 0, 1, 1]
(2, (0, 1, 1), (3, 0)): [145, 20, 21, 12, 12, 3, 1]
(2, (0, 1, 1), (3, 1)): [64, 9, 15, 5, 0, 1]
(2, (0, 1, 1), (3, 2)): [77, 12, 19, 5, 0, 2]
(2, (1, 0, 0), (0, 0)): [257770, 19791, 11322, 3680, 1232, 399, 152, 49, 13, 5, 3]
(2, (1, 0, 0), (0, 1)): [2552, 139, 117, 36, 8, 6, 1]
(2, (1, 0, 0), (0, 2)): [861, 40, 32, 7, 3, 2, 1]
(2, (1, 0, 0), (1, 0)): [2830, 230, 166, 68, 23, 6, 3]
(2, (1, 0, 0), (1, 1)): [2137, 138, 117, 34, 7, 2]
(2, (1, 0, 0), (1, 2)): [1226, 61, 53, 20, 3, 2]
(2, (1, 0, 0), (2, 0)): [992, 109, 62, 36, 14, 3, 2]
(2, (1, 0, 0), (2, 1)): [1149, 90, 66, 19, 10, 3]
(2, (1, 0, 0), (2, 2)): [940, 61, 53, 14, 5, 4]
(2, (1, 0, 0), (3, 0)): [314, 48, 18, 21, 5, 1, 2]
(2, (1, 0, 0), (3, 1)): [479, 53, 34, 17, 5, 1, 2]
(2, (1, 0, 0), (3, 2)): [542, 53, 30, 11, 3, 5]
(2, (1, 0, 1), (0, 0)): [42259, 11279, 4781, 2522, 802, 286, 99, 33, 12, 2, 0, 2]
(2, (1, 0, 1), (0, 1)): [478, 97, 43, 34, 14, 2, 0, 0, 0, 0, 0, 1]
(2, (1, 0, 1), (0, 2)): [183, 23, 12, 11, 5]
(2, (1, 0, 1), (1, 0)): [459, 99, 54, 36, 17, 5, 1]
(2, (1, 0, 1), (1, 1)): [379, 81, 32, 24, 13, 1, 1, 0, 0, 0, 0, 1]
(2, (1, 0, 1), (1, 2)): [236, 34, 9, 10, 4, 0, 0, 0, 0, 0, 0, 1]
(2, (1, 0, 1), (2, 0)): [161, 31, 28, 19, 3, 2]
(2, (1, 0, 1), (2, 1)): [204, 48, 15, 15, 9, 2]
(2, (1, 0, 1), (2, 2)): [162, 28, 8, 8, 6, 1, 0, 0, 0, 0, 0, 1]
(2, (1, 0, 1), (3, 0)): [66, 9, 13, 10, 1]
(2, (1, 0, 1), (3, 1)): [95, 20, 10, 11, 4]
(2, (1, 0, 1), (3, 2)): [102, 20, 7, 5, 6, 1]
(2, (1, 1, 0), (0, 0)): [95628, 15153, 8063, 4870, 1563, 557, 165, 58, 24, 9, 5, 0, 1, 1]
(2, (1, 1, 0), (0, 1)): [1040, 156, 81, 50, 14, 4, 2]
(2, (1, 1, 0), (0, 2)): [372, 47, 24, 8, 2]
(2, (1, 1, 0), (1, 0)): [1110, 161, 96, 79, 20, 10, 2, 2, 1, 1]
(2, (1, 1, 0), (1, 1)): [862, 116, 62, 51, 13, 5, 1, 1, 1, 1]
(2, (1, 1, 0), (1, 2)): [528, 63, 41, 18, 2, 2, 1]
(2, (1, 1, 0), (2, 0)): [414, 63, 44, 35, 11, 6, 1, 1]
(2, (1, 1, 0), (2, 1)): [497, 55, 33, 29, 12, 6, 0, 1, 1, 1]
(2, (1, 1, 0), (2, 2)): [413, 55, 29, 22, 7, 3, 1, 0, 1]
(2, (1, 1, 0), (3, 0)): [157, 30, 22, 20, 5, 3, 1]
(2, (1, 1, 0), (3, 1)): [218, 27, 22, 25, 2, 5, 1, 1]
(2, (1, 1, 0), (3, 2)): [263, 29, 21, 22, 7, 2, 1, 0, 1]
(2, (1, 1, 1), (0, 0)): [28183, 4284, 4858, 2563, 1721, 585, 187, 66, 29, 7, 4, 0, 0, 1]
(2, (1, 1, 1), (0, 1)): [381, 39, 54, 29, 25, 4, 3, 2, 1]
(2, (1, 1, 1), (0, 2)): [175, 8, 12, 5, 4, 1, 0, 0, 1]
(2, (1, 1, 1), (1, 0)): [326, 97, 60, 51, 19, 10, 4, 0, 1]
(2, (1, 1, 1), (1, 1)): [282, 41, 48, 27, 21, 3, 2]
(2, (1, 1, 1), (1, 2)): [201, 14, 18, 12, 9, 2, 1]
(2, (1, 1, 1), (2, 0)): [101, 75, 20, 25, 8, 6, 3]
(2, (1, 1, 1), (2, 1)): [128, 42, 27, 20, 11, 3, 3]
(2, (1, 1, 1), (2, 2)): [144, 23, 19, 15, 6, 2, 1]
(2, (1, 1, 1), (3, 0)): [25, 53, 8, 13, 2, 3]
(2, (1, 1, 1), (3, 1)): [48, 46, 11, 13, 5, 2, 2]
(2, (1, 1, 1), (3, 2)): [77, 32, 14, 18, 6, 4, 2]
