(0, (0, 0, 0), (0, 0)): [833028, 167880, 78765, 36079, 16387, 7140, 2955, 1249, 518, 235, 106, 47, 24, 6, 3, 1, 0, 1]
(0, (0, 0, 0), (0, 1)): [18630, 3432, 1617, 715, 311, 142, 49, 29, 7, 5, 2, 0, 2, 1, 0, 1]
(0, (0, 0, 0), (0, 2)): [6778, 1083, 504, 228, 97, 35, 16, 12, 2, 1, 0, 0, 1]
(0, (0, 0, 0), (1, 0)): [17062, 3656, 1847, 841, 425, 176, 81, 31, 11, 6, 2]
(0, (0, 0, 0), (1, 1)): [15714, 3068, 1505, 695, 315, 131, 46, 23, 6, 4, 3, 0, 1, 1, 0, 1]
(0, (0, 0, 0), (1, 2)): [10087, 1741, 794, 344, 171, 71, 20, 12, 5, 2, 0, 0, 2]
(0, (0, 0, 0), (2, 0)): [5643, 1328, 709, 358, 177, 83, 39, 15, 4, 2, 1]
(0, (0, 0, 0), (2, 1)): [8421, 1753, 945, 454, 210, 90, 37, 21, 3, 1, 1, 0, 0, 1]
(0, (0, 0, 0), (2, 2)): [7995, 1487, 740, 341, 164, 75, 20, 11, 3, 3, 1, 0, 2]
(0, (0, 0, 0), (3, 0)): [1870, 460, 302, 168, 77, 45, 18, 6, 3, 0, 1]
(0, (0, 0, 0), (3, 1)): [3406, 819, 525, 271, 113, 53, 22, 13, 4]
(0, (0, 0, 0), (3, 2)): [4595, 970, 609, 283, 132, 54, 16, 9, 5, 2, 0, 0, 2]
(0, (0, 0, 1), (0, 0)): [3704, 11526, 3206, 1508, 736, 333, 149, 81, 30, 18, 6, 1, 3, 1]
(0, (0, 0, 1), (0, 1)): [74, 186, 58, 20, 15, 7, 5, 1, 0, 1, 0, 0, 0, 1]
(0, (0, 0, 1), (0, 2)): [31, 71, 17, 7, 6, 1]
(0, (0, 0, 1), (1, 0)): [73, 185, 48, 29, 19, 10, 2, 2, 1]
(0, (0, 0, 1), (1, 1)): [63, 136, 45, 16, 17, 7, 5, 1, 0, 1, 0, 0, 0, 1]
(0, (0, 0, 1), (1, 2)): [43, 92, 27, 9, 7, 0, 3, 1, 0, 1]
(0, (0, 0, 1), (2, 0)): [32, 83, 20, 14, 6, 7, 1, 1, 1]
(0, (0, 0, 1), (2, 1)): [36, 85, 25, 15, 13, 5, 1]
(0, (0, 0, 1), (2, 2)): [40, 71, 22, 7, 8, 1, 2]
(0, (0, 0, 1), (3, 0)): [8, 37, 8, 6, 2, 4, 1, 1, 1]
(0, (0, 0, 1), (3, 1)): [15, 36, 10, 7, 7, 4, 0, 1]
(0, (0, 0, 1), (3, 2)): [21, 43, 10, 5, 7, 4, 1, 1]
(0, (0, 1, 0), (0, 0)): [27269, 26503, 10303, 4900, 2434, 1072, 440, 189, 84, 48, 17, 5, 3, 0, 1]
(0, (0, 1, 0), (0, 1)): [582, 474, 175, 87, 31, 20, 10, 4, 1]
(0, (0, 1, 0), (0, 2)): [229, 141, 57, 24, 6, 8, 2, 0, 1]
(0, (0, 1, 0), (1, 0)): [540, 483, 205, 110, 52, 27, 10, 2, 1]
(0, (0, 1, 0), (1, 1)): [468, 394, 163, 81, 28, 15, 10, 4]
(0, (0, 1, 0), (1, 2)): [309, 237, 94, 47, 16, 10, 4, 1, 1]
(0, (0, 1, 0), (2, 0)): [176, 169, 71, 45, 25, 17, 3, 0, 1]
(0, (0, 1, 0), (2, 1)): [224, 209, 88, 52, 13, 17, 6, 3]
(0, (0, 1, 0), (2, 2)): [238, 178, 82, 45, 12, 7, 6, 1, 1]
(0, (0, 1, 0), (3, 0)): [65, 63, 30, 25, 18, 5, 1, 0, 1]
(0, (0, 1, 0), (3, 1)): [89, 90, 46, 28, 16, 9, 3, 1]
(0, (0, 1, 0), (3, 2)): [140, 110, 62, 33, 15, 6, 6]
(0, (0, 1, 1), (0, 0)): [2447, 4214, 5384, 2421, 1318, 607, 265, 127, 61, 27, 9, 6, 0, 2, 1, 0, 0, 1]
(0, (0, 1, 1), (0, 1)): [46, 57, 92, 41, 23, 8, 8, 3, 1]
(0, (0, 1, 1), (0, 2)): [24, 21, 33, 14, 12, 5, 3, 2]
(0, (0, 1, 1), (1, 0)): [58, 96, 122, 63, 41, 17, 8, 6, 4, 0, 0, 1]
(0, (0, 1, 1), (1, 1)): [36, 58, 81, 42, 21, 5, 5, 2, 2]
(0, (0, 1, 1), (1, 2)): [25, 28, 44, 22, 16, 5, 3, 2, 1]
(0, (0, 1, 1), (2, 0)): [34, 55, 60, 32, 23, 12, 4, 5, 3, 0, 0, 1]
(0, (0, 1, 1), (2, 1)): [27, 39, 53, 25, 12, 4, 2, 5, 3]
(0, (0, 1, 1), (2, 2)): [31, 29, 40, 18, 10, 4, 2, 2, 2]
(0, (0, 1, 1), (3, 0)): [20, 35, 32, 23, 17, 11, 2, 1, 0, 0, 0, 1]
(0, (0, 1, 1), (3, 1)): [10, 23, 21, 14, 9, 1, 0, 2, 2]
(0, (0, 1, 1), (3, 2)): [15, 17, 32, 14, 8, 3, 2, 4, 3]
(0, (1, 0, 0), (0, 0)): [184143, 62469, 39607, 19654, 9475, 4321, 1829, 797, 344, 151, 72, 30, 15, 4, 2, 1, 0, 1]
(0, (1, 0, 0), (0, 1)): [3937, 1033, 767, 369, 198, 91, 30, 14, 8, 1]
(0, (1, 0, 0), (0, 2)): [1483, 303, 249, 100, 55, 20, 12, 2, 5, 1]
(0, (1, 0, 0), (1, 0)): [3368, 1100, 831, 390, 199, 75, 44, 18, 8, 5, 2]
(0, (1, 0, 0), (1, 1)): [2920, 843, 645, 301, 155, 62, 25, 14, 6, 3]
(0, (1, 0, 0), (1, 2)): [1849, 447, 360, 143, 77, 28, 17, 8, 3, 1]
(0, (1, 0, 0), (2, 0)): [1065, 375, 271, 151, 83, 31, 13, 9, 4, 2, 2]
(0, (1, 0, 0), (2, 1)): [1424, 436, 332, 179, 91, 38, 13, 6, 5, 3]
(0, (1, 0, 0), (2, 2)): [1316, 357, 272, 123, 70, 22, 12, 7, 3, 2]
(0, (1, 0, 0), (3, 0)): [316, 129, 102, 67, 42, 11, 4, 5, 0, 1, 1]
(0, (1, 0, 0), (3, 1)): [533, 191, 144, 93, 59, 17, 5, 3, 4, 1, 1]
(0, (1, 0, 0), (3, 2)): [665, 222, 156, 86, 63, 18, 6, 5, 3, 2]
(0, (1, 0, 1), (0, 0)): [4148, 13235, 5534, 3747, 2014, 949, 456, 197, 88, 37, 19, 10, 4, 0, 1, 0, 0, 1]
(0, (1, 0, 1), (0, 1)): [84, 241, 95, 67, 27, 17, 11, 3, 1, 0, 0, 0, 1]
(0, (1, 0, 1), (0, 2)): [32, 88, 21, 21, 11, 8, 5, 1, 1]
(0, (1, 0, 1), (1, 0)): [81, 260, 97, 77, 39, 24, 2, 4, 4, 1, 1]
(0, (1, 0, 1), (1, 1)): [76, 194, 67, 54, 23, 13, 5, 1, 2, 0, 1]
(0, (1, 0, 1), (1, 2)): [59, 111, 33, 25, 12, 9, 3, 2, 2]
(0, (1, 0, 1), (2, 0)): [26, 94, 43, 29, 16, 13, 0, 3, 1, 1]
(0, (1, 0, 1), (2, 1)): [25, 115, 42, 33, 17, 9, 1, 0, 2, 0, 1]
(0, (1, 0, 1), (2, 2)): [45, 92, 32, 17, 12, 5, 2, 2, 1, 0, 1]
(0, (1, 0, 1), (3, 0)): [14, 31, 19, 14, 8, 8, 0, 3]
(0, (1, 0, 1), (3, 1)): [10, 43, 16, 17, 11, 6]
(0, (1, 0, 1), (3, 2)): [15, 46, 26, 11, 9, 4, 1, 0, 1, 0, 1]
(0, (1, 1, 0), (0, 0)): [25087, 16260, 12869, 8948, 4851, 2290, 1007, 495, 195, 88, 45, 17, 7, 1]
(0, (1, 1, 0), (0, 1)): [568, 304, 213, 165, 91, 40, 13, 11, 2, 0, 1]
(0, (1, 1, 0), (0, 2)): [218, 108, 70, 53, 33, 12, 5, 6]
(0, (1, 1, 0), (1, 0)): [457, 278, 228, 166, 82, 53, 20, 13, 3, 3]
(0, (1, 1, 0), (1, 1)): [391, 209, 168, 126, 54, 34, 12, 9, 3, 1, 1]
(0, (1, 1, 0), (1, 2)): [268, 119, 91, 69, 34, 15, 4, 9, 1, 1]
(0, (1, 1, 0), (2, 0)): [131, 86, 73, 60, 34, 22, 6, 6, 2, 1]
(0, (1, 1, 0), (2, 1)): [182, 107, 80, 68, 36, 22, 8, 5, 2, 1]
(0, (1, 1, 0), (2, 2)): [181, 90, 70, 50, 24, 14, 2, 7, 2, 2]
(0, (1, 1, 0), (3, 0)): [32, 32, 27, 21, 13, 7, 3, 3, 1]
(0, (1, 1, 0), (3, 1)): [66, 46, 40, 39, 17, 12, 8, 3, 2]
(0, (1, 1, 0), (3, 2)): [103, 52, 44, 39, 15, 10, 1, 5, 2]
(0, (1, 1, 1), (0, 0)): [2617, 4748, 4004, 3151, 2489, 1226, 585, 307, 129, 58, 33, 11, 2, 1, 1]
(0, (1, 1, 1), (0, 1)): [72, 90, 81, 54, 42, 23, 8, 5, 6, 2, 1, 1]
(0, (1, 1, 1), (0, 2)): [33, 38, 25, 18, 20, 6, 2, 1, 3, 0, 0, 1]
(0, (1, 1, 1), (1, 0)): [45, 104, 101, 73, 64, 33, 11, 10, 3, 0, 1]
(0, (1, 1, 1), (1, 1)): [49, 76, 83, 55, 34, 23, 9, 7, 2, 1, 1]
(0, (1, 1, 1), (1, 2)): [43, 49, 42, 21, 16, 10, 3, 2, 4, 0, 0, 1]
(0, (1, 1, 1), (2, 0)): [12, 42, 25, 31, 31, 11, 3, 4, 1, 0, 1]
(0, (1, 1, 1), (2, 1)): [25, 38, 34, 33, 27, 14, 3, 4, 2]
(0, (1, 1, 1), (2, 2)): [24, 34, 31, 26, 14, 10, 3, 3, 1, 0, 0, 1]
(0, (1, 1, 1), (3, 0)): [2, 13, 12, 14, 11, 2, 2, 2, 0, 0, 1]
(0, (1, 1, 1), (3, 2)): [8, 11, 18, 24, 11, 7, 3, 0, 2, 0, 0, 1]
(1, (0, 0, 0), (0, 0)): [665308, 72599, 30115, 11925, 4814, 1844, 696, 274, 106, 42, 20, 11, 5, 2, 0, 1]
(1, (0, 0, 0), (0, 1)): [15064, 1550, 650, 240, 105, 26, 12, 8, 1, 0, 0, 0, 0, 1]
(1, (0, 0, 0), (0, 2)): [5462, 454, 186, 69, 30, 7, 1, 2]
(1, (0, 0, 0), (1, 0)): [14314, 1798, 773, 288, 130, 47, 18, 7, 0, 1, 0, 0, 0, 0, 0, 1]
(1, (0, 0, 0), (1, 1)): [13002, 1448, 591, 214, 97, 37, 17, 5, 1, 1, 0, 0, 0, 1]
(1, (0, 0, 0), (1, 2)): [8127, 735, 286, 124, 55, 23, 7, 2]
(1, (0, 0, 0), (2, 0)): [4905, 690, 344, 120, 52, 20, 7, 4, 0, 0, 0, 0, 0, 0, 0, 1]
(1, (0, 0, 0), (2, 1)): [7157, 891, 390, 138, 67, 20, 10, 5, 0, 1]
(1, (0, 0, 0), (2, 2)): [6762, 682, 293, 114, 55, 29, 10, 3]
(1, (0, 0, 0), (3, 0)): [1567, 248, 160, 54, 26, 8, 4, 0, 0, 0, 0, 0, 0, 0, 0, 1]
(1, (0, 0, 0), (3, 1)): [2987, 471, 244, 86, 45, 7, 3, 3]
(1, (0, 0, 0), (3, 2)): [3893, 491, 250, 87, 47, 18, 10, 3]
(1, (0, 0, 1), (0, 0)): [19441, 29343, 5760, 2409, 1037, 442, 175, 77, 35, 12, 6, 4, 3, 1]
(1, (0, 0, 1), (0, 1)): [370, 413, 89, 30, 15, 7, 5]
(1, (0, 0, 1), (0, 2)): [151, 135, 27, 7, 2, 1, 3]
(1, (0, 0, 1), (1, 0)): [373, 521, 105, 56, 26, 12, 6, 2, 1]
(1, (0, 0, 1), (1, 1)): [328, 386, 74, 34, 17, 6, 2, 2]
(1, (0, 0, 1), (1, 2)): [240, 213, 31, 13, 9, 2, 2]
(1, (0, 0, 1), (2, 0)): [161, 205, 45, 25, 14, 7, 5, 0, 1]
(1, (0, 0, 1), (2, 1)): [155, 225, 38, 21, 10, 7, 5, 2]
(1, (0, 0, 1), (2, 2)): [163, 177, 32, 14, 5, 2, 1]
(1, (0, 0, 1), (3, 0)): [72, 84, 27, 17, 8, 3, 2, 0, 1]
(1, (0, 0, 1), (3, 1)): [85, 111, 15, 14, 5, 3, 3, 2]
(1, (0, 0, 1), (3, 2)): [99, 108, 22, 12, 5, 2, 3]
(1, (0, 1, 0), (0, 0)): [91910, 43364, 15294, 6434, 2648, 1062, 364, 165, 50, 28, 14, 7, 5, 1, 1]
(1, (0, 1, 0), (0, 1)): [1658, 659, 246, 101, 33, 12, 7, 3, 1]
(1, (0, 1, 0), (0, 2)): [640, 232, 75, 22, 8, 5, 3]
(1, (0, 1, 0), (1, 0)): [1999, 904, 330, 194, 92, 27, 10, 3, 0, 0, 1, 0, 0, 1]
(1, (0, 1, 0), (1, 1)): [1471, 569, 229, 109, 44, 14, 7, 4, 1, 0, 0, 0, 0, 1]
(1, (0, 1, 0), (1, 2)): [952, 332, 126, 43, 15, 6, 5, 2]
(1, (0, 1, 0), (2, 0)): [870, 386, 146, 103, 45, 15, 6, 2, 0, 0, 1]
(1, (0, 1, 0), (2, 1)): [787, 330, 125, 74, 35, 11, 6, 3, 0, 0, 1, 0, 0, 1]
(1, (0, 1, 0), (2, 2)): [747, 287, 116, 42, 25, 5, 3, 1]
(1, (0, 1, 0), (3, 0)): [459, 185, 62, 73, 32, 8, 3, 1]
(1, (0, 1, 0), (3, 1)): [391, 155, 60, 47, 22, 7, 2, 1, 0, 0, 0, 0, 0, 1]
(1, (0, 1, 0), (3, 2)): [426, 161, 76, 43, 23, 1, 3, 1, 0, 0, 0, 0, 0, 1]
(1, (0, 1, 1), (0, 0)): [15558, 12992, 12579, 4949, 2486, 990, 393, 156, 80, 22, 9, 4, 1, 2, 0, 1]
(1, (0, 1, 1), (0, 1)): [244, 169, 150, 50, 28, 14, 5, 2]
(1, (0, 1, 1), (0, 2)): [120, 53, 48, 16, 9, 3, 1]
(1, (0, 1, 1), (1, 0)): [436, 310, 242, 124, 82, 30, 13, 8, 3, 1]
(1, (0, 1, 1), (1, 1)): [209, 147, 137, 51, 26, 6, 6, 2]
(1, (0, 1, 1), (1, 2)): [160, 77, 72, 34, 10, 4, 2]
(1, (0, 1, 1), (2, 0)): [283, 205, 134, 84, 65, 27, 10, 7, 3, 1]
(1, (0, 1, 1), (2, 1)): [122, 98, 72, 33, 14, 8, 6, 1]
(1, (0, 1, 1), (2, 2)): [117, 75, 68, 30, 14, 2, 1, 1]
(1, (0, 1, 1), (3, 0)): [230, 163, 105, 64, 59, 23, 7, 7, 3, 1]
(1, (0, 1, 1), (3, 1)): [64, 46, 30, 16, 6, 7, 5]
(1, (0, 1, 1), (3, 2)): [75, 54, 37, 14, 9, 3, 1]
(1, (1, 0, 0), (0, 0)): [266029, 48646, 30272, 13118, 5399, 2178, 829, 312, 142, 60, 23, 15, 4, 2, 0, 2]
(1, (1, 0, 0), (0, 1)): [5640, 792, 601, 234, 105, 38, 17, 3, 1, 2]
(1, (1, 0, 0), (0, 2)): [2014, 247, 213, 61, 31, 10, 6, 1, 0, 2]
(1, (1, 0, 0), (1, 0)): [5343, 950, 685, 323, 134, 45, 22, 8, 1, 2, 0, 0, 1, 0, 0, 1]
(1, (1, 0, 0), (1, 1)): [4532, 681, 513, 203, 86, 33, 13, 6, 1, 0, 0, 0, 0, 0, 0, 1]
(1, (1, 0, 0), (1, 2)): [2801, 355, 292, 89, 45, 16, 5, 4, 0, 1]
(1, (1, 0, 0), (2, 0)): [1735, 341, 256, 151, 57, 23, 9, 0, 1, 2, 0, 0, 1]
(1, (1, 0, 0), (2, 1)): [2304, 400, 314, 143, 59, 20, 9, 2, 2, 0, 0, 0, 0, 0, 0, 1]
(1, (1, 0, 0), (2, 2)): [2097, 299, 260, 99, 44, 13, 5, 3, 1, 1]
(1, (1, 0, 0), (3, 0)): [535, 117, 84, 67, 26, 10, 4, 0, 0, 2, 0, 0, 1]
(1, (1, 0, 0), (3, 1)): [884, 211, 143, 85, 29, 12, 6, 1, 0, 1, 0, 0, 0, 0, 0, 1]
(1, (1, 0, 0), (3, 2)): [1087, 214, 152, 76, 30, 14, 5, 1, 1, 1, 0, 0, 0, 0, 0, 1]
(1, (1, 0, 1), (0, 0)): [20643, 25779, 8556, 5522, 2406, 1007, 368, 157, 61, 43, 13, 3, 0, 1]
(1, (1, 0, 1), (0, 1)): [454, 396, 118, 95, 48, 16, 10, 2, 3, 2]
(1, (1, 0, 1), (0, 2)): [210, 119, 40, 30, 8, 7, 4, 1, 0, 1]
(1, (1, 0, 1), (1, 0)): [431, 500, 145, 110, 61, 20, 6, 1, 0, 2]
(1, (1, 0, 1), (1, 1)): [334, 333, 95, 85, 45, 5, 7, 1, 2]
(1, (1, 0, 1), (1, 2)): [260, 175, 55, 52, 20, 5, 5, 2, 0, 1]
(1, (1, 0, 1), (2, 0)): [168, 172, 52, 31, 28, 12, 1, 0, 0, 1]
(1, (1, 0, 1), (2, 1)): [158, 178, 52, 43, 26, 7, 5, 0, 2]
(1, (1, 0, 1), (2, 2)): [165, 133, 48, 28, 18, 5, 5, 0, 1]
(1, (1, 0, 1), (3, 0)): [68, 69, 18, 12, 14, 6, 0, 0, 0, 1]
(1, (1, 0, 1), (3, 1)): [68, 84, 19, 21, 19, 6]
(1, (1, 0, 1), (3, 2)): [86, 79, 28, 21, 17, 8, 3, 0, 1]
(1, (1, 1, 0), (0, 0)): [71567, 22549, 15819, 10814, 4735, 2009, 782, 314, 127, 54, 19, 10, 6, 4, 1]
(1, (1, 1, 0), (0, 1)): [1536, 400, 263, 207, 84, 33, 17, 4, 1]
(1, (1, 1, 0), (0, 2)): [611, 159, 90, 71, 25, 8, 3]
(1, (1, 1, 0), (1, 0)): [1405, 484, 337, 258, 113, 39, 16, 7, 1, 2, 0, 0, 2, 1]
(1, (1, 1, 0), (1, 1)): [1188, 326, 233, 178, 76, 28, 16, 5, 0, 2]
(1, (1, 1, 0), (1, 2)): [847, 199, 132, 103, 41, 13, 8, 1]
(1, (1, 1, 0), (2, 0)): [464, 170, 123, 95, 43, 15, 3, 2, 1, 0, 0, 0, 2, 1]
(1, (1, 1, 0), (2, 1)): [587, 204, 141, 105, 42, 19, 7, 2, 0, 1, 0, 0, 1]
(1, (1, 1, 0), (2, 2)): [613, 166, 95, 75, 37, 11, 4, 1]
(1, (1, 1, 0), (3, 0)): [125, 62, 39, 29, 22, 9, 1, 2, 1, 0, 0, 0, 1]
(1, (1, 1, 0), (3, 1)): [242, 99, 70, 51, 28, 10, 6, 2, 0, 1, 0, 0, 1]
(1, (1, 1, 0), (3, 2)): [328, 103, 71, 47, 30, 12, 6, 3, 0, 1, 0, 0, 1]
(1, (1, 1, 1), (0, 0)): [14791, 11899, 7752, 5299, 3841, 1652, 679, 263, 110, 40, 15, 11, 6, 2, 1, 1]
(1, (1, 1, 1), (0, 1)): [379, 242, 155, 97, 86, 33, 14, 5, 3]
(1, (1, 1, 1), (0, 2)): [194, 85, 54, 29, 33, 11, 7]
(1, (1, 1, 1), (1, 0)): [318, 243, 166, 106, 94, 39, 16, 6, 2, 2, 0, 1, 1]
(1, (1, 1, 1), (1, 1)): [263, 175, 125, 86, 77, 31, 7, 5, 1]
(1, (1, 1, 1), (1, 2)): [212, 85, 72, 46, 39, 24, 8, 1]
(1, (1, 1, 1), (2, 0)): [93, 96, 71, 43, 30, 18, 9, 3, 1, 1, 0, 1, 1]
(1, (1, 1, 1), (2, 1)): [130, 118, 81, 53, 44, 14, 7, 4, 1, 1, 0, 1]
(1, (1, 1, 1), (2, 2)): [140, 82, 63, 53, 39, 17, 7, 2]
(1, (1, 1, 1), (3, 0)): [18, 34, 18, 19, 9, 11, 4, 0, 1, 0, 0, 0, 1]
(1, (1, 1, 1), (3, 1)): [38, 62, 24, 26, 19, 10, 5, 3, 0, 0, 0, 0, 1]
(1, (1, 1, 1), (3, 2)): [75, 54, 31, 35, 25, 14, 3, 2]
(2, (0, 0, 0), (0, 0)): [573682, 25518, 8728, 2729, 980, 324, 118, 39, 8, 3, 3, 0, 1]
(2, (0, 0, 0), (0, 1)): [13040, 558, 195, 49, 31, 6, 5, 1]
(2, (0, 0, 0), (0, 2)): [4594, 147, 42, 13, 8, 1, 1, 1]
(2, (0, 0, 0), (1, 0)): [13118, 760, 251, 76, 34, 9, 3, 0, 0, 0, 0, 0, 1]
(2, (0, 0, 0), (1, 1)): [11632, 582, 206, 46, 30, 5, 6]
(2, (0, 0, 0), (1, 2)): [7134, 257, 90, 21, 14, 3, 3]
(2, (0, 0, 0), (2, 0)): [4724, 281, 115, 46, 16, 5, 1, 0, 0, 0, 0, 0, 1]
(2, (0, 0, 0), (2, 1)): [6697, 350, 130, 46, 10, 4, 3]
(2, (0, 0, 0), (2, 2)): [5990, 263, 100, 30, 13, 4, 1]
(2, (0, 0, 0), (3, 0)): [1619, 114, 66, 23, 12, 2, 1, 0, 0, 0, 0, 0, 1]
(2, (0, 0, 0), (3, 1)): [3039, 177, 87, 30, 11, 4, 2]
(2, (0, 0, 0), (3, 2)): [3808, 206, 99, 26, 9, 4]
(2, (0, 0, 1), (0, 0)): [57230, 18918, 3482, 1197, 425, 154, 48, 15, 2, 2, 0, 1]
(2, (0, 0, 1), (0, 1)): [1050, 301, 66, 21, 10, 3, 1]
(2, (0, 0, 1), (0, 2)): [409, 82, 23, 4, 1, 1]
(2, (0, 0, 1), (1, 0)): [1200, 353, 79, 29, 11, 2, 0, 2]
(2, (0, 0, 1), (1, 1)): [970, 239, 55, 18, 9, 1, 1, 1]
(2, (0, 0, 1), (1, 2)): [649, 125, 27, 9, 2, 1, 1]
(2, (0, 0, 1), (2, 0)): [499, 147, 36, 20, 7, 2, 0, 1]
(2, (0, 0, 1), (2, 1)): [562, 134, 41, 14, 9, 0, 0, 2]
(2, (0, 0, 1), (2, 2)): [534, 101, 33, 6, 3, 1, 1]
(2, (0, 0, 1), (3, 0)): [247, 64, 19, 13, 3, 2]
(2, (0, 0, 1), (3, 1)): [280, 70, 19, 13, 6, 0, 0, 1]
(2, (0, 0, 1), (3, 2)): [336, 71, 24, 8, 2, 1]
(2, (0, 1, 0), (0, 0)): [148419, 33493, 8508, 2960, 962, 320, 107, 25, 6, 2, 2, 0, 1]
(2, (0, 1, 0), (0, 1)): [2676, 484, 130, 47, 17, 1, 1]
(2, (0, 1, 0), (0, 2)): [993, 134, 32, 11, 6]
(2, (0, 1, 0), (1, 0)): [3513, 613, 260, 104, 26, 14, 5, 1, 0, 0, 0, 0, 1]
(2, (0, 1, 0), (1, 1)): [2503, 439, 156, 50, 15, 4, 3, 1]
(2, (0, 1, 0), (1, 2)): [1525, 220, 60, 30, 6]
(2, (0, 1, 0), (2, 0)): [1636, 267, 130, 71, 19, 9, 3, 0, 0, 0, 0, 0, 1]
(2, (0, 1, 0), (2, 1)): [1518, 280, 99, 38, 10, 7, 3, 1, 0, 0, 0, 0, 1]
(2, (0, 1, 0), (2, 2)): [1372, 203, 62, 36, 8, 3, 0, 1]
(2, (0, 1, 0), (3, 0)): [917, 124, 74, 47, 14, 3, 2]
(2, (0, 1, 0), (3, 1)): [714, 127, 63, 24, 10, 4, 3, 0, 0, 0, 0, 0, 1]
(2, (0, 1, 0), (3, 2)): [891, 141, 58, 31, 7, 4, 1, 0, 0, 0, 0, 0, 1]
(2, (0, 1, 1), (0, 0)): [35613, 3214, 8355, 2176, 843, 278, 96, 34, 11, 4, 3, 1, 0, 1]
(2, (0, 1, 1), (0, 1)): [582, 53, 104, 24, 5, 3, 1, 3]
(2, (0, 1, 1), (0, 2)): [238, 18, 34, 8, 3, 1, 1]
(2, (0, 1, 1), (1, 0)): [822, 88, 165, 57, 27, 5, 3, 0, 0, 0, 1]
(2, (0, 1, 1), (1, 1)): [541, 46, 96, 24, 6, 2, 1, 2]
(2, (0, 1, 1), (1, 2)): [349, 26, 52, 9, 3, 1, 2, 1]
(2, (0, 1, 1), (2, 0)): [417, 54, 83, 37, 21, 5, 1, 0, 0, 0, 1]
(2, (0, 1, 1), (2, 1)): [295, 28, 66, 15, 6, 3]
(2, (0, 1, 1), (2, 2)): [295, 26, 54, 14, 3, 3, 1, 1]
(2, (0, 1, 1), (3, 0)): [293, 40, 48, 23, 18, 4, 1, 0, 0, 0, 1]
(2, (0, 1, 1), (3, 1)): [155, 15, 33, 9, 4, 1]
(2, (0, 1, 1), (3, 2)): [202, 21, 41, 10, 4, 4, 0, 1]
(2, (1, 0, 0), (0, 0)): [325199, 24330, 14789, 4701, 1571, 495, 198, 59, 14, 8, 4, 0, 1]
(2, (1, 0, 0), (0, 1)): [6455, 348, 285, 79, 34, 8, 5, 1]
(2, (1, 0, 0), (0, 2)): [2301, 103, 71, 14, 12, 2, 1]
(2, (1, 0, 0), (1, 0)): [6698, 542, 393, 148, 42, 10, 6, 1, 0, 0, 0, 0, 1]
(2, (1, 0, 0), (1, 1)): [5350, 336, 279, 89, 25, 3, 3]
(2, (1, 0, 0), (1, 2)): [3288, 167, 115, 45, 13, 2]
(2, (1, 0, 0), (2, 0)): [2269, 213, 136, 73, 19, 4, 3, 0, 0, 0, 0, 0, 1]
(2, (1, 0, 0), (2, 1)): [2733, 183, 157, 53, 22, 5, 2, 0, 0, 0, 0, 0, 1]
(2, (1, 0, 0), (2, 2)): [2502, 154, 120, 37, 16, 4, 1]
(2, (1, 0, 0), (3, 0)): [734, 100, 39, 42, 6, 1, 2]
(2, (1, 0, 0), (3, 1)): [1180, 124, 74, 42, 9, 3, 2, 0, 0, 0, 0, 0, 1]
(2, (1, 0, 0), (3, 2)): [1392, 125, 79, 36, 10, 6, 1, 0, 0, 0, 0, 0, 1]
(2, (1, 0, 1), (0, 0)): [52968, 13773, 5670, 3146, 1032, 347, 126, 43, 15, 3, 0, 2, 1]
(2, (1, 0, 1), (0, 1)): [1113, 223, 92, 69, 21, 2, 2, 2, 0, 0, 0, 1]
(2, (1, 0, 1), (0, 2)): [430, 61, 27, 17, 8, 0, 0, 1]
(2, (1, 0, 1), (1, 0)): [1026, 227, 114, 78, 34, 10, 4]
(2, (1, 0, 1), (1, 1)): [838, 175, 72, 59, 18, 4, 5, 1, 0, 0, 0, 1]
(2, (1, 0, 1), (1, 2)): [559, 81, 34, 24, 8, 2, 1, 2, 0, 0, 0, 1]
(2, (1, 0, 1), (2, 0)): [366, 80, 60, 28, 14, 4, 1]
(2, (1, 0, 1), (2, 1)): [464, 102, 35, 32, 15, 3, 1]
(2, (1, 0, 1), (2, 2)): [405, 65, 25, 20, 9, 3, 1, 2, 0, 0, 0, 1]
(2, (1, 0, 1), (3, 0)): [137, 24, 29, 12, 8, 1, 1]
(2, (1, 0, 1), (3, 1)): [217, 40, 26, 18, 7, 1, 2]
(2, (1, 0, 1), (3, 2)): [239, 49, 25, 13, 7, 3, 1, 2]
(2, (1, 1, 0), (0, 0)): [122836, 19319, 10025, 6360, 2041, 699, 209, 71, 28, 13, 5, 1, 2, 1]
(2, (1, 1, 0), (0, 1)): [2631, 367, 171, 117, 37, 6, 4, 1, 0, 0, 0, 0, 1]
(2, (1, 1, 0), (0, 2)): [1033, 115, 51, 24, 9, 1, 1]
(2, (1, 1, 0), (1, 0)): [2563, 393, 211, 179, 57, 19, 6, 2, 1, 1]
(2, (1, 1, 0), (1, 1)): [2133, 292, 144, 116, 30, 6, 2, 2, 1, 1, 0, 0, 1]
(2, (1, 1, 0), (1, 2)): [1436, 165, 80, 44, 12, 3, 2, 1]
(2, (1, 1, 0), (2, 0)): [899, 153, 95, 76, 31, 12, 3, 1]
(2, (1, 1, 0), (2, 1)): [1162, 145, 96, 77, 23, 10, 2, 1, 1, 1, 0, 0, 1]
(2, (1, 1, 0), (2, 2)): [1081, 135, 68, 58, 13, 4, 3, 1, 1]
(2, (1, 1, 0), (3, 0)): [330, 61, 41, 31, 15, 5, 1]
(2, (1, 1, 0), (3, 1)): [517, 81, 57, 45, 13, 8, 2, 1, 0, 0, 0, 0, 1]
(2, (1, 1, 0), (3, 2)): [620, 81, 54, 41, 13, 3, 2, 1, 1]
(2, (1, 1, 1), (0, 0)): [35966, 5421, 6111, 3158, 2176, 723, 231, 86, 33, 7, 5, 0, 1, 1]
(2, (1, 1, 1), (0, 1)): [901, 90, 125, 65, 46, 7, 5, 2, 1, 0, 0, 0, 1]
(2, (1, 1, 1), (0, 2)): [409, 25, 28, 17, 13, 2, 1, 0, 1]
(2, (1, 1, 1), (1, 0)): [715, 207, 127, 84, 53, 23, 7, 1, 1, 0, 1]
(2, (1, 1, 1), (1, 1)): [675, 100, 113, 60, 39, 6, 3, 0, 0, 0, 1, 0, 1]
(2, (1, 1, 1), (1, 2)): [499, 44, 46, 26, 16, 4, 2, 0, 0, 0, 1]
(2, (1, 1, 1), (2, 0)): [197, 140, 34, 37, 27, 15, 4, 1]
(2, (1, 1, 1), (2, 1)): [295, 97, 64, 33, 30, 8, 4, 0, 0, 0, 0, 0, 1]
(2, (1, 1, 1), (2, 2)): [330, 59, 46, 30, 18, 5, 2, 0, 0, 0, 1]
(2, (1, 1, 1), (3, 0)): [44, 95, 12, 21, 9, 8, 1]
(2, (1, 1, 1), (3, 1)): [97, 99, 22, 23, 20, 6, 4]
(2, (1, 1, 1), (3, 2)): [159, 83, 29, 32, 18, 8, 4, 0, 0, 0, 1]
