(0, (0, 0, 0), (0, 0)): [1027799, 204399, 94911, 43289, 19361, 8352, 3460, 1447, 587, 262, 119, 53, 26, 7, 3, 1, 0, 1]
(0, (0, 0, 0), (0, 1)): [20800, 3766, 1771, 786, 340, 150, 52, 32, 7, 5, 2, 0, 2, 1, 0, 1]
(0, (0, 0, 0), (0, 2)): [7657, 1207, 561, 253, 107, 39, 18, 13, 2, 1, 0, 0, 1]
(0, (0, 0, 0), (1, 0)): [19053, 4041, 2025, 923, 458, 191, 89, 34, 11, 6, 3]
(0, (0, 0, 0), (1, 1)): [17472, 3344, 1641, 757, 338, 142, 49, 25, 6, 4, 4, 0, 1, 1, 0, 1]
(0, (0, 0, 0), (1, 2)): [11349, 1912, 873, 388, 187, 81, 22, 13, 5, 2, 0, 0, 2]
(0, (0, 0, 0), (2, 0)): [6301, 1487, 780, 393, 191, 90, 42, 16, 4, 2, 1]
(0, (0, 0, 0), (2, 1)): [9337, 1937, 1031, 486, 224, 95, 42, 22, 3, 1, 1, 0, 0, 1]
(0, (0, 0, 0), (2, 2)): [8964, 1635, 809, 379, 175, 83, 22, 12, 3, 3, 1, 0, 2]
(0, (0, 0, 0), (3, 0)): [2062, 519, 318, 181, 84, 47, 19, 7, 3, 0, 1]
(0, (0, 0, 0), (3, 1)): [3765, 910, 561, 290, 118, 56, 25, 15, 4]
(0, (0, 0, 0), (3, 2)): [5109, 1068, 654, 304, 140, 60, 17, 12, 5, 2, 0, 0, 2]
(0, (0, 0, 1), (0, 0)): [4547, 13595, 3691, 1760, 861, 370, 165, 83, 32, 19, 6, 1, 3, 1]
(0, (0, 0, 1), (0, 1)): [80, 211, 65, 23, 17, 7, 5, 1, 0, 1, 0, 0, 0, 1]
(0, (0, 0, 1), (0, 2)): [34, 85, 19, 7, 6, 1]
(0, (0, 0, 1), (1, 0)): [77, 202, 55, 37, 21, 10, 2, 2, 1]
(0, (0, 0, 1), (1, 1)): [68, 152, 53, 21, 20, 7, 5, 1, 0, 1, 0, 0, 0, 1]
(0, (0, 0, 1), (1, 2)): [48, 107, 31, 12, 9, 0, 3, 1, 0, 1]
(0, (0, 0, 1), (2, 0)): [33, 87, 23, 18, 6, 7, 1, 1, 1]
(0, (0, 0, 1), (2, 1)): [39, 90, 29, 18, 13, 5, 1]
(0, (0, 0, 1), (2, 2)): [45, 78, 23, 9, 10, 1, 2]
(0, (0, 0, 1), (3, 1)): [17, 37, 13, 9, 7, 4, 0, 1]
(0, (0, 0, 1), (3, 2)): [24, 45, 13, 8, 9, 4, 1, 1]
(0, (0, 1, 0), (0, 0)): [34268, 32145, 12498, 5931, 2905, 1255, 522, 221, 93, 53, 18, 5, 3, 1, 1]
(0, (0, 1, 0), (0, 1)): [660, 534, 195, 95, 37, 21, 11, 5, 1]
(0, (0, 1, 0), (0, 2)): [261, 160, 69, 28, 8, 9, 3, 0, 1]
(0, (0, 1, 0), (1, 0)): [609, 541, 230, 122, 60, 28, 12, 3, 1]
(0, (0, 1, 0), (1, 1)): [524, 446, 182, 90, 34, 15, 10, 6]
(0, (0, 1, 0), (1, 2)): [354, 268, 102, 54, 20, 10, 5, 2, 1]
(0, (0, 1, 0), (2, 0)): [211, 191, 78, 48, 26, 17, 5, 0, 1]
(0, (0, 1, 0), (2, 1)): [262, 230, 100, 55, 15, 17, 7, 4]
(0, (0, 1, 0), (2, 2)): [274, 201, 90, 48, 15, 7, 7, 1, 1]
(0, (0, 1, 0), (3, 0)): [78, 70, 35, 26, 19, 5, 2, 0, 1]
(0, (0, 1, 0), (3, 1)): [107, 98, 52, 30, 17, 9, 3, 1]
(0, (0, 1, 0), (3, 2)): [167, 122, 66, 35, 18, 6, 7]
(0, (0, 1, 1), (0, 0)): [3050, 5082, 6324, 2905, 1561, 701, 314, 149, 71, 33, 10, 6, 1, 2, 1, 0, 0, 1]
(0, (0, 1, 1), (0, 1)): [53, 66, 99, 44, 27, 9, 8, 3, 2]
(0, (0, 1, 1), (0, 2)): [28, 24, 35, 15, 14, 5, 3, 2]
(0, (0, 1, 1), (1, 0)): [66, 113, 131, 74, 43, 18, 8, 6, 4, 0, 0, 1]
(0, (0, 1, 1), (1, 1)): [41, 68, 88, 47, 25, 6, 5, 2, 2]
(0, (0, 1, 1), (1, 2)): [30, 35, 49, 22, 19, 5, 3, 2, 1]
(0, (0, 1, 1), (2, 1)): [29, 44, 57, 30, 15, 5, 2, 5, 3]
(0, (0, 1, 1), (2, 2)): [35, 36, 44, 19, 12, 5, 2, 2, 2]
(0, (0, 1, 1), (3, 1)): [11, 24, 22, 16, 10, 1, 0, 2, 2]
(0, (0, 1, 1), (3, 2)): [17, 20, 34, 15, 9, 3, 2, 4, 3]
(0, (1, 0, 0), (0, 0)): [224045, 74700, 47242, 23369, 11120, 5031, 2122, 923, 382, 171, 83, 34, 16, 4, 2, 1, 0, 1]
(0, (1, 0, 0), (0, 1)): [4386, 1173, 837, 412, 211, 92, 31, 14, 8, 1]
(0, (1, 0, 0), (0, 2)): [1679, 356, 273, 114, 60, 20, 13, 2, 5, 1]
(0, (1, 0, 0), (1, 0)): [3773, 1218, 892, 434, 211, 87, 47, 20, 8, 6, 2, 1]
(0, (1, 0, 0), (1, 1)): [3240, 938, 704, 336, 167, 66, 26, 15, 6, 4, 0, 1]
(0, (1, 0, 0), (1, 2)): [2093, 503, 390, 163, 84, 28, 18, 8, 3, 2]
(0, (1, 0, 0), (2, 0)): [1189, 406, 288, 162, 86, 38, 15, 10, 4, 2, 2]
(0, (1, 0, 0), (2, 1)): [1572, 481, 362, 194, 97, 43, 15, 7, 5, 3, 0, 1]
(0, (1, 0, 0), (2, 2)): [1463, 391, 296, 135, 75, 23, 15, 7, 3, 3]
(0, (1, 0, 0), (3, 0)): [348, 136, 109, 72, 44, 15, 4, 5, 0, 1, 1]
(0, (1, 0, 0), (3, 1)): [586, 207, 161, 104, 64, 22, 5, 3, 4, 1, 1, 1]
(0, (1, 0, 0), (3, 2)): [740, 239, 177, 89, 65, 20, 7, 5, 3, 3]
(0, (1, 0, 1), (0, 0)): [5238, 15889, 6572, 4464, 2407, 1102, 541, 222, 102, 44, 23, 12, 5, 1, 1, 0, 0, 1]
(0, (1, 0, 1), (0, 1)): [94, 264, 108, 77, 34, 17, 13, 4, 1, 0, 0, 0, 1]
(0, (1, 0, 1), (0, 2)): [35, 101, 25, 26, 13, 8, 5, 2, 1]
(0, (1, 0, 1), (1, 0)): [91, 285, 105, 83, 44, 25, 2, 4, 4, 1, 1]
(0, (1, 0, 1), (1, 1)): [81, 213, 77, 56, 29, 14, 6, 1, 2, 0, 1]
(0, (1, 0, 1), (1, 2)): [64, 123, 37, 29, 14, 10, 3, 2, 2]
(0, (1, 0, 1), (2, 0)): [32, 99, 44, 32, 17, 13, 0, 3, 1, 1]
(0, (1, 0, 1), (2, 1)): [28, 124, 45, 36, 19, 9, 1, 0, 2, 0, 1]
(0, (1, 0, 1), (2, 2)): [48, 103, 35, 22, 14, 6, 2, 2, 1, 0, 1]
(0, (1, 0, 1), (3, 0)): [16, 35, 19, 14, 8, 8, 0, 3]
(0, (1, 0, 1), (3, 1)): [14, 45, 17, 17, 11, 6]
(0, (1, 0, 1), (3, 2)): [18, 51, 27, 12, 10, 5, 1, 0, 1, 0, 1]
(0, (1, 1, 0), (0, 0)): [30402, 19406, 15059, 10615, 5648, 2677, 1161, 564, 217, 102, 49, 20, 7, 1]
(0, (1, 1, 0), (0, 1)): [632, 339, 237, 182, 101, 42, 15, 12, 2, 0, 1, 1]
(0, (1, 1, 0), (0, 2)): [246, 120, 78, 55, 36, 13, 6, 6]
(0, (1, 1, 0), (1, 0)): [498, 314, 243, 179, 90, 57, 21, 13, 3, 3]
(0, (1, 1, 0), (1, 1)): [433, 231, 188, 140, 62, 38, 13, 10, 3, 1, 1]
(0, (1, 1, 0), (1, 2)): [300, 135, 102, 73, 39, 18, 4, 10, 1, 1]
(0, (1, 1, 0), (2, 0)): [140, 100, 76, 64, 35, 23, 7, 6, 2, 1]
(0, (1, 1, 0), (2, 1)): [197, 124, 84, 78, 39, 22, 10, 5, 2, 1]
(0, (1, 1, 0), (2, 2)): [199, 106, 77, 58, 26, 16, 3, 7, 2, 2]
(0, (1, 1, 0), (3, 1)): [69, 52, 40, 42, 18, 13, 9, 3, 2]
(0, (1, 1, 0), (3, 2)): [110, 60, 45, 41, 17, 12, 2, 5, 2]
(0, (1, 1, 1), (0, 0)): [3112, 5684, 4717, 3669, 2880, 1440, 687, 349, 146, 67, 34, 12, 3, 1, 1]
(0, (1, 1, 1), (0, 1)): [78, 101, 91, 60, 43, 24, 8, 5, 6, 2, 1, 1]
(0, (1, 1, 1), (0, 2)): [35, 42, 31, 19, 21, 6, 2, 1, 3, 0, 0, 1]
(0, (1, 1, 1), (1, 0)): [52, 111, 110, 80, 67, 36, 11, 10, 3, 0, 1, 1]
(0, (1, 1, 1), (1, 1)): [56, 85, 92, 62, 34, 24, 9, 7, 2, 1, 1]
(0, (1, 1, 1), (1, 2)): [45, 56, 48, 25, 17, 11, 3, 2, 4, 0, 0, 1]
(0, (1, 1, 1), (2, 0)): [13, 43, 27, 33, 34, 11, 3, 4, 1, 0, 1]
(0, (1, 1, 1), (2, 1)): [28, 42, 38, 35, 28, 14, 3, 4, 2]
(0, (1, 1, 1), (2, 2)): [27, 37, 36, 30, 15, 10, 3, 3, 1, 0, 0, 1]
(0, (1, 1, 1), (3, 0)): [2, 14, 13, 16, 12, 2, 2, 2, 0, 0, 1]
(0, (1, 1, 1), (3, 1)): [5, 21, 14, 22, 11, 4, 1, 1, 1, 0, 1]
(0, (1, 1, 1), (3, 2)): [9, 13, 21, 24, 11, 7, 3, 0, 2, 0, 0, 1]
(1, (0, 0, 0), (0, 0)): [825426, 89097, 36636, 14510, 5694, 2181, 841, 326, 127, 47, 22, 13, 6, 2, 0, 1]
(1, (0, 0, 0), (0, 1)): [16815, 1692, 717, 264, 110, 29, 12, 9, 1, 0, 0, 0, 0, 1]
(1, (0, 0, 0), (0, 2)): [6176, 497, 203, 73, 32, 9, 1, 2]
(1, (0, 0, 0), (1, 0)): [15987, 1976, 856, 321, 140, 52, 20, 7, 0, 1, 0, 0, 0, 0, 0, 1]
(1, (0, 0, 0), (1, 1)): [14407, 1585, 652, 240, 104, 40, 18, 6, 1, 1, 0, 0, 0, 1]
(1, (0, 0, 0), (1, 2)): [9104, 807, 321, 134, 60, 28, 8, 2]
(1, (0, 0, 0), (2, 0)): [5492, 758, 381, 135, 56, 22, 7, 4, 0, 0, 0, 0, 0, 0, 0, 1]
(1, (0, 0, 0), (2, 1)): [7971, 975, 424, 159, 71, 21, 10, 6, 0, 1]
(1, (0, 0, 0), (2, 2)): [7559, 749, 330, 128, 61, 32, 11, 4]
(1, (0, 0, 0), (3, 0)): [1741, 271, 180, 60, 27, 8, 4, 0, 0, 0, 0, 0, 0, 0, 0, 1]
(1, (0, 0, 0), (3, 1)): [3339, 507, 266, 96, 47, 7, 3, 3]
(1, (0, 0, 0), (3, 2)): [4328, 536, 275, 95, 52, 19, 11, 3]
(1, (0, 0, 1), (0, 0)): [23514, 34302, 6693, 2818, 1201, 497, 192, 83, 36, 12, 6, 4, 4, 1]
(1, (0, 0, 1), (0, 1)): [418, 454, 96, 33, 17, 7, 6]
(1, (0, 0, 1), (0, 2)): [174, 148, 28, 8, 2, 1, 4]
(1, (0, 0, 1), (1, 0)): [421, 585, 121, 61, 28, 12, 6, 3, 1]
(1, (0, 0, 1), (1, 1)): [367, 421, 85, 39, 21, 6, 2, 2]
(1, (0, 0, 1), (1, 2)): [272, 234, 35, 15, 11, 2, 3]
(1, (0, 0, 1), (2, 0)): [185, 238, 51, 27, 14, 7, 5, 1, 1]
(1, (0, 0, 1), (2, 1)): [173, 253, 44, 24, 12, 7, 5, 2]
(1, (0, 0, 1), (2, 2)): [186, 194, 37, 17, 6, 2, 2]
(1, (0, 0, 1), (3, 0)): [81, 96, 30, 18, 8, 3, 2, 1, 1]
(1, (0, 0, 1), (3, 1)): [93, 123, 18, 14, 7, 3, 3, 2]
(1, (0, 0, 1), (3, 2)): [115, 123, 25, 13, 5, 2, 3]
(1, (0, 1, 0), (0, 0)): [111837, 51379, 18223, 7654, 3098, 1240, 419, 199, 55, 30, 18, 7, 6, 1, 1]
(1, (0, 1, 0), (0, 1)): [1905, 742, 272, 113, 35, 15, 7, 3, 1]
(1, (0, 1, 0), (0, 2)): [752, 256, 84, 23, 10, 6, 3]
(1, (0, 1, 0), (1, 0)): [2250, 1008, 369, 205, 99, 27, 12, 4, 0, 0, 1, 0, 0, 1]
(1, (0, 1, 0), (1, 1)): [1671, 641, 252, 119, 45, 16, 7, 4, 1, 0, 0, 0, 0, 1]
(1, (0, 1, 0), (1, 2)): [1108, 378, 143, 45, 17, 8, 5, 2]
(1, (0, 1, 0), (2, 0)): [973, 431, 165, 107, 49, 15, 8, 3, 0, 0, 1]
(1, (0, 1, 0), (2, 1)): [894, 371, 137, 83, 37, 11, 6, 3, 0, 0, 1, 0, 0, 1]
(1, (0, 1, 0), (2, 2)): [873, 328, 123, 45, 26, 6, 3, 1]
(1, (0, 1, 0), (3, 0)): [514, 207, 70, 74, 35, 8, 5, 2]
(1, (0, 1, 0), (3, 1)): [437, 174, 67, 51, 25, 7, 3, 1, 0, 0, 0, 0, 0, 1]
(1, (0, 1, 0), (3, 2)): [500, 181, 82, 46, 25, 2, 4, 1, 0, 0, 0, 0, 0, 1]
(1, (0, 1, 1), (0, 0)): [18811, 15205, 14451, 5690, 2867, 1129, 453, 175, 85, 24, 9, 6, 1, 2, 0, 1]
(1, (0, 1, 1), (0, 1)): [273, 180, 164, 54, 30, 14, 6, 3]
(1, (0, 1, 1), (0, 2)): [137, 58, 55, 17, 9, 3, 2]
(1, (0, 1, 1), (1, 0)): [476, 348, 274, 134, 92, 34, 13, 8, 3, 1]
(1, (0, 1, 1), (1, 1)): [228, 157, 153, 56, 29, 8, 6, 3]
(1, (0, 1, 1), (1, 2)): [179, 84, 84, 38, 12, 5, 3]
(1, (0, 1, 1), (2, 0)): [311, 228, 151, 90, 71, 29, 10, 7, 3, 1]
(1, (0, 1, 1), (2, 1)): [136, 105, 81, 35, 18, 8, 6, 2]
(1, (0, 1, 1), (2, 2)): [132, 82, 74, 33, 19, 3, 1, 2]
(1, (0, 1, 1), (3, 0)): [251, 179, 117, 67, 62, 25, 7, 7, 3, 1]
(1, (0, 1, 1), (3, 1)): [68, 47, 34, 17, 6, 7, 5]
(1, (0, 1, 1), (3, 2)): [80, 57, 40, 15, 10, 3, 1, 1]
(1, (1, 0, 0), (0, 0)): [323230, 57969, 36441, 15629, 6332, 2530, 987, 361, 163, 65, 26, 18, 4, 2, 0, 2]
(1, (1, 0, 0), (0, 1)): [6330, 876, 657, 270, 110, 41, 17, 3, 1, 2]
(1, (1, 0, 0), (0, 2)): [2285, 269, 234, 72, 32, 12, 6, 1, 0, 2]
(1, (1, 0, 0), (1, 0)): [5937, 1062, 758, 355, 148, 49, 23, 9, 1, 2, 0, 0, 1, 0, 0, 1]
(1, (1, 0, 0), (1, 1)): [5040, 764, 562, 235, 96, 35, 13, 6, 1, 0, 0, 0, 0, 0, 0, 1]
(1, (1, 0, 0), (1, 2)): [3151, 398, 327, 109, 49, 18, 5, 4, 0, 1]
(1, (1, 0, 0), (2, 0)): [1934, 381, 287, 162, 61, 24, 10, 0, 1, 2, 0, 0, 1]
(1, (1, 0, 0), (2, 1)): [2552, 436, 341, 160, 64, 20, 9, 2, 2, 0, 0, 0, 0, 0, 0, 1]
(1, (1, 0, 0), (2, 2)): [2356, 330, 288, 109, 46, 13, 5, 3, 1, 1]
(1, (1, 0, 0), (3, 0)): [594, 130, 94, 72, 27, 10, 4, 0, 0, 2, 0, 0, 1]
(1, (1, 0, 0), (3, 1)): [982, 235, 155, 94, 32, 12, 6, 1, 0, 1, 0, 0, 0, 0, 0, 1]
(1, (1, 0, 0), (3, 2)): [1212, 237, 169, 90, 31, 14, 5, 1, 1, 1, 0, 0, 0, 0, 0, 1]
(1, (1, 0, 1), (0, 0)): [25472, 30635, 10053, 6530, 2823, 1162, 434, 183, 64, 44, 13, 4, 0, 1]
(1, (1, 0, 1), (0, 1)): [512, 459, 131, 105, 52, 18, 10, 5, 3, 2]
(1, (1, 0, 1), (0, 2)): [233, 138, 44, 34, 8, 7, 4, 3, 0, 1]
(1, (1, 0, 1), (1, 0)): [487, 550, 169, 126, 66, 21, 6, 2, 0, 2]
(1, (1, 0, 1), (1, 1)): [387, 375, 111, 92, 49, 6, 7, 2, 2]
(1, (1, 0, 1), (1, 2)): [294, 197, 62, 53, 20, 6, 5, 3, 0, 1]
(1, (1, 0, 1), (2, 0)): [189, 190, 59, 38, 29, 12, 1, 1, 0, 1]
(1, (1, 0, 1), (2, 1)): [184, 200, 59, 49, 29, 7, 5, 1, 2]
(1, (1, 0, 1), (2, 2)): [192, 148, 52, 31, 20, 5, 5, 1, 1]
(1, (1, 0, 1), (3, 0)): [76, 77, 21, 14, 14, 6, 0, 0, 0, 1]
(1, (1, 0, 1), (3, 1)): [80, 94, 21, 24, 20, 6, 0, 1]
(1, (1, 0, 1), (3, 2)): [99, 86, 30, 24, 20, 8, 3, 2, 1]
(1, (1, 1, 0), (0, 0)): [87071, 27134, 18663, 12937, 5519, 2324, 908, 363, 146, 57, 22, 11, 6, 4, 1]
(1, (1, 1, 0), (0, 1)): [1737, 462, 283, 223, 90, 33, 18, 5, 2]
(1, (1, 1, 0), (0, 2)): [702, 177, 95, 77, 27, 8, 4, 0, 1]
(1, (1, 1, 0), (1, 0)): [1578, 523, 376, 286, 125, 45, 19, 8, 1, 2, 0, 0, 2, 1]
(1, (1, 1, 0), (1, 1)): [1325, 371, 259, 191, 81, 30, 18, 7, 0, 2]
(1, (1, 1, 0), (1, 2)): [963, 230, 146, 112, 42, 14, 8, 1]
(1, (1, 1, 0), (2, 0)): [520, 189, 130, 110, 49, 19, 4, 2, 1, 0, 0, 0, 2, 1]
(1, (1, 1, 0), (2, 1)): [645, 230, 154, 112, 44, 19, 9, 3, 0, 1, 0, 0, 1]
(1, (1, 1, 0), (2, 2)): [694, 185, 108, 82, 39, 12, 4, 1]
(1, (1, 1, 0), (3, 0)): [144, 69, 41, 36, 25, 11, 2, 2, 1, 0, 0, 0, 1]
(1, (1, 1, 0), (3, 1)): [264, 108, 75, 58, 31, 12, 8, 3, 0, 1, 0, 0, 1]
(1, (1, 1, 0), (3, 2)): [357, 109, 78, 50, 33, 14, 8, 4, 0, 1, 0, 0, 1]
(1, (1, 1, 1), (0, 0)): [18066, 14249, 9234, 6234, 4449, 1909, 782, 300, 121, 43, 17, 13, 6, 2, 1, 1]
(1, (1, 1, 1), (0, 1)): [414, 261, 172, 107, 90, 34, 14, 6, 3]
(1, (1, 1, 1), (0, 2)): [211, 92, 61, 33, 34, 12, 7]
(1, (1, 1, 1), (1, 0)): [364, 266, 179, 114, 101, 41, 17, 6, 2, 2, 0, 1, 1]
(1, (1, 1, 1), (1, 1)): [299, 191, 137, 96, 81, 32, 7, 6, 1]
(1, (1, 1, 1), (1, 2)): [238, 97, 85, 57, 40, 24, 8, 2]
(1, (1, 1, 1), (2, 0)): [108, 104, 73, 45, 33, 18, 10, 3, 1, 1, 0, 1, 1]
(1, (1, 1, 1), (2, 1)): [148, 126, 83, 55, 47, 14, 8, 4, 1, 1, 0, 1]
(1, (1, 1, 1), (2, 2)): [157, 87, 69, 59, 40, 17, 7, 2]
(1, (1, 1, 1), (3, 0)): [21, 38, 20, 19, 9, 11, 4, 0, 1, 0, 0, 0, 1]
(1, (1, 1, 1), (3, 1)): [43, 69, 27, 27, 20, 10, 5, 3, 0, 0, 0, 0, 1]
(1, (1, 1, 1), (3, 2)): [79, 58, 34, 38, 27, 14, 3, 2]
(2, (0, 0, 0), (0, 0)): [713531, 31664, 10661, 3391, 1158, 379, 137, 42, 9, 3, 4, 0, 1]
(2, (0, 0, 0), (0, 1)): [14579, 606, 216, 53, 31, 7, 6, 1]
(2, (0, 0, 0), (0, 2)): [5226, 160, 47, 15, 8, 1, 1, 1]
(2, (0, 0, 0), (1, 0)): [14561, 838, 277, 84, 35, 10, 3, 0, 0, 0, 0, 0, 1]
(2, (0, 0, 0), (1, 1)): [12861, 632, 223, 49, 30, 6, 6]
(2, (0, 0, 0), (1, 2)): [8023, 277, 97, 24, 14, 3, 3]
(2, (0, 0, 0), (2, 0)): [5273, 312, 127, 50, 17, 6, 1, 0, 0, 0, 0, 0, 1]
(2, (0, 0, 0), (2, 1)): [7415, 387, 140, 48, 10, 5, 3]
(2, (0, 0, 0), (2, 2)): [6723, 287, 108, 31, 13, 5, 1]
(2, (0, 0, 0), (3, 0)): [1797, 123, 72, 25, 13, 3, 1, 0, 0, 0, 0, 0, 1]
(2, (0, 0, 0), (3, 1)): [3352, 193, 92, 33, 12, 5, 2]
(2, (0, 0, 0), (3, 2)): [4245, 224, 103, 28, 9, 5]
(2, (0, 0, 1), (0, 0)): [68015, 21936, 4120, 1411, 502, 169, 52, 15, 3, 2, 0, 1]
(2, (0, 0, 1), (0, 1)): [1172, 329, 71, 22, 10, 3, 1]
(2, (0, 0, 1), (0, 2)): [455, 88, 25, 4, 1, 1]
(2, (0, 0, 1), (1, 0)): [1356, 410, 86, 37, 11, 4, 0, 2]
(2, (0, 0, 1), (1, 1)): [1092, 268, 59, 19, 9, 1, 1, 1]
(2, (0, 0, 1), (1, 2)): [724, 137, 28, 9, 2, 1, 1]
(2, (0, 0, 1), (2, 0)): [576, 176, 39, 25, 7, 4, 0, 1]
(2, (0, 0, 1), (2, 1)): [633, 153, 44, 16, 9, 1, 0, 2]
(2, (0, 0, 1), (2, 2)): [597, 113, 37, 6, 3, 2, 1]
(2, (0, 0, 1), (3, 0)): [293, 77, 21, 16, 3, 3]
(2, (0, 0, 1), (3, 1)): [317, 82, 19, 14, 6, 0, 0, 1]
(2, (0, 0, 1), (3, 2)): [362, 82, 26, 9, 2, 1]
(2, (0, 1, 0), (0, 0)): [179273, 39611, 10241, 3561, 1147, 384, 124, 33, 8, 4, 4, 0, 1]
(2, (0, 1, 0), (0, 1)): [3031, 545, 146, 52, 17, 1, 1]
(2, (0, 1, 0), (0, 2)): [1140, 153, 36, 11, 6]
(2, (0, 1, 0), (1, 0)): [3953, 682, 283, 118, 28, 16, 5, 1, 0, 0, 0, 0, 1]
(2, (0, 1, 0), (1, 1)): [2809, 484, 171, 57, 15, 4, 3, 1]
(2, (0, 1, 0), (1, 2)): [1760, 242, 67, 33, 6]
(2, (0, 1, 0), (2, 0)): [1850, 303, 141, 81, 20, 11, 3, 0, 0, 0, 0, 0, 1]
(2, (0, 1, 0), (2, 1)): [1682, 308, 106, 44, 11, 8, 3, 1, 0, 0, 0, 0, 1]
(2, (0, 1, 0), (2, 2)): [1539, 227, 66, 36, 8, 4, 0, 1]
(2, (0, 1, 0), (3, 0)): [1042, 141, 81, 53, 14, 4, 2]
(2, (0, 1, 0), (3, 1)): [798, 139, 69, 27, 11, 4, 3, 0, 0, 0, 0, 0, 1]
(2, (0, 1, 0), (3, 2)): [993, 155, 62, 32, 7, 5, 1, 0, 0, 0, 0, 0, 1]
(2, (0, 1, 1), (0, 0)): [42363, 3763, 9621, 2537, 995, 321, 113, 40, 15, 4, 3, 1, 0, 1]
(2, (0, 1, 1), (0, 1)): [655, 56, 117, 26, 7, 3, 1, 3]
(2, (0, 1, 1), (0, 2)): [281, 21, 37, 10, 4, 1, 1]
(2, (0, 1, 1), (1, 0)): [911, 94, 181, 65, 30, 7, 4, 0, 0, 0, 1]
(2, (0, 1, 1), (1, 1)): [591, 48, 110, 30, 6, 3, 1, 2]
(2, (0, 1, 1), (1, 2)): [400, 27, 59, 11, 4, 1, 2, 1]
(2, (0, 1, 1), (2, 0)): [462, 57, 91, 38, 23, 6, 1, 0, 0, 0, 1]
(2, (0, 1, 1), (2, 1)): [323, 30, 76, 19, 6, 4]
(2, (0, 1, 1), (2, 2)): [338, 28, 60, 15, 3, 4, 1, 1]
(2, (0, 1, 1), (3, 0)): [323, 42, 52, 24, 20, 5, 1, 0, 0, 0, 1]
(2, (0, 1, 1), (3, 1)): [168, 15, 35, 12, 4, 1]
(2, (0, 1, 1), (3, 2)): [228, 23, 45, 12, 4, 4, 0, 1]
(2, (1, 0, 0), (0, 0)): [394055, 28818, 17910, 5714, 1843, 596, 239, 65, 17, 8, 5, 0, 1]
(2, (1, 0, 0), (0, 1)): [7211, 384, 312, 84, 34, 8, 6, 1]
(2, (1, 0, 0), (0, 2)): [2587, 110, 81, 15, 12, 2, 1]
(2, (1, 0, 0), (1, 0)): [7412, 591, 434, 167, 44, 14, 7, 1, 0, 0, 0, 0, 1]
(2, (1, 0, 0), (1, 1)): [5962, 366, 302, 95, 26, 3, 4]
(2, (1, 0, 0), (1, 2)): [3701, 182, 128, 47, 13, 2]
(2, (1, 0, 0), (2, 0)): [2500, 234, 148, 81, 19, 6, 4, 0, 0, 0, 0, 0, 1]
(2, (1, 0, 0), (2, 1)): [3025, 194, 170, 57, 22, 6, 2, 0, 0, 0, 0, 0, 1]
(2, (1, 0, 0), (2, 2)): [2795, 167, 128, 39, 16, 5, 1]
(2, (1, 0, 0), (3, 0)): [818, 110, 43, 47, 6, 2, 3]
(2, (1, 0, 0), (3, 1)): [1292, 131, 78, 44, 9, 3, 2, 0, 0, 0, 0, 0, 1]
(2, (1, 0, 0), (3, 2)): [1546, 134, 85, 36, 10, 7, 1, 0, 0, 0, 0, 0, 1]
(2, (1, 0, 1), (0, 0)): [64986, 16390, 6626, 3755, 1227, 408, 151, 47, 19, 6, 0, 2, 1]
(2, (1, 0, 1), (0, 1)): [1258, 267, 103, 73, 24, 2, 2, 2, 0, 0, 0, 1]
(2, (1, 0, 1), (0, 2)): [496, 80, 30, 17, 10, 0, 0, 1]
(2, (1, 0, 1), (1, 0)): [1163, 253, 125, 96, 36, 15, 4]
(2, (1, 0, 1), (1, 1)): [944, 200, 80, 68, 19, 8, 5, 1, 0, 0, 0, 1]
(2, (1, 0, 1), (1, 2)): [644, 100, 36, 26, 11, 4, 1, 2, 0, 0, 0, 1]
(2, (1, 0, 1), (2, 0)): [423, 89, 62, 32, 15, 5, 1]
(2, (1, 0, 1), (2, 1)): [520, 117, 41, 37, 16, 5, 1]
(2, (1, 0, 1), (2, 2)): [455, 79, 31, 23, 10, 3, 1, 2, 0, 0, 0, 1]
(2, (1, 0, 1), (3, 0)): [156, 27, 30, 14, 8, 2, 1]
(2, (1, 0, 1), (3, 1)): [242, 47, 27, 20, 7, 2, 2]
(2, (1, 0, 1), (3, 2)): [269, 55, 31, 13, 8, 3, 1, 2]
(2, (1, 1, 0), (0, 0)): [149672, 23256, 11906, 7739, 2427, 837, 259, 85, 35, 14, 6, 1, 2, 1]
(2, (1, 1, 0), (0, 1)): [2976, 404, 189, 128, 38, 7, 4, 2, 0, 0, 0, 0, 1]
(2, (1, 1, 0), (0, 2)): [1182, 123, 56, 27, 9, 1, 1]
(2, (1, 1, 0), (1, 0)): [2835, 426, 241, 195, 61, 19, 7, 2, 1, 1]
(2, (1, 1, 0), (1, 1)): [2383, 318, 157, 128, 31, 7, 3, 2, 1, 1, 0, 0, 1]
(2, (1, 1, 0), (1, 2)): [1644, 181, 86, 51, 13, 3, 2, 1]
(2, (1, 1, 0), (2, 0)): [1004, 169, 107, 83, 33, 12, 3, 1]
(2, (1, 1, 0), (2, 1)): [1283, 157, 105, 83, 25, 11, 3, 1, 1, 1, 0, 0, 1]
(2, (1, 1, 0), (2, 2)): [1225, 147, 76, 66, 15, 4, 4, 1, 1]
(2, (1, 1, 0), (3, 0)): [360, 66, 47, 33, 15, 5, 1]
(2, (1, 1, 0), (3, 1)): [558, 87, 63, 47, 14, 8, 2, 1, 0, 0, 0, 0, 1]
(2, (1, 1, 0), (3, 2)): [692, 89, 60, 47, 16, 3, 3, 1, 1]
(2, (1, 1, 1), (0, 0)): [43816, 6511, 7344, 3725, 2617, 855, 283, 98, 38, 7, 5, 0, 1, 1]
(2, (1, 1, 1), (0, 1)): [1003, 102, 140, 67, 50, 9, 5, 2, 1, 0, 0, 0, 1]
(2, (1, 1, 1), (0, 2)): [464, 28, 32, 19, 15, 2, 1, 0, 1]
(2, (1, 1, 1), (1, 0)): [784, 221, 145, 93, 57, 25, 7, 1, 1, 0, 1]
(2, (1, 1, 1), (1, 1)): [741, 113, 126, 64, 42, 7, 3, 0, 0, 0, 1, 0, 1]
(2, (1, 1, 1), (1, 2)): [560, 50, 51, 28, 17, 4, 2, 0, 0, 0, 1]
(2, (1, 1, 1), (2, 0)): [216, 147, 39, 40, 29, 16, 4, 1]
(2, (1, 1, 1), (2, 1)): [324, 103, 70, 36, 33, 10, 4, 0, 0, 0, 0, 0, 1]
(2, (1, 1, 1), (2, 2)): [368, 66, 48, 33, 20, 5, 2, 0, 0, 0, 1]
(2, (1, 1, 1), (3, 0)): [48, 98, 15, 22, 10, 8, 1]
(2, (1, 1, 1), (3, 1)): [105, 103, 26, 24, 22, 8, 4]
(2, (1, 1, 1), (3, 2)): [174, 89, 32, 35, 19, 8, 4, 0, 0, 0, 1]
