(0, (0, 0, 0), (0, 0)): [14946, 3207, 1549, 723, 317, 139, 66, 18, 8, 7, 3]
(0, (0, 0, 0), (0, 1)): [61, 11, 6, 5, 0, 0, 0, 0, 0, 1]
(0, (0, 0, 0), (0, 2)): [27, 6, 2]
(0, (0, 0, 0), (1, 0)): [71, 27, 11, 5, 1, 0, 1]
(0, (0, 0, 0), (1, 1)): [43, 15, 4, 4]
(0, (0, 0, 0), (1, 2)): [27, 10, 2]
(0, (0, 0, 0), (2, 0)): [34, 9, 8, 3, 1]
(0, (0, 0, 0), (2, 1)): [24, 10, 3, 2]
(0, (0, 0, 0), (2, 2)): [22, 6, 2, 1]
(0, (0, 0, 0), (3, 0)): [24, 4, 5, 2, 1]
(0, (0, 0, 0), (3, 1)): [18, 6, 2, 1]
(0, (0, 0, 0), (3, 2)): [13, 6, 3, 1]
(0, (0, 0, 1), (0, 0)): [68, 263, 71, 34, 22, 10, 3, 0, 0, 1]
(0, (0, 0, 1), (0, 1)): [0, 1, 1]
(0, (0, 0, 1), (0, 2)): [0, 1]
(0, (0, 0, 1), (1, 1)): [0, 0, 1]
(0, (0, 0, 1), (2, 1)): [0, 0, 1]
(0, (0, 1, 0), (0, 0)): [476, 552, 215, 76, 52, 23, 10, 0, 4, 1, 2]
(0, (0, 1, 0), (0, 1)): [0, 5]
(0, (0, 1, 0), (0, 2)): [0, 1]
(0, (0, 1, 0), (1, 0)): [6, 3]
(0, (0, 1, 0), (1, 1)): [2, 5]
(0, (0, 1, 0), (1, 2)): [0, 3]
(0, (0, 1, 0), (2, 0)): [3, 2]
(0, (0, 1, 0), (2, 1)): [1, 2]
(0, (0, 1, 0), (2, 2)): [0, 2]
(0, (0, 1, 0), (3, 0)): [1, 2]
(0, (0, 1, 0), (3, 1)): [1, 1]
(0, (0, 1, 0), (3, 2)): [0, 2]
(0, (0, 1, 1), (0, 0)): [42, 104, 127, 46, 31, 10, 5, 2, 3]
(0, (0, 1, 1), (0, 1)): [0, 0, 3]
(0, (0, 1, 1), (0, 2)): [0, 0, 2]
(0, (0, 1, 1), (1, 0)): [0, 1, 2]
(0, (0, 1, 1), (1, 1)): [0, 1, 2]
(0, (0, 1, 1), (1, 2)): [0, 0, 2]
(0, (0, 1, 1), (2, 0)): [0, 0, 1]
(0, (0, 1, 1), (2, 1)): [0, 1]
(0, (0, 1, 1), (2, 2)): [0, 0, 1]
(0, (0, 1, 1), (3, 0)): [0, 0, 1]
(0, (0, 1, 1), (3, 1)): [0, 1]
(0, (0, 1, 1), (3, 2)): [0, 0, 1]
(0, (1, 0, 0), (0, 0)): [3387, 1255, 804, 425, 175, 80, 37, 15, 3, 5, 1]
(0, (1, 0, 0), (0, 1)): [14, 6, 4]
(0, (1, 0, 0), (0, 2)): [6, 2, 3]
(0, (1, 0, 0), (1, 0)): [17, 9, 9, 3, 1]
(0, (1, 0, 0), (1, 1)): [10, 6, 4, 1]
(0, (1, 0, 0), (1, 2)): [6, 4, 6]
(0, (1, 0, 0), (2, 0)): [9, 5, 3, 2, 1]
(0, (1, 0, 0), (2, 1)): [8, 4, 0, 1]
(0, (1, 0, 0), (2, 2)): [8, 2, 2]
(0, (1, 0, 0), (3, 0)): [5, 3, 1, 2, 1]
(0, (1, 0, 0), (3, 1)): [1, 2, 0, 2]
(0, (1, 0, 0), (3, 2)): [1, 2]
(0, (1, 0, 1), (0, 0)): [67, 277, 125, 84, 41, 28, 13, 1, 2, 2]
(0, (1, 0, 1), (0, 1)): [0, 2, 0, 1]
(0, (1, 0, 1), (0, 2)): [0, 1, 0, 1]
(0, (1, 0, 1), (1, 0)): [1, 2, 2]
(0, (1, 0, 1), (1, 1)): [1, 2, 1]
(0, (1, 0, 1), (1, 2)): [0, 1, 1, 1]
(0, (1, 0, 1), (2, 0)): [0, 1, 1]
(0, (1, 0, 1), (2, 1)): [1, 2]
(0, (1, 0, 1), (2, 2)): [1, 1, 1]
(0, (1, 0, 1), (3, 0)): [0, 0, 1]
(0, (1, 0, 1), (3, 2)): [1]
(0, (1, 1, 0), (0, 0)): [422, 300, 255, 196, 91, 41, 12, 11, 3, 3]
(0, (1, 1, 0), (0, 1)): [3, 0, 0, 0, 1]
(0, (1, 1, 0), (0, 2)): [2, 0, 0, 0, 1]
(0, (1, 1, 0), (1, 0)): [0, 0, 1, 1, 1]
(0, (1, 1, 0), (1, 1)): [1]
(0, (1, 1, 0), (1, 2)): [2]
(0, (1, 1, 0), (2, 0)): [0, 0, 0, 1, 1]
(0, (1, 1, 0), (2, 1)): [0, 0, 0, 0, 1]
(0, (1, 1, 0), (2, 2)): [2, 0, 0, 0, 1]
(0, (1, 1, 0), (3, 0)): [0, 0, 0, 1]
(0, (1, 1, 0), (3, 2)): [1, 0, 0, 0, 1]
(0, (1, 1, 1), (0, 0)): [50, 85, 65, 71, 60, 26, 8, 6, 3, 2]
(0, (1, 1, 1), (0, 1)): [0, 0, 1]
(0, (1, 1, 1), (1, 0)): [0, 0, 1, 1, 1]
(0, (1, 1, 1), (1, 1)): [0, 0, 1, 1, 1]
(0, (1, 1, 1), (1, 2)): [0, 0, 1]
(0, (1, 1, 1), (2, 0)): [0, 0, 1]
(0, (1, 1, 1), (2, 1)): [0, 0, 0, 0, 1]
(0, (1, 1, 1), (2, 2)): [0, 0, 1, 0, 1]
(0, (1, 1, 1), (3, 0)): [0, 0, 1]
(0, (1, 1, 1), (3, 1)): [0, 0, 1]
(0, (1, 1, 1), (3, 2)): [0, 0, 1]
(1, (0, 0, 0), (0, 0)): [11775, 1319, 553, 228, 94, 41, 16, 4, 1, 2]
(1, (0, 0, 0), (0, 1)): [39, 10, 1, 1]
(1, (0, 0, 0), (0, 2)): [21, 2, 1, 1]
(1, (0, 0, 0), (1, 0)): [68, 8, 4, 0, 1]
(1, (0, 0, 0), (1, 1)): [39, 8, 2]
(1, (0, 0, 0), (1, 2)): [24, 4, 0, 1]
(1, (0, 0, 0), (2, 0)): [31, 5, 2, 0, 1]
(1, (0, 0, 0), (2, 1)): [25, 6, 2]
(1, (0, 0, 0), (2, 2)): [18, 4, 2]
(1, (0, 0, 0), (3, 0)): [18, 1, 0, 0, 1]
(1, (0, 0, 0), (3, 1)): [20, 3]
(1, (0, 0, 0), (3, 2)): [14, 2, 1]
(1, (0, 0, 1), (0, 0)): [407, 638, 144, 42, 22, 7, 4, 0, 0, 1]
(1, (0, 0, 1), (0, 1)): [0, 2]
(1, (0, 0, 1), (1, 0)): [1, 1]
(1, (0, 0, 1), (1, 1)): [0, 1]
(1, (0, 0, 1), (1, 2)): [0, 1]
(1, (0, 0, 1), (2, 0)): [1, 1]
(1, (0, 0, 1), (2, 2)): [0, 1]
(1, (0, 0, 1), (3, 0)): [1, 1]
(1, (0, 1, 0), (0, 0)): [1713, 900, 320, 125, 46, 25, 7, 3, 0, 0, 1]
(1, (0, 1, 0), (0, 1)): [11, 4, 0, 1]
(1, (0, 1, 0), (0, 2)): [6, 2]
(1, (0, 1, 0), (1, 0)): [10, 12, 2, 0, 1, 1]
(1, (0, 1, 0), (1, 1)): [9, 5, 1, 1]
(1, (0, 1, 0), (1, 2)): [9, 4, 1]
(1, (0, 1, 0), (2, 0)): [4, 7, 0, 0, 1, 1]
(1, (0, 1, 0), (2, 1)): [5, 6, 0, 1, 0, 1]
(1, (0, 1, 0), (2, 2)): [3, 0, 1, 1]
(1, (0, 1, 0), (3, 0)): [2, 3, 0, 0, 1]
(1, (0, 1, 0), (3, 1)): [3, 2, 0, 0, 0, 1]
(1, (0, 1, 0), (3, 2)): [3, 0, 1, 1]
(1, (0, 1, 1), (0, 0)): [274, 264, 299, 108, 45, 19, 10, 2, 1, 3]
(1, (0, 1, 1), (0, 1)): [1]
(1, (0, 1, 1), (0, 2)): [1]
(1, (0, 1, 1), (1, 0)): [0, 1, 1]
(1, (0, 1, 1), (1, 1)): [0, 0, 1]
(1, (0, 1, 1), (1, 2)): [0, 0, 1]
(1, (0, 1, 1), (2, 0)): [0, 1]
(1, (0, 1, 1), (2, 2)): [0, 0, 1]
(1, (0, 1, 1), (3, 0)): [0, 1]
(1, (0, 1, 1), (3, 2)): [0, 0, 1]
(1, (1, 0, 0), (0, 0)): [5115, 984, 604, 274, 101, 40, 17, 5, 2, 2]
(1, (1, 0, 0), (0, 1)): [23, 5, 2, 1, 0, 1]
(1, (1, 0, 0), (0, 2)): [9, 0, 1]
(1, (1, 0, 0), (1, 0)): [33, 8, 7, 3, 0, 1]
(1, (1, 0, 0), (1, 1)): [21, 5, 3, 0, 0, 1]
(1, (1, 0, 0), (1, 2)): [12, 1, 3]
(1, (1, 0, 0), (2, 0)): [9, 7, 4, 3, 0, 1]
(1, (1, 0, 0), (2, 1)): [12, 3, 2, 2, 0, 2]
(1, (1, 0, 0), (2, 2)): [12, 2, 3]
(1, (1, 0, 0), (3, 0)): [5, 4, 3, 1]
(1, (1, 0, 0), (3, 1)): [5, 2, 2, 3, 0, 1]
(1, (1, 0, 0), (3, 2)): [8, 0, 4, 2]
(1, (1, 0, 1), (0, 0)): [429, 530, 217, 120, 42, 19, 5, 3, 1, 1]
(1, (1, 0, 1), (0, 1)): [1, 1, 2]
(1, (1, 0, 1), (0, 2)): [1, 1, 1]
(1, (1, 0, 1), (1, 0)): [1, 2, 1]
(1, (1, 0, 1), (1, 1)): [0, 0, 2]
(1, (1, 0, 1), (1, 2)): [0, 0, 2]
(1, (1, 0, 1), (2, 0)): [0, 1]
(1, (1, 0, 1), (2, 1)): [0, 1]
(1, (1, 0, 1), (2, 2)): [0, 1, 1]
(1, (1, 0, 1), (3, 2)): [0, 1, 1]
(1, (1, 1, 0), (0, 0)): [1264, 433, 320, 213, 86, 33, 10, 6, 6, 1, 1]
(1, (1, 1, 0), (0, 1)): [6, 4, 1, 1]
(1, (1, 1, 0), (0, 2)): [2, 1]
(1, (1, 1, 0), (1, 0)): [5, 1, 1, 4]
(1, (1, 1, 0), (1, 1)): [4, 1, 0, 1]
(1, (1, 1, 0), (1, 2)): [2, 1]
(1, (1, 1, 0), (2, 0)): [3, 1, 0, 2]
(1, (1, 1, 0), (2, 1)): [4, 2]
(1, (1, 1, 0), (2, 2)): [3, 2]
(1, (1, 1, 0), (3, 0)): [2, 0, 0, 1]
(1, (1, 1, 0), (3, 1)): [1, 1]
(1, (1, 1, 0), (3, 2)): [3, 2]
(1, (1, 1, 1), (0, 0)): [248, 188, 132, 104, 74, 27, 14, 9, 5, 1]
(1, (1, 1, 1), (0, 1)): [2, 2, 1]
(1, (1, 1, 1), (0, 2)): [2]
(1, (1, 1, 1), (1, 0)): [2, 3, 2]
(1, (1, 1, 1), (1, 1)): [0, 2]
(1, (1, 1, 1), (1, 2)): [1, 1]
(1, (1, 1, 1), (2, 0)): [1, 2, 1]
(1, (1, 1, 1), (2, 1)): [0, 1, 1]
(1, (1, 1, 1), (2, 2)): [1]
(1, (1, 1, 1), (3, 0)): [0, 2]
(1, (1, 1, 1), (3, 1)): [0, 1]
(2, (0, 0, 0), (0, 0)): [9933, 465, 139, 48, 22, 7, 4, 1]
(2, (0, 0, 0), (0, 1)): [49, 2]
(2, (0, 0, 0), (0, 2)): [23, 1]
(2, (0, 0, 0), (1, 0)): [66, 6, 4, 1, 1]
(2, (0, 0, 0), (1, 1)): [43, 1, 2]
(2, (0, 0, 0), (1, 2)): [25, 0, 2]
(2, (0, 0, 0), (2, 0)): [32, 1, 2, 1, 1]
(2, (0, 0, 0), (2, 1)): [30, 1, 1]
(2, (0, 0, 0), (2, 2)): [27, 0, 2]
(2, (0, 0, 0), (3, 0)): [16, 0, 1, 1, 1]
(2, (0, 0, 0), (3, 1)): [17]
(2, (0, 0, 0), (3, 2)): [22, 0, 2]
(2, (0, 0, 1), (0, 0)): [1238, 425, 79, 24, 11, 6, 4]
(2, (0, 0, 1), (0, 1)): [6, 1]
(2, (0, 0, 1), (0, 2)): [1]
(2, (0, 0, 1), (1, 0)): [6, 2, 3]
(2, (0, 0, 1), (1, 1)): [6, 1, 1]
(2, (0, 0, 1), (1, 2)): [3]
(2, (0, 0, 1), (2, 0)): [2, 1, 2]
(2, (0, 0, 1), (2, 1)): [2, 1, 1]
(2, (0, 0, 1), (2, 2)): [3]
(2, (0, 0, 1), (3, 0)): [2, 1, 2]
(2, (0, 0, 1), (3, 1)): [1, 0, 1]
(2, (0, 0, 1), (3, 2)): [4]
(2, (0, 1, 0), (0, 0)): [2925, 733, 163, 51, 16, 7, 4, 1]
(2, (0, 1, 0), (0, 1)): [9, 2, 1]
(2, (0, 1, 0), (0, 2)): [2]
(2, (0, 1, 0), (1, 0)): [21, 5, 3]
(2, (0, 1, 0), (1, 1)): [17, 3, 2]
(2, (0, 1, 0), (1, 2)): [7, 2, 1]
(2, (0, 1, 0), (2, 0)): [9, 2, 2]
(2, (0, 1, 0), (2, 1)): [11, 1]
(2, (0, 1, 0), (2, 2)): [7, 2, 1]
(2, (0, 1, 0), (3, 0)): [5, 2, 2]
(2, (0, 1, 0), (3, 1)): [5, 1]
(2, (0, 1, 0), (3, 2)): [8, 0, 1]
(2, (0, 1, 1), (0, 0)): [752, 62, 211, 51, 22, 4, 2]
(2, (0, 1, 1), (0, 1)): [4, 2, 1]
(2, (0, 1, 1), (0, 2)): [2, 0, 1]
(2, (0, 1, 1), (1, 0)): [3, 2, 0, 1]
(2, (0, 1, 1), (1, 1)): [3, 1]
(2, (0, 1, 1), (1, 2)): [2, 0, 1]
(2, (0, 1, 1), (2, 0)): [0, 1, 0, 1]
(2, (0, 1, 1), (2, 1)): [1, 1]
(2, (0, 1, 1), (2, 2)): [1, 0, 1]
(2, (0, 1, 1), (3, 2)): [1, 0, 1]
(2, (1, 0, 0), (0, 0)): [6254, 504, 230, 91, 35, 12, 8, 1]
(2, (1, 0, 0), (0, 1)): [30, 0, 1, 1]
(2, (1, 0, 0), (0, 2)): [13]
(2, (1, 0, 0), (1, 0)): [26, 1, 0, 2]
(2, (1, 0, 0), (1, 1)): [27, 0, 1, 2]
(2, (1, 0, 0), (1, 2)): [14, 0, 1, 2]
(2, (1, 0, 0), (2, 0)): [9, 0, 0, 1]
(2, (1, 0, 0), (2, 1)): [10]
(2, (1, 0, 0), (2, 2)): [5, 0, 1, 1]
(2, (1, 0, 0), (3, 0)): [3, 0, 0, 1]
(2, (1, 0, 0), (3, 1)): [5]
(2, (1, 0, 0), (3, 2)): [5, 0, 0, 1]
(2, (1, 0, 1), (0, 0)): [1094, 335, 124, 75, 22, 10, 5]
(2, (1, 0, 1), (0, 1)): [8, 1, 2, 1]
(2, (1, 0, 1), (0, 2)): [3, 1, 1]
(2, (1, 0, 1), (1, 0)): [1, 0, 0, 2]
(2, (1, 0, 1), (1, 1)): [3, 0, 1]
(2, (1, 0, 1), (1, 2)): [1]
(2, (1, 0, 1), (2, 0)): [1, 0, 0, 2]
(2, (1, 0, 1), (2, 1)): [1]
(2, (1, 0, 1), (2, 2)): [2]
(2, (1, 0, 1), (3, 0)): [1, 0, 0, 1]
(2, (1, 1, 0), (0, 0)): [2115, 352, 202, 113, 34, 15, 5, 2]
(2, (1, 1, 0), (0, 1)): [14, 2, 0, 1]
(2, (1, 1, 0), (0, 2)): [4, 1, 0, 1]
(2, (1, 1, 0), (1, 0)): [10, 2, 1, 3]
(2, (1, 1, 0), (1, 1)): [10, 1, 1, 1]
(2, (1, 1, 0), (1, 2)): [8, 0, 0, 1]
(2, (1, 1, 0), (2, 0)): [7, 2, 0, 2]
(2, (1, 1, 0), (2, 1)): [4, 2, 1, 1]
(2, (1, 1, 0), (2, 2)): [8, 0, 0, 1]
(2, (1, 1, 0), (3, 0)): [4]
(2, (1, 1, 0), (3, 1)): [2, 1, 1, 1]
(2, (1, 1, 0), (3, 2)): [5, 0, 1, 1]
(2, (1, 1, 1), (0, 0)): [576, 86, 104, 66, 35, 14, 8, 2, 1]
(2, (1, 1, 1), (0, 1)): [5, 0, 0, 1]
(2, (1, 1, 1), (0, 2)): [3]
(2, (1, 1, 1), (1, 0)): [3, 1, 0, 1]
(2, (1, 1, 1), (1, 1)): [2, 0, 0, 1]
(2, (1, 1, 1), (1, 2)): [2]
(2, (1, 1, 1), (2, 0)): [2, 1, 0, 1]
(2, (1, 1, 1), (2, 1)): [2, 1, 0, 1]
(2, (1, 1, 1), (2, 2)): [3]
(2, (1, 1, 1), (3, 0)): [0, 0, 0, 1]
(2, (1, 1, 1), (3, 1)): [0, 1, 0, 1]
(2, (1, 1, 1), (3, 2)): [0, 0, 0, 1]
