(0, (0, 0, 0)): [900646, 180791, 84550, 38647, 17426, 7570, 3122, 1317, 542, 245, 108, 48, 26, 7, 3, 1, 0, 1]
(0, (0, 0, 1)): [3990, 12247, 3367, 1596, 790, 344, 156, 82, 31, 19, 6, 1, 3, 1]
(0, (0, 1, 0)): [29715, 28455, 11102, 5255, 2602, 1133, 456, 202, 86, 50, 17, 5, 3, 1, 1]
(0, (0, 1, 1)): [2652, 4524, 5698, 2594, 1397, 635, 280, 132, 63, 30, 9, 6, 1, 2, 1, 0, 0, 1]
(0, (1, 0, 0)): [197924, 66673, 42278, 20911, 10038, 4550, 1933, 837, 357, 157, 73, 31, 16, 4, 2, 1, 0, 1]
(0, (1, 0, 1)): [4517, 14154, 5893, 3980, 2152, 995, 484, 205, 92, 40, 20, 11, 5, 1, 1, 0, 0, 1]
(0, (1, 1, 0)): [26862, 17328, 13601, 9493, 5118, 2417, 1057, 519, 201, 90, 45, 18, 7, 1]
(0, (1, 1, 1)): [2792, 5040, 4241, 3321, 2632, 1289, 615, 321, 134, 61, 33, 12, 3, 1, 1]
(1, (0, 0, 0)): [721083, 78468, 32460, 12894, 5116, 1977, 739, 293, 115, 44, 21, 11, 6, 2, 0, 1]
(1, (0, 0, 1)): [20886, 31072, 6108, 2552, 1101, 458, 179, 78, 35, 12, 6, 4, 4, 1]
(1, (0, 1, 0)): [98819, 46136, 16330, 6876, 2797, 1123, 380, 180, 52, 28, 15, 7, 6, 1, 1]
(1, (0, 1, 1)): [16684, 13766, 13237, 5207, 2625, 1029, 413, 165, 82, 22, 9, 5, 1, 2, 0, 1]
(1, (1, 0, 0)): [285811, 51922, 32512, 14034, 5732, 2316, 882, 330, 149, 63, 24, 16, 4, 2, 0, 2]
(1, (1, 0, 1)): [22255, 27450, 9048, 5902, 2553, 1064, 390, 167, 61, 43, 13, 3, 0, 1]
(1, (1, 1, 0)): [76748, 24104, 16799, 11567, 5003, 2120, 827, 328, 135, 56, 19, 11, 6, 4, 1]
(1, (1, 1, 1)): [15867, 12693, 8223, 5602, 4044, 1727, 713, 271, 111, 42, 15, 12, 6, 2, 1, 1]
(2, (0, 0, 0)): [622727, 27706, 9413, 2971, 1039, 343, 124, 40, 9, 3, 4, 0, 1]
(2, (0, 0, 1)): [60977, 19962, 3685, 1268, 449, 163, 49, 15, 2, 2, 0, 1]
(2, (0, 1, 0)): [159226, 35579, 9129, 3189, 1019, 342, 111, 29, 6, 2, 2, 0, 1]
(2, (0, 1, 1)): [37968, 3389, 8797, 2299, 908, 292, 105, 37, 11, 4, 3, 1, 0, 1]
(2, (1, 0, 0)): [349057, 25905, 15940, 5045, 1664, 530, 215, 62, 16, 8, 5, 0, 1]
(2, (1, 0, 1)): [56960, 14671, 6001, 3377, 1099, 368, 135, 45, 17, 4, 0, 2, 1]
(2, (1, 1, 0)): [131981, 20656, 10660, 6830, 2162, 744, 226, 79, 30, 13, 6, 1, 2, 1]
(2, (1, 1, 1)): [38558, 5772, 6515, 3343, 2325, 765, 252, 90, 35, 7, 5, 0, 1, 1]
