(0, (0, 0, 0)): [605419, 122534, 57432, 26561, 12134, 5259, 2195, 945, 401, 195, 85, 31, 19, 4, 3]
(0, (0, 0, 1)): [2829, 9124, 2558, 1206, 596, 242, 124, 69, 24, 13, 5, 1, 3]
(0, (0, 1, 0)): [19894, 20102, 7655, 3641, 1843, 830, 346, 148, 66, 38, 15, 4, 2, 0, 1]
(0, (0, 1, 1)): [1769, 3186, 4124, 1842, 987, 461, 202, 93, 50, 20, 6, 3, 0, 1, 1]
(0, (1, 0, 0)): [135323, 47322, 29378, 14714, 7104, 3188, 1365, 599, 261, 130, 58, 20, 13, 3, 2]
(0, (1, 0, 1)): [3109, 9921, 4267, 2869, 1552, 719, 368, 153, 73, 30, 14, 8, 3, 0, 1]
(0, (1, 1, 0)): [18107, 12024, 9891, 6705, 3657, 1695, 751, 372, 151, 76, 38, 12, 7, 1]
(0, (1, 1, 1)): [1873, 3470, 2986, 2434, 1883, 920, 430, 226, 101, 46, 25, 8, 2, 1, 1]
(1, (0, 0, 0)): [479863, 51933, 21480, 8615, 3461, 1373, 518, 216, 84, 30, 13, 8, 2, 1]
(1, (0, 0, 1)): [15062, 23510, 4552, 1927, 833, 323, 146, 70, 30, 11, 6, 4, 3, 1]
(1, (0, 1, 0)): [69458, 33934, 11648, 4846, 2019, 830, 305, 139, 40, 25, 10, 5, 4, 0, 1]
(1, (0, 1, 1)): [11831, 10173, 10080, 3948, 1901, 764, 299, 117, 66, 20, 8, 4, 1, 1]
(1, (1, 0, 0)): [195638, 36926, 22147, 9729, 3927, 1640, 606, 237, 109, 47, 17, 12, 2, 2]
(1, (1, 0, 1)): [15261, 19667, 6677, 4220, 1788, 774, 287, 121, 51, 33, 10, 3]
(1, (1, 1, 0)): [51874, 16596, 11921, 7910, 3487, 1496, 596, 234, 90, 39, 12, 7, 2, 3, 1]
(1, (1, 1, 1)): [10572, 8776, 5749, 4041, 2785, 1252, 513, 203, 84, 30, 12, 9, 4, 2, 1]
(2, (0, 0, 0)): [411816, 17703, 6047, 1901, 687, 245, 86, 33, 8, 2, 2]
(2, (0, 0, 1)): [44805, 15211, 2712, 922, 332, 119, 42, 12, 1, 2, 0, 1]
(2, (0, 1, 0)): [112508, 26217, 6384, 2190, 709, 254, 83, 22, 6, 1, 1]
(2, (0, 1, 1)): [27644, 2496, 6631, 1728, 654, 214, 77, 28, 11, 3, 1]
(2, (1, 0, 0)): [239606, 18487, 10443, 3423, 1133, 367, 144, 48, 13, 4, 3]
(2, (1, 0, 1)): [39693, 10626, 4541, 2365, 755, 272, 90, 33, 12, 2, 0, 1]
(2, (1, 1, 0)): [87944, 13931, 7496, 4486, 1435, 505, 153, 52, 21, 8, 4, 0, 0, 1]
(2, (1, 1, 1)): [25962, 3964, 4525, 2397, 1578, 526, 176, 62, 26, 6, 4, 0, 0, 1]
