(0, (0, 0, 0)): [2488831, 509360, 234118, 107271, 48185, 20581, 8575, 3478, 1407, 611, 276, 125, 44, 23, 6, 1, 1, 1]
(0, (0, 0, 1)): [8916, 27790, 7627, 3726, 1791, 771, 347, 138, 57, 35, 20, 4, 4, 3]
(0, (0, 1, 0)): [92645, 86307, 34162, 16984, 8045, 3502, 1513, 619, 256, 135, 49, 19, 9, 6, 3, 0, 1]
(0, (0, 1, 1)): [7339, 12879, 15250, 7124, 3747, 1802, 776, 339, 170, 74, 24, 16, 4, 4, 2, 0, 1, 1]
(0, (1, 0, 0)): [518109, 170227, 111687, 55704, 26742, 11910, 4985, 2141, 892, 389, 191, 75, 27, 17, 4, 1, 1, 1]
(0, (1, 0, 1)): [12084, 36622, 14888, 10722, 5609, 2615, 1233, 507, 244, 101, 55, 20, 11, 3, 2, 0, 0, 1]
(0, (1, 1, 0)): [74555, 46665, 34383, 25297, 13497, 6285, 2692, 1244, 515, 236, 110, 45, 14, 6, 1, 0, 1]
(0, (1, 1, 1)): [7194, 14017, 11201, 8145, 6729, 3336, 1553, 738, 350, 147, 73, 27, 8, 4, 1, 0, 1]
(1, (0, 0, 0)): [2037391, 228498, 93171, 37029, 14496, 5537, 2138, 764, 275, 109, 39, 23, 8, 3, 0, 1]
(1, (0, 0, 1)): [54608, 78334, 15688, 6905, 2823, 1152, 453, 167, 76, 26, 15, 9, 4, 2]
(1, (0, 1, 0)): [273613, 117870, 43913, 19058, 7722, 3105, 1105, 467, 142, 72, 36, 10, 10, 2, 1]
(1, (0, 1, 1)): [42519, 35918, 30995, 12658, 6506, 2592, 1047, 415, 172, 60, 24, 10, 3, 2, 0, 1]
(1, (1, 0, 0)): [755005, 132013, 88045, 37584, 15298, 6099, 2393, 879, 343, 144, 54, 32, 7, 3, 0, 2]
(1, (1, 0, 1)): [61264, 69049, 22229, 15318, 6619, 2745, 1074, 426, 152, 82, 24, 10, 2, 1]
(1, (1, 1, 0)): [212233, 63537, 42319, 31237, 13161, 5477, 2134, 848, 331, 134, 50, 26, 10, 5, 1]
(1, (1, 1, 1)): [43462, 34734, 21627, 14079, 10917, 4655, 1890, 711, 292, 108, 37, 22, 9, 4, 1, 1]
(2, (0, 0, 0)): [1781247, 84885, 27993, 8962, 3003, 934, 318, 107, 21, 9, 5, 0, 1]
(2, (0, 0, 1)): [167106, 48545, 10310, 3551, 1251, 430, 125, 44, 9, 7, 1, 2]
(2, (0, 1, 0)): [440192, 90166, 25538, 9096, 3052, 975, 315, 92, 22, 14, 7, 0, 1]
(2, (0, 1, 1)): [102770, 8566, 21193, 6217, 2446, 815, 266, 83, 26, 7, 5, 1, 0, 1]
(2, (1, 0, 0)): [913891, 65896, 44715, 14296, 4690, 1486, 560, 165, 40, 16, 7, 1, 1]
(2, (1, 0, 1)): [161270, 37318, 14786, 9495, 3162, 1017, 347, 106, 34, 12, 2, 4, 2]
(2, (1, 1, 0)): [358713, 53364, 27070, 19329, 6230, 1989, 675, 225, 69, 32, 10, 3, 2, 1]
(2, (1, 1, 1)): [106894, 15543, 17607, 8808, 6763, 2098, 712, 242, 81, 20, 10, 4, 1, 1]
