(0, (0, 0, 0)): [1276058, 253484, 116858, 53125, 23600, 10077, 4151, 1759, 700, 316, 139, 59, 28, 10, 3, 1, 0, 1]
(0, (0, 0, 1)): [5601, 16479, 4482, 2121, 1024, 433, 189, 94, 36, 20, 8, 1, 3, 2]
(0, (0, 1, 0)): [44143, 40864, 15863, 7607, 3654, 1566, 664, 282, 114, 66, 23, 5, 3, 2, 1]
(0, (0, 1, 1)): [3826, 6345, 7722, 3574, 1885, 870, 373, 178, 87, 37, 10, 6, 1, 2, 1, 0, 0, 1]
(0, (1, 0, 0)): [275925, 92185, 57848, 28557, 13514, 6058, 2533, 1105, 457, 207, 94, 38, 19, 4, 2, 1, 0, 1]
(0, (1, 0, 1)): [6584, 19580, 8088, 5493, 2911, 1322, 646, 270, 125, 50, 26, 12, 5, 1, 1, 0, 0, 1]
(0, (1, 1, 0)): [37503, 24015, 18326, 12905, 6831, 3229, 1380, 662, 263, 127, 58, 24, 9, 1]
(0, (1, 1, 1)): [3766, 6966, 5758, 4402, 3443, 1724, 801, 404, 174, 79, 39, 14, 4, 1, 1]
(1, (0, 0, 0)): [1029199, 110882, 45470, 17924, 6972, 2673, 1019, 398, 148, 59, 26, 14, 6, 3, 0, 1]
(1, (0, 0, 1)): [29180, 41765, 8150, 3464, 1459, 583, 232, 99, 42, 15, 8, 4, 4, 1]
(1, (0, 1, 0)): [140716, 63332, 22528, 9529, 3854, 1535, 524, 244, 67, 34, 20, 7, 8, 2, 1]
(1, (0, 1, 1)): [23114, 18610, 17236, 6810, 3443, 1353, 535, 215, 103, 32, 10, 7, 1, 2, 0, 1]
(1, (1, 0, 0)): [397220, 70842, 44685, 18974, 7668, 3037, 1185, 436, 192, 77, 30, 20, 4, 3, 0, 2]
(1, (1, 0, 1)): [31672, 37441, 12221, 7949, 3386, 1386, 540, 219, 78, 49, 13, 5, 0, 1]
(1, (1, 1, 0)): [108030, 33476, 22632, 15805, 6693, 2769, 1090, 440, 178, 68, 25, 13, 8, 5, 1]
(1, (1, 1, 1)): [22236, 17565, 11342, 7519, 5385, 2293, 937, 359, 146, 54, 20, 15, 6, 3, 1, 1]
(2, (0, 0, 0)): [890882, 39628, 13250, 4231, 1402, 463, 161, 50, 10, 5, 5, 0, 1]
(2, (0, 0, 1)): [84008, 26479, 5054, 1725, 624, 209, 61, 20, 3, 2, 0, 1]
(2, (0, 1, 0)): [223082, 48304, 12651, 4403, 1422, 488, 152, 44, 9, 7, 5, 0, 1]
(2, (0, 1, 1)): [51642, 4518, 11512, 3072, 1196, 378, 134, 46, 17, 4, 3, 1, 0, 1]
(2, (1, 0, 0)): [482367, 35033, 22039, 7034, 2235, 718, 284, 79, 18, 10, 6, 0, 1]
(2, (1, 0, 1)): [80858, 19985, 7961, 4607, 1481, 500, 175, 58, 21, 7, 0, 2, 1]
(2, (1, 1, 0)): [185375, 28586, 14463, 9573, 3043, 1008, 327, 107, 40, 18, 7, 1, 2, 1]
(2, (1, 1, 1)): [53824, 7880, 9074, 4538, 3213, 1020, 346, 119, 40, 8, 6, 0, 1, 1]
