(0, (0, 0, 0)): [1978785, 403586, 185436, 84752, 37977, 16259, 6721, 2738, 1117, 476, 211, 100, 37, 19, 5, 1, 1, 1]
(0, (0, 0, 1)): [7648, 23522, 6488, 3103, 1493, 636, 285, 122, 45, 28, 15, 3, 4, 3]
(0, (0, 1, 0)): [72281, 67999, 26632, 13088, 6264, 2693, 1146, 480, 201, 107, 36, 13, 6, 6, 3, 0, 1]
(0, (0, 1, 1)): [5815, 10195, 12167, 5648, 2962, 1424, 606, 258, 140, 59, 16, 11, 3, 4, 2, 0, 1, 1]
(0, (1, 0, 0)): [418413, 140192, 89817, 44663, 21356, 9591, 3982, 1694, 718, 304, 148, 59, 24, 14, 3, 1, 1, 1]
(0, (1, 0, 1)): [9875, 30183, 12390, 8716, 4600, 2134, 1008, 405, 199, 78, 43, 18, 8, 2, 2, 0, 0, 1]
(0, (1, 1, 0)): [58745, 37440, 27987, 20220, 10756, 5057, 2132, 989, 415, 186, 89, 34, 12, 5, 0, 0, 1]
(0, (1, 1, 1)): [5621, 10982, 8954, 6603, 5336, 2661, 1223, 581, 281, 118, 61, 20, 7, 4, 1, 0, 1]
(1, (0, 0, 0)): [1612013, 179185, 73248, 29042, 11321, 4321, 1677, 614, 215, 85, 33, 21, 7, 3, 0, 1]
(1, (0, 0, 1)): [44502, 64263, 12788, 5513, 2272, 941, 355, 134, 63, 24, 13, 7, 4, 2]
(1, (0, 1, 0)): [220659, 96645, 35372, 15289, 6191, 2498, 858, 384, 116, 54, 28, 9, 9, 2, 1]
(1, (0, 1, 1)): [34565, 29018, 25484, 10294, 5308, 2083, 823, 329, 148, 49, 13, 7, 2, 2, 0, 1]
(1, (1, 0, 0)): [606072, 108025, 69963, 29835, 12169, 4833, 1922, 689, 271, 111, 44, 29, 5, 3, 0, 2]
(1, (1, 0, 1)): [49234, 56717, 18342, 12378, 5373, 2201, 855, 340, 117, 67, 20, 7, 0, 1]
(1, (1, 1, 0)): [168840, 51536, 34406, 24907, 10486, 4346, 1692, 671, 262, 106, 43, 21, 9, 5, 1]
(1, (1, 1, 1)): [34434, 27587, 17427, 11386, 8565, 3637, 1489, 560, 229, 82, 27, 18, 9, 4, 1, 1]
(2, (0, 0, 0)): [1405487, 65652, 21895, 6958, 2322, 740, 252, 87, 14, 7, 5, 0, 1]
(2, (0, 0, 1)): [133490, 40072, 8265, 2801, 992, 340, 99, 34, 8, 5, 0, 2]
(2, (0, 1, 0)): [351495, 73501, 20273, 7123, 2394, 788, 243, 78, 17, 11, 7, 0, 1]
(2, (0, 1, 1)): [81026, 6928, 17289, 4879, 1925, 635, 201, 68, 22, 6, 4, 1, 0, 1]
(2, (1, 0, 0)): [734344, 53386, 35322, 11219, 3684, 1175, 455, 131, 30, 13, 7, 1, 1]
(2, (1, 0, 1)): [128542, 30555, 12092, 7505, 2498, 809, 275, 88, 30, 9, 2, 4, 1]
(2, (1, 1, 0)): [287771, 43538, 22066, 15226, 4929, 1591, 541, 184, 56, 27, 10, 2, 2, 1]
(2, (1, 1, 1)): [84475, 12336, 14075, 7040, 5263, 1637, 568, 190, 59, 15, 10, 3, 1, 1]
