(0, (0, 0, 0)): [2311528, 472355, 217125, 99280, 44546, 19014, 7952, 3182, 1307, 562, 252, 116, 41, 22, 6, 1, 1, 1]
(0, (0, 0, 1)): [8489, 26412, 7231, 3529, 1683, 733, 325, 132, 54, 32, 20, 4, 4, 3]
(0, (0, 1, 0)): [85785, 80434, 31611, 15640, 7419, 3216, 1394, 567, 242, 122, 44, 17, 7, 6, 3, 0, 1]
(0, (0, 1, 1)): [6772, 11969, 14237, 6587, 3473, 1679, 720, 308, 153, 69, 21, 13, 3, 4, 2, 0, 1, 1]
(0, (1, 0, 0)): [484049, 160383, 104214, 51825, 24810, 11087, 4658, 1964, 833, 361, 173, 68, 26, 17, 4, 1, 1, 1]
(0, (1, 0, 1)): [11323, 34515, 14088, 10043, 5276, 2459, 1160, 471, 235, 97, 52, 20, 9, 3, 2, 0, 0, 1]
(0, (1, 1, 0)): [69183, 43554, 32303, 23503, 12488, 5866, 2515, 1148, 483, 219, 102, 39, 13, 6, 1, 0, 1]
(0, (1, 1, 1)): [6635, 13011, 10452, 7601, 6235, 3131, 1444, 683, 333, 139, 67, 24, 7, 4, 1, 0, 1]
(1, (0, 0, 0)): [1888055, 210706, 86103, 34166, 13437, 5097, 1983, 701, 249, 100, 36, 23, 8, 3, 0, 1]
(1, (0, 0, 1)): [51369, 73854, 14728, 6453, 2632, 1078, 422, 151, 74, 26, 14, 8, 4, 2]
(1, (0, 1, 0)): [256390, 111160, 41040, 17841, 7228, 2877, 1009, 437, 134, 64, 32, 10, 10, 2, 1]
(1, (0, 1, 1)): [39812, 33648, 29207, 11882, 6094, 2405, 974, 374, 165, 56, 17, 9, 3, 2, 0, 1]
(1, (1, 0, 0)): [703143, 123977, 81660, 34801, 14253, 5633, 2224, 804, 311, 132, 50, 32, 7, 3, 0, 2]
(1, (1, 0, 1)): [57289, 65012, 20955, 14302, 6193, 2529, 994, 386, 137, 77, 22, 9, 2, 1]
(1, (1, 1, 0)): [197734, 59582, 39698, 29041, 12209, 5045, 1976, 791, 301, 123, 46, 25, 10, 5, 1]
(1, (1, 1, 1)): [40431, 32385, 20265, 13249, 10097, 4287, 1755, 662, 267, 94, 30, 22, 9, 4, 1, 1]
(2, (0, 0, 0)): [1648378, 77792, 25820, 8233, 2755, 868, 302, 101, 20, 8, 5, 0, 1]
(2, (0, 0, 1)): [156064, 45741, 9612, 3312, 1164, 399, 113, 37, 9, 6, 0, 2]
(2, (0, 1, 0)): [410652, 84815, 23736, 8450, 2846, 919, 293, 85, 21, 13, 7, 0, 1]
(2, (0, 1, 1)): [95236, 7997, 19872, 5738, 2275, 744, 243, 77, 24, 7, 5, 1, 0, 1]
(2, (1, 0, 0)): [851128, 61716, 41351, 13179, 4342, 1380, 531, 153, 38, 15, 7, 1, 1]
(2, (1, 0, 1)): [150281, 35096, 13937, 8808, 2925, 949, 319, 92, 32, 11, 2, 4, 2]
(2, (1, 1, 0)): [334997, 50179, 25432, 17889, 5782, 1859, 632, 210, 67, 29, 10, 3, 2, 1]
(2, (1, 1, 1)): [99428, 14473, 16441, 8272, 6251, 1937, 652, 218, 74, 18, 10, 4, 1, 1]
