(0, (0, 0, 0), (0, 0)): [1642386, 328947, 150468, 68170, 30263, 12806, 5271, 2179, 874, 386, 166, 70, 32, 12, 4, 1, 0, 1]
(0, (0, 0, 0), (0, 1)): [101488, 18805, 8355, 3762, 1527, 659, 262, 101, 40, 19, 9, 0, 2, 1, 0, 1]
(0, (0, 0, 0), (0, 2)): [37782, 6193, 2682, 1159, 476, 205, 85, 35, 16, 6, 2, 0, 1]
(0, (0, 0, 0), (1, 0)): [93682, 20282, 9424, 4318, 2035, 789, 347, 141, 59, 18, 8, 2, 0, 2, 1]
(0, (0, 0, 0), (1, 1)): [87561, 17146, 7856, 3555, 1528, 626, 272, 96, 39, 12, 11, 0, 1, 1, 0, 1]
(0, (0, 0, 0), (1, 2)): [58185, 10012, 4443, 1885, 854, 363, 140, 54, 24, 9, 3, 0, 2]
(0, (0, 0, 0), (2, 0)): [30492, 7352, 3577, 1727, 836, 301, 138, 67, 24, 8, 4, 2, 0, 1, 1]
(0, (0, 0, 0), (2, 1)): [46015, 9801, 4734, 2209, 997, 385, 180, 83, 28, 7, 6, 2, 0, 1]
(0, (0, 0, 0), (2, 2)): [46159, 8587, 4018, 1803, 801, 311, 123, 46, 26, 10, 2, 0, 2]
(0, (0, 0, 0), (3, 0)): [9169, 2629, 1415, 735, 350, 133, 63, 21, 10, 3, 2, 0, 0, 1, 1]
(0, (0, 0, 0), (3, 1)): [17757, 4615, 2363, 1173, 544, 212, 100, 47, 19, 5, 2, 2, 0, 1, 1]
(0, (0, 0, 0), (3, 2)): [24523, 5425, 2867, 1284, 623, 249, 93, 40, 19, 9, 2, 1, 2, 0, 1]
(0, (0, 0, 1), (0, 0)): [6804, 20412, 5585, 2638, 1265, 525, 240, 108, 40, 23, 11, 3, 3, 2]
(0, (0, 0, 1), (0, 1)): [323, 914, 264, 111, 56, 17, 10, 5, 2, 1, 1, 0, 0, 1]
(0, (0, 0, 1), (0, 2)): [135, 359, 93, 41, 22, 7, 1, 1, 2]
(0, (0, 0, 1), (1, 0)): [332, 1096, 309, 161, 78, 33, 13, 7, 1, 1, 2]
(0, (0, 0, 1), (1, 1)): [300, 849, 240, 102, 55, 19, 12, 5, 0, 1, 2, 0, 0, 1]
(0, (0, 0, 1), (1, 2)): [220, 566, 147, 59, 30, 12, 3, 4, 2, 1, 1]
(0, (0, 0, 1), (2, 0)): [128, 436, 124, 76, 31, 16, 3, 4, 1, 1]
(0, (0, 0, 1), (2, 1)): [169, 487, 157, 79, 44, 12, 7, 3, 0, 1, 1]
(0, (0, 0, 1), (2, 2)): [197, 498, 140, 56, 40, 11, 3, 0, 1, 1, 1]
(0, (0, 0, 1), (3, 0)): [37, 151, 44, 31, 11, 8, 3, 1, 1]
(0, (0, 0, 1), (3, 1)): [71, 216, 69, 49, 20, 9, 2, 3]
(0, (0, 0, 1), (3, 2)): [113, 290, 82, 45, 33, 7, 1, 1, 1, 1, 1]
(0, (0, 1, 0), (0, 0)): [58577, 54779, 21265, 10215, 4854, 2090, 880, 370, 152, 85, 29, 7, 3, 3, 2]
(0, (0, 1, 0), (0, 1)): [3610, 3290, 1230, 544, 243, 120, 58, 23, 9, 4]
(0, (0, 1, 0), (0, 2)): [1433, 1096, 408, 162, 87, 40, 27, 8, 4, 1]
(0, (0, 1, 0), (1, 0)): [3590, 3517, 1454, 713, 314, 144, 47, 26, 7, 3, 1, 1, 0, 1, 1]
(0, (0, 1, 0), (1, 1)): [3141, 2875, 1161, 540, 213, 106, 39, 21, 2, 3]
(0, (0, 1, 0), (1, 2)): [2166, 1709, 670, 305, 131, 62, 25, 15, 1, 2]
(0, (0, 1, 0), (2, 0)): [1337, 1281, 525, 278, 117, 66, 19, 12, 4, 2, 1, 1, 0, 1]
(0, (0, 1, 0), (2, 1)): [1723, 1613, 680, 312, 128, 75, 27, 13, 2, 3, 1, 0, 0, 1]
(0, (0, 1, 0), (2, 2)): [1856, 1403, 629, 259, 110, 49, 25, 11, 3, 1, 1]
(0, (0, 1, 0), (3, 0)): [459, 376, 181, 118, 54, 26, 11, 8, 3, 0, 0, 1]
(0, (0, 1, 0), (3, 1)): [740, 655, 302, 186, 74, 44, 14, 9, 0, 1, 0, 1, 0, 1]
(0, (0, 1, 0), (3, 2)): [1056, 832, 403, 184, 86, 35, 23, 5, 2, 2, 1]
(0, (0, 1, 1), (0, 0)): [4846, 8293, 9918, 4571, 2395, 1133, 480, 215, 109, 47, 11, 8, 2, 2, 1, 0, 0, 1]
(0, (0, 1, 1), (0, 1)): [294, 436, 539, 229, 122, 59, 30, 9, 3, 2, 1, 1]
(0, (0, 1, 1), (0, 2)): [147, 162, 196, 84, 41, 20, 13, 3, 1, 1, 0, 1]
(0, (0, 1, 1), (1, 0)): [290, 587, 665, 320, 163, 81, 30, 14, 11, 2, 0, 2]
(0, (0, 1, 1), (1, 1)): [237, 430, 493, 223, 121, 49, 21, 11, 2, 1, 1]
(0, (0, 1, 1), (1, 2)): [191, 258, 285, 120, 77, 32, 15, 3, 2, 1, 0, 1]
(0, (0, 1, 1), (2, 0)): [130, 265, 274, 149, 81, 52, 14, 7, 7, 2, 0, 1]
(0, (0, 1, 1), (2, 1)): [130, 256, 297, 139, 62, 30, 11, 11, 5, 2]
(0, (0, 1, 1), (2, 2)): [156, 233, 236, 114, 55, 29, 12, 6, 2, 1, 0, 1]
(0, (0, 1, 1), (3, 0)): [72, 124, 118, 72, 56, 34, 7, 2, 2, 1, 0, 1]
(0, (0, 1, 1), (3, 1)): [54, 108, 119, 65, 45, 13, 6, 4, 4, 1]
(0, (0, 1, 1), (3, 2)): [83, 124, 150, 74, 42, 24, 8, 7, 5]
(0, (1, 0, 0), (0, 0)): [350159, 117729, 73859, 36368, 17241, 7663, 3185, 1364, 566, 257, 116, 44, 22, 6, 3, 1, 0, 1]
(0, (1, 0, 0), (0, 1)): [19793, 6027, 3788, 1780, 861, 387, 137, 72, 27, 6, 1, 1]
(0, (1, 0, 0), (0, 2)): [7153, 1929, 1245, 534, 279, 107, 48, 16, 10, 2, 1]
(0, (1, 0, 0), (1, 0)): [18020, 6529, 4312, 2151, 1042, 447, 204, 79, 32, 21, 11, 1, 0, 2, 1]
(0, (1, 0, 0), (1, 1)): [15157, 4874, 3191, 1535, 711, 339, 130, 53, 20, 10, 4, 1]
(0, (1, 0, 0), (1, 2)): [9495, 2700, 1766, 823, 403, 170, 74, 28, 13, 6]
(0, (1, 0, 0), (2, 0)): [5572, 2184, 1463, 819, 420, 170, 81, 37, 12, 9, 7, 0, 0, 2]
(0, (1, 0, 0), (2, 1)): [7355, 2528, 1718, 889, 415, 195, 72, 32, 11, 9, 4, 1, 0, 2]
(0, (1, 0, 0), (2, 2)): [6822, 2089, 1396, 640, 325, 129, 66, 27, 12, 8, 2, 0, 0, 1]
(0, (1, 0, 0), (3, 0)): [1465, 661, 493, 329, 178, 66, 36, 17, 5, 3, 3]
(0, (1, 0, 0), (3, 1)): [2583, 1049, 731, 480, 240, 97, 34, 16, 7, 5, 3, 1, 0, 1]
(0, (1, 0, 0), (3, 2)): [3226, 1152, 799, 441, 227, 90, 36, 19, 7, 6, 1]
(0, (1, 0, 1), (0, 0)): [8341, 25317, 10369, 7102, 3730, 1703, 807, 326, 161, 62, 34, 15, 5, 1, 2, 0, 0, 1]
(0, (1, 0, 1), (0, 1)): [462, 1377, 542, 362, 188, 90, 42, 11, 9, 2, 1, 0, 1]
(0, (1, 0, 1), (0, 2)): [214, 489, 186, 124, 56, 32, 14, 4, 4, 1]
(0, (1, 0, 1), (1, 0)): [429, 1494, 595, 417, 216, 110, 36, 16, 10, 3, 3, 0, 0, 0, 1]
(0, (1, 0, 1), (1, 1)): [363, 1070, 437, 296, 158, 61, 28, 11, 7, 0, 3]
(0, (1, 0, 1), (1, 2)): [289, 620, 254, 157, 90, 29, 16, 5, 4, 1]
(0, (1, 0, 1), (2, 0)): [155, 523, 211, 145, 87, 56, 13, 6, 2, 2, 1]
(0, (1, 0, 1), (2, 1)): [170, 571, 246, 159, 87, 46, 17, 5, 7, 0, 2]
(0, (1, 0, 1), (2, 2)): [212, 487, 195, 121, 74, 27, 16, 7, 2, 1, 2]
(0, (1, 0, 1), (3, 0)): [51, 169, 74, 42, 35, 24, 3, 4, 0, 1, 1]
(0, (1, 0, 1), (3, 1)): [57, 199, 90, 72, 57, 25, 5, 2, 2, 1]
(0, (1, 0, 1), (3, 2)): [95, 223, 121, 74, 62, 27, 7, 4, 4, 2, 2]
(0, (1, 1, 0), (0, 0)): [48140, 30728, 23084, 16337, 8693, 4047, 1721, 812, 325, 156, 71, 24, 10, 3]
(0, (1, 1, 0), (0, 1)): [2969, 1650, 1144, 803, 480, 190, 90, 38, 10, 7, 3, 1]
(0, (1, 1, 0), (0, 2)): [1207, 566, 380, 251, 150, 62, 31, 14, 4, 2, 1]
(0, (1, 1, 0), (1, 0)): [2399, 1563, 1196, 880, 457, 228, 100, 47, 17, 6, 2, 0, 0, 2]
(0, (1, 1, 0), (1, 1)): [2100, 1204, 911, 688, 373, 167, 70, 30, 9, 5, 3, 0, 0, 1]
(0, (1, 1, 0), (1, 2)): [1500, 743, 537, 406, 212, 79, 34, 20, 3, 5, 1, 0, 0, 1]
(0, (1, 1, 0), (2, 0)): [698, 495, 415, 285, 160, 82, 44, 19, 9, 2, 0, 0, 0, 1]
(0, (1, 1, 0), (2, 1)): [946, 612, 469, 356, 198, 92, 44, 17, 8, 3, 2]
(0, (1, 1, 0), (2, 2)): [1006, 550, 417, 309, 166, 73, 32, 17, 4, 4, 1]
(0, (1, 1, 0), (3, 0)): [174, 157, 155, 94, 63, 33, 15, 9, 5, 1, 0, 0, 0, 1]
(0, (1, 1, 0), (3, 1)): [344, 249, 210, 147, 98, 51, 29, 10, 5, 1, 1]
(0, (1, 1, 0), (3, 2)): [467, 282, 244, 191, 115, 50, 23, 14, 5, 0, 1]
(0, (1, 1, 1), (0, 0)): [4657, 8840, 7251, 5437, 4324, 2147, 991, 482, 215, 95, 46, 15, 5, 2, 1]
(0, (1, 1, 1), (0, 1)): [295, 506, 427, 261, 240, 109, 50, 24, 14, 5, 1, 1, 1, 1]
(0, (1, 1, 1), (0, 2)): [140, 218, 158, 87, 88, 45, 15, 7, 6, 1, 0, 1, 1]
(0, (1, 1, 1), (1, 0)): [218, 480, 407, 308, 249, 138, 54, 19, 10, 3, 3, 1]
(0, (1, 1, 1), (1, 1)): [205, 399, 339, 224, 188, 92, 44, 19, 6, 6, 3, 0, 0, 1]
(0, (1, 1, 1), (1, 2)): [175, 292, 211, 132, 118, 49, 15, 11, 6, 1, 0, 1, 0, 1]
(0, (1, 1, 1), (2, 0)): [65, 149, 135, 114, 103, 55, 15, 9, 5, 0, 1]
(0, (1, 1, 1), (2, 1)): [99, 174, 161, 133, 94, 54, 24, 11, 6, 2, 1]
(0, (1, 1, 1), (2, 2)): [104, 206, 158, 112, 82, 46, 14, 8, 2, 2, 0, 1]
(0, (1, 1, 1), (3, 0)): [14, 48, 42, 41, 33, 23, 7, 4, 2, 0, 1]
(0, (1, 1, 1), (3, 1)): [31, 76, 69, 66, 41, 23, 13, 3, 2, 0, 1]
(0, (1, 1, 1), (3, 2)): [45, 95, 85, 75, 59, 29, 14, 6, 4, 0, 0, 1]
(1, (0, 0, 0), (0, 0)): [1332804, 144744, 58988, 23244, 8969, 3375, 1307, 485, 178, 69, 28, 15, 7, 3, 0, 1]
(1, (0, 0, 0), (0, 1)): [83696, 8239, 3270, 1303, 498, 157, 50, 31, 7, 0, 0, 0, 0, 1]
(1, (0, 0, 0), (0, 2)): [31301, 2578, 1000, 391, 150, 51, 11, 6]
(1, (0, 0, 0), (1, 0)): [79962, 9637, 3967, 1568, 602, 205, 87, 30, 8, 4, 1, 0, 0, 0, 0, 1]
(1, (0, 0, 0), (1, 1)): [73785, 7784, 3149, 1241, 477, 155, 65, 32, 9, 1, 0, 0, 0, 1]
(1, (0, 0, 0), (1, 2)): [48598, 4266, 1711, 671, 273, 99, 28, 10, 2]
(1, (0, 0, 0), (2, 0)): [26852, 3743, 1653, 643, 252, 89, 41, 11, 1, 3, 1, 0, 0, 0, 0, 1]
(1, (0, 0, 0), (2, 1)): [39464, 4738, 2032, 780, 300, 102, 35, 18, 2, 3, 1]
(1, (0, 0, 0), (2, 2)): [39336, 3859, 1611, 653, 271, 99, 32, 14, 3, 0, 1]
(1, (0, 0, 0), (3, 0)): [8095, 1277, 712, 263, 112, 39, 23, 4, 1, 1, 0, 0, 0, 0, 0, 1]
(1, (0, 0, 0), (3, 1)): [15879, 2368, 1129, 448, 185, 58, 26, 8, 1, 2]
(1, (0, 0, 0), (3, 2)): [21526, 2658, 1228, 498, 219, 65, 28, 7, 2, 0, 1]
(1, (0, 0, 1), (0, 0)): [37360, 53787, 10575, 4474, 1849, 761, 287, 114, 53, 20, 11, 5, 4, 1]
(1, (0, 0, 1), (0, 1)): [2169, 2579, 535, 187, 76, 33, 11, 4, 1, 0, 1]
(1, (0, 0, 1), (0, 2)): [929, 842, 171, 49, 28, 9, 5, 1, 1]
(1, (0, 0, 1), (1, 0)): [2324, 3543, 708, 341, 123, 65, 21, 5, 6, 2]
(1, (0, 0, 1), (1, 1)): [2012, 2564, 511, 211, 74, 39, 6, 4, 1, 1, 1]
(1, (0, 0, 1), (1, 2)): [1456, 1444, 259, 101, 43, 18, 3, 1, 1]
(1, (0, 0, 1), (2, 0)): [962, 1424, 323, 162, 67, 30, 14, 1, 5, 1]
(1, (0, 0, 1), (2, 1)): [1130, 1507, 324, 146, 57, 29, 11, 3, 2, 0, 1]
(1, (0, 0, 1), (2, 2)): [1234, 1272, 239, 114, 40, 23, 4, 2, 1, 0, 1]
(1, (0, 0, 1), (3, 0)): [460, 597, 152, 87, 35, 16, 5, 1, 1]
(1, (0, 0, 1), (3, 1)): [485, 671, 165, 82, 28, 12, 7, 2, 1]
(1, (0, 0, 1), (3, 2)): [717, 773, 180, 89, 37, 16, 6, 2, 1, 0, 1]
(1, (0, 1, 0), (0, 0)): [182380, 80993, 28986, 12417, 4946, 1956, 668, 309, 96, 42, 23, 9, 9, 2, 1]
(1, (0, 1, 0), (0, 1)): [10485, 4184, 1421, 598, 218, 85, 30, 18, 5, 2, 2]
(1, (0, 1, 0), (0, 2)): [4020, 1460, 471, 184, 65, 25, 9, 5, 2]
(1, (0, 1, 0), (1, 0)): [12062, 5224, 1934, 964, 392, 150, 48, 21, 11, 2, 1, 0, 0, 1]
(1, (0, 1, 0), (1, 1)): [9683, 3809, 1321, 634, 235, 96, 29, 15, 6, 1, 1, 0, 0, 1]
(1, (0, 1, 0), (1, 2)): [6370, 2267, 794, 316, 102, 41, 12, 11, 4, 1]
(1, (0, 1, 0), (2, 0)): [5183, 2198, 886, 506, 204, 80, 31, 15, 5, 1, 1]
(1, (0, 1, 0), (2, 1)): [5495, 2269, 805, 438, 185, 68, 28, 9, 2, 0, 1, 0, 0, 1]
(1, (0, 1, 0), (2, 2)): [5391, 1961, 695, 301, 117, 40, 12, 6, 5]
(1, (0, 1, 0), (3, 0)): [2456, 954, 412, 310, 123, 45, 15, 11, 5, 1]
(1, (0, 1, 0), (3, 1)): [2571, 1002, 415, 274, 134, 46, 20, 6, 4, 1, 0, 0, 0, 1]
(1, (0, 1, 0), (3, 2)): [3219, 1174, 489, 266, 123, 31, 13, 6, 1, 1, 0, 0, 0, 1]
(1, (0, 1, 1), (0, 0)): [28949, 23837, 21463, 8506, 4351, 1689, 668, 260, 121, 42, 12, 7, 2, 2, 0, 1]
(1, (0, 1, 1), (0, 1)): [1407, 1058, 918, 349, 155, 55, 30, 10, 2, 1]
(1, (0, 1, 1), (0, 2)): [651, 346, 314, 119, 59, 14, 10, 3, 1, 1]
(1, (0, 1, 1), (1, 0)): [2050, 1820, 1396, 569, 386, 121, 54, 22, 7, 3]
(1, (0, 1, 1), (1, 1)): [1246, 966, 833, 320, 152, 47, 24, 12, 1, 1]
(1, (0, 1, 1), (1, 2)): [971, 547, 520, 184, 95, 27, 13, 5, 1, 1]
(1, (0, 1, 1), (2, 0)): [1219, 1048, 780, 344, 274, 93, 40, 14, 6, 2]
(1, (0, 1, 1), (2, 1)): [662, 568, 466, 193, 100, 29, 19, 6, 0, 2]
(1, (0, 1, 1), (2, 2)): [780, 481, 438, 168, 86, 21, 6, 4, 1, 1]
(1, (0, 1, 1), (3, 0)): [920, 762, 508, 254, 226, 80, 35, 12, 6, 1]
(1, (0, 1, 1), (3, 1)): [292, 260, 211, 85, 55, 21, 12, 3, 0, 1]
(1, (0, 1, 1), (3, 2)): [444, 298, 242, 104, 59, 18, 5, 4, 1, 1]
(1, (1, 0, 0), (0, 0)): [505426, 90316, 57194, 24176, 9756, 3836, 1509, 540, 224, 94, 34, 22, 5, 3, 0, 2]
(1, (1, 0, 0), (0, 1)): [28496, 4472, 2874, 1209, 451, 167, 81, 24, 5, 5, 1]
(1, (1, 0, 0), (0, 2)): [10231, 1359, 919, 364, 129, 54, 27, 9, 2, 3]
(1, (1, 0, 0), (1, 0)): [28416, 5552, 3644, 1565, 615, 238, 95, 36, 8, 5, 1, 0, 1, 0, 0, 1]
(1, (1, 0, 0), (1, 1)): [23284, 3952, 2603, 1097, 407, 149, 71, 21, 5, 2, 2, 0, 0, 0, 0, 1]
(1, (1, 0, 0), (1, 2)): [14536, 2104, 1451, 530, 196, 76, 31, 14, 2, 2, 2]
(1, (1, 0, 0), (2, 0)): [9158, 1984, 1324, 629, 253, 111, 40, 11, 5, 3, 0, 0, 1]
(1, (1, 0, 0), (2, 1)): [11696, 2220, 1475, 697, 244, 103, 50, 7, 5, 0, 0, 0, 0, 0, 0, 1]
(1, (1, 0, 0), (2, 2)): [10831, 1754, 1207, 512, 178, 72, 34, 9, 2, 1, 2]
(1, (1, 0, 0), (3, 0)): [2572, 676, 396, 251, 109, 46, 10, 4, 1, 3, 0, 0, 1]
(1, (1, 0, 0), (3, 1)): [4354, 1051, 621, 355, 136, 51, 17, 6, 1, 2, 0, 0, 0, 0, 0, 1]
(1, (1, 0, 0), (3, 2)): [5252, 1099, 686, 367, 121, 53, 23, 4, 3, 2, 2, 0, 0, 0, 0, 1]
(1, (1, 0, 1), (0, 0)): [40731, 47551, 15354, 10156, 4352, 1757, 694, 270, 91, 59, 16, 6, 0, 1]
(1, (1, 0, 1), (0, 1)): [2568, 2332, 748, 498, 215, 81, 34, 10, 5, 6]
(1, (1, 0, 1), (0, 2)): [1103, 713, 251, 162, 64, 26, 12, 7, 2, 3]
(1, (1, 0, 1), (1, 0)): [2320, 2741, 912, 598, 288, 97, 36, 13, 5, 5]
(1, (1, 0, 1), (1, 1)): [1997, 1890, 616, 446, 176, 56, 29, 7, 4, 3]
(1, (1, 0, 1), (1, 2)): [1438, 1043, 361, 246, 85, 37, 13, 10, 2, 3]
(1, (1, 0, 1), (2, 0)): [816, 944, 330, 216, 125, 47, 14, 5, 2, 2]
(1, (1, 0, 1), (2, 1)): [989, 959, 323, 247, 115, 31, 15, 4, 5, 1]
(1, (1, 0, 1), (2, 2)): [1001, 783, 293, 187, 91, 24, 13, 5, 5, 2]
(1, (1, 0, 1), (3, 0)): [272, 337, 123, 73, 60, 25, 7, 1, 0, 1]
(1, (1, 0, 1), (3, 1)): [359, 401, 157, 111, 61, 24, 3, 3, 0, 1]
(1, (1, 0, 1), (3, 2)): [501, 430, 176, 127, 69, 24, 8, 6, 3, 2]
(1, (1, 1, 0), (0, 0)): [138513, 42728, 28538, 20160, 8419, 3455, 1347, 549, 219, 82, 27, 15, 9, 5, 1]
(1, (1, 1, 0), (0, 1)): [8526, 2304, 1391, 1036, 419, 168, 62, 25, 8, 3]
(1, (1, 1, 0), (0, 2)): [3423, 803, 464, 349, 137, 52, 22, 7, 3]
(1, (1, 1, 0), (1, 0)): [7423, 2531, 1710, 1220, 523, 208, 90, 36, 10, 3, 0, 0, 2, 1]
(1, (1, 1, 0), (1, 1)): [6536, 1969, 1286, 913, 382, 147, 56, 25, 3, 5]
(1, (1, 1, 0), (1, 2)): [4610, 1159, 723, 537, 215, 65, 30, 14, 1, 1]
(1, (1, 1, 0), (2, 0)): [2389, 884, 580, 446, 212, 95, 42, 15, 6, 1, 0, 0, 2, 1]
(1, (1, 1, 0), (2, 1)): [3222, 1096, 729, 496, 209, 110, 43, 13, 7, 1, 0, 0, 1]
(1, (1, 1, 0), (2, 2)): [3416, 946, 593, 427, 182, 76, 24, 6, 1, 1]
(1, (1, 1, 0), (3, 0)): [608, 335, 192, 135, 92, 37, 16, 8, 2, 1, 0, 0, 1]
(1, (1, 1, 0), (3, 1)): [1206, 520, 343, 225, 126, 50, 26, 10, 5, 2, 0, 0, 1]
(1, (1, 1, 0), (3, 2)): [1636, 590, 382, 239, 139, 57, 24, 9, 3, 3, 0, 0, 1]
(1, (1, 1, 1), (0, 0)): [28131, 22574, 14350, 9382, 6841, 2879, 1166, 438, 187, 67, 20, 15, 8, 3, 1, 1]
(1, (1, 1, 1), (0, 1)): [1780, 1263, 810, 488, 369, 137, 52, 24, 12, 1]
(1, (1, 1, 1), (0, 2)): [835, 431, 277, 176, 122, 45, 22, 5, 3, 1]
(1, (1, 1, 1), (1, 0)): [1442, 1313, 798, 482, 399, 168, 85, 20, 9, 4, 0, 1, 1]
(1, (1, 1, 1), (1, 1)): [1320, 1056, 663, 387, 301, 123, 47, 20, 7]
(1, (1, 1, 1), (1, 2)): [1003, 603, 401, 240, 163, 77, 33, 11, 4]
(1, (1, 1, 1), (2, 0)): [383, 412, 282, 170, 149, 69, 36, 9, 1, 2, 0, 1, 1]
(1, (1, 1, 1), (2, 1)): [592, 561, 337, 214, 152, 65, 34, 8, 2, 1, 0, 1]
(1, (1, 1, 1), (2, 2)): [709, 472, 324, 193, 144, 63, 27, 8, 3]
(1, (1, 1, 1), (3, 0)): [68, 129, 85, 68, 47, 32, 10, 4, 1, 0, 0, 0, 1]
(1, (1, 1, 1), (3, 1)): [140, 233, 146, 100, 75, 32, 13, 5, 0, 0, 0, 0, 1]
(1, (1, 1, 1), (3, 2)): [278, 259, 170, 113, 89, 43, 15, 8, 1]
(2, (0, 0, 0), (0, 0)): [1158071, 52112, 17382, 5512, 1828, 576, 199, 67, 12, 7, 5, 0, 1]
(2, (0, 0, 0), (0, 1)): [72103, 2828, 917, 263, 109, 23, 11, 5, 1]
(2, (0, 0, 0), (0, 2)): [26638, 730, 227, 84, 36, 4, 1, 3]
(2, (0, 0, 0), (1, 0)): [72285, 3870, 1299, 413, 149, 30, 15, 6, 1, 0, 0, 0, 1]
(2, (0, 0, 0), (1, 1)): [64981, 2934, 972, 259, 110, 23, 13, 2, 1]
(2, (0, 0, 0), (1, 2)): [41959, 1302, 439, 144, 56, 10, 5, 2]
(2, (0, 0, 0), (2, 0)): [25771, 1527, 636, 197, 72, 12, 8, 4, 0, 0, 0, 0, 1]
(2, (0, 0, 0), (2, 1)): [36410, 1915, 713, 194, 70, 13, 8, 3]
(2, (0, 0, 0), (2, 2)): [35390, 1365, 500, 147, 58, 12, 2, 2]
(2, (0, 0, 0), (3, 0)): [8288, 538, 306, 90, 37, 6, 5, 2, 0, 0, 0, 0, 1]
(2, (0, 0, 0), (3, 1)): [15611, 963, 466, 136, 43, 10, 5, 2]
(2, (0, 0, 0), (3, 2)): [20829, 1057, 468, 129, 48, 9, 1, 2]
(2, (0, 0, 1), (0, 0)): [109462, 33663, 6666, 2226, 793, 267, 77, 26, 5, 2, 0, 1]
(2, (0, 0, 1), (0, 1)): [6454, 1628, 333, 103, 40, 12, 6, 2, 1]
(2, (0, 0, 1), (0, 2)): [2528, 491, 102, 27, 9, 3, 2]
(2, (0, 0, 1), (1, 0)): [7718, 2141, 517, 180, 61, 26, 4, 3]
(2, (0, 0, 1), (1, 1)): [6131, 1526, 319, 116, 42, 17, 4, 3, 1]
(2, (0, 0, 1), (1, 2)): [4154, 795, 163, 50, 22, 7, 4, 1]
(2, (0, 0, 1), (2, 0)): [3346, 903, 249, 107, 32, 15, 1, 1]
(2, (0, 0, 1), (2, 1)): [3630, 971, 243, 96, 34, 13, 2, 3]
(2, (0, 0, 1), (2, 2)): [3682, 743, 182, 59, 21, 11, 3, 1]
(2, (0, 0, 1), (3, 0)): [1620, 355, 125, 67, 12, 9]
(2, (0, 0, 1), (3, 1)): [1741, 477, 128, 64, 24, 9, 2, 2]
(2, (0, 0, 1), (3, 2)): [2372, 520, 143, 64, 15, 10, 3]
(2, (0, 1, 0), (0, 0)): [289116, 61332, 16386, 5717, 1855, 624, 188, 58, 15, 8, 6, 0, 1]
(2, (0, 1, 0), (0, 1)): [16453, 2906, 730, 206, 77, 18, 8, 3, 1, 0, 1]
(2, (0, 1, 0), (0, 2)): [6346, 848, 202, 52, 20, 3, 2]
(2, (0, 1, 0), (1, 0)): [20277, 3901, 1328, 555, 154, 52, 15, 6, 0, 0, 0, 0, 1]
(2, (0, 1, 0), (1, 1)): [15600, 2821, 818, 257, 91, 23, 12, 4, 1, 0, 1]
(2, (0, 1, 0), (1, 2)): [10221, 1452, 345, 126, 33, 9, 3, 2]
(2, (0, 1, 0), (2, 0)): [9344, 1705, 661, 353, 97, 32, 8, 4, 0, 0, 0, 0, 1]
(2, (0, 1, 0), (2, 1)): [9285, 1764, 583, 203, 66, 18, 8, 2, 1, 0, 1, 0, 1]
(2, (0, 1, 0), (2, 2)): [9048, 1412, 383, 147, 46, 12, 3, 4]
(2, (0, 1, 0), (3, 0)): [4964, 774, 355, 253, 69, 21, 7, 4]
(2, (0, 1, 0), (3, 1)): [4336, 795, 332, 150, 55, 14, 8, 0, 1, 0, 1, 0, 1]
(2, (0, 1, 0), (3, 2)): [5680, 887, 333, 158, 46, 14, 5, 2, 0, 0, 0, 0, 1]
(2, (0, 1, 1), (0, 0)): [66116, 5743, 14431, 3869, 1526, 488, 165, 53, 19, 5, 3, 1, 0, 1]
(2, (0, 1, 1), (0, 1)): [3745, 249, 613, 142, 51, 23, 4, 5]
(2, (0, 1, 1), (0, 2)): [1601, 96, 193, 52, 23, 5, 1, 1]
(2, (0, 1, 1), (1, 0)): [4665, 489, 915, 295, 140, 40, 16, 2, 1, 0, 1]
(2, (0, 1, 1), (1, 1)): [3368, 255, 592, 148, 46, 25, 4, 4, 1]
(2, (0, 1, 1), (1, 2)): [2451, 143, 324, 83, 33, 8, 2, 2]
(2, (0, 1, 1), (2, 0)): [2359, 270, 422, 174, 100, 27, 11, 1, 0, 0, 1]
(2, (0, 1, 1), (2, 1)): [1971, 166, 391, 91, 38, 18, 4, 1]
(2, (0, 1, 1), (2, 2)): [2145, 153, 295, 72, 30, 18, 2, 2]
(2, (0, 1, 1), (3, 0)): [1468, 196, 229, 115, 76, 20, 9, 1, 0, 0, 1]
(2, (0, 1, 1), (3, 1)): [949, 81, 195, 60, 21, 5, 4]
(2, (0, 1, 1), (3, 2)): [1362, 116, 226, 59, 28, 14, 2, 2]
(2, (1, 0, 0), (0, 0)): [612826, 44540, 28443, 9020, 2898, 924, 355, 103, 19, 13, 6, 0, 1]
(2, (1, 0, 0), (0, 1)): [34075, 2045, 1327, 403, 147, 43, 19, 5, 1]
(2, (1, 0, 0), (0, 2)): [12180, 573, 322, 98, 46, 9, 6]
(2, (1, 0, 0), (1, 0)): [35136, 2919, 1923, 698, 200, 54, 25, 9, 0, 1, 0, 0, 1]
(2, (1, 0, 0), (1, 1)): [28802, 1864, 1248, 432, 126, 35, 13, 5, 1]
(2, (1, 0, 0), (1, 2)): [17762, 900, 544, 185, 60, 16, 4, 2]
(2, (1, 0, 0), (2, 0)): [11844, 1172, 722, 317, 90, 25, 14, 6, 0, 1, 0, 0, 1]
(2, (1, 0, 0), (2, 1)): [15013, 1136, 718, 288, 91, 21, 11, 4, 0, 0, 0, 0, 1]
(2, (1, 0, 0), (2, 2)): [13788, 853, 513, 186, 70, 17, 5, 3]
(2, (1, 0, 0), (3, 0)): [3530, 447, 248, 160, 38, 12, 6, 2, 0, 1]
(2, (1, 0, 0), (3, 1)): [6068, 608, 351, 201, 41, 16, 7, 2, 0, 1, 0, 0, 1]
(2, (1, 0, 0), (3, 2)): [7196, 627, 338, 183, 53, 20, 5, 4, 0, 1, 0, 0, 1]
(2, (1, 0, 1), (0, 0)): [105131, 25447, 10072, 5945, 1924, 642, 209, 71, 24, 8, 0, 3, 1]
(2, (1, 0, 1), (0, 1)): [6565, 1282, 488, 313, 83, 29, 5, 3, 1, 1, 0, 1]
(2, (1, 0, 1), (0, 2)): [2630, 387, 137, 88, 31, 7, 1, 1, 1]
(2, (1, 0, 1), (1, 0)): [6477, 1451, 665, 422, 138, 48, 13, 4]
(2, (1, 0, 1), (1, 1)): [5374, 1099, 455, 277, 96, 34, 9, 2, 0, 1, 0, 1]
(2, (1, 0, 1), (1, 2)): [3578, 585, 226, 137, 49, 15, 4, 2, 1, 0, 0, 1]
(2, (1, 0, 1), (2, 0)): [2337, 501, 277, 174, 53, 21, 5, 3]
(2, (1, 0, 1), (2, 1)): [2963, 586, 300, 155, 59, 24, 2, 1, 0, 1]
(2, (1, 0, 1), (2, 2)): [2723, 457, 215, 108, 42, 13, 3, 2, 1, 0, 0, 1]
(2, (1, 0, 1), (3, 0)): [797, 155, 109, 69, 27, 7, 4]
(2, (1, 0, 1), (3, 1)): [1271, 225, 135, 80, 42, 13, 4, 0, 0, 1]
(2, (1, 0, 1), (3, 2)): [1474, 242, 161, 79, 33, 12, 4, 2, 1]
(2, (1, 1, 0), (0, 0)): [237309, 36274, 18230, 12285, 3909, 1257, 427, 141, 46, 21, 8, 1, 2, 1]
(2, (1, 1, 0), (0, 1)): [14222, 1927, 871, 605, 173, 40, 19, 13, 1, 1, 0, 0, 1]
(2, (1, 1, 0), (0, 2)): [5779, 559, 255, 156, 53, 10, 4, 6, 1]
(2, (1, 1, 0), (1, 0)): [13804, 2139, 1153, 851, 288, 71, 37, 5, 2, 1, 1]
(2, (1, 1, 0), (1, 1)): [11971, 1647, 813, 588, 157, 41, 23, 8, 1, 2, 0, 0, 1]
(2, (1, 1, 0), (1, 2)): [8321, 853, 426, 279, 80, 19, 9, 7, 1]
(2, (1, 1, 0), (2, 0)): [4655, 765, 463, 332, 146, 41, 18, 2]
(2, (1, 1, 0), (2, 1)): [6307, 900, 531, 364, 119, 27, 19, 4, 1, 1, 0, 0, 1]
(2, (1, 1, 0), (2, 2)): [6466, 732, 386, 297, 93, 19, 15, 6, 2]
(2, (1, 1, 0), (3, 0)): [1503, 265, 189, 108, 73, 21, 7]
(2, (1, 1, 0), (3, 1)): [2626, 404, 299, 165, 78, 23, 13, 2, 0, 0, 0, 0, 1]
(2, (1, 1, 0), (3, 2)): [3550, 423, 308, 199, 97, 14, 11, 4, 1]
(2, (1, 1, 1), (0, 0)): [68545, 9994, 11511, 5705, 4099, 1286, 436, 144, 48, 10, 7, 1, 1, 1]
(2, (1, 1, 1), (0, 1)): [4566, 484, 618, 303, 218, 47, 17, 4, 2, 0, 0, 0, 1]
(2, (1, 1, 1), (0, 2)): [2003, 158, 183, 88, 58, 12, 5, 2, 1]
(2, (1, 1, 1), (1, 0)): [3559, 844, 665, 400, 259, 87, 33, 6, 2, 0, 1]
(2, (1, 1, 1), (1, 1)): [3509, 494, 542, 302, 206, 47, 16, 4, 1, 0, 1, 0, 1]
(2, (1, 1, 1), (1, 2)): [2710, 258, 273, 134, 104, 21, 5, 4, 0, 0, 1]
(2, (1, 1, 1), (2, 0)): [992, 510, 224, 164, 106, 45, 15, 2, 1]
(2, (1, 1, 1), (2, 1)): [1581, 418, 313, 182, 124, 41, 18, 0, 0, 0, 0, 0, 1]
(2, (1, 1, 1), (2, 2)): [1824, 284, 243, 135, 104, 28, 11, 3, 0, 0, 1]
(2, (1, 1, 1), (3, 0)): [169, 328, 62, 79, 38, 23, 5, 0, 1]
(2, (1, 1, 1), (3, 1)): [460, 377, 111, 115, 67, 29, 10]
(2, (1, 1, 1), (3, 2)): [773, 327, 139, 129, 82, 23, 14, 1, 0, 0, 1]
