(0, (0, 0, 0), (0, 0)): [1000534, 199391, 92715, 42329, 18934, 8181, 3380, 1421, 578, 259, 116, 53, 26, 7, 3, 1, 0, 1]
(0, (0, 0, 0), (0, 1)): [20517, 3720, 1755, 778, 339, 149, 51, 31, 7, 5, 2, 0, 2, 1, 0, 1]
(0, (0, 0, 0), (0, 2)): [7540, 1188, 553, 251, 106, 39, 18, 13, 2, 1, 0, 0, 1]
(0, (0, 0, 0), (1, 0)): [18730, 3983, 1996, 906, 455, 191, 87, 34, 11, 6, 3]
(0, (0, 0, 0), (1, 1)): [17230, 3306, 1625, 752, 338, 142, 47, 24, 6, 4, 4, 0, 1, 1, 0, 1]
(0, (0, 0, 0), (1, 2)): [11174, 1881, 865, 385, 186, 81, 22, 13, 5, 2, 0, 0, 2]
(0, (0, 0, 0), (2, 0)): [6175, 1452, 767, 382, 188, 90, 41, 16, 4, 2, 1]
(0, (0, 0, 0), (2, 1)): [9206, 1906, 1019, 484, 222, 95, 39, 21, 3, 1, 1, 0, 0, 1]
(0, (0, 0, 0), (2, 2)): [8837, 1611, 800, 376, 174, 83, 21, 12, 3, 3, 1, 0, 2]
(0, (0, 0, 0), (3, 0)): [2018, 509, 313, 176, 83, 47, 19, 7, 3, 0, 1]
(0, (0, 0, 0), (3, 1)): [3704, 893, 556, 289, 117, 56, 24, 14, 4]
(0, (0, 0, 0), (3, 2)): [5029, 1052, 648, 301, 138, 60, 16, 11, 5, 2, 0, 0, 2]
(0, (0, 0, 1), (0, 0)): [4454, 13312, 3627, 1730, 842, 365, 165, 83, 32, 19, 6, 1, 3, 1]
(0, (0, 0, 1), (0, 1)): [79, 208, 65, 22, 17, 7, 5, 1, 0, 1, 0, 0, 0, 1]
(0, (0, 0, 1), (1, 0)): [76, 199, 55, 36, 21, 10, 2, 2, 1]
(0, (0, 0, 1), (1, 1)): [67, 149, 53, 20, 20, 7, 5, 1, 0, 1, 0, 0, 0, 1]
(0, (0, 0, 1), (1, 2)): [47, 105, 31, 12, 9, 0, 3, 1, 0, 1]
(0, (0, 0, 1), (2, 0)): [33, 87, 23, 17, 6, 7, 1, 1, 1]
(0, (0, 0, 1), (2, 1)): [39, 89, 29, 17, 13, 5, 1]
(0, (0, 0, 1), (2, 2)): [45, 77, 23, 9, 10, 1, 2]
(0, (0, 0, 1), (3, 1)): [17, 37, 13, 8, 7, 4, 0, 1]
(0, (0, 0, 1), (3, 2)): [24, 45, 13, 7, 9, 4, 1, 1]
(0, (0, 1, 0), (0, 0)): [33319, 31367, 12224, 5803, 2853, 1240, 511, 217, 93, 53, 18, 5, 3, 1, 1]
(0, (0, 1, 0), (0, 1)): [652, 521, 191, 93, 37, 21, 11, 5, 1]
(0, (0, 1, 0), (0, 2)): [256, 156, 66, 27, 8, 9, 3, 0, 1]
(0, (0, 1, 0), (1, 0)): [600, 526, 226, 120, 60, 27, 11, 3, 1]
(0, (0, 1, 0), (1, 1)): [520, 436, 179, 88, 34, 15, 10, 6]
(0, (0, 1, 0), (1, 2)): [349, 261, 100, 53, 20, 10, 5, 2, 1]
(0, (0, 1, 0), (2, 0)): [205, 183, 76, 48, 26, 17, 4, 0, 1]
(0, (0, 1, 0), (2, 1)): [258, 226, 97, 54, 15, 17, 7, 4]
(0, (0, 1, 0), (2, 2)): [271, 197, 89, 48, 15, 7, 7, 1, 1]
(0, (0, 1, 0), (3, 1)): [103, 96, 50, 29, 17, 9, 3, 1]
(0, (0, 1, 0), (3, 2)): [164, 120, 66, 35, 18, 6, 7]
(0, (0, 1, 1), (0, 0)): [2977, 4960, 6172, 2836, 1528, 689, 309, 146, 69, 33, 9, 6, 1, 2, 1, 0, 0, 1]
(0, (0, 1, 1), (0, 1)): [52, 64, 96, 44, 26, 9, 8, 3, 2]
(0, (0, 1, 1), (0, 2)): [27, 24, 35, 15, 13, 5, 3, 2]
(0, (0, 1, 1), (1, 0)): [65, 110, 129, 74, 43, 18, 8, 6, 4, 0, 0, 1]
(0, (0, 1, 1), (1, 1)): [41, 65, 84, 47, 25, 6, 5, 2, 2]
(0, (0, 1, 1), (1, 2)): [30, 35, 47, 22, 18, 5, 3, 2, 1]
(0, (0, 1, 1), (2, 0)): [39, 63, 62, 38, 23, 13, 4, 5, 3, 0, 0, 1]
(0, (0, 1, 1), (2, 1)): [29, 43, 55, 30, 15, 5, 2, 5, 3]
(0, (0, 1, 1), (2, 2)): [35, 36, 43, 19, 12, 5, 2, 2, 2]
(0, (0, 1, 1), (3, 0)): [25, 39, 32, 26, 17, 12, 2, 1, 0, 0, 0, 1]
(0, (0, 1, 1), (3, 2)): [17, 20, 33, 15, 9, 3, 2, 4, 3]
(0, (1, 0, 0), (0, 0)): [218345, 72974, 46204, 22855, 10878, 4920, 2071, 910, 377, 168, 80, 34, 16, 4, 2, 1, 0, 1]
(0, (1, 0, 0), (0, 1)): [4322, 1155, 822, 407, 210, 92, 31, 14, 8, 1]
(0, (1, 0, 0), (0, 2)): [1653, 347, 267, 114, 60, 20, 13, 2, 5, 1]
(0, (1, 0, 0), (1, 0)): [3711, 1202, 879, 424, 210, 86, 46, 20, 8, 6, 2, 1]
(0, (1, 0, 0), (1, 1)): [3191, 926, 695, 327, 166, 66, 26, 15, 6, 4, 0, 1]
(0, (1, 0, 0), (1, 2)): [2059, 497, 383, 161, 84, 28, 18, 8, 3, 2]
(0, (1, 0, 0), (2, 0)): [1169, 403, 282, 159, 85, 37, 14, 10, 4, 2, 2]
(0, (1, 0, 0), (2, 1)): [1552, 477, 355, 191, 96, 43, 15, 7, 5, 3, 0, 1]
(0, (1, 0, 0), (2, 2)): [1440, 388, 292, 134, 75, 23, 15, 7, 3, 3]
(0, (1, 0, 0), (3, 0)): [340, 135, 107, 71, 43, 15, 4, 5, 0, 1, 1]
(0, (1, 0, 0), (3, 1)): [581, 206, 156, 101, 64, 22, 5, 3, 4, 1, 1, 1]
(0, (1, 0, 0), (3, 2)): [734, 237, 171, 89, 65, 20, 7, 5, 3, 3]
(0, (1, 0, 1), (0, 0)): [5100, 15520, 6436, 4372, 2348, 1081, 532, 220, 102, 43, 23, 12, 5, 1, 1, 0, 0, 1]
(0, (1, 0, 1), (0, 1)): [94, 262, 106, 75, 32, 17, 13, 4, 1, 0, 0, 0, 1]
(0, (1, 0, 1), (0, 2)): [35, 101, 24, 25, 13, 8, 5, 2, 1]
(0, (1, 0, 1), (1, 0)): [87, 280, 102, 81, 43, 25, 2, 4, 4, 1, 1]
(0, (1, 0, 1), (1, 1)): [81, 210, 75, 56, 26, 14, 6, 1, 2, 0, 1]
(0, (1, 0, 1), (1, 2)): [64, 122, 37, 29, 14, 10, 3, 2, 2]
(0, (1, 0, 1), (2, 0)): [28, 97, 44, 31, 17, 13, 0, 3, 1, 1]
(0, (1, 0, 1), (2, 1)): [26, 123, 44, 36, 19, 9, 1, 0, 2, 0, 1]
(0, (1, 0, 1), (2, 2)): [48, 103, 34, 22, 14, 6, 2, 2, 1, 0, 1]
(0, (1, 0, 1), (3, 0)): [14, 34, 19, 14, 8, 8, 0, 3]
(0, (1, 0, 1), (3, 1)): [10, 44, 17, 17, 11, 6]
(0, (1, 0, 1), (3, 2)): [16, 51, 27, 12, 10, 5, 1, 0, 1, 0, 1]
(0, (1, 1, 0), (0, 0)): [29622, 18938, 14767, 10358, 5530, 2621, 1128, 553, 213, 99, 48, 20, 7, 1]
(0, (1, 1, 0), (0, 1)): [623, 335, 234, 179, 99, 42, 14, 12, 2, 0, 1, 1]
(0, (1, 1, 0), (0, 2)): [240, 119, 76, 55, 35, 13, 6, 6]
(0, (1, 1, 0), (1, 0)): [494, 307, 241, 176, 89, 57, 21, 13, 3, 3]
(0, (1, 1, 0), (1, 1)): [428, 227, 185, 137, 61, 38, 12, 10, 3, 1, 1]
(0, (1, 1, 0), (1, 2)): [296, 133, 101, 71, 38, 18, 4, 10, 1, 1]
(0, (1, 1, 0), (2, 0)): [139, 99, 76, 63, 35, 23, 7, 6, 2, 1]
(0, (1, 1, 0), (2, 1)): [197, 123, 84, 76, 38, 22, 9, 5, 2, 1]
(0, (1, 1, 0), (2, 2)): [199, 106, 77, 56, 26, 16, 3, 7, 2, 2]
(0, (1, 1, 0), (3, 2)): [110, 60, 45, 39, 17, 12, 2, 5, 2]
(0, (1, 1, 1), (0, 0)): [3038, 5551, 4612, 3575, 2825, 1406, 668, 342, 143, 64, 34, 12, 3, 1, 1]
(0, (1, 1, 1), (0, 1)): [77, 100, 89, 58, 43, 24, 8, 5, 6, 2, 1, 1]
(0, (1, 1, 1), (1, 0)): [52, 110, 108, 78, 67, 36, 11, 10, 3, 0, 1, 1]
(0, (1, 1, 1), (1, 1)): [56, 84, 90, 61, 34, 24, 9, 7, 2, 1, 1]
(0, (1, 1, 1), (1, 2)): [45, 56, 44, 24, 17, 11, 3, 2, 4, 0, 0, 1]
(0, (1, 1, 1), (2, 0)): [13, 43, 27, 32, 34, 11, 3, 4, 1, 0, 1]
(0, (1, 1, 1), (2, 1)): [28, 41, 38, 35, 28, 14, 3, 4, 2]
(0, (1, 1, 1), (2, 2)): [27, 37, 35, 30, 15, 10, 3, 3, 1, 0, 0, 1]
(0, (1, 1, 1), (3, 0)): [2, 14, 13, 15, 12, 2, 2, 2, 0, 0, 1]
(0, (1, 1, 1), (3, 1)): [5, 20, 14, 22, 11, 4, 1, 1, 1, 0, 1]
(0, (1, 1, 1), (3, 2)): [9, 13, 20, 24, 11, 7, 3, 0, 2, 0, 0, 1]
(1, (0, 0, 0), (0, 0)): [803177, 86809, 35722, 14169, 5569, 2136, 821, 319, 124, 47, 22, 13, 6, 2, 0, 1]
(1, (0, 0, 0), (0, 1)): [16591, 1671, 704, 264, 110, 29, 12, 9, 1, 0, 0, 0, 0, 1]
(1, (0, 0, 0), (0, 2)): [6080, 493, 200, 73, 32, 9, 1, 2]
(1, (0, 0, 0), (1, 0)): [15719, 1951, 844, 315, 140, 52, 19, 7, 0, 1, 0, 0, 0, 0, 0, 1]
(1, (0, 0, 0), (1, 1)): [14230, 1565, 645, 239, 104, 40, 17, 6, 1, 1, 0, 0, 0, 1]
(1, (0, 0, 0), (1, 2)): [8982, 795, 316, 133, 60, 28, 7, 2]
(1, (0, 0, 0), (2, 0)): [5369, 744, 375, 132, 56, 22, 7, 4, 0, 0, 0, 0, 0, 0, 0, 1]
(1, (0, 0, 0), (2, 1)): [7841, 965, 417, 158, 71, 21, 10, 6, 0, 1]
(1, (0, 0, 0), (2, 2)): [7444, 739, 323, 127, 61, 32, 10, 4]
(1, (0, 0, 0), (3, 0)): [1697, 263, 178, 58, 27, 8, 4, 0, 0, 0, 0, 0, 0, 0, 0, 1]
(1, (0, 0, 0), (3, 1)): [3275, 497, 263, 95, 47, 7, 3, 3]
(1, (0, 0, 0), (3, 2)): [4249, 528, 269, 93, 52, 19, 10, 3]
(1, (0, 0, 1), (0, 0)): [22986, 33634, 6580, 2761, 1179, 490, 192, 82, 36, 12, 6, 4, 4, 1]
(1, (0, 0, 1), (0, 1)): [406, 449, 95, 33, 17, 7, 6]
(1, (0, 0, 1), (0, 2)): [169, 146, 28, 8, 2, 1, 4]
(1, (0, 0, 1), (1, 0)): [413, 577, 118, 60, 28, 12, 6, 3, 1]
(1, (0, 0, 1), (1, 1)): [358, 417, 84, 38, 21, 6, 2, 2]
(1, (0, 0, 1), (1, 2)): [267, 232, 35, 15, 11, 2, 3]
(1, (0, 0, 1), (2, 0)): [181, 234, 49, 27, 14, 7, 5, 1, 1]
(1, (0, 0, 1), (2, 1)): [169, 250, 43, 23, 12, 7, 5, 2]
(1, (0, 0, 1), (2, 2)): [180, 192, 37, 16, 6, 2, 2]
(1, (0, 0, 1), (3, 0)): [79, 95, 28, 18, 8, 3, 2, 1, 1]
(1, (0, 0, 1), (3, 1)): [91, 123, 17, 14, 7, 3, 3, 2]
(1, (0, 0, 1), (3, 2)): [110, 121, 24, 13, 5, 2, 3]
(1, (0, 1, 0), (0, 0)): [109006, 50228, 17812, 7503, 3042, 1223, 411, 194, 55, 30, 18, 7, 6, 1, 1]
(1, (0, 1, 0), (0, 1)): [1870, 727, 269, 111, 35, 15, 7, 3, 1]
(1, (0, 1, 0), (0, 2)): [737, 249, 83, 23, 10, 6, 3]
(1, (0, 1, 0), (1, 0)): [2207, 987, 360, 205, 99, 27, 11, 4, 0, 0, 1, 0, 0, 1]
(1, (0, 1, 0), (1, 1)): [1641, 626, 246, 118, 45, 16, 7, 4, 1, 0, 0, 0, 0, 1]
(1, (0, 1, 0), (1, 2)): [1086, 365, 139, 45, 17, 8, 5, 2]
(1, (0, 1, 0), (2, 0)): [952, 422, 161, 107, 49, 15, 7, 3, 0, 0, 1]
(1, (0, 1, 0), (2, 1)): [874, 365, 135, 82, 37, 11, 6, 3, 0, 0, 1, 0, 0, 1]
(1, (0, 1, 0), (2, 2)): [849, 320, 123, 44, 26, 6, 3, 1]
(1, (0, 1, 0), (3, 0)): [504, 203, 67, 74, 35, 8, 4, 2]
(1, (0, 1, 0), (3, 1)): [429, 170, 65, 51, 25, 7, 3, 1, 0, 0, 0, 0, 0, 1]
(1, (0, 1, 0), (3, 2)): [486, 175, 81, 45, 25, 2, 4, 1, 0, 0, 0, 0, 0, 1]
(1, (0, 1, 1), (0, 0)): [18343, 14898, 14202, 5599, 2809, 1111, 444, 172, 84, 23, 9, 6, 1, 2, 0, 1]
(1, (0, 1, 1), (0, 1)): [269, 179, 163, 53, 30, 14, 6, 3]
(1, (0, 1, 1), (0, 2)): [136, 58, 55, 17, 9, 3, 2]
(1, (0, 1, 1), (1, 0)): [466, 340, 269, 133, 89, 34, 13, 8, 3, 1]
(1, (0, 1, 1), (1, 1)): [225, 155, 151, 55, 28, 8, 6, 3]
(1, (0, 1, 1), (1, 2)): [177, 83, 82, 38, 11, 5, 3]
(1, (0, 1, 1), (2, 0)): [302, 222, 148, 90, 69, 29, 10, 7, 3, 1]
(1, (0, 1, 1), (2, 1)): [132, 105, 79, 35, 17, 8, 6, 2]
(1, (0, 1, 1), (2, 2)): [132, 81, 74, 33, 17, 3, 1, 2]
(1, (0, 1, 1), (3, 0)): [245, 173, 116, 67, 61, 25, 7, 7, 3, 1]
(1, (0, 1, 1), (3, 1)): [66, 46, 34, 17, 6, 7, 5]
(1, (0, 1, 1), (3, 2)): [80, 56, 40, 15, 10, 3, 1, 1]
(1, (1, 0, 0), (0, 0)): [315046, 56667, 35639, 15291, 6201, 2470, 967, 359, 160, 65, 25, 18, 4, 2, 0, 2]
(1, (1, 0, 0), (0, 1)): [6238, 864, 649, 267, 110, 41, 17, 3, 1, 2]
(1, (1, 0, 0), (0, 2)): [2251, 266, 232, 70, 32, 12, 6, 1, 0, 2]
(1, (1, 0, 0), (1, 0)): [5848, 1045, 745, 348, 147, 49, 23, 9, 1, 2, 0, 0, 1, 0, 0, 1]
(1, (1, 0, 0), (1, 1)): [4965, 749, 551, 228, 96, 35, 13, 6, 1, 0, 0, 0, 0, 0, 0, 1]
(1, (1, 0, 0), (1, 2)): [3103, 390, 322, 102, 49, 18, 5, 4, 0, 1]
(1, (1, 0, 0), (2, 0)): [1903, 373, 282, 161, 60, 24, 10, 0, 1, 2, 0, 0, 1]
(1, (1, 0, 0), (2, 1)): [2516, 433, 338, 158, 64, 20, 9, 2, 2, 0, 0, 0, 0, 0, 0, 1]
(1, (1, 0, 0), (2, 2)): [2315, 326, 283, 108, 46, 13, 5, 3, 1, 1]
(1, (1, 0, 0), (3, 0)): [583, 127, 90, 72, 26, 10, 4, 0, 0, 2, 0, 0, 1]
(1, (1, 0, 0), (3, 1)): [963, 231, 152, 93, 31, 12, 6, 1, 0, 1, 0, 0, 0, 0, 0, 1]
(1, (1, 0, 0), (3, 2)): [1190, 236, 163, 88, 30, 14, 5, 1, 1, 1, 0, 0, 0, 0, 0, 1]
(1, (1, 0, 1), (0, 0)): [24781, 30001, 9821, 6396, 2758, 1137, 425, 179, 63, 44, 13, 4, 0, 1]
(1, (1, 0, 1), (0, 1)): [504, 453, 131, 104, 52, 18, 10, 4, 3, 2]
(1, (1, 0, 1), (0, 2)): [228, 136, 44, 34, 8, 7, 4, 2, 0, 1]
(1, (1, 0, 1), (1, 0)): [480, 543, 163, 123, 66, 21, 6, 2, 0, 2]
(1, (1, 0, 1), (1, 1)): [382, 370, 106, 90, 49, 6, 7, 2, 2]
(1, (1, 0, 1), (1, 2)): [289, 195, 60, 53, 20, 6, 5, 3, 0, 1]
(1, (1, 0, 1), (2, 0)): [186, 188, 58, 36, 29, 12, 1, 1, 0, 1]
(1, (1, 0, 1), (2, 1)): [181, 197, 56, 48, 29, 7, 5, 1, 2]
(1, (1, 0, 1), (2, 2)): [187, 148, 52, 31, 20, 5, 5, 1, 1]
(1, (1, 0, 1), (3, 0)): [75, 76, 20, 14, 14, 6, 0, 0, 0, 1]
(1, (1, 0, 1), (3, 1)): [77, 91, 19, 24, 20, 6, 0, 1]
(1, (1, 0, 1), (3, 2)): [97, 84, 30, 24, 20, 8, 3, 2, 1]
(1, (1, 1, 0), (0, 0)): [84771, 26436, 18259, 12655, 5409, 2278, 889, 357, 144, 57, 20, 11, 6, 4, 1]
(1, (1, 1, 0), (0, 1)): [1695, 454, 280, 221, 90, 33, 18, 5, 2]
(1, (1, 1, 0), (0, 2)): [684, 175, 95, 76, 27, 8, 4, 0, 1]
(1, (1, 1, 0), (1, 0)): [1554, 514, 368, 281, 125, 44, 18, 8, 1, 2, 0, 0, 2, 1]
(1, (1, 1, 0), (1, 1)): [1300, 366, 254, 189, 81, 30, 18, 7, 0, 2]
(1, (1, 1, 0), (1, 2)): [936, 226, 144, 109, 42, 14, 8, 1]
(1, (1, 1, 0), (2, 0)): [515, 183, 128, 108, 49, 18, 3, 2, 1, 0, 0, 0, 2, 1]
(1, (1, 1, 0), (2, 1)): [637, 225, 151, 112, 44, 19, 9, 3, 0, 1, 0, 0, 1]
(1, (1, 1, 0), (2, 2)): [677, 182, 105, 81, 39, 12, 4, 1]
(1, (1, 1, 0), (3, 2)): [353, 108, 77, 50, 33, 13, 7, 4, 0, 1, 0, 0, 1]
(1, (1, 1, 1), (0, 0)): [17596, 13888, 9002, 6115, 4357, 1868, 759, 294, 119, 43, 16, 13, 6, 2, 1, 1]
(1, (1, 1, 1), (0, 1)): [410, 258, 169, 106, 89, 34, 14, 6, 3]
(1, (1, 1, 1), (0, 2)): [208, 91, 60, 33, 33, 12, 7]
(1, (1, 1, 1), (1, 0)): [358, 260, 176, 113, 101, 40, 17, 6, 2, 2, 0, 1, 1]
(1, (1, 1, 1), (1, 1)): [294, 187, 135, 94, 81, 32, 7, 6, 1]
(1, (1, 1, 1), (1, 2)): [234, 96, 83, 56, 40, 24, 8, 2]
(1, (1, 1, 1), (2, 0)): [106, 103, 73, 45, 33, 18, 10, 3, 1, 1, 0, 1, 1]
(1, (1, 1, 1), (2, 1)): [146, 126, 82, 55, 47, 14, 8, 4, 1, 1, 0, 1]
(1, (1, 1, 1), (2, 2)): [154, 86, 67, 59, 40, 17, 7, 2]
(1, (1, 1, 1), (3, 0)): [21, 37, 20, 19, 9, 11, 4, 0, 1, 0, 0, 0, 1]
(1, (1, 1, 1), (3, 1)): [43, 68, 27, 27, 20, 10, 5, 3, 0, 0, 0, 0, 1]
(1, (1, 1, 1), (3, 2)): [78, 57, 34, 38, 27, 14, 3, 2]
(2, (0, 0, 0), (0, 0)): [694295, 30858, 10389, 3315, 1125, 369, 133, 41, 9, 3, 4, 0, 1]
(2, (0, 0, 0), (0, 1)): [14433, 599, 212, 53, 31, 7, 5, 1]
(2, (0, 0, 0), (0, 2)): [5162, 156, 47, 15, 8, 1, 1, 1]
(2, (0, 0, 0), (1, 0)): [14306, 824, 271, 83, 35, 10, 3, 0, 0, 0, 0, 0, 1]
(2, (0, 0, 0), (1, 1)): [12704, 625, 220, 48, 30, 6, 6]
(2, (0, 0, 0), (1, 2)): [7911, 274, 97, 23, 14, 3, 3]
(2, (0, 0, 0), (2, 0)): [5148, 304, 123, 50, 17, 6, 1, 0, 0, 0, 0, 0, 1]
(2, (0, 0, 0), (2, 1)): [7304, 379, 137, 48, 10, 5, 3]
(2, (0, 0, 0), (2, 2)): [6625, 283, 106, 31, 13, 5, 1]
(2, (0, 0, 0), (3, 0)): [1749, 122, 71, 25, 13, 3, 1, 0, 0, 0, 0, 0, 1]
(2, (0, 0, 0), (3, 1)): [3297, 191, 91, 33, 12, 5, 2]
(2, (0, 0, 0), (3, 2)): [4170, 220, 103, 28, 9, 5]
(2, (0, 0, 1), (0, 0)): [66502, 21545, 4036, 1386, 490, 169, 52, 15, 3, 2, 0, 1]
(2, (0, 0, 1), (0, 1)): [1153, 326, 71, 22, 10, 3, 1]
(2, (0, 0, 1), (0, 2)): [445, 87, 25, 4, 1, 1]
(2, (0, 0, 1), (1, 0)): [1330, 399, 83, 35, 11, 4, 0, 2]
(2, (0, 0, 1), (1, 1)): [1073, 265, 58, 19, 9, 1, 1, 1]
(2, (0, 0, 1), (1, 2)): [714, 135, 28, 9, 2, 1, 1]
(2, (0, 0, 1), (2, 0)): [565, 170, 38, 24, 7, 4, 0, 1]
(2, (0, 0, 1), (2, 1)): [623, 148, 43, 16, 9, 1, 0, 2]
(2, (0, 0, 1), (2, 2)): [586, 111, 36, 6, 3, 2, 1]
(2, (0, 0, 1), (3, 0)): [285, 75, 21, 16, 3, 3]
(2, (0, 0, 1), (3, 1)): [310, 80, 19, 14, 6, 0, 0, 1]
(2, (0, 0, 1), (3, 2)): [360, 78, 25, 9, 2, 1]
(2, (0, 1, 0), (0, 0)): [175001, 38723, 10022, 3492, 1119, 375, 120, 32, 7, 4, 4, 0, 1]
(2, (0, 1, 0), (0, 1)): [2971, 539, 143, 52, 17, 1, 1]
(2, (0, 1, 0), (0, 2)): [1113, 152, 35, 11, 6]
(2, (0, 1, 0), (1, 0)): [3875, 667, 280, 117, 28, 16, 5, 1, 0, 0, 0, 0, 1]
(2, (0, 1, 0), (1, 1)): [2756, 475, 169, 56, 15, 4, 3, 1]
(2, (0, 1, 0), (1, 2)): [1712, 239, 67, 32, 6]
(2, (0, 1, 0), (2, 0)): [1810, 296, 139, 81, 20, 11, 3, 0, 0, 0, 0, 0, 1]
(2, (0, 1, 0), (2, 1)): [1655, 302, 104, 44, 11, 8, 3, 1, 0, 0, 0, 0, 1]
(2, (0, 1, 0), (2, 2)): [1513, 221, 66, 36, 8, 4, 0, 1]
(2, (0, 1, 0), (3, 0)): [1018, 138, 80, 53, 14, 4, 2]
(2, (0, 1, 0), (3, 1)): [780, 137, 67, 27, 11, 4, 3, 0, 0, 0, 0, 0, 1]
(2, (0, 1, 0), (3, 2)): [970, 152, 62, 32, 7, 5, 1, 0, 0, 0, 0, 0, 1]
(2, (0, 1, 1), (0, 0)): [41400, 3683, 9451, 2491, 970, 315, 111, 39, 13, 4, 3, 1, 0, 1]
(2, (0, 1, 1), (0, 1)): [641, 56, 116, 26, 7, 3, 1, 3]
(2, (0, 1, 1), (0, 2)): [273, 21, 37, 10, 4, 1, 1]
(2, (0, 1, 1), (1, 0)): [894, 94, 179, 65, 29, 6, 4, 0, 0, 0, 1]
(2, (0, 1, 1), (1, 1)): [580, 48, 108, 30, 6, 3, 1, 2]
(2, (0, 1, 1), (1, 2)): [389, 27, 58, 11, 4, 1, 2, 1]
(2, (0, 1, 1), (2, 0)): [454, 57, 90, 38, 22, 5, 1, 0, 0, 0, 1]
(2, (0, 1, 1), (2, 1)): [314, 30, 75, 19, 6, 4]
(2, (0, 1, 1), (2, 2)): [323, 28, 60, 15, 3, 4, 1, 1]
(2, (0, 1, 1), (3, 0)): [321, 42, 51, 24, 19, 4, 1, 0, 0, 0, 1]
(2, (0, 1, 1), (3, 2)): [220, 23, 45, 12, 4, 4, 0, 1]
(2, (1, 0, 0), (0, 0)): [384466, 28192, 17472, 5580, 1797, 582, 232, 64, 16, 8, 5, 0, 1]
(2, (1, 0, 0), (0, 1)): [7122, 378, 305, 83, 34, 8, 6, 1]
(2, (1, 0, 0), (0, 2)): [2558, 109, 79, 15, 12, 2, 1]
(2, (1, 0, 0), (1, 0)): [7286, 585, 429, 162, 44, 14, 6, 1, 0, 0, 0, 0, 1]
(2, (1, 0, 0), (1, 1)): [5860, 359, 299, 94, 26, 3, 4]
(2, (1, 0, 0), (1, 2)): [3640, 179, 125, 47, 13, 2]
(2, (1, 0, 0), (2, 0)): [2459, 232, 147, 80, 19, 6, 3, 0, 0, 0, 0, 0, 1]
(2, (1, 0, 0), (2, 1)): [2979, 191, 170, 56, 22, 6, 2, 0, 0, 0, 0, 0, 1]
(2, (1, 0, 0), (2, 2)): [2749, 165, 126, 39, 16, 5, 1]
(2, (1, 0, 0), (3, 0)): [800, 109, 42, 46, 6, 2, 2]
(2, (1, 0, 0), (3, 1)): [1267, 130, 78, 43, 9, 3, 2, 0, 0, 0, 0, 0, 1]
(2, (1, 0, 0), (3, 2)): [1515, 133, 84, 36, 10, 7, 1, 0, 0, 0, 0, 0, 1]
(2, (1, 0, 1), (0, 0)): [63209, 16061, 6491, 3688, 1194, 401, 147, 46, 19, 6, 0, 2, 1]
(2, (1, 0, 1), (0, 1)): [1236, 266, 103, 73, 24, 2, 2, 2, 0, 0, 0, 1]
(2, (1, 0, 1), (0, 2)): [488, 80, 30, 17, 10, 0, 0, 1]
(2, (1, 0, 1), (1, 0)): [1143, 252, 124, 95, 36, 15, 4]
(2, (1, 0, 1), (1, 1)): [927, 199, 80, 68, 19, 8, 5, 1, 0, 0, 0, 1]
(2, (1, 0, 1), (1, 2)): [629, 99, 36, 26, 11, 4, 1, 2, 0, 0, 0, 1]
(2, (1, 0, 1), (2, 0)): [417, 88, 62, 31, 15, 5, 1]
(2, (1, 0, 1), (2, 1)): [514, 117, 41, 37, 16, 5, 1]
(2, (1, 0, 1), (3, 0)): [153, 27, 30, 13, 8, 2, 1]
(2, (1, 0, 1), (3, 1)): [239, 47, 27, 20, 7, 2, 2]
(2, (1, 1, 0), (0, 0)): [145857, 22636, 11660, 7535, 2375, 818, 252, 84, 33, 14, 6, 1, 2, 1]
(2, (1, 1, 0), (0, 1)): [2917, 397, 187, 126, 38, 7, 4, 2, 0, 0, 0, 0, 1]
(2, (1, 1, 0), (0, 2)): [1156, 120, 55, 26, 9, 1, 1]
(2, (1, 1, 0), (1, 0)): [2785, 423, 234, 192, 61, 19, 6, 2, 1, 1]
(2, (1, 1, 0), (1, 1)): [2336, 314, 154, 126, 31, 7, 2, 2, 1, 1, 0, 0, 1]
(2, (1, 1, 0), (1, 2)): [1605, 178, 84, 50, 13, 3, 2, 1]
(2, (1, 1, 0), (2, 0)): [984, 167, 104, 82, 33, 12, 3, 1]
(2, (1, 1, 0), (2, 1)): [1256, 156, 103, 81, 25, 11, 2, 1, 1, 1, 0, 0, 1]
(2, (1, 1, 0), (2, 2)): [1196, 146, 74, 64, 15, 4, 3, 1, 1]
(2, (1, 1, 0), (3, 0)): [356, 66, 45, 33, 15, 5, 1]
(2, (1, 1, 0), (3, 1)): [543, 87, 61, 46, 14, 8, 2, 1, 0, 0, 0, 0, 1]
(2, (1, 1, 0), (3, 2)): [672, 89, 58, 46, 16, 3, 2, 1, 1]
(2, (1, 1, 1), (0, 0)): [42680, 6350, 7176, 3647, 2562, 835, 274, 98, 38, 7, 5, 0, 1, 1]
(2, (1, 1, 1), (0, 1)): [988, 100, 137, 66, 50, 8, 5, 2, 1, 0, 0, 0, 1]
(2, (1, 1, 1), (0, 2)): [455, 28, 32, 18, 15, 2, 1, 0, 1]
(2, (1, 1, 1), (1, 0)): [768, 218, 139, 93, 57, 25, 7, 1, 1, 0, 1]
(2, (1, 1, 1), (1, 1)): [729, 109, 121, 64, 42, 6, 3, 0, 0, 0, 1, 0, 1]
(2, (1, 1, 1), (1, 2)): [549, 49, 50, 28, 17, 4, 2, 0, 0, 0, 1]
(2, (1, 1, 1), (2, 0)): [211, 146, 38, 40, 29, 16, 4, 1]
(2, (1, 1, 1), (2, 1)): [316, 101, 67, 36, 33, 9, 4, 0, 0, 0, 0, 0, 1]
(2, (1, 1, 1), (2, 2)): [360, 64, 48, 33, 20, 5, 2, 0, 0, 0, 1]
(2, (1, 1, 1), (3, 0)): [47, 98, 14, 22, 10, 8, 1]
(2, (1, 1, 1), (3, 1)): [103, 102, 24, 24, 22, 7, 4]
(2, (1, 1, 1), (3, 2)): [172, 87, 30, 35, 19, 8, 4, 0, 0, 0, 1]
