(0, (0, 0, 0), (0, 0)): [28186, 5564, 2530, 1178, 523, 208, 98, 47, 15, 7, 8]
(0, (0, 0, 0), (0, 1)): [205, 32, 9, 7, 2, 0, 1, 1]
(0, (0, 0, 0), (0, 2)): [85, 17, 2, 3, 0, 0, 1, 1]
(0, (0, 0, 0), (1, 0)): [151, 25, 11, 1, 0, 2, 2]
(0, (0, 0, 0), (1, 1)): [140, 16, 12, 5, 1]
(0, (0, 0, 0), (1, 2)): [107, 12, 5, 3, 0, 0, 0, 1]
(0, (0, 0, 0), (2, 0)): [47, 11, 3, 0, 0, 2, 1]
(0, (0, 0, 0), (2, 1)): [71, 13, 4, 2, 0, 1]
(0, (0, 0, 0), (2, 2)): [77, 13, 1, 1, 0, 1]
(0, (0, 0, 0), (3, 0)): [12, 5, 2, 0, 0, 1, 1]
(0, (0, 0, 0), (3, 1)): [17, 6, 3, 0, 0, 0, 1]
(0, (0, 0, 0), (3, 2)): [34, 9, 3, 0, 0, 1, 1]
(0, (0, 0, 1), (0, 0)): [191, 582, 154, 73, 33, 13, 10, 3, 1, 1, 1]
(0, (0, 0, 1), (0, 1)): [1, 0, 0, 1]
(0, (0, 0, 1), (1, 0)): [0, 2]
(0, (0, 0, 1), (1, 1)): [0, 1]
(0, (0, 1, 0), (0, 0)): [1027, 1005, 366, 173, 86, 34, 13, 5, 2, 1, 1]
(0, (0, 1, 0), (1, 0)): [8, 4, 1, 1]
(0, (0, 1, 0), (1, 1)): [7, 4, 1]
(0, (0, 1, 0), (2, 0)): [1, 3, 0, 1]
(0, (0, 1, 0), (2, 1)): [2, 1, 0, 1]
(0, (0, 1, 0), (2, 2)): [4, 1, 0, 1]
(0, (0, 1, 1), (0, 0)): [88, 146, 216, 104, 46, 20, 10, 5, 4, 3, 1]
(0, (0, 1, 1), (0, 1)): [1]
(0, (0, 1, 1), (0, 2)): [1]
(0, (0, 1, 1), (1, 0)): [1, 1, 0, 0, 0, 0, 1]
(0, (1, 0, 0), (0, 0)): [6483, 2359, 1405, 702, 328, 145, 62, 30, 11, 5, 5]
(0, (1, 0, 0), (0, 1)): [37, 6, 1, 2, 0, 1, 1]
(0, (1, 0, 0), (0, 2)): [14, 3, 0, 1, 0, 1, 1]
(0, (1, 0, 0), (1, 0)): [21, 11, 5, 1, 0, 1]
(0, (1, 0, 0), (1, 1)): [19, 6, 3, 0, 0, 1]
(0, (1, 0, 0), (1, 2)): [11, 2, 1, 0, 0, 2]
(0, (1, 0, 1), (0, 0)): [153, 377, 223, 140, 76, 39, 19, 11, 5, 2, 2]
(0, (1, 0, 1), (0, 1)): [2, 0, 0, 1, 0, 0, 1]
(0, (1, 0, 1), (0, 2)): [1, 0, 0, 0, 0, 0, 1]
(0, (1, 0, 1), (1, 0)): [1, 5, 1, 0, 1]
(0, (1, 1, 0), (0, 0)): [835, 573, 511, 313, 173, 86, 37, 16, 2, 5, 2]
(0, (1, 1, 0), (0, 1)): [5, 1, 1, 1]
(0, (1, 1, 0), (0, 2)): [3, 1]
(0, (1, 1, 0), (1, 0)): [1, 1, 0, 1, 0, 1, 1]
(0, (1, 1, 0), (1, 1)): [1, 1, 1, 1]
(0, (1, 1, 0), (1, 2)): [3, 1, 1, 1]
(0, (1, 1, 0), (2, 2)): [1, 1]
(0, (1, 1, 0), (3, 2)): [1]
(0, (1, 1, 1), (0, 0)): [104, 173, 142, 130, 104, 56, 26, 11, 4, 6, 1]
(0, (1, 1, 1), (0, 1)): [0, 0, 0, 2, 1]
(0, (1, 1, 1), (0, 2)): [0, 0, 0, 2]
(1, (0, 0, 0), (0, 0)): [22216, 2290, 884, 346, 133, 48, 20, 15, 2, 1, 1]
(1, (0, 0, 0), (0, 1)): [173, 15, 6, 3, 1]
(1, (0, 0, 0), (0, 2)): [74, 6, 2, 2]
(1, (0, 0, 0), (1, 0)): [102, 12, 5, 2, 0, 1, 0, 1]
(1, (0, 0, 0), (1, 1)): [113, 9, 4, 1, 0, 1]
(1, (0, 0, 0), (1, 2)): [76, 9, 2, 2, 0, 1]
(1, (0, 0, 0), (2, 0)): [30, 5, 2, 2]
(1, (0, 0, 0), (2, 1)): [42, 3, 4, 2]
(1, (0, 0, 0), (2, 2)): [52, 3, 2, 2, 0, 1]
(1, (0, 0, 0), (3, 0)): [11, 1]
(1, (0, 0, 0), (3, 1)): [9, 2, 1]
(1, (0, 0, 0), (3, 2)): [26, 2, 3, 1, 0, 1]
(1, (0, 0, 1), (0, 0)): [957, 1442, 289, 120, 54, 25, 9, 5, 2, 1]
(1, (0, 0, 1), (0, 1)): [6, 9]
(1, (0, 0, 1), (0, 2)): [3, 3]
(1, (0, 0, 1), (1, 0)): [6, 9, 1, 1, 1]
(1, (0, 0, 1), (1, 1)): [6, 7, 0, 1, 1]
(1, (0, 0, 1), (1, 2)): [3, 4, 0, 1]
(1, (0, 0, 1), (2, 2)): [3, 6]
(1, (0, 0, 1), (3, 2)): [1, 3]
(1, (0, 1, 0), (0, 0)): [3717, 1776, 557, 275, 103, 43, 10, 8, 3]
(1, (0, 1, 0), (0, 1)): [22, 11, 3, 1, 0, 1]
(1, (0, 1, 0), (0, 2)): [9, 2, 0, 0, 0, 1]
(1, (0, 1, 0), (1, 0)): [21, 13, 1, 2, 1, 1]
(1, (0, 1, 0), (1, 1)): [22, 11, 0, 2, 1, 1]
(1, (0, 1, 0), (1, 2)): [17, 5, 0, 0, 1]
(1, (0, 1, 0), (2, 1)): [5, 5, 0, 2, 0, 1]
(1, (0, 1, 0), (2, 2)): [9, 6, 0, 2, 1, 1]
(1, (0, 1, 0), (3, 2)): [3, 0, 0, 0, 0, 1]
(1, (0, 1, 1), (0, 0)): [592, 520, 569, 219, 90, 38, 20, 6, 4, 1, 1]
(1, (0, 1, 1), (0, 1)): [4, 0, 5, 0, 0, 0, 0, 1]
(1, (0, 1, 1), (1, 0)): [2, 1, 2, 2]
(1, (0, 1, 1), (1, 1)): [3, 0, 5, 1]
(1, (0, 1, 1), (1, 2)): [2, 0, 3, 1]
(1, (0, 1, 1), (2, 2)): [1, 0, 1, 1]
(1, (1, 0, 0), (0, 0)): [8999, 1868, 964, 394, 157, 54, 23, 17, 4, 1, 2]
(1, (1, 0, 0), (0, 1)): [61, 5, 2, 4, 1, 1, 1]
(1, (1, 0, 0), (0, 2)): [25, 3, 0, 2]
(1, (1, 0, 0), (1, 0)): [37, 14, 7, 2, 0, 2]
(1, (1, 0, 0), (1, 1)): [32, 4, 2, 2, 0, 1]
(1, (1, 0, 0), (1, 2)): [28, 3, 1, 1]
(1, (1, 0, 0), (2, 0)): [11, 5, 2]
(1, (1, 0, 0), (2, 1)): [10, 4, 1, 1, 0, 1]
(1, (1, 0, 0), (2, 2)): [13, 3, 2, 2, 0, 1]
(1, (1, 0, 0), (3, 0)): [2, 3]
(1, (1, 0, 0), (3, 2)): [4, 5, 0, 0, 0, 1]
(1, (1, 0, 1), (0, 0)): [681, 818, 298, 195, 90, 31, 8, 6, 1, 1, 1]
(1, (1, 0, 1), (0, 1)): [5, 2, 0, 2, 1]
(1, (1, 0, 1), (0, 2)): [3, 0, 0, 1]
(1, (1, 0, 1), (1, 0)): [5, 3, 0, 0, 1, 1]
(1, (1, 0, 1), (1, 1)): [1, 3, 0, 1, 1]
(1, (1, 0, 1), (1, 2)): [2, 1, 0, 0, 1]
(1, (1, 0, 1), (2, 0)): [3, 1, 0, 0, 1]
(1, (1, 0, 1), (2, 1)): [1, 0, 0, 1]
(1, (1, 0, 1), (2, 2)): [0, 1]
(1, (1, 1, 0), (0, 0)): [2171, 698, 529, 307, 131, 41, 15, 10, 3, 1]
(1, (1, 1, 0), (0, 1)): [13, 2, 4, 3]
(1, (1, 1, 0), (0, 2)): [4, 2, 0, 2]
(1, (1, 1, 0), (1, 0)): [10, 5, 0, 1]
(1, (1, 1, 0), (1, 1)): [15, 3, 2, 1]
(1, (1, 1, 0), (1, 2)): [11, 0, 1, 1]
(1, (1, 1, 0), (2, 0)): [1, 1]
(1, (1, 1, 0), (2, 1)): [4, 3, 1, 1]
(1, (1, 1, 0), (2, 2)): [6, 1, 1, 1]
(1, (1, 1, 0), (3, 1)): [1, 1]
(1, (1, 1, 0), (3, 2)): [1, 2, 1, 1]
(1, (1, 1, 1), (0, 0)): [447, 361, 233, 185, 125, 52, 22, 9, 3, 1]
(1, (1, 1, 1), (1, 0)): [3, 4, 2, 1, 1]
(1, (1, 1, 1), (1, 1)): [4, 4, 1, 1]
(1, (1, 1, 1), (1, 2)): [2, 1, 0, 1, 0, 1]
(1, (1, 1, 1), (2, 0)): [0, 0, 1, 0, 1]
(1, (1, 1, 1), (2, 1)): [0, 2]
(1, (1, 1, 1), (3, 0)): [0, 0, 0, 0, 1]
(1, (1, 1, 1), (3, 1)): [0, 1]
(2, (0, 0, 0), (0, 0)): [19506, 762, 227, 77, 35, 5, 3, 1]
(2, (0, 0, 0), (0, 1)): [128, 4, 1]
(2, (0, 0, 0), (0, 2)): [58, 1]
(2, (0, 0, 0), (1, 0)): [117, 4, 4, 0, 1]
(2, (0, 0, 0), (1, 1)): [101, 5, 1]
(2, (0, 0, 0), (1, 2)): [68, 1, 1]
(2, (0, 0, 0), (2, 0)): [44, 0, 3]
(2, (0, 0, 0), (2, 1)): [58, 5]
(2, (0, 0, 0), (2, 2)): [56, 3, 1]
(2, (0, 0, 0), (3, 0)): [12, 0, 3]
(2, (0, 0, 0), (3, 1)): [25, 1, 1]
(2, (0, 0, 0), (3, 2)): [37, 1]
(2, (0, 0, 1), (0, 0)): [2684, 1002, 159, 56, 16, 5, 3, 2]
(2, (0, 0, 1), (0, 1)): [12, 5, 1]
(2, (0, 0, 1), (1, 0)): [13, 5]
(2, (0, 0, 1), (1, 1)): [10]
(2, (0, 0, 1), (1, 2)): [8, 4, 1]
(2, (0, 0, 1), (2, 1)): [5]
(2, (0, 0, 1), (2, 2)): [3, 1, 1]
(2, (0, 0, 1), (3, 1)): [6]
(2, (0, 1, 0), (0, 0)): [6367, 1499, 354, 112, 30, 12, 8, 4]
(2, (0, 1, 0), (0, 1)): [34, 3, 2, 1, 1]
(2, (0, 1, 0), (0, 2)): [16, 1]
(2, (0, 1, 0), (1, 0)): [37, 10, 4, 0, 0, 1]
(2, (0, 1, 0), (1, 1)): [29, 6, 2, 0, 1]
(2, (0, 1, 0), (1, 2)): [16, 2, 0, 0, 1]
(2, (0, 1, 0), (2, 0)): [16, 5, 2, 0, 0, 1]
(2, (0, 1, 0), (2, 1)): [16, 5, 1, 0, 0, 1]
(2, (0, 1, 0), (3, 1)): [12, 5, 0, 0, 0, 1]
(2, (0, 1, 0), (3, 2)): [5, 3, 0, 0, 0, 1]
(2, (0, 1, 1), (0, 0)): [1586, 166, 393, 90, 34, 11, 1, 1]
(2, (0, 1, 1), (0, 1)): [9, 1, 2]
(2, (0, 1, 1), (0, 2)): [2]
(2, (0, 1, 1), (1, 0)): [11, 0, 7, 1]
(2, (0, 1, 1), (1, 1)): [8, 1, 4, 1]
(2, (0, 1, 1), (1, 2)): [3, 0, 1, 1]
(2, (0, 1, 1), (2, 0)): [4, 0, 3]
(2, (0, 1, 1), (3, 0)): [3, 0, 3]
(2, (0, 1, 1), (3, 1)): [2, 0, 2]
(2, (0, 1, 1), (3, 2)): [3, 0, 1]
(2, (1, 0, 0), (0, 0)): [11128, 900, 408, 136, 44, 17, 4, 2]
(2, (1, 0, 0), (0, 1)): [62, 0, 3]
(2, (1, 0, 0), (0, 2)): [15]
(2, (1, 0, 0), (1, 0)): [55, 2, 4, 1, 1]
(2, (1, 0, 0), (1, 1)): [39, 1, 2, 0, 1]
(2, (1, 0, 0), (1, 2)): [19]
(2, (1, 0, 0), (2, 0)): [21, 1, 2, 1]
(2, (1, 0, 0), (2, 1)): [10, 1, 0, 0, 1]
(2, (1, 0, 0), (3, 1)): [7, 1]
(2, (1, 0, 1), (0, 0)): [1700, 488, 215, 85, 38, 8, 1, 2]
(2, (1, 0, 1), (1, 0)): [11, 1, 4]
(2, (1, 0, 1), (2, 0)): [3, 0, 3]
(2, (1, 1, 0), (0, 0)): [3337, 474, 280, 171, 39, 17, 5, 1, 1, 1]
(2, (1, 1, 0), (0, 1)): [17, 2, 2]
(2, (1, 1, 0), (0, 2)): [9, 1]
(2, (1, 1, 0), (1, 0)): [13, 1, 1, 1]
(2, (1, 1, 0), (1, 1)): [6, 0, 1]
(2, (1, 1, 0), (2, 1)): [3]
(2, (1, 1, 1), (0, 0)): [1013, 152, 171, 95, 64, 21, 7, 2, 1, 1]
(2, (1, 1, 1), (0, 1)): [9, 0, 1, 0, 1]
(2, (1, 1, 1), (0, 2)): [7]
