(0, (0, 0, 0)): [15450, 3161, 1534, 660, 293, 138, 62, 39, 8, 1, 1, 2]
(0, (0, 0, 1)): [68, 162, 46, 27, 7, 4, 1, 4, 1, 1]
(0, (0, 1, 0)): [491, 472, 191, 90, 36, 17, 12, 4, 0, 0, 0, 1]
(0, (0, 1, 1)): [51, 77, 92, 37, 26, 6, 6, 4, 1]
(0, (1, 0, 0)): [3495, 1170, 745, 341, 181, 89, 41, 24, 6, 0, 1]
(0, (1, 0, 1)): [73, 249, 82, 64, 26, 20, 7, 5, 1, 1, 1, 1]
(0, (1, 1, 0)): [519, 346, 244, 165, 115, 52, 23, 16, 4]
(0, (1, 1, 1)): [67, 112, 86, 54, 54, 29, 18, 9, 2, 1]
(1, (0, 0, 0)): [12433, 1369, 603, 220, 83, 37, 14, 6, 0, 1, 0, 1]
(1, (0, 0, 1)): [291, 437, 97, 34, 11, 6, 4, 0, 1]
(1, (0, 1, 0)): [1539, 713, 257, 126, 40, 14, 8, 2]
(1, (0, 1, 1)): [223, 206, 201, 72, 45, 18, 8, 3, 1]
(1, (1, 0, 0)): [4956, 847, 592, 224, 87, 46, 19, 8, 0, 1, 0, 1]
(1, (1, 0, 1)): [364, 435, 149, 94, 56, 19, 7, 2, 0, 0, 1]
(1, (1, 1, 0)): [1435, 437, 313, 231, 84, 43, 21, 7, 0, 1, 0, 1]
(1, (1, 1, 1)): [317, 236, 159, 97, 94, 38, 18, 2, 1]
(2, (0, 0, 0)): [10894, 494, 163, 60, 18, 8, 1]
(2, (0, 0, 1)): [780, 250, 52, 19, 5, 2]
(2, (0, 1, 0)): [2509, 517, 142, 55, 17, 3, 2]
(2, (0, 1, 1)): [562, 47, 110, 38, 16, 4, 0, 0, 0, 1]
(2, (1, 0, 0)): [5940, 444, 279, 86, 26, 12, 3, 0, 0, 1]
(2, (1, 0, 1)): [867, 221, 78, 60, 11, 8, 3]
(2, (1, 1, 0)): [2552, 420, 196, 132, 37, 10, 2, 1]
(2, (1, 1, 1)): [745, 111, 115, 57, 40, 19, 3, 1, 1, 1]
