(0, (0, 0, 0)): [2378638, 486223, 223190, 102178, 45836, 19555, 8150, 3272, 1343, 576, 259, 119, 43, 23, 6, 1, 1, 1]
(0, (0, 0, 1)): [8670, 26963, 7407, 3612, 1723, 746, 330, 135, 55, 33, 20, 4, 4, 3]
(0, (0, 1, 0)): [88376, 82784, 32553, 16155, 7661, 3310, 1429, 583, 246, 123, 46, 18, 8, 6, 3, 0, 1]
(0, (0, 1, 1)): [6990, 12290, 14596, 6791, 3567, 1723, 739, 321, 159, 72, 21, 15, 3, 4, 2, 0, 1, 1]
(0, (1, 0, 0)): [497005, 164201, 106900, 53255, 25503, 11362, 4764, 2020, 858, 369, 178, 70, 27, 17, 4, 1, 1, 1]
(0, (1, 0, 1)): [11608, 35362, 14404, 10301, 5401, 2522, 1179, 485, 237, 97, 52, 20, 10, 3, 2, 0, 0, 1]
(0, (1, 1, 0)): [71164, 44715, 33070, 24173, 12826, 6001, 2575, 1182, 496, 225, 107, 42, 14, 6, 1, 0, 1]
(0, (1, 1, 1)): [6845, 13402, 10745, 7813, 6397, 3204, 1485, 705, 338, 140, 68, 26, 7, 4, 1, 0, 1]
(1, (0, 0, 0)): [1944266, 217266, 88595, 35175, 13797, 5259, 2035, 724, 257, 105, 37, 23, 8, 3, 0, 1]
(1, (0, 0, 1)): [52660, 75703, 15078, 6640, 2705, 1102, 430, 155, 74, 26, 15, 8, 4, 2]
(1, (0, 1, 0)): [263079, 113819, 42099, 18280, 7395, 2959, 1040, 448, 140, 64, 32, 10, 10, 2, 1]
(1, (0, 1, 1)): [40814, 34505, 29844, 12152, 6227, 2475, 993, 392, 166, 58, 18, 10, 3, 2, 0, 1]
(1, (1, 0, 0)): [722521, 127083, 83867, 35773, 14628, 5802, 2281, 828, 319, 139, 50, 32, 7, 3, 0, 2]
(1, (1, 0, 1)): [58841, 66616, 21430, 14656, 6350, 2614, 1018, 398, 143, 77, 23, 9, 2, 1]
(1, (1, 1, 0)): [203206, 61036, 40666, 29846, 12538, 5191, 2028, 809, 307, 128, 47, 25, 10, 5, 1]
(1, (1, 1, 1)): [41548, 33262, 20756, 13554, 10385, 4416, 1806, 685, 273, 99, 31, 22, 9, 4, 1, 1]
(2, (0, 0, 0)): [1698384, 80398, 26624, 8509, 2837, 890, 307, 103, 20, 8, 5, 0, 1]
(2, (0, 0, 1)): [160353, 46894, 9853, 3408, 1191, 413, 116, 40, 9, 6, 0, 2]
(2, (0, 1, 0)): [421962, 86891, 24381, 8679, 2913, 938, 297, 86, 21, 13, 7, 0, 1]
(2, (0, 1, 1)): [98070, 8200, 20366, 5905, 2323, 776, 251, 79, 24, 7, 5, 1, 0, 1]
(2, (1, 0, 0)): [874422, 63321, 42557, 13582, 4462, 1417, 540, 157, 38, 15, 7, 1, 1]
(2, (1, 0, 1)): [154559, 35945, 14242, 9055, 2997, 974, 329, 96, 32, 11, 2, 4, 2]
(2, (1, 1, 0)): [343935, 51370, 26017, 18414, 5935, 1903, 643, 214, 68, 29, 10, 3, 2, 1]
(2, (1, 1, 1)): [102078, 14832, 16891, 8461, 6407, 1996, 670, 223, 76, 19, 10, 4, 1, 1]
