(0, (0, 0, 0), (0, 0)): [28359, 6135, 2874, 1190, 531, 217, 75, 38, 14, 7, 3, 2, 1, 1]
(0, (0, 0, 0), (0, 1)): [83, 18, 11, 4, 2]
(0, (0, 0, 0), (0, 2)): [42, 3, 5, 3]
(0, (0, 0, 0), (1, 0)): [291, 61, 29, 11, 8, 5, 0, 1, 2]
(0, (0, 0, 0), (1, 1)): [120, 25, 13, 4, 3, 2]
(0, (0, 0, 0), (1, 2)): [91, 18, 10, 2, 1, 2]
(0, (0, 0, 0), (2, 0)): [183, 40, 19, 4, 7, 2, 0, 0, 2]
(0, (0, 0, 0), (2, 1)): [126, 27, 13, 1, 3, 2, 0, 0, 2]
(0, (0, 0, 0), (2, 2)): [119, 26, 8, 3, 3, 2, 0, 0, 2]
(0, (0, 0, 0), (3, 0)): [83, 20, 9, 4, 5]
(0, (0, 0, 0), (3, 1)): [88, 24, 10, 4, 5]
(0, (0, 0, 0), (3, 2)): [93, 24, 6, 5, 6]
(0, (0, 0, 1), (0, 0)): [149, 359, 94, 45, 22, 13, 3, 4, 0, 1, 1, 0, 0, 1]
(0, (0, 0, 1), (1, 0)): [1, 4, 3, 1]
(0, (0, 0, 1), (1, 1)): [0, 2, 1]
(0, (0, 0, 1), (1, 2)): [0, 0, 1]
(0, (0, 0, 1), (2, 0)): [1, 1, 2, 1]
(0, (0, 0, 1), (2, 1)): [0, 2, 1]
(0, (0, 0, 1), (2, 2)): [0, 1, 2]
(0, (0, 0, 1), (3, 0)): [1, 1, 1, 1]
(0, (0, 0, 1), (3, 1)): [1, 2, 1, 1]
(0, (0, 0, 1), (3, 2)): [1, 1, 2, 1]
(0, (0, 1, 0), (0, 0)): [1137, 1110, 457, 215, 90, 29, 20, 7, 2, 1, 1]
(0, (0, 1, 0), (0, 1)): [5, 3, 0, 1]
(0, (0, 1, 0), (0, 2)): [2]
(0, (0, 1, 0), (1, 0)): [14, 12, 3, 1]
(0, (0, 1, 0), (1, 1)): [7, 8, 0, 2]
(0, (0, 1, 0), (1, 2)): [7, 4]
(0, (0, 1, 0), (2, 0)): [9, 7, 3]
(0, (0, 1, 0), (2, 1)): [4, 8, 1]
(0, (0, 1, 0), (2, 2)): [4, 5, 1]
(0, (0, 1, 0), (3, 0)): [6, 2, 1]
(0, (0, 1, 0), (3, 1)): [6, 2, 1]
(0, (0, 1, 0), (3, 2)): [5, 2, 1]
(0, (0, 1, 1), (0, 0)): [100, 150, 167, 79, 37, 22, 6, 4, 2, 2]
(0, (0, 1, 1), (0, 1)): [0, 0, 0, 0, 0, 1]
(0, (0, 1, 1), (0, 2)): [0, 0, 0, 0, 0, 1]
(0, (0, 1, 1), (1, 0)): [0, 2, 3, 1]
(0, (0, 1, 1), (1, 1)): [0, 0, 0, 1]
(0, (0, 1, 1), (1, 2)): [0, 0, 0, 1]
(0, (0, 1, 1), (2, 0)): [0, 2, 2]
(0, (0, 1, 1), (2, 1)): [0, 1, 1]
(0, (0, 1, 1), (2, 2)): [0, 0, 1]
(0, (0, 1, 1), (3, 0)): [0, 1, 1]
(0, (0, 1, 1), (3, 1)): [0, 2, 1]
(0, (0, 1, 1), (3, 2)): [0, 1, 1]
(0, (1, 0, 0), (0, 0)): [5868, 2053, 1363, 605, 271, 126, 47, 20, 8, 7, 1, 1, 2]
(0, (1, 0, 0), (0, 1)): [21, 8, 7, 1, 0, 0, 0, 1]
(0, (1, 0, 0), (0, 2)): [11, 2, 1, 1]
(0, (1, 0, 0), (1, 0)): [46, 14, 10, 7, 5, 2, 0, 0, 1]
(0, (1, 0, 0), (1, 1)): [22, 10, 7, 2, 1, 1]
(0, (1, 0, 0), (1, 2)): [19, 8, 2, 2, 1]
(0, (1, 0, 0), (2, 0)): [26, 7, 4, 4, 3, 1, 0, 0, 1]
(0, (1, 0, 0), (2, 1)): [21, 4, 3, 2, 0, 2, 0, 0, 1]
(0, (1, 0, 0), (2, 2)): [22, 3, 2, 2, 0, 2, 0, 0, 1]
(0, (1, 0, 0), (3, 0)): [6, 4, 2, 2, 3]
(0, (1, 0, 0), (3, 1)): [6, 4, 2, 2, 3]
(0, (1, 0, 0), (3, 2)): [9, 4, 2, 2, 3]
(0, (1, 0, 1), (0, 0)): [153, 427, 204, 120, 56, 30, 10, 1, 1, 1]
(0, (1, 0, 1), (0, 1)): [0, 5, 1]
(0, (1, 0, 1), (0, 2)): [0, 1]
(0, (1, 0, 1), (1, 0)): [2, 1, 3, 2]
(0, (1, 0, 1), (1, 1)): [2, 2, 2]
(0, (1, 0, 1), (1, 2)): [2, 1, 1]
(0, (1, 0, 1), (2, 0)): [0, 1, 2, 2]
(0, (1, 0, 1), (2, 1)): [0, 1, 2]
(0, (1, 0, 1), (2, 2)): [1, 1, 1]
(0, (1, 0, 1), (3, 0)): [0, 0, 1, 2]
(0, (1, 0, 1), (3, 1)): [0, 0, 2, 2]
(0, (1, 0, 1), (3, 2)): [0, 0, 1, 2]
(0, (1, 1, 0), (0, 0)): [740, 546, 380, 238, 150, 53, 21, 9, 4, 5, 1, 1, 1]
(0, (1, 1, 0), (0, 1)): [2, 3, 2, 0, 1, 0, 0, 0, 1]
(0, (1, 1, 0), (0, 2)): [0, 1, 1, 0, 0, 0, 0, 0, 1]
(0, (1, 1, 0), (1, 0)): [5, 1, 1, 3, 1, 0, 1]
(0, (1, 1, 0), (1, 1)): [1, 2, 2, 1]
(0, (1, 1, 0), (1, 2)): [1, 1, 1]
(0, (1, 1, 0), (2, 0)): [4, 0, 0, 2, 1, 0, 1]
(0, (1, 1, 0), (2, 1)): [2, 1, 0, 1, 1]
(0, (1, 1, 0), (2, 2)): [3, 1, 0, 1, 1]
(0, (1, 1, 0), (3, 0)): [2, 0, 0, 2, 0, 0, 1]
(0, (1, 1, 0), (3, 1)): [2, 0, 0, 2, 0, 0, 1]
(0, (1, 1, 0), (3, 2)): [2, 0, 0, 2, 0, 0, 1]
(0, (1, 1, 1), (0, 0)): [66, 154, 132, 77, 62, 22, 13, 2, 3, 1, 0, 1, 1]
(0, (1, 1, 1), (1, 0)): [0, 3, 1, 1, 1]
(0, (1, 1, 1), (1, 1)): [0, 2, 1, 1, 1]
(0, (1, 1, 1), (1, 2)): [0, 2, 1, 1, 1]
(0, (1, 1, 1), (2, 0)): [0, 1]
(0, (1, 1, 1), (2, 1)): [0, 1]
(0, (1, 1, 1), (2, 2)): [0, 1]
(1, (0, 0, 0), (0, 0)): [23518, 2806, 1180, 427, 171, 65, 14, 9, 6, 1]
(1, (0, 0, 0), (0, 1)): [94, 5, 8, 1, 1]
(1, (0, 0, 0), (0, 2)): [46, 2, 5, 0, 1]
(1, (0, 0, 0), (1, 0)): [236, 27, 10, 4, 1]
(1, (0, 0, 0), (1, 1)): [112, 11, 6, 2, 1]
(1, (0, 0, 0), (1, 2)): [83, 6, 4, 0, 1]
(1, (0, 0, 0), (2, 0)): [141, 18, 6, 1]
(1, (0, 0, 0), (2, 1)): [85, 13, 4, 2, 1]
(1, (0, 0, 0), (2, 2)): [78, 10, 3, 1, 2]
(1, (0, 0, 0), (3, 0)): [70, 8, 4, 1]
(1, (0, 0, 0), (3, 1)): [70, 9, 4, 2]
(1, (0, 0, 0), (3, 2)): [72, 8, 4, 2, 2]
(1, (0, 0, 1), (0, 0)): [696, 955, 172, 68, 23, 6, 9, 2, 2]
(1, (0, 0, 1), (0, 1)): [1, 5]
(1, (0, 0, 1), (0, 2)): [1, 3]
(1, (0, 0, 1), (1, 0)): [5, 7, 0, 1]
(1, (0, 0, 1), (1, 1)): [2, 2]
(1, (0, 0, 1), (1, 2)): [2, 2]
(1, (0, 0, 1), (2, 0)): [3, 4]
(1, (0, 0, 1), (2, 1)): [2, 1]
(1, (0, 0, 1), (2, 2)): [2, 2]
(1, (0, 0, 1), (3, 0)): [1, 3]
(1, (0, 0, 1), (3, 1)): [1, 3]
(1, (0, 0, 1), (3, 2)): [1, 2]
(1, (0, 1, 0), (0, 0)): [3385, 1494, 567, 254, 91, 34, 10, 10, 2, 0, 0, 0, 1]
(1, (0, 1, 0), (0, 1)): [15, 7, 1, 1, 1]
(1, (0, 1, 0), (0, 2)): [8, 4, 0, 1]
(1, (0, 1, 0), (1, 0)): [44, 18, 8, 1, 1]
(1, (0, 1, 0), (1, 1)): [13, 9, 5, 1, 1]
(1, (0, 1, 0), (1, 2)): [11, 7, 5, 2]
(1, (0, 1, 0), (2, 0)): [31, 12, 4, 0, 1]
(1, (0, 1, 0), (2, 1)): [13, 9, 2, 0, 1]
(1, (0, 1, 0), (2, 2)): [13, 8, 3]
(1, (0, 1, 0), (3, 0)): [21, 3, 1, 0, 1]
(1, (0, 1, 0), (3, 1)): [23, 3, 1, 0, 1]
(1, (0, 1, 0), (3, 2)): [21, 4, 1, 0, 1]
(1, (0, 1, 1), (0, 0)): [509, 426, 345, 122, 79, 24, 7, 6, 2, 2]
(1, (0, 1, 1), (0, 1)): [1, 2, 1, 0, 0, 1]
(1, (0, 1, 1), (0, 2)): [1, 2, 1, 0, 0, 1]
(1, (0, 1, 1), (1, 0)): [4, 3, 4, 1, 2, 0, 0, 1]
(1, (0, 1, 1), (1, 1)): [1, 1, 2, 1, 1]
(1, (0, 1, 1), (1, 2)): [1, 1, 2, 1, 1]
(1, (0, 1, 1), (2, 0)): [3, 2, 2, 0, 1, 0, 0, 1]
(1, (0, 1, 1), (2, 1)): [1, 1, 2]
(1, (0, 1, 1), (2, 2)): [1, 1, 2]
(1, (0, 1, 1), (3, 0)): [2, 1, 0, 0, 1, 0, 0, 1]
(1, (0, 1, 1), (3, 1)): [1]
(1, (0, 1, 1), (3, 2)): [2]
(1, (1, 0, 0), (0, 0)): [8495, 1570, 1042, 393, 163, 67, 21, 9, 9]
(1, (1, 0, 0), (0, 1)): [37, 2, 5, 4]
(1, (1, 0, 0), (0, 2)): [21, 0, 4, 1]
(1, (1, 0, 0), (1, 0)): [72, 16, 13, 2, 1]
(1, (1, 0, 0), (1, 1)): [38, 4, 7, 5, 1]
(1, (1, 0, 0), (1, 2)): [29, 3, 7, 4, 1]
(1, (1, 0, 0), (2, 0)): [38, 11, 7]
(1, (1, 0, 0), (2, 1)): [30, 7, 3]
(1, (1, 0, 0), (2, 2)): [31, 8, 5, 1]
(1, (1, 0, 0), (3, 0)): [16, 4, 3]
(1, (1, 0, 0), (3, 1)): [18, 3, 4]
(1, (1, 0, 0), (3, 2)): [21, 3, 5, 1]
(1, (1, 0, 1), (0, 0)): [701, 816, 251, 173, 66, 27, 11, 5, 3, 0, 0, 1]
(1, (1, 0, 1), (0, 1)): [1, 2, 2, 1]
(1, (1, 0, 1), (0, 2)): [0, 2, 2, 1]
(1, (1, 0, 1), (1, 0)): [11, 4, 3, 2, 1, 1]
(1, (1, 0, 1), (1, 1)): [5, 2, 0, 2]
(1, (1, 0, 1), (1, 2)): [5, 2, 1, 3]
(1, (1, 0, 1), (2, 0)): [6, 1, 3, 0, 1, 1]
(1, (1, 0, 1), (2, 1)): [5, 1, 1, 0, 1, 1]
(1, (1, 0, 1), (2, 2)): [4, 1, 2, 0, 1, 1]
(1, (1, 0, 1), (3, 0)): [1, 0, 2]
(1, (1, 0, 1), (3, 1)): [1, 0, 2]
(1, (1, 0, 1), (3, 2)): [1, 0, 2]
(1, (1, 1, 0), (0, 0)): [2252, 726, 446, 348, 130, 55, 25, 16, 5, 1, 1, 0, 1]
(1, (1, 1, 0), (0, 1)): [6, 5, 1]
(1, (1, 1, 0), (0, 2)): [4, 2]
(1, (1, 1, 0), (1, 0)): [21, 6, 2, 2, 2, 0, 2, 2]
(1, (1, 1, 0), (1, 1)): [9, 5, 2, 1, 0, 0, 0, 1]
(1, (1, 1, 0), (1, 2)): [7, 5, 1, 0, 0, 0, 0, 1]
(1, (1, 1, 0), (2, 0)): [11, 3, 0, 1, 1, 0, 2]
(1, (1, 1, 0), (2, 1)): [7, 2, 1, 1, 1, 0, 1]
(1, (1, 1, 0), (2, 2)): [5, 3, 0, 0, 1, 0, 1]
(1, (1, 1, 0), (3, 0)): [4, 1, 0, 1, 0, 0, 1]
(1, (1, 1, 0), (3, 1)): [4, 1, 0, 1, 0, 0, 1]
(1, (1, 1, 0), (3, 2)): [4, 1, 0, 1, 0, 0, 1]
(1, (1, 1, 1), (0, 0)): [466, 413, 230, 156, 113, 51, 24, 10, 3, 1]
(1, (1, 1, 1), (0, 1)): [2, 0, 0, 0, 0, 0, 0, 1]
(1, (1, 1, 1), (0, 2)): [1, 0, 0, 0, 0, 0, 0, 1]
(1, (1, 1, 1), (1, 0)): [3, 2, 1, 3, 2, 1]
(1, (1, 1, 1), (1, 1)): [1, 1, 0, 0, 1]
(1, (1, 1, 1), (1, 2)): [0, 1, 0, 0, 1, 0, 0, 1]
(1, (1, 1, 1), (2, 0)): [3, 1, 1, 3, 1, 1]
(1, (1, 1, 1), (2, 1)): [0, 1, 1, 1, 0, 1]
(1, (1, 1, 1), (2, 2)): [0, 0, 1, 1, 0, 1]
(1, (1, 1, 1), (3, 0)): [3, 0, 0, 2, 1]
(1, (1, 1, 1), (3, 1)): [3, 1, 0, 2, 1]
(1, (1, 1, 1), (3, 2)): [3, 0, 0, 2, 1]
(2, (0, 0, 0), (0, 0)): [20838, 1023, 367, 105, 36, 11, 2, 1]
(2, (0, 0, 0), (0, 1)): [85, 3, 2, 1]
(2, (0, 0, 0), (0, 2)): [42]
(2, (0, 0, 0), (1, 0)): [242, 18, 6, 1, 1]
(2, (0, 0, 0), (1, 1)): [94, 6, 2, 1]
(2, (0, 0, 0), (1, 2)): [92, 2, 1, 1]
(2, (0, 0, 0), (2, 0)): [158, 11, 4, 0, 1]
(2, (0, 0, 0), (2, 1)): [97, 5, 1]
(2, (0, 0, 0), (2, 2)): [110, 5]
(2, (0, 0, 0), (3, 0)): [72, 6, 3, 0, 1]
(2, (0, 0, 0), (3, 1)): [75, 6, 4, 0, 1]
(2, (0, 0, 0), (3, 2)): [79, 6, 2, 0, 1]
(2, (0, 0, 1), (0, 0)): [1961, 563, 137, 40, 13, 4, 1, 1]
(2, (0, 0, 1), (0, 1)): [10]
(2, (0, 0, 1), (0, 2)): [5]
(2, (0, 0, 1), (1, 0)): [33, 5, 1, 2]
(2, (0, 0, 1), (1, 1)): [16, 2, 1]
(2, (0, 0, 1), (1, 2)): [14, 1, 1]
(2, (0, 0, 1), (2, 0)): [20, 3, 0, 2]
(2, (0, 0, 1), (2, 1)): [9, 0, 0, 1]
(2, (0, 0, 1), (2, 2)): [9, 0, 0, 1]
(2, (0, 0, 1), (3, 0)): [14, 3, 0, 1]
(2, (0, 0, 1), (3, 1)): [15, 2, 0, 1]
(2, (0, 0, 1), (3, 2)): [14, 2, 0, 1]
(2, (0, 1, 0), (0, 0)): [5307, 1056, 305, 104, 33, 10, 3, 2]
(2, (0, 1, 0), (0, 1)): [14, 3, 1]
(2, (0, 1, 0), (0, 2)): [4, 1, 1]
(2, (0, 1, 0), (1, 0)): [56, 8, 4]
(2, (0, 1, 0), (1, 1)): [24, 3, 1]
(2, (0, 1, 0), (1, 2)): [23]
(2, (0, 1, 0), (2, 0)): [34, 7, 3]
(2, (0, 1, 0), (2, 1)): [18, 5, 1]
(2, (0, 1, 0), (2, 2)): [20, 4]
(2, (0, 1, 0), (3, 0)): [17, 5, 3]
(2, (0, 1, 0), (3, 1)): [19, 5, 4]
(2, (0, 1, 0), (3, 2)): [24, 5, 3]
(2, (0, 1, 1), (0, 0)): [1052, 90, 216, 61, 19, 5, 2, 1]
(2, (0, 1, 1), (0, 1)): [1, 0, 1]
(2, (0, 1, 1), (0, 2)): [1]
(2, (0, 1, 1), (1, 0)): [7, 0, 1, 0, 1]
(2, (0, 1, 1), (1, 1)): [3]
(2, (0, 1, 1), (1, 2)): [2]
(2, (0, 1, 1), (2, 0)): [4, 0, 1, 0, 1]
(2, (0, 1, 1), (2, 1)): [4]
(2, (0, 1, 1), (2, 2)): [4]
(2, (0, 1, 1), (3, 0)): [2, 0, 1, 0, 1]
(2, (0, 1, 1), (3, 1)): [1]
(2, (0, 1, 1), (3, 2)): [2]
(2, (1, 0, 0), (0, 0)): [10291, 790, 539, 168, 50, 14, 5, 2]
(2, (1, 0, 0), (0, 1)): [32, 5, 2, 2]
(2, (1, 0, 0), (0, 2)): [18, 1, 2, 1]
(2, (1, 0, 0), (1, 0)): [94, 9, 5, 1, 0, 1]
(2, (1, 0, 0), (1, 1)): [32, 4, 2, 1]
(2, (1, 0, 0), (1, 2)): [28, 2, 2]
(2, (1, 0, 0), (2, 0)): [61, 7, 1, 0, 0, 1]
(2, (1, 0, 0), (2, 1)): [43, 3]
(2, (1, 0, 0), (2, 2)): [44]
(2, (1, 0, 0), (3, 0)): [21, 7, 1, 0, 0, 1]
(2, (1, 0, 0), (3, 1)): [21, 7, 1, 0, 0, 1]
(2, (1, 0, 0), (3, 2)): [21, 7, 1, 0, 0, 1]
(2, (1, 0, 1), (0, 0)): [1870, 451, 148, 115, 34, 7, 3, 1]
(2, (1, 0, 1), (0, 1)): [5, 1, 0, 1, 1]
(2, (1, 0, 1), (0, 2)): [3]
(2, (1, 0, 1), (1, 0)): [15, 4, 2, 3]
(2, (1, 0, 1), (1, 1)): [5, 2, 0, 4]
(2, (1, 0, 1), (1, 2)): [5, 2, 0, 2]
(2, (1, 0, 1), (2, 0)): [11, 2, 2]
(2, (1, 0, 1), (2, 1)): [8, 1, 1, 1]
(2, (1, 0, 1), (2, 2)): [8, 1, 0, 1]
(2, (1, 0, 1), (3, 0)): [3, 1, 1]
(2, (1, 0, 1), (3, 1)): [2, 1, 2]
(2, (1, 0, 1), (3, 2)): [2, 1, 2, 1]
(2, (1, 1, 0), (0, 0)): [4073, 612, 283, 205, 77, 24, 5, 3]
(2, (1, 1, 0), (0, 1)): [16, 2, 1, 0, 2]
(2, (1, 1, 0), (0, 2)): [7, 2, 1, 0, 1]
(2, (1, 1, 0), (1, 0)): [45, 7, 5, 3, 0, 1]
(2, (1, 1, 0), (1, 1)): [21, 3, 1, 0, 1, 1]
(2, (1, 1, 0), (1, 2)): [17, 4, 2, 0, 1]
(2, (1, 1, 0), (2, 0)): [28, 3, 3, 3]
(2, (1, 1, 0), (2, 1)): [19, 1, 0, 1]
(2, (1, 1, 0), (2, 2)): [20, 1, 0, 1, 1]
(2, (1, 1, 0), (3, 0)): [12, 2, 2, 2]
(2, (1, 1, 0), (3, 1)): [12, 2, 1, 1]
(2, (1, 1, 0), (3, 2)): [13, 2, 1, 1, 1]
(2, (1, 1, 1), (0, 0)): [1119, 151, 199, 97, 74, 12, 6, 3]
(2, (1, 1, 1), (0, 1)): [4, 0, 0, 1, 1]
(2, (1, 1, 1), (0, 2)): [2, 0, 0, 1, 1]
(2, (1, 1, 1), (1, 0)): [9, 3, 4, 0, 2]
(2, (1, 1, 1), (1, 1)): [5, 1, 1, 0, 1]
(2, (1, 1, 1), (1, 2)): [3, 1, 1, 1, 1]
(2, (1, 1, 1), (2, 0)): [6, 2, 2, 0, 1]
(2, (1, 1, 1), (2, 1)): [8, 0, 2, 0, 1]
(2, (1, 1, 1), (2, 2)): [7, 0, 1, 1]
(2, (1, 1, 1), (3, 0)): [0, 2, 0, 0, 1]
(2, (1, 1, 1), (3, 1)): [0, 1, 1, 0, 2]
(2, (1, 1, 1), (3, 2)): [1, 0, 1, 1, 2]
