(0, (0, 0, 0)): [636926, 128717, 60308, 27842, 12698, 5529, 2316, 1008, 413, 201, 88, 36, 20, 4, 3, 1]
(0, (0, 0, 1)): [2957, 9443, 2662, 1255, 616, 252, 126, 73, 25, 14, 5, 1, 3]
(0, (0, 1, 0)): [20893, 21009, 8017, 3815, 1928, 867, 364, 154, 67, 40, 15, 5, 2, 0, 1]
(0, (0, 1, 1)): [1853, 3334, 4311, 1916, 1041, 483, 213, 100, 52, 20, 6, 4, 0, 1, 1]
(0, (1, 0, 0)): [142288, 49516, 30778, 15378, 7446, 3363, 1446, 638, 271, 130, 60, 22, 13, 3, 2]
(0, (1, 0, 1)): [3255, 10410, 4430, 2995, 1619, 759, 382, 160, 75, 31, 15, 10, 3, 0, 1]
(0, (1, 1, 0)): [19120, 12660, 10346, 7041, 3860, 1793, 797, 399, 156, 76, 38, 12, 7, 1]
(0, (1, 1, 1)): [1996, 3665, 3141, 2543, 1989, 974, 462, 244, 104, 48, 26, 9, 2, 1, 1]
(1, (0, 0, 0)): [505280, 54667, 22623, 9048, 3621, 1436, 542, 229, 85, 36, 14, 10, 3, 2, 0, 1]
(1, (0, 0, 1)): [15664, 24343, 4735, 1996, 856, 339, 152, 71, 31, 12, 6, 4, 3, 1]
(1, (0, 1, 0)): [72532, 35275, 12145, 5081, 2093, 861, 317, 143, 40, 26, 10, 5, 5, 1, 1]
(1, (0, 1, 1)): [12288, 10587, 10456, 4086, 1987, 805, 311, 124, 67, 20, 8, 4, 1, 1]
(1, (1, 0, 0)): [205545, 38658, 23271, 10153, 4108, 1717, 641, 251, 112, 52, 19, 15, 2, 2, 0, 1]
(1, (1, 0, 1)): [15983, 20518, 6936, 4403, 1880, 809, 299, 126, 52, 35, 12, 3]
(1, (1, 1, 0)): [54723, 17474, 12486, 8336, 3659, 1569, 631, 247, 94, 45, 14, 9, 4, 4, 1]
(1, (1, 1, 1)): [11197, 9256, 6060, 4228, 2958, 1315, 544, 209, 88, 34, 12, 9, 4, 2, 1]
(2, (0, 0, 0)): [433979, 18659, 6365, 2010, 715, 257, 88, 34, 8, 2, 2]
(2, (0, 0, 1)): [46381, 15697, 2823, 962, 342, 125, 42, 13, 1, 2, 0, 1]
(2, (0, 1, 0)): [117534, 27223, 6672, 2297, 744, 263, 88, 23, 6, 1, 1, 0, 1]
(2, (0, 1, 1)): [28752, 2596, 6857, 1797, 686, 227, 78, 30, 11, 4, 1]
(2, (1, 0, 0)): [251612, 19321, 10997, 3578, 1183, 391, 150, 49, 13, 5, 3]
(2, (1, 0, 1)): [41389, 11037, 4697, 2464, 777, 283, 96, 33, 12, 2, 0, 2]
(2, (1, 1, 0)): [93012, 14746, 7861, 4728, 1510, 541, 160, 56, 23, 9, 5, 0, 1, 1]
(2, (1, 1, 1)): [27409, 4179, 4741, 2511, 1673, 569, 183, 65, 29, 7, 4, 0, 0, 1]
