(0, (0, 0, 0)): [530933, 107982, 50457, 23332, 10558, 4636, 1919, 825, 339, 169, 73, 25, 17, 4, 2]
(0, (0, 0, 1)): [2508, 8270, 2300, 1086, 541, 219, 108, 60, 24, 10, 4, 1, 3]
(0, (0, 1, 0)): [17451, 17928, 6815, 3217, 1637, 722, 302, 134, 58, 34, 13, 4, 2]
(0, (0, 1, 1)): [1557, 2818, 3694, 1643, 872, 420, 181, 80, 43, 16, 6, 3, 0, 1, 1]
(0, (1, 0, 0)): [118582, 42068, 25882, 12994, 6199, 2814, 1187, 519, 217, 116, 50, 16, 11, 3, 2]
(0, (1, 0, 1)): [2763, 8763, 3842, 2563, 1388, 650, 336, 137, 63, 27, 12, 8, 3, 0, 1]
(0, (1, 1, 0)): [15689, 10506, 8687, 5868, 3172, 1464, 653, 320, 125, 66, 34, 8, 5, 1]
(0, (1, 1, 1)): [1630, 2990, 2595, 2127, 1651, 824, 378, 196, 87, 42, 23, 6, 1, 1, 1]
(1, (0, 0, 0)): [420514, 45560, 18808, 7503, 2977, 1208, 457, 189, 71, 25, 11, 6, 2, 1]
(1, (0, 0, 1)): [13550, 21425, 4170, 1736, 756, 294, 127, 65, 27, 9, 6, 4, 3, 1]
(1, (0, 1, 0)): [61774, 30556, 10359, 4286, 1766, 746, 265, 115, 34, 24, 7, 5, 4]
(1, (0, 1, 1)): [10477, 9111, 9136, 3565, 1663, 681, 260, 106, 55, 18, 8, 4, 1, 1]
(1, (1, 0, 0)): [171964, 32855, 19482, 8569, 3410, 1446, 528, 212, 92, 39, 16, 11, 2, 2]
(1, (1, 0, 1)): [13526, 17550, 6053, 3810, 1608, 702, 254, 102, 37, 27, 10, 2]
(1, (1, 1, 0)): [44874, 14377, 10442, 6853, 2997, 1282, 510, 198, 79, 34, 11, 6, 2, 3]
(1, (1, 1, 1)): [8985, 7504, 4920, 3507, 2356, 1061, 441, 176, 71, 27, 11, 6, 2, 1]
(2, (0, 0, 0)): [360891, 15380, 5233, 1619, 583, 218, 72, 29, 6, 2, 2]
(2, (0, 0, 1)): [40773, 13878, 2456, 828, 283, 108, 39, 11, 1, 2, 0, 1]
(2, (0, 1, 0)): [100392, 23590, 5681, 1911, 619, 224, 73, 21, 6, 1]
(2, (0, 1, 1)): [24893, 2225, 6010, 1570, 583, 202, 65, 22, 10, 3, 1]
(2, (1, 0, 0)): [210929, 16423, 9027, 2971, 989, 327, 123, 45, 11, 3, 3]
(2, (1, 0, 1)): [35400, 9563, 4119, 2105, 669, 254, 79, 32, 11, 2, 0, 1]
(2, (1, 1, 0)): [74923, 11866, 6444, 3813, 1213, 438, 131, 44, 18, 7, 4, 0, 0, 1]
(2, (1, 1, 1)): [22143, 3364, 3881, 2049, 1344, 455, 149, 54, 23, 6, 4, 0, 0, 1]
