(0, (0, 0, 0), (0, 0)): [900646, 180791, 84550, 38647, 17426, 7570, 3122, 1317, 542, 245, 108, 48, 26, 7, 3, 1, 0, 1]
(0, (0, 0, 0), (0, 1)): [19924, 3621, 1701, 753, 330, 147, 51, 30, 7, 5, 2, 0, 2, 1, 0, 1]
(0, (0, 0, 0), (0, 2)): [7299, 1145, 527, 241, 105, 39, 18, 13, 2, 1, 0, 0, 1]
(0, (0, 0, 0), (1, 0)): [18145, 3850, 1943, 875, 443, 184, 85, 32, 11, 6, 2]
(0, (0, 0, 0), (1, 1)): [16752, 3220, 1592, 727, 330, 134, 47, 23, 6, 4, 3, 0, 1, 1, 0, 1]
(0, (0, 0, 0), (1, 2)): [10829, 1823, 838, 366, 183, 75, 22, 13, 5, 2, 0, 0, 2]
(0, (0, 0, 0), (2, 0)): [5959, 1403, 749, 371, 183, 89, 41, 15, 4, 2, 1]
(0, (0, 0, 0), (2, 1)): [8923, 1852, 997, 472, 216, 95, 39, 21, 3, 1, 1, 0, 0, 1]
(0, (0, 0, 0), (2, 2)): [8544, 1561, 777, 357, 170, 80, 21, 12, 3, 3, 1, 0, 2]
(0, (0, 0, 0), (3, 0)): [1955, 484, 310, 172, 81, 46, 19, 6, 3, 0, 1]
(0, (0, 0, 0), (3, 1)): [3577, 867, 548, 279, 115, 56, 24, 13, 4]
(0, (0, 0, 0), (3, 2)): [4865, 1025, 638, 294, 135, 57, 16, 10, 5, 2, 0, 0, 2]
(0, (0, 0, 1), (0, 0)): [3990, 12247, 3367, 1596, 790, 344, 156, 82, 31, 19, 6, 1, 3, 1]
(0, (0, 0, 1), (0, 1)): [77, 198, 61, 20, 17, 7, 5, 1, 0, 1, 0, 0, 0, 1]
(0, (0, 0, 1), (1, 1)): [65, 144, 49, 17, 19, 7, 5, 1, 0, 1, 0, 0, 0, 1]
(0, (0, 0, 1), (1, 2)): [46, 99, 28, 9, 9, 0, 3, 1, 0, 1]
(0, (0, 0, 1), (2, 2)): [44, 76, 23, 7, 10, 1, 2]
(0, (0, 0, 1), (3, 2)): [22, 44, 12, 5, 9, 4, 1, 1]
(0, (0, 1, 0), (0, 0)): [29715, 28455, 11102, 5255, 2602, 1133, 456, 202, 86, 50, 17, 5, 3, 1, 1]
(0, (0, 1, 0), (0, 1)): [626, 508, 183, 92, 34, 21, 10, 5, 1]
(0, (0, 1, 0), (0, 2)): [244, 152, 62, 26, 7, 9, 2, 0, 1]
(0, (0, 1, 0), (1, 0)): [580, 507, 221, 115, 58, 27, 10, 2, 1]
(0, (0, 1, 0), (1, 1)): [499, 421, 173, 85, 32, 15, 10, 5]
(0, (0, 1, 0), (1, 2)): [330, 253, 97, 50, 18, 10, 4, 2, 1]
(0, (0, 1, 0), (2, 0)): [197, 176, 75, 46, 26, 17, 3, 0, 1]
(0, (0, 1, 0), (2, 1)): [247, 219, 94, 53, 14, 17, 6, 3]
(0, (0, 1, 0), (2, 2)): [258, 189, 87, 46, 15, 7, 6, 1, 1]
(0, (0, 1, 0), (3, 0)): [74, 64, 34, 25, 19, 5, 1, 0, 1]
(0, (0, 1, 1), (0, 0)): [2652, 4524, 5698, 2594, 1397, 635, 280, 132, 63, 30, 9, 6, 1, 2, 1, 0, 0, 1]
(0, (1, 0, 0), (0, 0)): [197924, 66673, 42278, 20911, 10038, 4550, 1933, 837, 357, 157, 73, 31, 16, 4, 2, 1, 0, 1]
(0, (1, 0, 0), (0, 1)): [4192, 1112, 800, 387, 206, 92, 31, 14, 8, 1]
(0, (1, 0, 0), (0, 2)): [1596, 331, 262, 103, 59, 20, 13, 2, 5, 1]
(0, (1, 0, 0), (1, 0)): [3589, 1164, 866, 408, 205, 78, 46, 20, 8, 6, 2, 1]
(0, (1, 0, 0), (1, 1)): [3103, 901, 673, 312, 163, 62, 26, 15, 6, 4, 0, 1]
(0, (1, 0, 0), (1, 2)): [1981, 477, 372, 147, 82, 28, 18, 8, 3, 2]
(0, (1, 0, 0), (2, 0)): [1127, 392, 279, 157, 83, 33, 14, 10, 4, 2, 2]
(0, (1, 0, 0), (2, 1)): [1502, 460, 347, 185, 93, 38, 15, 7, 5, 3, 0, 1]
(0, (1, 0, 0), (2, 2)): [1392, 373, 285, 126, 73, 22, 15, 7, 3, 3]
(0, (1, 0, 0), (3, 1)): [561, 199, 152, 97, 60, 18, 5, 3, 4, 1, 1, 1]
(0, (1, 0, 0), (3, 2)): [707, 230, 167, 86, 64, 18, 7, 5, 3, 3]
(0, (1, 0, 1), (0, 0)): [4517, 14154, 5893, 3980, 2152, 995, 484, 205, 92, 40, 20, 11, 5, 1, 1, 0, 0, 1]
(0, (1, 1, 0), (0, 0)): [26862, 17328, 13601, 9493, 5118, 2417, 1057, 519, 201, 90, 45, 18, 7, 1]
(0, (1, 1, 0), (0, 1)): [600, 325, 227, 174, 94, 40, 14, 11, 2, 0, 1, 1]
(0, (1, 1, 0), (0, 2)): [229, 116, 74, 55, 34, 12, 6, 6]
(0, (1, 1, 0), (1, 0)): [480, 294, 238, 172, 87, 55, 21, 13, 3, 3]
(0, (1, 1, 0), (1, 1)): [413, 220, 181, 131, 59, 35, 12, 9, 3, 1, 1]
(0, (1, 1, 0), (1, 2)): [285, 128, 98, 71, 38, 15, 4, 9, 1, 1]
(0, (1, 1, 0), (2, 0)): [137, 93, 74, 61, 34, 23, 7, 6, 2, 1]
(0, (1, 1, 0), (2, 1)): [192, 115, 83, 71, 36, 22, 9, 5, 2, 1]
(0, (1, 1, 0), (2, 2)): [193, 102, 75, 54, 25, 14, 3, 7, 2, 2]
(0, (1, 1, 1), (0, 0)): [2792, 5040, 4241, 3321, 2632, 1289, 615, 321, 134, 61, 33, 12, 3, 1, 1]
(1, (0, 0, 0), (0, 0)): [721083, 78468, 32460, 12894, 5116, 1977, 739, 293, 115, 44, 21, 11, 6, 2, 0, 1]
(1, (0, 0, 0), (0, 1)): [16093, 1626, 684, 258, 106, 28, 12, 8, 1, 0, 0, 0, 0, 1]
(1, (0, 0, 0), (0, 2)): [5894, 479, 192, 72, 30, 9, 1, 2]
(1, (0, 0, 0), (1, 0)): [15236, 1884, 817, 305, 138, 51, 19, 7, 0, 1, 0, 0, 0, 0, 0, 1]
(1, (0, 0, 0), (1, 1)): [13835, 1513, 628, 232, 101, 39, 17, 5, 1, 1, 0, 0, 0, 1]
(1, (0, 0, 0), (1, 2)): [8711, 764, 304, 131, 58, 27, 7, 2]
(1, (0, 0, 0), (2, 0)): [5202, 723, 365, 128, 55, 22, 7, 4, 0, 0, 0, 0, 0, 0, 0, 1]
(1, (0, 0, 0), (2, 1)): [7596, 938, 409, 153, 68, 21, 10, 5, 0, 1]
(1, (0, 0, 0), (2, 2)): [7214, 713, 315, 124, 58, 32, 10, 3]
(1, (0, 0, 0), (3, 0)): [1649, 257, 172, 55, 27, 8, 4, 0, 0, 0, 0, 0, 0, 0, 0, 1]
(1, (0, 0, 0), (3, 1)): [3165, 489, 257, 91, 46, 7, 3, 3]
(1, (0, 0, 0), (3, 2)): [4122, 513, 266, 92, 50, 19, 10, 3]
(1, (0, 0, 1), (0, 0)): [20886, 31072, 6108, 2552, 1101, 458, 179, 78, 35, 12, 6, 4, 4, 1]
(1, (0, 0, 1), (0, 1)): [394, 430, 91, 31, 17, 7, 5]
(1, (0, 0, 1), (0, 2)): [165, 140, 27, 7, 2, 1, 3]
(1, (0, 0, 1), (1, 0)): [396, 557, 112, 60, 28, 12, 6, 2, 1]
(1, (0, 0, 1), (1, 2)): [256, 221, 32, 15, 11, 2, 2]
(1, (0, 0, 1), (2, 0)): [172, 222, 46, 27, 14, 7, 5, 0, 1]
(1, (0, 0, 1), (2, 1)): [166, 243, 40, 23, 12, 7, 5, 2]
(1, (0, 0, 1), (2, 2)): [172, 187, 34, 16, 6, 2, 1]
(1, (0, 0, 1), (3, 0)): [75, 89, 27, 18, 8, 3, 2, 0, 1]
(1, (0, 0, 1), (3, 2)): [105, 116, 22, 13, 5, 2, 3]
(1, (0, 1, 0), (0, 0)): [98819, 46136, 16330, 6876, 2797, 1123, 380, 180, 52, 28, 15, 7, 6, 1, 1]
(1, (0, 1, 0), (0, 1)): [1785, 701, 260, 108, 33, 14, 7, 3, 1]
(1, (0, 1, 0), (0, 2)): [697, 242, 80, 22, 8, 6, 3]
(1, (0, 1, 0), (1, 0)): [2130, 955, 344, 199, 96, 27, 11, 4, 0, 0, 1, 0, 0, 1]
(1, (0, 1, 0), (1, 1)): [1582, 603, 238, 116, 45, 15, 7, 4, 1, 0, 0, 0, 0, 1]
(1, (0, 1, 0), (1, 2)): [1037, 356, 132, 44, 15, 7, 5, 2]
(1, (0, 1, 0), (2, 0)): [915, 409, 154, 103, 47, 15, 7, 3, 0, 0, 1]
(1, (0, 1, 0), (2, 1)): [837, 347, 131, 78, 36, 11, 6, 3, 0, 0, 1, 0, 0, 1]
(1, (0, 1, 0), (2, 2)): [803, 306, 119, 43, 25, 6, 3, 1]
(1, (0, 1, 0), (3, 0)): [481, 198, 64, 73, 34, 8, 4, 2]
(1, (0, 1, 0), (3, 1)): [411, 163, 63, 48, 23, 7, 3, 1, 0, 0, 0, 0, 0, 1]
(1, (0, 1, 0), (3, 2)): [456, 169, 79, 43, 23, 2, 4, 1, 0, 0, 0, 0, 0, 1]
(1, (0, 1, 1), (0, 0)): [16684, 13766, 13237, 5207, 2625, 1029, 413, 165, 82, 22, 9, 5, 1, 2, 0, 1]
(1, (0, 1, 1), (0, 1)): [259, 176, 161, 53, 29, 14, 5, 2]
(1, (0, 1, 1), (1, 0)): [457, 330, 256, 130, 87, 31, 13, 8, 3, 1]
(1, (0, 1, 1), (1, 1)): [219, 154, 147, 55, 27, 7, 6, 2]
(1, (0, 1, 1), (1, 2)): [169, 82, 81, 38, 11, 5, 2]
(1, (0, 1, 1), (2, 0)): [296, 216, 142, 87, 68, 27, 10, 7, 3, 1]
(1, (0, 1, 1), (2, 1)): [128, 104, 74, 34, 16, 8, 6, 1]
(1, (0, 1, 1), (2, 2)): [125, 80, 72, 32, 16, 3, 1, 1]
(1, (0, 1, 1), (3, 0)): [241, 168, 112, 66, 60, 23, 7, 7, 3, 1]
(1, (0, 1, 1), (3, 2)): [77, 56, 39, 14, 10, 3, 1]
(1, (1, 0, 0), (0, 0)): [285811, 51922, 32512, 14034, 5732, 2316, 882, 330, 149, 63, 24, 16, 4, 2, 0, 2]
(1, (1, 0, 0), (0, 1)): [6050, 846, 632, 256, 108, 40, 17, 3, 1, 2]
(1, (1, 0, 0), (0, 2)): [2178, 264, 226, 67, 31, 11, 6, 1, 0, 2]
(1, (1, 0, 0), (1, 0)): [5651, 1005, 721, 335, 144, 49, 23, 9, 1, 2, 0, 0, 1, 0, 0, 1]
(1, (1, 0, 0), (1, 1)): [4797, 724, 534, 218, 92, 35, 13, 6, 1, 0, 0, 0, 0, 0, 0, 1]
(1, (1, 0, 0), (1, 2)): [2999, 376, 310, 96, 47, 17, 5, 4, 0, 1]
(1, (1, 0, 0), (2, 0)): [1833, 362, 271, 156, 60, 24, 10, 0, 1, 2, 0, 0, 1]
(1, (1, 0, 0), (2, 1)): [2431, 422, 326, 151, 62, 20, 9, 2, 2, 0, 0, 0, 0, 0, 0, 1]
(1, (1, 0, 0), (2, 2)): [2219, 315, 272, 103, 45, 13, 5, 3, 1, 1]
(1, (1, 0, 0), (3, 0)): [561, 124, 89, 71, 26, 10, 4, 0, 0, 2, 0, 0, 1]
(1, (1, 0, 0), (3, 1)): [927, 223, 150, 91, 31, 12, 6, 1, 0, 1, 0, 0, 0, 0, 0, 1]
(1, (1, 0, 0), (3, 2)): [1151, 230, 158, 82, 30, 14, 5, 1, 1, 1, 0, 0, 0, 0, 0, 1]
(1, (1, 0, 1), (0, 0)): [22255, 27450, 9048, 5902, 2553, 1064, 390, 167, 61, 43, 13, 3, 0, 1]
(1, (1, 0, 1), (1, 0)): [456, 530, 157, 119, 65, 20, 6, 1, 0, 2]
(1, (1, 0, 1), (2, 0)): [179, 179, 57, 34, 29, 12, 1, 0, 0, 1]
(1, (1, 0, 1), (3, 0)): [72, 72, 20, 14, 14, 6, 0, 0, 0, 1]
(1, (1, 0, 1), (3, 1)): [74, 87, 19, 24, 20, 6, 0, 1]
(1, (1, 1, 0), (0, 0)): [76748, 24104, 16799, 11567, 5003, 2120, 827, 328, 135, 56, 19, 11, 6, 4, 1]
(1, (1, 1, 0), (0, 1)): [1638, 435, 276, 216, 86, 33, 18, 5, 1]
(1, (1, 1, 0), (1, 0)): [1491, 501, 353, 272, 121, 43, 17, 7, 1, 2, 0, 0, 2, 1]
(1, (1, 1, 0), (1, 1)): [1249, 350, 243, 187, 79, 30, 17, 6, 0, 2]
(1, (1, 1, 0), (1, 2)): [896, 217, 139, 109, 42, 14, 8, 1]
(1, (1, 1, 0), (2, 0)): [499, 178, 126, 103, 48, 17, 3, 2, 1, 0, 0, 0, 2, 1]
(1, (1, 1, 0), (2, 1)): [620, 216, 145, 109, 44, 19, 8, 3, 0, 1, 0, 0, 1]
(1, (1, 1, 0), (2, 2)): [646, 174, 100, 81, 39, 12, 4, 1]
(1, (1, 1, 0), (3, 0)): [136, 65, 40, 33, 24, 10, 1, 2, 1, 0, 0, 0, 1]
(1, (1, 1, 0), (3, 1)): [255, 104, 72, 56, 30, 11, 7, 3, 0, 1, 0, 0, 1]
(1, (1, 1, 1), (0, 0)): [15867, 12693, 8223, 5602, 4044, 1727, 713, 271, 111, 42, 15, 12, 6, 2, 1, 1]
(1, (1, 1, 1), (0, 1)): [398, 249, 164, 103, 88, 33, 14, 5, 3]
(1, (1, 1, 1), (0, 2)): [204, 87, 58, 33, 33, 11, 7]
(1, (1, 1, 1), (1, 0)): [341, 253, 173, 110, 96, 39, 17, 6, 2, 2, 0, 1, 1]
(1, (1, 1, 1), (1, 1)): [281, 182, 130, 90, 79, 31, 7, 5, 1]
(1, (1, 1, 1), (1, 2)): [225, 91, 80, 52, 39, 24, 8, 1]
(1, (1, 1, 1), (2, 0)): [101, 100, 73, 43, 30, 18, 10, 3, 1, 1, 0, 1, 1]
(1, (1, 1, 1), (2, 1)): [142, 123, 81, 53, 45, 14, 8, 4, 1, 1, 0, 1]
(1, (1, 1, 1), (2, 2)): [149, 86, 65, 57, 39, 17, 7, 2]
(1, (1, 1, 1), (3, 0)): [19, 36, 20, 19, 9, 11, 4, 0, 1, 0, 0, 0, 1]
(1, (1, 1, 1), (3, 1)): [40, 65, 26, 26, 19, 10, 5, 3, 0, 0, 0, 0, 1]
(1, (1, 1, 1), (3, 2)): [76, 57, 33, 36, 25, 14, 3, 2]
(2, (0, 0, 0), (0, 0)): [622727, 27706, 9413, 2971, 1039, 343, 124, 40, 9, 3, 4, 0, 1]
(2, (0, 0, 0), (0, 1)): [13978, 585, 207, 53, 31, 6, 5, 1]
(2, (0, 0, 0), (0, 2)): [4999, 153, 45, 15, 8, 1, 1, 1]
(2, (0, 0, 0), (1, 0)): [13888, 799, 262, 80, 35, 10, 3, 0, 0, 0, 0, 0, 1]
(2, (0, 0, 0), (1, 1)): [12319, 610, 215, 48, 30, 5, 6]
(2, (0, 0, 0), (1, 2)): [7658, 269, 96, 23, 14, 3, 3]
(2, (0, 0, 0), (2, 0)): [4986, 297, 119, 48, 17, 6, 1, 0, 0, 0, 0, 0, 1]
(2, (0, 0, 0), (2, 1)): [7085, 369, 133, 47, 10, 4, 3]
(2, (0, 0, 0), (2, 2)): [6414, 280, 103, 31, 13, 4, 1]
(2, (0, 0, 0), (3, 0)): [1688, 119, 68, 25, 13, 3, 1, 0, 0, 0, 0, 0, 1]
(2, (0, 0, 0), (3, 1)): [3200, 185, 89, 32, 12, 5, 2]
(2, (0, 0, 0), (3, 2)): [4036, 218, 100, 28, 9, 4]
(2, (0, 0, 1), (0, 0)): [60977, 19962, 3685, 1268, 449, 163, 49, 15, 2, 2, 0, 1]
(2, (0, 0, 1), (0, 1)): [1110, 314, 69, 22, 10, 3, 1]
(2, (0, 0, 1), (0, 2)): [431, 85, 24, 4, 1, 1]
(2, (0, 0, 1), (1, 0)): [1281, 378, 81, 31, 11, 4, 0, 2]
(2, (0, 0, 1), (1, 1)): [1034, 248, 57, 19, 9, 1, 1, 1]
(2, (0, 0, 1), (1, 2)): [687, 130, 28, 9, 2, 1, 1]
(2, (0, 0, 1), (2, 0)): [537, 160, 37, 21, 7, 4, 0, 1]
(2, (0, 0, 1), (2, 1)): [601, 137, 43, 15, 9, 1, 0, 2]
(2, (0, 0, 1), (2, 2)): [563, 104, 36, 6, 3, 2, 1]
(2, (0, 0, 1), (3, 0)): [268, 70, 20, 14, 3, 3]
(2, (0, 1, 0), (0, 0)): [159226, 35579, 9129, 3189, 1019, 342, 111, 29, 6, 2, 2, 0, 1]
(2, (0, 1, 0), (0, 1)): [2871, 520, 137, 50, 17, 1, 1]
(2, (0, 1, 0), (0, 2)): [1068, 145, 32, 11, 6]
(2, (0, 1, 0), (1, 0)): [3725, 645, 275, 112, 28, 15, 5, 1, 0, 0, 0, 0, 1]
(2, (0, 1, 0), (1, 1)): [2662, 465, 167, 54, 15, 4, 3, 1]
(2, (0, 1, 0), (1, 2)): [1646, 233, 65, 32, 6]
(2, (0, 1, 0), (2, 0)): [1742, 284, 135, 78, 20, 10, 3, 0, 0, 0, 0, 0, 1]
(2, (0, 1, 0), (2, 1)): [1604, 294, 102, 41, 11, 7, 3, 1, 0, 0, 0, 0, 1]
(2, (0, 1, 0), (2, 2)): [1459, 219, 65, 36, 8, 3, 0, 1]
(2, (0, 1, 0), (3, 0)): [976, 131, 77, 52, 14, 4, 2]
(2, (0, 1, 0), (3, 1)): [751, 132, 66, 26, 11, 4, 3, 0, 0, 0, 0, 0, 1]
(2, (0, 1, 0), (3, 2)): [936, 149, 62, 32, 7, 4, 1, 0, 0, 0, 0, 0, 1]
(2, (0, 1, 1), (0, 0)): [37968, 3389, 8797, 2299, 908, 292, 105, 37, 11, 4, 3, 1, 0, 1]
(2, (0, 1, 1), (1, 0)): [869, 93, 174, 63, 27, 6, 4, 0, 0, 0, 1]
(2, (0, 1, 1), (1, 1)): [565, 48, 104, 29, 6, 3, 1, 2]
(2, (0, 1, 1), (1, 2)): [373, 26, 55, 10, 4, 1, 2, 1]
(2, (0, 1, 1), (2, 0)): [441, 57, 89, 37, 21, 5, 1, 0, 0, 0, 1]
(2, (0, 1, 1), (3, 0)): [311, 42, 51, 23, 18, 4, 1, 0, 0, 0, 1]
(2, (1, 0, 0), (0, 0)): [349057, 25905, 15940, 5045, 1664, 530, 215, 62, 16, 8, 5, 0, 1]
(2, (1, 0, 0), (0, 1)): [6892, 369, 294, 82, 34, 8, 6, 1]
(2, (1, 0, 0), (0, 2)): [2472, 106, 74, 15, 12, 2, 1]
(2, (1, 0, 0), (1, 0)): [7063, 571, 415, 156, 44, 13, 6, 1, 0, 0, 0, 0, 1]
(2, (1, 0, 0), (1, 1)): [5675, 353, 288, 92, 26, 3, 4]
(2, (1, 0, 0), (1, 2)): [3518, 176, 120, 47, 13, 2]
(2, (1, 0, 0), (2, 0)): [2384, 226, 143, 78, 19, 5, 3, 0, 0, 0, 0, 0, 1]
(2, (1, 0, 0), (2, 1)): [2889, 189, 162, 55, 22, 6, 2, 0, 0, 0, 0, 0, 1]
(2, (1, 0, 0), (2, 2)): [2663, 162, 122, 39, 16, 5, 1]
(2, (1, 0, 0), (3, 0)): [773, 106, 41, 45, 6, 1, 2]
(2, (1, 0, 0), (3, 1)): [1228, 130, 77, 43, 9, 3, 2, 0, 0, 0, 0, 0, 1]
(2, (1, 0, 0), (3, 2)): [1471, 132, 81, 36, 10, 7, 1, 0, 0, 0, 0, 0, 1]
(2, (1, 0, 1), (0, 0)): [56960, 14671, 6001, 3377, 1099, 368, 135, 45, 17, 4, 0, 2, 1]
(2, (1, 0, 1), (0, 1)): [1177, 250, 102, 71, 24, 2, 2, 2, 0, 0, 0, 1]
(2, (1, 0, 1), (0, 2)): [455, 72, 30, 17, 10, 0, 0, 1]
(2, (1, 0, 1), (1, 0)): [1095, 246, 120, 85, 36, 12, 4]
(2, (1, 0, 1), (1, 1)): [891, 190, 77, 64, 19, 6, 5, 1, 0, 0, 0, 1]
(2, (1, 0, 1), (1, 2)): [602, 91, 35, 25, 11, 4, 1, 2, 0, 0, 0, 1]
(2, (1, 0, 1), (2, 0)): [397, 86, 62, 29, 15, 4, 1]
(2, (1, 0, 1), (2, 1)): [492, 114, 40, 36, 16, 3, 1]
(2, (1, 0, 1), (2, 2)): [431, 72, 29, 22, 10, 3, 1, 2, 0, 0, 0, 1]
(2, (1, 0, 1), (3, 1)): [231, 45, 27, 19, 7, 1, 2]
(2, (1, 0, 1), (3, 2)): [255, 51, 30, 13, 8, 3, 1, 2]
(2, (1, 1, 0), (0, 0)): [131981, 20656, 10660, 6830, 2162, 744, 226, 79, 30, 13, 6, 1, 2, 1]
(2, (1, 1, 0), (0, 1)): [2807, 388, 180, 123, 38, 7, 4, 2, 0, 0, 0, 0, 1]
(2, (1, 1, 0), (0, 2)): [1107, 119, 53, 26, 9, 1, 1]
(2, (1, 1, 0), (1, 0)): [2695, 414, 225, 189, 60, 19, 6, 2, 1, 1]
(2, (1, 1, 0), (1, 1)): [2253, 309, 149, 123, 31, 7, 2, 2, 1, 1, 0, 0, 1]
(2, (1, 1, 0), (1, 2)): [1535, 175, 82, 49, 13, 3, 2, 1]
(2, (1, 1, 0), (2, 0)): [945, 161, 101, 80, 32, 12, 3, 1]
(2, (1, 1, 0), (2, 1)): [1217, 153, 100, 79, 24, 11, 2, 1, 1, 1, 0, 0, 1]
(2, (1, 1, 0), (2, 2)): [1142, 141, 71, 61, 15, 4, 3, 1, 1]
(2, (1, 1, 0), (3, 0)): [343, 62, 44, 33, 15, 5, 1]
(2, (1, 1, 0), (3, 1)): [531, 85, 60, 46, 13, 8, 2, 1, 0, 0, 0, 0, 1]
(2, (1, 1, 0), (3, 2)): [650, 86, 57, 44, 15, 3, 2, 1, 1]
(2, (1, 1, 1), (0, 0)): [38558, 5772, 6515, 3343, 2325, 765, 252, 90, 35, 7, 5, 0, 1, 1]
(2, (1, 1, 1), (0, 1)): [955, 95, 133, 66, 48, 8, 5, 2, 1, 0, 0, 0, 1]
(2, (1, 1, 1), (0, 2)): [439, 27, 31, 18, 13, 2, 1, 0, 1]
(2, (1, 1, 1), (1, 0)): [742, 214, 138, 89, 55, 23, 7, 1, 1, 0, 1]
(2, (1, 1, 1), (1, 1)): [701, 106, 117, 64, 42, 6, 3, 0, 0, 0, 1, 0, 1]
(2, (1, 1, 1), (1, 2)): [530, 48, 48, 28, 17, 4, 2, 0, 0, 0, 1]
(2, (1, 1, 1), (2, 2)): [345, 63, 47, 33, 20, 5, 2, 0, 0, 0, 1]
(2, (1, 1, 1), (3, 2)): [165, 86, 30, 35, 19, 8, 4, 0, 0, 0, 1]
