(0, (0, 0, 0), (0, 0)): [189155, 36162, 15951, 7152, 3154, 1292, 531, 210, 82, 28, 24, 1, 0, 0, 2]
(0, (0, 0, 0), (0, 1)): [600, 115, 36, 16, 7, 2, 1, 1]
(0, (0, 0, 0), (0, 2)): [229, 45, 12, 4, 2, 2, 1, 1]
(0, (0, 0, 0), (1, 0)): [558, 91, 37, 21, 9, 6, 2]
(0, (0, 0, 0), (1, 1)): [478, 90, 30, 17, 6, 1]
(0, (0, 0, 0), (1, 2)): [307, 57, 13, 8, 2, 2, 0, 1]
(0, (0, 0, 0), (2, 0)): [204, 36, 15, 13, 6, 5, 1]
(0, (0, 0, 0), (2, 1)): [260, 48, 18, 12, 3, 2]
(0, (0, 0, 0), (2, 2)): [254, 49, 7, 5, 3, 2]
(0, (0, 0, 0), (3, 0)): [80, 16, 10, 9, 4, 4, 1]
(0, (0, 0, 0), (3, 1)): [101, 20, 17, 8, 2, 1, 1]
(0, (0, 0, 0), (3, 2)): [146, 28, 13, 7, 5, 2, 1]
(0, (0, 0, 1), (0, 0)): [1138, 3209, 920, 415, 181, 71, 42, 20, 5, 1, 2]
(0, (0, 0, 1), (0, 1)): [2, 3, 2, 1, 0, 0, 1]
(0, (0, 0, 1), (1, 0)): [3, 7, 2, 2, 2]
(0, (0, 0, 1), (1, 1)): [3, 4, 2, 0, 1, 0, 1]
(0, (0, 0, 1), (1, 2)): [1, 2, 1]
(0, (0, 0, 1), (2, 0)): [1, 4, 0, 1, 1]
(0, (0, 0, 1), (2, 1)): [1, 2, 0, 1, 1, 0, 1]
(0, (0, 0, 1), (2, 2)): [0, 1, 1, 0, 1, 0, 1]
(0, (0, 0, 1), (3, 0)): [0, 1, 0, 0, 1]
(0, (0, 1, 0), (0, 0)): [6152, 6004, 2108, 1002, 498, 185, 76, 20, 17, 6, 4]
(0, (0, 1, 0), (0, 1)): [19, 18, 2, 2]
(0, (0, 1, 0), (1, 0)): [20, 10, 2, 4, 3]
(0, (0, 1, 0), (2, 0)): [6, 6, 0, 4, 2]
(0, (0, 1, 0), (2, 1)): [4, 4, 0, 3]
(0, (0, 1, 0), (3, 0)): [5, 3, 0, 1, 2]
(0, (0, 1, 0), (3, 1)): [1, 0, 0, 2, 1]
(0, (0, 1, 0), (3, 2)): [3, 1, 1, 2, 1]
(0, (0, 1, 1), (0, 0)): [530, 913, 1184, 532, 256, 116, 53, 17, 9, 5, 1, 0, 0, 0, 1]
(0, (0, 1, 1), (0, 1)): [2, 2, 2, 1, 2, 0, 0, 0, 1]
(0, (0, 1, 1), (0, 2)): [1, 1, 0, 0, 1]
(0, (0, 1, 1), (1, 0)): [2, 3, 1, 2, 0, 1, 2]
(0, (0, 1, 1), (1, 1)): [2, 0, 2, 1, 1, 0, 0, 0, 1]
(0, (0, 1, 1), (1, 2)): [0, 0, 1, 1, 2]
(0, (0, 1, 1), (2, 0)): [0, 3, 1, 2, 0, 1]
(0, (0, 1, 1), (2, 2)): [1, 0, 0, 1, 2]
(0, (0, 1, 1), (3, 0)): [0, 2, 1, 2, 0, 1]
(0, (0, 1, 1), (3, 2)): [0, 1, 0, 1, 1, 0, 0, 0, 1]
(0, (1, 0, 0), (0, 0)): [42815, 15176, 8471, 4214, 1884, 810, 339, 136, 55, 18, 18, 1, 0, 0, 2]
(0, (1, 0, 0), (0, 1)): [119, 18, 20, 10, 5, 1, 1, 0, 1]
(0, (1, 0, 0), (0, 2)): [40, 6, 7, 2, 0, 1, 1]
(0, (1, 0, 0), (1, 0)): [95, 34, 19, 10, 2, 2, 0, 0, 2]
(0, (1, 0, 0), (1, 1)): [75, 20, 19, 8, 4, 1]
(0, (1, 0, 0), (1, 2)): [38, 7, 10, 0, 3, 2]
(0, (1, 0, 0), (2, 0)): [29, 12, 4, 5, 1, 0, 0, 0, 2]
(0, (1, 0, 0), (2, 1)): [31, 16, 6, 8, 1, 0, 0, 0, 2]
(0, (1, 0, 0), (2, 2)): [32, 8, 7, 3, 1, 1, 0, 0, 1]
(0, (1, 0, 0), (3, 0)): [12, 2, 1, 2]
(0, (1, 0, 0), (3, 1)): [11, 5, 1, 4, 0, 0, 0, 0, 1]
(0, (1, 0, 0), (3, 2)): [13, 6, 3, 3, 0, 0, 0, 0, 1]
(0, (1, 0, 1), (0, 0)): [1011, 2499, 1205, 746, 403, 167, 83, 37, 15, 3, 3, 0, 0, 0, 1]
(0, (1, 0, 1), (0, 1)): [4, 5, 0, 4, 0, 0, 1]
(0, (1, 0, 1), (0, 2)): [2, 1, 0, 1, 0, 0, 1]
(0, (1, 0, 1), (1, 0)): [4, 12, 2, 1, 2, 3]
(0, (1, 0, 1), (1, 1)): [2, 6, 0, 1, 1]
(0, (1, 0, 1), (2, 0)): [1, 6, 0, 1, 0, 3]
(0, (1, 0, 1), (2, 1)): [0, 6, 0, 1, 1]
(0, (1, 0, 1), (3, 1)): [1, 3]
(0, (1, 0, 1), (3, 2)): [0, 3]
(0, (1, 1, 0), (0, 0)): [5387, 3582, 2982, 1915, 1018, 452, 193, 77, 29, 16, 13, 1, 0, 1]
(0, (1, 1, 0), (0, 1)): [16, 11, 5, 5, 0, 2]
(0, (1, 1, 0), (1, 0)): [10, 8, 5, 9, 1, 2, 1, 1]
(0, (1, 1, 0), (1, 1)): [7, 8, 4, 5, 0, 1]
(0, (1, 1, 0), (1, 2)): [6, 6, 2, 4]
(0, (1, 1, 0), (2, 0)): [5, 1, 4, 3, 1, 0, 0, 1]
(0, (1, 1, 0), (2, 1)): [5, 2, 2, 1, 1]
(0, (1, 1, 0), (2, 2)): [5, 3, 0, 3]
(0, (1, 1, 0), (3, 0)): [1, 1, 3, 1, 0, 0, 0, 1]
(0, (1, 1, 0), (3, 1)): [1, 1, 1, 2, 1]
(0, (1, 1, 0), (3, 2)): [1, 2, 1, 1]
(0, (1, 1, 1), (0, 0)): [624, 1026, 883, 763, 574, 272, 127, 66, 29, 18, 9, 1, 0, 0, 1]
(0, (1, 1, 1), (0, 1)): [0, 2, 2, 3, 3, 0, 0, 0, 1]
(0, (1, 1, 1), (0, 2)): [0, 1, 1, 3, 1]
(0, (1, 1, 1), (1, 0)): [0, 2, 1, 2, 1, 1, 0, 0, 1]
(0, (1, 1, 1), (1, 1)): [0, 1, 0, 2, 3, 1, 0, 0, 1]
(0, (1, 1, 1), (1, 2)): [0, 0, 1, 0, 3]
(0, (1, 1, 1), (2, 0)): [0, 1, 1]
(0, (1, 1, 1), (2, 1)): [0, 1, 1, 2, 0, 1, 0, 0, 1]
(0, (1, 1, 1), (2, 2)): [0, 0, 0, 2, 0, 1]
(1, (0, 0, 0), (0, 0)): [148805, 14713, 5788, 2123, 859, 355, 113, 55, 10, 6, 3]
(1, (0, 0, 0), (0, 1)): [485, 47, 10, 7, 3]
(1, (0, 0, 0), (0, 2)): [180, 13, 3, 4]
(1, (0, 0, 0), (1, 0)): [427, 48, 20, 5, 0, 2, 0, 1]
(1, (0, 0, 0), (1, 1)): [373, 41, 10, 6, 1, 1]
(1, (0, 0, 0), (1, 2)): [228, 24, 3, 6, 0, 1]
(1, (0, 0, 0), (2, 0)): [141, 16, 11, 2]
(1, (0, 0, 0), (2, 1)): [192, 21, 12, 4, 1]
(1, (0, 0, 0), (2, 2)): [183, 15, 4, 7, 0, 1]
(1, (0, 0, 0), (3, 0)): [54, 5, 3]
(1, (0, 0, 0), (3, 1)): [76, 15, 8]
(1, (0, 0, 0), (3, 2)): [104, 14, 10, 4, 0, 1]
(1, (0, 0, 1), (0, 0)): [5830, 8673, 1619, 674, 289, 95, 44, 19, 8, 1, 0, 1]
(1, (0, 0, 1), (0, 1)): [17, 27, 2, 1, 1]
(1, (0, 0, 1), (0, 2)): [8, 13]
(1, (0, 0, 1), (1, 0)): [17, 19, 4, 3, 2]
(1, (0, 0, 1), (1, 1)): [16, 16, 3, 2, 2]
(1, (0, 0, 1), (1, 2)): [10, 11, 1, 1]
(1, (0, 0, 1), (2, 0)): [5, 5, 2, 2, 1]
(1, (0, 0, 1), (2, 1)): [4, 10, 1, 1, 2]
(1, (0, 0, 1), (2, 2)): [8, 10, 2]
(1, (0, 0, 1), (3, 0)): [3, 4, 2, 2]
(1, (0, 0, 1), (3, 1)): [4, 3, 0, 0, 2]
(1, (0, 0, 1), (3, 2)): [5, 5, 1]
(1, (0, 1, 0), (0, 0)): [24111, 11521, 3693, 1452, 558, 237, 75, 30, 9, 2]
(1, (0, 1, 0), (0, 1)): [73, 31, 7, 3, 1, 1, 1]
(1, (0, 1, 0), (0, 2)): [27, 12, 1, 0, 0, 1, 1]
(1, (0, 1, 0), (1, 0)): [88, 33, 12, 7, 3, 1]
(1, (0, 1, 0), (1, 1)): [70, 26, 5, 6, 3, 1]
(1, (0, 1, 0), (1, 2)): [50, 16, 4, 1, 1]
(1, (0, 1, 0), (2, 0)): [40, 6, 7, 2]
(1, (0, 1, 0), (2, 1)): [30, 11, 3, 5, 2, 1]
(1, (0, 1, 0), (2, 2)): [37, 13, 6, 3, 2, 1]
(1, (0, 1, 0), (3, 0)): [23, 4, 3, 1]
(1, (0, 1, 0), (3, 1)): [20, 5, 2, 3, 1]
(1, (0, 1, 0), (3, 2)): [26, 1, 4, 4, 0, 1]
(1, (0, 1, 1), (0, 0)): [3968, 3281, 3480, 1320, 515, 210, 72, 23, 8, 3, 2, 1, 0, 1]
(1, (0, 1, 1), (0, 1)): [13, 3, 12, 3, 0, 0, 0, 1]
(1, (0, 1, 1), (0, 2)): [8, 1, 4, 1]
(1, (0, 1, 1), (1, 0)): [14, 2, 8, 3, 1]
(1, (0, 1, 1), (1, 1)): [8, 1, 9, 3]
(1, (0, 1, 1), (1, 2)): [8, 0, 6, 1]
(1, (0, 1, 1), (2, 0)): [7, 2, 2]
(1, (0, 1, 1), (2, 1)): [4, 2, 5, 1]
(1, (0, 1, 1), (2, 2)): [6, 1, 2, 2]
(1, (0, 1, 1), (3, 0)): [5, 1, 1]
(1, (0, 1, 1), (3, 1)): [3, 1, 1]
(1, (0, 1, 1), (3, 2)): [3, 1, 3]
(1, (1, 0, 0), (0, 0)): [59715, 11255, 6044, 2536, 983, 421, 122, 66, 13, 7, 4]
(1, (1, 0, 0), (0, 1)): [195, 23, 16, 10, 3, 1, 1]
(1, (1, 0, 0), (0, 2)): [76, 13, 7, 4]
(1, (1, 0, 0), (1, 0)): [170, 32, 32, 12, 1, 2]
(1, (1, 0, 0), (1, 1)): [136, 19, 15, 8, 1, 1]
(1, (1, 0, 0), (1, 2)): [100, 12, 7, 5, 1]
(1, (1, 0, 0), (2, 0)): [64, 8, 14, 5, 1]
(1, (1, 0, 0), (2, 1)): [60, 13, 11, 3, 0, 1]
(1, (1, 0, 0), (2, 2)): [63, 10, 7, 5, 0, 1]
(1, (1, 0, 0), (3, 0)): [20, 5, 6, 3, 1]
(1, (1, 0, 0), (3, 1)): [20, 7, 6, 2]
(1, (1, 0, 0), (3, 2)): [27, 9, 3, 4, 0, 1]
(1, (1, 0, 1), (0, 0)): [4452, 5523, 2058, 1171, 501, 190, 61, 32, 8, 4, 1]
(1, (1, 0, 1), (0, 1)): [10, 10, 5, 3, 1]
(1, (1, 0, 1), (0, 2)): [7, 3, 3, 2]
(1, (1, 0, 1), (1, 0)): [10, 13, 0, 4, 1, 1]
(1, (1, 0, 1), (1, 1)): [4, 12, 0, 4, 1]
(1, (1, 0, 1), (1, 2)): [5, 5, 2, 2, 1]
(1, (1, 0, 1), (2, 0)): [6, 3, 0, 0, 1]
(1, (1, 0, 1), (2, 1)): [2, 5, 0, 2]
(1, (1, 0, 1), (2, 2)): [1, 4, 1]
(1, (1, 0, 1), (3, 0)): [4, 1]
(1, (1, 0, 1), (3, 1)): [2, 2]
(1, (1, 0, 1), (3, 2)): [1, 4, 1]
(1, (1, 1, 0), (0, 0)): [14715, 4589, 3268, 2055, 866, 353, 116, 45, 15, 6, 2, 0, 0, 1]
(1, (1, 1, 0), (0, 1)): [45, 11, 8, 8, 4, 1]
(1, (1, 1, 0), (0, 2)): [15, 6, 3, 3, 2]
(1, (1, 1, 0), (1, 0)): [34, 11, 10, 11, 3, 1]
(1, (1, 1, 0), (1, 1)): [44, 9, 4, 8, 2]
(1, (1, 1, 0), (1, 2)): [28, 3, 4, 4, 2]
(1, (1, 1, 0), (2, 0)): [9, 2, 4, 4, 2]
(1, (1, 1, 0), (2, 1)): [18, 7, 2, 7, 2]
(1, (1, 1, 0), (2, 2)): [20, 2, 2, 4, 2]
(1, (1, 1, 0), (3, 0)): [3, 1, 3, 1, 1]
(1, (1, 1, 0), (3, 1)): [3, 4, 2, 1, 1]
(1, (1, 1, 0), (3, 2)): [7, 3, 1, 2, 3]
(1, (1, 1, 1), (0, 0)): [2819, 2305, 1492, 1131, 704, 309, 114, 54, 15, 5, 1, 0, 0, 1]
(1, (1, 1, 1), (0, 1)): [7, 5, 1, 0, 0, 1]
(1, (1, 1, 1), (0, 2)): [2, 3, 1, 0, 0, 1]
(1, (1, 1, 1), (1, 0)): [6, 5, 5, 4, 4, 1]
(1, (1, 1, 1), (1, 1)): [9, 5, 2, 3, 2, 1]
(1, (1, 1, 1), (2, 0)): [0, 1, 2, 1, 2]
(1, (1, 1, 1), (2, 1)): [3, 3, 1, 1, 1, 1]
(1, (1, 1, 1), (2, 2)): [2, 2, 0, 0, 1, 2]
(1, (1, 1, 1), (3, 0)): [0, 0, 0, 1, 1]
(1, (1, 1, 1), (3, 1)): [1, 1, 0, 2]
(1, (1, 1, 1), (3, 2)): [2, 2, 0, 2, 1, 2]
(2, (0, 0, 0), (0, 0)): [128552, 4807, 1501, 452, 159, 50, 16, 8, 1, 1, 1]
(2, (0, 0, 0), (0, 1)): [427, 19, 3, 1]
(2, (0, 0, 0), (0, 2)): [147, 5, 2]
(2, (0, 0, 0), (1, 0)): [462, 32, 7, 1, 1]
(2, (0, 0, 0), (1, 1)): [385, 19, 2, 1]
(2, (0, 0, 0), (1, 2)): [222, 7, 3]
(2, (0, 0, 0), (2, 0)): [175, 11, 4, 1]
(2, (0, 0, 0), (2, 1)): [241, 16, 1, 1]
(2, (0, 0, 0), (2, 2)): [201, 11, 2, 1]
(2, (0, 0, 0), (3, 0)): [60, 6, 4, 1]
(2, (0, 0, 0), (3, 1)): [107, 9, 2]
(2, (0, 0, 0), (3, 2)): [146, 11, 2, 1]
(2, (0, 0, 1), (0, 0)): [16315, 5863, 902, 277, 97, 22, 11, 3]
(2, (0, 0, 1), (0, 1)): [46, 16, 3]
(2, (0, 0, 1), (0, 2)): [22, 7, 3]
(2, (0, 0, 1), (1, 0)): [40, 19, 1]
(2, (0, 0, 1), (1, 1)): [29, 7]
(2, (0, 0, 1), (1, 2)): [24, 10, 2]
(2, (0, 0, 1), (2, 0)): [21, 6, 1]
(2, (0, 0, 1), (2, 1)): [19, 3]
(2, (0, 0, 1), (2, 2)): [17, 5, 2]
(2, (0, 0, 1), (3, 0)): [8, 2]
(2, (0, 0, 1), (3, 2)): [14, 2, 2]
(2, (0, 1, 0), (0, 0)): [39119, 8719, 2018, 627, 176, 57, 22, 9, 0, 1]
(2, (0, 1, 0), (0, 1)): [92, 18, 2, 1, 3]
(2, (0, 1, 0), (0, 2)): [36, 4, 0, 0, 1]
(2, (0, 1, 0), (1, 0)): [127, 20, 8, 1, 1, 1]
(2, (0, 1, 0), (1, 1)): [84, 18, 2, 0, 2]
(2, (0, 1, 0), (1, 2)): [53, 8, 0, 0, 3]
(2, (0, 1, 0), (2, 0)): [62, 9, 5, 1, 1, 1]
(2, (0, 1, 0), (2, 1)): [58, 14, 3, 0, 0, 1]
(2, (0, 1, 0), (2, 2)): [54, 4, 1, 0, 2]
(2, (0, 1, 0), (3, 0)): [29, 4, 2, 1, 1]
(2, (0, 1, 0), (3, 1)): [28, 7, 1, 0, 1, 1]
(2, (0, 1, 0), (3, 2)): [36, 5, 2, 0, 0, 1]
(2, (0, 1, 1), (0, 0)): [9882, 940, 2298, 576, 191, 66, 16, 2, 2]
(2, (0, 1, 1), (0, 1)): [31, 3, 4, 1]
(2, (0, 1, 1), (0, 2)): [12, 0, 0, 1]
(2, (0, 1, 1), (1, 0)): [31, 1, 14, 4, 2]
(2, (0, 1, 1), (1, 1)): [23, 3, 9, 2]
(2, (0, 1, 1), (1, 2)): [15, 1, 3, 1]
(2, (0, 1, 1), (2, 0)): [18, 1, 7, 2, 1]
(2, (0, 1, 1), (2, 1)): [11, 1, 4]
(2, (0, 1, 1), (2, 2)): [15, 1, 2]
(2, (0, 1, 1), (3, 0)): [14, 0, 5, 2, 1]
(2, (0, 1, 1), (3, 1)): [6, 1, 4]
(2, (0, 1, 1), (3, 2)): [11, 0, 5]
(2, (1, 0, 0), (0, 0)): [72558, 5492, 2533, 814, 243, 84, 27, 13, 2, 0, 1]
(2, (1, 0, 0), (0, 1)): [200, 6, 6, 1, 0, 1]
(2, (1, 0, 0), (0, 2)): [53, 2, 1, 0, 0, 1]
(2, (1, 0, 0), (1, 0)): [220, 11, 10, 2, 1]
(2, (1, 0, 0), (1, 1)): [160, 4, 6, 1, 1]
(2, (1, 0, 0), (1, 2)): [77, 2, 2]
(2, (1, 0, 0), (2, 0)): [79, 7, 4, 1]
(2, (1, 0, 0), (2, 1)): [78, 3, 2, 0, 1]
(2, (1, 0, 0), (2, 2)): [63, 2, 4]
(2, (1, 0, 0), (3, 0)): [28, 4, 1, 1]
(2, (1, 0, 0), (3, 1)): [28, 1]
(2, (1, 0, 0), (3, 2)): [26, 2, 1]
(2, (1, 0, 1), (0, 0)): [11288, 3240, 1450, 564, 178, 53, 15, 7, 2]
(2, (1, 0, 1), (0, 1)): [15, 5, 1, 3, 1, 1]
(2, (1, 0, 1), (0, 2)): [4, 1, 0, 3]
(2, (1, 0, 1), (1, 0)): [27, 2, 6, 5]
(2, (1, 0, 1), (1, 1)): [8, 3, 0, 1, 1]
(2, (1, 0, 1), (1, 2)): [3, 3, 0, 1]
(2, (1, 0, 1), (2, 0)): [12, 1, 4, 2]
(2, (1, 0, 1), (2, 1)): [4, 1, 1, 2, 1]
(2, (1, 0, 1), (2, 2)): [3, 1, 0, 1]
(2, (1, 0, 1), (3, 0)): [6, 0, 2]
(2, (1, 0, 1), (3, 1)): [6, 0, 2, 1, 1]
(2, (1, 0, 1), (3, 2)): [2, 0, 2, 1]
(2, (1, 1, 0), (0, 0)): [22633, 3319, 1825, 1024, 269, 99, 27, 8, 3, 1, 2]
(2, (1, 1, 0), (0, 1)): [61, 9, 4, 1, 2]
(2, (1, 1, 0), (0, 2)): [26, 3, 1]
(2, (1, 1, 0), (1, 0)): [55, 4, 6, 4, 0, 2]
(2, (1, 1, 0), (1, 1)): [32, 5, 1, 1, 1]
(2, (1, 1, 0), (1, 2)): [22, 3]
(2, (1, 1, 0), (2, 0)): [27, 1, 4, 2, 0, 1]
(2, (1, 1, 0), (2, 1)): [21, 1, 1, 1, 1]
(2, (1, 1, 0), (2, 2)): [15, 3, 1, 0, 1]
(2, (1, 1, 0), (3, 0)): [16, 0, 3, 2, 0, 1]
(2, (1, 1, 0), (3, 1)): [13, 0, 2, 2]
(2, (1, 1, 0), (3, 2)): [12, 0, 2, 0, 1]
(2, (1, 1, 1), (0, 0)): [6797, 1070, 1115, 620, 372, 106, 31, 8, 3, 2, 2]
(2, (1, 1, 1), (0, 1)): [24, 3, 4, 1, 1]
(2, (1, 1, 1), (0, 2)): [13, 2]
(2, (1, 1, 1), (1, 0)): [17, 4, 1, 4, 0, 1]
(2, (1, 1, 1), (1, 1)): [10, 2, 3, 1]
(2, (1, 1, 1), (2, 0)): [9, 3, 0, 2, 0, 1]
(2, (1, 1, 1), (2, 1)): [8, 3, 3, 2]
(2, (1, 1, 1), (3, 0)): [4, 1, 0, 1, 0, 1]
(2, (1, 1, 1), (3, 1)): [5, 2, 0, 1]
(2, (1, 1, 1), (3, 2)): [7, 1, 1, 1]
