(0, (0, 0, 0), (0, 0)): [354387, 71692, 33343, 15277, 6871, 2989, 1286, 535, 212, 92, 50, 15, 9, 3, 2]
(0, (0, 0, 0), (0, 1)): [1070, 202, 81, 37, 13, 5, 2, 1, 0, 1, 1]
(0, (0, 0, 0), (0, 2)): [437, 83, 30, 11, 3, 2, 1, 1]
(0, (0, 0, 0), (1, 0)): [978, 207, 83, 40, 18, 15, 3, 1, 0, 2]
(0, (0, 0, 0), (1, 1)): [828, 169, 61, 35, 12, 3, 1, 1, 0, 1, 1]
(0, (0, 0, 0), (1, 2)): [547, 101, 29, 14, 3, 2, 1, 1]
(0, (0, 0, 0), (2, 0)): [374, 79, 41, 22, 11, 11, 1, 0, 0, 1]
(0, (0, 0, 0), (2, 1)): [457, 90, 31, 22, 6, 4]
(0, (0, 0, 0), (2, 2)): [445, 86, 18, 12, 6, 4, 1]
(0, (0, 0, 0), (3, 0)): [174, 40, 29, 14, 8, 10, 1]
(0, (0, 0, 0), (3, 1)): [200, 45, 26, 13, 2, 1, 1]
(0, (0, 0, 0), (3, 2)): [262, 56, 28, 12, 6, 2, 2]
(0, (0, 0, 1), (0, 0)): [1862, 5891, 1681, 791, 374, 149, 81, 44, 11, 6, 3, 1, 3]
(0, (0, 1, 0), (0, 0)): [11654, 12003, 4537, 2103, 1067, 472, 192, 83, 37, 18, 9, 2]
(0, (0, 1, 0), (0, 1)): [27, 36, 5, 2, 0, 1]
(0, (0, 1, 1), (0, 0)): [1038, 1880, 2497, 1139, 581, 281, 117, 54, 26, 12, 4, 1, 0, 1, 1]
(0, (0, 1, 1), (1, 0)): [2, 5, 8, 5, 1, 1, 2]
(0, (1, 0, 0), (0, 0)): [79884, 28653, 17265, 8636, 4047, 1829, 799, 340, 132, 63, 37, 9, 6, 3, 2]
(0, (1, 0, 0), (0, 1)): [213, 47, 41, 17, 10, 4, 3, 1, 1, 1]
(0, (1, 0, 0), (0, 2)): [77, 14, 17, 2, 2, 2, 1, 1, 0, 1]
(0, (1, 0, 0), (1, 0)): [166, 68, 43, 16, 5, 3, 0, 0, 2]
(0, (1, 0, 0), (1, 1)): [138, 35, 30, 13, 7, 2]
(0, (1, 0, 0), (1, 2)): [76, 15, 24, 1, 4, 2]
(0, (1, 0, 0), (2, 0)): [58, 31, 14, 8, 3, 1, 0, 0, 2]
(0, (1, 0, 0), (2, 1)): [66, 25, 10, 10, 2, 0, 0, 0, 2]
(0, (1, 0, 0), (2, 2)): [66, 13, 13, 4, 1, 1, 0, 0, 1]
(0, (1, 0, 0), (3, 0)): [25, 14, 6, 5, 2, 1]
(0, (1, 0, 0), (3, 2)): [24, 10, 5, 3, 0, 1, 0, 0, 1]
(0, (1, 0, 1), (0, 0)): [1922, 5565, 2599, 1697, 951, 434, 229, 94, 43, 21, 9, 5, 2, 0, 1]
(0, (1, 0, 1), (0, 1)): [4, 14, 0, 5, 1, 0, 3, 1]
(0, (1, 0, 1), (0, 2)): [2, 8, 0, 2, 0, 0, 2, 1]
(0, (1, 0, 1), (1, 0)): [9, 18, 7, 2, 4, 3]
(0, (1, 0, 1), (1, 1)): [5, 11, 3, 1, 2, 0, 1]
(0, (1, 0, 1), (2, 1)): [1, 9, 2, 1, 1]
(0, (1, 0, 1), (2, 2)): [2, 6, 3, 0, 1, 0, 0, 1]
(0, (1, 0, 1), (3, 2)): [1, 5, 2]
(0, (1, 1, 0), (0, 0)): [10357, 6938, 5779, 3822, 2058, 974, 436, 205, 72, 41, 28, 4, 2, 1]
(0, (1, 1, 0), (0, 1)): [39, 17, 13, 9, 2, 4]
(0, (1, 1, 0), (1, 0)): [22, 15, 11, 15, 4, 5, 3, 1, 1]
(0, (1, 1, 0), (1, 1)): [20, 15, 8, 8, 1, 5, 0, 0, 1]
(0, (1, 1, 0), (1, 2)): [16, 7, 5, 5, 0, 1]
(0, (1, 1, 0), (2, 1)): [10, 5, 3, 3, 4, 3, 1]
(0, (1, 1, 1), (0, 0)): [1108, 1948, 1702, 1415, 1123, 555, 266, 127, 59, 33, 15, 3, 1, 1, 1]
(0, (1, 1, 1), (0, 1)): [0, 5, 6, 3, 3, 0, 0, 0, 1]
(0, (1, 1, 1), (1, 1)): [1, 4, 4, 3, 4, 1, 0, 0, 1]
(0, (1, 1, 1), (2, 1)): [0, 2, 1, 3, 1, 1, 0, 0, 1]
(1, (0, 0, 0), (0, 0)): [279534, 29879, 12304, 4798, 1921, 791, 302, 118, 43, 14, 5, 4, 1]
(1, (0, 0, 0), (0, 1)): [851, 94, 28, 9, 6]
(1, (0, 0, 0), (0, 2)): [348, 27, 12, 6, 2]
(1, (0, 0, 0), (1, 0)): [774, 85, 37, 10, 2, 3, 0, 1]
(1, (0, 0, 0), (1, 1)): [675, 71, 27, 8, 3, 1]
(1, (0, 0, 0), (1, 2)): [421, 43, 14, 9, 2, 1]
(1, (0, 0, 0), (2, 0)): [266, 35, 20, 4, 1, 1]
(1, (0, 0, 0), (2, 1)): [339, 39, 24, 5, 2]
(1, (0, 0, 0), (2, 2)): [339, 31, 17, 7, 2, 1]
(1, (0, 0, 0), (3, 0)): [110, 10, 6, 1, 1, 1]
(1, (0, 0, 0), (3, 1)): [143, 24, 13, 1, 1]
(1, (0, 0, 0), (3, 2)): [191, 23, 19, 4, 0, 1]
(1, (0, 0, 1), (0, 0)): [9934, 15573, 3051, 1261, 551, 204, 83, 45, 15, 3, 4, 2, 1]
(1, (0, 0, 1), (0, 1)): [22, 41, 4, 1, 1]
(1, (0, 0, 1), (1, 0)): [24, 32, 9, 3, 3]
(1, (0, 0, 1), (1, 1)): [21, 23, 6, 2, 2]
(1, (0, 0, 1), (2, 1)): [8, 14, 1, 1, 2]
(1, (0, 0, 1), (2, 2)): [10, 15, 2]
(1, (0, 1, 0), (0, 0)): [42808, 21227, 7090, 2896, 1164, 507, 188, 69, 22, 10, 2, 3, 2]
(1, (0, 1, 0), (0, 1)): [128, 47, 10, 5, 1, 1, 1]
(1, (0, 1, 0), (0, 2)): [50, 17, 2, 0, 0, 1, 1]
(1, (0, 1, 0), (1, 0)): [138, 64, 19, 11, 8, 2]
(1, (0, 1, 0), (1, 1)): [115, 42, 8, 8, 4, 1]
(1, (0, 1, 0), (1, 2)): [78, 25, 7, 1, 1]
(1, (0, 1, 0), (2, 0)): [57, 20, 10, 5, 4, 1]
(1, (0, 1, 0), (2, 1)): [51, 24, 4, 8, 2, 2]
(1, (0, 1, 0), (2, 2)): [52, 19, 8, 5, 2, 1]
(1, (0, 1, 0), (3, 1)): [30, 11, 2, 4, 3, 1]
(1, (0, 1, 1), (0, 0)): [7232, 6225, 6543, 2473, 1076, 444, 179, 63, 28, 12, 6, 3, 0, 1]
(1, (0, 1, 1), (0, 1)): [29, 7, 20, 3, 1, 0, 0, 1]
(1, (0, 1, 1), (0, 2)): [19, 2, 7, 1]
(1, (0, 1, 1), (1, 0)): [29, 7, 13, 7, 5, 1, 2]
(1, (0, 1, 1), (1, 1)): [15, 3, 14, 4, 1, 0, 1]
(1, (0, 1, 1), (2, 0)): [17, 7, 4, 3, 3, 1, 1]
(1, (0, 1, 1), (3, 0)): [12, 5, 1, 1, 3, 1, 1]
(1, (1, 0, 0), (0, 0)): [114750, 22042, 12890, 5592, 2232, 948, 339, 133, 56, 24, 8, 8, 2, 2]
(1, (1, 0, 0), (0, 1)): [333, 44, 34, 14, 5, 3, 1]
(1, (1, 0, 0), (0, 2)): [138, 22, 15, 4]
(1, (1, 0, 0), (1, 0)): [313, 57, 56, 23, 4, 3, 0, 1]
(1, (1, 0, 0), (1, 1)): [250, 37, 27, 14, 3, 3, 0, 1]
(1, (1, 0, 0), (1, 2)): [168, 22, 16, 6, 2]
(1, (1, 0, 0), (2, 0)): [106, 21, 28, 11, 3, 1]
(1, (1, 0, 0), (2, 1)): [117, 19, 22, 9, 1, 3, 0, 1]
(1, (1, 0, 0), (2, 2)): [112, 18, 17, 6, 2, 1]
(1, (1, 0, 0), (3, 0)): [41, 13, 10, 7, 3]
(1, (1, 0, 0), (3, 1)): [46, 9, 10, 7, 0, 1, 0, 1]
(1, (1, 0, 0), (3, 2)): [61, 10, 11, 8, 0, 1]
(1, (1, 0, 1), (0, 0)): [9163, 11669, 4185, 2577, 1087, 457, 166, 68, 24, 17, 7, 2]
(1, (1, 0, 1), (0, 1)): [24, 20, 9, 6, 3, 1, 1, 1]
(1, (1, 0, 1), (1, 0)): [18, 30, 3, 10, 2, 3]
(1, (1, 0, 1), (1, 1)): [8, 20, 3, 8, 1, 0, 1]
(1, (1, 0, 1), (1, 2)): [12, 7, 5, 7, 1, 0, 0, 1]
(1, (1, 0, 1), (2, 2)): [2, 7, 2, 3, 0, 1]
(1, (1, 1, 0), (0, 0)): [28946, 9217, 6690, 4388, 1903, 831, 305, 119, 47, 21, 5, 5, 1, 3]
(1, (1, 1, 0), (0, 1)): [80, 22, 13, 15, 6, 2]
(1, (1, 1, 0), (0, 2)): [30, 12, 4, 6, 3]
(1, (1, 1, 0), (1, 0)): [68, 16, 20, 21, 7, 1]
(1, (1, 1, 0), (1, 1)): [71, 12, 8, 13, 2]
(1, (1, 1, 0), (1, 2)): [41, 6, 4, 7, 3]
(1, (1, 1, 0), (2, 0)): [20, 5, 9, 7, 6]
(1, (1, 1, 0), (2, 1)): [29, 12, 5, 8, 2]
(1, (1, 1, 0), (2, 2)): [32, 6, 3, 5, 2]
(1, (1, 1, 0), (3, 1)): [8, 7, 5, 2, 1]
(1, (1, 1, 0), (3, 2)): [14, 7, 2, 4, 3]
(1, (1, 1, 1), (0, 0)): [5584, 4614, 3005, 2239, 1495, 675, 275, 115, 41, 16, 6, 3, 1, 1]
(1, (1, 1, 1), (1, 0)): [15, 11, 16, 7, 10, 3, 2, 1]
(1, (1, 1, 1), (1, 1)): [14, 10, 6, 7, 3, 1, 1]
(1, (1, 1, 1), (1, 2)): [7, 6, 1, 5, 1, 1, 1]
(1, (1, 1, 1), (2, 1)): [6, 5, 7, 3, 3, 1, 1]
(1, (1, 1, 1), (2, 2)): [4, 4, 4, 1, 1, 2, 2]
(2, (0, 0, 0), (0, 0)): [240518, 10060, 3303, 1039, 360, 127, 50, 18, 2, 1, 1]
(2, (0, 0, 0), (0, 1)): [757, 37, 7, 3]
(2, (0, 0, 0), (0, 2)): [283, 10, 3, 2]
(2, (0, 0, 0), (1, 0)): [799, 54, 18, 6, 2]
(2, (0, 0, 0), (1, 1)): [675, 35, 12, 2]
(2, (0, 0, 0), (1, 2)): [390, 11, 9, 2]
(2, (0, 0, 0), (2, 0)): [310, 19, 7, 4, 1]
(2, (0, 0, 0), (2, 1)): [418, 24, 5, 3]
(2, (0, 0, 0), (2, 2)): [350, 14, 9, 5]
(2, (0, 0, 0), (3, 0)): [116, 9, 6, 2, 1]
(2, (0, 0, 0), (3, 1)): [190, 12, 3]
(2, (0, 0, 0), (3, 2)): [249, 15, 8, 2]
(2, (0, 0, 1), (0, 0)): [29805, 10326, 1784, 568, 197, 73, 24, 8]
(2, (0, 0, 1), (0, 1)): [69, 25, 5]
(2, (0, 0, 1), (0, 2)): [35, 10, 3]
(2, (0, 0, 1), (1, 0)): [66, 27, 4, 0, 0, 1]
(2, (0, 0, 1), (1, 1)): [47, 16, 2]
(2, (0, 0, 1), (1, 2)): [38, 13, 2]
(2, (0, 0, 1), (2, 0)): [34, 9, 3, 0, 0, 1]
(2, (0, 0, 1), (2, 1)): [29, 10, 2]
(2, (0, 0, 1), (2, 2)): [30, 10, 3]
(2, (0, 0, 1), (3, 2)): [23, 5, 3]
(2, (0, 1, 0), (0, 0)): [69742, 16306, 3897, 1284, 402, 145, 52, 15, 2, 1]
(2, (0, 1, 0), (0, 1)): [170, 33, 5, 1, 4]
(2, (0, 1, 0), (0, 2)): [72, 7, 1, 0, 2]
(2, (0, 1, 0), (1, 0)): [222, 38, 15, 2, 1, 1]
(2, (0, 1, 0), (1, 1)): [161, 33, 5, 0, 2]
(2, (0, 1, 0), (1, 2)): [98, 16, 2, 0, 4]
(2, (0, 1, 0), (2, 0)): [103, 19, 11, 2, 1, 1]
(2, (0, 1, 0), (2, 2)): [97, 12, 3, 0, 3]
(2, (0, 1, 0), (3, 0)): [59, 12, 7, 1, 1]
(2, (0, 1, 0), (3, 1)): [55, 11, 2, 0, 1, 1]
(2, (0, 1, 0), (3, 2)): [72, 11, 4, 0, 1, 1]
(2, (0, 1, 1), (0, 0)): [17805, 1631, 4318, 1117, 386, 135, 41, 12, 8, 1, 1]
(2, (0, 1, 1), (0, 1)): [48, 5, 11, 2, 1]
(2, (0, 1, 1), (0, 2)): [22, 0, 3, 2, 1]
(2, (0, 1, 1), (1, 0)): [61, 3, 19, 6, 2, 1]
(2, (0, 1, 1), (1, 1)): [40, 4, 13, 2]
(2, (0, 1, 1), (2, 1)): [17, 2, 5]
(2, (1, 0, 0), (0, 0)): [140805, 11011, 5720, 1898, 615, 203, 83, 27, 6, 1, 1]
(2, (1, 0, 0), (0, 1)): [354, 11, 13, 4, 1, 1]
(2, (1, 0, 0), (0, 2)): [119, 5, 3, 0, 0, 1]
(2, (1, 0, 0), (1, 0)): [375, 17, 18, 6, 1, 1]
(2, (1, 0, 0), (1, 1)): [286, 8, 12, 5, 1]
(2, (1, 0, 0), (1, 2)): [152, 6, 6, 3]
(2, (1, 0, 0), (2, 0)): [140, 9, 5, 4]
(2, (1, 0, 0), (2, 1)): [135, 5, 5, 0, 1]
(2, (1, 0, 0), (2, 2)): [115, 8, 8, 1]
(2, (1, 0, 0), (3, 0)): [49, 5, 1, 4]
(2, (1, 0, 0), (3, 1)): [57, 2, 2, 1]
(2, (1, 0, 0), (3, 2)): [58, 5, 2, 1]
(2, (1, 0, 1), (0, 0)): [24056, 6624, 2915, 1380, 456, 166, 49, 22, 6, 0, 0, 1]
(2, (1, 0, 1), (0, 1)): [52, 12, 5, 6, 1, 1]
(2, (1, 0, 1), (0, 2)): [21, 4, 2, 4]
(2, (1, 0, 1), (1, 0)): [55, 7, 7, 8, 0, 1]
(2, (1, 0, 1), (1, 1)): [30, 6, 2, 2, 1]
(2, (1, 0, 1), (1, 2)): [18, 5, 1, 3]
(2, (1, 0, 1), (2, 0)): [26, 4, 5, 5]
(2, (1, 0, 1), (2, 1)): [13, 2, 2, 3, 1]
(2, (1, 0, 1), (3, 0)): [15, 1, 2, 1]
(2, (1, 1, 0), (0, 0)): [46004, 7112, 3974, 2335, 716, 265, 75, 18, 9, 5, 2, 0, 0, 1]
(2, (1, 1, 0), (0, 1)): [135, 15, 8, 5, 2]
(2, (1, 1, 0), (0, 2)): [60, 6, 2, 1]
(2, (1, 1, 0), (1, 0)): [117, 11, 11, 11, 2, 2, 0, 1]
(2, (1, 1, 0), (1, 1)): [80, 10, 5, 5, 1]
(2, (1, 1, 0), (1, 2)): [56, 7, 1, 2]
(2, (1, 1, 0), (2, 0)): [58, 5, 5, 5, 1, 1, 0, 1]
(2, (1, 1, 0), (2, 1)): [53, 5, 3, 2, 1]
(2, (1, 1, 0), (2, 2)): [45, 6, 2, 2, 1]
(2, (1, 1, 0), (3, 0)): [28, 2, 4, 2, 1, 1]
(2, (1, 1, 1), (0, 0)): [13714, 2108, 2366, 1294, 836, 275, 94, 32, 16, 3, 2, 0, 0, 1]
(2, (1, 1, 1), (0, 1)): [47, 6, 10, 3, 2, 1]
(2, (1, 1, 1), (1, 0)): [39, 12, 5, 11, 0, 1]
(2, (1, 1, 1), (1, 1)): [24, 4, 8, 4]
(2, (1, 1, 1), (1, 2)): [19, 2, 3, 1, 0, 1]
