(0, (0, 0, 0)): [248980, 48966, 22134, 10018, 4485, 1889, 795, 322, 117, 50, 33, 4, 6, 3, 2]
(0, (0, 0, 1)): [1407, 4225, 1203, 547, 265, 101, 57, 30, 5, 3, 2, 0, 2]
(0, (0, 1, 0)): [8098, 8134, 2964, 1352, 698, 294, 115, 37, 26, 11, 6]
(0, (0, 1, 1)): [692, 1266, 1661, 742, 381, 168, 77, 31, 16, 5, 2, 1, 0, 1, 1]
(0, (1, 0, 0)): [56634, 20128, 11682, 5818, 2649, 1165, 505, 207, 78, 33, 24, 3, 5, 3, 2]
(0, (1, 0, 1)): [1331, 3579, 1719, 1071, 595, 266, 140, 53, 25, 11, 6, 3, 1, 0, 1]
(0, (1, 1, 0)): [7284, 4778, 3997, 2612, 1390, 638, 281, 126, 43, 25, 19, 1, 2, 1]
(0, (1, 1, 1)): [823, 1357, 1160, 1022, 784, 388, 171, 90, 38, 25, 12, 1, 1, 1, 1]
(1, (0, 0, 0)): [195771, 20145, 8041, 3068, 1246, 509, 171, 74, 15, 9, 4, 1]
(1, (0, 0, 1)): [7371, 11221, 2157, 869, 385, 149, 58, 28, 11, 2, 0, 2, 1]
(1, (0, 1, 0)): [31130, 15148, 4992, 1993, 783, 330, 112, 44, 11, 5, 1, 2, 2]
(1, (0, 1, 1)): [5099, 4314, 4602, 1761, 731, 292, 106, 37, 14, 7, 4, 2, 0, 1]
(1, (1, 0, 0)): [79911, 15275, 8439, 3628, 1439, 613, 193, 87, 23, 11, 7, 3, 1, 2]
(1, (1, 0, 1)): [6160, 7677, 2837, 1639, 712, 295, 94, 44, 15, 12, 5, 1]
(1, (1, 1, 0)): [19899, 6292, 4496, 2914, 1229, 509, 173, 73, 29, 10, 4, 2, 0, 3]
(1, (1, 1, 1)): [3818, 3115, 2035, 1539, 993, 435, 169, 80, 23, 6, 2, 0, 0, 1]
(2, (0, 0, 0)): [168482, 6664, 2109, 659, 231, 74, 24, 11, 1, 1, 1]
(2, (0, 0, 1)): [21492, 7622, 1212, 382, 130, 43, 18, 3]
(2, (0, 1, 0)): [50472, 11525, 2711, 858, 259, 87, 32, 12, 1, 1]
(2, (0, 1, 1)): [12944, 1205, 3080, 777, 263, 89, 23, 5, 3, 0, 1]
(2, (1, 0, 0)): [97338, 7535, 3621, 1195, 369, 125, 45, 17, 3, 0, 1]
(2, (1, 0, 1)): [15883, 4537, 1969, 854, 275, 96, 31, 9, 3, 0, 0, 1]
(2, (1, 1, 0)): [30985, 4713, 2618, 1495, 427, 153, 41, 14, 6, 2, 2, 0, 0, 1]
(2, (1, 1, 1)): [9223, 1441, 1554, 880, 523, 159, 55, 17, 7, 2, 2, 0, 0, 1]
